v 0 
v 1 
v 2 
v 3 
v 4 
v 5 
v 6 
v 7 
v 8 
v 9 
v 10 
v 11 
v 12 
v 13 
v 14 
v 15 
v 16 
v 17 
v 18 
v 19 
v 20 
v 21 
v 22 
v 23 
v 24 
v 25 
v 26 
v 27 
v 28 
v 29 
v 30 
v 31 
v 32 
v 33 
v 34 
v 35 
v 36 
v 37 
v 38 
v 39 
v 40 
v 41 
v 42 
v 43 
v 44 
v 45 
v 46 
v 47 
v 48 
v 49 
v 50 
v 51 
v 52 
v 53 
v 54 
v 55 
v 56 
v 57 
v 58 
v 59 
v 60 
v 61 
v 62 
v 63 
v 64 
v 65 
v 66 
v 67 
v 68 
v 69 
v 70 
v 71 
v 72 
v 73 
v 74 
v 75 
v 76 
v 77 
v 78 
v 79 
v 80 
v 81 
v 82 
v 83 
v 84 
v 85 
v 86 
v 87 
v 88 
v 89 
v 90 
v 91 
v 92 
v 93 
v 94 
v 95 
v 96 
v 97 
v 98 
v 99 
e 0 78 0.51000
e 68 0 0.15000
e 0 39 0.33000
e 59 0 0.49000
e 60 0 0.24000
e 29 1 0.44000
e 1 23 0.08000
e 1 42 0.83000
e 2 15 0.58000
e 2 93 0.23000
e 2 89 0.84000
e 75 3 0.23000
e 3 63 0.89000
e 40 3 0.12000
e 52 3 0.45000
e 3 83 0.01000
e 65 3 0.10000
e 4 85 0.35000
e 4 78 0.62000
e 4 81 0.81000
e 4 68 0.81000
e 4 31 0.05000
e 49 4 0.28000
e 5 75 0.69000
e 5 53 0.80000
e 5 38 0.67000
e 28 5 0.18000
e 8 5 0.51000
e 85 5 0.61000
e 23 5 0.48000
e 67 6 0.20000
e 6 60 0.03000
e 69 6 0.95000
e 6 77 0.44000
e 71 6 0.60000
e 6 30 0.92000
e 6 44 0.43000
e 7 10 0.56000
e 7 18 0.91000
e 40 7 0.55000
e 7 53 0.13000
e 42 7 0.68000
e 72 8 0.45000
e 8 50 0.29000
e 35 8 0.65000
e 58 8 0.38000
e 26 8 0.68000
e 27 8 0.66000
e 8 5 0.51000
e 8 25 0.94000
e 86 8 0.00000
e 9 70 0.22000
e 43 9 0.48000
e 68 9 0.04000
e 87 10 0.58000
e 7 10 0.56000
e 10 53 0.11000
e 10 18 0.06000
e 22 10 0.91000
e 16 11 0.53000
e 74 11 0.86000
e 11 61 0.27000
e 11 89 0.37000
e 81 11 0.13000
e 12 12 0.41000
e 12 12 0.41000
e 12 20 0.29000
e 12 78 0.18000
e 24 12 0.35000
e 51 13 0.18000
e 32 14 0.19000
e 14 88 0.27000
e 14 58 0.62000
e 28 14 0.21000
e 32 14 0.92000
e 15 81 0.66000
e 2 15 0.58000
e 15 47 0.74000
e 15 98 0.51000
e 15 21 0.83000
e 15 21 0.48000
e 16 11 0.53000
e 24 16 0.58000
e 16 26 0.04000
e 16 20 0.51000
e 16 78 0.30000
e 67 17 0.36000
e 17 26 0.10000
e 17 40 0.96000
e 34 18 0.52000
e 7 18 0.91000
e 18 76 0.43000
e 10 18 0.06000
e 59 19 0.63000
e 19 69 0.32000
e 84 20 0.97000
e 12 20 0.29000
e 29 20 0.09000
e 20 67 0.24000
e 77 20 0.82000
e 20 51 0.31000
e 20 26 0.19000
e 16 20 0.51000
e 24 20 0.28000
e 21 55 0.29000
e 81 21 0.64000
e 33 21 0.46000
e 56 21 0.44000
e 15 21 0.83000
e 21 56 0.26000
e 21 63 0.69000
e 15 21 0.48000
e 22 33 0.34000
e 75 22 0.36000
e 22 10 0.91000
e 72 22 0.94000
e 23 63 0.98000
e 23 34 0.53000
e 1 23 0.08000
e 23 5 0.48000
e 57 24 0.23000
e 34 24 0.82000
e 68 24 0.78000
e 24 16 0.58000
e 24 12 0.35000
e 52 24 0.96000
e 71 24 0.52000
e 24 53 0.83000
e 24 66 0.87000
e 24 20 0.28000
e 87 25 0.90000
e 25 89 0.48000
e 67 25 0.81000
e 8 25 0.94000
e 17 26 0.10000
e 26 8 0.68000
e 26 52 0.72000
e 48 26 0.56000
e 16 26 0.04000
e 20 26 0.19000
e 67 27 0.70000
e 27 8 0.66000
e 27 41 0.53000
e 62 27 1.00000
e 96 28 0.25000
e 28 5 0.18000
e 28 60 0.67000
e 90 28 0.29000
e 28 14 0.21000
e 29 56 0.61000
e 29 1 0.44000
e 29 20 0.09000
e 95 29 0.48000
e 29 81 0.15000
e 30 33 0.78000
e 30 54 0.85000
e 75 30 0.84000
e 92 30 0.90000
e 6 30 0.92000
e 31 71 0.68000
e 31 85 0.69000
e 85 31 0.78000
e 38 31 0.39000
e 4 31 0.05000
e 85 32 0.24000
e 32 14 0.19000
e 43 32 0.76000
e 32 14 0.92000
e 22 33 0.34000
e 30 33 0.78000
e 33 21 0.46000
e 38 33 0.69000
e 97 33 0.81000
e 33 79 0.32000
e 53 33 0.71000
e 34 24 0.82000
e 34 18 0.52000
e 66 34 0.23000
e 23 34 0.53000
e 34 37 0.49000
e 45 34 0.03000
e 36 34 0.10000
e 35 8 0.65000
e 35 91 0.25000
e 69 35 0.63000
e 35 85 0.06000
e 73 35 0.52000
e 36 97 0.09000
e 36 48 0.59000
e 94 36 0.79000
e 91 36 0.22000
e 36 34 0.10000
e 37 55 0.03000
e 37 40 0.51000
e 34 37 0.49000
e 5 38 0.67000
e 38 33 0.69000
e 43 38 0.58000
e 38 31 0.39000
e 39 38 0.63000
e 39 49 0.49000
e 39 74 0.85000
e 0 39 0.33000
e 39 38 0.63000
e 39 67 0.86000
e 66 40 0.22000
e 37 40 0.51000
e 40 3 0.12000
e 40 95 0.99000
e 78 40 0.04000
e 40 7 0.55000
e 17 40 0.96000
e 66 40 0.69000
e 41 49 0.67000
e 81 41 0.85000
e 27 41 0.53000
e 42 62 0.94000
e 42 7 0.68000
e 42 81 0.01000
e 1 42 0.83000
e 43 32 0.76000
e 43 9 0.48000
e 99 43 0.23000
e 43 38 0.58000
e 98 43 0.11000
e 44 56 0.68000
e 85 44 0.43000
e 6 44 0.43000
e 96 45 0.22000
e 45 48 0.16000
e 83 45 0.70000
e 89 45 0.85000
e 56 45 0.40000
e 45 34 0.03000
e 47 46 0.35000
e 15 47 0.74000
e 84 47 0.94000
e 47 46 0.35000
e 77 47 0.58000
e 45 48 0.16000
e 48 88 0.84000
e 36 48 0.59000
e 48 26 0.56000
e 48 58 0.41000
e 48 85 0.26000
e 48 56 0.89000
e 49 77 0.74000
e 41 49 0.67000
e 39 49 0.49000
e 49 65 0.86000
e 49 97 0.62000
e 60 49 0.95000
e 49 4 0.28000
e 8 50 0.29000
e 76 50 0.04000
e 51 13 0.18000
e 20 51 0.31000
e 52 69 0.92000
e 52 3 0.45000
e 52 24 0.96000
e 26 52 0.72000
e 52 91 0.87000
e 52 97 0.26000
e 5 53 0.80000
e 10 53 0.11000
e 7 53 0.13000
e 24 53 0.83000
e 53 33 0.71000
e 54 88 0.14000
e 30 54 0.85000
e 59 54 0.56000
e 86 54 0.04000
e 21 55 0.29000
e 37 55 0.03000
e 29 56 0.61000
e 65 56 0.70000
e 56 76 0.16000
e 56 21 0.44000
e 56 45 0.40000
e 21 56 0.26000
e 56 89 0.29000
e 44 56 0.68000
e 48 56 0.89000
e 57 24 0.23000
e 57 73 0.07000
e 57 96 0.59000
e 58 8 0.38000
e 58 77 0.76000
e 58 89 0.85000
e 78 58 0.91000
e 48 58 0.41000
e 14 58 0.62000
e 59 19 0.63000
e 59 64 0.82000
e 59 54 0.56000
e 59 0 0.49000
e 59 74 0.67000
e 59 66 0.05000
e 65 60 0.61000
e 6 60 0.03000
e 60 49 0.95000
e 28 60 0.67000
e 60 90 0.66000
e 60 0 0.24000
e 11 61 0.27000
e 75 61 0.08000
e 82 61 0.28000
e 42 62 0.94000
e 62 93 0.29000
e 62 27 1.00000
e 3 63 0.89000
e 23 63 0.98000
e 63 84 0.62000
e 21 63 0.69000
e 59 64 0.82000
e 64 82 0.44000
e 70 64 0.52000
e 97 64 0.32000
e 64 96 0.62000
e 65 60 0.61000
e 65 56 0.70000
e 49 65 0.86000
e 65 3 0.10000
e 65 81 0.83000
e 65 67 0.10000
e 66 40 0.22000
e 66 34 0.23000
e 24 66 0.87000
e 59 66 0.05000
e 66 40 0.69000
e 67 17 0.36000
e 67 6 0.20000
e 20 67 0.24000
e 72 67 0.82000
e 67 27 0.70000
e 67 25 0.81000
e 80 67 0.76000
e 65 67 0.10000
e 39 67 0.86000
e 68 24 0.78000
e 4 68 0.81000
e 96 68 0.32000
e 68 0 0.15000
e 68 9 0.04000
e 79 68 0.14000
e 74 68 0.25000
e 98 69 0.66000
e 52 69 0.92000
e 69 74 0.90000
e 19 69 0.32000
e 69 80 0.28000
e 69 35 0.63000
e 69 6 0.95000
e 70 93 0.87000
e 70 64 0.52000
e 9 70 0.22000
e 70 84 0.11000
e 82 70 0.66000
e 77 71 0.48000
e 31 71 0.68000
e 84 71 0.00000
e 71 24 0.52000
e 80 71 0.48000
e 71 6 0.60000
e 72 8 0.45000
e 72 67 0.82000
e 72 22 0.94000
e 57 73 0.07000
e 73 35 0.52000
e 69 74 0.90000
e 74 11 0.86000
e 39 74 0.85000
e 74 68 0.25000
e 59 74 0.67000
e 75 3 0.23000
e 5 75 0.69000
e 75 22 0.36000
e 75 30 0.84000
e 75 61 0.08000
e 56 76 0.16000
e 18 76 0.43000
e 76 50 0.04000
e 49 77 0.74000
e 77 71 0.48000
e 58 77 0.76000
e 77 20 0.82000
e 6 77 0.44000
e 77 47 0.58000
e 78 85 0.27000
e 4 78 0.62000
e 12 78 0.18000
e 0 78 0.51000
e 78 58 0.91000
e 78 40 0.04000
e 16 78 0.30000
e 81 79 0.38000
e 92 79 0.10000
e 79 68 0.14000
e 33 79 0.32000
e 80 96 0.27000
e 69 80 0.28000
e 80 71 0.48000
e 80 67 0.76000
e 15 81 0.66000
e 81 21 0.64000
e 4 81 0.81000
e 81 79 0.38000
e 42 81 0.01000
e 65 81 0.83000
e 81 41 0.85000
e 29 81 0.15000
e 84 81 0.56000
e 81 11 0.13000
e 86 82 0.08000
e 64 82 0.44000
e 82 70 0.66000
e 82 61 0.28000
e 83 45 0.70000
e 3 83 0.01000
e 84 20 0.97000
e 84 71 0.00000
e 84 47 0.94000
e 70 84 0.11000
e 63 84 0.62000
e 84 81 0.56000
e 85 32 0.24000
e 4 85 0.35000
e 78 85 0.27000
e 35 85 0.06000
e 31 85 0.69000
e 85 31 0.78000
e 48 85 0.26000
e 85 5 0.61000
e 85 44 0.43000
e 86 82 0.08000
e 86 54 0.04000
e 86 95 1.00000
e 86 8 0.00000
e 95 86 0.19000
e 87 10 0.58000
e 87 93 0.46000
e 87 25 0.90000
e 88 94 0.67000
e 54 88 0.14000
e 48 88 0.84000
e 88 91 0.61000
e 95 88 0.42000
e 14 88 0.27000
e 97 89 0.79000
e 94 89 0.13000
e 89 45 0.85000
e 58 89 0.85000
e 25 89 0.48000
e 56 89 0.29000
e 11 89 0.37000
e 2 89 0.84000
e 60 90 0.66000
e 90 28 0.29000
e 88 91 0.61000
e 35 91 0.25000
e 52 91 0.87000
e 91 36 0.22000
e 99 92 0.85000
e 92 94 0.81000
e 92 30 0.90000
e 92 79 0.10000
e 87 93 0.46000
e 70 93 0.87000
e 2 93 0.23000
e 62 93 0.29000
e 88 94 0.67000
e 94 89 0.13000
e 92 94 0.81000
e 94 36 0.79000
e 95 88 0.42000
e 40 95 0.99000
e 95 29 0.48000
e 86 95 1.00000
e 95 86 0.19000
e 96 45 0.22000
e 80 96 0.27000
e 96 28 0.25000
e 96 68 0.32000
e 57 96 0.59000
e 64 96 0.62000
e 97 89 0.79000
e 36 97 0.09000
e 49 97 0.62000
e 97 64 0.32000
e 97 33 0.81000
e 52 97 0.26000
e 98 69 0.66000
e 15 98 0.51000
e 98 43 0.11000
e 99 92 0.85000
e 99 43 0.23000
