v 0 
v 1 
v 2 
v 3 
v 4 
v 5 
v 6 
v 7 
v 8 
v 9 
v 10 
v 11 
v 12 
v 13 
v 14 
v 15 
v 16 
v 17 
v 18 
v 19 
v 20 
v 21 
v 22 
v 23 
v 24 
v 25 
v 26 
e 12 0 0.65000
e 21 0 0.95000
e 0 26 0.04000
e 5 1 0.37000
e 2 1 0.07000
e 1 15 0.32000
e 1 17 0.77000
e 1 17 0.84000
e 2 19 0.33000
e 2 1 0.07000
e 18 2 0.03000
e 13 2 0.97000
e 7 3 0.60000
e 9 3 0.21000
e 4 12 0.15000
e 6 4 0.25000
e 6 4 0.89000
e 22 4 0.20000
e 11 4 0.31000
e 4 12 0.96000
e 25 4 0.99000
e 5 1 0.37000
e 23 5 0.33000
e 5 18 0.64000
e 5 23 0.17000
e 5 10 0.51000
e 6 9 0.35000
e 6 4 0.25000
e 6 4 0.89000
e 6 7 0.35000
e 7 3 0.60000
e 6 7 0.35000
e 7 15 0.43000
e 25 8 0.85000
e 8 14 0.57000
e 6 9 0.35000
e 17 9 0.97000
e 9 22 0.51000
e 20 9 0.03000
e 9 3 0.21000
e 10 25 0.40000
e 20 10 0.58000
e 5 10 0.51000
e 11 24 0.73000
e 11 4 0.31000
e 11 26 0.79000
e 4 12 0.15000
e 17 12 0.95000
e 12 0 0.65000
e 4 12 0.96000
e 12 14 0.34000
e 13 13 0.94000
e 13 13 0.94000
e 19 13 0.15000
e 13 2 0.97000
e 13 15 0.16000
e 13 16 0.37000
e 14 20 0.73000
e 22 14 0.60000
e 12 14 0.34000
e 8 14 0.57000
e 1 15 0.32000
e 21 15 0.75000
e 13 15 0.16000
e 7 15 0.43000
e 13 16 0.37000
e 17 12 0.95000
e 17 9 0.97000
e 17 26 0.21000
e 1 17 0.77000
e 1 17 0.84000
e 26 18 1.00000
e 18 2 0.03000
e 5 18 0.64000
e 19 18 0.82000
e 2 19 0.33000
e 20 19 0.88000
e 19 13 0.15000
e 19 18 0.82000
e 20 19 0.88000
e 20 10 0.58000
e 20 9 0.03000
e 14 20 0.73000
e 21 25 0.62000
e 21 0 0.95000
e 21 15 0.75000
e 9 22 0.51000
e 22 4 0.20000
e 22 14 0.60000
e 23 5 0.33000
e 5 23 0.17000
e 11 24 0.73000
e 10 25 0.40000
e 21 25 0.62000
e 25 8 0.85000
e 25 4 0.99000
e 26 18 1.00000
e 17 26 0.21000
e 11 26 0.79000
e 0 26 0.04000
