v 0 
v 1 
v 2 
v 3 
v 4 
v 5 
v 6 
v 7 
v 8 
v 9 
v 10 
v 11 
v 12 
v 13 
v 14 
v 15 
e 0 7 0.39000
e 1 0 0.33000
e 0 13 0.33000
e 0 11 0.86000
e 5 0 0.89000
e 3 0 0.70000
e 4 0 0.89000
e 0 3 0.27000
e 3 0 0.68000
e 9 0 0.74000
e 11 0 0.40000
e 1 0 0.87000
e 3 0 1.00000
e 0 9 0.55000
e 0 7 0.42000
e 0 8 0.01000
e 1 0 0.33000
e 10 1 0.25000
e 4 1 0.54000
e 6 1 0.45000
e 1 5 0.47000
e 12 1 0.38000
e 1 14 0.14000
e 14 1 0.94000
e 9 1 0.25000
e 5 1 0.43000
e 1 0 0.87000
e 1 6 0.17000
e 1 11 0.55000
e 1 10 0.52000
e 6 1 0.95000
e 1 3 0.90000
e 10 2 0.06000
e 9 2 0.34000
e 15 2 0.23000
e 2 14 0.13000
e 11 2 0.37000
e 11 2 0.66000
e 13 2 0.18000
e 9 2 0.14000
e 10 2 0.30000
e 13 2 0.13000
e 12 3 0.00000
e 3 12 0.67000
e 3 8 0.54000
e 3 10 0.65000
e 3 0 0.70000
e 0 3 0.27000
e 3 0 0.68000
e 11 3 0.16000
e 3 14 0.90000
e 8 3 0.94000
e 3 0 1.00000
e 3 5 0.47000
e 3 10 0.27000
e 1 3 0.90000
e 4 9 0.21000
e 4 1 0.54000
e 4 6 0.76000
e 7 4 0.93000
e 4 0 0.89000
e 4 5 0.56000
e 4 13 0.45000
e 4 9 0.63000
e 4 12 0.99000
e 11 4 0.40000
e 13 5 0.70000
e 5 6 0.13000
e 5 0 0.89000
e 4 5 0.56000
e 5 5 0.16000
e 5 5 0.16000
e 1 5 0.47000
e 5 15 0.45000
e 5 12 0.19000
e 5 1 0.43000
e 3 5 0.47000
e 5 6 0.35000
e 6 9 0.60000
e 12 6 0.69000
e 4 6 0.76000
e 5 6 0.13000
e 6 8 0.57000
e 6 8 0.30000
e 6 1 0.45000
e 13 6 0.22000
e 14 6 0.88000
e 6 9 0.03000
e 6 11 0.30000
e 1 6 0.17000
e 8 6 0.60000
e 6 1 0.95000
e 5 6 0.35000
e 15 6 0.68000
e 13 6 0.92000
e 0 7 0.39000
e 10 7 0.27000
e 7 14 0.05000
e 7 4 0.93000
e 10 7 0.75000
e 7 12 0.36000
e 13 7 0.25000
e 7 11 0.74000
e 14 7 0.21000
e 7 13 0.98000
e 7 12 0.01000
e 0 7 0.42000
e 12 7 0.62000
e 7 8 0.54000
e 7 11 0.00000
e 14 7 0.61000
e 3 8 0.54000
e 6 8 0.57000
e 8 12 0.56000
e 6 8 0.30000
e 15 8 0.72000
e 8 3 0.94000
e 8 12 0.72000
e 8 11 0.09000
e 8 8 0.82000
e 8 8 0.82000
e 8 6 0.60000
e 15 8 0.34000
e 10 8 0.16000
e 7 8 0.54000
e 0 8 0.01000
e 8 8 0.25000
e 8 8 0.25000
e 10 8 0.39000
e 9 2 0.34000
e 6 9 0.60000
e 4 9 0.21000
e 14 9 0.56000
e 14 9 0.32000
e 12 9 0.28000
e 4 9 0.63000
e 12 9 0.08000
e 6 9 0.03000
e 9 0 0.74000
e 9 1 0.25000
e 0 9 0.55000
e 9 2 0.14000
e 10 2 0.06000
e 10 7 0.27000
e 10 1 0.25000
e 3 10 0.65000
e 10 7 0.75000
e 15 10 0.31000
e 10 13 0.53000
e 3 10 0.27000
e 1 10 0.52000
e 10 10 0.40000
e 10 10 0.40000
e 10 8 0.16000
e 10 2 0.30000
e 10 8 0.39000
e 0 11 0.86000
e 11 2 0.37000
e 11 14 0.81000
e 11 14 0.71000
e 13 11 0.43000
e 11 3 0.16000
e 7 11 0.74000
e 11 4 0.40000
e 11 2 0.66000
e 6 11 0.30000
e 11 0 0.40000
e 1 11 0.55000
e 8 11 0.09000
e 11 14 0.39000
e 7 11 0.00000
e 12 3 0.00000
e 3 12 0.67000
e 12 6 0.69000
e 8 12 0.56000
e 12 9 0.28000
e 7 12 0.36000
e 12 9 0.08000
e 4 12 0.99000
e 12 15 0.55000
e 12 1 0.38000
e 5 12 0.19000
e 12 13 0.04000
e 8 12 0.72000
e 7 12 0.01000
e 13 12 0.45000
e 12 7 0.62000
e 13 12 0.96000
e 13 5 0.70000
e 0 13 0.33000
e 4 13 0.45000
e 13 6 0.22000
e 13 11 0.43000
e 13 7 0.25000
e 13 13 0.07000
e 13 13 0.07000
e 12 13 0.04000
e 10 13 0.53000
e 13 2 0.18000
e 7 13 0.98000
e 13 14 0.19000
e 13 12 0.45000
e 13 12 0.96000
e 14 13 0.43000
e 13 2 0.13000
e 13 6 0.92000
e 14 15 0.78000
e 7 14 0.05000
e 14 9 0.56000
e 14 9 0.32000
e 2 14 0.13000
e 11 14 0.81000
e 11 14 0.71000
e 14 6 0.88000
e 3 14 0.90000
e 1 14 0.14000
e 14 1 0.94000
e 14 7 0.21000
e 13 14 0.19000
e 11 14 0.39000
e 14 13 0.43000
e 14 7 0.61000
e 14 15 0.78000
e 15 2 0.23000
e 15 10 0.31000
e 5 15 0.45000
e 12 15 0.55000
e 15 8 0.72000
e 15 8 0.34000
e 15 6 0.68000
