v 0 
v 1 
v 2 
v 3 
v 4 
v 5 
v 6 
v 7 
v 8 
v 9 
v 10 
v 11 
v 12 
v 13 
v 14 
v 15 
v 16 
v 17 
e 11 0 0.77000
e 0 17 0.87000
e 0 8 0.61000
e 3 0 0.74000
e 0 12 0.63000
e 14 0 0.81000
e 0 9 0.10000
e 0 4 0.97000
e 0 5 0.81000
e 3 0 0.83000
e 17 0 0.10000
e 0 9 0.91000
e 2 0 0.89000
e 0 0 0.84000
e 0 0 0.84000
e 1 11 0.26000
e 1 12 0.94000
e 1 17 0.64000
e 15 1 0.75000
e 1 16 0.81000
e 15 1 0.24000
e 1 10 0.38000
e 1 8 0.63000
e 1 10 0.41000
e 1 12 0.53000
e 1 11 0.02000
e 8 1 0.72000
e 7 1 0.29000
e 1 8 0.57000
e 14 2 0.61000
e 14 2 0.98000
e 2 6 0.85000
e 2 13 0.54000
e 2 10 0.31000
e 2 17 0.89000
e 6 2 0.39000
e 2 10 0.16000
e 2 0 0.89000
e 3 10 0.51000
e 3 9 0.40000
e 3 0 0.74000
e 3 9 0.12000
e 12 3 0.39000
e 3 0 0.83000
e 10 3 0.39000
e 3 17 0.01000
e 16 4 0.26000
e 7 4 0.37000
e 4 8 0.99000
e 4 10 0.48000
e 4 5 0.14000
e 7 4 0.54000
e 0 4 0.97000
e 14 4 0.28000
e 4 8 0.00000
e 4 5 0.49000
e 4 7 0.68000
e 4 9 0.23000
e 5 10 0.53000
e 5 13 0.85000
e 8 5 0.89000
e 6 5 0.26000
e 8 5 0.34000
e 4 5 0.14000
e 16 5 0.28000
e 5 16 0.61000
e 5 17 0.66000
e 15 5 0.10000
e 6 5 0.31000
e 0 5 0.81000
e 4 5 0.49000
e 17 5 0.99000
e 5 6 0.05000
e 5 7 0.86000
e 10 6 0.86000
e 15 6 0.75000
e 6 12 0.47000
e 6 13 0.88000
e 6 5 0.26000
e 6 13 0.05000
e 16 6 0.06000
e 2 6 0.85000
e 17 6 0.03000
e 6 2 0.39000
e 14 6 0.43000
e 6 15 0.46000
e 9 6 0.75000
e 6 5 0.31000
e 6 13 0.63000
e 16 6 0.08000
e 7 6 0.39000
e 8 6 0.22000
e 9 6 0.18000
e 5 6 0.05000
e 6 13 0.67000
e 7 6 0.96000
e 7 7 0.80000
e 7 7 0.80000
e 7 4 0.37000
e 15 7 0.66000
e 17 7 0.84000
e 14 7 0.10000
e 7 8 0.49000
e 7 4 0.54000
e 8 7 0.17000
e 13 7 0.92000
e 17 7 0.19000
e 7 6 0.39000
e 7 1 0.29000
e 14 7 0.18000
e 4 7 0.68000
e 7 8 0.99000
e 7 6 0.96000
e 5 7 0.86000
e 0 8 0.61000
e 8 11 0.42000
e 14 8 0.75000
e 12 8 0.03000
e 16 8 0.40000
e 8 5 0.89000
e 4 8 0.99000
e 8 5 0.34000
e 8 11 0.33000
e 7 8 0.49000
e 8 7 0.17000
e 1 8 0.63000
e 4 8 0.00000
e 8 1 0.72000
e 8 6 0.22000
e 1 8 0.57000
e 7 8 0.99000
e 3 9 0.40000
e 9 12 0.77000
e 9 16 0.40000
e 0 9 0.10000
e 3 9 0.12000
e 9 6 0.75000
e 9 12 0.57000
e 0 9 0.91000
e 9 6 0.18000
e 4 9 0.23000
e 9 9 0.99000
e 9 9 0.99000
e 5 10 0.53000
e 10 6 0.86000
e 3 10 0.51000
e 15 10 0.68000
e 10 15 0.59000
e 4 10 0.48000
e 2 10 0.31000
e 1 10 0.38000
e 2 10 0.16000
e 1 10 0.41000
e 17 10 0.96000
e 10 14 0.72000
e 17 10 0.44000
e 10 17 0.11000
e 10 3 0.39000
e 11 16 0.84000
e 11 0 0.77000
e 1 11 0.26000
e 8 11 0.42000
e 11 13 0.52000
e 13 11 0.39000
e 8 11 0.33000
e 14 11 0.72000
e 1 11 0.02000
e 15 11 0.44000
e 16 11 0.67000
e 13 11 0.31000
e 15 11 0.28000
e 12 8 0.03000
e 16 12 0.08000
e 1 12 0.94000
e 6 12 0.47000
e 0 12 0.63000
e 9 12 0.77000
e 12 13 0.31000
e 12 16 0.22000
e 12 3 0.39000
e 1 12 0.53000
e 9 12 0.57000
e 12 14 0.07000
e 15 12 0.01000
e 12 17 0.63000
e 15 13 0.12000
e 5 13 0.85000
e 6 13 0.88000
e 11 13 0.52000
e 13 11 0.39000
e 13 16 0.71000
e 6 13 0.05000
e 12 13 0.31000
e 2 13 0.54000
e 13 7 0.92000
e 6 13 0.63000
e 13 11 0.31000
e 6 13 0.67000
e 14 17 0.43000
e 14 8 0.75000
e 14 2 0.61000
e 14 2 0.98000
e 14 7 0.10000
e 14 11 0.72000
e 14 0 0.81000
e 14 6 0.43000
e 14 4 0.28000
e 10 14 0.72000
e 12 14 0.07000
e 14 7 0.18000
e 15 10 0.68000
e 15 13 0.12000
e 15 6 0.75000
e 15 7 0.66000
e 10 15 0.59000
e 15 1 0.75000
e 15 1 0.24000
e 6 15 0.46000
e 15 5 0.10000
e 15 11 0.44000
e 15 11 0.28000
e 15 12 0.01000
e 11 16 0.84000
e 16 4 0.26000
e 16 8 0.40000
e 16 12 0.08000
e 13 16 0.71000
e 16 6 0.06000
e 16 5 0.28000
e 9 16 0.40000
e 1 16 0.81000
e 12 16 0.22000
e 5 16 0.61000
e 16 6 0.08000
e 16 11 0.67000
e 14 17 0.43000
e 0 17 0.87000
e 17 7 0.84000
e 1 17 0.64000
e 17 6 0.03000
e 2 17 0.89000
e 5 17 0.66000
e 17 7 0.19000
e 17 0 0.10000
e 17 10 0.96000
e 17 10 0.44000
e 10 17 0.11000
e 17 5 0.99000
e 12 17 0.63000
e 3 17 0.01000
