v 0 
v 1 
v 2 
v 3 
v 4 
v 5 
v 6 
v 7 
v 8 
v 9 
v 10 
v 11 
v 12 
v 13 
v 14 
v 15 
v 16 
v 17 
v 18 
v 19 
v 20 
v 21 
v 22 
v 23 
v 24 
v 25 
v 26 
v 27 
v 28 
v 29 
v 30 
v 31 
v 32 
v 33 
v 34 
v 35 
v 36 
v 37 
v 38 
v 39 
v 40 
v 41 
v 42 
v 43 
v 44 
v 45 
v 46 
v 47 
v 48 
v 49 
v 50 
v 51 
v 52 
v 53 
v 54 
v 55 
e 0 23 0.10000
e 0 52 0.85000
e 0 50 0.99000
e 9 1 0.29000
e 41 1 0.44000
e 2 33 0.61000
e 3 2 0.58000
e 2 53 0.49000
e 38 2 0.81000
e 8 2 0.14000
e 30 2 0.57000
e 2 41 0.93000
e 3 2 0.58000
e 49 3 0.77000
e 3 3 0.19000
e 3 3 0.19000
e 3 37 0.44000
e 3 13 0.22000
e 3 16 0.93000
e 43 3 0.03000
e 36 4 0.16000
e 5 4 0.25000
e 43 4 0.54000
e 16 4 0.89000
e 17 4 0.68000
e 30 4 0.14000
e 5 29 0.56000
e 5 4 0.25000
e 5 53 0.92000
e 28 5 0.75000
e 37 5 0.21000
e 16 6 0.67000
e 21 6 0.74000
e 6 14 0.26000
e 54 6 0.18000
e 6 20 0.85000
e 6 19 0.30000
e 7 11 0.15000
e 42 7 0.69000
e 7 33 0.97000
e 8 2 0.14000
e 8 17 0.15000
e 9 48 0.79000
e 9 1 0.29000
e 9 41 0.66000
e 9 37 0.36000
e 9 29 0.38000
e 54 9 0.52000
e 10 36 0.62000
e 24 10 0.82000
e 31 10 0.39000
e 7 11 0.15000
e 11 48 0.55000
e 35 11 0.81000
e 12 36 0.43000
e 27 12 0.29000
e 13 27 0.90000
e 3 13 0.22000
e 13 51 0.25000
e 13 15 0.23000
e 14 17 0.91000
e 42 14 0.37000
e 22 14 0.28000
e 6 14 0.26000
e 17 14 0.59000
e 14 49 0.31000
e 15 21 0.83000
e 20 15 0.99000
e 13 15 0.23000
e 16 26 0.03000
e 16 24 0.64000
e 16 6 0.67000
e 16 4 0.89000
e 3 16 0.93000
e 19 16 0.87000
e 21 16 0.24000
e 17 25 0.62000
e 14 17 0.91000
e 17 4 0.68000
e 17 14 0.59000
e 8 17 0.15000
e 17 35 0.26000
e 24 18 0.05000
e 43 18 0.22000
e 20 19 0.94000
e 22 19 0.13000
e 19 16 0.87000
e 28 19 0.77000
e 6 19 0.30000
e 20 19 0.94000
e 31 20 0.10000
e 20 15 0.99000
e 20 47 0.61000
e 6 20 0.85000
e 21 6 0.74000
e 31 21 0.67000
e 15 21 0.83000
e 21 22 0.17000
e 21 16 0.24000
e 21 36 0.96000
e 22 34 0.90000
e 22 19 0.13000
e 22 14 0.28000
e 21 22 0.17000
e 22 33 0.17000
e 40 23 0.09000
e 23 35 0.06000
e 0 23 0.10000
e 47 23 0.06000
e 49 23 0.11000
e 24 31 0.92000
e 16 24 0.64000
e 24 18 0.05000
e 24 10 0.82000
e 25 43 0.83000
e 17 25 0.62000
e 31 25 0.75000
e 31 25 0.98000
e 16 26 0.03000
e 33 26 0.97000
e 53 26 0.75000
e 26 45 0.22000
e 48 26 0.53000
e 13 27 0.90000
e 27 12 0.29000
e 27 42 0.46000
e 37 27 0.86000
e 27 38 0.54000
e 32 27 0.41000
e 41 28 0.81000
e 28 5 0.75000
e 28 19 0.77000
e 5 29 0.56000
e 9 29 0.38000
e 29 45 0.15000
e 30 50 0.94000
e 51 30 0.73000
e 30 34 0.76000
e 30 2 0.57000
e 30 4 0.14000
e 24 31 0.92000
e 31 25 0.75000
e 31 20 0.10000
e 31 21 0.67000
e 31 25 0.98000
e 52 31 0.30000
e 31 10 0.39000
e 42 32 0.78000
e 54 32 0.93000
e 32 44 1.00000
e 32 27 0.41000
e 2 33 0.61000
e 33 26 0.97000
e 33 53 0.63000
e 7 33 0.97000
e 22 33 0.17000
e 34 53 0.83000
e 22 34 0.90000
e 30 34 0.76000
e 23 35 0.06000
e 17 35 0.26000
e 35 11 0.81000
e 36 4 0.16000
e 10 36 0.62000
e 12 36 0.43000
e 21 36 0.96000
e 54 37 0.50000
e 3 37 0.44000
e 37 5 0.21000
e 9 37 0.36000
e 37 27 0.86000
e 54 38 0.44000
e 38 2 0.81000
e 27 38 0.54000
e 51 39 0.06000
e 41 39 0.15000
e 40 23 0.09000
e 40 52 0.81000
e 41 43 0.03000
e 41 28 0.81000
e 9 41 0.66000
e 41 39 0.15000
e 2 41 0.93000
e 41 1 0.44000
e 41 55 0.56000
e 42 32 0.78000
e 42 14 0.37000
e 42 7 0.69000
e 27 42 0.46000
e 42 52 0.18000
e 25 43 0.83000
e 41 43 0.03000
e 43 4 0.54000
e 43 43 0.68000
e 43 43 0.68000
e 49 43 0.67000
e 51 43 0.93000
e 43 3 0.03000
e 43 45 0.45000
e 43 18 0.22000
e 32 44 1.00000
e 55 45 0.66000
e 29 45 0.15000
e 26 45 0.22000
e 43 45 0.45000
e 46 50 0.10000
e 46 48 0.79000
e 47 23 0.06000
e 20 47 0.61000
e 9 48 0.79000
e 53 48 0.13000
e 11 48 0.55000
e 46 48 0.79000
e 48 26 0.53000
e 49 3 0.77000
e 52 49 0.58000
e 14 49 0.31000
e 49 23 0.11000
e 49 43 0.67000
e 50 49 0.64000
e 30 50 0.94000
e 50 51 0.26000
e 46 50 0.10000
e 0 50 0.99000
e 50 49 0.64000
e 51 39 0.06000
e 50 51 0.26000
e 51 30 0.73000
e 13 51 0.25000
e 51 43 0.93000
e 0 52 0.85000
e 52 49 0.58000
e 40 52 0.81000
e 42 52 0.18000
e 52 31 0.30000
e 34 53 0.83000
e 2 53 0.49000
e 5 53 0.92000
e 53 48 0.13000
e 53 26 0.75000
e 33 53 0.63000
e 54 38 0.44000
e 54 37 0.50000
e 54 32 0.93000
e 54 6 0.18000
e 54 9 0.52000
e 55 45 0.66000
e 41 55 0.56000
