v 0 
v 1 
v 2 
v 3 
v 4 
v 5 
v 6 
v 7 
v 8 
v 9 
v 10 
v 11 
v 12 
v 13 
v 14 
v 15 
v 16 
v 17 
v 18 
v 19 
v 20 
v 21 
v 22 
v 23 
v 24 
v 25 
v 26 
v 27 
v 28 
v 29 
v 30 
v 31 
v 32 
v 33 
v 34 
v 35 
v 36 
v 37 
v 38 
v 39 
v 40 
v 41 
v 42 
v 43 
v 44 
v 45 
v 46 
v 47 
v 48 
v 49 
v 50 
v 51 
v 52 
v 53 
v 54 
v 55 
v 56 
v 57 
v 58 
v 59 
v 60 
v 61 
v 62 
v 63 
v 64 
v 65 
v 66 
v 67 
v 68 
v 69 
v 70 
v 71 
v 72 
v 73 
v 74 
v 75 
v 76 
v 77 
v 78 
v 79 
v 80 
v 81 
v 82 
v 83 
v 84 
v 85 
v 86 
v 87 
v 88 
v 89 
v 90 
v 91 
v 92 
v 93 
v 94 
v 95 
v 96 
v 97 
v 98 
v 99 
v 100 
v 101 
v 102 
v 103 
v 104 
v 105 
v 106 
v 107 
v 108 
v 109 
v 110 
v 111 
v 112 
v 113 
v 114 
v 115 
v 116 
v 117 
v 118 
v 119 
v 120 
v 121 
v 122 
v 123 
v 124 
v 125 
v 126 
v 127 
v 128 
v 129 
v 130 
v 131 
v 132 
v 133 
v 134 
v 135 
v 136 
v 137 
v 138 
v 139 
v 140 
v 141 
v 142 
v 143 
v 144 
v 145 
v 146 
e 0 71 0.85000
e 137 0 0.17000
e 0 47 0.48000
e 78 0 0.39000
e 0 41 0.51000
e 4 0 0.77000
e 0 9 0.39000
e 0 100 0.58000
e 1 53 0.67000
e 34 1 0.52000
e 1 97 0.51000
e 9 1 0.57000
e 1 119 0.98000
e 76 1 0.44000
e 1 119 0.97000
e 1 18 0.18000
e 95 1 0.38000
e 1 41 0.24000
e 2 50 0.20000
e 2 94 0.80000
e 72 2 0.82000
e 2 89 0.37000
e 126 2 0.13000
e 118 2 0.90000
e 142 2 0.11000
e 90 2 0.60000
e 57 2 0.14000
e 2 103 0.29000
e 82 3 0.18000
e 3 67 0.02000
e 3 48 0.72000
e 3 47 0.99000
e 3 17 0.04000
e 32 4 0.65000
e 4 84 0.16000
e 85 4 0.98000
e 13 4 0.98000
e 4 82 0.99000
e 4 109 0.76000
e 19 4 0.17000
e 4 74 0.04000
e 4 0 0.77000
e 4 5 0.15000
e 69 5 0.29000
e 137 5 0.54000
e 125 5 0.81000
e 5 106 0.75000
e 8 5 0.10000
e 5 103 0.39000
e 5 51 0.22000
e 76 5 0.94000
e 88 5 0.56000
e 4 5 0.15000
e 5 61 0.96000
e 124 5 0.99000
e 83 6 0.16000
e 141 6 0.90000
e 96 6 0.29000
e 6 71 0.64000
e 6 112 0.79000
e 116 6 0.70000
e 105 6 0.43000
e 6 55 0.45000
e 6 69 0.76000
e 127 6 0.77000
e 7 51 0.36000
e 130 7 0.10000
e 23 7 0.87000
e 7 129 0.82000
e 7 12 0.63000
e 123 7 0.94000
e 7 128 0.70000
e 30 7 0.99000
e 7 20 0.43000
e 35 7 0.94000
e 7 42 0.35000
e 7 103 0.28000
e 95 8 0.77000
e 118 8 0.04000
e 8 22 0.90000
e 8 22 0.50000
e 83 8 0.13000
e 8 5 0.10000
e 8 39 0.58000
e 118 8 0.96000
e 8 42 0.71000
e 134 9 0.17000
e 40 9 0.79000
e 9 49 0.69000
e 9 80 0.98000
e 9 1 0.57000
e 9 62 0.67000
e 9 98 0.91000
e 99 9 0.23000
e 9 39 0.17000
e 9 18 0.32000
e 0 9 0.39000
e 10 129 0.72000
e 10 134 0.01000
e 10 88 0.64000
e 65 10 0.01000
e 49 10 0.02000
e 10 121 0.05000
e 95 11 0.98000
e 11 25 0.23000
e 116 11 0.74000
e 11 129 0.39000
e 11 56 0.43000
e 25 11 0.56000
e 92 11 0.78000
e 141 11 0.55000
e 11 59 0.40000
e 123 11 0.24000
e 59 11 0.75000
e 113 12 0.25000
e 12 137 0.57000
e 12 13 0.67000
e 12 30 0.99000
e 75 12 0.38000
e 7 12 0.63000
e 61 12 0.18000
e 82 12 0.98000
e 54 12 0.41000
e 98 13 0.79000
e 13 4 0.98000
e 107 13 0.86000
e 12 13 0.67000
e 104 13 0.88000
e 13 62 0.52000
e 82 13 0.75000
e 13 52 0.87000
e 13 46 0.71000
e 41 13 0.57000
e 91 13 0.21000
e 13 127 0.54000
e 127 14 0.70000
e 76 14 0.36000
e 14 70 0.21000
e 14 133 0.83000
e 82 14 0.30000
e 14 59 0.10000
e 14 60 0.32000
e 14 98 0.48000
e 40 15 0.79000
e 47 15 0.68000
e 15 59 0.49000
e 41 15 0.04000
e 104 15 0.75000
e 15 86 0.08000
e 15 95 0.74000
e 124 15 0.04000
e 15 135 0.53000
e 58 16 0.74000
e 16 74 0.97000
e 16 76 0.75000
e 88 16 0.11000
e 16 130 0.55000
e 16 59 0.29000
e 78 16 0.07000
e 102 17 0.75000
e 27 17 0.94000
e 17 118 0.80000
e 17 87 0.04000
e 17 23 0.14000
e 33 17 0.32000
e 36 17 0.66000
e 17 45 0.11000
e 3 17 0.04000
e 25 18 0.44000
e 117 18 0.43000
e 18 19 0.85000
e 52 18 0.87000
e 18 34 0.45000
e 18 128 0.13000
e 18 66 0.19000
e 39 18 0.03000
e 18 121 0.68000
e 37 18 0.81000
e 87 18 0.01000
e 134 18 0.63000
e 18 77 0.91000
e 1 18 0.18000
e 143 18 0.23000
e 9 18 0.32000
e 18 43 0.30000
e 18 89 0.09000
e 35 18 0.83000
e 101 18 0.54000
e 34 19 0.99000
e 18 19 0.85000
e 102 19 0.12000
e 19 4 0.17000
e 20 104 0.81000
e 123 20 0.04000
e 89 20 0.31000
e 7 20 0.43000
e 20 122 0.63000
e 78 20 0.81000
e 49 20 0.86000
e 35 21 0.85000
e 73 21 0.32000
e 21 138 0.78000
e 21 144 0.56000
e 114 21 0.80000
e 21 99 0.50000
e 21 75 0.24000
e 21 59 0.70000
e 49 21 0.90000
e 99 21 0.21000
e 21 21 0.12000
e 21 21 0.12000
e 125 22 0.37000
e 86 22 0.51000
e 22 35 0.65000
e 130 22 0.46000
e 22 59 0.02000
e 23 22 0.29000
e 8 22 0.90000
e 8 22 0.50000
e 22 106 0.28000
e 43 22 0.96000
e 22 94 0.60000
e 48 22 0.40000
e 111 22 0.74000
e 140 23 0.93000
e 23 22 0.29000
e 23 7 0.87000
e 17 23 0.14000
e 74 23 0.12000
e 23 40 0.51000
e 138 23 0.60000
e 58 24 0.74000
e 24 146 0.26000
e 118 24 0.15000
e 24 69 0.13000
e 120 24 0.35000
e 128 24 0.87000
e 146 24 0.20000
e 96 24 0.28000
e 121 24 0.88000
e 61 24 0.36000
e 33 25 0.12000
e 25 18 0.44000
e 25 138 0.57000
e 11 25 0.23000
e 25 38 0.19000
e 25 48 0.38000
e 25 11 0.56000
e 25 25 0.43000
e 25 25 0.43000
e 25 125 0.18000
e 61 25 0.76000
e 26 114 0.29000
e 118 26 0.23000
e 69 26 0.56000
e 42 26 0.18000
e 26 130 0.13000
e 26 61 0.06000
e 129 26 0.02000
e 26 28 0.11000
e 27 123 0.32000
e 27 17 0.94000
e 32 27 0.47000
e 27 41 0.36000
e 108 27 0.92000
e 27 86 0.05000
e 27 74 0.87000
e 27 129 0.99000
e 27 125 0.83000
e 27 47 0.51000
e 77 27 0.32000
e 138 28 0.87000
e 122 28 0.87000
e 28 32 0.33000
e 28 139 0.22000
e 48 28 0.89000
e 99 28 0.97000
e 37 28 0.80000
e 72 28 0.43000
e 28 29 0.58000
e 83 28 0.12000
e 28 119 0.21000
e 85 28 0.08000
e 28 83 0.61000
e 44 28 0.23000
e 28 52 0.28000
e 26 28 0.11000
e 29 46 0.04000
e 134 29 0.96000
e 44 29 0.36000
e 29 56 0.27000
e 29 75 0.85000
e 132 29 0.77000
e 28 29 0.58000
e 55 29 0.71000
e 138 29 0.97000
e 29 144 0.28000
e 29 120 0.78000
e 110 29 0.81000
e 30 89 0.60000
e 30 66 0.81000
e 30 59 0.63000
e 73 30 0.25000
e 30 98 0.08000
e 12 30 0.99000
e 30 63 0.42000
e 30 7 0.99000
e 30 68 0.98000
e 91 30 0.92000
e 113 30 0.63000
e 31 59 0.81000
e 31 102 0.99000
e 31 37 0.14000
e 31 90 0.15000
e 28 32 0.33000
e 32 4 0.65000
e 32 27 0.47000
e 32 120 0.02000
e 32 123 0.70000
e 32 58 0.23000
e 33 25 0.12000
e 33 81 0.87000
e 33 65 0.56000
e 33 94 0.09000
e 33 139 0.97000
e 33 17 0.32000
e 33 119 0.46000
e 34 19 0.99000
e 34 1 0.52000
e 18 34 0.45000
e 48 34 0.53000
e 126 34 0.02000
e 34 74 0.97000
e 34 35 0.80000
e 34 137 0.64000
e 132 35 0.85000
e 35 21 0.85000
e 35 120 0.06000
e 35 62 0.62000
e 22 35 0.65000
e 34 35 0.80000
e 35 35 0.53000
e 35 35 0.53000
e 35 7 0.94000
e 35 18 0.83000
e 111 35 0.28000
e 145 36 0.96000
e 36 75 0.12000
e 113 36 0.62000
e 36 36 0.40000
e 36 36 0.40000
e 123 36 0.98000
e 47 36 0.81000
e 96 36 0.89000
e 43 36 0.14000
e 80 36 0.02000
e 145 36 0.93000
e 40 36 0.02000
e 36 17 0.66000
e 36 61 0.50000
e 39 36 0.43000
e 42 36 0.25000
e 82 37 0.01000
e 62 37 0.53000
e 37 28 0.80000
e 37 18 0.81000
e 131 37 0.71000
e 117 37 0.92000
e 31 37 0.14000
e 74 37 0.74000
e 37 50 0.75000
e 37 84 0.82000
e 114 37 0.22000
e 38 72 0.79000
e 118 38 0.47000
e 141 38 0.84000
e 25 38 0.19000
e 61 38 0.85000
e 104 38 0.09000
e 104 38 0.05000
e 38 98 0.38000
e 39 38 0.31000
e 38 121 0.76000
e 38 46 0.11000
e 38 89 0.22000
e 38 51 0.08000
e 117 39 0.53000
e 39 18 0.03000
e 39 38 0.31000
e 9 39 0.17000
e 8 39 0.58000
e 39 123 0.51000
e 133 39 0.17000
e 146 39 0.78000
e 111 39 0.87000
e 129 39 0.95000
e 39 36 0.43000
e 40 15 0.79000
e 40 9 0.79000
e 122 40 0.66000
e 98 40 0.63000
e 64 40 0.27000
e 72 40 0.21000
e 23 40 0.51000
e 95 40 0.23000
e 40 36 0.02000
e 41 129 0.48000
e 102 41 0.20000
e 41 62 0.51000
e 41 101 0.01000
e 27 41 0.36000
e 41 15 0.04000
e 0 41 0.51000
e 41 13 0.57000
e 75 41 0.29000
e 1 41 0.24000
e 123 42 0.74000
e 42 83 0.42000
e 52 42 0.33000
e 42 102 0.60000
e 42 145 0.92000
e 42 26 0.18000
e 42 140 0.81000
e 42 81 0.02000
e 8 42 0.71000
e 42 94 0.68000
e 7 42 0.35000
e 42 36 0.25000
e 43 36 0.14000
e 43 122 0.79000
e 43 88 0.82000
e 43 22 0.96000
e 18 43 0.30000
e 89 43 0.01000
e 67 43 1.00000
e 44 29 0.36000
e 59 44 0.22000
e 44 135 0.21000
e 44 134 0.62000
e 74 44 0.62000
e 44 55 0.17000
e 44 48 0.57000
e 44 28 0.23000
e 44 100 0.03000
e 51 45 0.44000
e 45 119 0.72000
e 45 135 0.31000
e 45 78 0.08000
e 45 135 0.19000
e 17 45 0.11000
e 29 46 0.04000
e 71 46 0.62000
e 46 51 0.63000
e 46 121 0.03000
e 46 85 0.70000
e 13 46 0.71000
e 46 67 0.88000
e 38 46 0.11000
e 46 87 0.74000
e 124 46 0.07000
e 47 15 0.68000
e 73 47 0.32000
e 0 47 0.48000
e 47 69 0.24000
e 47 36 0.81000
e 75 47 0.92000
e 3 47 0.99000
e 144 47 0.77000
e 47 94 0.63000
e 47 104 0.24000
e 27 47 0.51000
e 48 101 0.24000
e 48 59 0.16000
e 48 112 0.83000
e 48 28 0.89000
e 48 34 0.53000
e 25 48 0.38000
e 78 48 0.77000
e 3 48 0.72000
e 117 48 0.55000
e 98 48 0.61000
e 44 48 0.57000
e 48 22 0.40000
e 48 95 0.44000
e 49 85 0.58000
e 84 49 0.68000
e 49 62 0.60000
e 9 49 0.69000
e 115 49 0.96000
e 49 108 0.01000
e 49 10 0.02000
e 49 21 0.90000
e 49 20 0.86000
e 109 50 0.78000
e 2 50 0.20000
e 50 51 0.82000
e 114 50 0.29000
e 50 57 0.98000
e 55 50 0.80000
e 50 65 0.26000
e 133 50 0.37000
e 37 50 0.75000
e 50 75 0.51000
e 79 50 0.04000
e 50 135 0.62000
e 126 50 0.66000
e 50 135 0.65000
e 50 140 0.55000
e 50 123 0.48000
e 51 45 0.44000
e 50 51 0.82000
e 7 51 0.36000
e 133 51 0.36000
e 51 121 0.44000
e 139 51 0.66000
e 46 51 0.63000
e 5 51 0.22000
e 51 133 0.64000
e 51 120 0.95000
e 51 124 0.21000
e 38 51 0.08000
e 101 51 0.52000
e 52 85 0.10000
e 52 18 0.87000
e 52 42 0.33000
e 52 79 0.94000
e 52 84 0.68000
e 13 52 0.87000
e 129 52 0.45000
e 52 117 0.71000
e 28 52 0.28000
e 53 101 0.27000
e 1 53 0.67000
e 53 120 0.67000
e 53 117 0.20000
e 53 128 0.21000
e 53 102 0.35000
e 78 53 0.59000
e 53 105 0.99000
e 137 54 0.97000
e 54 102 0.57000
e 54 143 0.44000
e 96 54 0.87000
e 89 54 0.41000
e 54 105 0.05000
e 54 12 0.41000
e 54 126 0.58000
e 55 67 0.28000
e 55 137 0.26000
e 55 50 0.80000
e 55 29 0.71000
e 55 103 0.20000
e 65 55 0.45000
e 44 55 0.17000
e 6 55 0.45000
e 55 135 0.53000
e 131 55 0.19000
e 56 75 0.02000
e 98 56 0.12000
e 56 109 0.41000
e 71 56 0.91000
e 75 56 0.44000
e 29 56 0.27000
e 11 56 0.43000
e 112 56 0.05000
e 144 56 0.43000
e 146 56 0.43000
e 56 140 0.47000
e 56 105 0.83000
e 138 56 0.32000
e 56 141 0.37000
e 57 61 0.57000
e 50 57 0.98000
e 57 126 0.64000
e 57 2 0.14000
e 57 139 0.92000
e 141 58 0.96000
e 58 139 0.34000
e 58 24 0.74000
e 107 58 0.65000
e 58 16 0.74000
e 32 58 0.23000
e 59 95 0.75000
e 31 59 0.81000
e 61 59 0.72000
e 15 59 0.49000
e 48 59 0.16000
e 59 44 0.22000
e 59 83 0.46000
e 22 59 0.02000
e 30 59 0.63000
e 95 59 0.36000
e 86 59 0.08000
e 14 59 0.10000
e 21 59 0.70000
e 11 59 0.40000
e 16 59 0.29000
e 59 11 0.75000
e 60 76 0.19000
e 60 91 0.05000
e 14 60 0.32000
e 57 61 0.57000
e 61 59 0.72000
e 61 103 0.69000
e 61 38 0.85000
e 66 61 0.80000
e 125 61 0.89000
e 61 12 0.18000
e 61 93 0.03000
e 36 61 0.50000
e 26 61 0.06000
e 61 25 0.76000
e 61 24 0.36000
e 5 61 0.96000
e 62 84 0.02000
e 35 62 0.62000
e 41 62 0.51000
e 62 142 0.18000
e 62 37 0.53000
e 49 62 0.60000
e 104 62 0.24000
e 9 62 0.67000
e 100 62 0.60000
e 62 138 0.71000
e 13 62 0.52000
e 62 117 0.11000
e 62 120 0.24000
e 62 138 0.99000
e 62 136 0.08000
e 115 62 0.82000
e 129 63 0.78000
e 129 63 0.85000
e 128 63 0.31000
e 63 94 0.62000
e 93 63 0.51000
e 138 63 0.17000
e 102 63 0.05000
e 30 63 0.42000
e 77 63 0.44000
e 70 63 0.56000
e 84 63 0.88000
e 146 63 0.83000
e 113 64 0.81000
e 64 40 0.27000
e 80 64 0.18000
e 64 96 0.97000
e 64 74 0.16000
e 83 65 0.42000
e 65 127 0.70000
e 33 65 0.56000
e 65 122 0.20000
e 50 65 0.26000
e 105 65 0.07000
e 65 106 0.92000
e 65 10 0.01000
e 65 55 0.45000
e 67 66 0.65000
e 30 66 0.81000
e 18 66 0.19000
e 145 66 0.57000
e 66 61 0.80000
e 98 66 0.53000
e 134 66 0.43000
e 66 86 0.67000
e 55 67 0.28000
e 98 67 0.74000
e 114 67 0.39000
e 67 66 0.65000
e 116 67 0.59000
e 102 67 0.90000
e 3 67 0.02000
e 46 67 0.88000
e 67 106 0.15000
e 67 43 1.00000
e 143 68 0.96000
e 141 68 0.67000
e 92 68 0.07000
e 30 68 0.98000
e 68 80 0.34000
e 69 137 0.67000
e 69 5 0.29000
e 69 99 0.11000
e 128 69 0.16000
e 47 69 0.24000
e 24 69 0.13000
e 69 26 0.56000
e 6 69 0.76000
e 70 116 0.65000
e 14 70 0.21000
e 70 96 0.32000
e 130 70 0.93000
e 70 109 0.54000
e 70 63 0.56000
e 70 134 0.05000
e 0 71 0.85000
e 124 71 0.01000
e 71 133 0.49000
e 6 71 0.64000
e 71 102 0.03000
e 71 56 0.91000
e 71 98 0.22000
e 71 46 0.62000
e 71 133 0.94000
e 38 72 0.79000
e 72 28 0.43000
e 72 2 0.82000
e 90 72 0.59000
e 72 40 0.21000
e 118 72 0.12000
e 72 105 0.52000
e 73 21 0.32000
e 73 128 0.30000
e 73 47 0.32000
e 73 84 0.88000
e 73 30 0.25000
e 75 73 0.45000
e 73 108 0.62000
e 142 74 0.23000
e 74 146 0.97000
e 16 74 0.97000
e 74 44 0.62000
e 74 23 0.12000
e 27 74 0.87000
e 74 37 0.74000
e 34 74 0.97000
e 134 74 0.98000
e 64 74 0.16000
e 74 128 0.90000
e 4 74 0.04000
e 129 74 0.59000
e 56 75 0.02000
e 36 75 0.12000
e 75 56 0.44000
e 29 75 0.85000
e 75 47 0.92000
e 75 73 0.45000
e 75 12 0.38000
e 50 75 0.51000
e 75 144 0.48000
e 21 75 0.24000
e 75 81 0.93000
e 75 41 0.29000
e 75 137 0.86000
e 75 135 0.75000
e 80 75 0.75000
e 126 76 0.05000
e 85 76 0.59000
e 76 14 0.36000
e 111 76 0.82000
e 60 76 0.19000
e 16 76 0.75000
e 76 1 0.44000
e 76 5 0.94000
e 77 63 0.44000
e 18 77 0.91000
e 77 27 0.32000
e 78 86 0.08000
e 78 48 0.77000
e 78 0 0.39000
e 106 78 0.41000
e 78 92 0.50000
e 123 78 0.01000
e 92 78 0.59000
e 45 78 0.08000
e 78 16 0.07000
e 78 20 0.81000
e 78 53 0.59000
e 128 79 0.41000
e 79 97 0.35000
e 92 79 0.80000
e 52 79 0.94000
e 146 79 0.02000
e 110 79 0.81000
e 79 50 0.04000
e 9 80 0.98000
e 80 130 0.94000
e 80 64 0.18000
e 80 36 0.02000
e 68 80 0.34000
e 80 75 0.75000
e 126 80 0.33000
e 33 81 0.87000
e 81 122 0.37000
e 81 102 0.55000
e 42 81 0.02000
e 75 81 0.93000
e 82 134 0.73000
e 82 120 0.76000
e 82 37 0.01000
e 82 3 0.18000
e 4 82 0.99000
e 82 14 0.30000
e 82 13 0.75000
e 82 84 0.22000
e 82 89 0.34000
e 94 82 0.63000
e 82 127 0.10000
e 123 82 0.43000
e 82 12 0.98000
e 124 82 0.25000
e 83 6 0.16000
e 83 65 0.42000
e 42 83 0.42000
e 59 83 0.46000
e 83 28 0.12000
e 83 8 0.13000
e 105 83 0.79000
e 87 83 0.30000
e 83 104 0.92000
e 28 83 0.61000
e 83 95 0.58000
e 83 116 0.51000
e 62 84 0.02000
e 84 105 0.04000
e 84 49 0.68000
e 73 84 0.88000
e 4 84 0.16000
e 52 84 0.68000
e 82 84 0.22000
e 84 85 0.67000
e 37 84 0.82000
e 84 63 0.88000
e 93 84 0.29000
e 109 84 0.87000
e 84 122 0.03000
e 49 85 0.58000
e 85 76 0.59000
e 52 85 0.10000
e 85 96 0.84000
e 85 4 0.98000
e 85 114 0.46000
e 85 28 0.08000
e 46 85 0.70000
e 92 85 0.02000
e 84 85 0.67000
e 130 85 0.29000
e 85 131 0.64000
e 86 22 0.51000
e 102 86 0.68000
e 78 86 0.08000
e 109 86 0.78000
e 117 86 0.94000
e 86 128 0.84000
e 27 86 0.05000
e 86 59 0.08000
e 66 86 0.67000
e 15 86 0.08000
e 128 86 0.06000
e 125 87 0.31000
e 17 87 0.04000
e 87 130 0.22000
e 87 18 0.01000
e 87 144 0.59000
e 87 121 0.39000
e 87 127 0.34000
e 87 83 0.30000
e 46 87 0.74000
e 100 88 0.95000
e 10 88 0.64000
e 88 16 0.11000
e 114 88 0.77000
e 43 88 0.82000
e 141 88 0.87000
e 137 88 0.36000
e 88 5 0.56000
e 30 89 0.60000
e 89 123 0.73000
e 89 20 0.31000
e 2 89 0.37000
e 93 89 0.95000
e 89 120 0.72000
e 133 89 0.08000
e 89 117 0.32000
e 82 89 0.34000
e 115 89 0.15000
e 89 119 0.61000
e 38 89 0.22000
e 89 54 0.41000
e 18 89 0.09000
e 89 43 0.01000
e 129 89 0.66000
e 90 132 0.33000
e 90 72 0.59000
e 90 2 0.60000
e 118 90 0.74000
e 106 90 0.98000
e 31 90 0.15000
e 91 94 0.92000
e 91 106 0.21000
e 146 91 0.05000
e 122 91 0.70000
e 91 126 0.12000
e 60 91 0.05000
e 91 13 0.21000
e 91 30 0.92000
e 92 110 0.36000
e 92 79 0.80000
e 109 92 0.94000
e 78 92 0.50000
e 92 78 0.59000
e 92 68 0.07000
e 92 11 0.78000
e 92 85 0.02000
e 115 92 0.17000
e 93 134 0.73000
e 93 63 0.51000
e 93 89 0.95000
e 93 99 0.31000
e 93 124 0.17000
e 93 124 0.21000
e 61 93 0.03000
e 93 84 0.29000
e 91 94 0.92000
e 2 94 0.80000
e 63 94 0.62000
e 33 94 0.09000
e 139 94 0.41000
e 94 82 0.63000
e 47 94 0.63000
e 42 94 0.68000
e 22 94 0.60000
e 59 95 0.75000
e 95 11 0.98000
e 95 8 0.77000
e 95 59 0.36000
e 95 119 0.60000
e 95 40 0.23000
e 95 1 0.38000
e 15 95 0.74000
e 128 95 0.43000
e 83 95 0.58000
e 48 95 0.44000
e 96 6 0.29000
e 85 96 0.84000
e 70 96 0.32000
e 96 36 0.89000
e 96 107 0.57000
e 96 103 0.43000
e 64 96 0.97000
e 96 24 0.28000
e 96 54 0.87000
e 79 97 0.35000
e 97 130 0.09000
e 145 97 0.67000
e 1 97 0.51000
e 97 115 0.42000
e 138 97 1.00000
e 97 97 0.46000
e 97 97 0.46000
e 98 56 0.12000
e 98 13 0.79000
e 98 67 0.74000
e 98 40 0.63000
e 9 98 0.91000
e 30 98 0.08000
e 71 98 0.22000
e 38 98 0.38000
e 98 48 0.61000
e 98 66 0.53000
e 14 98 0.48000
e 69 99 0.11000
e 99 28 0.97000
e 93 99 0.31000
e 99 9 0.23000
e 21 99 0.50000
e 137 99 0.82000
e 99 21 0.21000
e 121 100 0.90000
e 100 88 0.95000
e 100 144 0.21000
e 100 62 0.60000
e 135 100 0.41000
e 44 100 0.03000
e 0 100 0.58000
e 53 101 0.27000
e 48 101 0.24000
e 41 101 0.01000
e 101 144 0.11000
e 101 101 0.98000
e 101 101 0.98000
e 113 101 0.30000
e 101 18 0.54000
e 101 51 0.52000
e 31 102 0.99000
e 102 17 0.75000
e 102 41 0.20000
e 102 86 0.68000
e 102 19 0.12000
e 71 102 0.03000
e 102 67 0.90000
e 102 112 0.96000
e 42 102 0.60000
e 102 117 0.73000
e 102 63 0.05000
e 54 102 0.57000
e 104 102 0.81000
e 102 128 0.68000
e 81 102 0.55000
e 53 102 0.35000
e 141 102 0.01000
e 122 103 0.26000
e 61 103 0.69000
e 96 103 0.43000
e 55 103 0.20000
e 121 103 0.39000
e 5 103 0.39000
e 103 122 0.10000
e 103 142 0.20000
e 2 103 0.29000
e 7 103 0.28000
e 103 118 0.99000
e 20 104 0.81000
e 104 62 0.24000
e 130 104 0.43000
e 104 102 0.81000
e 104 38 0.09000
e 104 13 0.88000
e 104 38 0.05000
e 104 15 0.75000
e 83 104 0.92000
e 104 131 0.55000
e 47 104 0.24000
e 84 105 0.04000
e 105 111 0.39000
e 105 65 0.07000
e 105 113 0.35000
e 105 83 0.79000
e 72 105 0.52000
e 105 6 0.43000
e 56 105 0.83000
e 54 105 0.05000
e 53 105 0.99000
e 91 106 0.21000
e 106 78 0.41000
e 5 106 0.75000
e 22 106 0.28000
e 106 114 0.40000
e 65 106 0.92000
e 106 90 0.98000
e 67 106 0.15000
e 107 58 0.65000
e 107 136 0.28000
e 96 107 0.57000
e 107 13 0.86000
e 140 107 0.45000
e 130 107 0.58000
e 107 115 0.04000
e 126 108 0.45000
e 108 110 0.06000
e 108 109 0.18000
e 108 27 0.92000
e 49 108 0.01000
e 73 108 0.62000
e 109 50 0.78000
e 56 109 0.41000
e 109 86 0.78000
e 109 92 0.94000
e 108 109 0.18000
e 4 109 0.76000
e 70 109 0.54000
e 109 84 0.87000
e 108 110 0.06000
e 92 110 0.36000
e 110 140 0.89000
e 110 140 0.43000
e 110 79 0.81000
e 129 110 0.53000
e 110 29 0.81000
e 145 111 0.18000
e 105 111 0.39000
e 111 76 0.82000
e 132 111 0.01000
e 125 111 0.68000
e 111 118 0.83000
e 111 39 0.87000
e 112 111 0.95000
e 111 22 0.74000
e 111 35 0.28000
e 48 112 0.83000
e 102 112 0.96000
e 112 56 0.05000
e 6 112 0.79000
e 135 112 0.40000
e 112 111 0.95000
e 113 12 0.25000
e 113 36 0.62000
e 145 113 0.35000
e 113 64 0.81000
e 113 101 0.30000
e 117 113 1.00000
e 105 113 0.35000
e 113 126 0.32000
e 113 30 0.63000
e 26 114 0.29000
e 114 50 0.29000
e 114 67 0.39000
e 114 21 0.80000
e 135 114 0.45000
e 85 114 0.46000
e 106 114 0.40000
e 114 88 0.77000
e 114 37 0.22000
e 115 133 0.99000
e 115 134 0.91000
e 115 49 0.96000
e 97 115 0.42000
e 115 89 0.15000
e 107 115 0.04000
e 115 92 0.17000
e 115 62 0.82000
e 70 116 0.65000
e 116 11 0.74000
e 116 67 0.59000
e 116 6 0.70000
e 116 123 0.90000
e 83 116 0.51000
e 126 116 0.50000
e 117 18 0.43000
e 117 39 0.53000
e 53 117 0.20000
e 117 86 0.94000
e 117 48 0.55000
e 102 117 0.73000
e 117 37 0.92000
e 127 117 0.07000
e 140 117 0.22000
e 62 117 0.11000
e 89 117 0.32000
e 138 117 0.81000
e 117 113 1.00000
e 117 144 0.76000
e 52 117 0.71000
e 118 38 0.47000
e 17 118 0.80000
e 118 8 0.04000
e 118 24 0.15000
e 118 26 0.23000
e 118 2 0.90000
e 118 90 0.74000
e 118 72 0.12000
e 118 8 0.96000
e 111 118 0.83000
e 103 118 0.99000
e 119 132 0.07000
e 45 119 0.72000
e 1 119 0.98000
e 28 119 0.21000
e 95 119 0.60000
e 124 119 0.66000
e 1 119 0.97000
e 33 119 0.46000
e 89 119 0.61000
e 82 120 0.76000
e 53 120 0.67000
e 35 120 0.06000
e 120 24 0.35000
e 89 120 0.72000
e 32 120 0.02000
e 62 120 0.24000
e 141 120 0.16000
e 51 120 0.95000
e 29 120 0.78000
e 121 100 0.90000
e 18 121 0.68000
e 121 140 0.12000
e 51 121 0.44000
e 121 103 0.39000
e 87 121 0.39000
e 38 121 0.76000
e 46 121 0.03000
e 10 121 0.05000
e 121 24 0.88000
e 122 103 0.26000
e 122 28 0.87000
e 65 122 0.20000
e 146 122 0.01000
e 124 122 1.00000
e 122 40 0.66000
e 122 145 0.41000
e 122 91 0.70000
e 43 122 0.79000
e 81 122 0.37000
e 138 122 0.75000
e 103 122 0.10000
e 20 122 0.63000
e 84 122 0.03000
e 27 123 0.32000
e 123 42 0.74000
e 123 20 0.04000
e 123 128 0.51000
e 89 123 0.73000
e 123 36 0.98000
e 123 78 0.01000
e 123 7 0.94000
e 32 123 0.70000
e 116 123 0.90000
e 39 123 0.51000
e 123 11 0.24000
e 123 82 0.43000
e 50 123 0.48000
e 124 71 0.01000
e 124 122 1.00000
e 137 124 0.80000
e 124 119 0.66000
e 93 124 0.17000
e 93 124 0.21000
e 124 15 0.04000
e 51 124 0.21000
e 124 5 0.99000
e 124 46 0.07000
e 124 82 0.25000
e 125 22 0.37000
e 125 87 0.31000
e 125 5 0.81000
e 125 61 0.89000
e 125 111 0.68000
e 25 125 0.18000
e 27 125 0.83000
e 126 108 0.45000
e 126 76 0.05000
e 134 126 0.99000
e 126 2 0.13000
e 57 126 0.64000
e 126 34 0.02000
e 91 126 0.12000
e 126 128 0.12000
e 113 126 0.32000
e 126 50 0.66000
e 126 80 0.33000
e 126 133 0.58000
e 54 126 0.58000
e 126 116 0.50000
e 127 14 0.70000
e 65 127 0.70000
e 127 117 0.07000
e 87 127 0.34000
e 82 127 0.10000
e 13 127 0.54000
e 127 6 0.77000
e 128 79 0.41000
e 73 128 0.30000
e 128 63 0.31000
e 128 69 0.16000
e 123 128 0.51000
e 18 128 0.13000
e 53 128 0.21000
e 128 24 0.87000
e 86 128 0.84000
e 126 128 0.12000
e 128 141 0.46000
e 102 128 0.68000
e 132 128 0.31000
e 7 128 0.70000
e 74 128 0.90000
e 128 95 0.43000
e 128 86 0.06000
e 10 129 0.72000
e 129 63 0.78000
e 41 129 0.48000
e 129 63 0.85000
e 11 129 0.39000
e 131 129 0.49000
e 7 129 0.82000
e 27 129 0.99000
e 129 52 0.45000
e 129 110 0.53000
e 129 74 0.59000
e 129 39 0.95000
e 129 26 0.02000
e 129 89 0.66000
e 97 130 0.09000
e 130 7 0.10000
e 130 22 0.46000
e 80 130 0.94000
e 130 104 0.43000
e 87 130 0.22000
e 26 130 0.13000
e 16 130 0.55000
e 130 107 0.58000
e 130 70 0.93000
e 130 85 0.29000
e 131 129 0.49000
e 131 37 0.71000
e 104 131 0.55000
e 85 131 0.64000
e 131 55 0.19000
e 132 35 0.85000
e 90 132 0.33000
e 119 132 0.07000
e 132 142 0.93000
e 132 29 0.77000
e 132 111 0.01000
e 132 128 0.31000
e 71 133 0.49000
e 115 133 0.99000
e 133 51 0.36000
e 14 133 0.83000
e 133 138 0.99000
e 133 50 0.37000
e 133 89 0.08000
e 71 133 0.94000
e 51 133 0.64000
e 133 39 0.17000
e 126 133 0.58000
e 134 9 0.17000
e 134 29 0.96000
e 82 134 0.73000
e 140 134 0.68000
e 93 134 0.73000
e 137 134 0.09000
e 10 134 0.01000
e 44 134 0.62000
e 115 134 0.91000
e 134 126 0.99000
e 135 134 0.81000
e 134 18 0.63000
e 134 74 0.98000
e 134 66 0.43000
e 70 134 0.05000
e 44 135 0.21000
e 135 114 0.45000
e 135 134 0.81000
e 143 135 0.31000
e 135 100 0.41000
e 45 135 0.31000
e 50 135 0.62000
e 135 112 0.40000
e 45 135 0.19000
e 75 135 0.75000
e 50 135 0.65000
e 55 135 0.53000
e 15 135 0.53000
e 107 136 0.28000
e 62 136 0.08000
e 144 136 0.74000
e 69 137 0.67000
e 137 5 0.54000
e 12 137 0.57000
e 137 134 0.09000
e 137 0 0.17000
e 55 137 0.26000
e 137 124 0.80000
e 137 54 0.97000
e 34 137 0.64000
e 137 88 0.36000
e 137 99 0.82000
e 75 137 0.86000
e 138 28 0.87000
e 21 138 0.78000
e 25 138 0.57000
e 138 63 0.17000
e 133 138 0.99000
e 138 97 1.00000
e 62 138 0.71000
e 138 117 0.81000
e 138 122 0.75000
e 138 29 0.97000
e 62 138 0.99000
e 138 23 0.60000
e 138 56 0.32000
e 58 139 0.34000
e 28 139 0.22000
e 33 139 0.97000
e 139 94 0.41000
e 139 51 0.66000
e 57 139 0.92000
e 140 134 0.68000
e 140 23 0.93000
e 140 141 0.02000
e 121 140 0.12000
e 110 140 0.89000
e 140 107 0.45000
e 42 140 0.81000
e 110 140 0.43000
e 140 117 0.22000
e 56 140 0.47000
e 50 140 0.55000
e 140 140 0.53000
e 140 140 0.53000
e 141 58 0.96000
e 141 6 0.90000
e 141 38 0.84000
e 140 141 0.02000
e 141 68 0.67000
e 128 141 0.46000
e 141 11 0.55000
e 141 120 0.16000
e 141 88 0.87000
e 141 102 0.01000
e 56 141 0.37000
e 62 142 0.18000
e 142 74 0.23000
e 132 142 0.93000
e 142 2 0.11000
e 103 142 0.20000
e 143 68 0.96000
e 143 135 0.31000
e 54 143 0.44000
e 143 18 0.23000
e 144 144 0.85000
e 144 144 0.85000
e 100 144 0.21000
e 21 144 0.56000
e 101 144 0.11000
e 87 144 0.59000
e 144 56 0.43000
e 75 144 0.48000
e 144 47 0.77000
e 117 144 0.76000
e 144 136 0.74000
e 29 144 0.28000
e 145 36 0.96000
e 145 111 0.18000
e 145 113 0.35000
e 145 97 0.67000
e 145 66 0.57000
e 122 145 0.41000
e 42 145 0.92000
e 145 36 0.93000
e 146 91 0.05000
e 146 122 0.01000
e 24 146 0.26000
e 74 146 0.97000
e 146 56 0.43000
e 146 79 0.02000
e 146 24 0.20000
e 146 39 0.78000
e 146 63 0.83000
