v 0 
v 1 
v 2 
v 3 
v 4 
v 5 
v 6 
v 7 
v 8 
v 9 
v 10 
v 11 
v 12 
v 13 
v 14 
v 15 
v 16 
v 17 
v 18 
v 19 
v 20 
v 21 
v 22 
v 23 
v 24 
v 25 
v 26 
v 27 
v 28 
v 29 
v 30 
v 31 
v 32 
v 33 
v 34 
v 35 
v 36 
v 37 
v 38 
v 39 
v 40 
v 41 
v 42 
v 43 
v 44 
v 45 
v 46 
v 47 
v 48 
v 49 
v 50 
v 51 
v 52 
v 53 
v 54 
v 55 
v 56 
v 57 
v 58 
v 59 
v 60 
v 61 
v 62 
e 0 30 0.55000
e 0 29 0.99000
e 0 11 0.75000
e 46 0 0.24000
e 1 48 0.95000
e 57 1 0.51000
e 1 1 0.42000
e 1 1 0.42000
e 1 5 0.40000
e 1 55 0.66000
e 31 1 0.40000
e 26 1 0.34000
e 2 58 0.08000
e 10 2 0.18000
e 38 2 0.69000
e 19 2 0.31000
e 59 2 0.88000
e 2 61 0.65000
e 23 3 0.20000
e 3 39 0.48000
e 57 3 0.98000
e 39 3 0.82000
e 48 3 0.19000
e 3 6 0.67000
e 3 29 0.05000
e 3 21 0.84000
e 30 3 0.24000
e 4 62 0.83000
e 7 4 0.35000
e 61 4 0.30000
e 4 61 0.44000
e 59 4 0.55000
e 4 34 0.03000
e 4 11 0.79000
e 48 5 0.02000
e 5 57 0.20000
e 1 5 0.40000
e 5 20 0.56000
e 5 48 0.88000
e 59 5 0.19000
e 53 6 0.79000
e 6 57 0.23000
e 6 58 0.17000
e 6 26 0.58000
e 3 6 0.67000
e 7 59 0.58000
e 7 34 0.95000
e 11 7 0.54000
e 12 7 0.76000
e 7 4 0.35000
e 7 55 0.62000
e 58 7 0.83000
e 37 7 0.23000
e 8 26 0.34000
e 48 8 0.72000
e 50 8 0.25000
e 8 20 0.58000
e 12 8 0.09000
e 55 9 0.61000
e 49 9 0.92000
e 9 61 0.50000
e 9 39 0.27000
e 54 9 0.63000
e 48 9 0.68000
e 59 9 0.23000
e 37 9 0.71000
e 9 28 0.18000
e 10 51 0.08000
e 10 23 0.28000
e 13 10 0.15000
e 10 20 0.30000
e 10 2 0.18000
e 44 10 0.93000
e 62 11 0.96000
e 11 7 0.54000
e 41 11 0.56000
e 11 23 0.32000
e 11 16 0.22000
e 0 11 0.75000
e 4 11 0.79000
e 41 11 0.87000
e 11 29 0.29000
e 37 12 0.43000
e 33 12 0.15000
e 12 12 0.71000
e 12 12 0.71000
e 13 12 0.77000
e 21 12 0.91000
e 28 12 0.53000
e 12 7 0.76000
e 30 12 0.01000
e 62 12 0.27000
e 31 12 0.25000
e 25 12 0.73000
e 12 8 0.09000
e 13 10 0.15000
e 13 47 0.66000
e 13 12 0.77000
e 13 35 0.88000
e 14 25 0.60000
e 14 35 0.29000
e 46 14 0.28000
e 60 14 1.00000
e 39 15 0.69000
e 29 15 0.35000
e 15 29 0.75000
e 15 61 0.79000
e 24 16 0.10000
e 26 16 0.28000
e 58 16 0.95000
e 17 16 0.73000
e 19 16 0.10000
e 11 16 0.22000
e 33 16 0.55000
e 16 50 0.03000
e 47 16 0.05000
e 27 16 0.58000
e 17 35 0.55000
e 17 48 0.79000
e 17 52 0.52000
e 22 17 0.43000
e 17 16 0.73000
e 28 17 0.95000
e 39 17 0.07000
e 17 31 0.61000
e 17 46 0.98000
e 17 52 0.47000
e 17 24 0.47000
e 47 18 0.67000
e 37 18 0.53000
e 61 18 0.56000
e 18 25 0.74000
e 19 31 0.41000
e 50 19 0.64000
e 25 19 0.14000
e 62 19 0.87000
e 19 16 0.10000
e 19 2 0.31000
e 19 44 0.44000
e 19 31 0.65000
e 8 20 0.58000
e 10 20 0.30000
e 20 39 0.70000
e 5 20 0.56000
e 38 21 0.36000
e 21 12 0.91000
e 23 21 0.74000
e 21 49 0.31000
e 3 21 0.84000
e 22 54 0.96000
e 22 17 0.43000
e 22 33 0.79000
e 23 3 0.20000
e 10 23 0.28000
e 23 38 0.79000
e 23 21 0.74000
e 11 23 0.32000
e 47 23 0.22000
e 35 23 0.06000
e 23 27 0.80000
e 54 23 0.96000
e 23 36 0.15000
e 38 24 0.04000
e 42 24 0.11000
e 24 16 0.10000
e 26 24 0.64000
e 17 24 0.47000
e 25 26 0.48000
e 25 19 0.14000
e 14 25 0.60000
e 25 12 0.73000
e 18 25 0.74000
e 25 31 0.03000
e 60 25 0.86000
e 57 26 0.83000
e 25 26 0.48000
e 8 26 0.34000
e 6 26 0.58000
e 26 16 0.28000
e 26 51 0.16000
e 26 54 0.31000
e 38 26 0.60000
e 26 24 0.64000
e 26 1 0.34000
e 62 26 0.42000
e 46 27 0.46000
e 33 27 0.81000
e 34 27 0.99000
e 27 59 0.07000
e 27 45 0.57000
e 27 32 0.37000
e 27 52 0.19000
e 23 27 0.80000
e 27 16 0.58000
e 27 56 0.68000
e 28 54 0.77000
e 28 12 0.53000
e 28 42 0.27000
e 28 17 0.95000
e 38 28 0.98000
e 9 28 0.18000
e 29 44 0.77000
e 29 15 0.35000
e 29 56 0.55000
e 15 29 0.75000
e 29 33 0.60000
e 40 29 0.59000
e 55 29 0.78000
e 0 29 0.99000
e 3 29 0.05000
e 11 29 0.29000
e 43 30 0.08000
e 30 12 0.01000
e 0 30 0.55000
e 30 54 0.55000
e 30 3 0.24000
e 19 31 0.41000
e 37 31 0.78000
e 31 12 0.25000
e 31 59 0.23000
e 31 1 0.40000
e 31 56 0.54000
e 17 31 0.61000
e 31 34 0.32000
e 19 31 0.65000
e 25 31 0.03000
e 32 32 0.33000
e 32 32 0.33000
e 32 61 0.38000
e 27 32 0.37000
e 34 32 0.00000
e 32 56 0.14000
e 33 51 0.31000
e 33 12 0.15000
e 29 33 0.60000
e 33 27 0.81000
e 33 16 0.55000
e 33 38 0.70000
e 33 40 0.42000
e 22 33 0.79000
e 7 34 0.95000
e 34 27 0.99000
e 4 34 0.03000
e 34 32 0.00000
e 46 34 0.44000
e 31 34 0.32000
e 17 35 0.55000
e 35 44 0.67000
e 35 36 0.05000
e 13 35 0.88000
e 56 35 0.53000
e 35 23 0.06000
e 14 35 0.29000
e 35 61 0.09000
e 60 36 0.51000
e 36 55 0.01000
e 35 36 0.05000
e 36 57 0.06000
e 23 36 0.15000
e 37 12 0.43000
e 37 18 0.53000
e 47 37 0.74000
e 37 31 0.78000
e 37 9 0.71000
e 37 7 0.23000
e 38 24 0.04000
e 23 38 0.79000
e 38 42 0.11000
e 38 21 0.36000
e 38 26 0.60000
e 38 56 0.56000
e 38 28 0.98000
e 38 2 0.69000
e 38 48 0.81000
e 33 38 0.70000
e 41 38 0.86000
e 39 15 0.69000
e 3 39 0.48000
e 39 3 0.82000
e 39 59 0.12000
e 20 39 0.70000
e 9 39 0.27000
e 39 42 0.95000
e 39 17 0.07000
e 53 39 0.57000
e 40 29 0.59000
e 33 40 0.42000
e 41 53 0.50000
e 41 11 0.56000
e 41 38 0.86000
e 41 11 0.87000
e 53 42 0.82000
e 57 42 0.37000
e 38 42 0.11000
e 42 24 0.11000
e 42 58 0.22000
e 28 42 0.27000
e 39 42 0.95000
e 43 46 0.61000
e 43 30 0.08000
e 61 43 0.87000
e 51 44 0.44000
e 29 44 0.77000
e 44 56 0.00000
e 35 44 0.67000
e 19 44 0.44000
e 44 10 0.93000
e 56 45 0.15000
e 27 45 0.57000
e 43 46 0.61000
e 46 27 0.46000
e 46 53 0.75000
e 17 46 0.98000
e 46 34 0.44000
e 46 14 0.28000
e 46 0 0.24000
e 56 46 0.46000
e 47 18 0.67000
e 13 47 0.66000
e 47 37 0.74000
e 47 23 0.22000
e 47 16 0.05000
e 17 48 0.79000
e 48 5 0.02000
e 1 48 0.95000
e 48 8 0.72000
e 48 3 0.19000
e 38 48 0.81000
e 48 9 0.68000
e 5 48 0.88000
e 49 9 0.92000
e 21 49 0.31000
e 49 58 0.49000
e 55 49 0.48000
e 49 49 0.56000
e 49 49 0.56000
e 50 19 0.64000
e 50 8 0.25000
e 50 60 0.97000
e 54 50 0.24000
e 16 50 0.03000
e 51 44 0.44000
e 10 51 0.08000
e 33 51 0.31000
e 26 51 0.16000
e 57 51 0.12000
e 52 53 0.77000
e 17 52 0.52000
e 27 52 0.19000
e 61 52 0.97000
e 17 52 0.47000
e 53 42 0.82000
e 53 6 0.79000
e 41 53 0.50000
e 52 53 0.77000
e 53 62 0.72000
e 60 53 0.43000
e 46 53 0.75000
e 53 39 0.57000
e 60 54 0.95000
e 28 54 0.77000
e 26 54 0.31000
e 22 54 0.96000
e 54 50 0.24000
e 54 56 0.02000
e 30 54 0.55000
e 54 9 0.63000
e 54 23 0.96000
e 55 9 0.61000
e 36 55 0.01000
e 55 29 0.78000
e 1 55 0.66000
e 55 49 0.48000
e 7 55 0.62000
e 56 59 0.97000
e 56 45 0.15000
e 29 56 0.55000
e 59 56 0.37000
e 44 56 0.00000
e 54 56 0.02000
e 38 56 0.56000
e 31 56 0.54000
e 56 35 0.53000
e 32 56 0.14000
e 27 56 0.68000
e 56 46 0.46000
e 57 26 0.83000
e 57 42 0.37000
e 5 57 0.20000
e 6 57 0.23000
e 57 3 0.98000
e 57 1 0.51000
e 57 59 0.10000
e 60 57 0.58000
e 36 57 0.06000
e 57 51 0.12000
e 6 58 0.17000
e 42 58 0.22000
e 2 58 0.08000
e 58 16 0.95000
e 49 58 0.49000
e 58 7 0.83000
e 56 59 0.97000
e 7 59 0.58000
e 59 56 0.37000
e 57 59 0.10000
e 39 59 0.12000
e 31 59 0.23000
e 27 59 0.07000
e 59 4 0.55000
e 59 2 0.88000
e 59 9 0.23000
e 59 5 0.19000
e 60 54 0.95000
e 50 60 0.97000
e 60 57 0.58000
e 60 36 0.51000
e 60 53 0.43000
e 60 14 1.00000
e 60 25 0.86000
e 32 61 0.38000
e 61 18 0.56000
e 61 43 0.87000
e 15 61 0.79000
e 9 61 0.50000
e 61 4 0.30000
e 62 61 0.06000
e 4 61 0.44000
e 61 52 0.97000
e 35 61 0.09000
e 2 61 0.65000
e 62 11 0.96000
e 4 62 0.83000
e 53 62 0.72000
e 62 12 0.27000
e 62 19 0.87000
e 62 61 0.06000
e 62 26 0.42000
