5
8.4425 9.9622
6.4155 6.2608
9.5435 12.1622
9.5811 4.0898
3.5222 6.1098
-2.7337 4.2980
0.8509 9.5438
-1.6083 5.9209
0.0822 7.2674
-3.0528 1.0137
3.6031 8.7238
6.8085 10.4239
7.0981 -1.7622
10.1182 9.6137
-4.2262 9.8209
8.5199 10.5740
10.6667 8.6960
10.1219 9.0449
9.3588 7.8809
-3.2272 -3.6696
7.2282 6.9901
9.3237 9.1212
10.7613 9.3627
9.5268 3.4818
2.5377 -3.8285
9.6596 -3.7669
7.4232 8.2693
-2.8166 -2.2330
11.3007 8.0313
9.4883 9.7678
3.4350 4.6534
7.3862 -2.0425
7.2564 10.4301
7.8023 3.0103
-3.0320 -1.9048
11.4695 8.2865
8.0992 8.8438
0.1204 9.9924
5.8932 7.5617
10.0534 7.0085
-0.5099 0.7709
6.3160 8.7574
2.5928 -1.9726
3.2054 4.6276
7.8817 3.1362
5.9506 1.7262
8.4838 7.5023
9.5215 4.1744
6.1463 9.7081
3.0265 6.8200
-2.3608 8.9748
9.2407 9.5063
8.9483 6.9950
2.3400 2.2306
3.0226 9.1857
7.5611 -1.5945
6.5061 9.3508
1.9246 2.6459
8.1242 10.9369
13.5952 8.6018
8.5503 -1.3380
4.9660 10.7596
1.8852 11.4084
7.2906 2.1286
4.8935 8.8628
9.9122 9.8656
11.5741 -2.0491
-2.7241 6.2785
10.6294 8.2729
8.5374 2.7289
3.1505 -5.3314
-4.6951 8.8066
8.4047 -1.2621
5.0938 -3.2730
0.8397 8.6129
7.1674 3.3807
3.8820 7.8479
8.9627 9.0280
10.8078 7.4513
4.4912 -0.0565
3.6135 9.5534
1.5239 1.2872
9.5551 7.5390
9.4802 3.9187
10.9881 -3.2044
3.2811 9.1074
7.8852 -2.9532
8.1478 7.6426
-2.7839 -5.3414
-2.2294 5.4986
-3.7236 7.2261
10.0781 -1.5764
9.7294 7.9588
7.3817 8.2988
3.5851 -0.4211
-1.9968 -2.5977
1.9320 2.2410
9.3971 9.3554
9.2431 -3.6102
8.2896 2.7828
11.4215 8.4642
3.8657 6.0271
8.7263 6.7517
7.5349 4.4169
6.8329 7.1375
7.3551 8.9574
10.0200 4.6288
3.4494 -3.0876
-4.2879 7.4391
8.4693 6.9277
9.7383 5.1311
-0.7356 9.1335
8.5424 -4.3346
7.8238 7.8873
9.3762 5.7394
6.9807 -3.9731
6.8397 13.2319
5.7944 7.8567
3.9522 3.9620
7.7551 -5.5880
-4.5993 -4.7589
5.2117 7.3927
1.4461 3.1495
-1.8211 9.2059
8.7922 7.3174
9.1270 9.6171
6.2443 -0.6367
11.4472 8.9519
9.9874 0.8788
-5.3721 11.3823
3.9852 8.7984
9.6872 -3.9175
8.6675 8.1931
7.6523 -5.1471
9.3955 9.5885
7.8797 6.7767
8.8813 6.9944
6.9121 2.6887
5.7370 10.4639
3.4639 -1.1013
6.2103 7.7712
-4.3886 3.8213
9.1909 7.4081
8.0006 7.7092
5.8321 9.3425
6.0798 6.1725
3.2877 -4.8518
10.7160 9.5477
-3.7321 10.2120
11.5444 -3.7231
1.0161 10.6383
10.9384 9.2637
7.7226 9.5431
8.3373 -3.7449
-4.4434 2.7325
10.6097 5.0670
5.9347 7.9681
10.4059 5.8903
0.4009 1.1346
7.9079 6.9195
10.5175 2.0846
8.7115 9.7079
8.0834 9.1396
7.7945 4.2881
2.8520 -1.3747
5.5728 7.7734
7.1871 11.6709
10.7126 -1.6832
-3.5814 2.8944
9.2440 3.8738
7.4161 7.2682
5.9750 9.7149
9.9053 12.3736
-1.2606 4.4271
7.2894 -4.2433
9.3350 8.4789
-1.3505 10.0839
9.0291 9.7382
9.8114 -5.2005
4.7292 8.6939
9.3547 3.2796
8.1146 10.4185
6.5853 2.4564
10.3999 8.3455
7.5898 5.7827
3.7232 2.7103
8.5180 9.2463
-3.4141 3.3461
10.4587 9.5682
-3.1892 9.6134
6.9888 5.7878
3.0039 8.7033
-1.1775 -4.6244
6.0554 11.5548
6.2038 2.3413
-3.9093 11.4598
6.8512 7.9747
0.7171 3.0251
9.3544 4.0714
11.7106 5.8698
8.9056 10.0042
8.3168 8.8449
8.0210 -4.6959
6.2577 10.8314
10.2517 -4.4276
-3.7671 8.7671
-3.6124 9.4003
1.5756 7.7224
-6.1965 8.4254
-3.2635 10.3383
-2.9945 2.4490
3.9989 9.7695
0.3497 4.1625
7.8848 3.1746
11.1855 10.5222
3.2398 4.0800
8.8609 4.4737
9.3220 8.5121
8.2639 8.8984
12.5470 9.3158
-3.7177 9.9920
9.1793 5.8722
-1.7872 3.4078
9.4317 8.8601
12.2351 -4.9016
6.0024 6.1791
0.7316 4.0864
-3.1176 -4.0240
-1.3079 10.0576
5.3390 10.9908
8.3025 2.9323
7.6236 8.8656
3.4281 8.4385
7.7934 3.7594
6.6523 7.9290
10.9885 9.5773
-3.2684 7.6835
10.7254 11.4131
4.7148 -5.2678
7.9698 3.9921
7.9252 1.6028
-1.0206 8.7034
-1.6708 7.8922
9.7534 5.1598
2.5945 3.9624
1.6117 9.6823
8.2351 10.7823
4.2749 2.7377
-3.4269 7.1481
5.9049 2.8153
5.7020 11.2602
9.6300 11.2114
10.5827 -3.9935
-0.4913 5.6889
9.0665 3.8756
-1.0840 -2.7046
6.5621 7.3856
-4.6066 9.2159
-2.2697 11.8915
-3.1527 8.9839
-3.9430 4.1821
11.3418 -2.9973
8.8717 4.7741
7.9871 -5.6985
-4.5929 2.7662
-4.6860 -1.4203
8.7648 3.7344
6.0144 8.9749
-1.9031 12.9407
1.8184 10.4399
8.2790 7.4415
3.0592 -2.6003
8.5963 6.8156
1.3560 8.2206
3.2552 3.9394
8.1413 -4.2771
-3.4786 7.8973
7.9214 -3.2325
1.2447 8.6450
10.0897 9.9878
-3.1825 3.2629
10.6048 2.9724
9.5986 4.4713
6.8550 5.3056
6.7667 7.4431
6.1607 8.1988
-1.9007 7.9087
10.4172 8.3063
12.5050 8.0078
10.2072 9.9363
11.3038 9.9125
-0.4145 7.3266
11.3960 -1.7102
7.4517 2.8164
9.7604 3.8386
1.6902 13.0944
11.4679 7.7007
8.2118 7.3700
2.5328 4.5802
9.9087 6.9113
7.9659 8.2841
11.4283 3.0032
8.1804 7.4466
-3.1227 8.3063
9.7000 8.9222
-3.5631 5.3470
6.7095 2.4709
10.8121 -2.7909
5.5952 8.4715
5.6355 10.0671
8.9144 4.5001
3.2856 -2.9240
4.5816 5.8340
11.1555 8.2219
2.2137 7.1415
8.8422 5.7299
-3.5059 2.5068
3.9201 5.5829
4.8578 10.0343
5.5786 5.3632
9.3276 8.6451
4.8290 -6.0627
9.2562 11.9392
7.5424 10.3762
8.7192 9.2091
4.9609 10.6020
8.8767 8.4556
9.1595 5.9841
-4.6299 8.6360
5.8315 3.9565
9.0151 -2.8401
9.8270 7.5394
3.0019 -1.9226
10.1379 6.3122
-3.0101 5.2874
9.5605 7.1607
1.3793 -6.0656
12.0132 5.8039
9.9195 9.4264
7.2659 8.0596
10.3348 -3.3684
9.8750 9.3864
5.8681 -2.9220
4.0052 5.3684
4.2587 12.9519
5.0153 5.8761
2.6543 6.7665
1.8213 8.7961
8.7262 12.0827
3.7654 -1.7977
10.0411 7.4005
6.7612 8.4768
8.1977 11.1454
4.7940 10.6610
9.8160 8.6700
-4.1327 -2.8505
10.3371 -2.7231
-5.7210 9.1682
8.3817 7.6419
5.0825 2.5589
-3.7510 -2.6163
6.6667 10.1691
7.2919 7.2947
-5.1117 3.2076
11.4450 -1.7439
9.9227 8.1729
-3.1812 10.1719
-2.6860 9.4040
8.2275 10.4295
7.7088 8.7320
0.5097 6.6141
6.6064 10.5214
-2.6307 -1.7495
1.1855 -3.1982
-5.8349 7.6439
4.9835 9.6329
3.6905 8.6123
-4.1366 5.5942
8.6332 8.6244
5.4489 -4.6351
8.8514 5.1193
-0.0688 2.0105
6.2376 -1.4449
6.6829 5.8548
10.8270 6.0947
5.8722 6.1740
-1.7124 2.8117
8.6432 9.6304
-3.1483 -7.3624
9.8712 9.9895
5.9916 2.7626
12.1141 6.1578
4.4418 3.3027
2.9852 8.0781
-3.9985 2.9533
11.0848 6.6289
6.8139 12.5515
9.7609 6.3828
4.7448 7.0268
2.6430 -2.9542
5.2085 2.5679
5.1131 3.7859
9.4355 9.0774
1.9977 -4.0421
3.3734 -0.6103
8.5759 2.9067
-4.1826 3.5660
10.3069 -4.1460
9.8514 2.8610
-2.6820 3.3394
7.6493 9.6605
0.8713 3.5016
-6.0201 2.2295
11.8982 9.2310
7.4315 8.5559
10.8048 10.7664
6.6773 -4.9137
-1.5953 8.0350
10.3059 -0.4866
0.6491 9.3080
9.0196 11.5367
10.6255 0.0529
9.2490 -4.6024
4.2743 7.8147
-2.0532 3.8685
1.5193 7.7327
4.6150 8.4507
-2.0535 7.9671
-5.7234 -4.5939
9.8619 -1.8872
3.4821 7.9117
5.7569 7.9953
0.5673 -2.8810
9.8382 3.6299
6.3772 8.2036
2.3875 3.4284
-1.3464 1.3675
8.6621 9.6709
-3.2212 10.0120
2.9758 7.9405
-1.6285 -3.7993
0.9205 7.4054
8.1305 8.0957
6.9562 9.0265
10.5635 6.7511
7.9765 4.5294
5.5522 10.0004
12.3149 0.8505
2.7374 6.8213
9.3335 9.0138
9.3521 5.2081
10.1705 2.7563
-1.9737 10.3579
8.3906 9.3508
9.0279 1.9336
9.3461 4.1166
6.9731 -0.8614
8.6152 -0.4022
9.1018 8.2648
1.9762 7.9246
-4.7308 7.4356
-3.1228 -3.1230
2.6857 8.5991
6.7899 3.9751
5.3841 -2.6288
-0.4374 -2.7653
1.7702 -3.2975
6.4025 5.5107
10.3725 9.0338
3.8094 10.0882
8.9975 10.8470
-2.8757 8.5914
2.5581 6.6982
8.7664 12.9067
-0.0766 2.7336
8.9572 8.9102
-4.5482 4.5128
-2.4001 6.3697
-4.5158 -0.5339
-4.6590 1.3871
-4.7128 7.4065
8.5188 8.6983
8.2632 3.7384
9.9418 7.4273
-1.3440 7.5833
7.5431 8.2633
5.1327 4.5173
8.1156 6.8340
10.3128 7.3452
12.2133 -3.8700
8.0260 1.9397
8.1477 -0.9946
9.2904 8.3997
-3.5267 7.9424
9.8759 2.8624
5.6708 8.2427
9.1561 7.6382
9.7717 8.8894
-4.7114 8.9112
-5.8538 7.7923
4.2032 -1.2588
9.2013 -1.8348
10.6263 -4.8998
7.0727 6.9366
7.5899 9.7686
9.3717 9.6145
-3.5821 7.1072
10.3717 2.7800
7.3337 7.7116
3.5215 3.6639
9.0561 8.5269
2.2613 5.7041
7.7603 6.5096
8.4528 9.3289
-2.9870 6.6226
7.3595 -1.7941
-3.0489 -1.7383
9.1139 11.2354
1.9737 7.9115
1.7889 5.1235
9.2086 7.6352
1.9412 8.3263
-1.0024 -1.9013
7.0647 7.9190
3.0386 8.3496
7.3574 8.1539
9.7396 -3.2635
8.8662 2.1303
10.0164 5.5818
12.7602 7.2706
9.4861 7.5643
-2.7749 -3.9662
3.8270 -4.5881
10.8373 8.9733
1.9932 1.4382
3.0322 8.1873
8.5522 8.0680
12.8343 4.7762
5.0246 -2.4247
-2.4106 -1.7935
8.9211 9.4357
10.5368 11.0664
1.7188 5.0453
6.7976 9.4100
7.9131 -4.0724
10.6484 6.0255
9.3542 -3.0342
4.2624 0.3228
-3.8789 9.3451
-4.9597 -4.0073
1.4797 1.5842
-1.5125 7.9307
11.6884 7.9656
7.8002 9.3101
1.9527 9.1891
8.4297 7.9381
10.5208 10.6265
4.7289 5.3127
-1.8636 10.9542
8.6574 9.6729
6.7130 7.5731
10.3193 -2.6362
11.2393 7.0400
11.5935 8.8926
8.6874 7.0078
2.4223 10.3982
2.6762 12.3843
-4.9409 11.9673
5.5566 7.2098
7.5299 12.3934
7.8566 7.0499
9.2168 11.8722
5.8328 -3.6190
9.3402 2.1425
1.9836 2.6354
7.9367 6.5337
9.5012 1.6799
2.8424 6.1904
1.8630 3.5054
8.3707 3.3475
-0.6067 9.7132
9.9814 -2.3853
2.7947 9.8565
2.3706 1.9960
7.4478 3.0363
9.2939 1.0771
8.5902 6.9990
8.9272 0.4121
10.4665 8.0389
9.2048 10.8612
-0.9369 -1.5965
8.9369 7.1664
-1.3354 8.6208
-1.9105 -3.6484
10.5352 -3.8958
2.5128 9.1023
5.9904 1.0203
3.4538 12.0156
10.2882 -2.0469
10.5478 4.0629
7.8442 11.3322
-1.4659 10.5562
9.1377 8.4992
6.5756 7.9346
6.7578 9.5696
8.5171 12.6739
10.9958 5.7465
8.6069 -2.9889
6.3035 4.3006
6.2210 11.6811
9.5293 10.3177
3.0145 8.4740
-1.4910 5.2413
-3.0220 -1.6331
9.7338 9.8242
-3.7202 5.8653
10.0887 3.5864
9.7549 4.0398
10.8911 7.8151
4.1172 5.1939
-2.0257 11.1077
3.9931 8.6755
10.1858 9.0811
0.7181 8.8860
9.8527 2.3826
13.5599 -1.3683
5.7593 9.7275
2.5190 7.8633
5.6254 7.1221
9.5110 -2.3040
-3.5042 10.3561
4.0849 9.5921
10.3073 8.2863
9.2968 6.2948
7.5077 2.5720
4.3467 7.4907
-4.0673 6.5642
1.4878 3.8557
-5.0617 9.5428
6.3993 1.0278
10.0342 7.9771
8.4514 -1.2589
10.0792 12.4110
-4.9546 3.4120
12.8032 -3.2587
-2.3722 8.2860
4.8024 9.5611
8.1051 3.2212
7.1274 6.2516
9.9096 6.2816
7.8508 12.9572
3.2988 6.6354
2.1679 3.1361
10.1672 0.4371
7.8095 2.6581
8.2282 9.4338
9.7787 10.2602
8.4866 3.9088
6.7678 7.1682
3.3011 9.7919
0.2016 -1.8044
-3.9163 9.8611
9.2527 5.1085
11.8547 -4.2121
7.9550 10.7545
-2.7917 -3.5028
-3.3173 7.1966
10.0764 6.4247
2.6308 5.8049
-0.2370 6.1980
-2.3388 0.3444
7.4168 8.2947
2.3995 -4.1598
0.6449 4.4861
1.6463 2.2138
11.6866 6.4399
8.0340 8.3518
6.1674 8.1601
10.6006 9.7302
2.4436 -1.6872
7.2419 2.9768
7.0053 -2.4478
7.4508 8.1217
-2.7148 -1.5103
-4.8430 3.0644
2.5439 3.2049
2.6295 1.2379
6.1949 -2.2886
4.4190 6.2991
12.0113 0.9744
2.5671 5.1949
10.6899 -0.9346
8.7627 8.5389
6.2873 11.7905
6.7356 -0.2977
8.4000 -4.3302
-1.2718 6.6525
10.0975 4.7903
2.1311 6.7426
6.4287 8.3740
-3.9777 5.6870
7.4493 -0.7803
8.1604 1.7516
12.3721 3.2761
2.5237 9.4128
8.4642 8.2283
7.2227 3.3102
7.5721 15.4203
10.4657 8.4282
6.8987 7.1213
7.2554 10.1260
9.3138 6.5234
2.3874 2.9861
8.6835 -4.3066
11.5780 9.2671
11.6602 8.2751
4.5390 7.8517
8.4646 6.9955
6.7907 1.9520
8.2263 8.2047
9.2786 5.9797
8.3739 9.5384
0.2599 6.0426
3.3635 2.5822
-0.3192 8.7221
3.0619 9.5854
5.9698 7.0139
5.1612 1.3167
3.5537 9.4283
11.2801 9.5630
5.6599 1.1352
7.8138 7.0304
7.2046 11.6033
10.5170 4.1090
9.6121 8.6673
5.6775 7.1438
8.7222 -4.9468
11.0752 9.0581
8.6941 6.4592
8.4283 9.4527
13.1432 -3.1118
3.8708 6.6810
11.7430 5.7842
2.0218 -2.1267
8.8381 10.3215
4.6880 -5.3848
-3.3241 8.5335
10.8550 5.8683
9.4167 1.5586
9.8646 2.8657
6.7405 8.9055
5.0523 9.0216
8.1567 6.6718
7.1846 9.2274
8.0012 6.8309
7.8973 11.5419
5.9759 9.2826
9.5707 2.5353
9.4677 9.5338
8.5577 7.9584
2.6063 7.5722
9.8103 9.0979
6.5984 13.3216
3.3170 3.3407
8.5913 6.0414
-4.3554 12.4514
-4.0596 7.4224
7.4677 7.0836
6.4696 8.1206
2.4719 5.2944
9.4663 1.5446
1.3294 1.7427
5.8731 5.6311
9.5776 7.3213
10.2885 4.7822
12.7323 8.0903
5.6462 8.8380
10.4973 1.3600
1.7994 8.9630
8.8254 5.6832
9.3406 -3.5300
5.7795 -1.1792
2.3502 4.8828
3.4430 6.1171
5.5665 8.6218
7.2178 -1.0270
3.4171 2.0709
-2.1836 6.2577
8.1246 -2.8177
7.2876 11.4745
-3.9814 -3.9257
12.0552 9.1344
5.4888 5.3719
7.1581 9.8542
8.7570 2.9122
7.3934 10.3117
10.1452 8.3687
-2.8175 3.3038
-2.2177 2.8898
9.5070 7.1667
9.4391 8.5547
9.2753 12.2964
5.4503 7.8201
2.7283 5.6131
8.5243 12.2942
8.8838 7.9552
6.9088 6.8972
4.8147 2.6450
9.8032 2.8976
7.7626 -3.8757
5.0394 8.2291
8.1027 7.3083
0.3877 3.6383
9.7272 9.9742
12.0719 10.2840
3.0141 -2.6567
-2.1830 2.7330
5.6672 3.6063
10.1356 -3.1333
11.4077 -3.5267
8.0426 10.4917
9.2558 10.1568
7.4512 11.2798
6.9422 1.5659
10.7429 -3.4177
-3.1137 -3.1989
9.5535 8.0487
9.0802 10.3260
11.2139 7.4726
9.2841 9.7595
4.8988 9.9029
6.9964 3.1934
-4.9443 7.9759
8.8000 -2.9324
-1.2378 -2.2024
-3.1382 -2.9809
9.5801 1.2327
9.9616 7.6603
6.0832 -1.6160
8.8796 2.2494
7.1989 10.0996
9.0343 3.4640
5.8600 11.6188
5.5784 1.8747
2.1341 10.0409
5.5330 14.0619
1.6395 9.0446
2.8188 7.7538
9.4781 1.6229
8.1585 12.7149
-0.7827 7.2407
-5.2324 6.6690
9.2044 -4.6907
7.7275 -4.0003
2.0648 1.3001
7.6824 8.9297
9.3165 7.4471
1.4592 9.1265
8.6189 4.3697
7.0031 8.2940
9.3791 -5.0615
5.6320 10.5206
9.1866 5.9846
2.1689 -0.9511
8.1628 12.9352
5.9603 5.6364
-3.5257 10.0220
3.6726 -4.3838
2.1384 3.5727
8.0571 9.4121
8.9986 12.9704
-2.6973 9.5856
8.3769 8.4137
9.5051 3.9466
-1.0146 8.0979
6.9412 -5.8206
10.0156 10.4451
2.7486 3.4712
8.3348 6.7036
2.5496 12.5630
6.2931 4.1489
-4.1054 9.8892
12.1788 -3.5108
10.7142 6.8261
8.3772 10.6889
3.4728 1.8164
9.2866 4.8723
8.9423 5.5279
0.7077 -5.1846
8.5225 6.9581
2.4362 9.6038
9.7381 11.0265
8.5165 3.3401
7.1715 10.6094
-2.9413 10.4347
-4.5984 -1.9310
7.1934 9.4873
2.5730 7.8411
-4.0092 6.5742
9.6839 8.0561
7.5574 3.9798
7.5976 12.4741
10.6441 0.7833
10.1676 6.5864
10.4287 6.8278
9.8248 9.8236
7.8717 7.2683
3.8338 9.4426
8.8832 4.9542
2.4975 10.8831
3.1239 9.6768
-1.8094 -3.1626
2.6253 9.3325
7.3006 9.3862
5.5629 8.9846
10.2933 6.3233
9.2095 8.1944
-2.9997 7.5497
4.2511 8.6468
8.5045 3.0432
1.7300 -2.4032
5.2681 3.1544
-3.7303 2.6921
5.1186 -3.2371
9.2240 7.2445
0.2187 9.7416
2.1953 7.8986
12.4110 5.9827
9.0518 3.3688
11.2737 11.6138
9.4313 7.4171
7.6110 3.6240
0.9339 2.7707
8.4525 1.4939
9.6003 9.5776
3.1470 7.9865
4.6380 11.9345
11.0792 7.1559
-1.9972 11.5010
-2.9083 6.1156
4.9398 5.3290
7.3261 9.1642
3.9247 11.4940
5.6433 1.2818
7.7113 6.9769
5.6301 8.7920
2.3763 6.3358
8.6217 -3.5049
9.4900 9.5775
5.0104 10.6619
9.2792 7.8628
14.8785 10.5590
-3.3036 8.2472
3.1166 6.9321
2.4893 8.0965
7.3911 6.0511
7.6679 6.0951
10.1259 7.5447
8.0949 -3.7329
10.0551 5.9996
9.3411 -4.5147
9.1296 7.4230
6.4871 9.8189
3.4158 10.4835
2.3503 6.0128
4.6526 -2.0448
8.8400 7.9683
11.4298 10.4258
13.4388 -4.2067
11.7619 -1.5275
2.4716 1.8748
7.3533 9.4145
-0.4285 6.7828
-4.7856 -0.5348
11.0863 11.1967
6.0372 9.0130
9.5390 7.5857
5.1236 10.7770
9.1992 6.2489
8.4639 7.5466
6.0649 9.7377
7.9747 9.7954
8.8156 9.6022
10.9450 10.6680
9.3472 7.5095
3.4940 -2.8543
6.4478 10.6481
-3.0573 2.6457
12.4868 6.1333
6.6515 6.1535
3.8525 9.1879
8.3215 7.6441
12.3209 9.1805
-3.0825 3.0022
-5.7410 10.5450
8.0619 9.7798
7.7298 8.7092
9.7057 9.6149
7.9469 12.6399
6.3961 0.6241
-0.2605 -0.4862
5.9342 1.5064
7.0808 -5.2199
10.1058 -3.9151
10.5918 9.1679
-2.7989 5.3901
6.9432 7.6273
8.6207 10.1782
5.3640 9.9231
6.5989 12.2224
-1.0177 9.2511
8.6830 9.1141
6.9960 -4.9670
9.5199 -4.5787
3.8137 6.1312
-0.8360 6.8582
-4.0653 9.4267
7.8362 5.5784
4.7614 8.4346
9.7898 4.2737
6.2520 7.1920
12.0941 12.5674
5.7184 10.1609
10.9818 -5.2596
3.5735 6.8283
9.7751 6.3850
-0.8176 3.7027
-2.8882 4.1343
1.7235 5.7661
10.7718 -0.9510
10.2027 2.7020
3.4001 2.4953
7.3325 -4.1482
10.4078 8.5004
7.7550 9.1857
7.2745 10.0282
12.3037 -3.4104
8.3272 0.9515
2.0096 10.0722
-1.9414 8.4047
3.1199 2.7011
2.2550 8.7465
9.9554 6.8995
-2.0569 8.0948
10.0670 0.7149
1.1974 -5.9810
3.4446 -2.3749
3.2739 -1.9732
3.2095 2.5973
7.2828 -1.4404
8.3784 9.0777
7.8626 3.9515
-2.4684 7.1993
1.0790 10.9388
7.0550 -6.8985
8.9614 7.5380
-0.8170 4.7067
4.8275 -4.0107
4.9812 8.3405
2.6152 9.0079
10.1016 6.7659
9.9986 -4.8003
9.1086 6.6570
8.2783 6.4116
2.4150 8.0414
8.7111 4.3860
7.4574 6.3871
10.3781 8.1248
8.5757 9.7255
2.0290 9.2338
8.6010 4.9560
9.5950 9.6588
6.5286 10.5164
8.2552 8.6402
4.1489 11.2167
2.4626 8.6121
5.6547 4.9245
10.7506 -1.9743
9.4188 2.2570
7.2857 3.2379
-1.9569 -3.1781
11.7757 8.4338
3.1081 5.2298
1.2806 -2.4782
9.2936 -2.4768
8.6163 9.3333
-1.3635 -2.0229
2.4318 10.4165
2.0353 8.7123
9.7024 6.6041
1.8423 8.8551
2.4425 7.6334
8.7187 1.7708
7.8907 5.1241
3.5612 -3.6552
2.5907 7.2420
7.7042 6.4173
11.4452 9.1615
2.3069 5.8856
6.7626 -4.6170
7.0693 6.7741
2.1995 6.8071
9.4040 6.3995
9.7614 7.4001
4.8707 0.6636
-0.3102 9.1767
10.6767 -2.7385
9.8602 2.7322
6.2501 10.4436
2.6641 -1.0651
6.3441 11.1879
-1.0828 8.7240
8.7503 2.1327
-5.2112 5.6541
8.1915 -3.8204
7.5691 -5.0711
3.2239 1.6521
7.5092 3.0291
-3.2274 4.2408
8.6770 -3.7808
8.9952 2.3711
5.8775 8.5905
2.9874 -2.4138
8.5748 4.4057
9.2802 7.7415
2.4442 -2.0319
8.4854 -2.9090
-1.8714 3.2306
6.9984 -5.6210
1.3861 9.6014
8.6125 10.0473
6.9264 -3.2717
-3.2351 2.5921
1.2418 -2.5555
2.0969 9.6859
5.9691 6.0369
11.1266 8.2244
9.7512 8.2234
5.8354 -2.2991
8.2872 6.3699
9.6469 10.0361
2.9999 -2.7941
8.1482 7.8039
8.7081 4.5840
4.9534 2.9128
-2.4100 9.6610
-5.4434 8.9688
8.3370 2.6791
8.6776 -2.8734
-2.0605 10.3559
9.2261 9.6863
8.7329 9.4304
11.3987 -2.4693
7.9772 -4.7050
3.5233 -3.9116
10.1137 -4.0294
8.4638 2.5851
2.9267 -2.7744
6.8391 8.8724
1.1585 8.5204
3.5981 7.6375
2.1990 11.8435
2.8687 4.4802
9.6277 5.8236
3.3006 6.5044
-4.3320 -2.3380
-3.6255 5.3979
7.2198 6.0821
-2.4484 -2.1722
10.4583 3.0610
-3.8952 8.9505
9.4028 3.8099
6.6733 5.7950
-4.0926 -2.4961
9.0099 1.3078
8.0559 9.3886
-3.5406 2.8660
4.1957 6.8157
-3.9768 8.3303
4.1704 3.9967
8.6760 3.7599
1.7597 7.2566
8.8192 10.6916
6.8040 9.2167
9.0262 -2.9863
11.9843 4.8722
7.2963 -1.6652
3.1290 -0.9018
8.7361 8.9323
-1.8512 10.4955
8.9738 9.5166
-1.2824 9.2944
7.3452 -1.1821
2.4524 8.2170
-5.8942 4.9963
10.2521 4.1661
4.0161 8.5835
5.2779 8.9425
9.4386 10.3966
10.9495 9.7851
10.9926 6.9020
2.1057 7.5921
11.1641 11.0356
-1.7765 6.0700
-3.9337 8.8958
9.4164 5.7820
3.0078 -4.4081
1.8404 2.6212
8.7615 4.9157
8.0055 8.9855
11.4654 2.4913
9.6183 9.2485
3.8688 9.1466
5.8833 6.5196
6.7776 8.9113
9.5321 8.3888
-3.3781 10.8411
13.5041 3.8839
-5.7623 5.6979
8.4694 4.3971
8.1712 -1.8606
2.2932 10.9946
-1.7373 0.8086
3.2462 4.6963
8.4422 9.2518
4.3965 6.8223
8.6161 9.8293
11.4973 5.8313
11.8059 4.9936
-4.7429 4.1016
-4.3141 10.4655
4.4806 8.1067
5.6616 11.0688
4.9254 -0.5115
7.8568 5.2338
8.2715 2.2854
-6.1084 7.4982
5.9054 3.5646
11.9299 9.6901
3.1443 11.3108
7.3436 -3.4665
1.1475 2.0737
10.5631 10.8388
9.8930 -5.0719
6.5186 4.0933
9.1825 1.8892
1.8054 7.7948
7.7558 9.0916
9.1664 8.3209
-3.4955 0.8357
2.5288 9.2330
8.9231 7.8908
1.8474 7.6181
7.0150 7.9039
9.9173 8.3618
7.5464 -4.0936
9.5131 11.3713
4.3532 9.9950
3.2554 12.1423
-4.9491 6.8625
4.5327 9.4742
2.3569 -3.1840
7.1877 4.7561
7.1653 8.6907
1.6618 7.3471
7.0179 6.8210
5.6882 9.6137
6.3107 2.3492
-2.5441 -3.4335
11.8239 -1.7629
8.7505 3.4843
9.4519 3.5402
6.8268 3.3756
7.0219 10.4156
10.9988 6.5810
7.4194 5.4087
-5.5276 7.0167
8.5024 10.8881
7.8048 4.7084
9.9682 2.4965
9.0621 9.3202
8.0065 8.7174
10.0419 9.7365
7.1440 6.2221
-3.0127 7.0605
8.9031 2.6813
5.6508 6.2704
-1.6818 9.3129
-0.0536 9.3065
2.1844 6.9889
1.7712 8.7748
-3.9084 7.3956
1.7474 -3.3530
13.3510 1.3931
7.4338 7.0969
9.1717 9.3357
-2.6310 9.6694
2.3180 10.0322
10.5221 9.8328
4.6454 10.4892
3.6589 -0.2533
4.2240 7.1958
8.5482 7.8566
2.2815 9.2695
2.3811 -3.1641
3.2904 7.1554
9.1384 7.5294
-1.8745 6.0282
-3.5846 7.2203
8.7231 11.0074
3.2149 4.0179
7.1857 -3.3868
7.4406 11.3779
8.9516 6.7766
8.4502 9.7619
9.7786 7.1697
-1.6623 11.9882
7.6567 9.2855
7.6655 5.1652
6.1298 8.7221
6.5294 0.9699
9.1519 7.7857
9.8489 3.1800
9.8682 9.2826
-2.1426 7.5221
6.3484 7.5433
1.7696 7.0059
8.8493 9.1622
4.6590 9.3736
2.4516 12.2554
7.2129 0.0544
-1.7338 8.8538
8.2640 5.1328
8.5551 -2.1438
11.2735 9.6891
2.7036 1.8605
9.9562 -1.4703
8.5563 9.5221
6.2838 5.5879
7.6876 9.0088
10.2292 8.8193
-5.8660 -3.4351
4.9644 -1.4496
7.5908 3.0829
13.5265 10.3144
10.6860 4.5539
2.5260 8.8081
8.4130 -4.6660
12.8537 5.4455
15.1245 3.7532
8.8240 10.4403
8.7402 10.6317
8.1188 2.9323
5.8605 5.0711
10.3288 2.4238
9.3342 -2.5553
5.6204 3.1752
8.8227 7.3856
-3.1432 9.2788
3.8905 10.8544
2.2706 7.8403
7.9482 10.9913
10.0311 6.3279
7.5301 1.6425
10.5866 11.8871
6.6100 1.8668
10.0119 9.8980
7.7478 -3.5372
10.4020 11.0929
8.6616 -2.7659
6.9659 6.1617
-1.6397 7.8060
-3.6253 5.3625
11.6662 8.4274
4.7747 -0.5215
3.4696 -3.3087
9.5887 2.3418
7.4559 3.6141
9.8267 8.2216
8.4137 8.7236
9.4737 9.8173
3.8817 9.8167
8.6890 -3.4128
8.2718 -4.0662
7.8039 8.0066
2.8219 2.7965
-2.5113 6.0726
-2.8443 2.6595
7.8110 2.4073
6.0914 -4.1135
-2.5497 7.7476
1.0953 8.4394
-2.6025 5.9195
6.0344 2.0795
6.4997 3.3404
-3.3404 6.4209
9.4426 -2.2433
2.2446 6.4163
9.1281 2.9602
6.8255 -4.3424
1.7656 7.5326
3.2185 9.4714
7.8642 6.5472
-0.4152 9.4013
1.3633 9.6757
-4.2074 -2.8469
9.3394 8.9183
-3.5730 5.0259
6.9826 2.8296
-3.4087 7.3778
9.0704 4.4521
9.2647 2.3358
8.3420 8.9014
6.3919 3.2028
11.5796 2.2365
9.4512 3.0072
7.5957 -1.8482
9.2438 8.6800
8.6632 8.1934
5.5941 9.7675
8.6533 7.9890
10.1619 6.5024
7.2028 8.8187
8.6702 6.9856
4.0311 6.6582
4.8122 -2.0174
8.2422 -2.7256
8.7105 6.2704
11.5619 8.7642
5.8073 9.6128
6.0549 4.7217
9.5374 -2.9337
-4.6878 7.5669
-3.3942 11.5208
2.4766 7.6722
3.2475 9.8023
6.7473 6.4007
6.8152 10.3069
4.7688 10.1377
6.5351 8.7148
9.8411 7.8482
6.9833 8.7787
7.2290 8.4295
2.7227 11.6867
7.1515 3.6272
5.6607 1.3813
8.6496 2.6411
9.6268 -3.0667
9.7584 3.4072
3.0127 10.5507
9.5030 -4.4747
-2.2389 8.4048
8.4711 -2.2126
6.5593 9.9420
5.4860 -1.5899
9.4543 13.1911
-3.9461 9.3512
7.5063 9.8313
10.3608 10.4816
8.9964 8.0303
8.6206 -3.7713
7.2088 8.5321
10.0469 8.9491
9.6513 8.7053
-3.4058 10.8751
10.4366 -4.1690
7.7075 -0.8233
9.4163 9.4469
3.3925 3.1115
7.5364 8.5282
8.3596 -2.2029
3.6565 6.8170
8.1427 2.7942
8.4442 9.9642
3.4230 8.1326
4.5379 6.3688
8.7639 7.2830
-2.7049 9.4489
-0.5540 4.5689
7.2511 8.6633
8.7918 9.5499
7.9830 1.9330
9.3694 10.0015
-4.0054 -2.6972
5.9352 -4.3430
8.8445 6.6838
9.2865 6.4540
-2.9427 10.0896
2.5999 6.0119
5.6060 7.2531
9.5095 9.7547
4.3138 6.1635
3.7335 10.1354
1.8432 -2.6415
-2.6057 9.6745
7.7810 1.8239
8.4039 6.8390
9.6653 6.4512
8.1044 7.9779
8.2853 5.9328
9.0108 8.3900
10.7021 10.9181
2.9978 -2.4941
8.2277 10.0928
1.2235 9.6813
8.1114 8.7784
5.6563 8.7982
-1.8651 4.9623
9.6401 2.7943
5.4620 6.6585
8.5433 0.2392
3.4639 5.7123
8.7472 7.1913
8.4535 2.1544
9.3533 4.0129
8.5832 -1.5247
3.7742 7.4823
5.1382 3.0577
-1.9038 8.5708
-0.8856 9.5939
6.7397 9.0737
8.7607 1.2315
8.9502 1.8864
5.2466 3.5424
-3.0206 2.7983
8.9116 11.8862
8.1879 10.1928
8.4613 5.1177
8.5396 7.4651
6.5619 9.2016
9.1701 7.8905
4.3367 2.1792
12.3152 9.1557
5.9232 4.5761
-2.7155 2.9599
8.4013 10.0345
6.8212 -2.9461
3.8371 -2.5858
8.3679 -4.1595
11.0723 1.5427
-2.3958 8.9726
3.4340 12.9007
4.7706 3.2857
5.8547 7.8296
8.7523 5.3093
5.7940 -0.2989
7.3122 8.0509
10.7699 -2.7864
10.0641 7.7628
7.5919 10.3119
-4.7735 7.2365
-1.4666 7.7215
7.1535 3.8386
-3.5105 8.2048
-0.5982 3.8429
-1.5734 8.9623
6.9192 2.7741
2.7835 6.1026
11.7006 -2.2797
-2.2290 6.7526
3.7662 8.4131
-1.5518 4.0369
-4.9193 11.4463
4.7830 7.9613
8.2293 -2.9488
2.5416 6.1070
-6.0280 4.0753
-3.0299 7.7363
11.5666 7.9983
12.0195 -1.8876
6.2777 -3.0377
3.2273 7.9590
9.0289 8.2455
9.1723 6.3739
2.7609 4.2288
10.8405 4.5801
11.3810 8.6031
8.4311 10.7829
5.5787 11.2507
8.6609 -4.6651
11.2055 3.6398
3.1585 9.6644
9.3325 3.0957
6.6443 -0.2983
7.5441 -3.9357
1.7160 8.8297
8.0225 9.8774
10.7308 8.6688
-4.0525 6.2157
7.1429 -5.7505
4.8675 2.3185
4.5661 6.9433
3.0707 8.4469
9.8023 9.5811
7.4570 -3.3951
-1.5005 7.7161
7.3362 3.7675
10.8787 5.6085
8.6219 3.1551
9.6521 7.8788
8.7204 7.7474
2.0741 3.2733
1.6674 7.3630
7.5811 11.6088
9.5431 9.1303
3.2463 6.7166
10.7507 3.1046
3.8448 10.9399
7.3354 2.5770
7.8603 14.0794
7.2547 8.9767
2.7562 5.6867
3.2242 -2.6065
-3.9982 13.1051
9.8202 2.9221
-3.1734 8.7078
9.0293 -2.7517
-3.3339 7.6547
5.8013 3.2557
4.2689 8.3315
7.4333 3.1160
-1.9038 5.5941
9.1042 9.4755
-5.3012 3.8931
6.0352 4.9834
-0.3460 9.7422
7.6926 -3.3380
4.9013 10.7057
-1.4997 6.8454
10.9439 3.9227
8.6955 7.8202
-4.3890 11.8737
8.7705 1.3402
3.5940 4.0827
7.6306 6.5565
5.5457 11.4451
8.2304 1.3572
8.6109 3.4717
8.8453 8.1743
1.3894 9.3709
11.0244 9.8467
9.4522 9.3047
3.0482 -1.9602
-2.9089 4.7164
2.3297 7.4017
6.7017 9.6400
3.8631 1.3627
5.0591 5.9460
8.0892 11.9242
10.1315 11.1504
8.8879 7.0131
6.5239 7.4331
5.8696 3.1561
2.7670 2.1385
-3.0979 6.0411
4.2088 -3.1488
3.1480 8.0084
4.3669 8.6916
8.3315 3.6805
7.9225 6.1401
10.3229 9.7601
10.8078 8.7550
8.3119 -1.7082
7.3460 0.3074
2.0937 11.6902
-2.2404 6.6756
7.4321 8.7148
9.9860 7.6862
11.5475 10.0938
8.7777 10.9299
5.7706 9.5624
2.2350 9.8235
7.6524 -2.7764
8.4230 10.5444
8.3536 8.2852
5.3179 6.3290
-5.2074 1.1745
-6.3294 10.7419
10.3349 -4.5449
-4.8755 6.5388
5.9724 -3.6376
10.2455 7.1703
7.9435 7.6978
8.6832 -3.1288
7.9303 4.6763
7.6968 6.6944
8.9573 3.8936
9.7295 8.7777
6.6643 6.6387
-2.1503 9.8670
4.9183 7.2740
9.2508 9.6261
1.9855 7.7965
5.6748 4.4946
11.7279 8.4948
8.4827 -3.9033
2.4772 5.7536
8.4243 6.8951
11.0477 5.1553
10.4307 9.6460
-2.0508 0.0366
3.3204 8.9699
6.4929 4.9771
7.1965 9.3938
3.8192 10.9032
3.3563 -1.3381
5.3365 6.5758
2.1617 2.0432
4.1195 3.5763
10.7783 -1.3923
-4.2589 10.0477
2.7414 4.7512
6.2469 8.9752
10.2494 10.3710
12.7393 6.1910
7.5011 6.9345
9.2599 4.0237
10.6584 3.7329
2.9542 9.7140
-3.1950 6.3372
9.7821 9.1922
1.6083 2.7818
7.2856 9.7894
-0.8712 10.3730
6.8484 10.7807
-2.7920 8.6199
8.8769 -3.2967
8.2802 9.8852
-3.2219 9.4654
7.5102 2.5426
2.7986 10.4886
8.9001 10.2193
1.1771 8.4421
6.0306 10.3771
-4.7726 6.8188
-3.6782 9.0370
4.2778 6.6772
11.8791 8.9539
-4.0893 8.8438
9.3705 -2.5749
7.1252 10.7646
9.1893 11.3196
7.4405 10.3217
11.5396 8.7410
2.4777 11.4784
-2.4721 8.1110
-3.8769 9.2145
11.2777 9.4116
7.1915 2.1934
4.9510 11.2277
-1.6557 12.9933
6.3068 7.9049
2.5692 11.0461
6.7198 2.9755
8.0394 3.2476
7.0674 6.8155
3.5136 2.4880
8.0915 7.3953
1.5540 12.0213
8.8836 0.9391
9.8256 2.8726
4.6782 9.1143
1.2707 8.6850
11.6987 2.1218
7.5429 7.0393
3.4393 -5.0658
4.8102 7.8479
8.1749 -3.7306
10.3242 6.6767
4.7688 1.6270
4.9086 3.4530
6.6118 3.1751
6.4376 6.9292
10.1996 0.5229
8.9786 9.8846
1.4520 4.9325
7.7205 7.1859
4.7650 8.6167
7.8098 8.9251
5.6417 7.4522
8.0347 8.0533
3.0798 7.0707
-3.7724 11.3526
9.4182 -2.7081
6.8381 5.0216
-1.6438 7.8673
4.8152 2.7091
4.5193 9.7621
9.1119 -4.8447
3.1362 7.5933
8.6984 3.5052
8.2852 6.3721
-1.5945 -6.2769
-4.1934 2.0188
9.0730 5.0497
-3.4657 2.8308
10.9939 8.4641
8.9146 -3.5792
4.3812 6.2525
3.9997 3.7015
5.0168 1.5498
-3.0854 8.6702
7.8279 -3.0195
8.5236 4.7699
-0.7796 9.7995
8.1658 1.1687
10.3250 12.6356
7.7161 0.1945
6.1639 4.7861
2.6183 9.1054
10.2012 8.9914
2.5454 9.3241
10.8509 -3.0247
1.3349 8.9770
3.7080 7.4318
8.0187 0.7718
10.5822 8.7188
7.9842 8.1641
0.2559 -2.3684
0.6129 15.2804
11.6077 3.2453
6.7076 6.3628
2.3248 5.4393
4.2908 0.7567
5.4665 8.5792
10.6789 6.7882
7.8401 -4.2752
7.1878 -3.0845
8.4093 4.7177
5.1123 4.3521
1.8077 3.1592
8.3968 -4.3117
6.5720 10.1671
2.3673 -0.9712
-0.6160 9.7179
4.1107 8.6999
9.0301 -0.9246
9.8907 4.8851
-2.2535 9.9270
7.5692 7.6049
5.1515 10.0122
7.8356 11.3179
9.2920 8.6221
7.8483 5.5493
1.9743 3.1516
11.8676 -3.1600
7.4404 8.2019
-2.1372 10.1460
6.8573 6.6311
4.5105 8.6624
9.3877 10.3291
9.2192 -3.8997
8.9692 -3.5283
3.0600 -1.2862
11.1832 9.4290
0.7676 12.0506
9.3318 6.6270
7.6360 7.9379
8.2319 6.0852
-1.0452 -2.5124
-2.7872 11.9515
-1.4905 7.7378
-0.5721 2.9726
4.2922 10.7794
10.1080 9.1824
9.7817 11.6595
6.7065 6.4178
-3.7231 2.7856
11.7070 -3.8891
3.8086 9.5978
6.0578 11.3536
-4.9444 8.6220
-3.7086 7.9397
7.7309 7.6507
-3.6313 9.3200
9.2097 5.3832
4.4762 11.1089
8.3645 10.7251
7.8052 8.4964
7.5232 4.1379
4.7406 -4.9899
3.1572 10.8181
8.9676 6.4793
-3.0140 13.2925
8.2221 2.3357
4.7284 8.9746
10.2610 8.7321
7.3890 5.7329
1.7216 3.0646
7.3126 2.6789
5.4718 9.8081
9.8669 -2.3895
6.7763 -4.4583
-2.7101 9.8890
8.8890 5.8444
8.2375 0.5202
4.1840 2.4191
5.1413 0.2176
10.5565 -0.5419
-3.5222 -3.9010
4.2986 7.9474
8.9986 5.7167
6.3352 7.7365
-1.5431 7.9768
7.8981 8.1147
7.0486 7.7952
7.9260 9.6140
10.8841 11.3538
-1.7429 8.8249
4.1673 6.2697
2.4806 -4.0507
7.9206 4.6692
8.0053 9.2252
0.2464 5.2000
7.4012 6.3745
3.4566 7.5533
9.6353 7.5414
10.1850 7.3392
10.8007 12.8128
6.2489 7.4223
-0.6997 8.0190
3.3040 -4.1950
-3.2878 8.3405
11.1136 9.5280
9.0850 -4.1804
10.0962 5.0313
3.3944 9.0349
4.1053 13.2604
8.8075 7.2364
7.8867 -5.4489
3.7131 10.3714
10.1748 -2.9799
2.4358 8.3386
2.2846 5.9959
8.6605 8.4656
5.1216 9.9973
10.5494 9.1489
6.2869 1.3982
5.0092 6.9989
2.4943 10.3386
-1.8047 4.7738
-4.2652 -2.5834
9.8612 8.9032
-2.3223 3.4388
11.0570 10.2303
7.0477 4.4059
5.9268 4.5227
8.0506 -1.1660
-4.7941 6.7478
2.4786 -1.8253
8.0117 9.6749
-2.1305 9.3882
8.1579 5.8819
9.7401 5.5369
3.6098 8.1781
12.4159 6.1485
9.5781 6.9851
2.6614 -1.1244
11.8651 9.4881
9.5101 3.2207
1.5099 6.6630
6.6456 5.6709
8.7835 8.6467
8.1590 4.6542
5.8877 5.7130
10.0197 4.3232
8.1129 5.9371
-1.2124 7.0854
6.4645 9.5138
4.5106 2.0037
11.3747 5.1996
8.9338 2.4708
9.8057 6.7451
-4.8170 7.8364
2.6170 6.0393
10.4136 3.6818
5.2521 10.0179
10.4167 -0.6780
7.2415 2.7819
8.5743 -3.4656
7.9592 7.7523
7.7029 -3.9146
9.2636 -3.3483
6.7902 -2.1634
5.9419 10.7054
6.6886 2.9731
8.4167 7.4221
11.2041 8.2388
-1.9444 6.0433
4.8655 6.1294
-1.5922 2.6722
2.6215 -6.3392
-0.5344 8.5018
3.3250 3.5500
-2.9471 3.8592
12.9400 8.9105
7.9062 -4.6078
6.8780 6.1504
6.5391 -2.7771
8.8941 8.9816
8.4016 -3.4108
8.4541 8.0057
8.7262 9.2704
-4.8332 10.3658
8.6721 11.6049
5.5616 10.6403
-1.3884 -3.3301
10.2472 10.7598
9.7055 3.4307
9.5667 1.0834
6.8330 -3.2794
8.6477 1.6126
3.5830 11.2409
8.3364 -1.6099
7.2165 8.7944
5.2067 8.9853
2.7973 1.8043
7.4898 5.5195
-0.6967 7.4844
9.1927 3.1565
11.3513 10.8738
10.1942 13.3193
1.8496 12.1627
8.4820 12.4888
6.1398 13.1026
9.9249 3.3026
7.8420 10.3199
6.8614 10.1144
1.9031 7.2222
4.0842 3.0146
9.6000 11.2346
7.2763 -0.2660
3.2241 7.1107
9.4777 -2.6177
7.3174 8.6056
-2.2731 9.8370
9.7948 6.7311
3.4636 5.6291
9.5428 3.4114
10.8451 6.2586
9.8279 8.7517
9.1537 6.3894
11.7867 8.7093
3.9071 3.6449
9.7436 8.4979
8.7171 7.5452
11.0869 4.3301
10.7545 7.0547
9.3238 9.4912
8.9319 1.2039
7.2134 -3.0405
9.7454 -3.2285
-2.7339 8.8396
-4.2829 -1.5911
9.0773 -1.8988
7.6544 11.2152
7.7095 7.4629
6.6446 5.9355
2.9131 6.6211
-3.3367 -1.3733
8.1033 7.6800
-2.3487 9.5142
5.5160 11.3592
5.0269 9.2692
8.1129 6.6225
2.3663 -5.8609
-4.8066 -2.0034
12.8731 8.2050
-2.9619 7.9170
10.4801 4.2646
8.0339 9.2985
11.3621 7.5524
11.5685 10.1260
9.0331 -3.5051
10.2304 7.8087
-3.8950 6.9482
10.4791 7.8500
10.7806 9.3386
2.8410 4.7798
10.8000 5.6715
6.4963 4.3829
13.4730 9.7059
3.7269 1.1702
-2.8389 10.5512
4.9118 4.5200
6.1646 10.3213
4.3424 8.4502
5.6458 8.3631
-0.7451 9.1387
-2.3047 -3.9887
9.0583 11.1138
6.7813 1.1699
-3.8233 1.0743
4.9286 1.5758
3.7310 -3.1928
3.9601 4.4379
10.5590 -2.6949
9.5518 9.4748
6.0294 9.0809
7.7947 2.9688
10.6126 2.8113
-0.4954 10.6379
3.6766 2.2729
3.9499 2.9388
7.2283 7.1578
2.2716 -4.1182
4.6690 9.4243
-3.1197 3.0734
7.3107 1.5154
2.5624 10.5037
11.1971 7.6799
6.3641 1.8452
8.8804 10.4955
8.9668 7.0640
7.5891 8.8242
8.0269 9.9436
12.8681 -4.4969
9.7248 10.9155
9.2953 8.1109
9.5342 -3.8166
7.9645 5.4204
7.0558 9.2959
10.3734 6.6447
5.3196 4.6041
11.5700 11.0635
-4.8979 10.7823
7.9254 1.8501
10.6392 10.0763
-0.2054 -1.6792
-4.9405 5.2920
10.5902 -2.0819
6.2672 -2.9532
-4.2691 8.2678
-3.7275 2.0185
5.8882 9.7969
8.2553 1.1773
-1.9722 4.1307
5.0171 -1.2222
5.1299 8.3833
5.1887 6.9856
5.4630 2.1031
6.3069 6.3884
3.0479 8.0108
8.9751 9.8523
2.4310 2.7353
-1.7845 8.7646
8.7375 8.5599
2.3228 1.3372
9.5305 1.8362
7.6130 -5.0305
7.5451 4.8260
4.5974 6.2247
4.3930 6.5316
8.2693 8.2444
2.6228 3.7372
10.0198 -0.7419
-2.5161 -3.8345
7.4990 11.2591
8.1905 2.2757
7.2755 8.7116
4.9850 -0.8263
8.6667 5.2469
6.9993 1.3775
13.2117 8.7821
2.1647 8.9251
6.1664 3.2865
4.8646 7.9547
7.0043 8.7780
9.3337 7.8155
3.6107 7.1931
-1.6077 5.8758
8.8455 2.6624
9.2043 8.4759
7.7372 -1.0005
2.8858 9.2453
2.9451 7.5860
7.6687 10.1846
10.4766 6.3856
-5.2324 9.6745
-0.1941 8.7432
-3.8931 7.4629
3.9987 4.7802
10.0949 4.1686
2.7777 -2.9069
8.3707 12.7441
7.0749 11.4159
-4.9095 7.8704
1.8852 -5.4695
8.9127 9.8237
-1.7526 11.0953
4.2937 10.9253
6.3963 -2.3089
-1.9266 9.5393
10.4167 9.7840
-4.0324 5.1005
9.1940 8.5455
6.0686 9.3819
-1.6431 9.0310
10.7162 -1.5694
5.1620 5.3240
-1.7984 10.5201
-4.3808 -6.1135
4.3332 2.0751
3.1925 8.7654
8.7812 11.5145
10.9668 3.1820
9.3653 1.4030
6.0571 4.9852
-3.7396 5.6925
7.9671 4.6028
7.2911 -3.6213
5.8992 7.5673
11.6073 7.3655
8.5827 -1.3253
2.0099 10.9527
9.7663 -6.6752
8.9463 4.6085
-1.3687 6.3711
8.6461 6.7236
-2.3413 13.1104
3.6871 3.5463
-2.9177 7.2796
6.0640 6.8081
7.6174 2.4779
8.4576 9.5505
12.9530 8.6197
6.5303 3.3061
3.1012 -2.9766
-3.7694 13.9877
9.0655 11.0560
7.5566 10.0378
10.6789 10.6242
8.9147 7.7256
8.0073 2.3920
8.5378 6.1326
2.6723 10.9008
7.1608 6.9288
1.5637 1.5459
11.2780 2.0023
8.7716 8.3417
-2.2122 1.2765
10.7497 6.6437
9.9119 9.9292
9.8573 9.1738
9.0496 -2.4255
-3.6521 7.9899
4.2795 9.3830
5.1350 8.4226
1.9835 5.1768
2.9358 7.2525
11.2945 11.3626
8.1556 11.6980
4.5023 11.8213
8.1614 0.7134
8.3831 1.4474
0.2132 9.1087
7.4865 10.2693
5.5383 9.7952
9.6102 3.8537
13.3293 2.6722
3.6536 6.8992
5.9838 6.3879
8.5627 6.4061
2.1584 9.2008
3.1236 8.0517
-4.4122 -5.7721
6.4947 3.4017
7.0441 8.5452
4.1308 -0.0705
8.4110 3.0203
8.8939 3.6055
1.9509 9.0349
4.5250 2.9116
7.8786 7.2403
2.2934 9.8643
9.2460 6.5669
7.2173 4.6997
9.5555 2.3718
6.8233 5.7089
3.1962 9.9722
6.2672 1.7332
8.7499 4.8516
5.1562 3.3798
6.6653 0.2511
10.0437 2.0677
-5.7493 7.9138
-0.8660 -4.7261
7.9458 -0.4141
4.2389 -2.0824
7.7507 8.2093
9.6499 10.7173
8.1748 4.2034
2.6507 8.5818
3.7399 6.1698
3.7235 6.0713
4.5902 7.3591
-0.6949 0.9259
10.6048 8.0335
-2.2414 6.8377
-2.0379 6.3785
5.8575 6.5125
4.0780 6.3624
3.4328 9.8147
7.6479 10.2865
-2.8291 0.3063
-4.2244 8.1318
8.9316 11.8486
-4.1768 8.6961
11.9548 8.9982
7.8820 4.4106
7.9346 -2.7356
-3.7976 1.5697
7.5279 7.0781
6.1105 -3.4501
10.2856 8.2228
-1.4574 2.6244
7.4874 8.8771
-0.0581 3.0604
10.4625 11.0288
-2.5264 1.5878
3.9535 8.1382
-5.2657 1.6231
8.3932 5.1684
11.0457 -3.3159
2.2436 8.1183
9.8524 5.2786
-4.1370 5.1729
8.8265 3.8679
9.8393 6.8612
4.5703 7.7646
-2.7718 11.2011
7.9449 3.0323
7.3873 3.5978
0.5776 2.2024
7.6961 6.3601
8.9294 -3.7163
12.2499 -6.4677
-5.0147 10.7597
-4.1298 10.6716
-1.8736 2.0284
8.4275 8.8927
8.0997 4.2852
8.9224 12.7778
8.5629 12.9677
1.6413 2.9858
11.0667 11.0965
5.5065 11.7209
9.8025 7.5790
7.6681 -2.7300
-3.4487 2.9702
9.6391 -2.1914
9.5000 8.5425
9.0401 8.8215
2.9507 0.8594
1.6939 8.7904
8.5378 7.4831
7.0778 7.2823
7.5915 10.5045
-4.2261 2.7127
7.0110 -2.0379
9.6722 8.8142
7.0666 8.5403
12.8349 8.7160
-2.5897 4.6820
6.4264 -1.5685
-2.2530 2.6899
2.7918 9.1520
7.1161 6.7447
5.0295 9.9021
9.3677 1.9161
6.1260 -2.0027
7.3138 2.7058
10.7296 10.0318
6.4325 -2.3379
2.1405 7.8790
11.6552 2.0242
6.7580 9.9676
8.6500 11.0917
6.9121 7.6706
3.8924 -2.9443
6.8015 11.4923
10.6794 5.7631
2.3290 7.8294
7.2541 11.3340
-4.4602 -4.9079
3.1909 -4.1797
5.9028 2.0125
8.6745 10.4970
8.1898 8.2677
8.8464 8.5496
6.2634 8.5605
1.2523 0.4422
-1.6445 9.9335
2.2749 8.2411
-6.2382 -4.6326
9.2038 -1.0803
10.4947 7.0635
-4.8959 10.2238
6.9533 11.3798
8.9040 1.5416
1.9579 11.7134
11.1465 1.1951
10.2171 -2.8230
3.2137 10.7281
6.7933 6.8712
8.2591 10.3806
10.4014 -2.2243
7.8768 6.8737
0.1745 -2.6948
1.7684 6.2257
2.7831 8.2146
1.0805 7.9873
4.1841 7.4891
-2.1344 4.9006
10.0843 5.0156
7.0050 11.0723
6.8796 3.8801
6.6223 11.5479
6.2493 8.5522
6.6747 11.2302
-2.5061 6.0830
-2.9282 7.9013
-7.0490 8.7637
5.9656 8.6093
7.1445 3.2796
7.7474 8.0173
3.1244 -2.2599
7.8478 -4.3024
8.7992 9.3163
9.5915 9.5671
7.3343 9.8585
7.8650 9.0406
6.8640 7.4794
3.6263 -4.1880
9.8487 2.3667
6.1122 0.8471
9.2333 7.1737
-3.4991 7.1915
2.9618 -4.3737
8.8954 6.3655
9.7747 8.0245
0.0855 7.4618
2.2863 4.6946
8.2457 9.6056
6.5646 9.4077
-2.6396 3.3902
11.1973 7.4639
7.5322 -1.5948
1.5522 9.3420
-3.7827 4.1609
-4.1694 8.5820
2.8964 0.3280
2.5547 -4.4332
7.1620 -4.1843
9.0973 12.2291
5.8455 4.0850
9.1376 3.3824
3.1329 7.7994
2.7284 0.3848
-3.3219 10.5603
5.5782 10.8916
7.8010 5.9561
2.3370 -1.5906
-3.6945 8.3860
9.7497 3.2486
12.2660 6.9454
8.6264 3.5970
7.9556 8.8694
7.7521 9.3332
6.7981 9.5685
-3.5373 8.9477
9.4645 11.5822
9.2507 2.0333
-4.7703 12.4434
-3.0196 8.0679
-2.5903 10.2941
-3.9496 -3.4523
8.6161 7.6591
10.2398 10.9459
-4.5030 -3.5117
6.8605 8.0706
6.5209 -3.7537
-2.9750 8.0938
1.4560 10.1925
6.0002 12.1642
8.2351 6.7561
-7.0498 6.1494
8.5623 2.8276
7.3694 2.3452
8.0159 5.3254
8.1598 9.7248
7.7201 1.0927
1.2395 4.4053
8.7825 7.1355
7.8844 13.1708
10.8029 8.6032
1.6523 8.0449
10.6781 10.2306
5.5481 10.1489
7.3257 2.3655
-5.2429 12.8968
11.6381 -1.4342
7.0939 -4.4384
5.3536 9.0335
10.2967 9.7104
8.6677 6.6102
-3.0971 10.0985
8.1027 8.2668
8.6114 2.4929
2.5464 8.7499
6.7931 6.3758
3.9627 2.0183
-3.7436 12.4771
3.5796 8.0717
2.1225 10.5936
6.9295 8.3367
6.6356 -2.6892
-6.1619 6.3091
2.3076 3.1821
3.1112 7.2340
8.8851 3.3706
10.2673 9.5193
3.1554 -2.3910
3.2487 6.7605
7.3023 7.8644
7.4755 8.7861
8.6083 7.3222
0.7019 9.3822
6.9544 7.0580
3.0644 6.4125
6.1667 9.1729
7.1340 7.8752
1.7366 5.9317
12.6261 9.6121
-2.8909 4.2016
-2.5630 9.5948
8.0150 11.0593
4.2762 -0.4686
12.5825 1.7822
9.1074 10.0180
9.3648 9.4582
-0.6506 -1.3292
6.1822 9.9391
-6.1919 8.9658
6.2857 6.4780
8.1413 3.3546
7.4085 10.0208
4.1784 10.5168
9.8804 9.3529
7.1398 12.5796
-4.6221 -3.8981
3.3707 1.6736
-3.9722 12.7943
8.6980 -0.1684
6.0595 -3.3758
7.2952 7.8933
9.2829 10.3473
8.1996 11.5385
8.7509 -3.8229
9.2474 8.1796
8.5173 3.8747
8.9209 2.9365
6.9014 10.1854
5.8721 9.9241
8.6882 7.4982
6.8495 10.3794
8.6196 6.9145
3.0660 7.5686
8.8324 -3.6301
8.3976 8.8125
10.1654 9.9677
9.1569 10.6924
-2.5967 5.7261
-1.8133 10.4109
0.6010 -0.0080
6.1610 8.4650
8.6704 7.9949
2.6621 -3.2190
9.4176 9.6970
5.1227 0.3437
9.9481 8.5622
8.4885 9.6803
-1.5784 -2.4734
7.5147 8.7150
-3.9096 -5.5367
9.9509 8.0568
5.5854 8.1489
4.0125 8.1644
-3.7521 -3.0135
9.8417 11.1359
9.4614 9.8259
7.8307 8.3941
11.2702 8.3099
4.9563 10.5501
10.8916 10.5113
9.6402 10.2746
10.1271 10.9415
8.0529 8.6605
8.1023 3.4078
10.1489 9.6413
9.5498 10.4983
5.5536 10.0710
-1.9610 6.2488
7.9575 11.7087
7.7167 8.9013
9.7205 8.3158
7.9770 9.8149
10.0449 9.7825
11.4573 -2.6210
-4.8656 5.4395
7.3869 9.7942
9.8477 5.7536
-0.2757 8.1178
8.0579 4.2273
6.4761 3.0279
9.0905 -0.8192
3.9988 4.5093
9.8547 9.9380
4.4248 7.9789
-2.7627 11.6127
12.7364 7.5249
8.3264 -3.5811
-3.1829 0.5545
-1.1856 10.2787
-4.7016 9.7437
9.9268 7.2680
-1.8225 5.1510
10.0931 -3.3030
7.8407 7.9482
9.0638 9.7474
4.1970 10.0006
10.4053 -3.1551
-2.5725 -2.1205
9.6238 7.6158
7.7870 12.3902
10.3554 -3.9236
-2.2010 9.6475
11.1119 4.0494
10.4547 8.9824
8.2805 4.7227
4.8082 -2.4077
1.7590 10.5331
-2.3681 -4.4897
11.5023 4.8934
9.5021 9.3240
8.2116 9.2590
10.8681 9.3592
9.3559 12.5284
-2.7698 3.0155
7.7923 8.1294
7.6651 9.2057
7.6806 -3.6835
7.8466 -1.7956
11.1328 11.7662
2.1283 4.9167
8.9210 9.5118
7.4007 10.1210
5.9586 10.1906
8.0872 4.3940
9.7700 -1.9821
-3.5570 9.7443
2.3250 2.9055
-1.9469 7.2105
8.2457 -1.1414
9.8659 4.1617
7.5902 10.5064
9.1825 7.8251
7.7781 8.9567
5.8067 8.2609
2.2600 9.3207
8.1152 9.6072
9.2396 7.6894
7.4653 9.7610
7.8040 7.9687
7.8562 -2.6034
-0.9136 9.8642
9.8369 7.8546
8.4988 9.7684
-3.4674 10.1118
6.2108 -3.8837
7.4765 1.9712
8.8059 8.7984
7.6862 9.5841
7.7688 12.4451
9.2209 0.5627
-2.0892 -2.2307
8.1950 7.6946
9.4886 10.0619
9.9891 9.2640
0.5873 7.9717
7.8084 9.4427
8.4262 8.4194
9.5898 8.0535
6.2220 8.8042
8.2008 8.2053
3.1573 11.8641
4.2598 -4.3467
5.6107 9.5563
7.6396 7.6817
7.7721 6.7157
8.6720 -2.0991
-4.3959 8.5345
9.9845 5.1321
10.0025 9.6363
9.8018 8.0754
8.1336 9.7913
11.1455 10.7734
-2.6756 8.0539
1.6757 -2.5812
1.7637 9.0187
7.4613 8.6365
10.0823 9.9392
8.2981 7.0973
9.8853 10.0681
9.3197 9.5457
4.0841 9.6072
-4.4503 5.6869
9.3326 -2.2870
7.5341 8.7266
9.7488 8.2226
-3.7742 8.8765
10.1736 11.1256
9.7857 -4.2242
8.4020 8.5570
10.3646 3.3496
8.4290 9.9305
9.5354 8.1656
3.7499 9.7305
8.1916 -4.6644
9.7551 10.2611
9.7854 9.1435
9.5090 1.3758
7.6573 8.3098
-2.2265 9.7263
5.9681 6.0163
10.0947 8.3457
6.5317 8.1084
-3.1539 9.3353
4.1943 4.3736
-2.2532 8.4781
4.6067 10.7681
11.6576 9.5994
-1.9697 -3.5649
8.2647 10.0953
9.8016 9.2696
8.6245 4.0366
8.1578 8.5112
-3.1956 7.9578
-2.2519 8.8335
3.8859 8.0346
7.2175 3.9669
9.9685 8.2297
2.6595 1.2995
7.8380 8.1093
9.7616 8.2296
9.9542 10.2092
10.1012 10.2106
7.9801 -2.0031
8.6918 5.0943
-1.7259 10.0430
11.2067 9.2207
-1.8526 10.7407
10.8199 9.5803
4.7647 4.4280
-1.8568 10.3845
4.0491 8.7356
-0.8823 10.3439
10.0019 7.9911
11.1940 8.2250
9.2030 8.5403
10.9675 7.7878
8.1089 3.8333
4.9563 10.0128
-2.6931 8.3815
3.7360 8.4207
7.7732 -3.5581
-1.3775 7.1251
-2.3940 4.2049
11.6907 9.6939
2.5464 8.1950
3.8954 10.0700
8.2451 4.8603
8.6983 10.8651
8.4873 7.8217
11.6300 7.9919
2.8044 5.3713
10.6837 7.4791
9.8440 7.7970
9.3243 7.9268
-2.1905 -1.4705
4.3050 8.0403
-3.4291 9.7305
-1.4573 2.5183
5.6490 -2.6735
-1.8761 11.1886
8.3376 8.9214
10.5984 9.4233
2.8575 8.1425
9.1319 8.2882
9.4206 9.9929
2.3482 8.3564
-1.4546 10.0050
9.6437 9.4825
8.2792 9.3957
11.1768 -1.6517
2.7567 8.0138
8.3847 7.6409
8.5579 -2.2646
8.7335 2.8800
-1.8108 6.8528
11.3979 -0.9980
9.5342 9.1732
-2.1499 9.8851
12.1832 10.7518
9.6969 8.5691
9.7343 12.6083
7.9708 2.1121
8.5101 3.2020
-2.1991 13.7451
-2.3421 7.9783
9.8551 7.8392
1.5027 8.1379
10.7959 -3.2543
-1.9047 8.5757
10.8227 8.1327
8.9210 11.7319
-2.4690 8.2388
9.8607 3.3444
-3.7259 10.4158
10.7522 8.1876
3.2956 8.2069
7.5916 8.0080
9.6795 10.4598
3.3883 8.1761
8.0499 9.6375
4.2249 8.1684
11.4066 8.2644
8.9827 7.7256
11.7069 8.4515
-1.7782 8.7846
8.4705 10.8207
6.3968 7.1720
7.6626 7.4232
-2.1517 7.9840
7.6165 8.9361
4.0993 1.3301
9.9591 8.2183
6.7113 -1.8123
10.8174 11.8027
1.5559 -2.5274
7.8960 9.8172
4.5361 0.0228
9.7091 -1.8771
8.6502 11.1504
8.1346 8.4555
9.7070 11.3067
8.6103 -0.6085
11.4805 9.8616
6.0534 7.8138
-3.7324 9.6833
-1.0225 10.0135
9.3143 8.8682
8.4185 10.4475
8.5905 6.9004
10.7146 7.6501
8.8811 9.8910
5.6835 2.8663
8.6358 9.1507
9.8897 6.7079
8.7416 8.0163
9.7184 11.1497
8.3837 1.7095
-3.1907 4.6545
2.9885 -2.6698
8.0103 9.1992
7.3061 9.8343
8.4527 -5.8509
-2.5380 9.5662
5.2696 10.8491
10.3855 9.5830
8.0583 6.4560
9.4169 7.7305
3.1582 9.7863
11.2131 7.5901
8.0692 12.0568
-2.7507 9.6037
8.3097 11.0965
9.7384 5.3430
10.6696 11.0197
4.4371 -2.3994
8.3942 3.4866
10.7495 5.3393
9.8960 -1.2620
8.6352 9.8309
1.7293 8.0428
5.0812 -3.7235
8.1721 -3.8639
9.8535 10.1804
-2.5086 7.7426
11.1426 8.2180
7.8199 9.8332
9.3936 10.9417
9.9088 10.0560
9.8130 3.7135
10.4266 9.4093
9.6091 6.7264
10.8522 7.8220
2.8092 9.7302
-3.8271 9.3346
8.1333 6.2082
7.7923 -2.5549
8.4737 10.1179
9.1164 8.0844
11.3777 3.4071
8.1114 -0.6557
8.1816 9.3048
10.5977 9.7176
3.4791 -0.3741
9.7816 11.6314
8.1494 10.1455
10.0268 -2.3865
8.2892 -0.8345
8.6758 -3.4195
7.0485 11.4760
4.7395 -2.9437
9.3702 -4.1291
9.7432 7.6015
9.6848 9.5498
7.7167 10.0124
9.2745 9.9434
8.6530 9.2759
6.6115 -2.9807
4.7481 10.3110
6.7923 8.0432
8.4761 9.9805
8.5759 7.9341
11.2884 8.6849
5.5060 -4.4078
-2.8085 7.7914
8.0024 10.2515
10.8084 11.1553
11.0807 7.9294
1.6165 3.9169
8.3146 9.7392
5.5331 8.5008
10.7587 7.9403
9.9455 9.5708
8.0516 10.4766
10.0009 -2.7023
9.7853 2.5967
9.6906 8.2169
8.5999 -2.4669
8.3787 8.2827
10.4624 10.4360
9.7523 -4.5216
8.4067 7.9177
1.8042 11.8512
9.8588 10.1758
8.1026 0.3585
7.2962 8.2974
-0.9384 9.7113
8.3520 10.4308
11.7642 9.0495
9.0955 8.1393
1.6023 7.9597
-2.9656 7.3247
9.4778 8.1926
7.9928 8.1051
9.9984 12.3125
-2.3890 6.0446
9.6528 -3.2073
3.0679 -2.8493
11.7858 8.0626
-3.4562 9.1417
9.9200 8.6518
8.9166 10.6545
3.2191 10.3210
9.2992 -3.6725
8.2508 5.4246
-2.3209 9.0503
-5.4669 3.2222
8.2549 1.8566
8.3528 -1.3970
8.4324 4.4779
-2.9494 8.0150
-2.4983 4.2378
8.0396 -0.1477
-1.7913 7.6855
0.0058 8.5741
9.6266 -4.3491
-2.1184 8.6125
-4.3882 5.4591
7.6593 9.7888
12.0561 6.9995
7.3415 11.1136
7.2729 8.2112
8.6508 9.4242
7.8532 -3.2234
8.1411 9.4256
9.5061 8.3287
7.7455 10.3560
7.7079 3.3557
5.5528 8.2276
3.6940 -2.4467
9.1911 3.6469
10.0254 8.0543
10.0291 8.6294
8.3168 10.2622
8.1192 -2.3148
9.1071 7.8927
9.0740 -2.3529
8.2750 2.3204
-2.3629 7.6229
3.3017 -2.3936
-3.1199 8.0973
-3.7000 10.8578
9.4389 7.6699
2.7745 -1.8544
9.9968 8.2226
7.9227 -3.0393
4.9896 10.3909
3.4697 10.3285
11.3414 9.3125
7.0877 3.4206
7.9331 2.8103
9.7086 8.5347
7.6373 -2.9173
8.0686 10.1523
2.3343 9.9102
10.9959 8.9892
-3.1479 8.5217
10.8364 10.2472
6.9709 5.2609
-3.1380 9.2108
4.7951 5.2460
7.9603 10.1936
8.7388 9.6402
11.0265 -1.5482
9.7186 8.1477
3.3890 8.6133
7.8413 3.0219
8.7317 10.3020
5.8014 10.4325
8.2256 -0.8018
7.9551 -0.6892
8.0085 9.7306
11.7353 9.8849
9.7825 6.9352
10.7970 9.8405
11.3034 8.1224
9.8121 8.3773
3.3555 9.9672
9.3821 -4.3185
4.6198 10.1879
8.0064 7.9644
4.9951 7.6282
5.2848 8.1396
8.5928 8.4368
-4.1550 8.0318
10.3862 9.8498
10.4168 5.6262
-2.3997 9.5064
9.3947 8.1495
3.9269 1.9189
9.4653 6.8622
7.1119 8.6267
8.2589 11.3032
8.9509 1.5065
7.7082 10.0263
-3.7528 9.3604
8.0168 11.2044
11.8322 7.5829
4.7688 9.5678
-2.0506 7.2784
10.9556 7.3688
9.0343 9.1361
11.1930 8.0083
9.3022 7.7256
9.8769 -0.8478
8.1409 9.1102
8.6126 5.9296
8.0338 8.6895
9.5106 8.6788
10.1534 9.0086
9.6508 7.6244
5.2162 11.1128
-3.0321 7.3665
9.6855 -4.3858
-2.6976 9.5419
3.4832 -0.8332
5.7041 11.7000
10.8604 7.2258
9.0340 8.1467
6.4756 7.8672
8.2488 8.1932
8.6337 7.2714
9.9016 -0.9974
9.7329 4.2431
-3.9242 0.3384
9.5749 -4.3810
11.6364 8.3221
8.3398 9.5166
11.9328 -3.6850
6.9567 8.0066
11.2302 9.9200
8.2984 9.7369
-0.8469 5.7558
9.6835 4.5481
6.6393 9.0248
1.4825 8.0942
8.2602 -3.1393
8.3056 6.4829
8.8209 1.8493
-0.7003 -1.1555
9.6128 6.9951
7.9621 5.0004
10.4567 10.3275
8.0034 7.8241
7.7508 7.5607
9.9795 10.1910
10.9308 -1.9833
2.1819 9.5030
10.1237 5.8945
8.2038 1.6571
-2.1884 9.0496
8.2383 3.0648
7.9453 8.1156
9.4911 8.0769
8.5666 -2.1164
-2.8726 8.2846
7.1083 4.9052
10.0070 10.4193
8.8767 -2.0707
12.6184 10.4846
10.6245 8.4035
4.3462 8.7214
9.7093 8.0032
9.6568 10.1795
2.6396 2.7583
9.4785 9.9902
7.6880 11.2536
8.3551 4.3909
9.8483 9.7050
12.0250 -2.0438
8.5684 -0.6418
8.5118 7.8930
9.7891 9.4529
10.0223 9.8077
9.9439 10.6662
3.3428 10.4061
10.6097 8.2921
7.9905 11.3190
-3.5216 -2.4773
0.0176 9.1304
9.5291 6.6380
-2.7231 -2.2810
7.3761 -1.6441
-2.5129 -0.1870
2.0040 7.9571
9.2474 10.3908
7.6191 -0.2926
9.5040 1.8602
-3.0832 10.2282
-2.6959 11.3501
-2.7631 10.7804
10.0262 8.2491
8.3609 12.2209
9.6229 9.8465
10.0588 8.3100
7.6867 11.1726
9.3110 7.9055
7.5060 8.1552
8.2380 9.6236
8.4141 -0.0797
10.6777 11.3146
-3.2796 -1.8560
0.9677 7.3253
7.9736 9.4728
-2.7925 11.2295
10.2262 7.8208
6.9876 9.7265
10.3175 5.9813
11.0403 9.1206
8.9708 9.6811
7.1745 8.8188
5.0657 9.5975
7.6909 11.7688
9.9707 9.5827
9.5604 9.8268
2.0826 -4.2127
9.6933 8.1155
9.8395 8.2902
8.0030 2.7482
10.9394 8.2752
9.7819 8.5118
-1.1413 6.9030
-0.8456 10.0048
10.8260 1.2313
10.4843 8.1010
10.1228 -2.2063
4.9431 8.6493
-1.1706 7.9769
12.0816 11.5417
-2.4547 1.8128
8.0984 10.2853
10.7557 -4.6498
9.6900 -0.9763
8.7276 9.5358
7.9115 7.9412
9.9468 -3.0949
10.0037 8.1525
9.9635 9.8714
4.4604 10.7922
-1.7120 2.4639
9.2383 8.2039
9.5685 4.4818
-2.4085 8.2463
8.2559 4.8851
-3.9116 10.0348
9.7190 9.6215
7.9904 9.6728
8.0736 8.4688
6.7346 11.9540
7.3954 7.6693
9.5788 9.5881
11.6848 9.6723
9.2581 10.4924
9.1449 9.7755
10.1018 10.9356
11.6782 -1.7866
2.4351 -1.1338
-5.0439 10.0612
-1.1350 9.9486
1.3684 0.1911
9.7494 9.9880
8.6454 3.7219
-2.5980 7.4618
7.7265 -2.1765
-1.6216 8.2580
8.5834 8.2276
10.2057 9.6241
3.2880 0.2111
8.3370 7.9176
8.0833 8.1152
8.2679 8.6567
5.1002 9.3857
9.6861 -3.1707
9.8399 8.4334
6.9661 8.3704
-3.7219 10.7197
3.0761 -0.8089
7.9073 -1.1461
8.7634 -2.1066
-3.7887 9.1017
8.8582 9.5360
9.3308 9.6176
8.4940 9.5807
10.0213 -0.6276
8.1053 7.2178
-2.9963 7.4922
8.0016 9.7771
9.0229 7.9668
8.4790 7.4075
4.6607 -4.4751
-1.6792 -2.7638
-2.6567 7.5073
8.7471 7.8824
11.1055 10.2544
-3.0228 -2.4587
2.9088 9.5359
8.1433 8.2942
9.9615 8.8153
6.1868 3.1323
8.0128 7.9877
8.2261 7.8724
8.9712 9.6597
-2.4381 4.3518
11.7796 8.0595
9.6306 8.3169
7.8814 9.3659
8.3906 11.0369
-1.5547 11.1449
-1.1927 -1.1086
11.5702 5.6012
9.0400 5.8643
-4.2571 8.8134
2.3324 0.6318
11.0229 9.2468
10.1936 8.7415
8.5989 8.6682
9.7265 -3.0306
-1.9116 6.8348
7.8217 3.2145
9.4650 11.3405
10.6156 4.0545
9.4514 6.5064
6.3326 9.8254
-2.1649 7.7133
9.8945 7.3054
10.7507 9.9002
9.0248 -3.2904
8.6950 -1.6198
-3.2396 8.2594
9.8179 -4.5456
10.0234 10.9133
8.5376 4.7530
-3.1223 -1.4224
10.3560 8.6537
9.9908 11.2541
-2.2466 9.8037
8.7349 4.8093
9.0661 11.3342
3.3962 9.7593
9.8595 8.4844
7.0812 6.7429
8.0408 9.0223
9.6795 9.5043
6.7766 9.5580
11.5931 1.9316
8.0187 -2.6108
7.8480 12.5242
6.2941 -4.4296
7.9936 11.1073
9.9625 7.3745
8.4004 8.2707
8.3948 9.2332
8.6999 9.8626
-1.6322 4.8204
-1.7611 10.2189
10.4038 5.4264
6.3585 9.6569
4.4581 9.6650
10.0964 11.4447
11.4802 9.1655
10.2662 7.0446
10.9418 9.9078
-3.4071 9.8818
9.7554 3.2814
12.0295 -1.6216
10.6450 9.9973
9.9849 5.5684
4.8807 8.0310
-4.5440 9.9986
8.6599 8.1620
9.4058 7.8540
10.4629 11.7719
9.6229 8.1178
2.5496 -3.0206
9.9166 10.7100
-3.7657 -2.5503
-0.7801 10.2457
11.0807 9.8861
2.6360 9.9652
6.5821 9.6604
8.3871 5.2829
10.5787 9.3070
-1.6696 -1.4017
9.4265 10.4637
8.7917 11.1507
8.1609 10.4403
8.2328 -2.1463
9.8463 10.4476
9.0813 5.1834
3.3244 10.5774
7.7860 -3.8300
-1.2300 8.3993
9.9955 9.7517
8.2201 9.6582
2.1093 8.1539
8.3804 5.4730
2.6913 11.7805
6.2819 6.2861
9.7777 11.3441
-2.3186 11.8426
10.5057 8.9118
2.7751 7.7802
-1.7267 7.9383
-1.3191 7.7272
11.5636 7.0132
10.3775 8.5474
9.6825 11.2017
4.5873 -2.6303
9.3337 9.8437
7.8168 9.9703
3.6769 1.8844
9.6018 10.4141
-2.0434 9.7803
-3.3673 8.9121
8.0884 8.0703
9.7998 8.8465
10.5161 -2.6318
-2.5874 10.9324
6.0224 8.9347
10.1140 -2.9493
8.0390 7.8860
-3.9599 10.0985
-5.2229 6.7242
7.8732 10.2525
7.7253 8.1481
10.7216 9.6517
3.8217 9.5332
9.7216 8.9854
-3.2872 12.5129
8.0403 8.0982
8.2922 7.3735
9.6854 4.1664
8.2382 2.0242
9.5265 10.0962
9.2875 8.8613
6.5953 10.0343
-3.4032 7.9214
10.0460 9.5959
8.1232 8.0937
7.9560 8.2109
7.9527 9.8616
-3.0098 10.1538
4.8373 1.6802
8.5686 7.5251
-1.5727 10.0225
9.8184 9.8436
-3.6967 10.6700
9.7178 5.5954
-3.3262 -3.4855
11.6566 10.2603
3.8857 -2.8617
9.0295 -1.3456
9.6437 6.1974
-2.1062 8.5276
8.4141 8.7214
3.0550 7.4150
5.6942 9.0901
7.8621 10.2804
7.7443 -2.0472
-2.1782 7.5616
10.2509 9.8755
10.0684 -1.0937
11.4385 9.7115
-1.7635 10.1188
1.7165 9.4664
7.8932 2.0258
12.0924 9.9681
9.2812 -2.9710
8.1250 9.6426
10.4867 4.5444
6.7440 8.2121
8.3177 -3.5045
8.6782 5.3869
-4.5144 9.9432
7.1308 10.2470
9.9867 7.9048
10.2724 10.1359
11.1147 7.9464
-1.0921 7.5311
9.8142 5.3109
8.3419 9.6976
10.1887 -3.2129
-1.4868 -0.2469
5.2108 -2.5073
4.6135 11.7149
-2.5454 7.8393
8.6903 8.2661
7.6743 9.6516
8.3764 9.1653
9.7758 -0.9904
-2.2129 10.2373
2.9657 9.2621
4.7777 8.1013
8.8544 10.2913
4.0803 -2.6219
5.6259 9.8202
6.2960 8.4418
4.9949 8.5688
10.0598 8.0479
8.4771 7.7416
8.3431 4.4310
8.9678 -3.3427
4.2666 7.7215
11.2492 2.0489
10.0969 8.5036
-1.4604 9.5801
7.4275 1.2000
-2.2155 6.7063
9.5499 3.3904
11.0430 10.8060
8.5711 8.8498
10.4688 -0.4366
11.3775 10.6239
5.1111 -2.1751
3.7752 -2.1077
4.1663 7.6309
7.8629 -4.7535
10.3815 9.8346
9.9885 4.9234
10.2446 4.2778
9.6911 11.0764
9.3689 7.7474
10.7884 -1.1558
9.8188 9.6577
-3.6576 -2.4915
8.5392 9.1576
10.4232 8.1508
-3.2957 9.3609
8.7209 9.7274
9.7209 -2.9434
10.4928 5.4083
9.3992 7.4988
8.9771 9.6635
5.3342 4.6635
5.1737 5.3045
4.0458 9.8664
-4.7841 3.6799
-4.0932 8.4828
-1.2019 11.5459
1.6492 -3.0119
10.4189 -2.6558
9.2934 11.3351
7.9428 8.1132
11.9309 7.7214
2.9516 7.1832
8.2014 9.4297
11.2318 3.3171
9.0056 5.4154
-3.0229 10.3703
5.8799 9.2752
9.6809 -2.6491
6.8805 10.1394
8.6525 8.5254
10.4438 -3.7078
9.5237 9.7163
8.9185 7.6966
9.2130 7.8452
3.5710 -4.2129
8.5551 -4.9417
8.1595 9.8886
5.7366 9.7159
10.0330 4.9557
9.0498 8.3435
8.0380 10.8811
5.3425 9.8462
8.2848 9.6464
12.1293 8.6074
9.5962 9.3619
8.6768 -2.9390
10.4707 -3.7297
8.3465 9.7893
9.1579 8.6932
9.8296 7.4736
8.1946 8.5914
8.1110 -3.6149
-3.3557 12.0000
9.6759 8.1150
9.8781 8.2069
8.2323 9.2056
10.7412 1.8157
-1.6654 12.4320
8.6373 3.3829
10.3257 8.3759
9.8490 10.0062
8.0395 9.4519
3.5577 10.5617
4.2386 0.6023
9.4824 9.4508
9.2759 9.7573
7.9701 6.3396
8.3917 9.6638
6.7547 8.0400
-1.6660 11.6370
2.7443 11.3813
9.9961 -3.9717
10.9581 9.1905
9.1140 6.0226
10.0561 8.3810
-2.2696 8.7240
1.3123 9.7840
10.7270 9.3257
10.0853 1.9250
9.9398 7.1130
10.2041 3.9780
-1.7042 -2.1397
8.2152 10.0783
-4.3918 10.0523
8.1373 9.1401
8.2010 10.7756
5.8043 8.1710
9.3688 3.2111
7.9366 2.8798
6.8020 8.3839
10.9699 7.9946
6.0609 7.8091
9.9507 10.0474
10.3728 10.5235
8.1620 4.7797
8.3445 -1.1697
11.4438 7.7633
5.0382 7.9538
10.0135 9.7850
-2.8261 10.8173
4.0897 9.1623
-4.9491 8.1448
9.2334 10.8966
7.5721 -2.7543
2.7925 10.2310
7.9121 -2.8893
9.7497 9.8411
2.8706 7.8802
-2.4160 8.0999
-3.6424 -2.6002
8.7902 9.6457
8.4775 7.0976
-2.8854 -2.7615
-2.5724 9.7990
8.1088 6.4576
9.8899 10.0202
9.6703 11.2798
10.8492 1.1911
8.1312 9.6705
-1.5796 -0.8858
5.8393 7.8093
8.4453 -1.4446
-2.6825 4.3119
8.7261 1.5412
11.0775 8.1233
8.9685 0.8025
-2.1706 -1.8282
7.5532 -2.9403
8.4626 9.3952
7.9784 -0.9608
-2.7923 3.6435
8.0478 10.2725
9.2410 11.2466
-0.4033 8.3722
8.8449 -2.2387
6.2605 9.1886
8.2060 8.2528
6.0848 8.3856
11.8452 11.1586
7.9657 8.5527
9.4477 -2.0119
8.7634 4.1204
10.6587 9.8729
8.1370 8.5682
4.6928 4.0020
8.9928 -3.0696
9.7938 9.8168
-3.7137 9.7249
9.0855 9.6779
10.1976 9.8561
9.2044 -3.3481
9.8128 9.8926
1.7274 10.1320
5.3319 7.0337
10.3212 5.9008
9.5537 -3.1962
11.8208 -3.2087
11.0003 7.4739
10.3749 10.2853
8.2294 7.9755
-3.9016 8.9881
-2.2560 7.7792
7.8628 7.0506
2.8343 -1.4153
8.3240 -1.9137
8.5270 5.8130
8.0673 8.0243
9.6670 8.4178
8.1670 2.8719
8.6888 -4.0223
4.8479 11.1012
7.6895 -2.4176
9.3790 -2.6253
9.8961 7.5474
-2.8271 8.3139
5.5778 -0.2828
7.8122 -2.8831
11.8500 2.9584
9.3524 10.1883
1.1219 -2.5652
9.9552 5.1327
8.4316 8.6971
8.3230 -2.2170
9.5755 10.2391
8.1928 9.1403
10.1881 9.7884
-2.1352 7.5535
9.9043 10.1639
8.1353 9.9441
-3.2456 9.5278
8.9519 -2.8244
7.7553 4.8142
11.0827 8.5359
8.9294 9.8259
-4.1010 8.2378
8.2228 10.1260
7.6726 4.8090
7.6572 -3.5513
-3.8659 3.2151
-2.2991 8.4832
-2.0791 9.9244
8.2871 10.0514
-1.4557 11.6824
6.9389 -1.6541
8.2340 8.8993
-1.8306 11.0349
10.6230 -4.0428
8.2550 10.5720
8.5869 7.9036
-2.9584 8.5311
8.2086 -3.2207
9.9444 9.6502
8.5857 10.2437
7.9954 7.9694
-4.8008 -1.4480
8.0999 -2.7175
7.8101 5.5756
4.2014 10.4523
10.6103 7.8633
8.8555 11.0007
8.4076 10.7857
7.6101 9.6829
10.2247 -4.0243
8.4505 9.7464
9.7467 10.0591
-2.2613 10.2321
-3.2179 7.7902
10.5390 7.9415
11.0767 9.8081
-1.8564 9.8305
8.0003 7.8634
11.3643 10.2671
-0.0256 6.0754
9.7659 10.9271
7.7783 9.6111
8.1496 -3.0331
7.9745 8.6571
8.0946 9.9509
-3.3128 -1.9674
8.0909 9.2084
7.8860 -4.1282
9.9753 -2.8556
8.5161 -1.8870
8.9230 -2.5067
6.1220 9.9151
2.5069 5.3641
6.6048 7.7750
8.4492 7.4684
9.2664 10.0970
9.5425 8.3530
7.9984 10.4348
-1.0874 7.5424
2.0989 9.6189
-2.5611 10.8490
5.5560 8.3636
8.4049 5.0818
-3.7503 11.7248
9.7475 8.7003
-2.5780 2.2392
5.4017 8.7244
5.6596 -2.7867
11.0922 10.6252
-1.6556 -1.9450
5.6231 10.6330
7.4035 9.9182
2.2487 11.7958
8.0086 9.2127
1.6235 9.7383
8.3677 -4.0316
7.9215 5.5352
5.7335 7.9522
6.0389 9.9071
9.2011 7.6205
6.1182 9.7080
8.1141 -3.4289
9.7846 8.3434
8.1451 9.6073
-2.1430 6.9368
8.8307 7.5284
9.8785 9.9029
9.8564 3.7317
10.3957 9.6147
10.2302 -3.5174
11.1107 7.1078
7.1560 8.1279
10.6372 7.5574
9.6925 10.1863
10.4678 -3.6483
7.8830 -3.3794
-3.5463 1.9921
8.9687 4.2971
10.1688 9.4906
-2.4126 8.8218
9.1827 -1.8609
10.5400 1.7764
9.6750 9.3988
8.4034 11.7449
9.5483 8.4680
11.4643 3.8910
-3.6489 7.9627
2.8686 8.4949
-3.0280 9.7288
7.6652 -1.1386
8.1773 8.0414
-2.0234 -4.5216
2.7937 9.3748
8.5180 9.4423
10.9368 8.9261
9.9486 8.5044
10.1235 7.7693
8.3057 7.8458
2.6198 8.5330
11.5621 -1.6070
8.5025 9.7675
10.2152 9.1881
8.0705 7.3765
12.0029 7.9262
2.3428 8.2996
10.0803 10.2136
-2.5645 5.8034
12.5251 -2.0114
8.7678 10.7681
8.1678 7.7561
-1.5685 2.7743
10.9816 10.1131
8.2402 9.0027
-2.6964 9.5989
-0.9791 3.6154
10.2570 9.0395
9.8257 9.8882
11.0131 7.6677
-1.2873 -2.1156
9.0076 9.7993
6.9677 -2.1287
10.6289 8.0867
9.5885 10.1560
9.4532 3.0734
7.5789 8.7802
5.8838 10.7207
8.1113 4.6492
4.0786 8.1546
9.7929 10.0471
9.6170 -1.8201
8.1489 9.7700
4.6669 5.5793
11.1766 -2.5771
11.5836 10.2815
7.8239 9.9406
9.6436 3.4907
-2.0171 8.1475
8.1003 -1.0728
8.4289 7.2542
-3.0297 9.4938
-1.5375 9.8435
-3.1410 9.4793
9.1714 6.5645
12.1705 2.9582
11.6765 8.3104
9.6860 7.3097
9.3168 9.3738
7.1474 10.8896
-2.2715 12.0306
9.7525 9.5944
9.9802 9.8505
3.5199 9.9738
10.6238 8.4035
9.3542 9.9265
-2.4714 -1.5293
8.0817 8.0313
8.7298 -4.0434
9.6836 -4.0123
9.2416 -2.5060
7.8333 7.9355
9.9508 -2.9513
7.6112 3.6646
-3.1273 5.0221
9.4774 9.6339
8.8310 8.0534
9.1390 -2.0261
9.4156 9.2425
4.6305 -3.2890
4.7964 -2.5878
8.0639 -2.5615
5.1368 10.0586
10.0065 -2.0025
10.3737 -2.2102
8.3695 -3.2335
9.3640 10.0313
8.6469 8.1796
5.0931 8.1958
5.9456 9.8406
9.3427 4.5532
3.4693 10.1068
8.0977 9.7253
11.9846 9.1017
9.7887 7.8965
9.4161 9.4010
11.4632 8.3341
11.7243 9.0484
8.9515 5.6709
10.6244 -4.9856
4.9377 3.5252
-2.4452 7.8656
4.3513 10.1979
-2.9864 10.1082
10.2413 7.6250
10.0868 9.4131
10.2733 -4.2303
7.5754 9.7823
9.3445 -2.7803
9.6840 -2.9903
4.3413 8.9238
-1.8394 8.5979
8.6435 3.0928
-1.1869 9.6319
7.5867 6.6648
10.7900 -0.9304
-4.2823 9.7582
8.0916 9.8427
9.8749 7.7337
10.2099 10.7343
12.7013 10.2505
1.9630 8.3233
8.0978 9.0964
7.9211 9.3184
-1.5190 4.6775
10.6461 2.7979
4.5708 -1.6965
9.8614 0.6610
8.3416 9.0647
10.5108 4.6101
-3.1250 4.8137
9.2247 7.8762
10.1152 9.6657
-5.1713 10.5623
9.1165 10.1608
10.2543 8.8651
8.1123 3.8769
-3.6978 7.8242
6.3203 7.8685
3.9984 -1.9725
9.8541 -1.4211
11.3661 5.1895
6.8369 9.8585
6.3632 11.3063
-1.7380 11.7927
4.8329 5.8688
-3.0089 9.2525
9.3968 4.6079
8.2649 9.4251
10.2815 9.8943
8.1270 8.2275
11.0565 7.9300
9.7007 7.5532
10.2722 8.6624
9.1634 10.1702
8.2576 -4.2698
7.9113 9.8537
-1.8856 9.3294
-2.9772 9.8713
10.0822 3.2728
9.6957 10.3438
8.3076 -2.2392
9.6552 9.4985
8.0355 9.6910
7.9128 9.9195
7.7770 -2.0198
-3.4478 7.8067
9.9450 8.7763
2.2391 11.3965
-1.3466 6.8941
8.4872 7.6739
2.2539 -2.3755
4.2035 7.8677
9.8211 10.3439
-1.3455 4.4104
-1.8095 8.1182
11.5981 11.1010
7.7723 -0.9695
9.9881 9.9496
-2.4515 6.0130
8.3275 -4.2579
9.7448 -1.0091
8.9550 9.7276
7.8773 8.1566
10.6433 -2.7882
11.1087 7.7276
8.1862 9.2948
6.4967 7.9672
4.7347 11.0907
-1.0335 8.2644
10.0881 9.5192
-2.1852 10.4090
-1.7807 9.6432
10.2336 9.0601
-3.7147 9.6257
-2.4298 10.5083
-3.2431 6.0276
8.0204 9.8434
9.7166 11.4126
9.9019 6.8280
10.0360 9.5908
9.3108 9.9314
9.4330 4.2622
9.7319 9.7514
8.7262 -3.0245
10.9617 2.7275
8.5404 8.9539
7.8923 9.2148
6.3491 3.1480
8.3607 8.7512
9.9293 9.0806
10.5352 7.6976
7.9891 8.3653
9.5895 8.2400
10.5825 -3.1225
11.7099 -4.1984
7.8718 2.5115
11.8565 9.8292
2.2962 -1.8687
10.7906 1.8806
9.8328 9.6768
11.6331 11.3749
9.1179 7.1409
8.9131 -3.3541
9.0332 8.1658
-3.6651 8.2815
-1.0315 11.9880
2.6276 9.7123
7.7163 9.4058
-0.4431 -4.1188
8.2807 10.7617
8.3593 7.9212
9.8442 6.2839
7.7147 5.1167
9.9014 -2.6351
7.9345 9.0804
1.9421 8.1985
10.8267 12.6139
5.3807 9.5571
6.7958 10.1736
2.4316 4.8711
8.3281 0.0953
10.0573 2.6133
10.4182 11.1697
11.0826 8.4392
10.3924 9.8988
8.3867 8.6934
8.0383 10.7070
12.3179 -1.9846
-1.8924 4.7866
9.8520 11.6076
8.1494 -2.4159
10.9343 2.1554
-2.8475 9.6250
4.3452 7.5353
9.9573 2.0854
7.3582 3.6612
7.8094 8.0227
10.5373 -4.1967
9.5420 4.4653
5.1431 10.2610
9.7042 10.3694
-1.1699 8.1205
10.2779 7.5743
8.5623 1.8405
7.9458 9.7111
10.1886 10.7620
2.3123 7.9399
11.5778 -2.9460
9.5102 11.4336
2.7854 9.6055
5.9503 1.8512
5.1172 -1.0530
6.0720 -1.8630
8.0313 8.2899
9.8380 6.8609
-2.8728 9.2930
9.8402 8.9413
9.3850 7.5872
9.8218 10.1654
3.5549 9.6695
9.3530 10.8873
6.2924 -2.8186
8.1939 6.8281
9.2097 -2.8961
9.8734 8.3096
10.2291 4.8354
9.8729 8.4565
-0.8470 10.9713
-4.7031 12.4458
10.0211 9.6458
-1.7548 -0.0045
10.2363 9.8515
11.5174 9.6390
-1.8629 9.6935
7.3852 11.6608
8.0801 -1.3170
11.7886 -1.4855
-0.9599 8.2155
8.5095 7.8019
5.2648 8.3099
9.8120 8.9261
-1.4047 9.7169
-2.1852 10.0980
-2.7225 8.2825
-4.1706 9.7929
8.8315 11.0490
9.5829 9.8037
9.1041 10.7593
12.3519 9.5582
8.8026 9.7478
9.5117 -2.1149
-3.4067 10.6221
8.2519 6.6508
-2.3360 8.2607
-4.2949 9.7920
9.3127 7.2384
7.6356 -1.8230
7.8111 9.2845
7.9901 10.5849
-1.3496 8.3398
7.9899 3.4199
7.7038 10.6644
-2.9172 9.8223
6.0257 5.0037
10.6192 4.5750
-4.0101 10.1695
9.5431 10.4482
7.3119 9.7501
9.5402 13.3059
11.4336 7.8206
10.0188 8.0223
9.8268 9.7603
-2.5419 8.2456
9.8212 8.0009
5.4992 7.8664
8.3870 7.9583
-4.0817 -1.2956
1.6735 10.4988
7.9129 7.8960
8.5251 -2.9714
9.9383 7.6669
-1.9570 7.6211
8.0324 1.4678
3.3565 7.3528
8.5321 -3.0464
9.6276 7.6347
-1.3097 7.9485
10.7106 9.0768
11.3200 8.7829
7.9033 10.1308
8.0456 -3.3728
9.0698 9.9249
10.4449 9.7630
11.3098 -4.3452
10.8679 8.4422
6.9585 11.3669
9.4929 9.9909
8.4734 9.0492
10.1263 9.8191
8.2293 4.0767
-2.8536 -3.1609
9.3770 10.0454
-3.4425 9.8557
8.3695 6.0420
8.2946 -1.4551
9.6387 12.2908
10.6441 10.8964
9.6950 7.8831
4.1375 9.6216
7.6801 1.3333
-3.7739 2.2643
10.0834 -3.0144
8.2068 7.2736
8.0245 9.8103
7.9364 8.2308
9.8549 10.9042
-2.3288 9.6365
10.4578 11.6134
-3.0559 12.7165
10.7631 8.5988
9.0000 -1.7261
-3.8105 -3.1950
9.2411 11.2593
8.1764 10.1048
9.7959 2.7907
10.2986 9.7968
-2.0063 -3.4616
6.1976 11.3116
-2.2855 10.5702
3.5976 8.9516
11.3020 -1.3922
9.3173 -1.7271
7.9471 8.0178
4.5322 9.6853
-4.1606 8.5087
8.6519 10.5290
8.2456 8.2644
9.1411 9.6102
3.9818 0.6802
9.9068 5.1108
-3.9959 7.9767
9.9911 8.8015
11.7535 7.7063
11.2563 10.3559
3.5938 8.3569
10.8537 7.7718
8.3698 -1.1653
10.2627 7.5820
2.1434 8.3466
-3.2541 9.9480
4.7755 8.3066
9.6611 6.2684
-1.4197 -3.6949
-3.6121 10.0393
9.4038 9.9541
3.6465 8.6658
-2.8263 10.3935
1.8960 6.4447
9.0134 -2.6730
8.5144 9.5712
11.7415 10.4534
5.3743 -2.4647
7.8473 7.7879
-1.4813 -4.7658
11.0458 11.3617
2.1339 -3.0576
-2.2574 6.8432
2.8431 10.2515
9.6175 11.2315
10.2216 5.8426
9.7421 3.5469
10.1902 10.7628
-3.9569 -2.2123
-2.5200 7.9252
5.8231 -2.2861
7.3462 -2.8635
9.4279 11.9696
9.7264 11.7209
-0.8777 8.4187
11.5433 8.8584
9.4571 9.6390
2.3377 8.4295
7.6495 10.5902
7.8246 -1.5571
6.2678 7.9093
11.5780 9.8386
9.5799 9.8536
8.6820 8.8067
3.9867 9.4628
9.9495 4.6193
10.6118 -4.0038
9.8213 9.5538
8.1205 8.8759
6.4707 9.0513
9.4062 9.9898
8.1755 8.3502
-3.7015 8.3234
5.9079 7.0007
7.9469 8.2294
11.9499 10.0646
8.7702 12.5734
7.6138 10.8415
9.3379 8.9080
8.3747 10.2859
-3.3857 9.6428
7.0150 8.5844
5.3985 9.5662
10.6396 10.8701
4.6156 8.0570
9.8637 11.6435
11.7552 9.5736
12.3151 -3.8889
5.9615 4.8702
-1.8221 11.3418
8.3420 9.8910
8.3192 -2.8901
7.7465 9.2855
2.5451 11.9626
-3.4770 10.3045
2.1103 8.2212
8.0469 -1.5690
7.7551 8.8634
-3.2220 4.4695
8.8010 -2.6642
3.9819 -1.4673
8.2861 3.5714
4.5197 -1.7073
-3.1060 7.7471
7.0027 9.8062
7.8368 8.1129
2.1489 -2.5865
-3.5271 5.5400
10.2957 8.6940
6.9864 3.0696
13.2114 7.6004
9.6356 11.2445
-2.3654 7.9695
-1.2991 -3.7652
3.0755 7.7461
8.5185 9.1636
6.5905 -2.9011
-1.8872 9.8923
9.9828 -1.7754
11.0919 8.0773
8.7920 7.7913
10.1158 3.4513
8.3661 8.4934
9.8384 8.6673
10.7879 10.9066
-1.3969 -2.6190
11.0455 7.9539
9.1485 -4.0998
9.7061 10.9684
3.2527 7.7494
10.0647 7.9467
10.9134 -2.4706
6.6421 9.8031
5.2737 7.8257
9.2516 6.2079
7.8024 2.9649
11.7945 10.6040
4.8166 9.3337
2.8163 10.7281
10.7098 -0.0313
8.2531 7.4886
9.5423 7.6623
5.5373 8.9035
5.8683 9.9634
-1.6029 -4.5925
9.7297 7.9901
4.2553 9.1047
2.7672 -3.8507
9.7911 5.0124
-2.2319 10.0472
-1.1753 9.2158
9.2797 -3.3193
-2.5815 9.4948
7.7439 -3.4249
13.0616 7.9709
-2.0600 10.6096
-0.8985 -1.8928
9.6285 -2.5156
10.0924 9.3752
-1.9436 9.5709
9.7963 -2.4019
8.5457 2.4266
10.1863 9.8908
8.1818 10.3086
8.2742 10.0632
-2.4594 4.9610
-2.7497 9.5615
-3.6982 9.6849
5.9599 10.8880
-3.1085 9.9271
9.9323 -0.8383
10.0681 8.7010
11.4102 9.4171
9.9593 10.8224
2.4033 10.8895
7.9428 9.7363
9.9429 -1.6714
5.3714 7.6900
9.0911 9.6987
7.6568 9.9806
8.0995 8.2057
7.4626 9.1352
-1.7600 11.8409
-0.5833 9.8850
8.3399 5.7299
7.4260 9.7194
-3.7171 9.3764
5.9707 7.9538
8.0038 8.2459
-4.6049 8.1828
2.4495 8.0659
-1.1099 10.1951
11.5973 8.3583
8.0450 9.4696
8.9065 -2.5323
1.5233 4.3496
-3.7606 8.0850
10.8520 11.7855
8.4638 11.4331
4.4158 7.7550
11.5616 7.9527
7.6839 9.8749
9.8259 7.9627
0.6109 10.6009
6.8427 -2.3736
9.7177 9.3110
10.7253 -2.8897
7.8262 2.8981
8.5196 -2.9937
10.0577 -0.5332
7.3884 7.8767
-4.4484 5.6426
5.8839 3.3270
9.6295 7.8686
8.4469 -2.7762
4.6316 9.3925
-1.3537 12.0996
9.5737 -2.2714
9.4627 -2.8006
7.2904 5.9801
12.2720 5.3333
10.0561 9.8520
7.8977 9.6647
8.1686 10.0573
-0.9837 6.6228
-3.2187 -2.6264
-2.6772 4.9606
8.2247 10.8366
9.7925 -1.8949
7.8760 8.5011
9.4599 -2.0654
9.9437 3.8446
7.7261 8.9726
0.0250 8.3428
9.6496 9.6289
10.1125 6.1613
8.3974 10.7814
9.7842 8.7663
9.6296 4.3038
7.8034 -1.9218
-2.3186 4.9375
7.8460 9.0248
2.9991 8.2727
8.1677 11.5285
9.9592 3.5522
9.4262 10.7573
4.7139 11.0291
8.3446 9.5164
8.0478 -2.8423
7.9316 8.1377
7.3220 -3.0187
12.0229 8.8169
6.7275 10.1777
6.1281 12.4348
6.0721 8.2460
8.0427 8.2607
10.6275 7.9881
8.8027 7.7569
5.0544 9.7366
10.3986 11.1034
11.6630 9.0477
6.6439 8.7499
2.2851 8.2834
0.8447 9.9605
8.4119 -3.9937
8.6028 10.1163
9.7393 7.9945
9.0590 7.8537
9.0636 2.8287
7.8220 7.9426
9.0574 10.8189
3.8441 2.8079
2.0812 8.8176
9.6508 9.2243
8.6993 4.8403
10.9114 8.2287
8.7775 -1.5665
8.7214 9.9015
3.8770 8.0808
9.9461 10.0420
-2.0242 -2.6033
5.3755 10.6502
9.9369 9.7282
3.7959 -2.5486
-4.6099 4.9750
-3.0902 1.4172
9.4331 9.6955
8.0224 10.6482
8.3140 8.0721
5.8899 2.6311
7.5853 8.1949
-1.2143 -3.8980
-3.7527 3.7847
0.9499 6.3056
8.1348 8.7959
8.1790 -2.3495
7.8646 9.2110
8.3728 12.3623
5.0847 7.9101
3.6279 11.1872
10.4481 8.4114
11.3674 9.3653
10.0144 10.5221
12.1875 8.3463
1.8664 7.8274
8.0463 -4.1311
7.7609 3.4946
-0.7163 11.1584
1.8687 -3.9494
9.4857 9.9411
9.1576 -0.7097
10.2463 9.6444
10.7247 8.9445
8.6701 6.5296
5.3436 3.3623
9.1949 7.6971
1.7075 -2.2348
8.1178 7.9170
5.8018 4.7563
6.9461 10.2352
7.9418 10.6191
9.4275 -4.4263
10.2500 2.0641
5.7806 9.9902
10.4057 7.6118
8.2216 -4.3538
9.3551 10.6708
8.3599 9.7495
9.3152 -3.7080
10.8783 3.4660
8.0458 -3.7204
10.1838 8.5238
8.9192 8.1360
-2.0453 -0.7601
4.8334 -1.7899
11.1338 8.5482
10.1566 8.6203
7.6248 10.4440
8.2259 7.6498
7.9206 6.1563
9.7269 8.8515
-1.9277 7.1925
0.6393 5.7236
7.6322 7.6304
10.1655 0.9164
7.6027 8.2449
8.4212 8.0184
10.5568 11.5330
9.8035 8.9774
7.9949 -3.0863
9.2986 11.6865
4.7487 9.9156
11.6077 0.1350
7.7822 7.1531
9.5224 10.3086
-1.4285 -2.0588
0.2774 8.9550
5.1192 9.9324
2.6102 10.0065
-1.5613 9.0208
5.8890 11.2413
5.1613 9.6692
10.4559 8.1840
2.4148 10.2383
10.0268 8.1182
-2.9061 11.7898
10.0224 9.5073
-3.2930 9.9578
10.0500 8.0444
10.6377 -2.9339
7.4978 6.0263
2.6459 9.7172
9.1194 3.3964
8.1234 2.0232
-2.3534 8.6135
8.1442 10.9713
10.7712 9.7517
8.0556 10.6095
8.8280 5.5513
7.9580 8.8900
9.5132 3.7867
1.2794 10.3937
11.1102 10.6373
10.8208 7.8197
3.3574 6.8123
6.4166 8.1795
-0.6871 -3.0999
8.0919 -2.4087
10.1278 -1.5050
2.2055 7.9034
-1.8149 8.2295
10.0785 10.4671
8.4510 9.6760
4.6570 10.3323
8.5633 10.8339
9.6554 10.6903
8.1779 11.6602
4.7836 8.1846
10.4240 8.2944
8.5227 6.8061
2.6060 4.1613
10.4808 7.9622
8.0147 5.8651
3.0175 9.7762
-2.7990 9.1503
-2.8037 9.4895
7.7878 8.0446
-2.9975 -1.6079
8.7676 8.4707
7.9414 9.0827
9.5808 4.7038
8.7930 -2.9038
-3.8183 7.0353
8.2153 7.8486
9.0401 10.1649
-3.2627 11.0883
11.9386 8.9285
11.5560 -4.0032
4.0979 4.0018
10.5577 5.2476
9.5211 8.6744
-1.9340 9.2256
11.3819 8.4024
10.0937 -2.7565
9.3584 -3.3467
9.1064 9.9599
8.8454 10.8988
7.2950 -1.6877
4.0146 10.0062
7.4591 6.3970
8.4096 8.1203
9.3346 9.8767
8.7825 -3.5203
9.7496 9.8281
-2.1986 10.0778
7.2422 11.9112
8.3144 9.7708
9.2515 7.7075
10.2937 3.7188
-3.7949 7.6327
5.7041 9.7823
7.7447 10.8382
-1.0532 1.6245
8.8075 9.2939
9.6402 10.8768
-1.0971 10.7194
8.2934 9.5636
8.0959 8.2058
-3.4722 8.1360
8.1944 9.5144
8.5452 10.0818
8.9857 10.8187
8.8849 11.9341
8.7984 -2.7495
2.8423 7.6272
-2.8524 9.7817
9.4763 8.2234
7.6452 -4.1101
1.3658 3.3371
5.3367 11.9400
2.6611 -3.2858
7.5811 7.7429
8.2346 3.2528
9.1285 8.0653
12.4801 10.8929
5.3088 4.3382
4.1934 10.1817
9.3674 5.2453
9.9867 8.4209
8.0085 3.3296
9.7786 7.5858
9.9151 10.3515
9.2012 9.1131
4.9386 -2.2255
3.2312 8.2155
10.0289 10.0032
-2.5502 6.0617
9.8965 -2.1831
-2.0510 8.0307
8.0206 -3.2671
11.5369 10.1004
9.7449 1.5306
1.7017 5.3819
9.8238 7.7409
9.6383 8.5850
7.7380 9.5325
9.3125 6.1884
-2.2879 8.4838
-2.8891 10.6895
-2.9229 9.4007
8.2510 -5.0401
4.5612 5.5835
8.0611 9.9229
9.8711 3.8084
10.5659 5.7716
-1.1321 6.4134
-3.8989 7.8019
10.4172 -2.7687
-1.2385 -1.6253
-3.6685 5.6023
9.7400 -3.4363
8.0099 9.4518
9.7692 7.6227
-1.5122 4.0803
-5.3172 -2.2662
10.1466 2.9483
10.0865 4.8182
-3.1099 9.9947
5.2706 6.4500
10.2989 8.7610
9.8068 10.4620
9.8931 8.6323
7.4678 8.9918
9.9000 8.8674
7.1318 2.7612
8.4054 7.1267
10.3559 10.9516
8.7328 10.1307
3.7541 11.4406
6.6080 11.1963
10.4463 8.3468
10.0402 9.7209
-1.9545 9.1281
9.8554 8.2674
8.0369 8.0151
4.7100 6.6008
8.1110 0.6405
7.5911 8.4344
9.4869 7.9230
-1.8931 9.7234
10.0676 9.7053
-1.0957 8.4485
-1.9055 12.5935
8.0465 4.4310
8.8091 3.8019
8.0694 -3.3270
0.2891 1.3154
9.9830 2.0971
10.3083 8.6148
9.8196 -2.9578
-2.8137 7.8620
0.4845 7.4768
10.0022 -3.0314
-2.6367 8.6831
-3.8826 9.7117
8.2986 2.7392
8.7971 -2.4425
10.5299 -2.1863
10.1826 8.0223
6.6675 -2.6372
-2.1550 3.9016
8.1611 7.9957
8.1137 10.5592
12.3772 9.4907
-0.9608 10.2344
9.8926 9.6447
8.2538 8.2787
10.5536 8.3441
-3.3020 5.1386
3.6829 -3.9948
5.7697 10.6953
-1.6265 4.2499
10.0244 2.6008
7.0527 11.4013
11.4394 3.7335
10.3321 8.0555
8.5805 10.0657
-2.5688 8.6109
10.6142 10.2796
7.7902 -3.6218
9.6195 -3.3919
11.3554 7.8917
4.0837 8.7196
9.8795 7.9578
8.8237 7.9117
7.7289 8.5060
6.4345 -2.2660
6.7757 3.4800
-2.8202 -0.3592
8.3097 10.9930
9.7719 5.6054
10.1953 8.5811
0.6952 -3.6712
8.0435 8.8278
10.0022 8.0602
10.2316 -2.1384
11.1862 10.8306
7.6730 7.9334
5.5926 5.1560
11.0191 8.2917
5.7332 9.6067
9.2990 4.8949
4.0252 8.1269
9.4969 11.0488
7.9658 7.6723
9.3276 7.9807
2.7786 8.1379
7.8813 -1.1635
-2.1048 4.3460
9.4865 8.2827
11.0680 8.4039
-3.1385 2.5443
-2.0092 7.9370
-4.1535 8.0817
7.2670 9.7541
4.3945 9.1541
8.2178 9.5444
8.8639 11.1041
3.8898 9.6916
8.8231 -1.8911
5.1149 2.5668
8.7745 9.7133
9.3200 7.5829
7.4954 9.9973
3.7662 7.8533
8.5369 -2.5920
-2.2119 7.9121
10.4549 6.9454
12.0139 9.8303
-2.9491 9.7368
2.7085 10.0788
5.1241 8.4499
-2.6685 1.0685
8.4415 7.7103
2.2138 4.3634
8.2490 2.5745
5.1119 10.2768
9.4106 9.6662
9.3674 8.5681
-2.7418 9.8815
10.6127 -2.0596
9.2516 11.8407
1.9688 -2.0545
-1.2770 10.0728
-2.4099 12.8659
8.9580 7.7110
-2.2649 9.5705
11.2342 9.8265
9.6215 9.7918
5.3407 9.1259
8.3518 7.1389
7.2467 6.2062
10.1179 9.3983
10.1298 -4.2822
-3.9086 0.7918
9.0374 2.6075
10.5529 9.3911
9.4117 2.5304
12.1998 9.7117
8.0255 12.5761
7.6502 5.8370
12.2483 11.7034
9.8516 11.3325
8.4183 3.3953
-1.1189 7.6964
8.7543 -2.6892
9.5899 9.4312
11.2141 11.4274
8.4802 -2.3491
9.5906 -2.1284
10.1247 8.1303
8.1038 9.7761
-0.3202 -1.5610
11.0463 -3.0968
7.8928 2.7930
-3.2200 4.8982
-2.0665 -2.1367
9.5612 10.3669
-2.2863 10.0820
8.4090 -4.1732
7.6326 8.1872
6.0843 4.2462
-4.1528 9.8343
4.8825 10.0472
4.7895 -2.5904
9.7094 9.5427
-3.7822 9.0109
-4.4574 5.2591
-3.3532 10.7736
-0.6276 6.8327
-3.5346 8.2546
9.8396 -0.7392
8.1089 9.8396
7.9632 -2.7273
8.1624 11.6655
9.6927 9.8651
10.5609 8.6597
8.8721 -2.5275
9.9299 9.8570
8.6493 2.0763
3.7542 -1.5444
10.0234 8.2875
-0.9927 3.0551
7.9725 7.6786
10.5332 8.0059
10.9456 11.6710
6.1538 2.5898
2.1176 -3.2470
8.3098 10.4366
4.4948 7.9605
-3.4615 8.5992
9.8093 9.7115
12.5372 8.3307
9.8579 9.7457
9.9416 9.7020
-3.7818 3.5137
8.0358 8.0908
-1.3640 6.4930
5.2969 7.8284
8.3142 9.7550
5.5032 8.4042
-2.1551 10.5569
2.7471 -4.2246
-4.3144 3.7316
9.1709 7.6135
3.3338 10.9128
7.8539 8.1595
-1.5430 10.0832
9.3087 9.1235
8.5343 -1.9364
9.8029 9.8375
8.6459 8.0314
-2.9864 9.6744
5.4732 10.5284
9.8402 9.8664
12.0703 8.0705
4.8847 10.7253
-2.8244 7.7016
-2.5015 7.8408
-1.7531 3.8855
9.7506 9.7295
7.9989 9.2757
7.9301 8.0337
6.1704 8.5943
9.1517 8.2051
-0.7803 8.5561
1.7814 11.9055
-2.6907 9.4325
10.8033 9.8283
12.2151 -2.8219
-2.1257 10.3859
9.3094 7.3718
9.0812 9.7448
10.0681 7.0546
8.1977 8.2463
-3.5652 9.9523
7.5413 9.8057
4.1019 10.6311
8.9698 5.6125
-4.5142 -1.4511
10.3891 11.0042
10.2212 9.9876
9.4546 10.8430
10.5236 8.0422
-1.3589 11.2033
7.7481 9.8297
9.6837 12.3204
5.4892 8.5492
10.0662 8.2906
8.8078 9.5444
8.3371 8.3397
-2.9514 10.5077
9.8483 8.6147
10.3395 -3.5281
9.8092 6.4379
-0.9765 10.2701
7.9988 2.2461
-5.4320 9.6029
8.2121 10.6500
7.5952 -3.7390
3.4372 12.0388
3.7154 10.3514
4.2524 2.6961
3.0068 11.6798
1.8144 -3.0481
8.0004 5.6033
9.7865 10.7714
9.0041 -3.2277
3.9840 11.1452
10.6009 7.9032
7.9808 -3.7613
8.3940 11.3378
-4.0934 8.8598
4.7483 5.0937
10.7513 12.6667
9.8585 10.1965
10.3385 -4.2164
6.5510 8.2170
9.5008 -3.3089
6.1836 7.3416
8.5336 12.8036
7.9854 9.6642
9.0825 8.0480
9.5977 9.7839
10.2061 7.5896
-2.3181 -1.7833
7.9700 9.8467
-2.8068 9.3177
8.3613 -3.2898
10.4975 10.2468
9.1112 9.1076
6.8021 9.5447
7.8980 12.4997
4.8116 -2.6302
8.3622 -4.6583
6.8198 -3.1410
8.9711 -3.9338
8.8143 -2.0053
7.8645 7.6014
9.9106 10.2967
1.4649 9.2021
3.3495 10.3420
-3.9960 10.6548
4.5956 8.4770
9.7077 11.5538
10.1711 7.9247
10.8283 7.7887
10.3011 7.4278
9.7296 6.4739
10.0526 5.7354
-1.7099 10.1878
8.0770 -5.2519
8.0925 7.7505
8.2773 9.2359
4.1648 1.1451
9.6291 10.9184
8.7143 9.5880
9.7584 9.5839
10.0322 -4.1521
7.7461 3.0980
-2.7041 9.9273
-3.6636 8.2441
12.6354 8.0874
2.2268 -1.6133
8.1568 10.0472
2.7956 -0.6113
9.8937 8.2466
9.7730 -1.1096
-2.6362 7.8638
12.5380 9.1477
9.9850 8.0125
5.5683 10.0081
10.2349 9.7505
8.2288 -4.3627
10.7581 8.1069
-2.3047 8.6085
4.9005 -4.3129
-0.4499 -3.2881
8.3083 8.9090
8.2988 11.1590
8.6380 10.4549
-2.5405 9.5290
-2.0575 -1.5746
9.9239 -2.6475
8.3476 7.8285
8.8131 3.8418
8.4850 11.4569
0.4397 -4.1271
7.5811 8.1197
9.5717 9.9927
0.2232 3.1613
10.9412 10.0539
-2.6055 4.2213
7.4211 10.4211
4.5857 2.8274
10.1503 8.2178
9.4987 11.3617
3.2970 9.9530
-3.6831 7.9661
9.9511 8.1336
9.8226 7.5786
8.2571 8.2206
7.8740 8.7620
4.5929 9.8447
7.9608 8.1411
7.9882 9.5428
9.5754 9.6288
8.2140 8.0009
11.1852 -2.8824
11.0102 5.5782
6.6431 5.8522
10.9756 8.0664
10.3418 7.8162
-0.8666 9.9045
-3.3296 8.8612
11.0817 11.5184
9.5810 9.1131
-2.2134 -2.7530
-3.8998 5.5504
1.2046 9.7963
11.2056 8.5878
10.1543 -2.7883
9.9487 8.5659
9.7685 6.3809
11.4402 8.8961
-1.7499 8.0064
10.8602 1.2839
8.0934 8.1983
7.8258 9.6848
9.8967 7.4219
9.8178 9.8423
8.8906 8.0523
4.0615 9.2718
3.7399 3.3142
-3.1449 -2.2425
7.9182 9.5784
9.6523 -3.6427
-2.8038 8.4101
9.0427 -1.4473
9.5006 -0.4753
11.5069 5.8562
9.6644 8.7737
8.2917 8.2477
9.4664 -3.5627
-2.3030 -3.8438
10.1752 11.0849
-3.3922 10.0556
10.1387 -2.7823
8.3598 -1.0472
9.8636 10.1975
5.0451 12.2676
5.2433 9.8623
5.5023 -1.8533
9.8826 8.0214
11.6404 -1.8679
9.5773 8.4430
8.8781 9.6326
9.5579 -0.4644
2.1559 10.6491
9.7200 8.1667
3.9308 7.9930
8.4900 10.0040
7.4006 -2.0415
7.9488 5.7168
-2.8583 9.0192
8.7992 9.7982
11.3551 8.0840
7.4659 5.3076
9.9218 8.1366
9.6007 2.5426
8.1140 9.9874
-2.7574 11.0418
10.7824 -2.0259
11.0615 8.9808
9.8825 8.3676
4.6624 8.4889
8.1484 -3.2110
-2.0600 7.6240
2.6656 9.9954
7.4000 9.9466
7.8746 9.9418
10.3515 10.8644
9.2763 10.1023
9.1217 9.3800
8.1938 9.4710
0.6226 9.7247
-2.6431 8.9817
-2.6829 10.5432
11.4628 11.4560
9.9578 10.4141
9.7675 3.1012
10.0586 10.1440
4.5928 -3.8938
8.1745 10.6863
7.9338 10.1705
9.7807 4.6498
10.0930 7.8636
9.5034 7.8378
5.2522 8.7300
11.0562 -3.2785
7.7976 9.0747
10.5512 5.5203
9.8935 -1.2816
7.8445 9.5968
