5
7.4250 4.9296
4.0390 6.2457
-1.5109 3.8032
7.3602 -2.9302
5.6590 2.3280
3.2055 3.9520
5.3578 6.7046
-1.3014 -1.5706
6.1281 5.6311
6.0470 -1.2766
7.7744 0.3975
5.9370 6.9349
-1.6869 -2.8253
3.0634 6.3192
6.6867 3.0254
-1.2614 4.0811
4.9003 6.9280
3.6026 4.6160
4.9446 -2.5021
7.1869 -1.9444
6.9398 3.7859
5.1406 10.3269
6.0271 6.7162
5.1938 -1.5550
1.8814 -3.6615
4.5917 2.6027
-0.6037 2.9773
-1.7317 6.8681
5.0318 5.3414
6.7565 3.8847
4.2619 4.9630
6.4918 -1.3343
4.0840 -2.3579
-2.9711 0.6905
6.8938 8.8674
4.3012 6.2754
6.0480 -3.4612
6.0713 -1.5980
4.1369 -1.2840
-3.5618 4.7318
2.8677 4.7436
-1.4747 5.0842
7.0323 -1.4573
5.0897 -3.0759
5.7573 6.8016
5.3281 5.4207
5.2210 4.7301
-2.6728 6.4835
6.3574 -3.1908
8.0992 -3.1497
7.3320 2.3316
-1.6018 6.5822
4.5461 -1.9004
3.0999 4.9958
5.6477 5.2242
-3.0891 9.3094
8.7370 7.5986
-1.5235 5.1046
-2.8390 7.2709
6.0337 4.9106
-1.3899 6.1989
5.9173 6.9510
6.5661 -2.6602
6.6549 4.8386
-3.2080 -2.1814
4.0739 -1.5737
5.3661 1.1092
-1.4383 5.3771
-2.1803 5.3153
-2.2168 7.6371
8.2617 -3.4624
-1.5967 -2.5835
-1.7568 4.3461
-2.0570 6.0462
-2.8754 8.2316
-3.6310 -2.3926
5.7745 7.0548
3.9821 3.1527
5.8837 3.1543
-2.7490 -3.2024
5.1787 -2.6891
5.7605 4.8445
5.9715 -2.2746
5.4181 8.8041
-2.7278 5.0145
4.4265 5.0436
5.9003 10.4337
6.1959 6.0143
5.0775 6.7471
5.2682 6.3290
5.3430 8.4374
5.5816 5.8322
5.5641 5.8745
9.6687 -3.7582
6.4551 5.5486
-0.8476 5.5060
3.6349 5.1828
0.1137 2.4441
-2.5141 7.5241
-4.0075 9.0263
-2.1272 -2.7314
-2.9935 7.5544
5.8410 -3.0059
-0.7362 -2.0894
-1.6686 4.5394
6.6595 5.1103
-2.6560 1.9197
4.5375 -2.6360
-1.5376 6.3333
4.1517 -1.0997
5.7105 5.8178
6.2980 -2.1604
5.5336 5.9541
-2.0592 6.2004
3.6895 -2.3479
5.1727 3.8245
4.2556 7.7492
5.0401 -1.3021
5.6536 7.0572
5.9261 5.9940
4.5870 0.4150
-0.7418 4.2141
4.0253 -2.8809
4.7799 -1.6540
3.0456 4.1517
-3.9143 -1.5966
7.5149 7.0705
4.8450 5.3973
5.0327 5.4265
-1.8822 -2.0935
-2.5934 8.8193
-1.1903 -3.1911
-0.8930 5.7318
4.7538 -1.6269
5.6618 6.5207
3.1669 -2.6495
-0.7240 5.8344
-2.2027 7.0756
4.3777 4.9339
-1.9288 4.5398
5.1650 4.3020
4.9462 5.9506
6.1442 2.3481
5.4109 -2.2169
4.3425 -0.7315
-1.3693 -0.9184
4.9703 4.9221
-2.5235 3.6929
3.2742 4.3281
5.7085 6.0909
-1.3169 -1.1751
4.8561 3.3464
4.7118 -1.8756
6.3120 5.0611
-4.2458 -1.9830
-2.6572 5.2955
4.1810 4.4608
5.4097 7.3870
4.3063 5.8302
-0.6765 5.8043
7.2574 6.4685
4.3991 6.0154
-2.0878 6.4812
-2.3928 6.7674
7.3485 -1.5701
-2.8408 6.2224
6.4102 -3.1110
8.7992 -1.9070
7.6448 2.6056
6.8297 -1.2847
-2.4054 -3.1884
6.0300 -0.9399
-3.7311 4.8044
-1.8841 -2.0252
4.8852 3.8317
-2.8372 -2.2483
7.7809 -0.6903
4.0823 -2.4865
4.3953 -1.9191
-2.3796 6.0752
3.7907 -2.4738
3.7291 4.2384
-1.0091 5.5489
3.0130 5.3309
-2.7618 -1.6589
4.2617 6.6599
8.5997 5.8368
2.5945 4.3228
7.4938 7.5546
4.2186 4.6059
4.2474 5.8126
7.1179 3.6157
3.6661 -2.9076
-0.8731 -2.1173
1.7686 2.2294
-0.2886 -1.2334
5.4116 -2.4292
2.4451 4.6959
-2.8932 7.1976
3.2013 6.1245
-0.6439 -1.7503
-2.1776 -4.0236
5.0924 -2.3904
4.5368 -2.0714
-2.1107 -1.4901
1.7151 -2.3692
-3.0379 5.5012
-1.8117 5.9444
3.7057 6.7211
5.2446 3.4328
-0.9819 3.8571
1.4515 4.4268
6.8419 -1.6929
6.2129 -2.9694
7.5231 4.6040
5.9669 4.5588
-3.2358 -4.3027
-3.1033 -1.4127
4.7061 3.8636
-0.4098 3.9901
5.5265 5.6812
7.6915 4.1009
4.8094 6.9000
-1.4710 -1.9834
-3.0047 -1.4869
5.9897 2.3034
6.0827 -3.6064
3.5451 4.8061
4.9039 4.9346
-3.5506 6.0477
-0.4710 -0.6774
4.9450 -2.6731
2.7673 -1.2069
-2.3593 5.8755
-2.0142 -0.2927
6.5655 8.5828
-1.4214 -2.1114
-2.8077 5.6193
5.2542 6.5885
5.2974 4.8080
-2.2656 -1.7031
4.1251 3.8909
5.5856 5.6031
-1.2124 -1.7793
4.9156 -1.5850
6.1184 6.8218
-2.1322 4.7695
5.7609 -1.1701
4.2148 5.3461
-3.3708 3.5577
-2.6273 6.2755
-1.9718 -4.0226
7.1580 -2.8852
-2.8312 3.5745
-2.6291 -2.2247
-1.8831 -2.0574
7.6315 7.7475
5.8155 2.3514
3.9043 6.7165
4.4787 6.1048
6.5276 6.2945
4.1887 2.4593
5.6124 4.7457
9.7199 -2.2622
-1.9107 -2.7415
-1.2011 2.3303
4.0762 4.7102
4.5681 4.9864
6.8732 6.7112
-1.0980 -2.3255
11.4080 5.6780
-1.2836 4.4983
3.1758 4.8310
-2.0913 -2.2333
-2.6355 4.1065
5.0151 4.4620
4.4146 -1.4012
6.2743 -3.5677
7.4797 6.6027
-2.3806 4.9632
6.0828 -3.7914
-2.4209 4.2907
7.2856 9.1527
4.3300 -2.1191
5.0053 7.0410
5.1712 -2.2586
4.8408 2.4643
4.3700 2.9684
8.2722 -2.8674
-1.5531 -1.3695
-0.7921 6.0849
-0.3578 0.6852
6.5271 6.7296
-0.7167 6.7693
3.6474 3.2133
5.3389 -2.9697
-0.8345 2.9931
2.4800 6.5712
4.9551 -2.4261
4.6617 -1.9039
5.1401 7.1727
5.2795 5.7783
5.3316 -2.6887
-3.3335 4.9176
-1.1588 2.3892
5.6782 0.3053
-1.9837 5.2274
-1.0511 6.0976
6.9829 5.4151
5.6823 6.8647
3.5873 7.2912
3.9178 -2.1919
3.6926 -1.2509
6.1970 6.7084
-0.7495 2.1895
6.6937 4.9078
5.1556 5.4098
-3.0169 5.5135
4.1895 5.9364
5.1670 -2.1009
-2.7829 3.2524
5.8604 -2.9439
4.6302 -3.2919
-1.3357 3.6907
-2.2066 2.8644
6.0141 5.5322
-1.5641 -2.4048
4.4784 4.5505
6.2887 5.8197
-2.7461 -2.2777
4.0109 6.1191
-2.2150 5.3600
5.4694 0.9634
3.4164 6.6164
3.9123 5.9832
3.9968 -1.5297
5.2109 4.1400
6.7741 4.1867
4.9629 6.0812
7.6921 -2.5012
-1.1316 6.3976
3.8431 9.8966
4.3832 -1.0068
8.2292 0.1108
4.2945 -0.1471
-1.6125 6.3749
-2.3619 6.1198
-2.4508 4.9593
2.9666 4.3902
3.7088 4.3882
5.9787 5.4795
5.3633 -0.8418
5.1375 -2.5089
6.6223 5.8134
-3.2509 -0.7178
4.1714 -1.7297
-1.6616 -1.8443
4.2913 5.6250
-3.3137 5.3272
7.7124 7.3601
10.8718 6.8832
-3.8606 5.7464
-3.1063 -1.4555
6.5551 -2.3157
8.9091 6.7442
5.0981 6.0288
6.9124 5.2553
6.8152 4.6749
5.9602 7.0169
-1.4071 -0.8519
0.6578 6.3617
-0.0121 5.7223
4.1851 5.2053
5.5420 2.6502
-1.3867 5.7970
5.1864 6.0596
5.3741 2.6226
6.6528 7.6310
5.2161 7.5000
3.2320 8.5199
-2.2409 5.2275
4.4066 7.0275
-2.8473 3.9312
-0.3739 3.2059
3.7792 -3.0507
11.6364 -0.3726
5.1217 -2.3946
-1.8998 -0.8889
5.5408 5.1773
7.1094 -1.2340
4.3482 4.1521
-0.8489 -1.8932
-3.3458 7.6060
2.1888 -0.3687
-2.7380 -1.6558
3.7568 3.2903
6.1355 5.5135
2.6592 -0.9315
-1.8012 4.6916
-0.9686 -1.9351
-3.6326 -1.6531
-3.1715 3.4930
5.5246 5.9225
4.6754 5.4171
-4.0908 4.8517
6.1208 -1.7674
-1.8496 -3.5917
6.8729 4.9838
8.5376 -1.8186
6.0636 5.2018
-2.9472 6.5963
3.7756 -4.0584
-2.7826 2.4631
5.8965 7.4231
7.0219 4.7860
6.3029 6.2006
6.7919 -1.7753
5.3806 -5.1402
4.0848 6.3398
4.1191 -2.5654
4.6798 9.3429
-2.4348 -1.0708
3.6292 -0.7657
-0.3142 5.0546
-1.6851 4.5330
4.4013 6.7782
5.5370 5.2444
-2.4038 -2.6840
-2.5242 4.6817
6.3017 -1.1573
5.4271 0.5167
1.3224 5.0988
4.3286 3.5238
-2.9062 5.2367
2.9112 5.2611
-1.2298 -3.3009
5.9574 3.8274
5.5290 8.6801
-1.9934 5.7850
0.1195 5.6098
4.2524 -5.0042
3.4701 7.7552
8.6677 4.2629
-2.5157 4.8913
-2.1124 4.5288
4.4514 6.4017
8.6797 4.7566
5.7407 -2.7584
4.3173 4.5665
-2.4498 -2.3461
-0.2549 -2.7136
5.2482 7.8945
2.1575 4.4660
5.9986 -1.3782
-3.3260 7.3771
5.2546 4.3001
-1.8373 -1.2951
8.7679 -3.5030
9.1776 -0.5987
-1.6447 4.8089
-4.5151 5.4132
7.0777 5.3359
9.3197 -2.6371
7.8369 4.2310
5.8750 5.8481
7.3129 -4.0200
0.1212 6.2637
6.0096 3.5637
5.0000 -3.8050
-1.0986 -1.7152
5.3973 3.9937
-5.0432 -0.4122
3.9471 -3.9008
-2.4248 5.4390
3.7054 7.6515
4.4510 -1.5356
7.0622 7.0918
4.0968 3.6040
3.4268 -3.5099
3.2676 5.7283
6.8934 5.9598
3.2757 3.3911
7.5468 2.8125
4.5716 7.4255
5.2120 5.7965
-0.8834 -2.7008
4.9042 3.3117
-2.3127 5.1647
6.5923 3.3820
4.7293 7.3634
4.5977 5.9849
6.3176 0.0083
6.0635 5.5503
-1.2017 3.5128
-2.4426 4.9663
-0.7402 -3.5312
-1.4798 2.0612
3.7004 6.0978
-2.1175 4.5642
-1.2337 5.5180
4.8449 -4.4836
1.2297 -0.5261
5.9050 4.6676
7.4211 -0.7152
-3.1100 9.3415
9.7984 1.8706
-2.4512 4.0801
6.2210 7.3302
-2.4191 3.9851
5.9860 -1.2391
-2.1835 4.5037
-2.9933 5.8705
-2.5393 -3.0880
5.1046 4.4586
6.4904 6.6163
5.3771 -3.5543
8.2900 5.6392
-2.5852 -0.1882
6.4125 4.9418
5.8709 5.6891
3.1589 7.5383
-2.1905 6.3463
6.2878 3.9468
5.7567 -1.9503
6.4677 6.4790
4.4743 6.3863
3.9554 5.3322
3.7123 5.7223
3.6858 5.7878
-3.0317 -0.5836
8.0652 4.5394
4.8576 -2.2180
3.5453 8.3678
5.1904 3.1523
-2.2126 7.5866
3.5667 4.6379
-3.4839 -3.4034
5.5681 2.3547
6.6531 2.6571
5.3054 5.7279
-0.3662 -2.9994
4.0049 6.8790
4.9131 7.7632
4.8353 -1.3898
5.7207 -2.3506
5.1218 8.9294
-3.3001 6.7011
5.1797 -2.2552
4.2093 5.4060
4.4160 -3.2242
2.9489 3.8620
6.2823 -4.1153
-0.6987 6.8881
3.7039 -3.0606
5.4726 4.8944
6.7414 5.8337
6.0622 5.6140
-2.3796 7.4837
4.5862 4.9763
5.9528 6.0903
8.4742 5.9261
6.4117 5.0094
5.6267 9.6376
3.1045 6.8572
5.3887 -2.5860
6.6500 -2.7201
4.6260 5.3758
6.7191 -1.5761
7.2462 4.7418
5.1689 4.2172
-4.7289 -1.6987
6.4442 5.6270
6.2059 7.2295
-3.2692 4.6224
3.1685 5.0903
5.3816 -2.2674
4.2487 -1.4446
7.0949 4.8440
-1.4456 -3.2525
5.2807 4.1791
-2.7349 -4.1691
6.2361 6.0766
-3.7922 4.6874
5.3455 4.2600
3.6103 -2.9298
7.3148 -2.9537
2.6776 -0.2998
1.4965 6.7599
8.2105 6.4746
7.4092 -3.5971
-1.9522 6.1145
5.9249 -2.7675
4.0020 -2.1640
5.7192 -2.0808
3.6957 2.9734
-2.3793 -1.4334
5.0976 -1.6093
5.4445 4.6352
7.0571 7.3899
6.4531 3.8641
6.1645 3.7303
-1.9474 5.7368
-1.3711 5.6225
7.4115 5.7074
-3.9494 7.4497
8.2304 2.2900
-1.9821 6.6128
6.7693 -1.8124
-3.3905 -2.4343
-3.7539 -1.8600
-3.7193 7.2474
5.5551 7.0340
4.4400 4.7918
4.5478 -1.6859
2.9709 2.8731
-1.9868 6.0776
7.3478 -3.9263
4.6209 5.5110
8.2639 -3.3066
6.3339 4.9154
5.6727 7.2594
5.6788 -0.8926
4.7421 -3.3265
4.0784 5.3752
-0.9769 -1.4709
4.3554 5.4051
6.9794 6.6434
5.3815 -1.0785
8.1662 4.6452
-0.6036 3.0880
1.3870 3.8477
4.5201 6.4503
6.5254 -1.9935
-0.7249 3.1443
-1.8258 -3.9305
3.4225 -2.2584
-2.1204 -3.2694
8.8195 3.7312
-2.6819 -2.6747
4.6720 3.2368
7.2901 4.1760
-1.4628 4.7528
5.5206 8.2929
4.9614 2.9360
6.1290 7.3758
4.2696 5.2644
-2.0454 -2.4002
4.8624 -3.0482
-1.2725 4.0449
-1.7529 5.0604
8.0920 8.5247
7.0201 7.5553
6.9435 3.0942
8.0007 -1.2193
5.8309 -2.7701
-3.6424 4.6656
4.7051 2.0503
5.6365 2.6578
6.1159 -2.4433
7.0811 6.6958
5.7424 8.1602
3.6900 7.6402
-0.9159 -2.3058
7.6542 3.6793
3.9106 6.3838
8.1893 1.4906
8.5153 5.5108
-1.2084 5.4413
6.0438 1.1155
5.3070 1.0120
5.5125 3.5648
6.5403 8.2559
1.2192 -4.1021
6.1473 7.3925
-2.2525 -0.9692
-1.8342 5.1643
-3.1499 5.8456
8.8225 5.6945
5.5440 -2.3925
2.9625 6.3113
8.5605 -3.3087
6.3667 0.0122
5.5133 -1.6297
5.1641 6.3227
-1.9875 -2.8266
5.5940 -3.7201
6.8991 -3.6274
3.6509 4.6888
-2.3945 4.8657
6.3734 4.2011
5.1048 -4.4197
5.8973 3.2435
5.9475 -3.0380
6.0674 -2.5066
5.9927 -4.4544
-2.7412 -3.0686
3.1008 6.7124
6.2918 5.3896
4.0288 4.4869
4.5119 -0.8918
-4.1043 -2.4503
4.5732 4.6122
4.6721 -1.9331
6.1517 -1.3533
2.9938 7.8436
-1.2018 6.3513
5.2641 7.2055
7.9260 4.2389
5.8026 5.5816
4.6788 7.4806
6.0457 5.2247
4.4181 -1.9159
8.3618 -3.6873
-0.6669 -2.4822
-4.1820 -3.4222
-1.6498 6.0358
8.0565 5.2635
6.2408 6.4267
-1.1142 4.6853
-4.8735 -3.5852
-3.5867 4.3576
6.1220 6.4853
5.9363 -2.5730
5.8358 6.2296
7.5122 5.6698
-3.3302 5.0367
4.7807 -2.4294
3.5599 6.1338
8.0669 5.0729
4.9536 2.8645
8.1712 -0.8547
4.1274 -1.8362
4.6699 5.9738
6.7499 7.0027
4.2433 2.7450
5.6256 -2.7793
-3.0696 1.0629
4.2332 -1.7843
-2.9738 7.0528
-1.1096 -2.1593
-1.8654 -0.9984
-3.1373 5.6906
-1.9001 -1.2187
-1.5957 6.1261
-2.4858 -2.1099
4.6855 -3.0976
-2.7057 -1.8415
5.4155 6.4947
6.2045 -1.7827
4.0142 4.2092
6.0635 3.9024
-4.0057 -1.6063
-2.3181 -1.9408
5.3591 -2.7860
1.8086 4.5484
-4.7356 -2.1321
-1.4126 3.0673
5.9656 5.8447
4.7064 5.2104
5.5798 7.9335
7.3994 4.5739
-3.7251 4.9549
-3.3941 -2.7609
6.7098 5.2151
5.6061 5.7276
4.8093 -0.9043
4.4782 2.4607
-2.0670 6.8593
-2.1464 -3.3700
-2.2675 -2.6395
5.7627 -1.2608
3.5815 6.1431
-3.7698 6.4798
3.8897 8.1357
6.5580 5.0165
3.4980 3.7190
7.6833 4.4198
9.2896 -3.0651
7.2157 -2.4710
7.1405 5.0245
4.9652 -2.2266
-2.0709 5.0022
6.8444 4.6141
-2.0330 -1.6010
9.6126 4.5569
5.4640 -2.3069
4.3025 -2.3843
-0.6782 -0.6014
-3.2525 5.9917
4.5573 5.3786
6.1333 5.4002
7.3685 5.6940
5.4871 3.8038
-4.0626 -0.8332
-3.7748 5.2656
4.5221 -1.1605
2.3036 5.9962
-3.7446 4.6920
4.9130 4.5549
2.9493 4.8260
-1.9715 -1.5112
-0.5571 3.0554
5.6896 7.6007
4.9634 -3.1383
5.6630 -2.6704
4.6330 -3.4773
6.6548 -2.6969
-2.2701 7.2384
3.5097 -2.1444
4.9324 -3.3206
4.1174 5.8966
2.3077 8.3789
5.7070 -2.7755
6.2076 9.4924
-1.7589 5.1019
6.9946 -2.9703
6.7561 -2.2901
5.0040 6.3609
3.8394 7.2571
6.9159 -0.0909
-4.6330 4.7773
6.2651 4.7368
-3.3649 3.1852
6.9861 4.1528
-1.5778 -2.1642
-1.8100 -1.1229
3.9251 5.7103
6.1630 -2.2110
-4.4355 3.9546
1.5355 4.9648
7.4382 -2.5748
-4.1364 5.4623
4.8856 3.5913
-2.4729 5.2821
6.9750 -2.1133
2.1453 -0.8887
5.6993 5.6488
4.8715 5.4539
-2.2964 5.5155
8.9294 4.2378
5.1171 4.8373
-3.1993 8.6023
-2.0287 -2.7037
-0.1727 -2.8830
-2.7513 -2.7795
3.8816 5.2852
-0.6045 7.0569
-3.4833 -3.2007
-1.4170 8.2983
5.0143 4.8598
9.7206 -1.8612
4.6261 -2.8402
-0.9508 4.9617
-1.6292 4.2216
4.0606 7.1651
4.1845 4.4439
5.4093 9.0105
4.5147 5.5356
-3.8920 6.6588
6.4046 5.1701
4.7934 4.2797
6.8723 2.9266
6.4290 3.9604
7.9793 3.2520
4.7014 4.0945
5.7499 6.2060
5.6363 5.3952
-2.8303 2.9082
-1.6928 -0.3631
4.3532 6.0616
-2.0742 0.6358
5.6387 6.9241
4.7688 -1.3437
-1.7639 4.7592
3.3166 5.3778
-0.3499 -1.0462
5.5735 4.0511
6.8553 -3.9674
-1.9398 1.1585
4.4576 3.0029
-1.9420 -1.1568
4.9837 -2.7992
1.7618 5.1484
6.1700 3.7124
6.4367 -2.2273
-0.3710 3.5614
4.4060 8.5732
4.3111 5.1809
6.0180 -3.0705
3.6378 7.3188
-2.6940 1.4850
5.3186 5.4092
-2.1141 5.1409
3.0268 7.6649
5.1310 4.2244
5.4717 3.6328
5.2637 6.3031
-2.1761 7.2067
-1.7745 5.6669
-2.1330 4.8567
-0.0143 -3.2751
-2.4578 5.8725
6.6636 4.1986
-4.6234 6.1352
6.5558 6.1567
-1.4385 -1.1018
7.2740 5.2869
4.7488 2.7728
3.5823 6.2120
-2.8186 -1.2250
5.4409 4.3711
5.1406 -0.1865
4.5576 2.5222
5.7794 5.1267
4.6589 -4.1346
5.5545 2.8504
5.3439 -2.8425
-1.3636 7.8597
4.2470 5.0977
4.9749 6.5737
5.7148 5.1345
-1.9982 -0.1285
4.3636 4.8731
-0.3395 -3.4096
1.0904 3.2386
-1.3414 2.8572
-1.2542 1.7542
6.4651 5.3408
6.6415 3.6648
7.6441 7.0345
3.6655 -3.2126
8.9586 -2.7456
4.5866 3.7369
6.3133 -1.6805
3.9490 6.6397
5.8195 -1.6291
4.1129 7.5783
-1.6538 6.1730
5.7065 6.7343
-2.1551 2.3590
-2.1403 4.3298
7.5136 4.9111
-0.3413 6.5576
7.3936 5.9035
-3.5868 -2.1663
-2.6861 5.9026
3.7703 7.7191
3.4264 5.0992
5.0636 -3.6984
4.9514 7.5799
3.4695 -2.7187
-1.0014 -5.2079
-3.2482 -2.6683
7.5515 -1.0065
-2.3453 -2.1819
4.2249 6.4902
-1.6813 7.3944
4.7414 -1.9768
4.2107 -2.4151
6.4631 5.2364
5.9145 -1.0344
4.0754 -4.4671
-2.6683 -0.6783
4.6188 5.3962
3.5863 5.6817
5.6980 -1.4800
-1.6969 3.6889
6.0473 -4.0644
-3.0709 1.4258
4.2300 2.6297
3.8278 4.5548
5.9182 2.3641
5.9491 -2.3649
6.3869 -4.0050
3.2426 6.0279
-1.4001 3.2849
3.9872 -3.1239
4.7606 5.8193
-1.3776 4.7618
6.4341 -0.8360
-3.4766 2.5770
-2.8968 6.5946
3.8600 3.3246
-0.6554 4.4932
-2.8908 -2.6629
3.8458 -2.4572
6.4837 -2.1297
4.3142 -1.9833
4.3914 -1.8642
-2.0856 4.1288
1.4906 -1.8179
4.8412 -1.7582
3.5322 4.4303
4.9597 -1.6782
5.0184 6.7963
-3.7220 3.5531
3.5923 6.1683
-3.4379 6.4016
-2.1488 4.4901
-2.0922 5.6648
3.5937 5.2806
-0.9313 -0.8489
3.3959 -2.2188
-3.4719 6.3867
10.9186 6.7004
-2.3550 7.5440
5.7206 5.8969
6.6306 -2.0060
-2.5625 3.8237
-2.2700 6.8287
3.1294 3.6702
3.3661 5.0066
-2.0073 -0.4807
-2.2441 3.4852
-2.8525 -2.8540
6.5630 -2.3621
-2.0392 5.9478
4.4183 2.7854
3.1487 5.4606
6.4899 6.9349
2.1559 -1.8626
5.8351 6.7659
4.0149 6.3906
7.6350 6.2352
5.6199 -1.6805
2.5264 -1.3207
6.6016 4.2057
6.7348 5.8577
3.2565 7.5224
3.7534 4.5485
4.7311 -2.9971
6.3366 -0.7551
5.7040 4.5727
4.8911 5.2807
5.2767 6.4384
6.2221 6.3157
4.9331 -2.0825
-1.4392 4.1275
5.5964 -0.5934
-3.3994 4.4433
-3.6812 -1.3758
3.7922 -1.2338
0.2757 -1.7729
4.6663 4.4305
-1.3996 2.6861
3.5136 5.5021
-2.2040 -2.0170
4.1077 6.3359
-1.3009 4.0857
7.6135 6.4314
3.2739 -2.0168
-3.6033 5.2109
4.1187 4.5833
-0.0481 -1.7218
5.0452 4.4163
4.4608 -1.8992
2.6291 0.0821
4.1888 -1.9011
5.1544 -2.8285
6.2275 -0.7965
3.2175 -4.4430
-3.7419 5.1521
6.9648 -3.2238
-5.5331 1.9682
6.8015 6.4257
-1.4322 5.1619
3.7366 -2.4199
2.6554 -1.7903
5.8742 6.3205
-0.9809 6.2416
6.1123 -2.5344
4.1048 4.8288
6.3057 3.6048
-0.9128 4.6448
7.6284 4.5599
-2.2292 -1.2399
6.3932 4.6278
4.9408 6.1626
-4.8457 4.6495
2.8764 -1.1529
5.3918 4.9188
-1.4515 4.2292
-1.9440 4.9903
-1.5531 3.7858
4.9832 -2.3759
-0.4837 7.2594
6.8426 5.6147
6.6505 4.1857
7.7224 1.5024
5.5577 5.4538
-2.0277 1.1816
0.0817 6.0798
7.6457 8.5294
-1.9639 -2.7531
-3.2300 4.3086
8.8311 4.5129
5.4620 4.8308
6.6836 3.9705
-1.7368 3.6060
6.3643 -0.4482
5.4232 6.0598
-0.4992 3.5872
5.2191 5.4019
-1.9723 -2.0060
5.4340 3.9646
7.9399 5.2810
6.0057 -1.9535
5.6637 2.6607
-2.5542 6.4225
6.4903 5.0655
4.2723 6.1379
5.6202 -2.0320
5.8990 6.1484
5.7940 6.7634
5.6192 6.9390
4.4873 4.1450
-3.5165 4.2270
5.1687 4.6677
-2.8710 -3.5592
9.7038 3.9570
4.3340 4.9550
4.3819 6.1616
4.8038 8.2743
4.9318 5.6793
2.8000 5.2924
8.0228 3.8306
-0.9379 -4.2352
7.8582 2.7355
4.3102 -2.2829
9.1826 6.1831
2.4458 -2.2435
-1.0635 -1.4946
4.5169 -2.1324
10.0091 -1.1190
3.7060 5.4654
-2.0807 5.1219
6.8018 4.9964
-1.2702 8.0795
-3.2641 5.9094
4.3115 7.7889
-2.2214 -2.6616
6.3770 4.1127
8.1156 4.7382
-1.6705 4.2864
6.8150 5.0494
7.6894 5.3655
5.0132 7.0345
-2.7081 3.9649
5.6277 -2.7223
3.1994 3.6102
-1.1943 6.8703
-1.9855 9.3254
4.1613 -2.5847
4.9467 -2.5212
6.6185 -2.7726
5.0802 5.5732
2.5666 -2.8073
-3.4438 4.7266
11.8916 3.9638
7.9319 5.3067
5.3900 9.0549
-1.9126 -3.9978
-2.4194 6.3284
3.5827 -1.6355
6.8150 5.6097
3.5457 -1.9027
5.0655 4.8781
-3.5255 -1.4419
9.9957 7.2039
6.1851 -2.2765
6.0889 -2.4525
-2.9274 6.3663
4.6080 7.0545
6.7152 5.2201
4.2006 2.7668
-3.1719 6.1044
7.4219 -1.5128
3.5643 5.0702
-1.9381 4.4845
5.9167 4.5359
-3.1351 6.6377
5.1689 -4.0198
2.4257 5.1652
4.9379 -3.0767
-2.4086 5.2098
2.6691 -2.3048
1.7138 -1.0137
4.4636 7.2849
6.1329 7.4173
-1.5670 -1.8403
5.4086 -1.4716
5.4923 7.0214
4.3349 -2.0346
4.2759 6.7823
-1.7198 -3.6651
6.3469 4.9194
5.4367 3.9241
5.0741 -2.7830
6.3075 -3.2582
6.3572 -2.9478
-3.0185 -0.5234
9.0882 2.9846
-3.6251 5.4262
-2.5032 -1.5282
5.7879 6.9124
4.3358 5.4492
3.3771 -1.2626
6.1029 4.3803
5.8488 4.7293
2.9481 -2.3269
2.8248 -2.0157
-2.0000 -3.8626
-2.7903 5.1338
5.0524 -2.1115
-1.6220 7.0839
-1.4587 6.2273
7.5665 5.7906
5.4374 6.9311
7.4214 5.8322
-2.6656 5.8507
4.0712 5.2751
4.8042 7.1387
4.8820 -4.4826
5.4361 -3.8910
5.5920 4.0974
6.1608 -2.5729
6.2062 -2.3090
5.9636 -2.3234
5.1246 -3.1709
4.4848 6.4423
5.9778 3.0021
-2.7120 -2.7669
2.9840 3.5962
3.1720 5.1869
4.6340 -1.8687
-2.5301 5.2013
5.5480 6.7580
7.0309 4.0466
5.6438 3.5079
-0.9215 3.9917
7.8065 7.2284
2.0536 5.3277
-1.2770 4.8345
5.3172 4.1197
5.7701 4.3219
6.3627 7.4764
-3.3601 3.2465
3.7869 8.0765
5.9306 4.3767
6.7045 -2.2256
-1.2271 9.3685
10.2336 -3.4698
4.0925 4.6698
-1.0769 5.8368
6.2208 -1.5020
-2.7986 5.8663
-3.2240 4.2668
5.6387 5.4271
-1.3717 6.7466
5.0137 3.9844
7.4139 6.0446
4.8533 4.3414
8.1655 5.9493
7.2167 -1.9780
4.1382 -2.2583
3.9734 6.0788
5.0635 1.3116
-2.9764 4.3021
4.4765 5.0162
5.2005 4.9155
2.6155 7.1044
-0.6441 -3.0794
5.5823 4.7484
5.8837 4.8127
2.8246 2.5878
4.3155 9.2147
3.8916 6.9566
7.4890 -2.6842
-0.6686 -1.0414
4.6686 -3.3780
-2.6397 -1.4780
4.8658 -2.0056
6.5761 2.3562
-2.7646 -2.0882
8.7144 4.5935
4.1231 4.6081
6.1405 5.0594
5.8441 8.0452
-3.8364 -1.3577
-2.1844 5.6131
5.4228 -2.2622
-1.9434 5.4907
6.8055 -2.9406
-2.7394 0.1167
5.4582 4.8415
5.3673 3.6666
4.3450 7.1749
4.7407 -3.4867
6.6910 4.7696
5.9011 6.7040
-1.9091 -1.9619
6.7593 4.2905
2.3681 4.0933
-4.4075 4.9421
-2.2322 2.1699
-2.0367 3.1662
-0.4063 2.7002
4.6236 5.1191
4.3216 3.4529
6.0483 4.8941
6.6682 6.7938
6.0968 5.6511
8.1600 -1.6167
-0.4867 0.2130
6.3693 8.2537
-2.0804 -2.2886
-3.3929 -1.5290
4.4526 -3.3528
5.3136 5.5886
7.2566 4.1687
6.7621 3.0757
4.0345 5.4379
-1.4038 6.5617
8.5574 -2.1338
6.8254 6.2477
-0.4038 -1.5497
4.2181 2.4440
-0.9484 8.0432
8.6870 -2.4941
0.2098 -2.9539
5.6991 -3.1987
5.7776 -0.9997
-1.2647 2.8635
2.7201 -1.8488
-2.3216 -1.0625
-2.6754 6.6109
3.1887 2.2806
3.2950 3.6893
-2.1752 5.0812
5.6858 1.9491
-1.2207 -2.2613
-3.5492 5.7450
-2.4808 -1.5626
-1.3932 -2.5358
2.6241 -3.4499
4.8987 6.0365
8.9529 -4.3316
-3.0944 -2.5316
5.6656 7.1657
-1.7064 3.2339
5.3556 3.0196
5.6825 5.6520
6.2974 5.6285
5.4771 4.1738
-2.2981 5.3780
3.7027 6.1493
-2.6304 -0.6494
5.4194 4.3582
4.2559 5.0670
-2.6649 -3.0653
6.8487 6.1449
2.7570 4.9964
-3.9641 2.5657
5.0615 6.1253
3.3973 4.5041
-1.9668 6.0778
5.1182 5.5530
-2.3745 5.6923
7.5378 -2.5681
7.5940 3.0600
-1.6213 5.5695
-0.7616 3.3020
3.5011 2.2236
7.5791 6.0907
11.1197 -0.7399
7.2628 5.4016
3.8770 -2.6547
3.7467 3.6672
5.9725 -1.8903
3.6348 -1.0682
6.8539 4.3256
5.7112 5.6749
7.7852 -0.1927
6.4391 -1.1818
-2.4143 3.0205
6.5729 5.2253
4.4604 -3.1372
-2.1983 -3.6382
-2.7034 7.6231
5.2410 5.4401
5.6502 -2.1517
-2.0643 -3.1872
5.3230 4.3293
-1.5278 -2.7705
4.0705 8.8118
5.4765 5.8028
6.4814 -1.7122
2.8752 2.7136
-2.3397 5.4247
-2.0132 3.2091
3.4790 6.4983
-1.7064 -4.0034
3.2497 2.7110
4.5501 -0.8886
5.8261 4.3614
4.3323 7.1760
-2.3814 -1.6041
-2.2290 -2.1951
6.7116 -1.6910
-0.8575 1.8132
-3.0910 5.3916
4.7015 4.7149
4.9662 5.8263
5.5468 -2.2957
-2.6372 7.0406
1.7466 -2.3791
-1.9883 5.5666
-3.5826 6.6862
4.4488 2.6312
-1.4238 -1.6371
5.0400 4.9805
7.1396 -1.5541
7.3129 3.8424
-0.1790 4.0901
7.5426 -3.5437
6.4077 7.9693
6.4364 3.7665
4.9548 -2.6719
3.9224 4.9378
-5.6200 3.7514
-0.7657 6.5924
5.8593 6.7255
-1.8302 5.1933
-2.6493 5.2347
9.6302 -2.4605
4.7817 -0.6839
-3.3385 -2.9572
4.4031 -1.8381
-4.4629 3.6239
6.7459 5.3076
-1.1811 8.5733
6.4016 4.8786
3.8436 -2.3382
3.4596 5.8730
1.7927 5.4186
2.6387 5.8058
-1.6408 -3.6335
5.3333 4.5564
-2.0412 4.4349
-3.1514 -1.1599
-3.6979 -2.2782
-3.0147 5.5022
6.8188 4.1702
5.3841 4.8971
6.7837 5.0153
8.1665 6.3241
4.4672 9.8030
-3.3456 -1.7480
9.1560 6.3330
5.6975 5.8689
5.9576 5.3656
5.1929 3.0351
6.2253 7.1722
3.1527 6.3251
-2.1494 -0.8922
5.2877 5.1514
-2.6116 5.5148
4.6347 -3.6512
5.3358 -1.9561
5.8030 5.4986
-3.1537 5.4281
8.2158 -3.2015
3.5193 6.8052
-2.0190 5.6929
4.5742 4.8481
5.9009 3.2706
5.4579 -2.5136
4.7725 5.8359
-3.5944 -2.2014
7.3826 7.9350
-2.2556 -3.4884
5.7054 -3.1969
4.5950 3.4006
3.8524 -2.0449
6.8427 4.6450
-2.9589 5.8911
-1.9709 5.4328
4.4675 -1.7407
4.4399 -1.3878
-1.7728 7.1901
-3.3518 4.1344
6.5366 -0.1296
-1.8320 6.8510
7.8738 -0.3810
9.2454 -1.1121
5.8361 4.3245
5.8621 3.0164
4.6072 7.1700
4.4617 -2.1699
3.2529 5.6319
-2.6977 -1.2221
-1.4684 3.7365
9.2081 -1.5559
0.2954 5.9277
4.2823 3.7694
6.2917 7.4256
4.5165 -4.2897
0.0727 -0.9274
-3.0413 5.9118
3.5382 -1.4781
4.2388 4.5986
-3.2596 -2.4040
-2.2375 -3.8013
8.2006 -0.9758
-0.5154 -2.0679
-2.3627 6.2622
6.1229 5.6350
8.4299 7.2491
-1.8738 4.0433
5.2998 6.0822
-2.8224 6.1660
5.2897 -2.2661
4.3645 -1.3942
3.9891 -0.6083
3.1061 0.8143
4.4026 3.1400
-3.9223 -3.2686
5.7136 -1.2204
5.7209 3.7881
-2.1533 4.1433
-1.5897 -3.8095
-2.1191 3.4151
3.8866 6.9351
-1.4393 3.6861
4.4605 4.0321
6.1809 2.1653
4.2991 5.2283
3.5916 5.8773
-2.3228 -4.4026
5.1917 4.8616
-2.8090 -2.2333
6.2008 -2.8413
3.9509 -2.4248
6.2596 5.3763
-3.1270 4.4135
-2.0717 -0.7993
3.4469 5.6024
6.0004 6.2144
6.6383 5.5998
7.5823 6.2377
-2.8557 -4.4818
-2.4887 8.4404
8.7289 4.9445
-2.4229 2.5222
3.6044 6.6261
2.0944 6.7006
1.2850 2.3326
4.9353 -1.5715
3.4951 -2.2018
6.8671 -2.2110
-1.1637 6.5509
5.5353 -2.7837
8.4704 3.7528
-1.6258 -2.7543
5.7102 2.1394
-2.6878 7.8119
-1.0283 6.1693
7.0319 5.0372
4.8372 -0.7459
-3.5798 4.9437
5.6465 -3.4753
-2.9402 5.7599
4.7526 -0.8508
-0.7566 -1.8014
4.7239 -0.8574
3.1763 7.6489
-2.8881 0.2255
5.1220 5.0137
7.1777 4.3559
4.3395 1.0930
5.3823 6.9444
3.5394 -2.6787
5.3280 -1.9161
-3.3763 4.8678
-2.5524 -1.5272
6.2796 6.5144
-2.1695 -1.0184
-0.8452 5.0041
-0.9222 -2.9053
-2.0841 -3.6609
-2.9584 5.0780
6.4845 4.3501
-3.4817 7.5152
3.9605 5.7233
-1.0739 7.1127
2.9183 6.0721
8.6054 5.7911
6.1735 5.0252
4.2934 4.4514
-2.8757 4.2628
4.6737 4.3092
7.6472 2.8242
-4.0091 8.5645
8.5364 2.4505
5.5438 4.6623
3.5313 7.0478
5.9125 -0.6029
7.1702 5.1554
5.0299 6.2244
4.2957 3.6399
-0.7358 -2.3704
-3.1605 8.6666
-3.1751 -1.4294
3.1495 1.9269
-2.8841 -3.3170
-2.4482 2.7410
-1.5229 -1.9166
5.7653 4.1389
-2.2979 -2.9255
4.6436 6.1877
-2.0970 4.1126
5.7141 -2.2775
-3.4802 4.2726
5.2122 -1.1907
5.8112 3.7195
2.6503 -0.5809
3.9650 7.2970
2.9759 5.0350
6.8188 -1.5224
-2.5045 4.2460
4.9481 -1.6345
7.3259 5.4796
-0.7182 -2.9688
7.1120 -0.8082
-2.1274 -2.0219
-3.7131 -2.3303
7.5126 -2.5592
5.3470 7.8925
-2.0686 -2.8456
4.7590 7.1187
-3.1945 4.2114
5.9413 3.5650
6.7881 3.9028
-2.2499 5.0842
6.4467 4.8702
4.3558 4.3938
6.0596 -1.1585
5.9070 5.9432
5.6915 -0.7388
-3.3690 -2.8684
5.4706 4.2024
7.7356 4.3578
-2.2042 -2.3918
5.8948 7.0362
-1.0629 2.2249
4.2800 5.4764
7.3044 -2.5561
6.1144 4.9603
4.4536 5.2860
6.1934 4.2053
2.7574 -2.9683
6.0383 -2.0197
-0.8275 7.1766
5.2534 6.9107
-2.2654 -2.3180
3.8579 5.7807
6.1797 2.4149
-2.5385 -1.6311
4.2874 -1.6819
6.4655 -1.0319
5.2652 5.6779
4.4898 6.3568
-2.4045 3.5149
3.5180 2.0332
-2.1624 -0.3888
-0.5896 7.8017
1.8294 5.2915
3.8137 4.2038
6.4101 4.3877
-1.7385 4.8879
5.5064 -1.5712
5.0227 -0.8687
5.4441 3.1516
5.7853 -3.0307
7.2569 4.8490
-1.8304 5.1410
-2.8018 6.6024
4.8763 -2.0567
4.8281 10.0732
5.8304 -1.3164
5.4798 6.6993
-2.3988 -4.1556
6.6918 3.6297
5.0397 -3.4267
-2.9957 3.8363
-2.3890 -0.8379
3.6332 3.4557
5.0165 5.2372
6.2041 4.0318
4.4347 -2.0168
6.6228 -3.1595
6.3301 4.9110
-1.7166 6.9785
-2.1187 6.3750
5.0153 5.3594
7.4200 3.5957
6.8621 -1.9443
4.5789 6.9555
-0.6427 5.0842
-1.4597 6.5780
4.6623 -1.6836
5.2087 3.8355
2.4017 4.5565
6.1910 3.9278
7.4084 -3.6191
-3.2600 7.5214
-2.4524 -2.0301
-4.2466 -1.7185
4.7529 5.6563
6.1973 6.8113
-1.6718 5.5472
5.4852 6.6641
-2.8299 5.1975
-2.2721 -2.0141
6.2636 4.7273
2.9096 7.3318
4.0544 -2.8458
5.4180 7.8340
-3.7539 -2.6548
-3.0015 -2.9356
-4.0844 -2.0454
-0.1498 5.2376
-4.6311 4.5779
-2.2840 9.7115
-1.3356 0.9326
8.6992 7.4655
5.6751 4.5249
-1.5238 6.5642
6.9453 -1.9443
1.7917 4.4964
4.9637 3.0723
4.6499 8.8924
8.8129 5.2961
5.4561 3.0934
5.4485 5.2571
3.8484 7.1265
4.9016 4.5348
7.3257 2.8710
-2.8601 -0.5887
5.5731 -0.6357
1.8475 7.0085
-3.1732 -1.3901
6.1106 3.4769
4.7106 5.2891
5.9039 5.7491
4.7636 6.1949
4.8169 9.1956
4.0444 4.2325
-1.9761 5.2960
5.0592 4.5762
6.7402 7.0430
4.4647 4.5531
5.4024 -3.0037
-3.3774 6.0163
6.1524 4.3838
-2.0923 6.4069
4.2996 -2.4439
-2.1430 4.8261
4.5630 -2.7466
5.0332 6.0059
-1.7857 3.1151
5.9343 -4.2804
5.1695 4.5404
4.2111 6.1438
-0.8499 3.3770
2.4472 4.9276
6.2844 -0.2978
11.2849 -4.5407
4.0783 6.1223
-2.3713 -1.9378
-2.0575 3.5135
3.8234 -1.3159
-3.0370 -4.0562
-2.3064 6.8685
-3.9284 3.2552
5.7667 -2.1171
-1.5032 4.8556
-3.0842 4.9128
6.6955 -2.0921
5.7546 3.3745
5.8245 6.6656
-3.7570 10.2973
-3.0788 5.1746
-2.8410 -0.9483
9.1523 1.2605
5.4769 4.9923
5.0919 -0.8897
-0.0916 2.3486
4.7733 -2.3562
4.2630 7.7400
6.0425 4.4285
5.1977 -3.0626
5.7472 -2.0937
4.2844 5.1079
5.2465 -3.0838
6.7531 10.1096
8.1788 3.5285
5.5722 -0.1099
4.3182 -2.9253
0.1867 -4.4702
5.2328 -3.3841
6.2221 4.2184
-0.3482 -1.1261
4.3523 -1.8295
-1.0036 7.0863
-1.2472 -4.9772
4.0209 6.8494
5.4068 6.4861
-3.1236 -3.1343
6.7096 -3.7048
-3.3896 6.4967
4.7576 -3.3789
5.3778 -3.0378
6.0051 -0.5484
6.1156 5.7060
4.6219 5.0782
5.0961 2.6693
4.2150 -2.3758
5.5131 3.8251
5.4480 -2.5025
-3.6173 7.0767
6.2221 7.2735
7.2591 4.6627
4.9373 3.1826
7.9537 -3.1763
5.8492 -0.5801
7.0934 2.7007
-2.4403 -2.4661
4.4346 7.2968
-3.1965 4.1351
-1.0584 6.4697
5.6699 6.9157
6.0820 5.2534
-3.2237 6.7386
-0.5771 5.6238
-3.3278 -1.9752
-2.6745 5.0224
-1.8866 6.2058
4.8145 -1.9442
8.0757 -3.1277
-2.0624 7.1615
-2.6667 5.4907
5.5921 -2.9292
5.1678 2.8259
5.3373 -3.5620
3.3732 5.2362
-2.3684 -0.4423
4.3454 3.4101
5.7143 4.1663
-1.1993 4.1034
4.4871 10.1745
4.2387 4.7384
10.2193 5.3213
5.4747 5.7299
7.8165 -2.9122
6.9043 5.6482
-3.9155 5.1742
8.3054 4.2711
3.1150 7.0669
5.5551 8.4409
-0.0000 -1.7597
4.8533 -1.7888
-0.9868 6.6432
4.7829 -3.0659
4.8973 -2.4540
6.8481 -0.5314
-0.5381 5.4530
4.6766 2.2014
-2.6989 4.8548
2.9398 8.4434
-3.3694 4.1801
5.0328 -1.7715
6.3789 -2.3737
-2.3852 -2.3660
4.0741 5.2425
3.3225 4.8069
-3.6921 3.0027
7.5099 -2.8603
5.0607 -0.8198
4.4512 4.1755
5.4653 5.0365
4.5802 2.3167
-1.9141 4.0300
6.5166 6.1815
-5.3753 6.3489
6.4047 4.4515
6.0526 7.8653
-2.0347 3.8743
1.5232 6.5744
6.7834 6.1931
-2.4797 -1.3742
4.1074 4.6150
6.7110 5.5540
6.9718 -3.2197
5.2792 4.9618
6.0976 6.9953
2.1549 -1.7877
5.7350 -2.3539
5.8579 5.0760
-3.0719 -2.3486
5.7990 5.3340
-2.4894 4.5684
-0.8212 4.0410
7.3571 4.6474
4.0385 3.8472
5.9374 4.7674
5.9103 9.0684
6.4030 -2.1327
-1.9164 3.9676
-3.0861 -0.4786
-2.8327 -1.7974
4.0578 5.5286
-2.7102 -3.5689
-2.7442 -2.8387
5.2485 -1.2136
-2.4777 -3.4324
-4.1249 5.6270
5.5681 -0.8589
2.4611 -2.5589
5.9762 2.9571
-2.4140 -1.6703
-0.7624 5.7598
4.1712 -2.6323
-1.7818 4.1204
6.9658 -2.1400
-2.7399 -1.8565
0.7956 6.7096
4.6840 3.9374
6.5035 3.0028
6.9403 4.3862
7.1242 5.7242
6.6007 4.0547
-3.9407 2.7692
-3.2770 -2.9423
-2.4569 5.6472
-2.0314 3.6217
6.1406 -1.8541
-2.4855 4.7001
6.6170 5.8379
4.2106 6.3115
-2.9764 4.7733
-0.6495 7.4427
-4.2027 5.9827
-2.4726 3.8392
6.4100 4.6291
4.7331 2.1734
9.5747 7.8681
7.5539 -3.9032
7.6152 -2.3758
5.4453 7.1332
5.9687 3.4118
7.6497 6.8600
-0.9450 -1.7778
4.7204 5.2093
3.1696 6.5895
2.7524 3.9808
-1.6465 4.8969
2.2793 -1.6163
-2.6513 -3.9007
4.0855 5.6715
5.9954 4.7357
3.3167 4.5272
3.1119 7.8460
-2.4332 4.0622
4.1319 5.8134
-2.4688 2.9604
7.2916 7.7688
-3.4602 4.3835
5.4813 -2.5591
-4.6785 4.9251
2.8200 3.6726
-2.7854 4.9760
-2.5772 4.6728
6.7135 6.3883
6.7231 0.8060
3.6279 5.3446
7.1243 -1.8142
5.3587 5.5916
-1.9076 6.9118
-2.6956 -2.2493
6.0410 3.9945
4.6552 4.6471
-0.2119 -1.2015
-2.1748 -0.3957
5.4041 6.6438
-3.1378 -2.3516
2.8960 6.4923
5.7321 6.0497
-1.4827 -3.2092
3.8077 2.5347
7.4103 -3.5689
5.6542 5.9240
2.8233 -3.4942
3.7710 -2.3373
7.6635 6.4143
5.8117 5.1698
-1.5833 -2.2406
-3.3986 2.6379
6.7806 -3.3316
-1.9847 -3.0570
-0.3783 6.6724
3.7951 4.2824
-2.1984 4.3721
4.8657 6.2193
6.9526 3.4813
-2.0453 6.8464
5.3496 5.0593
7.4694 6.2257
-3.1456 7.4150
-3.0375 5.2730
-1.9359 5.4693
-2.6204 5.4090
3.9435 1.7649
5.6902 3.7531
-3.6607 5.4916
5.4592 -2.2503
-3.3517 6.2535
9.0405 1.1169
4.8390 -2.5751
-2.7793 7.3570
5.2854 3.3842
4.5057 6.8559
7.9455 3.5195
5.8794 -1.6312
5.0701 7.7312
6.7291 -3.1058
6.3272 6.5155
-1.6158 7.5183
6.5184 3.6989
5.4742 -1.6054
5.5385 5.1901
5.5112 3.4118
3.8012 5.8726
7.3777 5.6420
4.6936 4.6794
6.9603 0.4095
-2.3564 4.4373
4.9487 6.1413
-2.8346 -1.5177
4.0191 -2.2081
6.4566 -2.1192
4.5611 -0.6510
5.7267 3.5297
7.4968 -2.4492
6.4493 5.8393
4.8193 -1.6953
7.7119 5.1704
-2.1487 -3.4569
8.3180 -2.6487
5.1272 5.8256
5.3279 8.2308
-3.2705 3.3659
-3.5311 -2.9502
-2.7625 4.6272
3.6112 5.3991
3.5344 3.4137
-2.1420 7.2045
7.3460 2.4789
4.4592 0.0808
0.1462 4.4368
4.5473 4.1560
-3.6564 2.5880
3.4319 4.8252
8.8502 4.7969
-2.2639 6.5566
-2.6443 -4.7502
5.1564 0.8842
-2.7965 6.7704
-3.1652 -2.9423
-1.2268 -0.9157
4.6002 0.7110
5.8621 6.1876
5.5765 -1.6631
5.2572 8.2972
3.9758 2.7010
-1.5880 -1.6840
5.8334 -0.5716
6.0816 5.1279
6.1368 5.7915
-0.8119 4.4799
-3.0713 2.2573
7.3089 4.6944
5.8016 -2.1818
5.2336 7.1514
4.4082 5.1502
7.6397 -3.8204
7.2277 8.2223
7.2775 4.4049
-1.1438 6.7620
5.5742 7.0989
-2.9042 10.2552
6.6687 -1.9109
5.8547 5.1900
-2.7199 -1.7321
3.4979 6.0914
5.5116 4.9457
2.9928 6.2401
5.7532 8.6513
6.0445 6.6521
-3.2946 3.1707
-2.6064 3.3267
4.6451 4.0582
5.5960 5.4478
1.8223 -2.5152
-1.9100 -3.0164
-1.1133 3.6166
3.1415 -3.2023
7.1350 -1.2720
4.7924 -1.8106
5.4343 -1.8679
5.1054 -1.9621
1.6976 -1.9017
-3.9317 6.1240
-2.5805 -0.2936
-2.9633 6.6380
6.6432 7.7241
5.4312 -3.0914
-0.5084 -1.4104
7.8242 5.2216
4.9481 6.5192
8.6826 5.0517
-1.0486 -1.8363
5.4706 4.8440
-3.2003 3.8276
2.9975 4.5959
4.5664 5.3231
-1.1656 3.7638
5.7018 7.8699
-2.4505 -2.4066
-1.5387 -2.2430
3.9421 -2.7253
3.8975 4.5059
3.9767 4.5623
4.9186 4.5357
-5.4087 7.6472
-2.6554 -1.5192
10.0317 4.9404
3.7743 4.8659
4.6506 -2.3861
-2.8991 3.8938
3.5785 -2.7667
6.4869 5.0246
5.4074 4.3708
-2.4032 3.5309
4.3165 8.0998
7.8906 6.2172
-2.4305 4.0513
6.8228 4.7448
-1.3378 -0.8814
5.6249 -2.1455
4.6246 3.4169
5.3336 -1.7328
-0.3414 -2.2637
5.2501 -3.7895
-2.1835 3.8462
3.6053 3.3697
3.9788 3.6992
5.6635 7.1680
6.3086 5.0793
-1.5583 6.0101
4.9107 -1.8922
1.0522 5.7459
2.1483 -3.1638
-1.5282 7.6731
-1.4399 1.9939
5.8246 5.5242
5.5648 0.9293
5.7251 -2.9600
2.2020 4.9051
6.3796 5.0623
3.7691 6.2509
5.0647 4.5115
3.5943 3.3912
6.1033 6.9602
-1.4334 -1.0465
4.4355 7.8806
5.7484 5.0795
-2.3641 4.4395
6.1529 5.7122
6.2950 8.5876
6.3672 5.2318
5.3517 5.5915
3.4014 -2.5820
-3.7064 7.3478
8.7107 -2.6665
6.4559 8.5500
6.2731 1.1682
-2.2292 4.3780
5.0662 3.3349
4.4309 4.3219
4.6512 -1.8745
3.6139 5.8818
5.6224 -3.1220
6.2642 4.8841
-1.8188 4.8364
5.1984 5.8802
2.8526 -2.7106
6.3013 -1.9658
-4.5280 5.0324
5.3365 -3.4591
3.2726 -3.2388
3.2709 7.8937
6.0463 3.3821
-3.4341 2.7531
3.3337 2.5026
4.2482 4.6075
7.4790 -3.4493
-0.7049 -0.4458
2.7536 -3.3904
-2.3120 -1.1896
6.9334 -1.8665
-3.5426 4.1970
3.8670 5.8881
4.2284 4.3934
3.8880 9.6359
3.6004 4.4605
5.2200 -2.1755
5.8662 -1.2457
2.5011 4.1183
6.4696 6.8914
8.7482 -1.8956
2.9501 -1.4240
-3.5017 -2.7912
5.6454 5.2255
-2.5247 -1.3533
4.8155 -3.5690
4.3859 -2.8336
-3.1965 5.4384
-3.2958 -0.7766
-1.8856 4.9178
-2.0199 3.4227
4.2929 4.7759
5.3999 6.8563
4.2391 3.7983
3.3263 5.4837
-4.8073 6.5795
3.4811 3.4002
4.4162 6.1182
5.4905 7.5391
6.7622 3.4751
5.4785 -2.5852
-2.4730 7.0400
6.0748 -0.8721
6.8483 5.1919
-1.6276 5.2514
-3.2061 5.2667
4.3875 5.9566
4.8760 5.1289
2.4997 -1.5312
-3.4930 7.9743
6.7653 2.1814
7.4290 8.7988
-2.1611 5.1404
-2.5905 -0.9431
-2.5711 -1.7404
-3.3171 -1.7661
7.1519 5.8267
-2.3662 -3.0350
4.7000 -3.7239
6.0592 3.9948
6.2049 4.8976
-2.4496 -3.4316
0.9816 -3.9965
-1.9221 6.5874
-2.1493 4.0221
3.2290 6.2583
2.4511 -1.9657
-0.2023 4.2960
4.4246 5.9113
5.4592 4.8416
-2.5971 3.5966
-2.9258 -2.6538
5.4077 6.3036
-2.8969 6.7986
6.0817 6.0246
0.5281 5.6696
5.2594 -1.3917
4.4126 -0.8852
-1.3730 -2.7715
-2.7692 -0.3813
3.5042 6.2071
5.5119 5.4940
6.7226 6.8471
-2.0017 4.7309
5.6431 -2.5747
7.8442 5.0518
5.0769 7.2323
6.0298 2.9193
6.2921 6.1700
5.7964 2.4012
5.2447 3.7901
0.4098 5.3813
-1.5573 4.2183
4.2539 6.8632
-3.2885 3.7214
4.6779 6.0445
6.0180 6.1934
-2.0552 -2.0651
-1.2675 5.7198
5.1387 4.6163
-2.0087 6.2647
5.7516 -2.4759
-1.9331 4.0848
-3.5026 4.4527
-2.6595 6.9820
-0.5362 5.4832
5.5176 -3.7490
2.5499 -3.2102
-2.6927 -2.5372
7.3709 -2.7686
5.7571 4.3748
5.5355 -2.3255
-1.4910 -2.9859
0.3623 -1.3803
-1.0149 -1.6821
4.6666 -2.4965
-1.8398 3.8519
-1.9127 6.2306
-1.8508 -1.0934
-3.0372 5.5918
5.0635 6.5381
4.5224 6.1625
3.9573 -2.9351
0.2474 3.7109
7.2796 7.1615
-2.9099 -2.5910
-2.5378 4.4967
6.2112 5.7399
4.7736 4.9829
-3.9302 5.8088
4.6484 5.0213
3.8270 5.3592
-1.9870 -2.2240
4.1365 -2.8585
6.1384 4.1041
3.6275 6.3733
3.6839 4.0467
-1.9426 6.6327
-2.0488 3.5452
5.6655 6.2049
-2.8031 -1.8618
-3.4286 2.3804
4.7066 7.9012
-1.4254 -2.9395
-1.9600 6.2010
3.9914 6.3963
2.2157 -2.4779
3.5828 4.3307
4.2858 6.4541
4.0775 -1.7613
5.9686 8.1155
6.1401 -2.3086
5.7643 2.7013
2.5287 -2.1652
5.3474 6.0470
4.3359 8.2935
6.9953 4.8197
5.3667 3.5221
-1.1613 6.5727
-2.6984 4.2980
-2.5414 -2.9099
-1.6691 -2.4137
3.8024 -2.1685
4.8434 5.4673
-0.5206 6.6347
-2.7303 5.1962
-3.0129 4.1414
8.2225 -2.9024
-2.9218 -4.0171
3.3609 -2.5589
-3.5722 3.2531
2.0635 -1.4045
6.2722 -2.5612
2.9351 3.9313
-2.1398 7.6291
5.5367 4.6199
5.1411 7.3504
7.4086 4.7949
5.2694 -2.6827
-0.6156 -3.7868
6.2522 5.5336
-3.2541 5.6477
2.5333 6.8515
5.6696 8.2537
-3.4349 -1.6744
-1.7622 3.9582
4.2250 1.6779
3.5492 8.6685
4.8662 -2.5901
7.8762 3.1039
-3.3769 5.7327
5.4347 9.4581
-1.2756 -3.0607
5.5954 -1.3765
-1.6646 5.3954
6.0644 6.5002
8.4085 -1.5474
1.8848 -3.6165
4.2164 3.9910
4.0757 -1.9438
4.4160 -0.3232
6.6770 6.1887
4.9549 -2.3538
-1.4477 4.6218
4.7152 7.5077
5.9777 5.9121
-0.6982 -3.7773
4.2673 5.7692
4.9279 6.3501
5.2826 -1.1892
4.8333 5.1190
-4.8816 -0.7994
8.6371 -3.2537
5.3550 -2.8668
6.5970 5.5389
7.2230 -3.0205
5.8353 5.1012
3.9661 3.8725
7.3894 5.7131
3.1420 0.6338
-2.5650 4.5947
-1.4322 8.2439
3.9630 -2.6606
6.3682 6.3325
-0.3087 -2.6823
8.2855 -2.7141
2.4225 5.0177
5.1202 6.9877
-0.5946 7.1025
8.3282 -1.2903
5.4254 -3.4076
7.8383 5.3831
-1.8188 5.8678
6.9315 5.7462
6.8568 4.5889
-2.9772 -2.1303
7.0073 4.0087
-1.9060 -2.8922
-2.7210 -3.6058
7.7757 -4.2341
-1.3776 7.2323
-2.1614 -2.3968
5.0925 -3.1528
-2.2242 5.8703
-2.4616 -3.7572
5.8915 5.7527
-2.9960 4.0524
-2.2715 6.1977
-2.7366 6.5654
5.2304 -4.5395
6.6814 2.8384
5.4386 3.8294
-0.8041 3.8224
5.9790 -3.2873
-3.1491 5.0239
9.3966 2.0294
4.7001 7.0250
-1.5797 3.8814
3.5724 1.6904
4.2138 -3.6029
-3.2044 5.1319
7.5055 5.8514
5.5076 -3.2439
-1.7916 6.4313
-1.7862 -2.9434
-2.1826 -1.1766
-2.7750 5.0625
3.6152 -3.5708
5.3101 5.0679
1.8111 -1.8455
3.9245 -3.9380
5.5611 5.9915
-2.4770 5.2750
5.0909 -2.8541
-2.0705 3.8494
-2.1586 5.5269
5.5446 3.1202
8.0025 4.4677
-3.0444 8.1664
4.0217 -0.8217
7.3872 8.5317
5.7884 6.5511
3.3149 3.2177
-2.7024 -0.9512
-0.5644 -1.4866
4.4303 4.9625
-3.1140 1.9333
5.4872 -3.6302
6.6261 7.3371
-1.0729 5.0072
6.4867 3.9749
2.5467 -1.8113
2.4994 -3.0498
9.5017 -1.9249
-3.7136 5.0914
5.0220 -0.9960
-0.2248 4.4626
-3.3626 3.7749
5.2814 5.5793
7.1196 -2.8357
-2.9624 7.5628
-1.6806 5.7830
-0.0598 7.2472
5.0588 2.9823
5.5161 2.9072
6.6928 -0.6088
5.2584 5.9244
-2.1306 -1.8810
4.1698 4.8239
0.2794 -1.5439
-0.5780 -1.9124
5.7135 -2.4230
5.6513 4.4971
5.6014 4.8211
-2.4143 5.1129
-2.2596 6.3140
6.7586 2.0780
-2.4475 5.2382
-1.6038 -3.0807
-3.2383 6.1169
6.2495 3.1542
2.4129 4.8495
-1.2361 5.1775
-0.3217 3.3630
4.7524 4.3575
2.9360 5.2984
5.6650 -2.5056
6.3508 4.5303
5.6740 -3.2874
-2.0753 -1.5945
5.5983 6.3414
-2.5871 7.3811
-1.7923 -2.5966
2.9782 6.7259
3.4542 5.5642
-2.0002 4.0307
3.0249 5.1347
3.1408 5.1063
3.9369 -2.8445
6.4583 5.2818
-2.0314 5.1688
-1.2371 -1.5878
3.4769 7.1719
5.5396 5.8753
5.7638 3.2363
5.9239 6.9468
-2.2981 3.5160
6.2445 5.9999
4.4140 -1.5111
5.2720 3.3232
6.7287 6.8391
6.0321 5.7502
-2.4425 -0.3448
5.1766 6.4533
5.2465 3.9209
3.7142 6.6716
4.9585 -1.1531
-3.8400 4.4337
-1.7723 5.8171
4.1788 6.0487
4.1327 3.4327
5.3534 7.1698
6.3301 6.5230
-3.7594 6.2787
-1.8985 -2.1509
3.1676 8.1422
6.0840 -3.1129
4.5861 -2.5092
9.0533 5.9547
9.0518 -1.5396
-1.8116 -3.6257
-1.2110 4.4498
6.2481 1.4957
-1.9112 -3.6788
-1.1694 5.6902
5.3538 8.2764
-1.0608 5.1442
-3.9749 -2.4546
-1.9008 -1.7179
4.6356 5.5412
4.8206 6.8475
5.9052 -2.1841
5.4091 -1.8983
6.5224 6.9295
6.0102 5.1738
-1.2793 -1.2171
3.3722 -1.6132
-2.4194 7.5914
-2.6206 1.4667
5.2661 5.3036
4.3826 2.7949
-1.6545 5.8502
-2.2289 -2.6368
4.0168 -1.2881
5.4963 1.3631
5.4422 -2.7214
5.5082 5.9496
6.1007 7.2237
4.9332 5.0238
5.0662 5.4597
1.8614 6.3562
-1.6436 -3.6276
3.0047 6.8835
4.8240 6.1315
-1.9326 3.3484
-2.5321 5.9956
4.6099 3.2166
4.0414 3.7646
2.1676 -1.3735
4.1129 7.7984
-1.8539 2.9697
-2.2825 2.4672
4.2535 5.5977
-3.1085 5.3979
-0.6049 6.9770
-4.1245 -2.9139
5.8999 6.5040
4.6657 -0.2192
7.8833 6.6087
3.5223 6.1780
4.3527 6.2654
4.3622 -1.3760
-1.4289 1.7119
4.9865 -2.7206
-1.7335 3.2425
4.1992 0.0371
-0.0925 1.6551
-0.7248 3.0015
3.5052 -1.9281
6.3299 3.8424
4.3828 -1.0976
-2.9343 4.6917
0.1750 -3.0691
4.1304 -4.0973
-0.8592 -2.8902
5.7337 5.6851
-4.1663 -1.1952
7.0047 7.4473
4.6099 6.4875
1.1576 4.1173
5.1250 5.4059
3.7028 7.7166
-4.2556 5.7458
-0.7301 4.3839
5.8336 4.3976
-2.4835 5.7306
-2.6160 5.2361
-3.2981 4.4923
4.9563 6.5168
6.9756 -1.4560
5.6121 5.8114
6.0625 -2.4130
6.8519 1.9841
3.9861 -1.6562
-1.5300 7.1052
4.2999 5.4875
5.6883 5.3803
4.0009 -1.6393
0.0826 -1.9157
5.8677 5.8328
-1.9575 4.5141
-2.7140 4.6461
5.5586 7.9329
4.6509 -3.9462
4.0996 -3.0757
3.5180 7.2772
4.0033 7.0318
7.2339 3.9891
-3.2085 7.5336
5.5286 -2.3846
-1.0967 5.8448
3.9382 5.4708
6.6830 -2.5482
7.3145 6.1713
-2.1361 -2.8674
4.7102 -3.1695
3.4169 -2.8565
-0.9881 6.1755
5.7397 5.8332
6.7754 -3.4395
6.6827 -2.0908
6.1322 5.2861
3.3550 4.1991
-1.9051 7.9417
7.1905 3.2719
-2.7088 2.9404
4.4538 7.9080
5.5054 7.3332
6.0560 4.8493
4.9008 4.0556
5.6401 -2.3463
4.3378 5.8690
-2.8036 -1.9257
7.1365 4.2998
-2.1210 5.3399
5.6916 3.3533
6.4339 -3.0121
-0.4461 -1.5106
-1.4569 -1.8143
5.4694 6.3500
5.2334 6.1133
-6.5614 -1.2261
6.1087 4.3988
6.0305 4.9416
5.1453 5.9058
-2.1991 6.8561
-0.4722 4.2262
4.5042 -2.4542
5.5986 -1.1932
6.8080 6.7672
-1.7993 4.7762
6.0094 -3.0906
4.1625 3.7379
4.1632 -4.0608
2.8648 4.8973
-1.4080 4.3859
5.3074 4.8654
6.1620 -1.9051
-0.6223 4.4805
5.4778 4.0894
5.9839 7.3017
-2.1398 2.5429
5.7843 5.3073
2.7448 6.7357
4.4905 7.7480
-3.3515 3.1174
5.1688 4.9387
7.8713 3.6556
-1.6801 3.8901
-1.1309 5.5559
3.7988 4.0329
2.8745 -0.5327
6.4879 5.5932
5.9151 7.1506
4.3824 -1.9286
5.9746 6.6219
-1.1683 7.1079
5.6747 -1.3824
6.8350 -1.6576
5.9340 3.1091
0.0419 -3.2778
-2.8397 -2.3736
-1.9201 -4.4120
6.7407 -1.0460
5.1655 -1.2841
8.9127 6.5594
3.5994 -0.3681
-0.5720 5.3565
4.8493 4.9899
6.7218 4.1039
-2.2966 5.8048
4.8592 -2.5459
-2.3853 5.3795
2.0486 4.5375
6.0869 5.2113
7.8438 5.3195
5.3612 -2.7024
-0.8968 4.6944
-1.6093 7.6429
7.8433 -1.4157
-2.7883 -2.8151
5.3456 -1.8552
4.9412 10.2997
3.5186 5.0904
-1.2256 -2.7234
-2.1954 -5.1213
3.9652 -1.6067
5.1014 5.7822
5.0940 -6.7380
-9.6046 -8.5044
-8.8450 0.2044
-8.0008 -7.6401
4.6787 -9.4185
-7.1152 -6.5195
-9.1854 -8.4788
-6.8819 4.0710
3.6659 -2.1305
-8.9627 -8.1721
5.5744 -5.2428
1.9573 -5.3438
-10.8314 -0.7171
3.4646 -8.5261
-8.9976 -7.7755
-8.8403 1.7219
-9.6117 -10.8906
-8.3548 -8.4690
-8.9494 -3.7858
0.6642 -11.7111
-2.8822 -8.9148
-9.5331 -9.7792
-7.5970 -8.3798
-6.5860 -6.5709
3.4713 -9.5098
2.5102 -5.4519
-4.0136 -0.1129
-8.4362 1.0733
-11.5795 -8.4907
-7.4343 -8.1762
-7.6356 -7.7293
-3.4954 -6.7892
0.5189 -9.1708
1.0001 2.9311
1.8502 -4.5819
-6.5164 -7.1799
-8.9349 -5.9592
-0.2414 -8.3698
-2.0613 -8.6598
0.3973 3.2110
-9.1909 -6.6116
-9.6449 1.0452
-8.3851 -8.3166
-1.8129 -4.6773
-0.2656 -5.8493
-7.7396 -9.9327
-8.2689 -9.1631
-9.1795 4.2187
-7.4169 -8.9067
3.5844 -6.8200
1.5483 -9.7197
-7.7168 2.9566
-11.5381 -4.4794
-1.8309 -9.1695
-1.6898 -8.7894
-8.5060 2.9104
-7.7740 -6.5884
-4.9059 2.3308
-9.1142 2.8204
-5.5555 -9.1032
-8.2865 2.1666
-9.2456 -8.7385
-6.1817 -7.0341
3.6963 -5.2230
-9.6672 0.4426
1.7127 -6.0060
3.1191 -7.8839
-5.9699 2.7570
-9.2380 4.5356
-4.9579 -0.8323
-7.1807 -8.4575
2.4233 -1.0683
0.7582 1.2374
-3.3093 2.8270
-8.3977 1.3777
-9.7038 -2.8939
2.0432 -7.9157
-11.3513 -7.8557
-9.2414 -4.5930
-8.1837 -2.1816
1.6346 -3.9536
1.9248 -7.0944
-8.3732 -10.2898
-1.5883 -9.9809
-7.7979 -0.2385
-7.3264 -8.2106
-5.3583 -8.3676
-10.6572 -9.0262
-6.9706 -9.1360
-9.5630 -9.4626
-11.3105 -8.6594
-9.8858 -9.1033
-10.5474 -6.0968
-8.7691 -6.2972
-2.6487 -9.2722
-9.4607 2.6987
-9.1094 -8.8198
-8.5618 2.4089
-7.5468 2.5423
-9.1672 3.6790
-8.3790 -2.3195
0.2877 -0.4297
-8.4722 -6.9347
0.6365 4.6012
-0.4439 6.4184
-9.8868 -5.0896
-8.7947 0.2550
-8.9017 -8.1818
2.3462 2.7027
-9.3676 -8.7243
3.8208 -9.3246
-5.6571 -9.4056
0.2673 -6.8544
-4.1244 1.2507
-9.1760 -5.6974
1.5498 -7.9678
-8.8725 -7.0161
-9.2130 -8.9220
2.9941 -9.9677
-9.4009 -9.0841
-2.1417 -7.3964
2.0955 2.4415
-9.0057 -9.3114
2.4555 -8.8806
4.9931 -7.7250
-9.4065 2.6948
2.7828 -5.3951
-10.8707 -10.3162
-6.7393 -7.8808
-12.7981 6.8058
3.4515 5.8995
-6.0893 -0.2877
2.9771 -0.7921
-8.7113 -8.3829
-0.9303 -9.3411
-9.4963 -7.7535
2.2738 -1.8073
-9.2968 0.1505
-9.4252 -9.1705
-9.4988 0.5369
-8.7446 -8.6639
-5.7937 -6.4465
-9.2743 -8.7233
-6.2684 -8.7221
1.5622 -8.0803
2.5716 2.1235
0.5461 -6.6504
-9.6321 1.8170
-7.0077 -8.7821
-5.7620 -8.6420
-9.3646 3.0854
-1.0171 -9.8574
-7.9281 -11.2510
3.9747 -8.8013
-9.6971 2.2080
1.9987 2.5836
-7.7997 -9.5179
-9.1435 -9.5204
-9.3167 -9.2180
-8.3529 -0.8965
-6.9424 -10.9091
-9.7706 -9.2648
-8.8902 3.6157
-2.5381 -0.3328
-9.6267 -10.2720
1.9256 -0.3253
-5.8151 -4.4761
1.9390 -7.4740
-0.8122 -10.4198
-4.4090 -7.0409
3.9557 -0.7770
2.9516 -10.0066
5.1964 1.6245
-8.9208 2.5933
0.3008 -9.1534
-10.3992 0.3581
0.6872 -6.1885
3.5809 -1.9852
-0.1239 -7.3147
1.2795 7.6816
-7.2738 -8.8011
0.4324 -8.5290
-6.9101 -0.9755
-6.3131 -8.8713
-8.5398 0.9045
0.2893 -6.1207
-8.3736 -8.5946
-9.1898 -7.7899
-9.5844 -8.8781
-10.9589 -9.0730
-8.8786 -8.5798
-9.7967 -6.5478
-7.1706 -5.9453
4.4913 0.6364
2.9740 -10.7055
-3.0244 3.9431
3.1682 -8.9197
2.0327 -8.6377
-9.4284 0.3503
-7.0016 -4.8125
-9.7281 -0.9331
0.7790 0.2324
6.2790 -7.0348
5.1361 -9.1019
0.4438 0.2293
-2.0145 -8.4043
0.1000 2.1040
-5.6335 2.7663
-11.4574 -4.9299
-8.7522 -9.7807
-3.8689 -0.1366
-9.8250 -10.0410
-7.6147 -3.3082
-1.6948 -8.7180
3.8385 -11.4158
-6.2605 -5.9653
-8.8434 3.9025
5.7699 -0.8842
2.3605 -8.7061
-5.4967 -2.0402
-9.6103 -9.5697
-8.9831 -6.8281
-6.8151 -7.5259
-6.4181 -4.0740
3.8135 2.8835
5.1229 -8.1067
-7.3201 -9.0029
2.5446 -8.4106
-8.9104 -10.5805
-9.5851 5.2891
-8.6816 -2.0408
1.9497 -9.0813
1.2693 -9.3371
-1.5063 0.4349
-9.1450 2.8908
2.8044 -5.9570
-3.4175 4.8919
2.6240 -1.3177
-6.4139 -7.8174
-12.0028 -6.8723
-9.4995 1.0922
-1.9292 -7.1294
-8.9168 -7.7238
-5.6924 -0.6097
3.2378 -8.4135
1.1884 -9.0378
-8.0135 1.2131
-9.3748 -7.2429
0.9621 -8.2574
-9.6841 -3.6615
-11.0427 1.0419
-10.9646 0.6628
2.7820 -5.8449
0.2011 2.7956
-6.6571 6.4234
-1.1426 -1.1732
0.0794 -6.2508
-9.7444 -9.4342
-8.5956 -3.1887
-9.3039 -9.7253
-8.7426 -8.7194
-8.7688 -7.6280
-8.1347 -11.4829
-8.7312 -4.9543
1.7728 1.6292
1.0583 -0.7496
-5.8151 -8.7334
-7.0360 -6.7239
-8.9293 -7.7243
-8.2147 -0.3515
1.7296 -8.6523
-8.4114 1.0842
-4.9574 -8.7085
-6.8827 2.9001
0.5368 4.8423
-5.5485 -7.5652
-7.6995 -8.7058
4.6046 -9.4956
7.7009 -8.8236
-9.6922 2.4354
-8.9202 -9.1725
1.0862 -0.2259
-9.3143 -5.6967
-8.5892 -8.0967
4.5291 -9.4047
-8.2735 -10.2820
5.6366 -7.3152
-3.7219 -8.4385
-7.2039 -9.0057
2.1247 2.5406
0.6568 3.1739
-8.2894 -7.3644
-10.6564 -9.1314
-4.6391 2.2026
-8.7595 -9.1642
-5.2301 -8.9315
1.3965 2.8902
-12.8187 -4.9496
-8.6501 -9.5111
1.4051 -8.9086
2.4148 -9.1701
-8.3543 -5.1678
-9.0528 -6.8716
-0.9605 2.3173
-6.1496 3.1246
-7.2032 -9.9995
-0.7003 1.1281
-8.3495 1.6630
-2.6385 -6.0048
-9.3825 -8.0358
-8.2549 -8.6211
-7.5938 -3.3260
3.2611 -10.9350
-0.4930 -9.3517
-11.3512 3.9287
-8.4050 -1.6150
-9.0732 -2.1352
-7.4257 4.8199
-8.9480 -9.2361
-8.1028 -9.2057
-0.3770 0.1685
-9.1036 -6.6136
0.4104 -7.8811
2.4638 1.8734
-9.7567 5.5131
-2.9670 -5.8812
-6.5803 7.2034
6.2527 -10.1413
-9.3668 -8.9694
-9.4613 2.2131
1.1906 -9.3055
-5.8173 2.1961
-11.4881 -6.8896
-8.6348 -7.4496
-9.8370 -8.5349
-6.1416 -8.8457
0.8108 -8.6129
-4.8430 -9.0079
-11.6366 -8.0169
-8.1112 -6.8642
3.8447 3.6098
-5.6145 -9.5642
-8.7318 -6.2470
3.1308 -6.1698
-5.9377 -6.3318
-2.5428 2.5215
-8.1458 -0.5090
-9.2932 3.3442
-9.1110 -8.0763
-10.3332 -9.4246
-9.0904 -7.6216
-7.6216 -9.2929
-0.5998 -8.2511
0.1976 -9.9132
-11.7399 -1.8484
-0.1646 -7.5329
0.0171 0.1588
-0.8151 -9.0838
-5.1953 -0.2806
-9.6001 -9.8238
-9.0233 -9.5217
-9.8746 2.0635
-9.1683 0.7967
0.2919 -8.3627
2.2423 -7.8881
-4.8740 -8.4256
-9.4524 -7.2196
-8.5992 -9.5310
-8.7757 -8.8753
-9.0703 2.0274
2.1434 -10.6531
-8.6784 3.8366
-8.3795 -9.6768
-9.9970 -6.9137
-13.1394 1.9096
-4.4929 -8.8115
-9.2763 -9.3897
-9.8629 -8.5763
-7.0995 -5.7916
-9.0352 -6.8115
-7.9607 1.6857
-8.8879 -8.8360
-10.0956 4.8811
-9.2158 2.5082
-5.7639 -4.7334
3.4519 -8.1869
-1.1406 -8.4582
4.3226 3.0867
-0.6414 -2.1565
-9.0702 -9.1734
7.0666 -7.7650
-9.6398 3.4180
-0.3155 3.6521
-6.9802 -4.7532
-5.5081 2.4011
-0.5929 -9.1598
-7.3797 -9.0558
-10.1972 -9.3437
-0.4157 2.2194
-6.8980 0.6182
5.5514 0.3498
2.6492 6.9099
-3.9019 -7.5982
-8.1307 -3.9872
-4.6005 1.5788
-5.6665 -6.3082
0.9045 5.0758
4.2013 -8.6439
-8.3298 -6.4662
1.6889 -8.5715
-5.7960 4.4392
-5.3746 -7.2440
0.9954 3.5292
-9.4864 -7.0722
-8.6586 -9.5650
-7.9463 -12.0393
-9.3855 -9.0299
-1.4353 -4.6686
-1.2093 -9.2725
-8.2511 -8.4695
3.2149 -1.2650
-9.3959 0.2110
1.3276 -9.1986
2.4098 -0.6677
-9.0100 3.2939
-0.1909 -9.3243
-8.4488 -6.3941
-4.0231 -1.5219
7.4853 -0.7351
-9.6029 -9.6381
-0.8300 -5.7998
2.5656 -9.8317
-8.2497 -3.4982
-8.0065 -1.3524
-5.5456 -10.6315
-8.8966 1.6963
-1.6145 -8.7105
-14.5528 -8.9207
-5.8217 -1.6212
-9.4682 3.8188
-9.0053 -8.6500
2.2779 -12.8066
-6.7307 -7.9176
-7.3342 -1.2282
-8.3743 3.7813
-1.9634 -8.3100
-8.4574 -7.4571
-6.3054 -9.0821
-0.4609 -8.6698
-6.7444 1.0137
2.2324 0.5946
-2.5742 -9.1453
-11.2806 -8.8879
-8.9644 -9.2864
2.5657 0.0582
-8.4879 -9.3720
-8.6226 0.2858
3.0948 -9.6022
1.8861 -11.0100
4.7103 1.3191
-9.9722 0.6283
-3.2259 -9.0250
-9.2137 -6.0497
2.0082 -8.7482
-7.4833 -5.5761
-9.0980 -3.7649
4.1225 -5.7255
-9.1763 -7.9712
-5.7146 -8.9669
2.8802 -1.2897
1.8239 -9.2907
-2.0869 3.5780
-2.8488 -8.6711
-2.7241 0.7405
-9.7988 -10.0261
-6.8877 -9.5385
-0.5845 -9.3921
-4.4496 -8.4942
-5.7913 -5.1069
1.5269 -9.2422
-6.2097 -7.7579
-10.5378 -7.9358
-8.2530 -8.6515
-10.1506 -8.4593
-5.5332 -8.8889
-8.5768 2.5058
4.5799 -9.3459
-8.6082 5.1215
-8.9105 -8.8466
-9.3702 -9.7046
-8.8788 -9.0217
-9.1708 -1.3645
3.1286 -8.3441
-9.1968 1.8488
-6.8571 -0.4365
-8.7388 1.9589
0.8185 4.0209
-10.9287 -8.2687
-6.3466 3.7329
-8.6126 5.7069
-8.6645 -7.0299
1.7362 -6.5249
-1.2546 -7.2040
-8.5900 -8.9493
3.2428 2.6321
-9.7218 -9.4587
-4.0368 1.0375
-6.9552 -8.8469
-5.9211 1.3617
-9.1136 -10.2850
0.1731 2.1145
-4.3143 2.1828
-6.9465 -0.4682
3.7272 -7.0240
-5.6781 -8.0054
-7.2514 -8.3202
3.9664 -8.5397
-6.7931 3.3879
-0.0236 -8.7042
-11.3253 -9.7406
-8.9897 -9.9100
-9.0111 1.3709
-8.2471 -8.5083
-9.5388 -10.5213
5.7909 -9.6822
-9.7319 -5.5334
-9.7164 -8.9542
-9.3045 -6.6665
-8.8615 -9.1560
-8.7631 0.0474
-1.8278 -11.1443
-8.4136 -6.1542
-1.0214 -3.0930
-11.2785 -9.7431
-9.0941 3.6733
-9.8911 -9.8803
-6.8170 -1.0722
-0.4163 -5.6383
-7.8916 -9.4605
-5.4707 -6.6388
-5.7623 2.3137
-1.2771 -8.1802
-9.2162 -9.0011
-8.4928 -8.9477
0.3213 -9.6719
4.8488 -9.3426
-8.5287 4.6724
-8.0754 -8.8259
0.3385 -7.7806
-7.4526 -7.5225
1.5081 -10.1620
-10.4454 -5.5142
-0.9296 1.9328
-9.4076 -8.7078
2.6707 -7.4989
-6.1934 -9.3712
-8.2612 -5.7287
-8.9447 -1.7824
-5.7838 -8.3325
-8.2097 -8.8426
-9.1728 -7.6748
-9.1404 -7.7442
-9.6357 -5.8720
-7.4719 -9.2186
-10.7504 -7.8519
2.4838 -9.0837
2.4013 -7.1903
-8.3118 -8.5975
4.4714 -10.8783
-9.0966 -7.9027
-9.4116 4.4863
2.7147 -8.3723
-9.5525 -9.0284
-9.2874 5.0255
-5.9489 -9.3633
-8.0878 -7.5894
-3.0876 -8.4942
3.8027 -9.2167
-3.9685 1.1550
0.8586 -6.7014
-7.2772 3.2712
-0.1639 -7.3587
-9.6097 1.2939
-6.1114 -8.6002
-11.4125 -5.2163
5.3929 -5.5903
2.9431 -8.7779
1.6881 -6.2316
-9.3838 -9.4660
-9.2503 -6.4052
0.9101 2.9610
-9.2112 -4.7053
2.2083 -9.1100
2.3641 -8.7333
1.0406 -5.9763
-6.6480 4.1295
-10.8075 -7.0872
0.3978 -9.3937
-11.3854 -10.3557
-7.1859 -8.8941
-9.0301 -8.5865
-10.1045 0.6144
-9.3995 2.9328
-11.5298 -11.1386
-8.6722 1.8228
-5.9845 -8.2939
-6.6969 0.7805
-4.9848 -7.9853
4.8564 2.9981
-1.0089 2.3017
1.5757 2.1033
-9.6465 -8.7103
-10.1038 -9.3170
-8.5970 -9.8573
-0.5816 -9.1166
-9.4205 1.0174
-9.0725 -7.8334
1.3125 -8.0994
-9.3731 -8.4538
1.0059 -9.1565
-8.8304 -9.9603
-8.5616 -9.3768
1.1169 -9.0597
0.8724 -9.2916
-5.1350 1.6896
0.8370 -8.7987
-9.0957 -7.9065
-8.3780 -8.7463
-1.3131 -2.8668
-7.4169 -0.1303
-7.0320 -9.6231
-9.8435 -9.6091
-9.6309 -9.2884
0.4220 1.9147
-3.1055 3.4700
-0.5064 -6.6774
2.6793 3.3061
0.6011 -8.6304
-8.9237 -1.3099
4.8247 -5.5166
-8.1121 -8.8877
-8.7616 0.8210
-5.5937 -9.0682
-10.2781 -8.1858
-5.6018 -8.0064
-7.0972 -9.3547
-5.1016 3.9250
3.9679 -9.4101
1.9651 2.9511
-8.2773 1.7511
-7.2575 -5.5886
-11.7633 -10.2516
-8.9025 -5.9196
-7.9543 -6.3699
2.8014 -8.7077
3.0208 0.2427
-7.1184 -5.7303
-7.1842 -13.9321
-8.3644 -6.5877
1.8747 -3.9032
-8.2662 -6.9569
-8.5612 -7.0569
-10.2925 3.2208
0.7380 -8.3623
-8.5007 -7.8503
-9.5390 -8.5757
-5.2774 -5.3809
-8.8848 -0.1888
-10.2751 -9.3552
-9.1892 -8.7588
-2.5764 -6.5928
-7.6607 -9.2043
-9.5996 -10.1261
2.3136 -9.1254
-8.8892 3.6554
-0.7820 -1.8879
-11.0650 -1.9045
-4.7569 -2.5378
-8.8073 -8.0140
1.2444 -8.7146
-9.0602 -6.7204
-2.1151 -8.7108
1.3787 -8.7074
-1.6613 -9.6343
-8.4216 2.6643
0.0861 -9.1445
-2.3413 -7.6061
0.5909 -6.2672
-6.9367 4.5729
-9.0346 -8.5598
-8.8245 -8.7642
-0.6939 -7.6200
-8.7076 -8.7088
3.4730 -8.1958
1.4468 -8.0711
2.1687 -3.7784
5.9466 -8.7992
-7.8806 -8.8174
-8.9839 -7.8182
-8.0795 -9.4704
3.7469 -1.5160
3.7339 -11.5512
-11.8032 -8.7109
4.2800 -9.7679
3.2609 -7.7914
-8.8103 3.9920
-8.8703 -9.5335
-8.6710 -9.1451
-5.6468 -9.1073
-9.9414 -5.2146
-7.2131 -8.0858
-4.0248 -7.6647
4.2895 -9.9341
0.5841 0.9314
-0.2696 0.9218
1.6467 0.8412
-8.5815 -9.7338
-9.1873 -9.2567
-8.7527 0.4769
-8.6062 4.7530
0.1807 -0.1196
-7.7552 -9.3807
-11.2733 -8.5512
3.5722 -9.0042
-7.6478 -8.7289
-9.6041 -0.7620
-8.3641 -8.5480
-0.0269 -7.3730
-9.0139 -9.0043
-8.0294 -3.9434
-6.8229 -5.5930
-1.2525 -8.1872
-0.9779 -5.3560
-12.0318 -9.2972
-8.4373 -6.2056
-8.3653 -8.3769
2.0847 1.9012
-5.8424 -10.9016
3.0318 3.4074
-6.9800 3.4476
1.8421 -1.4796
0.9708 0.9469
-9.1656 5.2116
2.0832 4.3126
-10.0776 4.4917
1.8647 -8.5271
3.6555 1.6504
4.4687 -9.2144
-7.5385 -5.1448
2.9750 -10.6414
-10.5357 -10.8552
-9.6400 4.9772
2.6057 3.6573
2.1171 -9.1259
0.6770 -8.2554
-9.3953 5.0363
0.6766 3.0995
-4.8612 -10.3300
-9.1115 -8.0694
-8.8154 -7.6008
-6.2048 -9.3387
-8.7352 -3.2480
-9.6544 -0.3379
2.3031 -10.0136
-9.1354 -9.1939
-6.7816 -9.5960
2.8333 -9.7199
-7.6740 2.4671
-9.2721 2.8359
1.2029 4.2600
0.7665 -9.5268
2.1765 -10.0553
-9.5139 1.2283
-10.7780 -7.4583
-12.2014 -9.8091
-8.4880 -9.0008
-5.6215 -8.9394
-3.9844 -7.9090
1.0162 -8.9800
1.8232 -9.1219
-8.7487 -6.9055
0.8664 -2.9426
-6.4938 -10.1637
-8.8948 -0.2062
0.3840 -8.0635
-9.0241 -9.1110
-1.3890 -7.8339
2.1019 -0.4610
3.6422 1.5555
-8.6722 -8.7753
-8.8163 -9.9001
-9.5028 -9.9444
-7.8831 -7.7395
-9.8555 5.1183
4.7470 1.6320
-8.9786 -6.0314
0.8098 -7.5725
-8.8043 -2.0902
-9.6356 -6.6780
-8.4317 -9.0957
-8.6842 1.5973
0.4744 -0.4670
-10.2232 -8.7341
-5.9936 -8.6701
0.5850 -9.6272
2.0583 -8.7771
2.3976 -8.9096
4.7088 -0.4486
-9.4983 -8.5562
4.3227 -8.2212
1.1061 -8.5895
-9.6947 -9.3785
-6.5604 -6.9206
3.2475 -8.4391
-9.4238 3.1734
-9.3921 -7.7741
0.4828 -8.4101
3.7694 -5.9589
-4.6693 -9.1519
-10.1146 -9.0911
1.3697 2.5441
-5.6379 -9.1543
-9.3059 0.5635
-6.8614 -9.6211
-9.1083 1.7261
-0.2226 -0.9542
2.5694 -8.9441
-9.5308 -6.6723
2.0567 3.0103
-9.6317 -8.8524
-8.5900 -9.2099
4.5246 -0.5775
-5.3625 -11.3426
-8.4530 2.2503
-9.4912 -5.6427
1.9083 -5.7634
0.9197 -7.5431
-9.3503 -9.7567
-9.0211 1.1098
-9.6605 -8.2974
-8.3105 -5.6414
-8.0467 4.2653
-11.6522 1.9802
3.6887 5.9715
-2.2196 4.2440
5.0834 -6.2182
-9.4701 2.8222
-8.9732 -0.0876
2.2303 2.2904
-8.3107 -9.9942
-8.7868 -9.7799
4.5359 -8.2117
1.4098 4.7861
-9.3332 2.9879
-8.9708 -9.1886
-9.8207 -7.1920
-9.2760 -10.4702
-4.9275 -9.3085
-11.0008 0.8304
-10.3318 -9.7707
-8.6169 -7.8375
-5.0002 -8.7660
-10.6456 -8.6220
-11.0205 -5.0925
-11.5262 -7.1053
-7.8120 -11.2082
-9.7706 -8.5599
-9.4160 2.2665
-4.9673 4.8415
2.6959 -10.6107
-8.4966 2.4315
-8.1868 -9.5301
-5.1978 -7.9397
0.8370 4.7911
-6.5267 -10.5610
-9.6847 1.0916
2.6836 -9.1506
-8.9733 -9.2298
1.3354 1.9776
-9.0387 -8.7657
-5.8501 1.1677
-0.9184 -8.9852
4.0569 -8.0771
-7.9693 -7.5393
-9.3315 -3.7413
2.6185 0.0543
-7.4725 -9.9039
-11.8291 -9.8780
-14.9098 -8.2122
0.0593 -8.8920
-12.4038 1.1043
-9.4468 -8.9002
-9.2353 -1.4571
-7.5329 -12.6252
-9.8581 -13.9244
-1.6873 -9.1430
-9.2105 -8.3284
-9.4211 -0.3644
-8.8778 3.3196
-9.2228 -0.9664
-4.2168 -0.3118
2.7714 -1.2433
-9.3391 -5.7191
-5.5469 -1.2269
-8.9586 -8.6573
-4.2033 3.0706
5.4365 -7.2390
-9.0166 -8.1008
-9.9134 -8.6579
-9.9940 -0.8603
8.4571 -9.9275
-12.2844 -8.8792
1.0169 -6.4807
-9.0761 -7.0550
-12.0812 -11.7656
7.3744 -8.7082
-9.5941 -7.0975
-3.0345 -2.5021
-10.5596 -10.7772
-5.1592 -8.9941
-7.7373 -9.3143
-9.4731 -0.2503
0.2930 -8.9743
-9.5742 1.4920
0.7663 -8.0817
-6.2923 3.7399
-5.3212 -2.7487
-10.5973 -6.8893
-8.7667 -8.8230
-6.2313 -5.4571
-9.7342 -8.9994
3.3953 -6.7216
2.7584 -4.9745
-8.6021 -8.2229
3.3008 -4.7787
-7.2539 -9.1946
2.8847 -8.4052
-6.3053 2.9517
-4.8291 -9.5848
-8.9803 -0.4981
-10.3256 1.1167
-9.2167 -6.9957
-12.8220 -1.8999
-10.0291 -9.1018
-9.6586 -0.4723
-0.2824 -0.4912
-7.5160 -8.7331
-10.8900 -6.7712
-10.9104 -8.7868
3.5696 -9.0539
-6.9230 -8.0654
1.9857 2.2553
7.5480 0.3803
1.8147 -8.3155
5.0502 0.3049
3.6833 -9.0667
-6.5613 1.4757
-7.5650 -9.1529
-0.3656 -7.4922
1.7537 -9.0764
-4.5745 -9.4992
-0.8057 -8.1658
2.5874 4.2539
1.2506 -8.8416
-9.3272 -8.2092
-6.0477 -8.8308
3.5263 2.5300
-8.8337 -9.0715
4.8986 0.4846
-12.2318 -10.1675
-7.2460 -9.4060
-9.8101 -8.7998
-8.7033 -6.7770
-1.2937 -8.9970
-3.1999 -8.2174
-7.6352 1.9816
-9.5443 -8.9609
1.4455 -8.4898
-8.6547 0.4592
-7.8177 -8.8437
2.2326 -3.4145
-3.0026 1.7842
-11.6604 -10.5267
-7.1105 3.2474
-9.2787 2.6330
-1.0712 -8.5310
1.6403 -8.8757
0.3387 -10.0566
1.8855 -12.2026
1.6357 0.6384
-12.2340 -9.0938
-0.8782 -8.4205
-0.4911 -7.0308
-7.8167 -8.3572
-1.3008 -9.1738
-12.2336 3.9584
-4.4439 -5.1628
-8.7343 3.2078
-10.3910 0.5693
-5.7207 -0.3690
-8.3996 -11.7564
-4.6428 2.4739
0.6855 -8.9682
-0.3954 2.9402
-8.3799 -7.0859
-9.2934 1.6589
-6.0196 -8.2068
-8.4181 -7.8993
-0.9694 2.7960
-11.0217 2.3057
-8.7940 -9.6118
-9.1116 -7.0173
-5.7665 1.4042
-5.6112 3.6469
-9.4252 0.6864
0.4331 -8.6034
4.2599 -0.7779
-9.6499 -6.3831
-10.0576 -9.6353
-6.8993 -9.0200
-2.1254 -8.4850
0.8888 -6.3172
-9.2787 -7.5735
-8.0236 -5.6389
-9.2533 -9.2794
1.0367 -6.6439
0.4107 -9.3442
-9.3163 -8.8422
-7.6709 -6.4699
-9.9060 -7.7009
-8.7672 -6.8890
-4.9335 -8.3579
3.8505 -8.2937
-9.4849 -11.2403
-10.1107 -8.8265
-9.7782 -8.4653
-8.9824 -8.3861
1.0694 -1.3030
-8.8469 -9.4933
-1.1820 3.0036
-7.3866 5.8703
4.9567 -9.2931
1.6956 -2.7553
5.3454 -7.0247
-9.6316 0.9000
-10.6349 -7.2514
-5.2392 -1.2281
1.5052 -9.3372
-6.5348 3.3796
-8.8217 -7.8075
-8.8743 -9.3502
0.3747 5.7768
-6.3662 -9.2350
-9.9136 4.7735
2.8276 -9.2611
-7.1623 -7.4700
-1.6477 -3.3571
0.0228 -8.3292
1.7449 -9.2175
3.7292 -8.9496
3.0130 -6.0606
0.6217 5.1162
-9.5546 -7.7663
1.2207 1.7618
-10.0430 -9.0379
-6.1055 -0.9820
-9.6505 -6.6136
4.3050 -9.8178
2.7155 -5.9105
-8.4331 2.3827
-10.0854 -7.6309
-1.1325 -6.5679
-8.5561 -1.9855
-7.1348 3.3246
-4.3496 -8.2456
-9.9979 5.5884
3.3147 -9.5377
-9.8432 -9.4883
-8.7338 -0.2967
-4.7995 -3.7289
1.3247 -8.8733
-9.5439 1.6076
-7.5833 4.9237
-9.2628 2.5156
-6.1498 -4.4575
-1.9862 -0.2527
-6.7614 -11.0378
-8.7206 -7.5149
-6.7954 -3.7208
1.3716 -9.8149
-9.5244 1.6580
-7.5560 1.1617
-9.8461 -9.0432
-7.2778 0.5165
-0.1108 2.2079
-8.4812 -5.9293
-9.3445 -6.5651
-8.4448 -10.3654
-8.3195 -0.1136
-8.0802 -6.1112
3.7062 -2.4027
-5.0721 -6.2129
-4.5622 -8.1406
-5.5424 -1.3769
0.7797 -8.9353
-8.5987 -10.4404
-5.2623 -5.3261
2.9537 -12.2843
-6.9290 0.8671
-8.9887 -8.3405
-8.0995 -9.7626
-11.5510 -9.3387
-0.3236 -9.7195
-10.4919 -8.5207
-8.4219 -5.1887
-7.1905 -8.4632
-9.0877 -3.9535
-9.1442 -8.7395
-8.9487 0.3379
1.4917 -7.5139
-0.6512 -8.7823
-8.6601 -6.8777
-9.2435 -8.8252
-8.1982 -7.8505
-9.2445 -7.3518
-9.0041 -5.1503
-6.1747 1.2137
6.5841 -3.9686
-9.0792 -8.7236
1.0201 -7.8441
-10.3385 -5.1521
0.2515 5.3549
3.3479 -8.8748
-0.4974 -9.5117
0.3085 -12.6281
-10.9940 4.9149
-8.8748 -9.3569
-9.6271 4.0817
-5.8129 0.1185
-7.9048 -10.9365
-8.4645 -0.4682
3.5020 -8.4221
-8.5317 -10.3939
-9.3148 0.9078
-8.7987 -6.7948
-6.2616 -9.6801
-8.8383 -9.3711
-9.0137 2.8441
-11.6343 -8.8790
-0.6317 -9.3425
-5.8937 1.5790
-6.8016 2.2021
-7.4571 -9.8568
0.3026 -6.4704
2.2722 -8.7450
3.9843 -10.0042
-9.2509 -6.9506
2.7945 4.8581
-8.8916 -7.7308
-9.6537 -4.9546
-11.4438 -9.0215
-10.0563 -0.0298
4.3489 0.3232
-8.2507 -8.7001
1.1082 -4.8178
-10.3726 -8.7705
-0.5854 -5.0502
-9.9803 1.8263
6.9834 -8.4820
-8.8190 -8.3799
4.1675 -9.5487
0.7276 -0.0264
-10.9035 -4.7640
-9.6261 -9.1964
-8.9375 -8.4404
-7.1316 2.4324
-7.8582 -8.0122
2.1363 -9.1151
-8.9616 1.6573
-11.4175 -7.3151
-9.2844 0.3492
-8.8703 -5.3245
3.2464 -7.9879
-8.4309 -5.4538
-0.3224 4.6006
-12.8928 -6.4852
1.1117 -8.8364
0.2830 -8.8596
-9.0398 -5.2929
-7.5766 2.4022
2.6790 -9.2679
4.1730 -8.7497
-9.5935 -13.4989
4.7021 -6.9062
-4.9150 1.5579
4.7932 -5.9254
-8.5488 -8.2863
-7.6562 -9.0301
3.9262 -9.2058
3.7746 -9.1446
4.6560 0.3677
5.3784 -4.7743
-2.8580 3.6829
-3.9260 1.9258
1.9510 -9.2734
-9.6318 -6.5287
-6.7613 -7.7862
1.4137 -9.6617
-8.8898 -8.7257
-9.4638 -7.9136
2.6564 -6.2870
0.9698 0.7734
0.8693 1.1173
-8.1730 -9.3270
-0.7143 5.4889
-11.1048 4.1107
-8.8246 -9.4993
-9.2843 -9.2780
-9.0174 -10.3194
-9.7978 -1.5931
-9.3700 -11.4472
-8.7814 -9.2189
-9.4526 -10.4585
3.7040 -9.7410
4.5156 -9.6207
-5.6108 -7.2054
1.3956 -9.4651
1.4917 -7.5377
5.6229 -9.4403
2.5084 -7.8268
-8.8022 -8.7639
-9.4688 0.0855
0.7283 -10.2762
-7.7639 -9.7855
-8.3389 -9.3435
1.2012 2.7626
-9.0362 -8.9394
-8.7135 -7.6558
-10.0537 -9.0186
-9.1685 -2.2388
-9.7459 -8.3086
-10.0191 -8.4073
-8.3195 5.9459
-9.3197 -8.8595
-7.6013 -8.9330
-9.5081 -7.6657
-4.4076 1.2459
-5.8967 -7.7214
-7.2132 -10.9547
-8.8081 -4.5728
-1.1006 1.3991
-9.0193 -10.5102
2.1248 -6.0488
-8.9649 2.5009
-9.1563 -8.7514
4.9336 6.7524
-9.0468 4.0933
-8.7716 -9.2382
-7.1127 -1.9677
-8.9259 -9.1809
-9.1718 -9.3359
-8.9637 -10.6771
-2.1314 -8.0643
-9.0779 -7.7493
2.1432 -9.3876
0.8026 -10.2493
-4.9060 -9.1069
-7.2537 2.5353
-8.7139 -4.4385
-8.6814 -9.2801
-10.0230 -6.8462
-6.6675 6.5396
4.6706 -5.3879
-7.8802 -7.7435
-8.7843 -10.3111
-8.0242 -4.5991
-5.8993 -7.0895
-7.3732 -6.4168
0.4247 1.9474
7.3758 -8.4706
1.3989 3.6906
2.7250 -6.0630
1.3242 -8.9196
-9.7227 3.3490
1.3567 -9.5196
-8.8948 -9.5129
-8.9526 -9.1396
-9.0566 -8.6115
-10.7024 0.4267
0.4934 3.6498
-8.5693 -8.9369
4.3498 1.6341
-8.7940 -9.5497
3.5286 -0.0222
-0.1666 -9.1715
-10.7763 -9.6869
-9.5425 -8.7688
-11.3881 -10.4184
0.9795 -9.9584
-9.1697 -8.5369
-9.0634 -0.1813
7.7163 -8.8900
-8.7611 -7.3645
-9.2795 -0.2664
-5.5045 1.6934
-8.4946 2.7524
-6.7459 -3.6484
-9.4251 -5.7512
-4.2318 -8.5162
-8.9430 -9.8395
-9.2131 -11.5335
-6.8570 -8.7561
-9.1792 -10.2315
3.7862 1.2773
3.9240 -9.1159
-6.5342 -0.0997
2.0978 1.2850
3.8278 -5.3649
2.2828 -8.4758
-8.5965 -9.1360
-9.4278 -10.2997
-8.0244 -7.3566
-8.6314 -0.3101
-6.5545 -8.6384
2.9100 -9.0141
-9.6107 1.5309
-4.0023 -7.4297
-6.6659 1.4902
-8.7310 -7.9549
-1.2129 2.7646
8.8052 -8.2353
-1.7373 -9.7845
-1.0061 4.3691
-12.7109 -2.4720
-2.1716 6.2197
2.4882 3.4582
-3.1874 -7.1724
-10.2854 -14.8594
-7.8289 -0.4523
-10.0004 -8.2727
-9.4230 1.5533
2.2760 4.4359
-8.0552 4.0983
-0.2889 4.7363
1.8837 -6.5625
-0.8261 -8.8850
-4.5569 -4.8926
3.0812 5.5607
2.6418 -5.0025
-2.7570 -0.6656
-9.3347 -6.4113
-6.0872 -8.7345
-9.5900 -9.1385
-7.9564 -9.1376
-7.5479 1.0600
-3.0588 -11.7726
-5.4703 1.0484
3.3224 -9.0179
-9.3988 -12.4640
-5.7679 0.3631
-3.7737 -6.1233
-9.3275 -9.8085
-9.4202 2.9253
-8.7791 -3.3834
-8.7137 -6.8619
-8.4423 4.6753
-11.7856 -6.1351
-10.2014 3.2480
-8.4058 -7.4334
0.1935 -5.9636
-7.3517 0.7849
-9.5396 2.8647
-9.6247 -8.2083
-7.3707 -7.1764
-7.2968 -8.6696
1.3273 -9.6581
-10.8999 -3.0636
0.9058 -8.4163
-7.5187 -9.2272
2.1811 -5.3032
2.5432 -8.9677
-8.5326 -5.7673
-8.5111 -7.2530
1.4357 -9.8661
-0.8764 5.9027
-15.2100 -12.5366
-7.8775 -9.4126
3.8178 2.6888
3.8842 -1.6064
-4.2636 -7.8930
-9.1825 -4.5320
0.1467 2.6102
1.1743 -9.5417
-6.6462 1.4343
-2.5349 -8.5993
-6.9351 -9.4279
-8.4797 -10.1057
-0.4225 -5.6101
-8.5637 -0.2176
-9.0804 0.7160
-11.0184 -4.3276
-9.5608 2.8003
2.2532 -11.5896
-9.5823 -9.4889
-1.0063 -9.7497
-8.8579 -8.7965
-5.7886 5.0557
2.3167 2.0313
-0.4183 -9.2743
0.5904 -1.6175
-5.7939 2.0113
-9.4540 -9.3768
-9.0067 -8.4082
-9.8645 -9.1527
-2.4943 6.2939
-7.9396 -8.9623
3.1820 0.7008
-9.0500 2.1037
-3.8114 -9.2338
-8.5909 -1.5815
2.9512 -8.9524
-5.9724 -11.0984
2.4543 -8.3158
-9.0402 2.3529
-4.6748 -7.5606
5.4491 -6.3281
-7.2447 -9.5314
-9.0755 -9.6110
2.4380 -8.0676
-8.8827 5.6584
-8.1322 1.9012
-10.2216 -5.6892
-7.8340 0.6098
-6.8335 3.5310
-6.0894 -8.4665
-1.2553 -8.0844
-2.7050 0.0021
-0.9650 -8.7996
0.5376 1.9293
-6.0280 -8.5625
-8.0251 1.7365
-6.8629 -6.8072
-8.3792 -6.1256
2.9078 -6.6326
-9.1277 -13.0625
-9.1933 -3.5051
-13.0002 -0.7438
5.0173 -7.4437
-8.2359 0.8248
-8.6724 4.3125
6.1340 0.3629
1.5085 4.1038
-8.2793 -9.9690
-10.6470 -8.6701
-8.9828 -7.6302
-8.8189 -3.7667
-9.2584 -9.0240
-9.4861 0.3827
0.6749 -6.7448
-10.2060 -3.2739
-9.0236 -9.2480
-9.0008 -9.3818
-11.5308 -8.1302
-8.8720 -4.9165
-7.4141 0.4838
1.4576 -8.9664
-8.6687 1.1639
-4.5925 -9.1723
1.7030 -6.2793
1.2611 -9.5253
-7.5117 2.4307
-9.5968 -7.5890
2.9972 -7.0615
-8.5221 0.9087
-8.6361 -8.4287
-6.7019 -7.8478
-9.1342 -9.0667
1.0014 -8.9832
-8.3721 0.8361
4.4914 -9.3945
-5.8053 -4.2204
3.3349 -5.4527
2.3717 -8.1259
-12.8147 -8.8372
-0.4852 -7.7983
-8.9607 1.2818
-8.4134 2.4701
-9.3298 -6.2273
2.7355 -8.4458
1.7947 0.4838
-9.1611 2.8008
-9.7376 -5.8538
1.5585 -1.4709
-8.7885 -9.2914
-9.5413 -6.8818
0.0533 -5.5159
-6.9848 -10.1531
-10.6488 -9.3425
-7.8638 -5.9826
-0.7267 -7.6401
-9.1643 1.3672
1.3580 -1.2616
-4.4927 -4.1346
0.6644 0.5914
-9.4883 -8.7546
-9.4194 -9.6554
-6.2602 -13.2782
-1.6278 0.0681
4.4566 1.5970
-9.5015 -8.9442
1.9307 -7.7256
-8.5607 -1.2828
1.3420 5.9031
1.9907 -7.0778
2.1686 7.8134
1.0927 2.6122
-10.5320 -8.2098
-9.3871 -5.7449
-8.6124 -1.1630
-9.0418 -9.0412
-9.6537 0.1905
-8.7929 -10.0444
2.5558 -8.7396
3.6409 -10.2060
-0.9782 -8.7695
-9.8144 -8.7798
-3.4478 1.7698
-0.3369 -9.3403
1.4958 -8.4270
-8.2202 2.0113
-9.1121 -0.6152
2.7122 1.2337
-6.8442 -9.3422
-8.5924 0.3821
-6.5395 -8.6320
-10.1393 -6.9309
-7.6251 -8.4042
-8.8820 -8.0896
-8.2239 3.0811
2.0601 -8.8659
-8.4894 2.2163
3.7162 -8.5987
3.5644 -7.3964
-0.7997 -8.8336
-8.8893 6.8599
-8.5847 -1.5568
-0.1419 -4.9767
-4.7935 -8.5661
-7.3180 -7.2949
-10.7117 -9.1218
-9.1299 -0.4918
-1.3478 1.9852
-10.8377 -9.6779
-8.4741 -0.8953
-11.1253 -5.6945
-4.1208 -5.7458
-8.8050 -8.6712
-8.1890 -4.9759
4.9800 -8.7246
-0.8831 -12.8735
1.8322 -4.0397
-9.0717 -8.5354
1.5320 -5.8209
-7.9618 1.6613
0.8356 -9.5737
-7.3931 2.2153
-9.1511 2.8981
-9.3538 -5.3031
-9.0719 -8.9270
1.0670 -1.8003
-5.7405 -6.6019
2.7922 1.0796
-8.8909 -7.8833
1.1238 0.8396
3.0151 -4.9885
7.1066 -10.7872
-8.0223 2.9567
3.9224 -8.3783
-9.1489 -5.7423
-9.5140 -9.4134
3.2967 -9.7438
-8.8381 -9.5466
3.2563 -9.2043
4.4358 0.6101
-6.5006 1.1531
3.4351 -7.0914
-10.4252 2.0151
-6.4293 -0.7175
-10.0502 1.6545
0.6242 -0.6913
-1.0159 6.9802
-9.6671 -8.5204
-9.9070 1.2231
-9.4252 -8.6459
-8.6047 4.4596
-8.9653 -5.5183
-8.5579 -8.3411
-6.3539 -8.4204
-10.2712 -10.6746
-9.8395 -2.2044
-9.1274 -6.6888
-9.0769 -7.5088
-8.8590 3.9607
-10.9593 -9.1619
-9.0805 -9.1636
-8.9611 -8.6067
-5.4371 -5.4408
2.1631 -7.2676
-8.3198 -6.4679
-8.3432 -8.3789
-7.2259 2.7398
1.6533 3.6296
-8.0934 0.8957
3.8727 -8.0400
-7.0202 4.2263
3.8476 -1.5787
-7.5763 -0.4448
4.0774 -9.1484
-7.2109 2.4934
3.4375 -6.5234
-8.6045 -0.9590
-8.7252 -9.4058
4.9986 3.6120
-9.0714 -5.5080
3.8596 -10.3173
-10.9948 -6.9845
2.2593 -9.0625
-8.7806 -6.8997
-9.5356 -11.3638
-1.7647 -1.2082
-9.7841 -5.5138
3.0190 -8.9177
-8.4319 2.7148
4.8862 -8.3842
4.7788 1.7624
3.4643 4.2093
1.4466 -5.2613
1.8167 -6.8176
-11.1985 -0.6554
0.6663 -5.6208
-9.5108 2.9539
-8.3757 -9.5519
-8.3625 -4.3979
-9.0138 3.2748
-9.5010 -9.8548
-8.3457 -3.9974
-9.5456 -6.8888
1.3728 -8.9556
-7.3510 -8.7896
0.8237 3.2714
0.4052 -9.0045
-8.4688 -2.4777
-9.6084 -0.1407
-1.7455 -4.6545
-9.4476 1.5360
-11.0275 -10.0923
-9.5873 -6.5586
2.2008 -4.9464
-10.1101 -9.4026
-9.1349 -8.6186
-2.8420 -9.0638
-1.9067 -7.8441
2.9648 2.7422
-9.4089 -5.1968
-5.1729 5.8733
0.5547 -8.3147
-7.6813 -9.0072
-4.3670 0.2997
0.3249 -9.0536
2.4025 -9.5246
2.2052 -9.0201
-7.6082 -9.9406
-8.7104 4.2822
-9.4986 -5.7454
-7.8813 -3.4448
7.2917 2.5553
-11.4219 -4.7172
-9.4799 -8.2948
-11.5674 -9.4539
-8.9405 2.1782
-6.1936 -10.0048
0.0279 -9.9584
3.8228 -6.9027
-8.8234 -9.1995
0.1844 -8.1047
-8.5564 2.9242
-9.4365 4.0300
-11.3690 -8.9143
0.9843 -8.6069
-6.7344 -3.8599
2.0795 -9.5202
-5.9165 4.3732
3.2960 -4.4377
-9.0514 -8.5818
-1.0117 -0.3913
-6.8784 -0.3943
2.9416 -7.3637
-8.9781 -3.8607
-9.1023 -4.5992
-7.6712 -8.7172
5.5393 -10.4750
1.3933 -9.0204
-6.7467 -1.2848
-8.5304 3.3874
-6.8832 -8.8976
-9.2622 -8.6794
-5.5425 -9.6292
3.4775 -9.8433
-8.0888 1.3680
-9.3002 -3.4261
-9.7037 -8.5992
1.9510 -5.4237
-9.2277 -10.0958
-8.8792 -8.1579
-9.6568 -8.7642
1.8369 3.1656
-8.6374 2.8720
2.0698 0.1813
5.1695 -7.8811
-10.3381 -9.4731
-5.2966 3.9897
-7.6575 -8.6215
-9.0721 1.0134
-4.6338 2.1239
0.2500 -6.3448
-9.3723 -10.3212
-6.9278 -6.6030
2.6509 -8.0838
-6.7911 0.8250
4.3993 0.8225
4.7230 1.4682
1.7602 -0.8549
-9.2005 4.2362
-6.2382 2.6839
-5.3096 4.4294
-9.2630 -7.6377
-10.4875 -9.2816
-8.1034 1.0515
-8.5603 -9.7727
2.7521 -7.5110
-4.0502 -8.8669
-6.7291 -9.7076
-9.8304 -9.7891
-8.6675 -9.7502
-10.1085 -8.9491
-9.3490 -8.4704
-9.3147 -8.8424
-8.9925 -7.3037
-8.6379 -0.5104
1.8462 -10.7775
4.6861 -7.1064
-9.1208 3.4000
1.8149 -8.8475
-5.1179 -4.9343
-8.6414 -8.4508
-9.5380 -5.3886
-12.3275 -6.3849
-7.2480 -5.5472
-9.3353 5.1258
-12.4554 -9.0626
-6.5452 -9.7976
-5.1486 -3.3551
-8.8794 -8.8354
-0.3087 2.0979
-5.2308 -8.7840
-9.3792 3.4307
-8.6501 -8.4719
-3.8254 1.8693
-11.0453 -8.4820
1.8599 -4.6449
-8.4432 -1.8145
-8.0587 -9.2849
1.6451 -13.1170
-6.6542 -8.9912
-8.2178 -1.1255
-9.6586 -5.0761
-9.3492 -9.5389
-1.1336 -6.2840
1.7340 -6.6321
-11.9341 -0.8942
3.5995 2.2035
-8.3666 -11.1364
0.6838 8.1738
-3.6171 5.5187
-5.0952 1.4020
-9.3945 -6.6551
0.7881 -1.1750
-9.7655 3.2807
-9.0943 -6.7166
3.2341 -6.6245
-5.0000 -5.6538
-7.3882 2.3718
-10.2755 3.0517
-7.9529 3.0230
0.1932 -7.2669
-7.6423 -6.7349
-9.8256 -9.0976
1.8564 4.1254
-7.3880 -11.2945
2.8753 -6.2856
-10.3945 -9.6769
-8.3751 -9.8257
4.3716 -9.1563
2.7388 -9.1190
-8.6811 -8.4206
4.2647 -3.7154
-10.5679 -8.0227
-6.2312 -8.2364
-0.8126 -8.4445
-0.7301 3.2135
2.3866 -9.1904
-0.9645 -9.0801
-8.5231 2.8296
1.0433 -8.6163
3.5924 2.3486
-10.8476 2.8449
4.9213 -10.1538
-3.2392 -7.9430
-8.1470 4.1592
2.0026 -6.9527
-0.8259 0.2787
-9.0590 -9.4125
3.1717 -8.6114
1.0091 -8.5836
1.4930 -8.7163
-10.1068 -3.7161
-3.4868 -9.0561
-7.3902 -8.4307
-0.0587 -8.9336
-6.7873 -9.1733
2.8434 0.5179
-9.3929 -8.4390
-8.9481 -10.6044
-8.6545 -9.8057
-8.1870 -6.3603
0.8100 -8.6505
0.0674 -7.9807
-8.8785 0.5992
5.8159 -8.7045
-6.2481 2.1186
-9.4111 -0.7206
-8.7813 -8.9193
-4.0159 -8.9108
-9.1581 3.1250
-9.4841 2.5088
-9.1707 4.1319
4.4635 0.2854
-8.4714 1.6330
-8.9484 -8.8682
2.3969 -8.2477
-3.5023 -0.0157
-8.7930 -0.4951
-7.6590 -5.2956
5.1941 -5.6141
-8.0910 -9.0463
0.5078 -5.5705
-9.8075 3.1628
0.9766 -8.8519
-8.8693 -9.1232
-8.5899 0.6534
-6.9848 -9.1657
-2.1523 -7.9762
-8.7651 -6.4338
-9.9324 -5.1862
-9.5582 -8.3906
0.2974 -6.2140
-8.9364 -3.4773
-9.1953 -6.0007
-7.6823 -9.3364
-5.2288 -8.6474
-6.0499 1.0559
3.2136 -5.7139
-0.2053 4.5957
-9.0465 -7.3408
2.0057 -9.0925
3.7306 -10.5909
-1.5918 -9.7571
-9.3376 -9.2629
-5.3499 1.6353
-6.3748 -6.8946
-6.9526 1.9426
-6.2183 -8.9831
1.0879 -9.0080
2.4755 -0.8566
6.0046 -11.2411
-8.1048 -6.0560
-9.4745 1.6281
-7.3717 -4.6641
-0.9325 -8.7977
2.6749 -8.5564
-9.1424 -9.1719
-8.4442 -9.3541
-7.2017 4.3644
-7.3188 -9.3112
-9.4123 3.1044
-9.9885 -3.4879
-9.1170 -9.7555
-9.4606 -0.8827
-8.2341 -7.3813
-4.6163 -11.1126
-5.7268 2.5680
-1.9473 -9.9370
-8.8370 -10.1126
-8.3254 -6.2308
1.4562 -9.0758
-9.0620 -9.5978
-6.8045 -6.7123
0.3244 -9.1506
3.3845 -5.0328
-9.7834 1.7562
2.5961 -7.4331
-9.5608 0.0995
-8.8927 1.5403
-9.7553 -11.0465
-8.7615 -5.4437
-8.6911 -9.1398
-8.5036 -6.1733
-5.9986 -8.6259
0.4014 -0.3328
-6.9329 3.1152
2.8924 -0.0804
3.6423 -5.2433
-9.5221 -1.2847
0.3492 -1.1227
0.8671 -5.3896
4.9497 3.7657
-1.3589 1.2942
-9.3615 -5.9097
-0.8722 -8.5472
1.5092 -9.2532
-9.5444 1.7587
4.5600 2.8577
-8.8708 -9.7678
3.0395 1.8138
-8.0576 -9.4090
0.4032 -3.6441
4.8625 -9.2790
-9.3361 -8.5824
-9.0170 -6.4289
-8.0569 -9.4509
-7.0418 -7.4579
-9.8009 -9.3537
-6.3356 5.9680
-8.4126 2.3375
-0.0320 3.7404
-8.8904 -3.3899
-10.7063 -9.5182
1.4645 1.6948
-9.9450 -3.9259
-8.8982 -7.8117
-3.5300 1.5388
-9.1075 2.5500
-8.0041 2.2799
-9.8329 0.7159
-4.4813 -7.9681
-5.7071 -9.5516
-10.3087 -8.6644
-2.9145 -7.7292
2.7567 -8.6355
0.8774 -9.6737
-2.1224 -8.7714
-9.7192 -9.6172
-7.7891 3.8680
2.3037 -9.2356
-9.2717 -9.0100
-9.3750 -5.3749
-8.1305 2.9302
-8.4082 -10.3884
-0.3994 3.4439
2.4465 -8.6488
-9.3850 -9.6147
-9.3280 -10.9826
-2.5073 -8.6458
-10.6340 1.6051
-11.9624 -9.3371
-7.5039 2.5508
-9.3626 -10.2235
-6.7627 4.5820
-8.9555 -9.0787
1.9699 2.7778
-9.7799 -9.3339
-8.3676 3.6112
-5.9159 0.1807
-9.3337 -7.4985
-8.7770 -8.3051
-6.6228 -8.3642
-9.9197 -8.8004
4.2857 -13.5759
-8.7959 3.1479
-7.5885 4.5590
3.0884 -9.3161
-8.9274 -8.1890
-8.3727 2.5296
-2.9666 -0.0932
2.3369 -6.8059
-9.6067 -0.6035
-0.4202 -9.3893
-8.7988 -8.0428
-4.8047 1.2214
1.7849 -3.2865
-8.9781 -10.5300
2.5821 -3.7292
-9.8550 -5.7858
2.7921 -8.9427
0.0556 -8.2209
-6.9207 -8.2386
-9.6787 -1.6806
3.2374 0.6611
-13.1675 -9.1655
2.2810 -0.0258
4.2580 0.6070
-6.8830 -6.7188
-9.0362 -3.5308
-4.8671 -8.5211
-7.9934 -8.9358
-8.3941 -1.9182
-9.2285 -9.3140
-8.0120 -9.8751
-7.1192 5.0777
-13.2302 -0.2663
-9.3468 0.3111
-8.6175 1.7008
-8.9328 -9.3612
-8.7343 -10.3916
-3.4358 2.2780
-9.3450 -11.1485
3.1674 -1.8132
-8.3649 -7.6860
0.4348 -8.3787
4.2990 -0.6835
-8.0615 -8.1645
-6.2382 -8.5481
-8.3452 -5.5980
-6.3054 -8.7772
1.6747 -8.8947
-7.9441 -9.1559
2.9868 -8.9803
-9.3712 -0.4998
-10.2959 -8.9395
-8.4320 -9.3756
-1.6224 -8.2835
-9.3164 -5.0102
-8.5487 -6.2320
-5.7731 -5.4730
-9.2826 -10.0532
-4.3624 -7.0338
3.5774 2.2599
-8.7468 -9.4757
-8.1798 2.8784
3.0764 -7.1066
-3.2105 -7.6084
1.2367 -8.7175
1.3478 -7.0616
-8.7241 -8.9567
2.1534 -6.1473
-8.6603 -9.0819
0.7995 -8.6204
-7.4732 -1.8953
2.8030 -7.6174
2.1430 -8.7484
-6.0700 -9.1145
-7.9864 -2.1069
-4.6390 2.3683
1.9713 1.1949
-8.3748 -4.5674
-9.3698 -6.9490
-9.2695 4.5071
-8.9194 -7.9868
-8.4501 -10.3532
0.9332 3.1398
-8.8509 -8.5957
-8.8684 3.9259
-5.1258 -10.1417
-6.0480 -7.6677
-9.5730 0.5293
-7.7184 3.3790
2.3356 -8.5865
-6.5580 3.1066
-7.7870 5.2001
5.1481 5.5811
0.1142 -2.2288
-8.3638 -8.5024
-8.7975 -8.4195
1.7150 -8.3942
-5.7203 -8.7223
-7.7391 3.6728
5.6468 -8.4956
3.7942 -9.8638
-9.9414 -7.1780
-8.6564 0.0349
-9.1179 3.3047
-6.0988 -8.1857
-7.5897 -9.3360
-0.5131 -9.4264
-9.3039 -8.9823
-9.2930 -10.1982
3.0614 -8.6268
-9.9961 -8.1738
-9.2845 0.4750
-6.5182 -8.2015
-7.9450 -0.3762
-7.5360 -9.4223
3.2999 -9.0963
-7.7431 3.3076
2.7862 -8.9811
-9.3386 -8.6736
-8.1000 -6.9408
-6.7951 -3.2573
-10.3243 -8.0816
-8.8390 2.0214
-9.0237 2.2575
-5.7528 -8.9144
-6.3363 -10.9067
-9.6549 -7.3637
1.1937 3.4958
-2.0720 0.7400
-8.7394 -9.6201
4.7214 -8.9198
2.0416 -6.4645
3.6888 -5.6129
2.0236 -7.3497
1.6126 -8.5213
0.8500 0.6132
-8.6922 5.1393
2.5610 0.8634
-8.6356 -10.8430
-7.1358 -8.4325
-1.7837 -1.9011
0.5509 -6.7102
-6.2079 -6.9276
-8.8069 -8.2091
-9.0018 1.0112
-0.8767 -9.8592
-6.4138 2.1973
-7.5396 -8.5813
-9.5484 -4.4032
-8.2094 3.1077
-8.7695 -6.9190
-8.8034 2.3459
-1.8044 3.4653
3.5536 -8.5067
-0.1898 -6.7897
-9.1550 -8.5717
-9.3874 -8.8859
-5.8055 -0.4651
-8.6310 5.7295
0.3236 -2.0337
-10.4634 -10.2182
-7.3498 -8.7505
2.6414 -0.3534
-6.1727 -8.0583
0.4546 -5.8812
-8.3558 -8.6497
-5.9786 3.7201
-7.8996 -6.8439
-12.5913 -7.6315
-9.4176 4.3412
-6.0802 -8.4921
-8.4985 3.4156
-7.4253 -4.6978
-1.1972 -9.1201
-8.2023 -6.5272
-1.0951 3.5691
-4.2831 -8.2226
0.1441 -0.0750
-10.3164 -10.8486
-4.5022 -9.0258
-7.9606 -8.7084
-8.0506 -9.4074
-6.3545 1.8091
-8.7744 -8.0283
2.3013 -5.3831
-8.4385 -7.8540
3.2879 0.0609
-8.0301 0.4059
-8.4379 -8.1928
-6.7972 -9.0295
-8.2796 -9.5170
4.2480 -7.1348
-9.3161 -9.3154
-7.9287 -8.2613
-9.0366 -9.3905
-4.3608 -7.4691
-7.4715 -8.5625
-8.1572 -1.2895
5.7794 -7.6722
-8.7085 -9.4376
-6.8838 4.9699
-7.6197 -6.8659
-8.6417 -13.8513
-9.7415 -8.2142
-7.8571 -8.8329
-3.9161 -8.8821
3.8880 -0.2989
-6.6638 -11.7441
-1.0256 -6.4605
-6.7644 -8.9411
-4.2119 1.2632
-9.2138 -12.6638
-4.0188 -8.9208
-6.1479 -9.1957
-0.3896 -8.3595
-9.0057 -8.1455
3.7230 -7.9373
-7.4430 -0.3250
-10.1846 -6.6413
-10.0919 -7.9018
3.3741 -8.3337
0.2084 4.0848
-7.2573 -9.2749
0.8566 -9.1240
0.5946 -9.1179
-9.5178 -9.1493
-9.6238 1.0542
-8.4815 -9.8746
-7.5621 -8.2638
-5.4668 -5.5445
0.2664 3.0126
1.9288 -9.3220
-0.8593 2.8698
0.7915 -10.0003
1.9484 0.9408
-7.1176 -8.6370
-9.0199 -8.6520
-10.2425 -9.0287
-4.7121 -4.3432
-8.6378 -9.1448
1.7486 -10.7068
-0.0139 -5.8306
-9.6753 -5.4465
-9.3617 -10.2968
2.2949 -8.7454
-1.2080 6.7582
3.9436 -9.0233
-9.7619 0.2948
0.6197 -9.1582
1.8875 -9.3015
-1.1978 2.0448
-10.7602 4.5778
-1.3899 1.9685
-9.1173 -1.1791
-8.4337 -3.6525
-8.3788 -6.3094
-10.0009 -7.7977
-9.4350 -8.1619
-8.8636 -0.7034
-8.7042 -6.6268
-7.2163 -8.7310
-8.6094 -6.5780
-10.9401 -11.8797
-9.4778 -10.1913
2.6020 1.6244
-11.0917 -6.3381
1.2394 -9.9232
-9.5198 2.0700
-9.4498 0.4399
-5.5232 -6.8622
-10.8883 -8.5224
-8.3737 -4.9738
0.0114 2.9440
-8.4087 -11.7283
-11.5478 -8.9094
-8.1495 2.2126
-9.5779 0.3260
8.2852 -1.3606
-1.7510 2.8911
7.1288 -9.4980
-9.3592 1.0894
-0.5700 -6.7131
0.5515 -4.8087
-8.2559 -9.1605
-9.5509 0.7380
4.4044 -6.9727
0.6519 -0.3170
-9.4767 6.6775
-8.9981 -6.9790
-9.2847 -6.0285
3.5364 0.0420
-4.4445 -4.3915
-9.0399 -8.9463
-9.1288 2.9966
-8.0382 0.4782
-1.6171 -7.2563
-8.8393 5.2356
-9.5407 -8.9078
-11.9949 -11.2340
-8.4176 -8.7728
2.4145 -9.7969
-0.3457 -2.2097
2.9447 -0.1788
3.9122 -11.6195
-5.4442 -8.3263
-8.1085 -9.0486
-5.8962 4.5590
-5.9523 -9.6205
3.3890 -6.8928
-8.6780 -8.5703
-9.0869 -7.8102
-6.6639 -7.4835
-9.5660 -8.9697
-6.0553 -4.2589
-8.7669 -1.0716
-8.9564 4.5684
-7.9740 -7.0887
-8.3661 2.3922
-9.1988 -8.7938
-9.0663 -10.2405
-9.6644 2.0747
3.1938 1.5732
-8.8057 -6.3094
-8.5682 -0.2738
-9.0136 -9.1453
0.8946 4.1088
-8.8957 1.6688
-9.6474 3.8890
-8.3162 2.2361
-9.4392 -8.3013
1.0394 -10.3067
4.2824 0.5345
-2.1696 -6.8234
2.5597 -8.9848
-8.8852 -8.8960
1.2923 -0.1921
1.3515 3.3228
0.0950 0.8730
-2.2284 -9.1673
-0.6938 4.8261
-6.3226 -1.2821
-9.2328 0.8430
0.6264 0.0003
-9.2312 -8.1697
-9.6152 -5.8514
-4.6838 -8.7138
-0.1040 3.3641
-10.8528 -6.6225
-9.7695 -0.8016
3.2601 0.6626
-8.7173 -8.1763
-9.2510 -6.0012
-8.7398 -2.3048
-8.7190 -8.8319
-8.0941 -8.9845
-11.3368 1.1208
2.9378 -11.1251
2.2632 -9.2282
-9.0236 -9.3499
-9.4217 -8.6489
-2.8643 0.1919
-6.4831 3.5655
-8.3288 -4.6435
-8.5229 4.7420
1.9833 -0.5928
-9.1396 -9.8540
-7.5330 0.4146
2.8806 -3.3799
-9.2445 -9.7216
-8.9635 -6.9102
0.0950 -9.2409
-8.9780 -5.3793
-3.8616 -9.4935
9.0018 -6.1992
-4.4249 -9.1564
0.9985 -8.6844
-7.6535 -8.4137
4.5810 -9.7725
-9.5751 -8.4205
-7.3366 -9.6440
-9.2806 -9.1630
-8.3870 -1.3053
-9.0328 1.8607
-8.5692 4.3879
4.2026 2.1671
1.8931 -6.6850
1.8282 -8.7074
-3.0491 1.1295
-10.5133 3.6827
-8.9266 3.3835
-7.3183 -9.8507
1.0977 2.6762
2.3021 -10.6030
2.4792 4.4409
-9.1922 -6.3731
3.1308 -6.2273
5.0355 -2.2914
-8.0722 1.8465
-6.8392 -9.2212
-8.9839 -8.5731
-8.7856 -8.9037
-6.9824 -9.0127
2.4988 3.3630
-1.6804 -11.1791
-6.4382 5.1171
-5.9344 -8.9298
-13.1144 -9.1233
-7.4227 0.5234
3.6549 0.7586
-6.6584 -10.3909
-9.4329 -9.2556
-5.3603 -8.7110
-1.8782 -6.2008
-5.8067 -0.7120
-14.4440 -9.7490
-7.4654 1.5063
1.2809 -9.1275
7.0474 2.6982
-10.0565 -9.3923
-5.4890 -5.9634
-0.3008 -9.5702
-0.7070 -4.8509
-3.0224 -7.9226
0.3579 -9.4079
5.7252 -9.1876
-3.6528 -9.4361
-2.8110 -0.2279
-9.4895 -9.2416
-8.9156 -8.9433
-9.1539 -0.6493
-1.2612 -12.0215
-9.4014 -8.7437
-8.9075 -11.3259
2.1810 -8.7883
-8.8800 4.6177
-0.0394 -8.1504
0.7837 -9.2453
1.4938 -9.4449
-7.3230 -8.7484
1.1312 -6.6137
-6.4840 -7.8856
-8.2877 -6.9690
-9.1135 -8.6174
1.6544 -1.6915
-12.0329 3.7801
-5.7504 -9.1886
3.5215 -8.8387
-10.5538 -0.7610
3.7865 -5.6949
-1.2742 -8.4097
-6.9408 -8.6449
-6.2297 5.6909
-7.0705 -9.3741
-0.1416 -8.6164
-0.2404 -10.5370
-7.5547 3.2600
-6.6965 -7.0574
-5.8213 -9.8280
-7.2144 3.4861
1.3510 -9.7105
-8.3486 2.0752
7.5494 1.3626
4.9170 -9.9203
5.0660 6.5086
-12.3979 3.5023
-1.1813 -6.1734
2.8744 1.7353
-8.2882 2.5262
4.3472 -9.3820
-9.1269 -0.6691
-9.4152 3.5516
-13.2728 1.1206
-9.0577 -9.1011
-0.4968 -7.6406
-0.8699 -8.8996
-8.8895 2.1044
-10.9620 -8.8760
-1.7052 -1.7176
-7.9817 -8.2258
-12.2656 -9.9280
-9.0803 -0.1853
-4.0800 -8.5494
-8.6450 -4.1796
-2.1616 0.0838
-8.4104 -8.7625
-8.7351 -7.0130
2.4319 1.8913
-8.6063 0.6720
1.1591 -3.9880
1.5997 2.4171
-8.9216 -8.8255
0.7756 -9.6254
-9.3147 -9.0406
2.4487 -8.7753
2.0644 -8.9069
-6.2004 0.8191
-1.8978 -8.7433
-2.1937 -0.5385
-9.0314 -2.0352
-8.4684 -9.5318
-9.1100 -9.5298
-8.6560 1.1915
-5.7791 -8.0402
1.5850 -8.6254
-8.0362 -8.1604
-11.5981 -8.9804
-6.0609 0.4226
1.1945 -9.3335
-3.2649 -8.0504
-9.4193 0.3917
-8.6465 -4.0626
2.5625 -8.9093
-5.6040 3.4027
-9.2723 -8.7301
-9.3184 -9.0337
3.9359 -6.6406
2.0719 -8.6507
-0.7262 -1.5167
-8.3582 -9.0442
-0.1061 2.1330
-6.8217 -1.4606
-9.2600 -5.4749
-9.7583 -9.8261
0.6075 3.7651
-8.9411 0.4314
-8.5511 2.6468
-9.0978 -9.0250
-8.8559 -8.9229
-8.2703 -9.1939
-0.3161 -3.8109
-8.9887 2.1033
7.3129 -8.7023
-8.9585 4.2734
5.7667 1.1629
2.1214 -9.8380
2.4702 -8.6403
-9.5928 -4.9438
-8.3864 1.0553
-9.9607 0.5070
-8.9209 -8.8359
-5.9520 2.5201
-8.3672 -0.8451
2.0838 2.4161
-9.1258 -9.0291
-5.8311 -14.9443
-12.2765 0.7769
-8.8990 1.6040
-8.9585 -6.1265
-8.7084 -9.7965
-9.7583 -6.5834
1.3723 -9.3732
-8.7569 -7.1205
1.3726 6.8005
1.8234 -9.4248
-9.8737 3.1420
-9.1555 1.6981
8.8768 -8.8749
-9.9024 -4.8239
-3.2296 3.4585
-11.8364 -10.2566
-3.5285 -3.7551
-9.2735 -7.5756
2.6441 -10.0380
-8.9759 1.0819
-9.0296 2.2311
1.6363 -5.6367
-8.1629 -9.9762
-8.2066 -8.4368
-9.5565 -9.5827
-7.3624 1.2071
-8.7323 -3.5236
-7.7365 -9.5239
-0.1270 -8.9308
-7.9010 -8.8220
-8.6146 -9.6852
-9.0776 1.0467
1.3132 -8.7592
-9.0315 -8.8156
-6.5056 -9.1839
-8.8573 -9.3830
-0.1671 -2.1365
-8.6646 -0.5006
-9.7103 -8.9970
-8.5556 -11.2680
-9.2367 -3.7025
-10.4643 -9.6081
-9.3695 2.2709
-9.9714 1.1910
2.5659 -4.8516
-7.1549 -9.6727
0.3384 -8.5545
1.9448 -11.3863
-10.1352 -8.2049
-0.4782 6.9230
1.6598 0.6165
-8.5154 -8.2119
-1.9489 3.3254
2.3506 1.7423
-8.9697 -6.6839
-7.0208 3.9861
-8.4858 -0.4199
1.0695 2.2504
2.6846 -9.2679
-8.5018 -10.3864
-8.4283 -5.4831
0.8894 -6.8009
1.2143 -13.1203
-9.6813 -10.1289
-8.9120 0.5078
1.4387 -8.7050
-0.0948 4.4994
-8.1524 4.4476
-5.9362 -9.2043
-6.1892 -8.5000
-6.0865 2.3155
-8.9841 -0.4714
6.3300 -4.5189
2.0882 -8.5360
-3.7913 -6.4451
-3.4306 -9.3839
-8.5048 -7.3762
-8.4644 -6.6460
-9.3523 -8.9596
-10.0543 -9.3785
-6.3987 3.4625
0.8937 -7.9137
-10.2272 -9.3568
-8.9353 0.7975
-3.4428 2.3499
-10.3027 -8.1772
-8.3928 -6.3825
-9.8214 -9.6228
3.1692 -9.7053
-10.4663 5.1435
-7.3057 3.1257
-4.1041 -9.2432
-8.2720 -1.5940
-8.4069 7.9794
-9.7615 1.8317
4.1411 -8.7660
-5.9187 -8.8431
1.8679 -10.2949
-6.7098 -7.0749
-6.8179 -5.0176
-8.6297 -10.3702
-0.1667 4.1762
-9.8011 -9.0981
0.5109 1.4654
-8.0979 -8.6415
-8.5191 2.1091
3.3643 0.3240
-8.1012 -8.9107
-1.0994 -10.0587
-5.7132 -4.0756
5.8792 3.4250
-10.4405 -0.1267
3.6455 -11.4618
1.4202 5.6497
2.4438 -10.2751
-6.7570 3.4413
-1.7881 -8.5900
-8.1889 -9.3235
-9.6822 -10.5967
-9.7630 -9.8766
-3.8382 -9.0860
-3.6444 0.1929
-8.7961 3.3055
-7.7328 -7.6182
-9.2944 3.1806
-8.7497 1.7735
-9.9825 1.7186
-10.0597 -9.3358
-9.9661 -8.5137
3.4881 -7.0523
-8.9871 -7.1346
0.7739 -8.7599
-5.4245 -4.6319
1.7518 -0.3464
-5.0000 -8.5784
-10.1332 -8.5000
-7.5461 -8.6841
1.9879 0.2251
-0.6342 -6.9477
-8.9302 3.5100
-9.0380 0.1648
-9.3279 -9.5985
-7.6193 -9.2119
2.9239 -12.2925
2.9446 -9.0997
-9.4979 -8.2030
-7.0179 -9.3253
-7.6277 -0.0962
-7.5695 -6.9265
2.7540 3.3080
-9.2478 -7.8033
-9.7079 -10.2440
0.9460 -10.4204
-9.7535 1.2552
-0.2259 -11.7235
1.9445 -7.6833
4.5740 2.2193
-8.9897 -8.8081
-8.9442 -8.2072
2.9517 -4.9349
-1.8313 -8.5764
-8.7994 -7.4640
-8.8220 2.5849
-9.1788 -5.1290
-9.0873 1.5200
-6.4990 -8.8799
-5.9473 -9.7450
-7.9553 -7.7661
-8.4769 -8.8718
-8.1218 -10.0779
0.9002 -9.2752
-4.5350 3.8833
1.4289 -9.0464
-12.2848 4.6787
-9.5008 -9.1282
-5.7402 -8.4517
0.3638 0.9093
1.7293 2.4860
3.5938 -8.3742
-9.8480 -8.4553
-9.5740 5.5725
-0.0478 -5.8134
-8.5285 -5.5884
-8.5879 -7.3024
-9.0840 4.7140
-9.3316 4.6017
-6.5636 -13.6252
0.1734 -10.2973
1.8093 -10.0097
-7.1822 5.1752
-7.1929 -12.1929
-0.4479 -8.9127
-9.3155 -8.3599
-0.7233 -10.7270
-8.3139 0.7356
-9.0709 -6.2137
-7.6982 -5.7279
1.3312 1.2669
-9.1250 -9.3548
-7.3993 -7.0550
-9.3827 4.1344
-8.0531 -9.4667
-8.3075 -9.7205
-9.3305 -7.6798
-9.7644 2.1048
-8.8246 -8.3905
-6.9977 -7.8832
-6.2816 3.7563
-8.0505 6.2789
-5.1471 -9.0880
-8.3768 -9.7723
-0.3257 -9.9630
-9.5382 -7.7345
-8.9365 -5.7370
0.8219 -9.6716
-9.1433 2.2484
-9.0245 -8.3545
3.9065 -7.9452
2.2974 -8.7203
-4.9307 5.1947
2.2976 -4.2696
1.0065 0.9458
2.2301 -10.9349
1.5001 -10.4057
3.4496 -4.1178
-14.3639 -7.3803
0.6256 1.5240
-5.6220 -8.1477
-8.6162 -10.5643
-5.8171 1.3552
-8.6291 -8.1922
0.3172 2.0915
-9.3002 -9.5312
-8.1980 -9.3826
-8.6512 -7.7526
-9.8728 -5.4329
1.5547 -0.0958
-9.5228 -0.8995
-8.9892 -7.2776
0.7341 1.5185
3.3842 -9.8488
0.3346 -9.7705
-6.2270 -9.0920
-9.0788 0.0353
0.1671 8.0928
2.9202 -9.3261
0.3270 -8.9244
-8.8024 -8.9605
