5
6.8995 6.6772
7.7795 4.9315
6.9055 6.5131
6.8780 5.8829
3.4130 5.4985
8.5708 6.5042
-7.8499 12.6264
-7.6294 -9.0032
6.2761 5.6357
7.0975 6.7364
11.7074 6.4873
8.4204 4.9587
5.3871 5.8771
8.3727 9.2487
-8.1662 6.5801
6.1879 6.6457
10.3641 9.4149
6.3681 7.8716
7.8710 -8.0855
5.7523 6.6549
7.3741 9.2880
6.9515 4.0224
4.6799 9.3387
10.4226 3.2834
9.9727 -10.9559
4.6144 5.1157
-8.1468 7.7715
-6.1632 8.6042
6.1902 6.9454
9.6424 8.3723
-6.7139 4.9279
5.5628 6.9788
8.5495 8.0261
7.0649 5.2279
-9.1020 5.5158
-5.7214 8.3509
6.5385 6.8144
5.9566 7.8371
-7.7018 6.3193
6.1793 5.1794
2.0255 10.5643
7.5132 5.0087
6.7046 7.1447
4.7309 4.9970
6.5444 8.7718
6.2931 -7.7169
8.9712 6.4699
6.5853 6.4192
8.3014 -8.1508
5.2017 5.8686
10.8697 6.4406
7.5770 11.8500
7.0399 8.9791
4.5658 9.8662
-7.2764 9.6417
9.7893 -7.0827
11.4643 7.3027
0.3836 5.9533
6.8435 -8.2050
8.6645 7.2417
6.9633 7.5110
3.9734 4.8369
7.7457 5.2230
7.0760 7.8892
6.9882 5.9542
9.4603 8.3078
4.3050 2.6300
6.2482 6.3686
6.7856 -10.0447
8.4985 8.4757
5.1252 8.9743
9.6934 7.3876
8.5875 8.4094
3.0698 6.1408
4.0572 4.9032
6.4190 -7.8907
6.8899 6.7796
9.3397 5.6708
-9.4082 5.8188
7.5305 4.9251
7.1535 6.4544
3.2023 -7.2122
6.4706 -8.0015
7.9021 7.2418
6.5306 13.0166
7.5000 10.2729
11.7409 6.4068
7.4783 -7.7444
-8.3173 9.0138
9.2170 3.8082
5.9226 7.8108
1.9717 6.3242
10.5870 8.4571
6.9808 2.9440
7.1317 11.6770
-7.8576 6.5941
6.6699 -10.8422
5.5765 5.8046
5.9576 -9.8941
-11.2870 6.5741
7.7870 7.5151
-6.1212 9.6048
6.5913 5.2140
7.0723 5.6242
3.4036 -9.1262
4.4354 7.2333
6.8538 5.9500
4.2493 7.2137
10.3767 8.9897
7.0123 8.7599
3.4731 5.5579
7.1207 7.7390
-5.3818 -6.8399
9.0417 5.8541
5.6903 5.1443
8.7006 6.2090
3.5939 9.1307
4.9697 2.6962
5.8044 9.5799
-10.2494 7.6353
7.6183 5.3562
9.3272 5.8955
5.1579 8.6410
5.6877 4.3972
5.9083 4.9886
8.1836 8.6147
3.9550 9.2524
-8.2986 7.3363
4.2185 7.8411
6.8007 5.7546
-9.4018 5.5738
-6.9713 8.9136
7.8837 6.7190
7.0380 6.7477
-11.2609 9.0315
9.5001 6.7984
10.4943 6.5475
4.8513 7.6574
5.6591 6.1146
7.8876 6.8175
7.5436 5.9306
8.2114 6.3968
6.0908 3.6291
7.9567 5.8390
-8.0436 7.7939
-8.2381 5.6196
-8.4715 8.2217
6.0824 -9.7252
8.0109 8.8670
5.9993 4.6938
7.9084 6.8866
7.2224 -10.0277
5.9128 7.2227
5.7713 7.6897
9.0460 8.7461
-8.5914 4.0190
6.7209 -5.0952
9.5076 5.3670
7.9502 7.8102
7.8128 6.6409
7.5943 8.7698
7.5445 9.0417
9.1041 9.4950
8.2043 5.5853
8.1887 7.6100
5.9706 7.0092
5.2821 5.3650
5.9580 4.6678
11.5690 6.7187
8.9148 4.6580
-4.4701 8.6757
6.9780 3.4391
9.8222 6.4175
10.0546 9.5413
9.0833 -10.6197
7.1488 8.0487
5.2391 6.7770
-8.8022 8.3719
6.4634 6.0673
7.1313 7.3269
4.9319 3.6063
6.3940 5.3973
6.0636 -4.9887
9.0017 7.2004
4.0129 4.5584
4.4072 9.0935
8.9401 5.9116
7.3663 4.3221
9.4577 -8.5951
6.0034 12.9560
-5.6675 3.3611
7.2100 3.6670
7.1966 8.0968
-9.0058 8.6899
8.0957 7.2537
-5.7288 6.6885
6.3757 -8.8931
5.4124 3.9207
6.5306 5.7951
10.6840 7.7255
6.1103 8.7134
14.2622 3.3180
3.7299 -8.0052
6.7103 9.4863
7.7872 -11.1479
6.8789 -7.6556
5.6080 8.9121
6.1843 4.1467
7.5373 9.3550
6.7233 4.8491
5.6784 7.0291
6.4381 9.0813
9.8966 9.5244
8.9606 4.6455
4.1638 -9.7091
-7.7913 9.1405
8.8101 5.3725
8.8641 3.8274
6.1640 11.7680
5.1367 5.9654
7.1919 -7.5718
-11.9098 8.2601
3.8988 7.5185
10.4611 4.6986
8.4657 7.4243
8.8657 5.5444
-8.1619 6.2637
9.8872 8.0808
6.9532 -9.5495
5.8796 9.9576
4.4323 6.3109
5.9589 9.5816
5.5479 8.5176
5.0970 -5.2529
7.3389 5.6510
5.9619 6.4123
9.3663 5.4059
7.7003 8.2450
9.2529 6.3357
4.2536 3.1537
7.7847 3.9701
-9.3057 8.4127
3.7480 4.8077
7.2677 7.3193
9.4946 4.2652
-8.6592 8.9777
7.6814 6.8374
5.9404 3.8073
5.6274 8.6923
8.1913 6.0778
10.2479 7.1187
9.5663 7.2710
5.5412 3.1149
-8.6376 3.9811
8.1458 7.1492
7.3832 7.5543
8.5976 -9.5074
3.3026 7.8183
6.8556 7.6699
6.5767 -8.8188
8.2540 5.7752
6.9305 5.6419
7.9476 -8.5062
11.1479 5.8156
-10.2558 4.2558
7.8491 5.8618
6.6693 7.8898
9.1253 8.5434
7.4891 6.5859
8.7458 -5.4009
7.3578 10.1008
8.3825 5.2282
-7.8791 5.2955
-5.5912 6.1596
6.3445 7.2073
5.8130 6.9665
8.3357 10.6343
7.5733 4.1447
5.2956 6.7049
7.1842 8.2508
10.8928 10.3847
8.6694 5.0060
6.0989 4.8362
6.0867 7.4834
10.1726 10.6437
5.7966 5.3630
5.2770 4.2197
5.4675 6.5173
7.9905 4.8765
7.0296 7.3786
7.1099 5.6678
9.7470 4.7392
8.1486 8.3496
7.0215 8.3672
-8.4012 -8.4651
6.0782 7.1477
5.8266 9.0276
8.3546 4.7991
-8.7071 5.1080
4.1920 -7.9990
10.2844 8.9292
7.7756 5.7710
5.8896 7.7361
-6.3244 -8.5697
8.6675 5.3646
6.5991 4.6326
7.3893 8.1790
6.4786 6.3951
7.4417 -8.3802
-9.1235 4.1410
10.8578 4.5102
8.6799 -7.2323
6.3135 6.2402
7.9808 7.4895
9.8684 5.0432
6.0166 2.5106
-9.8005 -9.5097
7.2666 6.6395
3.9534 8.7029
3.6999 4.5563
6.9186 8.5894
-9.5385 8.5653
4.9390 6.6771
6.1197 5.0891
9.8788 9.8134
10.4038 8.9200
9.0444 5.2387
7.4719 6.5501
-10.8055 4.6481
7.7168 8.6132
7.2756 5.4948
6.1334 9.8542
7.4502 6.6902
7.6544 5.0679
8.7814 -7.4684
8.1620 7.5924
6.1901 7.7462
5.9539 11.3492
7.1960 7.4224
4.3094 12.5397
4.8534 12.4064
7.6741 6.4617
6.1552 6.9656
6.0745 10.3723
6.1424 10.2778
10.3052 6.6316
4.1906 6.6159
7.6639 -6.4792
5.2275 10.7165
5.6614 9.6208
7.9064 7.5362
7.8361 6.8531
6.6840 6.3517
6.9607 8.8893
-8.8688 5.8028
-6.4975 6.3760
10.2295 6.1066
3.8011 8.1836
7.0507 6.0523
5.4054 7.6259
7.6537 -7.8170
11.3872 9.7308
7.6489 7.9382
-5.6493 -8.7952
6.4322 10.1665
8.1383 4.6811
6.5979 4.8747
5.0249 5.5091
4.2831 8.8539
6.5814 7.1299
-6.1304 7.3863
8.0349 6.9357
9.8266 4.5991
6.6738 5.5774
5.0123 -7.0632
6.7579 5.5742
7.5389 -5.3700
6.4823 4.4749
8.7574 6.8633
8.3664 5.5273
6.4331 -9.4187
9.8443 8.6306
-7.5127 7.2222
8.4337 7.4097
7.1225 -10.1829
4.1516 6.0569
9.5549 8.9719
5.0305 7.0285
8.1853 8.1499
10.3169 4.2908
12.3258 8.6220
2.9803 10.1064
3.3434 11.8306
8.3225 9.6678
6.7035 8.3145
9.6905 7.4400
-10.6702 5.6583
6.2098 4.7719
8.7442 3.3735
6.7645 9.1616
5.3456 6.5232
-8.1708 8.8933
3.8212 7.2984
6.6499 8.9629
-8.5961 5.9921
8.0305 8.4541
11.7378 1.3107
-10.5317 8.3252
7.9476 8.7603
9.0181 4.0518
8.4972 4.8154
11.7443 4.8923
2.8725 -8.6263
10.2509 5.7264
6.7958 6.7821
6.0659 7.4965
8.2841 6.5399
6.2047 7.9805
6.1580 5.9111
-8.2795 -8.6992
8.3216 4.8232
-10.3246 6.2519
-9.0468 9.4638
6.5274 9.8731
5.1518 6.1871
-10.6257 4.8102
6.8962 7.3904
-10.8805 6.3804
5.1753 12.7829
4.6195 10.4343
8.4801 -8.3508
5.3960 4.4256
5.3084 6.9080
6.5801 7.3551
-7.3466 6.3968
5.2691 7.0916
4.5283 -9.5046
3.4659 8.0172
-7.6504 6.6878
7.3860 9.4574
5.2882 3.0185
9.3448 9.8748
7.6834 7.7936
7.4220 5.9628
5.3292 6.9795
7.3416 10.7779
3.8740 11.2588
7.4864 6.8566
4.6261 6.6123
9.4726 6.6076
5.3394 9.4049
4.9188 4.8158
3.6265 8.9427
8.7121 4.5531
6.0755 5.7688
9.4439 6.9424
5.9386 8.6487
7.2607 7.4423
-9.2162 -8.5347
6.3718 6.3286
6.3325 5.6651
4.9676 3.8227
8.5075 4.7305
9.6959 10.4149
8.3044 7.3019
6.2871 -9.3153
7.6444 8.3732
4.2713 13.2254
7.3389 9.2243
-8.7552 4.0404
-9.2137 4.4896
6.5843 8.5431
6.3343 7.6223
6.2813 7.6894
5.3069 5.9360
5.3802 7.0606
8.1712 -8.5211
6.1593 5.3083
9.3447 7.7353
11.0409 5.5285
9.0346 8.3750
6.6033 5.7401
7.4549 7.5427
8.6880 7.7417
7.7070 3.9266
8.2792 6.2457
9.3740 7.3525
7.6123 7.4458
5.8445 6.4128
4.0768 4.9115
5.4282 9.4695
9.9701 4.9125
5.6779 4.3038
6.7726 5.5782
7.2377 4.2585
-9.1913 5.2643
2.5446 6.1959
7.2470 8.2736
2.4612 5.5569
7.1829 5.2648
7.0496 6.0221
5.9011 10.2490
5.1139 6.7365
5.3802 6.9535
5.5290 5.7383
4.5200 7.5488
6.6361 8.7386
-8.7892 4.8500
5.1904 8.5298
7.9455 6.0824
6.4449 9.2022
10.1329 7.0060
7.6716 9.0895
6.9389 -10.4452
6.5257 7.2747
5.9676 4.1190
8.1263 7.0741
9.0475 7.7226
8.7397 11.0629
8.7355 5.5525
3.6432 6.4514
5.7504 8.3631
6.2111 8.5162
6.0560 4.6885
5.2900 7.5603
6.1557 5.8718
8.3806 8.9043
7.4409 6.8347
5.9839 5.9846
6.1438 5.5651
7.9253 5.3810
4.8108 11.0748
5.8228 8.7985
6.7919 7.5084
-10.9520 9.0692
-6.5666 -4.1303
6.5454 4.1063
7.7286 6.9971
5.3862 7.2583
5.0988 6.1195
7.8631 6.5979
10.6650 5.6908
9.9535 4.1175
9.9287 7.6864
6.1469 6.4524
6.7967 5.8933
10.3886 4.8885
8.3477 4.8904
-2.5649 6.5525
7.7884 8.0003
5.1172 9.0873
9.3811 8.3432
7.4532 7.0282
-9.1770 5.2164
7.7662 5.8316
6.0352 11.4017
8.8911 8.9113
7.3034 -8.9072
11.8968 5.2196
9.3885 8.4947
8.2113 4.5261
8.7575 9.1363
14.3908 5.7652
5.7360 -7.8852
6.6945 5.3455
6.4677 9.5284
6.9047 4.2501
5.0983 8.3982
7.3862 6.1533
6.2668 10.0990
7.2463 -8.6302
4.3891 -7.0708
8.9811 4.1506
7.8282 12.0461
6.4611 8.6927
5.7699 6.9610
9.4347 6.3865
5.3254 8.2406
7.5144 3.5104
7.2327 6.2775
8.1278 7.9134
-10.3826 5.9534
5.4954 4.7658
9.3142 6.6915
5.6612 7.8930
9.8993 2.9782
4.3013 4.5830
6.2197 9.8587
6.7737 -10.1955
7.8781 10.3702
-7.8447 4.6354
5.0948 11.1954
5.3622 6.0953
-6.8749 -5.4274
10.3454 6.7947
5.4954 7.0011
-8.8530 8.8898
8.5484 6.3431
5.6448 9.5320
5.4075 3.3098
10.3390 3.2248
4.6826 7.6749
10.9609 3.1720
-8.6659 -7.0921
10.3340 11.3112
7.0131 4.2276
9.3915 7.6806
7.3657 6.0432
8.4233 10.9849
-9.9709 6.0202
7.8574 6.6004
4.5640 4.2292
-7.7393 7.0977
6.5162 4.5140
5.8052 7.0825
4.1339 6.3514
11.0855 3.9522
2.8560 7.6009
11.5635 4.7595
7.0217 7.7956
4.5846 6.6533
-8.9075 7.3179
-11.0254 6.0109
-9.0133 8.0836
8.5452 6.4551
4.8020 7.2279
-10.8357 3.4039
6.1477 9.7655
9.0669 4.4663
6.0122 5.3110
4.2833 7.0303
10.7638 7.0191
11.7881 5.8132
9.5841 13.4364
4.8547 4.2898
-8.5292 -9.5615
10.7610 8.0768
10.1855 6.5940
7.0003 8.5500
8.3527 9.2178
-6.7322 9.4158
5.1224 6.8927
8.0239 7.6894
5.6849 6.1079
8.3417 6.7035
8.4980 9.6018
9.2843 7.2315
13.0708 7.9724
9.9530 8.6250
9.7517 5.1585
5.1608 8.6009
4.3806 6.4116
8.3831 -7.7431
6.1216 4.6886
7.5992 4.0074
7.0885 9.1319
5.8626 7.1119
8.0946 4.9839
9.4745 -10.0939
10.2889 5.4449
4.8283 5.8948
8.3110 5.4263
6.8114 7.2082
-9.8199 7.3195
8.5412 -5.1364
7.1348 5.1844
7.7612 8.1929
6.4168 8.5552
6.0287 4.6077
9.6767 3.3907
5.9335 8.4140
3.1682 -9.3292
6.6539 6.5769
8.2525 -10.7914
7.0567 6.4430
7.5082 9.8404
6.6390 4.1820
-8.9651 6.8823
8.1595 4.7785
-10.3015 5.4053
8.0068 11.2672
3.6680 3.3999
7.1611 5.0737
4.4700 5.5247
5.6392 7.6823
-7.6907 -9.7752
7.7246 7.0816
6.8602 4.7255
10.4184 10.9472
8.2335 6.3852
5.6683 7.8924
7.8290 6.0581
-6.9441 10.3095
5.8795 9.1122
7.3763 4.7411
5.9827 5.8843
10.2295 8.4488
7.5275 7.5436
-5.9694 5.6269
5.3136 4.7857
3.3335 4.5711
7.2440 4.7324
4.8829 7.4728
-10.6616 7.1228
-6.9345 7.0067
10.8800 9.3963
6.8421 -11.8629
2.9988 5.5626
5.4799 6.8789
6.2056 9.2432
8.7396 9.3542
5.6154 7.3515
5.3128 -6.5997
-11.1510 5.6121
5.6639 3.9002
6.5457 9.9601
6.2954 5.2741
9.3644 5.5058
3.9116 3.9153
5.6932 5.5261
6.4756 5.5976
-8.2231 -6.3335
5.2793 2.8931
-6.1970 -8.0340
-6.1009 4.9314
8.1434 5.3153
8.1686 -8.8141
5.1238 -8.5600
6.5475 7.9725
-10.1319 6.3290
8.4150 7.9603
5.4695 7.8272
5.9994 8.6365
-8.4203 8.7952
8.4533 11.0742
6.8565 8.3042
-8.7387 8.8760
6.6241 11.8319
8.7729 10.4547
5.1050 -6.7639
4.6411 7.4907
8.0870 6.9493
6.5631 7.0721
9.1659 8.0405
10.7201 5.0693
6.0100 6.5477
6.2956 6.4205
-7.4285 7.3108
4.9475 3.3552
4.0978 6.7165
7.3000 5.2660
4.3218 7.8140
6.6677 6.8873
6.3324 -8.7637
9.4628 9.5762
-8.5703 6.0705
5.6526 6.4240
6.1775 8.7968
-9.9925 3.3260
-6.2650 5.8533
5.5378 8.2022
4.0074 13.4008
7.1179 10.4198
-11.5561 5.0950
3.5968 6.5436
5.4318 9.1450
8.4013 5.2084
6.7539 7.8983
-8.6355 -5.2058
7.8105 6.4217
8.3657 7.1041
-7.2883 7.5057
7.2856 7.8337
9.2234 7.4159
7.4965 7.5355
6.6614 7.9552
4.4707 5.0562
7.3220 -8.1600
5.7555 10.4039
-8.3555 9.8814
4.8366 8.7988
7.6285 6.5783
7.3602 2.9492
4.0003 -8.3974
-6.0475 7.3872
6.8219 4.0125
-8.2640 7.5238
-9.7097 10.8291
4.6080 5.9718
6.0956 4.9205
5.2150 5.3727
4.2324 9.5079
-5.2795 -5.5662
4.8678 6.6950
8.1385 9.3490
6.6184 7.3930
11.0927 8.6268
5.3428 5.4019
8.7708 6.3552
8.5110 7.4382
9.1123 -7.8360
10.7939 6.6439
4.0197 8.4374
7.1583 6.7591
6.8056 7.2659
5.7017 8.4832
7.1472 7.2373
10.0600 4.4693
7.4006 5.0406
5.4561 5.6354
4.4324 5.9254
-5.0811 6.6858
8.0160 4.9558
5.6061 6.6558
7.3195 8.4359
7.8169 -6.0537
9.1596 7.7167
6.9877 4.3859
10.5007 7.8147
5.1274 3.5527
7.3101 7.7216
8.7172 7.9112
7.5968 5.6211
5.1681 -6.0304
7.1739 6.1468
9.3103 -7.3159
7.3631 7.7823
-7.5574 5.4190
-10.1404 7.4445
4.7418 5.5082
7.1293 5.0683
8.6629 6.6761
5.5716 4.5480
5.8854 9.7595
6.4506 6.5907
7.6882 9.2671
6.0767 6.1961
-8.5396 3.0507
-8.0588 -7.4569
5.5957 -8.4755
8.7256 8.1473
-12.3402 3.6944
10.6328 -7.2235
7.4379 6.4760
-9.2824 6.6504
5.0635 4.1484
6.9647 5.5907
-8.6281 11.1467
9.3150 -7.1478
4.5196 4.5548
-7.6595 -9.7129
9.4242 10.3466
8.2905 5.4149
-9.2458 4.2502
8.4501 -9.2320
3.8897 3.1347
8.4445 4.2799
7.4928 8.1053
5.3517 8.1685
7.9069 6.5018
8.4191 4.6158
7.2837 7.3632
7.5475 4.8510
6.1441 4.8176
4.3066 8.4367
7.2786 7.9874
-7.4470 4.6599
-7.2977 5.7145
8.8592 9.3749
5.9920 5.9085
4.4531 -11.0642
5.2996 6.4900
6.1705 4.4152
7.8619 5.1640
5.3368 -7.4397
4.7845 8.7524
7.3265 7.6333
-8.8242 8.6356
9.7110 6.3220
8.7046 6.8572
8.2300 7.2764
7.3089 8.2083
7.2415 8.6463
5.0853 -13.5116
-6.2721 7.5761
6.4024 6.7223
9.5892 -8.3424
-11.4750 5.5766
4.8613 7.1402
7.1099 -3.8491
2.8793 7.0722
7.4866 4.7499
4.6172 6.7587
7.0555 -8.9589
7.7518 10.9072
7.9871 10.7608
8.5154 -8.7841
10.3460 6.9571
6.3539 10.4559
5.7297 6.6643
5.3327 -10.0479
8.9380 10.3878
9.8879 6.7234
4.3988 6.1806
7.5131 6.6098
5.6092 6.9143
3.8590 5.2686
6.4208 6.4545
5.8054 4.7661
3.5796 -10.2706
9.1870 2.3595
4.8731 5.4166
5.5254 6.5437
8.0659 8.2100
4.9157 5.5303
7.6882 6.7399
10.6528 9.0146
7.2091 10.3129
-9.5639 4.2417
9.4935 8.9920
-10.1353 3.5245
6.2017 6.3425
7.8277 5.1956
4.7220 5.4749
8.9259 6.0572
7.7893 5.5032
6.1989 7.5122
10.2582 -7.4998
5.1187 9.0738
9.5426 7.4368
7.2086 4.6376
10.4127 4.8630
8.1016 -6.3492
-5.8913 4.9685
-8.1211 -10.4078
5.0118 6.0713
6.8605 7.5771
6.0351 5.7190
4.8128 8.9896
7.8604 6.4731
-9.4402 7.2325
4.7110 6.5095
10.0226 3.9451
6.4465 7.2692
8.1199 6.3969
5.2003 3.8436
9.4162 9.2813
6.4837 4.9886
7.5243 6.6720
2.1427 7.7380
5.0104 -9.1581
6.4377 9.0363
-9.3425 -8.7104
5.4137 -8.7227
7.3828 7.4738
7.6809 6.1608
5.4426 5.7192
9.1379 -6.9791
2.0500 4.7822
5.2295 8.3907
6.6406 7.2837
5.7948 7.9370
6.7861 6.0821
5.0461 6.6871
6.2473 7.0994
10.0700 11.5640
8.5031 4.5793
-10.1944 8.4365
10.0061 8.8624
4.6992 -8.7873
-7.4383 4.8983
4.3593 2.9232
9.2416 7.8493
6.5068 9.9315
8.9425 8.0428
9.8146 7.9201
-6.9816 -6.4478
8.2853 7.9845
8.7788 10.6886
8.9093 3.4102
9.0452 5.2084
4.6963 5.5686
7.7123 11.4162
6.4555 7.9089
6.3292 6.8040
7.7067 4.6152
5.5475 5.5349
11.3216 -9.5981
6.6294 7.0552
6.8326 4.6498
5.5516 7.0111
7.1122 3.5509
7.4200 7.6456
5.2989 4.9828
6.4906 3.7878
4.9331 -9.5800
-3.4547 6.3819
4.8729 -7.0079
3.8986 8.1916
6.4858 6.9719
6.9346 6.4804
6.5544 6.4006
7.4404 7.3272
6.1468 9.9117
8.1000 9.4821
4.5526 10.5935
5.4868 5.0381
6.8695 10.4633
8.1885 8.6957
6.9666 7.9654
8.4971 9.4862
4.7005 6.2460
8.1705 10.5932
9.2683 -7.1165
-6.0519 5.2811
6.7068 7.6677
7.2152 8.2270
8.0307 6.0627
5.9731 5.0371
-7.5150 5.4300
-10.2581 7.0474
10.3196 -9.2541
8.3667 5.3969
8.2888 6.1628
11.3435 -8.5702
6.9317 8.6144
4.1753 -9.9593
6.3408 -7.1597
-6.0069 4.6177
9.5060 3.8433
9.5412 8.0158
3.9371 10.1959
8.0398 6.8396
5.9583 7.1116
-5.9428 7.2515
6.0656 -9.8658
6.6054 7.9610
9.7005 6.6927
-5.3333 6.4816
9.3009 5.2316
7.2243 4.9343
7.7613 6.9054
-7.0203 7.6266
6.2365 -8.1139
5.8551 -8.3225
-8.9990 9.2502
6.0503 5.8391
4.0639 -8.8716
5.7339 10.7313
4.3408 8.0471
7.0808 7.0845
4.5583 4.4573
9.3062 5.0467
7.3922 6.2712
7.7722 4.3170
6.1655 -9.9966
5.9336 7.3736
9.8635 5.3757
6.3659 5.5852
8.7038 2.1577
6.5500 11.5475
-6.4476 9.0630
4.5721 4.1165
-7.4455 8.1486
7.4141 5.0195
7.8996 10.0086
9.5364 12.6557
6.4479 -8.7292
6.0135 5.6025
7.1184 7.3588
8.4648 7.9977
10.4385 10.3959
11.3295 5.8273
11.7009 -9.3670
-6.6216 8.5430
7.9552 5.7154
-7.8983 -6.9468
-10.6333 7.0203
7.2538 8.7568
7.5542 6.6989
7.6932 5.4620
9.1103 3.0720
-8.4162 9.8291
9.0852 5.2345
5.1255 -8.5926
9.6930 -11.1427
6.1043 6.5540
4.4044 7.9468
7.4194 4.9749
-10.5829 4.4850
5.8292 5.8097
6.3280 -9.4846
-5.3770 6.8137
-12.2242 7.8711
9.2372 10.0219
7.1848 5.8060
8.7435 9.1568
6.4087 -8.8142
7.7710 5.1250
4.9869 -8.4544
3.5009 7.2873
6.9361 6.0239
5.6508 5.4383
10.4444 -9.8611
5.1168 6.2271
3.3854 -7.8377
6.5619 7.8658
8.2918 6.5193
8.3296 6.1132
5.9613 6.9247
5.0071 4.5474
5.6111 9.0865
10.2077 6.3196
2.1341 8.5149
9.9352 7.7969
6.5853 8.5101
7.4428 -7.3877
4.4208 -4.5462
7.9327 -7.5033
10.2948 9.0876
6.5663 10.9715
4.8545 5.8983
5.8688 4.7610
11.2378 -7.9303
6.4050 5.0002
8.3850 4.6373
8.6842 9.2696
5.2721 7.0711
8.5342 5.0355
5.9426 8.7047
7.8717 6.0029
7.4510 -5.5862
2.9819 5.4453
6.9727 8.8671
5.9850 8.4182
6.1798 5.3454
7.8987 9.3496
4.6518 11.1912
9.5414 -10.4330
8.0181 7.7581
8.2027 7.9593
6.3201 9.1801
-9.7320 7.0693
4.6738 -10.0635
-7.2394 4.7982
4.5724 10.4280
9.4838 6.0495
-8.4325 9.5086
6.3621 9.5919
-8.1525 9.9469
5.6042 6.6707
10.5498 4.6219
-6.3236 9.4674
8.9644 8.9584
2.9245 -11.2523
10.1113 6.4319
6.9834 8.3609
8.1111 6.1134
2.5578 2.4341
5.2225 9.0138
5.9973 -7.0116
11.3261 9.6103
8.4905 6.9920
-9.4274 6.8246
7.2025 6.7445
7.4976 4.5799
9.8152 8.0933
7.6473 8.9895
4.4782 -8.0223
7.0658 8.8436
5.8335 6.2246
7.4470 8.6545
5.7593 -9.2056
-9.9148 -5.5356
6.7111 6.0202
4.7026 8.9764
5.2196 8.3387
8.3472 5.2739
6.9738 7.7000
10.2876 5.0314
5.5151 7.9047
12.4040 6.3295
7.2157 5.1153
6.3263 5.3617
5.7845 3.7613
6.0564 -7.4772
7.8179 -4.8498
6.1870 6.1059
9.7114 5.2181
7.3199 0.9763
7.2060 6.2923
3.4558 -7.7639
6.2285 2.4985
8.2612 7.8508
-8.5012 8.4088
9.6848 7.2827
6.9956 9.6978
4.3400 7.8772
5.3358 10.0742
5.5446 8.2719
7.4465 2.6626
6.6801 6.9399
5.0319 -8.5613
6.5957 6.1834
-11.0361 -7.4579
9.0397 8.1820
11.5299 11.4011
-9.2425 6.8828
7.0504 8.8446
4.9939 8.8529
6.1891 6.9391
9.0172 4.9286
7.4355 -9.1182
9.6671 8.7332
-6.7295 7.9286
7.6185 4.7150
-12.3693 6.2641
3.7888 3.3596
7.5743 8.4579
6.1467 -10.5264
6.3164 6.8620
9.7968 4.6156
-8.9552 9.5938
-9.0504 6.4369
8.5676 6.6908
-7.8264 -11.2143
6.9693 8.7067
8.1987 6.1819
7.3877 6.0926
7.5508 6.8522
7.9009 9.0542
4.4687 2.0428
-5.7035 5.8896
6.1131 8.1710
4.8594 10.0291
4.6941 7.9076
6.0041 11.0682
5.3221 4.0218
6.3543 8.0436
5.4313 -9.3646
7.0541 10.2349
8.4169 9.5152
5.4780 -8.2568
5.5034 3.6416
5.7490 5.7172
9.8587 12.0049
9.4088 -10.4297
10.9555 6.4913
7.1718 7.5385
9.8971 9.1707
9.2094 -9.8573
8.4576 -7.3521
8.0136 4.3256
13.2560 5.7296
8.3714 6.9077
7.6303 5.2428
6.5380 4.8008
8.0783 5.6400
10.1343 5.6419
7.2540 6.6945
6.5604 8.4368
7.2476 9.1753
8.2167 7.5886
8.5369 4.8645
7.9020 7.7140
8.7426 5.5249
8.7091 7.7330
9.8410 7.8107
7.0424 5.8566
10.0355 6.8148
6.4180 3.4469
6.8006 5.7169
3.7986 7.1644
4.6697 6.9285
6.6808 -8.2312
5.2870 3.9381
4.6217 3.7162
5.2018 7.8171
9.0877 9.3361
-8.5872 6.5423
6.2029 -8.6725
5.3173 7.3501
8.5435 5.8640
5.0294 6.6034
5.6348 7.7814
10.7449 8.2790
9.5707 8.7801
8.3002 7.6696
5.5228 7.5691
5.8229 7.9006
-5.9896 6.4840
8.3702 10.1254
10.9420 -5.8862
-10.6805 -6.6077
3.3873 8.0175
6.9196 6.5592
6.3941 4.8306
4.6584 9.9290
-9.5664 -9.7883
-5.5306 7.0418
9.9032 7.7891
4.5701 9.4559
4.3670 2.6663
7.3456 4.0082
6.8719 7.8106
6.7788 6.9754
6.5247 6.9894
6.3218 4.0629
-9.8033 5.1826
3.1679 6.6415
9.8990 5.8970
-10.8219 4.0060
5.3100 7.7208
7.4313 5.9711
9.1919 8.5386
5.2652 7.9832
-10.3719 7.0763
5.6010 5.9995
5.9921 6.0083
6.0765 9.9702
4.3808 5.4211
-7.9550 4.3389
8.1913 5.6501
6.9693 8.0693
7.0136 6.7691
8.6419 10.1836
5.5509 5.3074
8.9358 7.9070
4.6421 6.5330
7.0147 8.8782
8.7649 9.8461
9.7941 6.8989
7.1021 7.8597
5.7682 7.6555
-5.8635 8.9288
9.5684 9.0324
4.7495 8.6334
8.6233 4.2482
7.9960 7.4395
-11.0060 8.2243
9.1377 5.3184
5.7808 -8.9090
7.1966 5.6082
-8.7426 3.7523
6.5533 5.1491
8.5441 7.8550
6.0705 -9.4440
-8.5953 -7.0245
6.2454 8.7912
-8.2375 -8.7843
7.0637 -6.9500
-5.8521 -5.6306
7.6612 6.1706
7.0881 6.1551
10.5801 5.0198
8.9698 7.1594
11.7498 9.0711
5.0917 5.5695
6.2284 6.3011
3.1171 3.5444
7.5098 4.8019
10.7986 6.5578
6.4987 4.6065
6.5746 7.3172
8.2566 11.9465
6.0498 6.8884
7.8354 -6.2435
5.8362 5.2332
6.5410 6.3538
7.8857 2.1738
7.2840 7.7078
7.5216 -10.1389
4.9147 7.0195
3.8272 9.3562
4.4022 12.0375
8.2894 2.5613
6.7838 4.2611
9.5391 12.6371
8.2506 6.2542
6.0779 5.4034
9.4157 8.0229
-8.4867 6.4082
8.2294 7.2782
-9.6784 8.6334
5.9098 -9.4560
7.5231 5.9264
6.4829 8.5228
-7.8982 -8.9766
-8.7971 7.1864
3.5506 -5.7367
5.0512 6.7263
-10.7159 8.4843
4.5384 6.1069
5.6374 4.7994
5.5472 -6.0530
4.7837 -7.8564
-8.3317 5.3765
7.2697 7.3228
7.2268 9.9515
-8.4450 -7.5581
7.4648 6.9505
3.7986 5.9994
-5.5898 7.1617
9.5364 7.7908
8.5431 4.8912
7.9468 7.6092
6.7981 -8.7387
5.7434 -10.9666
9.2610 -9.4860
5.8673 6.5590
8.5223 8.7167
7.9855 6.9374
9.8751 7.6180
8.4600 10.7594
9.0626 4.1746
9.1624 8.6974
8.2902 6.0687
8.8990 8.3896
-4.6963 5.8352
6.6217 6.9759
5.6559 -8.4898
5.0464 9.2298
5.9961 10.0488
5.9435 -7.9624
5.8253 3.0137
3.2175 6.2623
-8.0473 4.7275
4.8360 6.8323
8.2471 6.9350
10.7804 8.9021
12.4996 7.2956
6.0519 3.1671
-6.1405 -6.3824
11.0940 8.2558
5.3778 10.6555
4.6443 3.2819
4.9627 7.9181
6.9965 -7.2196
-6.6788 6.2525
5.7073 -7.9947
6.8764 6.9620
10.5777 6.5404
8.3379 3.2866
6.0105 5.3280
5.9013 6.1858
5.2558 6.5112
3.1531 -10.8673
7.3437 3.6600
7.1757 3.9794
8.7052 11.4138
6.4625 -10.2262
5.4044 6.4250
6.4711 8.5793
8.1948 7.9677
5.4385 -9.2353
6.9570 -9.4413
8.7560 4.9000
6.7160 7.4408
7.5074 6.8555
5.9320 7.9201
6.5612 7.7689
9.5298 -6.9610
5.5610 -10.2393
3.4326 9.4340
7.6684 4.2335
8.8242 8.7187
-8.6506 5.4614
6.2850 5.2022
-6.8971 8.5644
6.7113 6.5801
6.8260 -8.3921
11.2038 9.7047
5.5592 9.6037
4.9898 8.9213
5.3429 8.8016
-8.2606 8.7358
-6.5834 5.4003
7.1237 -8.8773
7.1297 6.1436
6.7828 6.7381
-11.2858 -5.1545
6.2984 -9.4277
8.6020 7.0785
4.0899 6.3950
9.1059 3.1517
10.5372 7.2754
7.1175 9.3054
6.5211 8.0470
6.6002 7.0065
5.4460 8.7900
6.3872 -8.7316
9.3063 5.2856
-10.4957 5.2893
6.1146 5.2562
7.2732 7.2877
9.6614 -6.6006
11.3205 5.7478
3.9808 9.6347
9.2253 8.2707
7.6753 4.8024
5.9023 5.6553
5.3808 12.4337
10.8223 9.7440
4.9845 7.3163
7.7397 6.1186
10.0929 7.8201
-7.4562 4.8176
6.8654 5.8404
10.3422 5.2856
6.7746 10.3113
7.5027 9.7639
8.0507 5.7255
9.9377 5.6285
8.9685 4.1031
7.7022 6.0506
10.2409 7.3291
5.9732 9.5165
-8.3062 8.0169
7.8608 5.8315
5.1309 11.9562
7.2145 -11.8117
6.4482 9.5298
7.6822 7.9821
8.6476 9.1397
8.3964 10.3059
-8.7694 6.7173
8.3124 12.9027
9.9771 7.0467
8.3704 7.5199
6.9604 5.8298
5.3906 7.1405
7.1636 -5.8714
8.6847 4.9979
4.7119 7.5029
6.5182 6.2975
5.4571 6.2508
5.7419 7.3583
-9.1852 4.9390
7.5186 8.9001
7.5110 -9.6249
8.3782 4.9939
6.4545 7.3980
-7.5489 7.8512
4.2229 4.5718
-10.1141 4.8965
7.8295 3.3381
5.7947 5.1541
7.5681 7.7665
5.2411 -6.3144
-10.0082 5.1807
5.7574 7.7533
6.6918 6.9662
4.6687 9.6700
8.5592 5.4640
7.7610 9.1766
4.7867 -5.8987
5.5077 8.0371
-7.7410 3.9153
8.4572 7.6001
5.9037 7.7591
-7.5462 5.9975
7.0124 3.9341
6.6609 6.4425
7.8118 15.2590
6.5993 7.3240
8.1034 6.4576
7.8127 3.8773
-11.2373 6.5004
7.7111 4.7124
3.6082 7.6682
7.4434 3.3335
6.9508 8.5701
-7.5242 7.2079
6.9516 8.2440
3.2465 12.5083
5.7637 8.1020
8.7567 7.0410
8.0656 7.2118
3.6564 7.5955
4.8596 10.3188
8.8493 5.5420
5.6422 8.9358
6.7390 -6.1104
6.5414 8.5760
6.3697 13.4724
-7.7264 6.5933
4.8147 8.9648
8.1694 5.3161
-7.5189 10.6159
5.9257 5.2857
8.0907 4.6175
3.7044 8.0775
7.4735 5.6529
9.0046 9.3344
4.8849 4.8912
8.5905 3.4691
7.3984 8.8414
7.7698 6.4673
6.6901 10.3550
5.2030 4.1282
5.8829 6.0001
11.3953 8.0063
5.7030 4.9480
12.1492 9.1668
4.8985 7.4812
8.0636 5.7481
4.4014 -8.0559
-8.9753 8.7547
7.1800 9.6749
-7.4668 6.0691
7.5180 4.7195
5.2090 6.5661
8.5448 -8.8611
7.2721 4.9053
7.8660 7.7991
8.3399 5.1013
-6.7717 6.8540
-6.5590 3.9696
7.7980 5.9723
9.4603 5.0265
-7.4061 -10.1922
7.6483 -7.6227
4.2597 5.7620
3.1836 6.3289
3.5288 8.1846
6.1372 -4.4598
5.8420 4.8065
-7.7218 8.6828
5.8101 6.1311
6.8561 10.4582
7.4275 -8.1051
7.7741 6.6037
-10.1077 -10.0316
4.8144 7.1974
7.8471 5.0736
8.3360 6.7001
5.3298 7.3957
5.9508 8.3498
8.9455 5.8571
7.0390 6.3484
9.7543 6.7271
4.8421 -7.0248
10.2064 4.6536
4.3502 7.9877
6.6555 8.4752
-9.3771 6.2564
-9.0025 6.2376
3.4573 4.6373
8.9346 7.3936
7.9929 -10.4986
5.0144 7.9369
4.5750 4.8289
8.6401 7.7514
-7.5428 -5.5520
7.2210 9.4156
4.7571 4.3870
5.9402 4.2795
7.1144 8.1782
9.6698 5.9385
6.8356 8.3451
4.9172 9.8058
5.4916 9.0703
7.6540 4.0718
-9.3502 4.8040
-11.5997 12.3541
5.7974 6.1415
-9.4658 6.3969
7.9344 3.3726
4.9075 3.9058
-5.1006 6.9773
7.4819 5.3881
-12.2709 9.0213
5.7538 3.9504
8.3517 -7.6061
6.6207 3.8526
10.0776 9.2348
7.2579 4.7214
7.5043 6.5024
-7.4763 5.9201
7.2918 -7.5248
9.0493 7.8507
10.3286 -8.2842
3.0532 6.7963
9.9890 8.2820
-5.7975 8.6601
-9.0388 9.3490
-9.7081 8.9443
6.7824 -7.4782
10.3160 7.3840
4.5214 4.7673
5.7128 7.9342
7.9243 9.8958
6.0728 7.1373
4.1751 6.6799
-8.1479 8.0127
-8.1553 8.6192
10.3645 4.1033
8.2084 4.6427
2.1532 7.6420
7.2270 8.9821
6.3280 -8.5593
8.1845 12.1842
10.4758 6.1866
6.8527 8.2695
-8.0076 7.3562
7.3459 -8.0812
-9.2497 8.0452
4.5926 -5.6560
-7.6379 5.6826
5.7553 9.0792
8.7985 6.3753
6.4923 7.6008
7.0039 8.1769
5.8195 4.9675
5.6777 6.7540
5.5745 5.6771
6.8768 3.4874
7.1266 2.4924
6.8602 4.9520
6.1511 9.4322
5.2329 7.1580
-6.4053 8.6580
7.7000 4.7776
8.0717 4.0535
6.5498 9.4400
6.8770 6.0622
6.3897 3.1875
7.4590 5.5782
4.2651 7.5491
-6.9250 -6.4431
9.6074 5.8333
9.4309 8.4622
6.3485 7.9231
-8.5187 5.9778
7.5746 8.2171
9.1621 8.1808
3.6103 5.8236
9.7859 7.0641
7.8154 5.3968
8.7144 6.3217
2.8011 4.5640
9.4788 4.3097
-8.1998 -7.8138
2.8159 -9.7651
-8.2778 7.0831
8.9229 8.8243
-9.0413 7.0494
8.3762 7.5258
6.3016 10.4137
6.2723 8.6952
9.8701 9.1993
7.0281 10.3565
8.7108 6.1237
3.9332 3.6065
7.8614 5.7118
11.0997 6.7052
8.0603 8.9935
5.2546 4.5637
7.9570 6.0650
3.4396 4.8791
9.2913 -7.6023
10.1145 -5.6316
3.6577 6.3801
6.8646 7.6869
5.3504 -10.6904
11.2628 6.2191
5.0759 9.2104
5.5923 6.8775
8.4178 10.1534
7.9843 6.5855
7.9461 -12.2082
8.6878 6.0279
4.5970 6.8620
9.3671 -4.4699
-8.6138 4.4790
5.0842 7.8042
6.6721 5.2246
5.0695 11.2895
-8.3198 7.1585
5.0258 8.4279
-8.9079 -7.3063
10.1333 4.9162
3.7399 10.1348
9.3549 4.0867
6.8164 7.9743
6.0226 10.1403
6.0191 -9.1369
8.0229 7.4336
5.7365 -7.0393
6.2123 6.9077
4.4131 5.1069
7.0447 11.9649
3.3046 6.8342
4.9277 12.6760
6.6646 6.7119
8.2621 12.5405
4.8812 8.1357
7.2534 7.0331
8.6550 -4.2499
-10.3921 6.3953
3.6766 -9.2054
5.8482 10.9076
2.8686 4.5787
5.1420 -7.7022
10.4133 6.9936
5.1922 4.9135
5.0063 7.2570
5.0261 4.2723
4.8599 6.7688
7.6564 8.2510
7.1717 7.0782
7.5521 9.8278
5.8521 8.7820
11.2391 4.1517
8.7868 5.7595
5.1589 6.9656
6.7527 4.6040
9.4551 4.8413
6.2449 6.1959
6.7929 8.0802
5.8339 6.7217
4.9147 6.8775
4.0218 5.3370
4.8445 6.2279
7.0876 9.0127
5.9868 -5.9600
7.9336 7.7732
8.2233 5.7465
5.5205 4.0573
4.6346 4.9655
9.2486 12.1553
6.6891 6.4387
-7.6625 3.6158
7.0463 7.6069
5.9525 8.6225
5.6244 9.2597
5.4058 9.3186
4.1362 10.2105
6.8170 6.4113
6.4358 7.7683
7.1276 5.6636
6.9450 -5.5054
12.5077 -6.8874
7.2252 8.7550
8.1814 5.6544
7.7420 5.2893
11.7840 8.0141
7.4862 7.9599
7.3438 8.6106
7.1858 6.8403
11.1488 5.8846
3.8613 8.2760
8.2906 5.8755
10.9331 5.1522
-9.1655 4.9677
-7.5657 6.9956
4.7561 7.4601
9.7570 -6.3814
6.5132 12.5745
-11.3129 4.2833
8.4566 -10.2710
6.1841 10.3060
6.0411 7.4925
6.5620 5.3798
8.9481 -9.1750
6.5997 7.3108
4.7730 9.8657
6.6875 8.4932
-9.2090 5.6158
5.4321 8.1548
10.7359 -8.4907
7.2321 -6.5168
8.5829 4.5187
8.8586 7.2267
6.2194 8.0910
7.1309 8.9312
7.3874 7.1026
7.1752 4.2863
6.2947 -9.3983
2.7100 7.5450
6.1850 4.9518
6.4097 8.4058
5.7980 9.2842
7.5819 6.0401
10.4054 10.9876
4.3894 7.3311
7.9342 8.0035
5.0737 7.3134
7.0199 6.3991
8.4789 10.7422
7.5417 10.8072
6.4252 7.7187
7.8931 4.9574
-10.0394 -7.4641
5.4696 -5.3581
5.9857 8.7127
6.1414 6.1028
5.3286 4.3175
5.4222 5.9470
6.8371 3.2852
-6.5481 8.1509
5.4240 5.7790
8.0145 8.2549
5.8107 -9.7309
7.1790 8.1697
4.6037 6.9132
-9.5804 7.2934
7.9668 9.1719
2.9399 4.6779
7.3517 11.0621
8.6741 -8.1311
-10.3886 9.1684
7.7785 8.3602
5.8973 8.9209
9.2477 -9.2078
-4.5553 9.9216
6.9666 8.3323
7.9898 5.8689
-8.8302 14.2057
10.5888 3.4639
4.5968 8.3167
-8.6902 -5.4702
6.3656 5.0846
-10.0084 5.2118
7.5585 4.5389
6.8887 6.2946
6.8949 5.6529
9.6401 10.8844
5.8396 -8.3552
5.7212 8.5984
5.8739 -6.9521
4.0251 8.0900
-5.7156 6.7331
3.3643 -5.5942
4.9853 4.8513
-7.4285 11.4151
10.4442 5.2606
4.9429 5.4251
9.2729 -7.5568
7.9644 6.2158
5.8656 6.6049
7.4577 5.8755
6.4674 8.2296
10.4916 11.0199
8.0469 9.7517
-12.2149 7.3043
5.9915 8.2498
5.2664 6.4924
4.7366 3.5678
7.4303 3.6852
9.8671 7.7335
-8.6496 6.4260
-6.7121 8.8606
9.6586 7.9406
8.5595 -9.8169
5.6741 5.7347
-9.0029 6.3883
5.4872 11.0453
6.8911 7.6138
9.3340 6.6779
8.2425 5.1296
7.5109 9.2633
5.4863 -10.7624
6.2204 6.5003
9.0754 11.1093
5.2635 7.6512
6.1077 7.4822
8.9787 4.2110
6.7873 4.4134
7.6082 -9.1589
12.9810 7.8652
8.9496 6.1958
6.6500 8.9492
5.6499 5.3647
6.3802 10.6040
-10.0033 8.1149
4.7567 9.9292
0.7049 6.0935
5.9080 9.7642
8.0668 4.2057
6.3565 7.8004
5.5375 5.3220
10.1993 6.2674
-6.5044 7.4781
8.3231 9.6143
8.9830 8.0089
5.1009 9.0175
3.9868 7.7505
6.0164 4.3484
7.9504 7.1035
-6.2868 -5.3768
8.0502 -6.9685
8.1300 9.2294
5.4852 11.5613
8.7427 9.2733
6.1139 7.6944
6.2266 3.9282
4.9729 3.4221
8.7030 7.3053
10.3194 6.0197
-13.0070 5.7565
4.8496 7.9133
12.4859 7.6001
-8.7175 -5.2483
6.5601 5.9779
7.9375 8.7383
6.4524 6.4503
6.7869 7.3977
6.7266 5.7533
5.3060 6.4624
4.8221 7.7524
9.7161 9.2056
7.2901 8.6126
5.8827 6.3205
6.4270 3.7081
6.9501 -7.8888
9.9195 7.1225
5.4384 8.1338
-10.1823 6.7822
-10.6645 6.7526
5.7932 6.5496
7.9020 6.6458
7.0127 6.1772
2.7994 7.2551
-8.8960 5.2087
8.8958 8.9141
6.4057 5.1700
7.5683 11.5541
5.7235 3.8435
9.7828 5.9312
7.3985 7.8800
4.0272 8.1413
-5.2847 6.6520
-6.7319 -11.6274
6.5782 5.7478
9.1561 5.7555
6.9553 8.5749
8.2151 5.0099
-8.3039 10.8949
5.8616 5.7396
5.0520 3.0968
5.1143 9.2198
-11.7921 5.5363
10.0476 -9.8118
-12.2491 4.9798
6.3733 8.1174
2.3216 10.3298
5.0628 -5.5253
6.1955 7.2979
9.5414 6.9910
7.7525 -8.6036
4.9223 5.7252
-9.1346 6.2631
8.5334 7.3517
4.5267 6.0188
6.9693 -7.8398
-10.0640 4.9203
6.7770 6.6470
6.2136 6.0567
5.8900 -9.1687
8.5023 5.5998
5.1331 2.7933
9.5604 8.8860
6.1987 7.2196
-9.1263 6.9476
7.6116 2.5493
-10.5749 8.4405
8.4094 8.5014
-9.9665 4.5522
-8.4388 10.3370
7.2195 -10.1900
9.9942 4.4433
8.6542 -6.2161
4.9447 8.0131
5.7388 6.6803
9.1283 6.1599
4.1542 -8.4310
6.6621 5.6230
4.3110 9.5121
10.0859 5.6207
-9.0597 7.2595
-10.3612 7.4535
6.1635 8.2756
6.9947 6.1146
6.8392 6.2315
6.5551 8.7473
7.7359 4.4939
-7.2273 8.2662
7.4226 5.7228
6.1841 -7.9639
3.7053 8.0368
4.6723 6.8221
6.1322 10.4266
7.9460 6.9753
8.1699 6.7336
7.1993 5.1079
5.1499 4.9826
7.2892 3.5553
10.4895 6.0044
4.5158 4.6500
-9.6076 5.9051
6.5781 6.9288
9.6972 -9.9930
7.0623 9.6982
8.8333 10.4877
6.2177 7.1168
7.4907 4.8391
-6.4611 4.2773
7.6545 8.1998
5.9135 9.4708
6.1179 8.3241
10.2427 8.8027
8.1488 4.5146
6.1569 4.3048
9.0764 3.7889
5.9448 6.6663
8.0324 11.8125
5.5961 8.2103
8.1015 4.3013
6.1014 7.2872
-9.8779 8.6716
4.6632 4.8928
7.8174 7.4568
6.1392 7.3346
5.1087 6.3498
7.8556 7.3761
8.8205 7.7551
11.9550 6.5997
10.8204 6.5182
3.5154 6.6270
6.4979 5.3427
4.8581 -11.8199
6.5229 5.0069
6.4454 7.1137
8.2429 7.3175
6.8306 6.5544
8.6872 10.2059
3.8951 5.5585
5.3379 -6.8696
6.9134 3.3120
-9.3336 6.5522
-8.3645 3.7497
-7.6542 8.7101
7.9094 8.4598
7.8885 5.1709
7.1674 9.5860
5.1353 5.7975
5.4540 4.4990
5.3139 5.9897
8.8052 6.9674
8.3252 4.3681
7.7236 5.7470
10.5333 5.9581
4.6937 7.5180
3.8929 -9.5671
4.5174 4.7392
5.4894 7.7876
5.8197 -7.5381
6.1971 9.4131
3.5769 9.1289
4.0342 2.4389
8.6246 -7.6306
7.6158 8.0343
4.8832 6.7974
5.2733 4.0004
9.1137 7.3149
4.9737 6.4087
7.6556 7.9003
-11.4424 5.8646
7.7687 4.6338
9.2440 9.7968
6.9227 -10.9501
7.0684 6.0817
4.9715 6.3090
6.8948 5.9866
6.8265 -7.3241
-8.3198 9.8505
7.6397 -14.4959
9.1058 7.3215
5.7833 8.0560
8.8638 5.4749
6.2492 8.1040
6.8850 7.6405
8.5563 -9.5422
11.6661 7.6770
5.6113 11.6193
4.5914 8.9472
8.9471 7.5457
8.4283 4.6573
8.8068 6.4391
6.7031 5.3966
5.1014 9.4941
12.0965 7.2264
7.2841 5.2935
8.7936 -6.2244
7.6309 6.1958
5.9338 8.0975
7.2782 6.7485
5.9787 -9.1109
5.9781 8.1279
3.9776 -8.8866
7.4449 8.8337
-9.5982 9.3334
6.6543 7.6160
7.7943 8.0151
3.4690 -9.0974
9.3174 -5.8551
7.6998 6.7181
5.0253 7.1969
7.4074 -8.6745
-9.8121 4.7107
6.7849 5.6423
-7.5327 8.2169
-5.2230 -10.6039
7.3341 4.8646
7.1393 6.7546
9.6244 4.5850
3.2974 6.7252
4.3300 9.0591
-9.0899 5.0115
4.9952 8.5455
7.9274 5.7940
6.7894 8.1029
7.9036 6.3697
8.6764 6.8804
7.1802 9.1090
5.9716 10.1327
6.8747 8.7084
5.2170 10.1005
-6.7612 8.3467
4.9965 7.3453
-8.1879 3.4404
7.1991 5.3294
5.4696 4.7273
8.8632 7.6738
5.6382 4.9350
8.0144 -11.8971
6.5740 -8.2636
8.3539 -8.4097
4.9656 4.8660
7.4127 5.3574
6.4928 7.6127
8.6291 -8.8469
5.8617 -7.9472
5.1810 6.7463
6.3730 6.2754
9.6690 6.3530
9.6253 4.8422
7.7781 4.7015
4.9366 9.4792
6.8560 6.9707
-8.1183 6.3861
7.4796 7.0972
8.4390 6.4553
7.8370 8.5937
-10.2411 8.7416
8.8722 -9.8449
7.8626 -9.1042
-7.2325 4.9157
8.7223 4.5508
5.1821 7.5218
7.2610 -7.4374
9.3323 7.3200
6.2825 5.7276
5.1476 7.3177
6.5991 6.7304
5.5451 6.5728
-8.6263 7.2847
4.5912 9.5245
-6.7550 7.1527
5.3728 5.6451
4.7449 4.5782
-9.9190 -4.9835
5.4317 5.3926
6.8340 8.1438
5.7902 -6.3450
-11.6549 -9.6913
5.1328 -8.9020
8.5204 6.1967
4.7850 9.1470
-8.6159 9.8399
7.7293 4.0815
5.9675 6.5861
7.8947 6.5158
5.5069 5.6350
-9.0157 -9.4647
8.3525 8.0745
7.2382 7.6205
9.1092 4.9267
5.5087 6.7729
4.9687 -8.4815
2.5982 -8.0756
7.8237 11.5381
6.8526 4.7710
9.4547 -7.7301
5.3249 7.0243
7.7907 10.4728
8.1571 7.5602
7.4920 4.9322
6.8389 7.3572
5.1967 7.8528
4.1022 7.5236
4.4650 9.6404
6.3983 5.1233
6.0216 9.4968
9.1224 7.6917
8.2074 6.7232
8.6919 4.4062
3.9159 6.5663
9.4768 5.2703
-9.3647 4.2563
-9.4257 -10.0658
9.0451 5.8152
6.3822 7.7589
5.9203 11.0450
7.3994 6.8699
5.1012 6.0965
8.8909 10.5504
-11.7249 9.8438
7.1210 6.7931
8.7847 5.8546
-11.2563 4.9756
8.1495 6.6133
4.2124 8.5357
-4.3333 4.0914
6.0436 6.0339
-9.2778 7.6826
6.9021 8.8414
8.4045 7.5020
8.3689 5.3079
-8.8492 9.3295
-10.4392 10.0840
5.3626 7.0124
8.3301 9.4676
6.1324 6.5892
3.8115 7.5239
5.3561 -10.0416
-7.8676 6.8257
6.5401 6.1165
7.1701 6.6965
9.4508 -8.7634
9.1643 5.3123
7.5895 7.1981
-7.2759 8.4588
-8.1955 9.1057
12.6512 -8.7613
5.0873 7.9557
5.2698 8.4779
10.2251 6.4124
10.3240 -7.8345
5.2166 5.2764
-10.5960 8.8748
6.4760 5.4284
7.6201 9.6588
6.2451 10.5294
7.0071 5.5700
6.7917 6.2906
10.2982 7.2889
5.0419 4.4507
7.9195 2.8806
3.7293 7.3124
9.3003 3.8193
6.5726 5.6056
3.9284 5.1726
5.3061 7.4600
-11.3722 -10.2062
5.2905 8.5648
5.6492 7.4905
-7.9220 4.8255
6.7765 9.2634
6.8499 9.8867
7.9561 5.3366
5.8303 5.7418
7.5017 5.2364
-8.4254 -8.2703
6.0551 -12.9183
4.5690 7.1907
5.6684 -11.6417
7.9660 9.6771
4.1022 5.1084
2.9121 3.6603
5.6350 3.2230
8.0895 8.5094
8.4542 7.6767
8.4053 4.5004
7.7126 8.4412
5.5960 6.5688
7.1368 7.0085
7.4624 7.6689
-11.1418 -7.1745
-9.8791 5.8857
6.9949 4.8648
8.6809 -5.4457
4.6978 8.9552
5.0118 5.4960
5.4177 8.1098
6.6964 6.6196
8.4169 8.4989
-6.6113 5.6460
7.2725 6.9119
5.4044 7.9923
-11.0427 -9.6543
4.6549 8.6119
6.7472 8.2316
6.5661 6.2699
6.3728 8.7325
4.6468 6.2310
-7.1613 7.9935
6.3494 3.0240
7.7665 6.7172
6.2214 7.4144
8.8030 6.8509
7.2600 11.3197
7.9839 6.9026
-5.4350 5.6499
5.6526 8.0755
7.5526 6.7117
7.1993 10.3280
6.4202 7.6386
6.3133 -9.3351
8.1248 8.8125
7.4747 6.8251
6.5597 -9.7113
8.4996 11.1825
11.3196 6.7291
-7.2517 5.3182
6.4993 6.8843
8.1583 4.1361
8.2188 8.4757
5.0505 10.3799
9.0939 6.4935
5.4515 5.5749
7.9094 8.8018
7.4442 -7.2647
4.7770 7.7198
8.5914 10.7681
6.2189 6.0931
4.0484 9.9293
7.8258 10.2811
8.3015 8.7320
8.3800 -8.8864
5.9010 5.1555
7.0057 6.6045
10.2998 5.6878
-10.6926 5.4550
5.1232 5.3633
7.3762 6.8864
7.3839 5.5209
6.8918 -6.7870
7.0386 6.6599
4.0962 7.3695
4.9750 6.1887
8.2786 7.3886
6.5351 6.4628
8.3021 -9.6308
9.6339 6.6673
5.8939 7.4901
10.1543 8.2101
-9.9009 8.3412
7.6957 -8.3676
9.8704 8.3566
6.3363 9.0517
10.7014 -8.9632
6.6163 7.1495
-10.1131 -6.7910
8.9475 9.2664
9.6448 4.7859
10.9196 9.7819
7.7078 8.8150
8.6145 6.2722
-7.5917 7.5236
5.2565 -8.9193
6.2964 12.4860
6.5017 8.0524
7.3160 6.9788
7.1472 7.1321
7.6049 7.1255
3.6197 7.2902
7.6099 6.9014
9.7134 9.0646
11.3005 -6.4338
5.9512 8.7672
9.1880 6.4476
5.8366 6.6463
7.8324 5.1729
6.3748 -8.1253
8.1906 5.9385
3.3818 9.3717
-11.3305 8.6639
6.3934 8.2405
3.5835 3.5729
6.8342 9.8429
6.2783 5.4784
7.6494 5.0355
6.0134 6.8029
7.1063 5.1557
5.0995 8.0018
8.7667 7.8613
5.5818 8.6259
6.2629 5.7365
6.6584 -9.3098
8.7196 8.8025
9.7782 7.4181
-6.3746 -8.5741
5.9223 5.3713
7.1810 9.7468
5.0917 -7.1372
4.2263 6.1226
6.9746 8.2862
5.3264 7.3432
6.0797 4.0347
-5.4306 7.8430
9.4610 7.2948
5.1602 7.4623
-3.8226 6.0339
7.9373 7.0862
5.6489 5.4715
4.0419 6.3212
7.5086 6.8141
8.2886 7.7283
5.5483 -9.4614
7.2237 9.6446
7.1126 7.5599
9.1527 -7.5561
9.1920 8.2698
8.0272 5.8221
6.8360 9.0957
4.2576 -9.1177
5.6158 3.8205
6.6805 5.7771
8.3336 5.4429
-6.9629 -10.3307
4.6810 10.2712
8.3126 6.6479
7.4528 4.3200
8.2981 9.4579
6.0970 7.5634
11.5991 -9.0346
7.8095 8.9541
7.5919 7.9049
7.3746 8.6056
8.8947 8.6753
10.3587 7.7260
-10.7942 8.7514
7.3072 5.2462
7.1176 -11.8254
7.2418 7.8341
7.3594 5.3311
4.8244 7.0042
-10.4132 -5.6256
5.7960 11.4163
10.3627 5.1611
9.1344 10.5011
5.0143 11.0456
3.0431 6.3620
7.6682 8.0853
5.4907 -10.4913
6.8096 -10.0714
7.0966 8.5278
7.1386 9.2305
-9.9599 5.5445
10.0899 7.3352
6.6345 -7.2823
8.1894 5.3892
-3.7995 4.6844
5.0144 7.0894
11.3471 7.1964
9.1975 7.2897
8.2564 9.4774
10.4043 6.2053
7.2790 7.1698
6.8635 -7.5300
4.6393 3.4584
5.8347 9.8839
12.3677 5.0875
7.2623 4.8040
8.1763 8.4556
9.4545 6.8225
8.5991 5.9674
5.8500 9.7116
5.2599 7.5007
6.0732 9.1177
-8.0487 8.1355
6.5136 -7.9606
9.1028 3.7969
8.4736 7.5811
8.9337 3.5494
9.0653 7.0595
4.6963 -7.4947
5.8670 5.8139
4.8941 6.5018
7.8765 6.5743
7.6492 9.5114
4.7689 10.2886
6.0893 9.9183
-7.4782 3.6747
4.2006 3.2748
6.8188 7.4850
6.6440 3.3383
5.0459 4.7842
-12.3858 6.1461
8.0488 -9.6735
11.2482 8.5139
13.2528 5.4788
6.3449 -4.7708
8.3601 5.4895
9.3963 7.0230
5.2160 9.9658
6.1156 5.6293
8.7380 -3.8275
2.7818 7.7172
7.1911 7.6711
3.0224 2.9890
9.0523 7.1436
6.0787 5.1680
8.3282 4.4843
7.3899 -7.4084
6.0063 5.3951
-8.7867 7.7134
6.6329 8.5310
5.6532 6.3430
8.4541 11.9330
9.1754 8.8721
9.1996 7.7057
6.0538 3.8761
5.3015 5.6877
5.3900 4.8955
5.1603 5.2809
6.7273 -7.9855
7.8138 7.8150
7.1603 5.3500
7.3436 -9.6609
5.4669 3.6575
6.6791 8.8339
5.9958 7.3597
6.9748 5.2247
4.4854 4.8233
3.6349 10.0578
6.0517 -9.6939
5.6742 5.4699
7.8655 7.8342
8.9555 -11.6233
8.5282 5.6377
6.9663 -11.3167
5.0205 7.0919
6.1628 5.9146
5.9375 -10.1278
6.8313 8.6971
2.5473 8.5312
7.1186 10.1902
4.8065 5.5320
8.0334 6.3418
6.2302 7.0575
9.8451 4.1284
11.6374 4.9461
-9.2268 7.4298
9.1895 9.1315
3.9515 8.5851
9.6562 4.8878
-7.3525 4.4114
6.9833 7.9705
6.0159 9.6072
4.9285 7.8329
8.0894 -8.7959
-8.0265 4.0572
8.2952 7.1844
2.9548 8.8601
-6.6434 4.0851
7.4215 9.0272
5.2510 5.8106
8.5753 7.1632
-8.3235 6.3841
6.8067 5.8995
3.9679 4.5985
5.2104 -9.3539
9.6564 -9.8075
5.4435 7.5970
11.8468 7.5302
11.0256 9.0992
4.0062 -9.6108
-8.4741 3.8315
9.3296 6.1455
-9.5055 -7.0881
7.8851 6.5701
8.5380 7.7709
6.7502 7.5438
9.1166 3.3486
4.0286 3.6191
6.8289 7.0478
5.0435 5.4949
7.5435 7.4462
5.9712 7.8921
7.6919 6.5879
8.3478 6.7833
11.0145 8.4104
4.5739 -8.7495
8.5532 7.0052
8.5304 4.3345
9.9060 6.9774
10.8047 9.2795
7.8376 5.2977
5.0695 3.8407
9.2129 5.6453
14.0787 5.0054
9.8432 7.7369
8.4280 5.1862
6.8342 9.3184
-10.3931 -8.0223
8.8318 -8.4998
5.4639 7.1893
8.0411 7.0276
5.0233 6.5843
6.0868 7.2985
7.1611 -5.3338
6.7846 8.7805
-4.7732 6.9721
4.6755 6.6478
8.1092 4.8223
2.6635 -9.7667
9.6626 4.4967
6.2248 8.4760
6.1690 -6.7900
-7.6895 10.7240
5.7970 8.7300
6.8489 6.1622
3.1381 5.8758
9.6455 7.3194
7.5519 11.8303
5.4850 -6.6168
7.3621 6.3219
-5.7895 5.5958
7.1854 10.7039
8.6302 8.1223
10.7482 -9.9111
4.4849 -10.3131
6.7791 8.6259
5.7438 6.7980
10.3550 8.5153
5.7974 7.7053
4.5165 7.3592
10.0544 5.7603
4.8468 6.8297
8.2678 9.1390
-8.8424 7.5917
7.5081 -8.2161
6.7110 8.8380
10.0312 6.0546
10.7753 4.6347
8.9512 4.9854
4.5045 5.3944
9.0815 4.3816
6.2816 5.4706
6.9883 5.2402
7.9110 6.8919
7.8030 8.8735
5.2078 7.5994
7.6709 7.7696
8.8727 6.0129
6.7069 11.5839
-11.3122 7.3873
8.1317 3.7871
7.6834 11.4885
5.9707 -6.5627
4.8863 9.0801
7.8664 4.8114
5.3636 8.4859
9.4259 8.1135
8.3280 8.0037
5.9790 5.2435
6.4226 7.8246
8.0316 7.4864
8.5212 10.3588
9.5729 7.1473
14.9276 7.3127
5.9895 7.3073
8.6441 -7.8096
7.5380 7.9140
7.4443 -9.0069
6.6229 9.2893
7.7059 5.5354
4.9052 7.1759
8.1096 8.4063
5.1735 9.8873
7.5718 6.6208
6.5670 5.5110
5.7681 -7.2907
9.7552 9.2745
-8.2374 -9.4242
-9.3867 2.7163
-10.9750 -9.0242
4.4617 2.4500
-7.3327 6.4573
5.5682 6.5242
-8.2972 4.7860
5.3178 4.0605
9.3706 5.8996
6.2867 -11.6917
5.6709 8.5384
6.5938 4.8270
9.1369 8.2761
6.4257 9.1155
-10.3150 -8.5657
5.4394 8.0095
4.9002 3.7708
7.5114 10.2919
4.9658 11.8614
6.3190 5.2160
3.6587 -11.3221
6.1524 10.1483
-9.3183 10.8499
-7.4493 5.8646
5.8133 9.4531
7.3441 6.7546
9.3102 9.0339
9.2109 6.9798
4.3086 -7.1049
6.2109 6.9900
6.4796 -7.3935
8.4719 11.1445
5.1468 7.1333
6.6022 -9.6626
7.9519 5.7397
5.9868 7.6583
4.0735 6.0510
5.3011 4.2102
6.7339 5.8182
7.0869 10.3904
3.4757 8.8608
-11.2715 -5.2948
6.3714 5.3041
-9.4335 10.0484
8.8566 10.0124
4.5896 7.8059
6.3198 4.3449
6.0579 4.6748
4.6857 8.0722
-9.0158 11.1339
5.5801 6.2721
4.4555 7.2050
9.2120 7.3769
3.0795 6.4155
4.2679 8.5918
6.0955 10.1537
6.7604 -9.3721
9.6327 4.2658
-10.3439 7.2436
9.1281 2.8839
6.8087 7.4021
8.0293 9.3523
6.8551 8.3299
5.7758 7.5791
10.8148 -6.6801
7.6666 5.8233
8.0143 4.7520
6.8946 7.9812
5.0102 3.9543
7.0898 -9.5812
6.3429 7.7221
5.1863 -10.9734
-8.3473 7.7750
8.0238 6.6064
10.1537 11.8543
-8.0468 9.1479
-6.7299 4.8087
10.4596 5.9595
4.1885 5.2629
4.1344 7.9008
7.5880 6.3966
7.2254 5.1488
7.4788 8.4912
7.2518 4.7756
7.5631 8.3156
6.1033 -9.2047
9.1700 -5.5975
5.5814 7.4387
-9.7114 7.6091
5.3769 6.2606
7.6775 5.5336
11.7147 6.2383
-8.6398 -8.4663
-1.8652 7.4469
8.9884 7.4326
-1.2436 7.2662
-2.1338 6.0390
6.9469 6.8945
6.7386 5.9401
-4.5466 -1.7825
-4.7134 -9.6546
7.4768 7.7119
10.3435 7.8919
-1.7019 8.5666
7.5114 7.9238
10.2652 6.8825
3.9095 -1.5985
-4.7846 11.8011
6.3021 6.2218
8.3839 -1.9719
7.2281 -1.9989
5.8602 -4.7805
11.0659 9.2899
9.2074 -1.6924
4.5895 9.3059
8.5072 3.9450
-1.4043 11.2259
5.9808 -9.3925
4.5733 8.2120
-4.6220 -1.5105
-4.2537 11.6994
9.1719 6.6979
-1.5790 -2.1522
-4.4425 6.3272
7.3808 -1.2365
-1.3392 10.7127
3.2597 9.3203
-9.4660 6.5832
-4.3477 -2.0575
7.6009 -1.2507
5.7926 12.2907
-4.3847 8.4120
9.3691 6.4050
7.3970 -2.0027
5.7818 -1.8165
9.9509 10.0874
7.6642 4.2872
13.1889 -1.5007
10.6632 -9.6315
-2.1001 4.8068
-1.5838 -1.6662
-1.2048 -9.4659
11.3961 6.5310
-1.5071 10.2264
4.7799 -1.6885
8.9123 4.0105
-1.3645 -1.8120
-4.4011 -1.3159
11.6354 -4.4007
-1.8505 -1.3702
-1.2276 7.8200
7.9528 -9.6546
11.1408 -1.3835
2.4504 9.3939
8.7518 5.9423
6.6742 4.7559
6.5535 5.7073
9.3272 10.6545
-1.4372 7.9729
7.6352 9.6442
-1.6541 8.4699
5.4093 -4.1127
6.5576 -1.7297
5.0770 10.1123
4.3577 6.9090
-1.7112 8.9809
6.4896 8.7941
12.3056 4.8442
2.4491 -9.7085
-1.7418 7.6484
1.2290 9.0656
-9.6138 6.3130
4.8793 9.4052
6.6272 7.7893
7.2727 -9.1577
3.5478 -9.5641
5.5046 -1.8597
8.2132 -1.2353
8.8350 15.4959
-1.7709 6.4752
7.4226 -9.6670
-4.2752 3.5419
7.7211 9.8103
3.7066 3.8554
6.4993 3.9447
5.6239 6.2269
6.8626 8.7229
6.4234 -1.9123
-4.5571 5.8525
6.8029 -9.5431
7.8880 7.3049
3.4277 -9.4945
-4.8686 7.5718
5.8425 -1.9021
-4.9477 -1.6777
6.7825 7.0953
5.7335 8.4735
7.1995 -9.5356
6.4623 -1.6030
-2.4964 6.9413
8.8929 4.9044
-1.3589 -1.4256
1.9348 -1.1462
11.7883 3.4875
5.6639 6.3889
-4.5346 -4.4882
-1.2287 3.3896
8.7346 10.0779
9.0955 5.1550
-1.4767 5.9012
8.3289 4.6767
7.5558 -1.3405
-9.3802 7.9444
-1.6022 8.1712
-2.0962 -1.7034
10.9225 6.3180
3.0699 -2.4519
7.4557 7.8284
-1.3893 7.6974
6.7798 -1.6292
-9.5958 10.5690
10.1081 6.6442
4.2978 9.2234
-9.7543 7.8336
-4.6797 7.3373
3.4111 6.2917
7.8707 4.9909
-9.4425 -2.1460
-1.8557 8.1435
8.4181 8.3380
6.6697 -1.5937
9.3191 9.5868
-1.8880 6.8936
7.2935 9.9169
-1.1392 2.8609
7.8572 7.2835
7.9840 9.6996
-4.0211 -1.2490
-4.2177 -1.2309
-9.6116 8.6498
5.8191 -9.3059
7.3992 8.5638
6.4790 10.0593
3.9382 10.6630
-1.1599 -4.5115
9.0510 -1.6594
5.1182 9.4173
10.7543 3.8082
-4.9513 6.4592
8.0125 -4.6755
-1.4763 7.5688
5.4871 -2.3503
9.1111 6.7941
10.1528 5.8898
4.2788 6.0352
-1.7532 4.2777
6.7071 2.9004
8.5176 -2.0369
6.0369 10.4437
6.9550 6.4905
7.7204 8.8717
-2.1354 -1.9600
-1.7287 7.6440
-4.7009 3.2810
5.9096 5.2054
-2.0443 6.8547
-1.3685 7.0651
6.1756 -9.8280
4.1793 6.6421
7.8669 8.8090
-9.5132 -1.8329
8.3370 5.7706
8.4627 -1.7540
8.2152 10.7110
10.7665 -1.8753
1.3892 -4.2778
5.1232 7.3315
7.5519 5.7870
8.5136 -1.7201
10.6863 7.5509
8.4363 1.9270
-1.8757 -9.6641
9.5341 -1.3749
-4.4541 8.5644
1.4458 9.2749
1.0939 6.4385
-9.8282 -1.6362
4.0098 -1.7384
-4.3030 6.6884
9.3194 -4.5140
7.0433 6.4188
11.8982 10.7172
-1.9077 8.9780
4.9298 7.8429
-1.8604 8.1581
7.4821 -9.5661
7.8752 7.2662
6.6279 -4.3573
9.7207 -4.2699
7.6950 6.3531
11.1227 6.2005
7.6201 -2.2946
6.5978 5.3240
-1.9097 5.8959
7.1095 -1.5296
-1.1901 6.0714
-1.4238 5.0001
8.6781 -9.5929
-9.4357 11.4408
9.5818 7.0411
8.0110 8.1707
9.7378 0.4459
7.5880 5.0491
-1.5055 -4.7758
-9.7378 5.6685
6.6391 4.2431
-1.6247 7.7264
-1.2741 7.1519
8.3563 9.8432
-9.4583 6.1583
-1.6991 -1.2967
7.9792 -9.3012
9.1070 -2.2806
10.5320 3.0956
4.7505 2.8929
-1.6692 6.2012
5.0424 -4.4376
-1.4162 9.7826
11.5751 7.0363
-1.7309 8.3274
11.3315 2.2031
4.7548 8.5796
6.3319 9.4563
6.0102 8.4515
-9.6336 8.4273
5.9112 12.0432
10.0084 5.5875
-1.3188 8.3251
-9.3243 6.3238
6.3576 8.2021
7.3147 8.8038
5.2812 -1.5800
7.1708 9.1361
3.8912 8.5183
-1.8551 7.8987
9.1202 7.7616
-9.5396 4.4697
5.3280 5.1375
9.2763 7.2793
-2.5199 -4.6719
8.5664 9.2999
8.0748 6.9730
8.7936 -4.8347
6.3322 12.0097
-1.8362 5.0021
8.4022 -4.4084
-1.7152 9.1191
-9.5978 9.2695
-1.4658 5.0813
2.4665 6.4583
2.9644 9.5802
7.1241 7.0655
-0.8925 -4.5382
8.3881 -1.3855
8.3719 6.9848
-4.7548 5.7761
-4.3596 8.1297
-1.9575 -1.0522
6.4353 -1.8724
-1.5425 -1.5093
4.1406 7.6677
10.1005 4.7414
-2.1189 -2.1474
8.9460 6.3679
7.0785 7.7723
4.6923 7.3129
8.2058 -1.2574
-1.6328 -2.1049
8.2047 8.3706
9.5589 8.7547
10.4815 7.8674
7.4942 6.3291
7.7143 -1.5410
7.4022 7.7659
6.8300 7.8211
8.2433 9.3733
10.3777 9.1632
-9.6040 -9.5763
6.3857 9.4045
9.8089 5.9421
5.0906 9.4619
-9.8185 7.3985
5.9398 -9.3997
-2.0559 -1.5923
8.1242 9.5977
-2.0188 -2.0552
-9.4724 -4.3816
7.3076 6.5068
8.7379 11.7120
9.1024 -2.0287
-2.5508 5.0482
8.0584 -9.1890
-9.6038 -1.7524
-1.2858 10.3793
7.5607 -4.5359
7.4038 8.7658
-1.8997 11.1030
-2.0914 7.4524
6.6295 7.1995
-9.4286 -4.6267
-1.5857 8.1850
6.6652 -1.9444
8.3325 4.9313
6.6172 -2.0091
-9.5834 -1.6989
5.9233 6.8690
5.3426 7.4915
-1.7010 -1.5274
7.3381 5.2413
6.5961 5.9781
11.0109 11.7746
-4.5974 5.6541
-1.5951 -1.9267
4.4416 -1.3613
10.3372 -1.7806
7.2748 10.8254
9.1130 8.6679
-1.6938 -9.4028
8.4923 -1.7601
8.1842 5.5070
-1.1636 -1.7154
7.2193 7.3719
8.0190 -1.5233
8.7237 -1.0927
-1.6307 8.7428
6.9435 -1.7514
6.4334 -1.4701
7.6725 5.5864
7.3557 8.1561
5.8900 -1.5458
8.2851 -4.5692
9.7054 6.1438
6.8204 10.3434
7.3217 7.1214
-1.8192 8.9051
-1.9773 7.3182
8.9405 7.4129
-4.7271 10.5387
-4.6554 9.9616
-1.7312 9.4302
-1.7761 -2.2711
6.4531 12.1305
12.4591 -1.4751
5.4157 -9.5274
-2.0939 -1.7987
11.7129 9.2411
-4.5661 -9.4864
3.6404 6.5102
4.6965 10.5040
2.0939 7.5296
7.7394 4.8869
9.3825 7.9348
6.2387 -0.9218
-9.4775 -1.6444
4.9541 6.5689
5.3851 7.3656
10.4577 8.4445
8.2149 -4.6992
3.8330 8.0236
-1.7226 -4.4230
6.7601 4.2872
-1.5544 6.3442
2.3747 9.4074
8.6390 -9.9068
-1.4932 6.0563
-4.5713 6.8592
-1.6567 -2.0044
-1.7996 -9.7036
6.7036 6.9972
-1.4445 9.1593
7.4646 8.9509
-1.9462 -1.3107
-1.8418 11.0164
-1.6033 7.2948
6.4852 -1.7835
7.0180 -1.9758
6.0818 10.9692
-1.6539 5.8387
-1.8887 2.1039
-9.7663 9.3149
10.2728 4.5569
5.9782 7.7036
12.2727 -1.7149
7.8593 8.6649
-9.5000 7.1616
5.5998 4.3273
2.1269 -1.7288
-9.3983 6.0968
6.7720 -1.9180
-1.5633 -1.7158
-9.6118 5.9662
4.3422 -1.6230
-1.4342 8.5483
8.5073 3.5741
-1.9283 8.7201
5.7026 -4.5545
-2.0724 8.1085
8.8562 5.9086
12.3187 8.1102
-1.0384 9.4370
3.7502 5.4102
5.4971 8.6009
-9.6953 -9.4848
1.9358 6.9455
-9.6170 9.2007
-4.5683 -1.7100
6.0346 2.7433
5.3081 6.1344
-9.4438 -1.7174
1.6968 -1.3856
-9.3458 6.8004
8.5272 -2.0823
7.2706 -1.8974
7.3501 -4.2708
7.1987 8.6178
7.7084 8.6499
-1.6119 8.0073
-9.4977 8.1165
6.2701 7.5741
8.1278 -9.7685
6.2713 13.4034
-4.7128 8.3297
-1.8778 -1.2045
9.0505 6.0759
6.7830 -1.2073
5.8345 9.8499
6.3986 5.2078
6.8768 1.6642
3.2169 9.9092
7.4859 -1.4654
5.8279 6.3596
9.8237 5.0361
8.5532 5.8324
10.6517 4.2736
7.6038 5.6604
10.1038 8.7706
5.5927 9.4408
6.1793 8.8638
4.6589 7.9459
8.0610 -1.9198
-1.2218 8.7615
-4.6683 -4.4273
9.2838 7.8552
5.3712 9.8077
3.9819 7.3087
4.4077 7.7654
5.1114 4.8262
4.4999 4.9198
7.0518 -4.4700
6.3556 -1.3838
-1.5266 -2.0188
7.0659 -1.9379
-4.5685 5.6965
-9.3406 8.8153
8.2310 -1.9172
-1.5795 -1.2068
8.2471 1.3638
5.3914 7.9054
5.9974 9.9805
4.7703 -9.5543
9.5751 6.7745
10.3859 8.9511
-1.4750 5.3249
9.7608 3.7048
10.8029 9.9035
-1.0900 10.4952
-2.3663 3.6611
4.1106 5.8252
8.7119 8.3186
7.5655 7.0403
5.4604 -1.7426
5.3116 6.5685
8.8525 10.0398
7.8652 -1.9793
-2.0649 7.4543
6.6056 5.4930
7.9621 10.0849
6.3196 6.2559
-9.2891 7.6766
8.1150 9.2734
6.4851 -1.1503
9.1741 7.7192
10.4413 8.0450
7.6500 0.4704
8.3738 -1.4758
4.9248 -1.5564
4.8215 5.0110
9.3846 -1.3837
7.5229 -1.4307
10.1176 8.7945
-4.2161 5.9783
5.4145 4.0409
6.2852 10.2133
6.4019 -1.7478
6.8100 -1.3088
-1.6967 -2.2043
9.4132 -4.7756
4.2485 7.6101
3.1921 9.8098
-1.8934 4.0204
5.7009 4.8226
-1.7560 1.9517
2.4299 5.8525
6.5869 8.6215
-1.5817 -1.6675
4.5874 9.7511
7.5938 6.6698
7.7709 6.8088
6.7690 3.3780
5.5707 7.4823
8.8554 7.9070
5.6102 -1.4009
7.8434 7.3911
3.5306 7.8594
7.4600 -2.4424
4.6532 -1.8486
6.9474 10.6316
-9.5184 8.4644
-4.3575 -4.8412
-1.9857 5.7699
-1.2621 10.6818
5.5158 1.7878
9.7681 -1.9657
-1.6389 6.8397
8.2497 10.8287
-1.3649 8.5185
-2.3060 8.5433
5.5876 5.5032
8.3616 7.0154
1.9106 -1.5624
-1.6928 8.4278
-4.4459 4.5567
6.5499 5.1897
-1.5781 -1.3933
-1.9927 9.3650
5.3240 10.1141
-9.4997 7.1218
11.0648 5.6268
7.5249 -1.3590
-1.1888 8.0168
6.9129 -9.6049
-1.4130 5.4443
-1.3809 -1.4536
-2.3185 7.7203
5.7189 -2.0033
-1.4194 11.4048
7.6434 -4.1723
8.2026 7.5762
8.1044 -1.6959
7.1250 -1.8508
8.6707 4.0944
4.8350 9.0109
9.4342 3.0123
3.7130 -9.5790
10.9884 -4.6731
-1.7233 8.0900
4.7310 -2.1210
6.7964 -2.2249
8.5530 7.5186
5.4665 6.2031
5.5017 3.3575
5.7722 6.7950
5.0277 10.5812
6.3296 -1.4462
-9.8595 11.2413
6.4524 8.4873
6.0199 3.1385
8.4095 6.1456
4.1779 7.8281
8.0312 6.4459
6.8319 7.2260
7.7508 -9.3295
5.4760 6.3106
-9.6897 8.5563
7.2166 -2.0117
3.3601 6.4985
-4.6042 -4.3922
5.3762 8.1768
6.9681 5.9641
-4.4406 3.6679
9.3865 8.5678
7.4151 -2.1032
6.5525 -1.1930
-1.7024 5.2855
10.1103 -1.1843
-2.2162 9.4589
-9.5596 -4.5463
3.2957 -1.9857
-1.6499 8.3001
-1.3183 6.3499
8.8593 9.5304
1.6925 5.4657
-9.5556 4.3938
1.9640 6.8534
7.1199 9.0286
-4.6718 8.7731
7.9792 11.1572
9.5337 -1.4413
8.4995 6.6155
-1.7008 4.8845
9.4827 10.9900
-1.7413 -1.6489
7.1320 7.6499
9.5894 3.1282
-9.7274 2.1846
-9.2867 7.1557
-4.4633 7.3050
10.3962 6.3300
8.0550 -1.8781
-4.7207 6.6430
-1.9853 -1.6218
-1.3516 9.0578
5.5048 9.8258
3.1695 7.9886
-1.1929 3.0207
-1.8197 9.8146
8.4938 -1.6713
8.5010 7.6816
-9.6242 -9.4758
-1.9180 7.6817
-1.3273 4.6505
13.4366 -1.9545
6.3251 4.1334
-4.8636 -1.8212
8.7226 8.9072
7.4325 9.2410
2.6132 1.0351
2.7696 8.9207
3.1157 -1.7813
-2.0096 6.6679
-1.9764 13.7546
1.3048 5.9175
5.7552 8.5241
6.9414 6.2381
6.7663 5.6183
-1.0133 -4.6581
7.8336 8.7798
7.0871 -1.2701
3.7386 3.7916
8.7398 5.5819
8.0847 8.0895
-1.4980 -9.5454
-1.9140 8.0021
6.2999 8.8689
5.2243 7.3243
-2.1061 9.2236
-9.5093 4.2099
-1.7686 -4.0512
6.6850 8.3781
9.4554 1.5591
5.0911 -1.9124
4.5666 7.4384
-1.8141 7.7727
9.0154 8.5704
7.0030 -9.5520
7.4037 -1.7570
5.5894 -9.6213
9.3542 9.7409
-1.5371 4.7753
7.7268 9.3021
-9.3713 8.5929
-1.6788 8.6653
-9.7143 -1.4278
7.4433 -1.8030
8.3183 10.3631
7.3085 3.2148
9.4904 -1.5641
6.7142 7.8791
-9.4492 -4.6238
6.0281 11.5523
5.2838 8.2113
5.8334 10.2582
8.9401 6.3657
9.8399 5.5516
8.1861 11.8325
-4.2594 -1.3218
7.1452 -2.2446
6.8275 5.6691
8.2055 5.6676
-1.9426 -2.1294
8.7060 -0.1089
-4.5170 9.4973
6.9371 9.4880
7.2851 5.6890
6.4575 8.7896
7.2440 8.2632
-9.6380 8.3792
-4.3484 3.7535
-1.8964 4.9166
7.9763 -9.6526
1.8251 -1.8333
7.1696 7.1525
7.4373 8.7694
3.0675 -1.4874
5.4429 7.6571
9.5749 -4.3017
-9.6377 -2.0777
6.2890 -2.0990
7.9295 -2.0075
7.8082 -2.1052
6.4687 -1.5058
7.3415 6.4872
10.7167 -1.7470
8.5122 6.5768
-4.5669 -4.5148
5.9046 3.7598
-4.6902 -9.4715
-4.3156 7.6809
5.6248 5.7072
4.8844 -9.5301
7.5265 -9.3845
4.7589 -2.0140
-9.4816 6.9402
5.6281 7.6017
-1.3464 11.8494
5.8767 6.9526
-9.5588 -1.6208
8.3904 -2.1488
-1.2045 4.3207
-9.7086 12.4257
9.7486 -1.5091
-1.8362 -1.7106
4.9912 -4.4744
9.3420 5.4364
8.5800 0.9093
6.0319 6.8725
-1.5981 10.0055
-1.5358 6.4115
3.6912 9.1359
10.2227 7.3982
-4.4311 4.4061
8.4736 -1.4856
8.9596 8.7663
9.1203 6.7031
9.2466 6.4325
-1.4022 -2.1693
7.8510 -9.6499
1.6447 7.1583
-4.3565 7.4525
7.8263 9.1281
6.7917 4.0088
-9.7152 9.8538
-4.4508 10.9012
10.0740 -1.2719
7.5400 -1.1466
4.3336 -1.8584
-9.6220 8.3398
9.3798 3.1154
9.4022 0.5716
-1.8196 9.2502
8.5669 10.9723
-4.6528 -4.6273
7.9791 9.0993
7.0921 8.3038
-4.2972 5.1659
-1.3927 7.4698
5.1124 -1.4939
-1.2426 7.2418
5.5009 6.7109
6.5399 10.8312
7.5213 -9.4940
7.6206 -2.4693
-4.1401 8.8134
9.7671 -2.2866
8.4725 5.5977
5.1791 6.5112
7.4818 -4.2414
-4.6000 -1.3661
5.5165 11.0110
-4.4889 4.2130
-9.6671 5.4085
-2.2313 9.4854
10.2787 6.0984
9.2991 10.7134
6.3693 -1.9341
-4.4861 -4.5096
6.8010 9.3518
-1.8953 1.2754
4.0184 8.4385
-2.0865 4.4986
7.5411 -1.4179
-1.9494 -1.5365
12.3399 3.1454
-1.2485 -9.3548
-1.5333 2.7085
8.4111 -1.6820
9.0853 8.3166
-1.7935 7.4179
9.3056 8.8512
8.9093 -1.9865
-1.5409 7.8937
3.3878 7.9547
9.5095 9.7219
7.9461 -2.0536
-4.6589 7.8028
10.1510 10.2075
-2.0328 6.6024
5.4109 7.1513
7.1661 -4.4839
6.4363 -2.3782
8.1013 8.1778
-1.7649 -1.5161
5.5780 5.7253
7.2793 7.7580
-2.3987 -2.5304
-1.7605 7.5090
6.3175 -9.6716
-1.9112 6.3023
6.9565 -4.6213
7.6269 4.3153
-4.3758 8.5811
-9.7490 6.3427
7.6700 10.0494
8.1223 10.7135
7.6607 6.1543
5.6090 6.2577
7.4007 5.0125
5.2270 6.5018
5.2405 4.8534
8.8308 8.8045
-9.3269 6.6902
-9.5560 -4.5134
8.2464 -9.7764
8.1474 -1.6223
-4.4137 8.4106
-2.3503 -4.4442
7.6828 2.6553
-4.1472 6.5067
9.7911 9.2149
-1.5403 9.6480
-9.6146 -1.7794
6.1861 -4.4090
8.0862 9.4399
-9.5895 -4.4143
-1.4039 -1.5550
8.3530 7.4488
-9.4666 7.7179
6.7636 -4.5500
8.5800 10.5657
9.1919 7.3498
7.3765 8.0869
7.4731 -1.5322
3.0011 2.7319
7.3292 7.5225
7.7207 8.5241
4.8334 10.7211
-1.6281 8.3750
7.1182 6.7304
6.0937 -1.3977
-9.4226 6.8520
-4.5629 -2.1186
-1.3849 -1.3302
5.1012 7.3651
9.0169 -9.7107
6.6022 8.5919
8.3737 5.8819
6.8526 8.3778
9.4807 -9.5846
6.7052 -1.6151
10.5488 -2.1161
-9.4016 -1.1134
-1.8395 -2.2243
6.1215 14.7966
7.9797 -2.0082
5.3074 7.8771
-1.9664 8.5327
5.1157 -9.6692
-4.5495 3.7013
-2.4858 4.4910
-1.6567 -4.3045
-4.3951 6.5656
7.2922 4.7700
5.2995 -4.5916
8.3670 7.9174
9.1505 3.7735
-2.0176 -1.7836
7.6621 -9.5403
4.0517 -2.0776
8.8047 -1.8017
8.3181 -9.6397
-1.3909 10.6278
11.0683 -1.4373
2.0979 -1.9370
10.3247 -9.7724
4.2191 -1.8873
-1.3125 5.0232
-1.4943 6.4304
12.0745 8.5380
-1.4490 3.2069
8.1947 -1.5639
12.3387 -1.7114
8.3277 10.3744
8.9793 -9.3557
-1.3791 5.7703
5.2586 8.7197
2.1923 4.5521
11.8264 -1.7240
7.2161 9.1524
6.5297 -1.6624
-1.5648 9.4843
4.8142 -1.5057
-9.7226 8.3282
9.2511 -1.9274
-9.6457 6.4729
9.9842 7.7927
5.4287 8.1999
6.1599 10.4756
6.9202 8.1876
6.4616 4.8670
8.6457 6.4248
-2.5888 -4.6651
6.9146 -2.4441
-1.8485 7.2835
8.5079 8.0208
8.2045 8.4205
8.9794 -4.3255
-4.4718 7.4839
-9.5671 -4.0665
7.6867 11.8034
6.7804 12.2821
7.3453 8.0982
7.6188 7.2768
11.8933 4.6101
-9.5052 3.7669
7.3150 -1.9743
5.5243 8.4409
4.7283 -2.7935
8.6753 7.1881
11.6666 6.4221
4.6901 -1.4744
7.7861 -1.9460
7.3323 9.1201
7.0035 4.1481
7.1863 -4.4063
1.3792 10.8637
-9.7264 -9.7210
8.4061 -9.3638
3.9064 5.7539
7.9216 -1.1611
3.4369 10.9531
4.8992 -4.4550
7.9218 5.5880
2.8303 6.2576
8.0144 10.6030
5.7070 9.7164
7.4553 12.7976
7.1475 -1.5614
5.3703 1.5490
7.7507 -1.5685
-1.5005 9.1849
-10.0613 5.7193
-1.1517 5.2210
10.4861 -4.3078
-9.5823 -1.9655
6.0877 6.0005
-1.7248 5.4556
8.8908 -1.6288
2.8737 -2.2045
9.2000 -2.2023
-4.3463 -4.7755
7.2291 4.8584
5.2671 7.9554
-1.5414 6.6879
10.5889 9.6879
-1.8998 6.8647
-2.0420 -1.3733
8.5398 6.5980
-2.2369 6.0907
-1.8721 8.3784
7.8160 6.1174
-0.7169 -4.6238
8.3679 7.5460
-1.9967 7.2708
10.1137 9.2438
9.4773 8.5845
9.6091 9.7683
8.0973 -1.4452
7.2654 11.8481
7.2753 -4.7195
-4.6595 8.7122
6.8363 -4.6728
7.5576 8.0043
7.8066 2.9441
6.9993 7.0417
5.3417 7.7765
3.4384 9.5522
3.7335 0.7680
5.8883 4.9713
10.2332 -1.5347
5.4513 10.3406
4.1456 -1.2681
-1.7142 -1.8191
0.4986 6.3040
-1.5795 -1.8344
6.3830 9.4556
6.8352 -1.8578
3.4683 -9.4667
-4.4209 11.4762
5.5495 10.7290
8.0803 11.1449
-1.4823 9.2704
8.0737 10.7417
-9.9985 -2.2830
-9.5131 4.9419
8.6072 -9.6514
-1.6773 8.5945
5.9429 4.9350
-1.8467 -9.6168
5.9383 1.7614
9.2710 -9.5531
7.2064 -9.4160
-4.4844 8.3659
8.0259 -0.7541
3.8638 4.6649
8.2073 -2.0753
7.3246 8.9938
8.5396 4.0500
-4.4855 -1.8933
8.8690 -9.6893
9.4616 -1.8299
-1.5198 3.5771
-4.4304 5.4645
-1.9785 6.5027
5.7841 6.0735
8.3210 5.9852
-4.5932 4.4778
-2.0990 -4.5321
7.7221 -9.7646
-9.4633 6.9878
9.5740 3.6905
9.0211 -4.5630
3.6919 -2.0884
7.7701 6.6357
13.4104 4.8601
11.3490 6.8685
-1.3286 5.3523
9.6756 9.7336
8.9987 6.6831
10.7748 -4.2334
8.5197 11.6374
9.6414 4.3075
4.7058 11.0746
-1.7011 9.0249
4.7106 7.0770
-9.5567 6.3435
8.9092 8.1304
-9.0989 4.8898
8.4868 7.5128
-1.1728 -2.0953
5.7914 -1.8212
5.6805 -9.6640
3.2807 7.5832
8.8046 6.0971
6.6628 4.9859
-1.6180 -2.1619
-1.3291 8.5909
-0.8988 -9.2867
-4.1876 3.1131
8.9127 8.7524
-4.4324 -4.4902
-9.6044 7.9293
-1.3315 4.3844
5.5205 4.0855
6.5090 9.5743
-1.0156 9.2619
-9.5139 -1.4541
-1.9263 8.7423
5.6788 -4.4554
9.4338 -9.4984
0.3038 1.7745
5.4179 1.2913
-2.1081 8.2202
-9.7562 7.4603
-1.9634 5.7362
-2.5853 -4.5796
-4.2179 9.0859
-9.7152 8.1323
10.3985 -1.6396
8.1879 6.9486
5.1614 5.1843
5.1749 -9.6753
-1.6855 8.1481
6.2614 -3.9816
7.4725 10.0729
6.7591 5.9611
8.5458 6.7065
7.6271 -9.5323
6.2583 8.1977
7.2614 -4.8470
-2.1080 7.4914
-1.8195 9.0035
7.1322 -1.7520
8.5596 5.7519
6.8885 8.7547
7.5722 -1.9310
7.1978 5.6838
9.6221 10.3795
-1.7503 10.1903
7.1978 -1.4044
9.9746 -4.2456
6.8993 -4.4605
-1.7334 -4.5188
-1.8796 -1.5673
6.8352 -1.7679
9.0112 3.6122
7.2357 6.9736
-1.6722 -9.5642
5.7033 7.8421
3.9852 8.0073
3.8430 -1.5817
7.3901 5.6317
-1.6501 8.1734
10.3051 -1.5444
7.7393 6.0690
-1.5552 -4.5855
7.5427 7.0619
10.2747 4.5963
6.6242 13.1042
-1.9645 8.5715
-1.3188 -1.1323
8.7536 -1.8510
5.5299 -9.5182
9.4375 5.8096
5.5293 8.1017
-1.7485 8.9004
-4.6343 9.2691
-1.7820 -9.6610
-9.5435 8.4241
-1.6346 8.5711
-1.5319 -2.1963
-4.7021 7.4721
-1.8299 -2.4258
-4.4464 4.0328
8.1730 3.0510
-1.5517 -1.8211
-9.5995 -1.1483
8.6755 -1.7327
7.9771 -9.4753
6.7832 -1.6078
8.5956 6.0872
-1.5663 4.8724
6.4447 8.1037
5.2360 9.4173
7.9958 -9.3356
7.1824 -1.7089
-1.7968 11.8039
-4.6126 7.2887
6.9904 4.8234
6.7863 7.3961
-1.4010 -1.8385
3.9250 -2.0968
0.9151 -4.5382
8.5318 5.0802
6.5246 9.1533
-1.5436 4.1845
9.2460 -9.4760
-9.5546 -4.5650
7.0922 6.5469
6.5473 -2.1876
11.2033 5.2105
-1.3965 6.8599
8.3832 4.4310
-2.2115 5.8758
9.2545 7.8460
-1.8709 5.7901
8.9009 9.5657
5.4620 5.2497
6.9510 4.3181
-1.6959 -4.2713
7.7266 -5.1110
-1.9661 13.3947
8.7887 7.5678
8.9901 8.9378
3.5721 9.5871
9.3178 -9.5105
6.2651 10.5909
9.6079 3.9460
-4.2141 4.8981
5.8424 12.4367
6.4262 -1.8064
7.8344 11.1538
8.2274 -1.9785
5.8008 4.7796
10.5203 12.0944
7.4673 2.2202
7.2549 -9.5139
9.2204 7.2453
-9.3038 -4.7641
5.2775 -1.7151
-1.6226 -1.3666
-9.6121 7.3954
-1.9700 9.0812
-1.9385 -1.2984
11.6866 5.4308
7.9131 3.5368
8.4848 -4.3993
-1.8409 -1.7460
-4.2929 4.7770
8.2989 6.6357
-4.6262 9.8481
11.4362 5.2968
5.6121 -2.3697
5.5643 -9.5808
-2.3281 -1.9510
8.5056 8.5260
-9.5617 7.9935
-9.5017 7.9452
8.5734 -1.3310
-4.5174 -9.3702
-1.1811 -1.3615
3.0590 7.4371
-1.4442 10.9506
9.7480 8.9887
-1.6486 0.5786
8.2074 7.1539
-4.3822 8.4606
5.9932 -1.5185
9.2455 -1.5924
11.0896 7.1059
9.5157 -1.8205
-2.0200 7.9167
-1.3592 7.0255
4.8807 -9.1888
-1.1159 -2.0615
5.4835 -1.0675
7.3172 -4.2474
6.9223 9.4740
8.9170 12.0018
3.6420 -1.2277
-2.0807 -9.5728
-1.8125 11.5998
8.2168 7.2286
6.9519 -1.6039
-2.3042 -9.6323
5.1940 -4.6281
-1.3674 8.9993
-1.7844 6.2767
6.4488 -2.1454
-2.3571 9.1271
5.0510 7.2889
6.9887 6.1326
-1.9571 6.9450
7.2127 8.2346
7.6737 -1.7829
4.1031 6.3739
7.9885 9.2715
6.2648 7.7550
6.1959 5.3601
3.4090 7.7118
-1.6550 9.5231
-1.3994 0.0011
4.9460 5.5667
-2.2610 10.1611
7.5984 7.6812
8.4687 -1.6112
8.7953 9.9177
8.3052 6.2829
6.1746 -4.4910
6.5066 6.8664
7.6301 6.9276
5.5232 -1.5909
-1.1500 -1.8930
-9.6066 6.7799
-1.2914 -9.6543
6.8336 1.3303
4.6529 -1.5110
8.6860 -1.6694
-1.8496 12.7381
-0.9934 -1.7471
-1.4784 4.6275
7.8874 6.7009
8.0381 6.0721
4.0228 4.8441
-4.7400 3.3437
4.8503 -1.0375
-1.5597 -4.6724
-9.4734 -4.7463
9.0421 -2.0910
11.7550 3.9107
10.9755 5.0386
7.7860 -1.0875
-9.7515 -9.5198
-4.4892 6.0631
6.8135 -1.2964
8.8047 -0.6416
8.8482 8.5588
5.0896 8.0833
-1.9218 -2.1877
8.7167 -1.9991
5.5656 5.3725
6.2812 8.6960
-9.8592 6.8612
8.6570 11.1308
-2.2534 8.5412
-9.5348 8.8056
10.5119 -1.7486
10.7666 5.9664
-1.4431 -1.6151
6.2149 8.3558
-4.3851 2.4142
-1.2254 10.9619
7.9240 10.0525
10.4226 -1.9285
9.1400 7.0902
-4.7593 7.9227
-1.5417 -1.4112
5.4886 2.5839
-2.0161 6.6213
7.5866 6.4729
7.1644 9.0085
8.7197 -1.9048
8.6333 -1.3013
7.8831 4.2969
-1.9239 -1.9687
-1.8625 8.7713
8.2295 7.5558
8.1085 7.7311
-4.7856 5.8367
8.0702 -0.9537
-1.4939 7.5602
9.8839 11.0118
-1.9532 9.3315
-9.6756 6.9157
7.2715 -1.9855
5.9176 -9.3538
5.8756 5.8730
-4.6637 7.1399
8.5574 -1.3650
-2.1133 3.0033
-1.9035 -4.5984
-9.4368 -9.5860
-1.6858 2.2127
-9.5367 -9.6114
6.3574 -4.2117
-4.7420 -4.4435
6.0202 8.1206
5.6579 -2.0369
-1.8301 2.3671
10.9139 -2.0812
-1.9569 -1.1485
5.6659 8.0143
10.6503 6.5230
5.6591 10.4662
3.9060 -1.5714
-1.4861 8.6843
9.3898 8.7506
10.2524 8.8075
-1.3652 -2.0073
6.6494 8.9275
-1.4516 -4.6500
-1.7514 -1.5949
6.2678 8.7840
7.8164 9.9651
9.1423 7.7956
-1.6793 -9.5077
6.5822 6.0007
6.0117 -1.2703
12.5620 -1.9189
2.9937 5.5021
7.8549 7.5310
4.1524 -1.2050
-1.5302 7.4637
-1.8833 8.0053
5.9342 6.3610
-9.7362 8.1177
-1.8751 8.8940
-9.5789 7.0430
2.0880 -9.3800
8.7486 6.2722
5.5024 -2.1892
-9.7603 -9.3543
-9.6460 5.5629
10.5912 -4.2977
7.6820 8.9569
-9.2985 5.6693
8.6357 5.0228
5.9138 7.3840
9.7321 -4.4603
9.0670 -4.3044
-4.6160 7.7827
4.1835 6.2607
8.1561 -1.3364
-4.5571 -9.7163
-1.6210 9.7176
7.8114 8.7356
-4.3576 7.8787
-1.8604 9.5899
10.2033 2.6830
7.2727 5.6047
-1.7144 -9.4655
8.1580 -9.1938
-1.2951 -9.7088
5.9614 8.8267
5.8853 6.5090
-1.7621 3.3674
-1.4672 5.7784
6.7226 -1.4609
-1.2021 4.1706
8.9584 6.1848
-0.8902 6.9497
3.7092 10.1226
-4.2750 7.7507
12.0343 5.6723
8.1451 -9.5259
9.1286 -1.3256
8.5476 7.3552
6.6194 -9.5922
5.3457 6.7832
10.2257 -1.5820
-4.3615 3.7164
7.9492 -1.6125
4.0802 8.1042
5.3045 -1.8526
-1.3329 7.2018
10.1609 8.1640
-4.8671 -4.4719
-1.5069 6.9923
8.6708 -1.7054
2.6494 9.1221
5.5869 6.3660
8.9619 -4.3611
-4.3666 8.9706
5.4800 -9.3035
8.7622 8.1971
4.8677 9.6067
4.6116 8.4888
7.1432 10.7653
8.5449 5.1816
4.4500 6.9623
6.4793 -9.7773
8.7476 8.0983
5.7190 8.2717
5.2950 -1.8536
-1.1480 -4.3867
8.1365 -1.8523
9.2339 8.0863
8.1264 3.5362
5.4809 -9.4950
6.5350 -9.8263
9.4677 7.5147
9.8151 4.9825
7.3601 9.1307
9.4353 4.9928
7.6203 -1.6272
-1.9766 -4.3773
8.4212 -9.6118
9.9541 3.7752
9.7075 8.7592
6.9118 4.9538
-9.3387 4.6349
8.6713 -1.5606
-4.5200 7.3531
8.1577 7.1388
5.8142 -9.6670
-1.8947 -1.5674
7.5639 7.9447
8.6860 -2.0470
7.3500 5.2311
-4.3295 6.1014
-4.6370 7.5244
6.4844 -9.3783
4.4316 7.7305
7.7652 5.1634
-9.4221 -4.3342
7.8791 -9.4165
-2.0575 4.9097
10.5425 7.1799
5.8786 9.4369
-1.8835 6.6336
4.7517 3.3121
7.2283 1.8268
-1.6833 10.5981
8.3347 -1.9153
-1.9377 -4.3230
3.6388 4.8366
-4.6412 9.2457
4.7971 -2.0388
5.5820 7.9159
-1.4226 -4.6076
2.7942 7.9869
-1.1940 8.5816
5.9312 6.8382
9.0167 9.5340
6.3950 6.5597
8.5558 -1.3602
-1.9654 6.0224
-1.9643 5.4298
5.8299 -1.5873
10.2220 8.2432
-9.6249 10.8175
7.3724 8.5122
-2.4865 11.1099
10.1054 6.5450
7.4525 3.9874
8.9255 5.6547
-1.6331 9.6643
-1.6839 7.1976
4.9030 7.2957
5.2661 9.3859
9.5792 -1.9342
-4.6119 4.6552
9.1345 5.3492
9.2742 -0.9038
6.3400 -9.6226
4.4350 -1.9714
5.4252 -2.5203
8.9942 -1.5770
5.5647 -1.6556
-4.3803 2.0922
6.9255 -1.2839
-0.9089 7.4004
4.4332 14.9402
4.7310 7.9320
8.9754 9.2731
9.2830 -4.7093
4.4967 8.1064
8.3422 -1.5720
7.4598 8.0577
11.1328 -1.7665
7.6334 -0.0899
-9.6889 7.1193
-1.9240 -1.5388
-1.9851 -9.5496
9.4305 9.5505
4.2116 6.3743
-4.7441 5.0533
6.5904 -2.0343
-9.4792 5.9664
8.7139 5.5738
10.3014 -0.7321
7.1069 -1.5792
8.8804 -9.4205
-9.6776 2.0893
4.7955 7.3567
-2.0042 -1.6099
6.5970 7.9992
-1.2136 10.8770
-1.4739 9.0080
10.6865 -4.5972
8.4675 8.3777
-9.3393 6.9483
-1.9850 4.3376
6.0840 8.0284
-4.3723 8.7427
2.1180 8.2580
-2.2492 -1.3763
6.8035 -1.6698
7.8848 -1.2651
8.5343 10.4612
4.0221 9.2762
-9.6619 6.2808
3.7189 10.0390
7.9800 -1.1412
9.0029 13.8197
7.6269 2.9754
-4.3226 8.8721
9.2832 -1.8340
7.3471 -2.2723
8.9670 7.7115
10.2295 -2.0919
8.9008 4.7402
6.4817 7.8493
7.6965 -1.7063
6.5123 8.0656
3.3842 6.8715
6.3458 -4.4730
-2.1216 1.1429
5.9446 -1.8849
-9.8025 5.2606
5.8809 -1.5027
-1.8065 8.7809
-9.8050 -1.8427
5.0627 6.3307
5.8517 4.7109
6.8821 10.6182
4.9489 9.3570
-1.5331 -2.0261
8.6357 10.1447
9.4401 8.8329
8.9480 -1.9163
6.4769 9.3657
8.7490 8.1085
9.4300 5.5490
6.7517 10.4039
-1.7816 -1.9508
8.9198 8.0021
-2.2331 -1.7500
6.2270 5.8439
6.6185 6.6998
8.8840 -9.5560
-9.7390 11.1549
5.6780 -2.2860
-9.6774 11.6173
4.7679 -2.6972
7.2900 -1.4565
8.1718 -9.4808
6.8857 7.2913
8.0252 -1.4722
4.1430 10.3839
-9.5509 8.3670
-9.4511 8.4396
-2.1286 6.4842
6.6001 9.6278
-9.2780 -9.5508
7.1619 -9.5651
6.4620 -1.5481
7.8032 8.1203
8.7198 -1.9242
9.1024 -4.7857
6.7317 5.2976
-9.7189 8.1290
9.8644 10.5625
8.4086 -1.2577
9.0039 -4.5369
-2.1613 8.8003
-9.4873 -9.6032
9.7075 5.9856
3.2545 9.5061
6.3377 8.8492
7.3857 3.2109
-1.5110 7.1165
9.6334 8.5688
6.7864 5.8902
-1.5763 10.7316
9.9103 -9.4472
-1.9118 -1.8868
8.8238 -2.2727
6.7860 4.1238
-9.6706 10.0289
-4.4093 6.9584
9.9680 5.7196
-1.1981 -1.7349
6.6081 -9.5028
7.9786 9.2621
6.1136 10.3165
-1.5382 1.4041
-9.5170 -4.7321
8.4258 -1.6567
8.9747 9.1256
8.1104 9.7633
6.9274 5.2619
5.5427 -1.0766
8.6261 -1.0021
7.6547 -1.3916
7.1286 6.9890
-1.2274 6.5896
-9.7994 8.4935
-9.6593 -1.8424
9.1550 -1.9731
-9.3466 8.4563
-1.4756 7.3884
10.5851 10.9850
-4.6551 6.6810
9.6149 6.8458
-9.5360 4.0106
6.3944 9.9959
-1.3238 -4.2307
5.9359 -1.8028
6.9398 8.2489
3.3602 8.6199
-1.1232 7.6845
-4.9165 8.4900
7.0978 -9.6200
-1.7451 -1.8669
-1.9523 -9.4631
8.7376 8.8730
-2.3735 -1.9039
-4.6934 -1.9937
-4.3495 -2.0873
-9.5238 2.9469
-1.8201 -4.5090
-1.6992 8.3162
7.7723 7.3114
8.3258 4.5877
2.4488 6.2336
6.7738 9.5667
9.5597 -1.9557
-4.6071 -1.7092
-4.8179 5.7094
2.5457 5.5103
-2.2720 7.4740
6.8716 4.1854
6.0713 8.2881
8.6341 -9.4127
11.6029 -1.5499
10.2798 6.9862
4.9478 6.7390
-9.2744 12.5011
8.2960 -9.7748
-9.3146 6.4258
8.8572 -4.5497
-9.4408 8.9962
9.7553 -1.7164
-1.8451 7.1585
6.6512 5.3139
5.4813 11.0442
6.6659 5.1177
7.1758 5.7993
6.8625 10.0376
-1.6662 13.3476
10.1089 7.6276
8.5384 -2.1991
8.2676 8.3205
7.2409 8.0644
-4.2658 5.6577
2.3399 11.8157
-1.8289 4.4378
7.8679 -1.7851
9.3050 6.6423
7.9875 7.6796
4.1123 6.8690
7.0319 -1.4978
-4.5972 -4.5365
-1.9572 -1.4724
-1.5308 8.1133
4.5978 5.7371
-4.6746 9.4408
3.1256 5.9734
7.3856 8.2353
8.9275 -1.5995
9.7906 9.7275
8.7694 9.4315
6.1461 6.0218
8.4437 9.2267
-1.4352 7.9043
-4.3390 -4.5588
6.9013 -4.6143
-9.3788 7.8529
7.1826 -1.8672
-9.6473 -1.6026
-2.0745 8.5091
7.6577 -2.3923
7.4976 -1.6386
-1.6944 8.3499
8.9591 -1.7193
10.8199 9.5981
10.1247 6.4417
-2.2508 2.5220
8.2529 9.7320
-1.7302 -1.7433
4.2922 8.0813
5.3190 5.4153
7.1673 5.5138
3.7048 -9.5469
-1.3138 -4.1185
6.9594 7.4596
5.6567 -1.7460
-1.4886 -9.7655
-1.9952 9.9915
3.9617 7.1924
8.7306 6.8986
7.9500 8.9934
9.8250 11.5019
2.5000 -9.5543
2.6466 7.8654
9.1826 9.9021
5.6319 -4.4798
-9.5426 6.7444
9.1303 7.0996
7.7926 9.3475
4.6198 -1.8829
-4.7167 10.1178
6.2854 -1.9123
-9.3143 -9.5125
-1.6425 10.2070
8.4317 6.4962
7.0521 8.7618
5.0549 6.8507
7.9124 -1.8530
8.2938 -9.5014
12.2288 8.7290
10.4882 -4.5355
8.0203 8.0283
10.8906 8.4194
10.0828 -1.3983
8.6049 7.1353
6.8680 -1.6355
-1.6533 6.0413
6.5761 -2.0861
11.0208 -1.5300
-1.8239 7.2521
-1.6021 -4.6323
-9.6053 8.7939
10.1464 -9.6765
4.0059 -1.8168
-1.7205 8.9715
14.5264 -4.7769
-2.1320 7.4223
1.8810 8.8753
8.5130 5.0281
7.0255 5.5864
4.8552 2.4700
9.3403 8.3521
-2.0063 6.9294
7.9015 -1.4364
7.9659 -1.8548
-1.5020 7.2957
8.8470 10.4154
7.7605 6.4997
6.3186 7.4742
8.4997 8.8017
6.9310 7.0767
-1.4028 4.6959
7.0252 -1.5875
7.2367 7.8241
8.4825 2.5510
7.0300 7.5903
1.0407 6.2797
8.9679 -4.3184
8.1317 5.6444
-1.7786 3.9362
6.4127 7.0459
8.4235 6.9763
8.3743 -1.8542
3.5271 6.3966
-4.4514 10.4633
5.2701 8.8393
5.6373 -0.3244
6.9603 4.8460
8.6605 -1.6593
8.5329 8.3088
11.8016 6.2412
8.6126 11.2564
-1.6216 6.8012
-1.2040 -4.3386
-1.2542 -9.4092
-1.2522 7.7192
-1.3948 10.2104
5.1778 7.7348
-1.5397 -1.5027
8.2881 6.6413
6.0025 6.3655
2.4083 5.0489
-1.2048 12.7035
9.9788 -0.9346
7.1735 3.0849
-1.5833 7.3316
-4.3806 -2.1868
-4.3591 6.8550
9.6703 9.9269
7.7700 -4.5203
2.9258 -1.8052
-9.5651 4.7180
12.9362 -9.6861
8.5319 -1.9030
6.8794 3.2325
4.9180 9.3918
4.4272 -4.4612
8.9162 9.6388
11.5748 8.1191
8.2452 5.0329
-9.5979 7.6141
5.3569 5.6503
7.2269 -9.5894
4.1525 -4.6892
-2.0069 9.9549
-1.6102 6.3044
7.1573 7.6719
7.0942 -1.9658
12.9438 6.3682
4.3200 10.4875
9.4229 -9.7567
7.6933 8.3223
8.5092 7.8658
7.9094 3.8895
6.1067 -1.7548
5.8467 6.6901
11.2027 -1.4798
8.0416 6.1997
-1.6480 -1.5385
6.6926 4.6864
7.5737 7.8369
9.5227 -1.8399
1.8150 -2.1854
7.6896 9.8942
5.9201 7.0147
-9.6145 -4.5236
6.3876 -4.6338
5.0542 -1.6276
5.4285 9.6032
6.8308 7.5025
5.5192 8.3010
3.9431 9.1570
-4.5275 4.2162
6.3172 -2.0713
8.4437 6.1822
7.1857 -9.2939
10.5218 7.0505
7.1471 3.7608
-9.5579 9.4793
7.4374 2.7538
6.8549 4.3087
8.9295 -1.4460
-1.7497 -4.3481
-9.6351 -1.5696
-1.5887 -2.1806
6.2798 6.0556
-2.3075 -4.5272
-4.5395 -1.6350
6.6423 7.8976
-1.9076 8.6948
-4.7484 -1.6498
7.6978 5.2400
9.5264 -1.7159
-9.8058 -4.3184
6.3480 7.4446
-9.6474 7.0465
4.4947 8.7831
9.3224 9.1920
7.5754 3.1818
-1.9658 -1.2437
7.9492 -4.2967
7.6091 6.5121
8.9061 -4.5384
10.6189 8.7078
-4.5040 5.0123
7.7250 -4.3080
6.8118 8.5490
-4.5350 -2.0461
-1.5930 8.4967
9.0715 6.9057
-1.6094 -4.8724
4.9308 4.9208
-1.4422 8.5907
8.7340 8.3501
5.6008 8.5456
3.8362 2.6469
1.9822 -1.4626
-9.4514 -1.7548
1.5404 12.0042
4.5860 7.7869
7.1107 7.5272
6.9622 7.6153
7.7965 6.3119
-9.7125 8.5466
-9.4687 -1.5812
9.1327 9.6558
10.2896 -9.4919
9.9362 8.5225
-9.6208 3.5689
7.3556 -1.4421
10.2487 5.8489
-2.0244 8.2014
4.9104 10.4643
10.0726 -1.7854
7.2995 -9.4239
-1.2912 -1.9262
0.6575 -1.6742
8.1978 -1.7854
5.5611 11.8665
9.0664 -1.7509
8.6835 6.9328
6.8410 -4.1105
-1.1863 6.4212
-1.8803 8.6940
-2.3037 5.3876
5.8909 6.3573
3.1557 10.5467
-9.9219 -1.4663
6.8479 -1.8632
7.9803 -1.9859
5.6709 9.8465
3.8560 7.8261
5.5397 6.6489
8.2986 -1.9290
7.4804 7.2588
-9.7462 -1.1652
6.5663 4.7603
-1.7842 10.4324
3.7501 4.2895
7.4646 7.8404
7.1592 9.2576
-0.9895 5.4653
-4.5787 -4.1979
3.8245 -9.8291
7.1466 -2.6293
8.1339 -1.6075
7.2229 1.7699
8.3803 9.2374
3.7091 8.9162
9.1936 10.3472
5.8318 6.8063
-1.3987 7.8991
-9.5832 11.9486
8.6850 6.9816
-1.2781 6.9121
-9.5158 -9.5227
5.3085 -1.6935
6.9398 5.8046
8.1242 -1.2925
11.5664 -1.4319
9.6875 8.3815
4.3956 3.5666
10.4394 -1.9317
11.2289 -2.3352
8.6731 -1.5339
-1.1564 7.1704
10.9198 6.9299
6.8374 -9.5551
3.7644 5.7794
11.6423 7.5148
-9.7388 8.2446
-9.7874 5.2696
-1.9116 7.1166
4.4933 7.1934
11.4448 9.5328
8.4438 4.7451
-9.7621 7.2915
10.7345 4.7393
6.6833 5.2334
8.7688 -2.1343
7.6902 7.9586
6.7814 4.2133
5.1023 6.4910
7.8816 9.3899
-4.3630 6.7636
-4.5578 -9.5575
6.6673 8.5327
-1.4981 8.6429
4.7893 9.2161
12.3713 5.9726
-9.5861 -2.0891
8.1694 7.5811
8.0999 7.8321
8.7298 -1.7579
-9.4974 10.3992
4.2009 -9.6646
-9.5133 10.6121
10.0575 11.8013
10.8020 -1.7342
5.4751 -4.7855
-1.8558 8.0003
-1.7519 -2.1134
5.8803 -4.6347
7.8072 10.5165
-9.5172 7.5420
-1.6342 6.9322
7.0750 7.4417
4.6093 -4.1690
-9.4214 6.2427
9.1048 11.3692
6.3147 8.4132
1.3674 -9.9119
6.6861 7.5220
7.0070 5.7561
-1.3883 -1.5567
2.5218 4.1174
-4.6808 4.8185
9.1336 9.7268
-9.5544 5.7649
5.0613 -1.5259
-9.3918 6.2139
-4.4067 -1.5752
7.0193 -9.4704
-2.1475 8.8424
7.0034 -9.5132
9.8019 7.3913
-1.5955 -2.4268
-1.4506 4.2243
7.6568 -4.4935
11.9258 6.9403
7.3613 7.7454
-1.6895 8.6621
-9.5636 4.7860
-9.6537 4.4499
4.5174 10.7332
9.8648 2.7684
9.4651 9.6320
8.5592 -0.3382
4.4721 6.7432
-4.5924 5.3004
-1.8299 8.6109
2.6459 -9.4981
6.8983 5.4857
6.6479 9.4046
-1.7804 -1.8711
6.6722 10.3896
-1.2206 5.6776
6.9493 9.0052
8.2849 10.0231
-1.4471 9.9334
-1.7669 5.7168
5.9152 10.6998
-9.6129 8.4524
7.4988 4.9335
4.5820 -9.5054
11.0570 -1.7233
4.3984 -1.6170
8.8963 4.0982
6.3433 7.6908
-4.2471 3.8655
8.4416 -1.4226
7.8835 9.6787
11.9557 6.5834
5.3489 9.3956
-1.6491 6.1996
6.3333 8.1500
-1.7060 6.0567
8.6042 7.0799
-1.9426 -2.0829
8.4383 -1.5296
6.0238 6.8771
9.2893 -1.3649
-9.7156 6.8769
7.3180 8.3300
-1.3591 4.3859
6.7262 -1.6941
-1.7532 5.2565
8.8375 -1.3680
-1.4632 8.9667
-1.1185 5.0897
-2.2335 3.2997
8.8463 8.0019
6.6433 7.8972
5.7997 -4.4510
-1.9069 5.4672
6.9661 5.1853
9.5616 9.4495
8.3352 6.7316
7.0231 5.4591
8.3148 3.8617
7.5326 -4.5501
3.6866 7.2143
-4.4332 4.2473
-4.6306 8.3461
-9.3232 3.0947
2.1321 -1.2550
9.6921 7.5826
4.0109 -2.0510
-2.1278 9.6824
8.8883 7.8928
6.9116 9.3889
7.1568 -1.7009
-1.6475 8.6399
-1.5940 7.0031
5.9054 6.5248
8.8598 9.2063
11.2204 -9.8490
7.8242 7.7042
6.5933 -1.2434
8.9042 -4.2726
4.9541 -1.6486
8.4821 4.3486
7.1776 6.5749
7.7112 -4.8274
-1.8698 10.1425
8.5849 6.2326
6.8358 9.2451
4.9333 8.5782
7.0634 7.1174
-1.8567 5.5857
-9.2918 8.7909
9.1403 8.2207
-1.5385 -2.1922
10.2893 -9.5970
9.0498 8.7551
7.9305 6.3104
7.5433 8.4569
-1.6109 -4.5646
-4.6582 1.7017
4.8980 -9.6234
-2.2624 15.2656
7.5522 -1.9863
4.7778 5.6530
-1.6903 -1.7585
6.7088 -2.0393
-2.3211 -9.2587
-2.2464 -1.8056
4.6379 -1.7509
-1.5124 8.3019
2.2511 7.1649
5.5901 8.8085
5.6255 7.9434
7.3141 -1.6683
6.3309 -1.5271
-2.2694 8.4991
5.7747 -1.4495
-1.7104 -9.5670
-1.7470 8.3697
10.1769 11.1940
7.8189 5.9926
7.5130 -9.6203
7.7523 4.6324
6.5245 -9.5432
-2.1366 -1.7388
-4.5253 3.4734
8.3231 3.5272
8.8595 2.8241
8.4444 -9.6808
4.3134 -4.3770
7.5228 9.2837
9.0967 6.3820
-1.5858 -4.8342
-9.6935 8.9275
4.0474 9.9800
-4.2104 5.8085
-4.6940 -9.5976
6.2301 5.2148
6.1208 7.5398
4.0168 -1.8543
7.9508 7.4329
6.5994 -1.8276
-4.6504 11.0077
-2.0922 4.8747
-1.3000 7.9163
6.3629 9.6183
-1.5359 7.7603
8.0150 8.7458
10.0968 9.8879
9.0999 -1.7803
-2.1830 5.8789
7.6853 -1.0294
-4.4115 -2.0048
9.5979 4.7117
-9.3329 6.2392
-1.4498 7.4438
-1.3206 5.4896
8.0176 7.5984
6.7611 6.5414
3.3106 -9.1667
6.7157 -9.4824
-1.5849 -9.2890
7.7615 10.4216
7.0412 7.8281
7.2669 6.5929
-1.5431 -4.5438
9.5524 -4.5205
5.1912 -1.3972
7.8148 5.0335
-1.3508 8.7447
-2.1447 9.3780
5.7215 4.3895
9.2338 5.2369
6.9618 10.2371
-9.5032 8.0958
5.1973 5.6166
-1.6698 2.5314
6.3726 -2.0460
-9.5266 -1.4694
-1.8888 -9.5103
-1.5103 -9.7981
-9.4738 7.1308
-1.7390 10.8381
8.3984 -1.8865
8.2485 -4.5107
-1.7010 5.4516
-2.1151 6.2071
9.5026 -2.1064
5.1447 -1.3802
3.6100 6.3657
-4.5706 2.7004
8.6253 3.0883
-9.3070 6.2019
0.8213 6.6753
7.3905 6.0052
-9.8586 -4.5818
6.8889 5.7505
13.2666 10.1290
9.8188 -4.6906
-9.7121 -9.7285
6.5332 -9.8043
6.1162 6.9239
8.2520 -1.8108
-9.4377 6.5887
8.4271 6.7576
7.1686 8.9147
5.0869 6.2023
8.3275 8.1362
-9.6436 -4.4390
-1.8605 5.9524
7.4415 -1.4287
4.3400 -1.9861
9.2542 3.6131
9.8400 -4.4589
8.0834 -4.3483
5.4042 -2.0723
6.7338 8.0421
-1.7815 -4.6316
6.6834 10.3243
5.4366 4.5104
-1.3173 3.3093
8.8301 7.2765
3.3601 6.8002
4.3531 6.2263
4.4523 3.3016
4.9664 -1.9531
8.1707 5.5856
6.6329 -1.2344
11.6762 7.3701
10.0494 8.9818
-1.4348 7.8632
6.7315 7.7975
3.6276 8.0463
-4.5156 8.4973
-9.3662 -9.4203
7.8773 4.2162
8.0962 10.2854
6.0741 -1.8977
-1.8659 -1.3484
5.2961 6.7706
6.9795 -1.8288
-9.4956 8.7966
-1.6904 7.7046
7.2897 9.1320
-9.8605 8.7422
6.4643 6.9613
6.5876 -2.4942
-4.6377 10.3365
-1.9035 8.0767
-9.6362 5.4000
8.3137 13.5004
4.8331 -1.7811
8.3268 -2.1683
-4.9357 -1.9583
-9.8244 -1.6005
7.6823 5.0829
-1.6957 -1.8706
6.9978 9.1779
6.5850 -1.6971
-2.0024 -9.7273
-4.4621 7.5596
7.4849 8.0118
5.4849 9.0207
-1.7661 -9.6492
7.1437 6.4845
6.4041 9.3220
-9.4419 -1.0221
-4.0680 8.1608
-1.6263 -4.2641
10.3757 -2.5884
-1.4150 -1.8185
8.2688 8.8371
-1.8648 -4.7034
4.8761 7.8257
-9.5413 -1.6285
4.4164 7.3468
4.6928 3.6184
5.0349 -1.2061
-1.8543 4.7644
5.3537 7.3338
-1.0563 8.2149
9.0725 -1.4929
8.6899 6.2799
5.8544 3.7041
7.4410 10.7087
9.4650 9.2214
6.0359 8.5770
4.2032 -1.8264
-9.4113 -9.5820
2.8275 -1.5521
6.9055 8.5352
-4.3469 -2.5897
12.5618 8.9368
6.6154 10.4847
3.3274 6.8068
-2.5911 6.9079
7.3747 5.5357
-4.6700 -9.6363
6.6601 -9.5143
6.0412 7.3580
9.9620 -9.4373
8.9265 -2.5543
-1.4828 11.7690
8.4182 7.6307
9.2260 8.9038
4.6279 5.7492
6.1970 4.3225
3.4389 -2.8027
5.4690 11.2032
6.4532 4.9830
11.1039 3.8379
-2.3341 4.7128
-9.6511 -9.4160
-4.2740 6.0527
9.5452 10.9934
-1.2159 -4.7592
11.2695 -0.9407
8.2457 8.2175
-1.3375 -1.4746
5.4678 4.3876
11.0127 6.4183
-4.4004 -1.8127
5.9468 7.0121
6.7064 5.4532
-9.3281 -9.5991
4.5158 5.1457
1.4480 2.0453
8.6542 7.1558
9.8561 3.8222
8.7578 10.2798
-9.6224 8.3130
7.0166 7.8115
8.4591 9.7145
9.3845 8.1548
7.8731 5.4462
8.5485 -1.3226
-1.4871 7.1847
-9.4398 11.3734
4.2694 3.4758
7.9774 7.7309
3.2438 -2.0711
10.5689 3.0482
8.1718 -9.5587
7.1603 -1.7692
-1.3788 9.8868
5.8910 -9.2863
3.7985 -1.2550
-1.5495 4.0006
-4.3013 4.4851
6.8138 10.8230
5.3371 7.2893
7.9879 5.8440
7.4451 3.9010
6.5478 7.0050
6.4296 9.3223
9.5194 8.0617
6.9108 -4.5275
4.9025 9.8141
3.5266 -1.7695
9.3224 -0.8426
-1.8363 -1.8253
7.9570 -1.5621
6.1022 -2.1534
-1.5111 -4.7670
5.9627 7.9212
6.5641 10.6017
-1.7961 11.2571
-9.4850 8.1544
9.7204 8.8147
8.9748 6.2167
7.1729 10.4690
7.4167 -4.6281
5.7050 5.1450
6.9863 3.3622
8.0300 -1.3799
-1.5005 6.9279
-1.4707 8.0929
-1.9543 -4.5298
-1.8480 -2.1877
5.9218 9.8127
7.1895 2.2306
-9.7287 7.0599
8.4618 -9.4544
-2.0110 -1.4709
8.5784 -1.8206
-1.6089 -9.8094
-1.9781 3.5437
-9.4329 -4.3572
0.4584 10.5928
-0.9155 6.9653
6.4980 -1.2890
-2.2376 7.3366
-2.2205 11.4476
-9.5554 3.4193
5.0610 -9.4224
7.9013 -1.7202
6.8479 -1.8809
7.4784 -2.2146
7.2132 10.9993
9.6345 -1.7912
5.3048 9.2851
-1.6918 6.3885
-1.6324 -1.7207
-2.1668 -4.6353
8.6670 -1.7467
7.8659 6.0486
7.0689 6.6909
-1.2502 9.4471
6.2158 -9.6000
9.2490 9.4775
4.4957 7.6179
-9.5534 10.0658
4.2447 4.6082
9.7310 6.8778
7.0976 -2.2399
5.2880 5.6253
3.0774 8.5099
-1.3882 5.6413
5.0373 6.4991
7.7069 6.3122
-1.6015 9.2268
8.3839 -1.3729
1.7267 9.4142
9.9933 -4.5454
11.7977 3.8344
5.7898 -1.3199
-4.2318 -9.7153
-1.4097 6.3412
8.1575 -1.5678
8.4470 -4.2719
3.2882 7.8414
8.9699 7.5577
3.7587 -1.8998
-1.4045 3.4391
-4.3608 -2.0480
-1.5452 -1.7128
6.6782 7.0137
-4.7711 9.4206
9.3680 6.1716
7.8553 4.4882
-1.1881 4.6302
-1.6404 5.6422
7.5921 7.8097
8.1524 -9.5755
-1.5126 7.9820
6.2497 -1.8467
-1.7856 -9.8539
-1.3776 5.1708
7.8763 7.8940
7.5942 -1.4963
6.8542 -9.6789
-1.4001 7.9690
7.2328 6.2948
7.1397 12.2755
-4.4366 -9.6913
10.2255 -1.2063
9.0215 6.3788
8.1400 6.4997
3.3829 -2.0189
-1.8825 5.0797
-0.7088 -9.6433
3.0944 5.6886
4.8170 -1.6660
8.0721 4.7957
7.9910 6.3774
-1.3672 -1.0553
-9.6683 7.3047
10.1225 5.8948
9.2265 -9.3206
9.5338 -1.5095
-1.7467 7.9381
8.2148 7.3711
-9.6836 -4.4804
5.7288 -1.4624
-1.5434 8.5534
-1.0940 -1.5325
9.1493 -1.6442
6.8870 9.2922
8.7345 5.3168
10.3072 -9.4749
9.0890 -4.3284
4.0245 5.8770
9.1113 5.6908
-9.4085 8.8646
-1.4234 5.9994
-2.2448 -9.5219
5.1725 9.7086
-4.6854 7.3014
7.4480 4.0171
-1.7334 8.5511
3.3824 6.0995
7.8319 -1.8180
-2.0767 8.1108
6.0071 7.5695
9.5779 -4.3249
9.0260 7.3438
8.4472 6.5934
-1.1192 8.3271
-1.5615 6.8459
7.6500 10.8323
-2.7287 7.3526
5.5727 8.0976
6.3407 5.2061
8.6404 -1.6751
7.7470 8.7676
-9.5118 6.1048
10.2577 -4.2690
2.7297 7.6373
-1.6969 7.2590
-1.5672 6.0254
-1.4949 6.1185
9.8889 -4.1256
8.8209 7.1349
6.1843 8.1221
-1.7138 8.7376
7.2709 -2.1001
9.5797 2.6703
4.7677 -2.0479
-9.6213 6.4181
9.2243 7.4349
-1.2244 9.2912
9.5936 1.6888
6.1769 10.0183
-9.7482 -2.1891
-1.7873 -9.3850
-1.3409 -1.8216
-1.1356 11.9503
7.8755 -4.3991
6.5086 10.2301
-1.9029 6.2121
5.7813 -1.4064
3.0000 8.1825
9.7414 -4.5974
10.7650 5.7988
4.0614 7.9151
8.1223 7.0175
5.6745 7.7639
10.8479 6.2957
7.2686 7.4423
-2.0064 -4.1692
10.3544 7.5768
-9.5507 8.8017
11.4357 6.1976
9.5795 7.2110
12.6955 -1.2136
-1.9404 3.1383
-1.0298 5.5369
3.4936 8.8042
10.2073 -1.9252
7.2010 6.3812
8.3088 6.5542
7.9195 -4.4842
-1.9170 -1.2191
6.4667 7.3144
7.1381 -9.4568
7.7700 8.6798
6.9637 5.2467
9.5392 -1.2677
4.8587 7.5365
8.4108 -1.8413
8.6064 -1.6332
-1.7782 -9.5580
8.2163 6.0656
8.6420 -1.5941
7.2136 -9.5936
10.6490 8.5048
12.3290 -9.6014
10.1636 8.2325
8.2456 4.5541
10.5995 -9.2934
3.7635 -2.2831
4.5657 9.2123
11.6277 9.1640
6.7385 8.8316
6.4076 8.2826
10.9924 7.2088
2.6940 8.1530
-1.7687 -1.4206
-4.2035 6.3125
-1.7315 4.0502
9.4879 8.8058
-1.5491 9.2199
-4.2463 7.1311
-1.0680 4.5165
7.4512 -1.9406
3.5565 4.3227
-1.7340 -9.6241
-4.4724 8.9260
-1.8688 5.9931
7.4420 7.7206
-4.4206 5.6068
6.0105 6.1160
11.0599 8.6294
6.7925 8.2502
-9.6516 6.6640
-2.1017 8.4207
2.5936 6.5180
-1.1823 -9.5775
4.8137 -9.6207
6.9245 6.9338
-2.0037 -1.3960
-1.7302 9.0183
5.9302 -9.6391
-9.5917 10.7641
-1.4858 9.2137
-9.9149 -4.6777
0.7779 -2.3048
6.3597 6.2858
3.1589 -1.6144
-1.7220 9.6510
5.7952 10.4389
6.7639 5.6982
6.6670 6.3357
8.9358 4.9329
9.5202 6.9541
-1.6761 -1.6556
9.3960 8.9159
9.0627 5.1526
7.4020 -9.2645
4.4158 7.7478
6.5962 9.9458
5.7766 10.1889
-1.9593 6.4141
7.5017 9.8687
10.4357 10.1350
-1.8401 8.1191
-1.9193 9.5991
11.9319 9.0854
6.8928 11.8260
10.6967 -1.6340
-9.6951 -4.8063
8.1297 -9.6355
4.3026 -1.3911
-2.0651 -1.7135
8.0195 9.1658
5.8709 4.9140
11.0054 -4.6013
6.9725 7.4036
-4.5999 10.6399
8.8118 9.3902
-1.7799 6.9045
10.7033 -9.7373
5.8729 9.3194
9.6187 -1.6879
3.6501 -4.3179
-9.5686 -1.4502
0.8589 6.9652
4.8989 8.1416
4.3366 8.7254
2.7625 8.5055
6.5581 -1.4063
8.7073 -4.4921
3.8650 7.3436
-4.3586 6.7982
4.2481 -1.7549
7.2879 8.8188
7.5885 -9.4255
7.8750 -9.8342
8.9310 -1.3184
7.2521 8.0540
-1.5018 4.7232
6.5240 7.4305
6.7935 8.2115
11.0904 7.6029
8.4616 4.2980
5.5369 6.9301
-9.6139 -1.3146
7.2932 -4.3810
6.9504 3.4046
8.5242 7.3380
-1.6834 10.0822
8.7023 5.3951
7.4801 7.1856
1.1665 10.2900
8.9655 -0.8737
-2.5847 9.0510
8.8293 8.7239
10.7646 -1.7933
8.8406 10.7310
8.9532 11.3371
4.5646 7.2050
7.9538 -1.9305
-4.3613 8.3156
5.0228 8.6176
5.9390 -1.4460
4.1108 -9.3661
9.0006 -1.9871
10.3064 7.9391
9.2190 2.6405
-1.7869 7.6960
8.4759 -1.5047
9.4719 6.3169
5.8187 7.6463
12.3619 1.7368
12.4571 5.0925
4.4776 8.3443
-1.8618 6.2084
8.5040 6.0475
4.2442 -9.5722
-1.6328 4.3836
7.1277 -4.5998
6.5239 -1.1869
5.3986 8.9820
8.2197 9.3178
4.8412 -1.3166
8.2842 8.7668
-1.8314 5.4844
6.5509 9.3222
7.0342 -9.5379
-2.0328 7.3588
-9.8395 -9.5660
-4.4721 10.0798
-9.5303 -9.9418
6.9132 7.9103
-4.6011 6.2685
7.4251 6.1970
-9.6131 8.7545
8.5187 9.7733
4.8444 9.8766
8.2303 -9.7796
10.5521 6.7878
3.3163 8.4669
4.1668 3.3813
10.7093 8.3237
-9.6017 -9.8109
-1.4873 9.0563
7.0046 9.7802
10.6800 0.4351
10.0975 -1.4864
5.4084 7.2170
8.6503 -9.6384
6.9963 -1.3105
-9.5880 -1.3893
-4.3963 4.6567
10.1756 -1.9964
9.0723 8.3438
-1.8714 4.7649
-1.7960 9.2931
9.7785 -9.5496
8.1043 6.1866
6.6485 -4.2900
11.1961 -1.7439
9.8279 6.5328
8.2513 -4.8145
11.6498 8.5421
4.4123 11.4336
5.6270 6.2016
6.0016 10.4522
8.5994 4.2408
-1.6506 6.5283
8.4585 5.7229
-9.6619 -4.6184
8.2676 5.8040
-9.6452 9.5714
1.6472 3.5911
7.0495 -2.0118
4.9172 10.3424
7.9306 7.5944
10.1724 7.9532
-9.6035 -1.5474
6.8615 11.3447
8.2435 9.0634
5.4928 -1.9934
5.5543 -2.0829
8.6971 3.6879
9.9227 -1.9666
-2.0746 -4.4345
8.9841 7.1728
-9.5508 8.1557
9.7176 6.7071
11.2463 4.5424
7.3399 -2.3507
3.4423 -1.3874
9.2599 6.9595
-1.5466 -4.3595
9.2253 7.3446
10.9528 7.1209
8.1937 4.3673
7.9822 7.5447
8.3196 -9.5174
7.8489 7.7285
8.0972 -9.5508
-4.6417 9.8498
-1.7865 8.4006
-2.2792 -2.0991
-9.6586 -1.9356
-9.4456 8.0190
1.0621 9.5719
4.3270 8.5496
7.7724 6.8392
8.5816 7.8381
6.6816 4.9787
-2.1125 2.4260
0.2270 -1.6163
4.8513 2.3521
8.2712 -9.6220
8.2414 -4.2033
7.6417 -1.8716
-9.4719 7.8589
7.5466 7.1414
7.7498 7.3902
-1.7231 3.0293
-4.7367 -9.5755
