5
2.8355 -1.1799
7.6309 7.6353
-0.3347 7.6423
5.5094 5.5916
8.0311 6.4310
5.9550 7.6287
7.6243 7.6535
8.9352 5.5990
-1.3243 -1.4367
-1.4565 7.7956
8.1453 4.6563
8.7580 7.6335
8.5382 7.9206
-1.8583 6.4009
7.5639 4.6513
8.2029 8.6118
7.6268 2.2185
5.2348 7.6322
5.8503 7.6528
7.7052 -1.5095
-1.3117 7.8229
6.3905 8.0847
5.2735 8.1138
7.6495 7.6343
0.1513 5.8958
3.4976 -1.2271
7.3261 5.0516
5.4851 3.8516
-1.5625 3.7839
8.4650 6.1499
0.3271 6.7668
8.2676 8.7312
7.9777 8.1652
5.4990 7.6554
8.6561 7.8526
7.6319 -2.0690
4.6127 7.6254
7.6327 8.4783
7.6455 5.3533
7.6310 8.3945
8.7436 7.6192
8.1165 7.6590
7.2960 -1.2117
7.2689 7.6437
7.6290 -0.7815
5.3830 5.4274
8.4236 6.5689
7.5966 5.4226
4.8813 7.6267
5.6168 7.6344
8.2121 7.6191
4.6655 -0.4373
-1.9998 8.7036
7.9405 7.6268
3.7086 7.4098
4.3575 7.6359
8.1953 8.1252
7.6362 7.6403
8.2294 -0.8670
4.1980 8.0607
7.3760 8.5243
4.9170 -0.7328
7.6321 5.0159
7.6222 5.1910
-2.1105 7.6407
4.6311 7.6230
5.4638 -1.1395
9.1329 8.2765
8.1786 7.6458
6.4512 5.0420
2.7423 7.6483
9.4389 7.6438
-0.9968 7.6410
3.6051 7.6589
4.5132 8.5640
7.6298 -1.8423
8.6439 -0.1381
6.7456 7.8598
5.0259 7.6362
7.7781 8.6207
5.5913 7.6394
7.8555 7.6347
7.6502 7.6488
8.6830 7.5812
7.9065 6.7932
7.7919 4.5740
6.0858 -1.2964
7.6341 -0.5357
-0.8811 7.6269
7.5741 7.6446
6.4784 8.0680
7.6451 8.9408
7.6526 7.6378
8.7301 6.0129
-1.5601 -0.7341
7.6381 2.5168
-0.5384 1.5846
-1.0603 6.9956
3.8326 -2.0492
-1.2021 8.5292
-1.1985 7.6119
-0.8336 8.4245
7.8627 -1.0899
5.6026 7.6252
8.7097 7.6238
8.9581 7.6309
9.0427 -1.1761
7.6440 6.2451
4.2473 4.4533
5.1184 8.4021
2.7073 5.8211
7.6233 -0.9344
6.2678 7.6422
5.2912 7.6260
3.4649 7.6366
-0.9053 5.1975
-0.7617 8.2239
7.6220 3.8773
4.0753 2.3657
4.8524 8.7578
8.0182 -0.9240
7.6399 7.6150
8.3639 3.6700
9.3949 7.6342
7.6325 8.3445
7.4151 7.6375
7.6530 -2.2394
7.6363 7.6326
6.9962 5.9140
8.0836 8.8551
9.2846 4.0939
7.6357 6.3130
7.5569 8.5969
7.6643 7.6138
-1.6386 7.4124
2.3048 7.6208
7.6403 8.6394
8.6740 7.6360
8.2944 7.6378
-1.3026 9.4312
4.9056 7.6512
7.6464 7.4036
8.3895 7.6329
8.0537 5.6326
6.1660 7.6410
7.6309 8.2431
7.6425 7.5736
-0.1955 8.3070
7.6445 8.1892
8.1710 5.1452
4.8172 8.7524
-0.6691 7.6500
7.6383 5.6714
7.6383 8.4245
8.5767 -1.6385
8.4778 7.3864
3.5806 7.6322
7.6522 7.0130
7.9892 7.6497
-1.1205 -1.5189
-1.4398 8.1220
-1.0903 7.6601
6.4943 7.7551
9.2942 7.9791
8.6581 4.2453
7.6287 4.7964
8.3491 7.6254
-1.2317 -1.0370
6.6557 -1.1335
8.3845 -1.8222
3.1203 -0.7300
6.9351 -0.7853
7.6376 -1.5068
6.7416 2.4999
7.6466 8.8125
6.0225 8.6554
7.0615 6.2595
-0.9239 7.6399
7.2863 7.6144
-1.3110 3.4820
8.4942 4.9269
7.6409 6.7281
7.6515 7.6312
7.1134 8.0223
7.6819 8.6589
7.6319 5.2390
7.6279 -0.5359
7.6181 8.0969
-1.1052 7.8228
8.4495 -0.6663
6.7701 8.3621
5.5472 8.3532
7.6426 7.6636
8.4044 -1.3810
7.6352 9.0525
8.5043 7.6274
7.6063 4.3480
7.6969 8.3321
5.2817 7.6261
-1.5944 7.9259
8.8223 1.9572
7.6294 5.5884
4.8585 8.6324
8.8929 -1.4716
-2.4634 -0.4386
9.2241 7.5873
4.9101 7.6310
-1.7613 8.7360
7.6432 7.9343
7.6494 8.1830
6.4127 -1.5825
8.8293 -1.9770
7.6263 2.8473
7.7203 -1.3664
7.8932 -1.8479
7.6480 7.6210
3.5048 5.8211
-1.2356 7.4071
-0.8448 7.8562
8.6001 8.2491
-1.1429 8.0952
7.7710 2.4758
4.7789 -1.7418
8.3094 -1.5122
-0.7533 7.6445
8.3025 7.6503
7.4493 7.6352
2.4661 5.2822
4.6646 8.3795
7.9665 8.5409
-0.3489 7.6352
8.2610 -2.1639
7.6363 -1.9890
1.1654 6.1256
5.4544 -1.0087
5.5219 7.7193
8.4876 7.6653
2.4198 8.0284
7.3859 6.6304
9.0850 -2.1540
7.6478 8.5686
7.7988 5.7160
7.8902 9.2242
5.9488 7.6287
7.6439 8.8052
7.6263 9.1383
8.2379 7.9378
7.6220 8.2691
8.3729 7.6501
7.6310 8.1069
-1.3479 9.0331
-0.5483 3.5021
-0.9376 -1.3357
7.9424 7.6506
4.2933 6.8283
7.8689 8.2541
9.0782 5.8625
-1.3036 -0.4269
6.9621 -2.5792
-1.0288 5.4164
8.7724 7.6266
7.6270 7.5082
7.6382 7.6361
4.4208 8.2152
7.7739 -1.1426
7.6379 7.6402
7.5687 7.3481
6.4061 5.4108
3.8339 9.1842
7.6407 7.6512
7.6507 7.6440
7.6341 7.7618
7.6273 7.6417
5.1965 8.0175
7.7840 7.4056
7.6447 8.2387
7.6321 -1.1499
7.5256 7.6513
7.9701 8.3325
7.6397 -1.1106
3.6901 4.2470
3.7970 8.8905
8.3568 7.6332
-1.0762 -0.9663
7.6545 -1.1016
7.5970 8.7420
7.8741 5.2787
7.2010 7.6471
-0.6309 -0.8826
7.6430 7.6574
2.5502 -1.8762
5.6592 5.2224
-0.4075 -0.7347
5.9897 -2.2841
0.5147 -1.8540
7.5159 7.6685
7.6123 5.1666
7.9179 -0.9203
8.1857 8.0439
9.1420 8.1109
7.6203 8.3453
7.6491 -1.8822
6.4681 7.6469
7.4330 7.6349
6.0468 7.9721
8.7919 0.5843
8.7836 7.6550
9.2369 5.7357
-1.1355 5.3356
6.2264 8.3989
8.0956 8.3142
-0.7479 7.3498
8.4676 7.6415
7.6361 5.8870
7.6475 9.4469
9.7289 8.5280
5.6692 4.7303
-0.8285 7.8544
7.8650 -0.8462
8.9227 4.6715
5.7113 6.0832
-1.3073 7.9882
7.6394 6.9279
7.6212 3.1794
8.0863 7.6422
7.6477 7.9729
7.6395 -1.5052
5.0737 5.3886
7.6330 8.5586
6.3621 7.6337
7.9638 7.6275
-0.2089 -1.6698
5.8808 7.6389
7.6286 8.5991
8.3966 7.1845
7.6421 7.6329
7.6320 3.5471
4.0613 8.4504
7.6392 8.4927
8.2115 2.3560
7.4378 4.2722
-0.1725 7.6374
6.4460 7.6234
8.8900 6.0767
8.3989 6.2672
7.4977 7.3006
7.6413 8.7558
7.6376 8.9391
8.1494 -2.1343
8.7359 7.6373
7.7096 5.8529
7.9700 -0.9063
3.2139 8.1773
-1.3700 3.9394
-1.0499 8.1974
7.7982 8.0154
7.7039 7.6300
5.5865 7.1395
7.6366 1.9913
8.3619 5.8645
7.6566 8.0196
7.6283 8.3270
-1.5706 8.2851
-0.8011 7.6176
6.0742 6.7247
-1.7976 8.2557
-1.3880 4.4596
8.5332 7.6246
7.6314 7.8701
7.6275 7.9791
7.6467 5.1414
7.6434 8.3240
5.4053 -4.7436
5.4609 7.6417
5.0993 6.1406
2.9216 7.6382
9.4457 -1.2812
9.0128 -0.7333
8.1097 -1.1982
7.8555 8.2447
7.6379 7.9543
7.6379 5.6698
8.5118 8.7358
9.2103 -2.3708
7.6533 8.2452
8.9309 7.6426
7.5689 7.6438
7.6223 0.1283
-1.5349 7.6268
9.7077 2.3138
-0.3745 7.6343
8.3015 8.2225
7.6277 4.8694
7.6260 5.1240
8.0988 7.9396
7.6631 6.3885
3.1593 7.6284
7.6409 5.3433
-0.9435 4.2123
8.2936 -1.4355
7.6334 8.6143
-0.3427 7.6316
7.0829 4.2893
8.9973 7.6317
8.7138 -0.1963
-0.3191 7.6465
8.5314 6.1846
5.9551 7.6220
7.6315 -1.6874
8.1471 7.6232
8.1614 5.0852
7.5805 -1.5968
7.6483 -1.7283
4.6144 7.6372
8.5921 7.6485
3.9460 2.6530
-1.4513 7.6524
7.6150 7.7711
4.1113 8.0035
2.7455 3.8294
8.3554 6.2587
6.0502 4.4189
7.9002 5.4195
7.6391 -1.2133
8.9906 8.0949
7.6549 7.6193
-1.8202 7.6288
7.5086 3.4691
7.6282 8.9377
6.3390 8.9866
8.5083 8.3391
5.0059 5.1369
8.7803 0.4693
0.2951 -1.7481
4.1772 5.8668
7.6492 7.6212
7.6320 8.2302
7.3907 8.7779
8.3880 6.0269
7.6501 7.6366
-0.9527 5.0238
7.6242 7.6940
7.9325 7.4704
8.2091 4.3016
0.1250 8.3615
7.6379 7.6366
5.2868 5.1173
8.3428 7.6576
-0.7608 -1.6061
7.6336 7.6420
-0.7378 7.6257
3.2707 7.6224
-1.2367 8.0802
-1.2613 -1.5072
7.9633 -1.7641
7.6407 7.6645
-0.6587 2.0789
3.2774 5.3364
7.3264 8.5221
7.0050 -1.0637
7.8521 7.6564
0.9270 7.6398
7.5742 7.6184
3.4072 -0.6882
6.5327 8.4988
7.6236 4.7021
7.6239 -1.3507
1.0353 -1.0197
-1.5277 8.6360
8.5895 -0.5799
7.6348 -1.0682
7.6389 4.9833
7.9332 7.6192
5.0519 8.0227
8.3503 0.2694
6.0970 4.8019
-1.4399 -1.0097
9.4713 4.5075
7.7907 6.1734
5.8216 -1.4789
7.6371 0.2641
7.6312 7.6241
-1.2869 7.6273
-1.4580 4.9835
8.9958 7.6408
7.6523 4.0484
6.0134 7.6261
-1.1708 7.6306
7.6455 8.7693
5.8188 7.8112
8.2339 -0.5942
8.4572 7.4604
0.2755 7.7240
8.8741 9.8176
7.6409 7.5956
-1.4613 5.4749
2.1105 7.6422
7.3681 6.9933
0.0405 8.6927
-1.4634 7.6187
8.5664 8.4435
4.5191 -0.9645
-1.6584 -0.5958
8.6443 -1.3140
7.6372 8.9263
2.5293 7.2709
7.6321 7.6425
7.6357 8.6656
8.8658 8.4130
7.6304 7.4360
7.1975 5.2152
-1.3072 7.6590
7.6491 7.7673
8.8668 8.4531
8.2778 8.2870
8.6872 -1.0562
-1.6474 8.3280
6.4405 7.6439
7.6478 7.4406
-1.2637 5.7293
8.1714 7.5290
5.9816 7.6393
5.4692 7.6184
8.0921 8.6797
7.6235 8.6530
1.7267 7.6314
7.6507 7.6631
8.6241 8.2161
7.9384 7.8702
8.7579 7.6276
4.4702 7.3159
7.6392 7.6337
7.6256 4.6933
7.6316 4.4187
4.5777 -0.9724
-1.6932 8.8822
-0.6680 8.1996
7.7768 -0.9740
-1.3576 -0.3005
6.5209 8.3049
8.5947 8.2453
7.6429 5.7303
2.0631 7.7866
8.4280 7.8561
7.9601 7.8577
4.3054 7.6388
7.6406 2.3223
7.6542 7.6424
-0.8478 7.0510
8.6325 7.7970
2.6449 9.1588
-1.7470 7.6288
8.7477 8.1450
7.6468 8.5542
-1.9507 7.6497
8.1023 8.6007
-1.0069 7.6462
5.9181 -0.7350
-0.8857 8.3942
7.6397 8.2048
6.4516 8.6149
4.8017 8.8680
7.6222 8.5627
3.5905 7.6315
1.2560 6.0251
8.9134 7.7935
-2.2410 7.6319
4.7043 7.6490
9.1263 -0.8468
8.0503 8.3893
7.6427 7.7985
7.6478 7.6385
9.2127 7.6478
7.5286 8.6157
8.1521 7.4937
-1.1450 9.0603
1.9436 3.7097
8.1014 7.6403
7.6439 8.7839
7.9358 -1.8123
8.3894 7.9289
-1.3208 8.2780
-0.4716 -1.1256
6.1686 -0.3745
-2.1270 6.7636
7.4070 5.3989
7.6461 0.9471
7.6356 3.5274
6.5270 -0.8546
7.6350 -1.3189
9.1636 -1.2535
7.6376 7.6547
7.5733 7.6127
7.6531 -1.4386
8.6083 8.0654
3.1296 4.0097
8.1253 8.9490
8.3354 8.0792
7.6281 6.1935
7.4562 7.6421
-1.2183 7.6413
9.2055 -1.8985
8.3762 7.6388
8.5739 4.1290
-1.1026 7.6271
7.6521 6.3843
8.5274 7.6425
7.6517 8.1180
-1.5430 8.0425
-1.3368 3.3648
-0.8084 6.6113
2.9306 7.6370
-1.8632 7.6449
7.6424 3.6209
7.6356 7.6414
-1.5211 7.6406
4.8216 7.6394
7.6298 -1.3891
7.9024 7.6271
5.6586 9.4180
7.6412 -0.9867
7.6321 8.1257
7.6468 7.0675
7.6382 -1.5693
9.1194 7.6199
9.0277 7.6712
7.6459 7.6407
7.6250 7.2270
7.1477 -2.0991
7.6935 3.9957
7.6289 6.9009
8.9163 7.6414
7.6668 4.9745
2.3383 8.1952
7.6387 6.1540
8.6085 4.5910
-1.3494 7.6552
2.6946 7.6539
7.9445 7.5508
7.6399 8.0685
8.1695 7.6319
-2.0630 -4.1922
8.4222 7.6542
6.7901 4.3904
7.6329 7.8199
3.0823 6.1201
-0.4601 8.1980
3.2897 8.0247
4.7051 8.5958
-0.9633 6.0027
9.2064 7.6306
7.6327 7.6385
5.8954 7.6411
7.2044 6.8061
7.6440 0.2133
5.9411 -0.3354
8.5875 7.6324
7.6553 7.6378
-1.0954 4.8458
7.6553 7.6317
7.6714 5.8905
8.4789 -1.6235
7.6455 -1.7155
7.6354 8.4583
6.5220 7.6143
0.3086 7.6162
8.1633 8.7385
7.6313 6.2468
8.7201 8.4170
4.9282 -0.6393
7.7686 3.9035
-0.4549 8.5297
7.6454 7.7380
9.0717 8.9272
7.8473 7.6273
8.1495 5.7298
0.4952 8.3726
4.4560 7.6534
-2.1278 4.9568
7.6312 5.8737
-1.6951 5.2577
3.9750 3.2079
-1.4888 -1.6380
7.6315 8.0477
8.6181 2.8389
4.7242 7.7072
7.6204 5.8415
7.8998 -0.1750
7.6396 0.6435
7.6424 9.4139
8.3631 7.6406
7.6395 7.6266
8.0993 7.6293
9.4466 4.9344
-0.8895 8.6218
8.4445 3.6903
4.6837 7.5521
2.9531 8.1559
7.6405 8.6797
6.6947 2.4478
6.0520 8.3229
8.5831 -1.6305
8.2131 8.2112
7.6417 8.3969
4.9217 7.6336
6.1473 9.1872
8.7362 4.8337
7.5109 7.9296
5.2449 7.6224
-2.2022 7.6430
7.6253 5.3933
7.9466 -1.7844
-1.7095 9.2780
6.3191 7.9202
5.0031 -1.6403
2.5383 7.6461
6.5366 7.6426
5.7067 -0.4191
7.6425 8.0621
-0.3244 -1.0810
7.6253 -2.5586
-1.2105 -1.8234
0.1275 8.3732
7.5356 3.6147
-1.8867 4.3341
-1.0852 7.6271
4.7139 8.7122
7.5642 8.5525
8.9085 7.6487
8.4546 8.1806
5.7299 7.6351
8.1093 7.9749
8.1801 -1.4597
-1.7426 7.6230
7.6320 7.6403
7.6358 -0.5833
-0.9461 8.4654
4.8752 5.8393
-1.1099 4.2947
7.6162 7.6513
-1.2526 7.6430
8.5351 4.2169
7.6450 7.6263
7.6286 -1.5272
7.6321 5.9908
8.7861 7.8964
1.3019 7.6325
7.6206 8.0592
-0.6737 8.3467
7.6482 -0.1924
-1.1618 9.1824
8.9939 7.6256
7.6357 7.6505
6.3841 8.3219
7.9672 7.6359
6.8057 7.6586
7.6595 7.6205
-0.7450 7.6543
7.6233 7.6230
8.1672 8.2220
5.3090 -2.2232
7.0812 7.6376
2.5341 2.9456
7.0764 7.6317
7.6168 7.6533
5.3614 7.5326
7.3000 -0.1622
6.1659 8.1412
7.6364 4.8940
7.4716 8.0557
8.0002 5.4237
8.3820 5.3465
9.3310 7.6440
7.6311 7.9321
8.4871 7.6391
7.4087 7.6475
-1.3518 8.3291
7.8827 7.6427
-0.7412 -1.2091
7.6132 4.3725
8.2504 7.6499
0.1347 8.1783
-1.5025 -0.3496
7.0462 8.0048
8.2643 8.9290
-0.2618 5.0765
8.5187 9.0308
5.5210 7.6299
8.8662 5.9927
7.6226 7.6444
7.6348 7.4379
8.8057 7.7797
-0.9336 8.1688
-0.4312 5.4361
8.6791 4.5802
7.6292 8.0765
8.3461 5.2726
0.2525 -0.0401
8.8027 8.1846
7.3992 8.8225
4.9102 8.5299
8.6586 5.6534
7.6335 7.6613
7.6316 0.2836
5.5367 8.4282
7.9149 7.6570
8.6182 8.0274
7.6364 6.5530
8.0161 8.1577
7.6332 -1.0021
8.2580 -1.9410
6.7784 5.3732
8.8898 9.3905
4.9956 7.6488
8.2597 8.5433
8.5452 9.0176
7.6265 8.7418
8.9277 7.8445
4.0809 7.6490
8.1597 7.6479
8.1772 5.0160
4.8339 -2.1062
-0.6210 7.6364
8.0099 7.6447
-1.4992 8.5152
7.6423 7.6344
-1.3092 -1.6995
3.2164 7.5727
7.6333 7.6504
3.0736 3.5721
-1.8203 7.6332
4.7741 6.6733
4.0803 8.4369
4.3736 5.7392
8.5267 8.1913
7.9001 8.7234
7.6374 7.6522
8.9685 7.6492
4.3011 -1.9220
8.1924 2.4026
7.6305 7.6377
8.0076 7.6501
-0.7225 8.5917
5.2385 5.7360
7.6409 7.6321
9.3437 -1.7219
-1.3417 5.5940
7.6447 -1.5698
7.6306 -1.3601
3.1690 7.8480
6.6655 8.2699
8.6161 5.1778
1.3942 5.9407
3.3375 5.4750
5.8518 2.1562
7.6430 -1.5903
7.3392 8.6407
7.6516 8.7245
-1.3054 -1.7534
4.6407 7.6432
8.0717 7.6442
-0.8316 8.0371
7.5326 5.2272
0.2100 -1.3864
7.4155 7.6260
8.5137 -0.9515
7.0681 -3.9772
9.0272 7.6505
8.4958 7.6307
-1.5584 7.6248
-1.1081 7.6384
6.5678 3.8723
8.1084 7.6587
7.6301 7.6412
-2.3260 7.6876
-1.0399 7.6221
5.5903 8.6337
0.9439 4.2852
7.6663 2.4604
-2.3423 7.4426
-1.6287 5.7396
2.3756 7.6248
7.6266 7.6389
7.6337 8.8182
8.8246 -0.7836
8.7255 7.6441
4.6488 6.5778
2.1372 7.6498
-1.1633 -1.5638
8.9572 7.7234
-0.8626 7.6346
7.6465 7.8340
8.3658 7.6534
-1.7044 -1.6234
7.6497 5.7958
8.1926 7.6387
7.9429 6.0438
5.3257 -0.6571
3.1705 7.6607
9.4848 8.5573
-0.9133 7.6442
8.3864 7.6324
-1.0452 7.8017
8.1560 7.6333
-1.3109 8.0408
7.9793 7.6390
7.7926 -0.6868
2.9659 8.9724
8.5428 4.1439
5.3494 7.6332
6.7036 7.3498
4.1786 -1.2579
4.8583 5.6605
8.2984 7.6324
-0.5228 6.8173
4.4238 -1.1034
-1.4538 8.1914
7.6272 7.6314
7.5400 8.3092
0.5260 7.6393
8.7554 8.9101
3.9496 4.4533
4.3826 7.0018
3.4854 8.1402
7.4026 -0.6617
8.4827 7.6347
8.2385 3.8281
8.0845 8.6850
7.6455 4.8012
-1.2869 8.5173
8.2153 7.6397
7.6392 7.6694
8.6631 7.6339
8.9597 7.0292
8.1062 7.6632
7.6167 5.7504
7.6354 7.6382
7.7255 7.4959
8.8614 5.1997
8.0179 7.7658
7.6386 7.6323
5.3468 3.4625
-1.1364 6.1056
7.6433 4.6693
2.8237 8.9395
7.6263 3.3552
-1.6480 7.6269
7.4018 8.3111
7.6353 7.6299
7.4429 2.1430
7.6660 7.2544
7.5716 7.9724
9.4301 8.3104
7.6300 8.4699
7.6364 7.6300
7.9636 4.9375
8.0380 6.4643
8.0223 6.4031
7.6429 7.6337
3.7491 8.4690
-0.4816 -1.4542
7.3126 7.6268
9.2428 7.6304
7.6363 9.3944
6.7674 7.6360
6.7217 8.0821
7.6342 -1.8049
-1.7816 7.6453
8.2989 5.9042
7.7949 7.3107
6.5967 8.0056
8.9343 7.6688
-0.8589 -1.6215
8.2288 7.6403
8.0735 5.7465
6.1850 7.6914
-1.1969 7.6506
-0.2684 6.3772
3.6662 7.6422
7.6264 7.6311
7.9135 7.5959
8.9292 7.3546
4.8152 7.3141
4.6315 7.6531
5.0808 8.0678
8.3113 8.6457
7.8436 7.6417
4.7987 8.4466
7.6163 -1.3059
7.6287 8.1742
7.6405 6.1112
7.6519 8.5823
8.9671 4.3213
-1.0066 8.1679
5.8064 7.6313
4.8380 -0.5613
6.2158 7.9258
8.6917 7.6345
7.6466 7.6144
2.9414 4.6708
7.6489 8.1884
7.6456 7.8493
8.2394 7.6437
8.0617 -2.3497
4.0712 8.3408
5.5478 7.6618
4.4072 5.8312
6.9861 7.6336
7.6450 7.7818
-2.0346 7.6280
7.3744 8.5454
8.5229 8.1452
-0.8073 -0.9253
5.8575 5.3863
5.0585 6.7320
7.6312 7.6409
4.2047 7.6081
7.6423 8.2687
-1.6598 -0.2442
5.2408 8.1143
7.6256 -0.5187
9.3387 7.6340
7.8468 7.6242
8.3008 -0.9754
7.6284 7.6415
-1.3938 7.6140
7.6281 4.7231
6.4177 7.6560
7.6246 7.6370
1.0800 8.3666
7.6389 4.2186
8.2954 -1.2517
4.8770 1.2982
8.2962 6.3875
7.6162 8.9531
7.0426 8.5145
7.6188 7.6165
7.6545 8.3412
7.6495 7.9946
-1.6347 8.8279
7.6255 8.2382
3.2700 7.6311
5.7000 7.6381
8.4123 2.7682
2.8543 -0.9362
7.5599 8.4672
5.6000 7.9009
-1.1713 7.6369
5.8907 5.4193
7.4431 8.0206
8.4986 7.9887
-1.2670 4.4556
7.6441 7.9877
7.6433 7.6445
7.6321 -0.7221
3.9867 9.2413
8.4787 8.5843
8.5758 8.2717
7.6432 7.6457
7.6350 7.6366
3.9955 3.0659
7.4114 5.5453
7.6410 7.6339
7.6443 7.6521
-0.5174 -1.0240
9.2965 8.5142
7.6503 3.9082
2.3088 2.3647
7.6510 -0.0885
7.7162 8.5935
0.4141 8.0467
-0.9685 8.2326
-1.8840 8.2303
7.6414 -0.7294
8.0463 8.3766
7.6303 7.0467
7.5723 7.6651
4.7806 7.6532
8.8208 9.1494
5.3938 2.9453
6.0859 8.6268
6.5280 4.5633
-0.9992 7.9752
8.5062 8.1438
7.6367 5.1839
5.1330 8.0569
7.6088 7.6364
7.8827 7.6408
8.3902 -0.9531
-0.9512 -0.9370
8.8575 2.5462
8.0113 7.6177
-1.1810 7.6464
7.6610 8.0316
-1.5782 -0.5144
-1.1288 -2.3880
-0.7360 6.3175
7.6550 7.3148
7.6522 -0.5429
7.6395 7.6318
-1.0577 5.9752
6.8065 7.6453
7.6365 8.3981
3.6966 6.6458
4.7580 8.7287
5.1005 7.6506
5.1448 9.1178
7.6413 5.3960
4.5212 7.6225
7.6381 7.6502
-1.0115 5.3245
8.9089 7.6230
7.3191 8.0750
7.6295 8.5455
0.7064 8.9116
8.5865 7.6251
8.4263 7.6279
7.7932 4.6936
7.6496 8.8248
5.4612 7.6462
8.2559 6.0028
-1.9147 8.0692
8.2072 7.6445
-1.3183 7.6547
4.0984 7.6442
7.6376 8.2872
8.1432 -0.8253
7.4486 8.2466
7.8310 4.3313
7.6422 9.1441
-2.1170 7.6470
7.6428 9.5927
7.8521 5.0488
4.8632 8.2220
7.1193 7.7635
7.6480 7.6517
8.0739 7.4949
4.4981 -1.5014
8.6066 6.5658
7.2032 -1.0891
7.9371 7.1214
7.7179 5.7271
7.6323 5.9924
5.3190 8.4195
7.6333 5.3415
7.7337 7.6600
-1.2836 7.6406
7.8384 -1.7271
7.6232 8.0718
7.6706 7.6409
-1.5474 4.9839
7.6202 -1.9656
8.2565 -0.7300
7.6398 -0.8736
8.3726 0.1591
7.6342 8.6571
-1.3403 8.8252
5.7364 8.1985
3.6964 6.7764
7.9103 9.3509
8.7451 -1.0356
6.1795 -1.0299
-1.8402 8.5235
8.1732 7.6181
8.2069 8.5485
1.8927 3.2818
7.7759 4.8678
8.8624 7.8661
8.5374 8.4528
7.9458 7.6380
8.2968 8.1778
8.2620 7.5052
5.9287 4.0028
7.6302 7.6373
-1.8075 7.5569
9.0203 5.3367
8.9622 -1.8969
-1.7496 7.6229
4.3726 8.0962
7.6349 -1.2561
4.5151 7.6349
7.6594 7.1482
-2.1797 8.2194
7.9419 7.8682
-1.2743 7.6422
-1.9696 5.3470
7.6319 8.3802
7.6165 6.2058
5.8616 6.2476
4.5067 -1.6006
7.6389 -1.9579
8.5023 -1.3201
7.6305 -0.4520
-1.8333 5.9303
8.3308 8.9972
2.7875 7.6368
4.5818 7.6346
7.6311 7.6297
7.7944 -1.7529
7.6294 8.5050
7.6410 7.6529
4.9664 4.7521
7.6611 -0.8137
7.6351 7.6426
6.7563 7.6281
7.6399 7.6383
7.6303 9.0963
7.6323 3.8046
7.7899 7.6549
9.7459 7.1015
8.5164 8.5260
9.0718 7.6500
7.6289 5.5349
5.7979 7.6375
4.5002 9.3722
8.2116 -0.5989
4.9944 1.9964
3.3167 -1.6878
8.0360 -1.8879
8.6634 7.6306
7.7181 8.4440
7.6236 7.6136
7.7727 0.0443
8.7306 7.0751
9.0756 7.6461
0.4258 -0.4247
5.8969 5.0359
7.6203 8.8582
7.6395 8.1042
3.9374 4.5446
7.7565 9.7072
4.4490 5.6565
7.6365 7.6333
6.0682 8.3209
5.2559 4.2659
8.8653 7.4877
7.6640 5.2351
7.6447 8.8744
7.6349 3.9728
7.0346 5.1906
7.6248 9.1254
7.9555 2.3003
-0.6995 1.1831
-1.5528 6.3771
8.4932 8.8764
4.4833 7.6325
7.6650 4.4488
8.4807 8.2424
7.6511 8.2617
7.6300 7.6109
7.6284 -1.5503
4.3326 7.6278
0.1448 8.4422
6.5676 1.5762
8.6836 8.0322
7.6928 8.1293
-1.1270 7.6348
6.2876 4.6677
4.9960 7.6236
6.1522 1.1672
3.7311 8.4414
7.6392 7.6397
1.0363 8.0548
7.6509 7.6498
-2.2108 -0.1697
6.3663 7.6449
7.6391 6.5714
0.5234 8.1563
-2.0732 1.1854
7.6511 7.8774
8.6031 -0.8044
8.7091 8.8876
-1.4154 8.4273
3.1941 6.1418
7.6281 8.4530
4.9565 7.8524
5.3260 8.4477
7.6473 8.4859
5.9189 7.6389
-1.4534 6.8276
7.6505 4.0799
8.8243 5.6540
-2.1616 7.6133
7.7986 4.0517
7.6632 7.6312
8.0130 9.1029
8.5115 -1.3097
7.6308 7.8519
6.6806 7.6420
7.6395 3.6040
5.1473 7.6217
8.1586 8.6841
7.6411 1.1870
7.6387 7.6225
5.1598 -1.0917
7.6389 8.4217
-1.0197 0.0167
7.7572 7.6480
5.3773 -0.4874
7.6393 7.6472
7.6351 7.2719
-2.8214 5.5758
8.1145 8.5432
-1.2096 2.1569
6.6467 -1.3018
1.1983 4.0020
-1.3130 9.0526
8.9146 8.8776
-1.2579 7.6458
-0.3235 8.3870
-0.8503 8.5618
8.8638 7.6144
8.9329 5.4803
8.6348 7.6331
6.8665 5.3599
7.8172 7.0241
8.6495 5.6746
7.3924 -0.9507
8.3753 7.6557
0.3882 4.2206
6.1552 8.5380
8.3139 6.8277
4.4507 7.0450
7.5911 5.4178
7.6215 1.4339
6.1056 7.6192
7.7105 -1.0260
2.6791 2.1916
2.0501 3.5160
0.5100 4.4789
6.8922 8.0759
6.3538 9.1981
5.7918 7.6349
7.6388 -0.5443
6.5895 6.4686
-1.3329 7.6475
7.6474 5.9056
8.6173 8.8286
-1.4650 8.7378
8.3088 7.6210
8.8221 7.6437
4.7086 6.7926
-1.1718 7.6474
7.4639 -0.3886
-1.4454 7.6264
4.8915 3.7267
-0.4660 6.9197
1.3754 -0.8419
-1.7645 8.9001
7.6543 -0.5204
8.0913 7.9162
8.1048 7.6426
5.1871 8.1681
7.8000 7.6247
-1.7275 5.8669
8.7633 8.4068
7.6594 5.4037
4.9806 -2.7055
-1.0509 7.7566
8.2995 5.1089
8.4360 8.6559
5.6092 7.6413
7.6265 7.6243
9.6510 8.0047
8.2224 7.6505
7.6418 7.9288
5.1341 7.6450
8.6208 7.5881
7.6326 8.5716
8.2343 7.7052
-1.0700 -0.4548
2.2456 4.2493
7.6252 5.8693
7.2460 -0.7506
-0.4843 4.6381
8.1944 7.6311
7.6262 -1.5657
5.4650 8.0870
-1.6496 7.6383
7.7816 5.3542
7.6332 8.9902
4.8350 7.6679
7.6326 7.8892
5.6731 6.5874
7.2289 9.0457
0.4589 7.2613
5.7911 7.1516
7.6464 4.3452
8.7869 5.5026
7.6338 4.5272
4.5997 7.6271
7.6332 6.1857
8.6457 5.3444
8.2137 7.6318
7.6287 -1.4478
7.6337 8.3247
8.2338 7.6410
4.9839 -1.7808
7.4709 7.6312
7.6488 -2.7855
5.5575 -1.1800
7.8538 7.6352
7.7861 -1.4981
7.6457 -0.0077
8.3282 8.8099
7.6270 7.6294
7.8499 9.0505
5.2819 6.5202
-0.5390 5.1048
8.6739 7.5433
7.6214 5.6145
8.7201 7.6330
8.2100 8.7519
5.1632 7.6365
-1.8349 8.8467
3.8801 7.4009
8.6434 -1.8631
-0.5410 7.6482
7.6366 1.9010
4.9270 -1.6817
8.1991 8.5059
7.6240 7.6262
5.1831 8.5009
7.6317 8.0916
7.6387 8.7479
7.3946 7.6291
7.6241 8.8511
4.1962 7.6462
7.6260 7.6598
4.2096 7.6429
-1.2398 8.1888
8.8399 8.1032
7.9286 -1.6393
8.7749 8.7099
7.6359 6.5620
8.0845 7.6355
7.6241 4.7752
5.7044 4.1271
7.7790 5.3542
2.0526 7.6328
-2.0455 6.1562
7.2057 7.6806
-1.9883 5.4752
8.7810 7.1303
7.6312 8.8613
8.0231 7.2046
4.8564 7.4414
1.0242 -1.6533
3.8608 -1.3423
-1.0436 9.6905
8.4763 6.1308
-1.2995 9.1930
5.7417 7.6409
-0.9547 8.5133
4.1390 -1.0888
3.4384 7.6407
6.1822 8.6433
8.4112 7.8537
-1.0340 2.2094
6.7785 7.6374
7.6424 7.6250
1.5849 7.4114
7.6621 8.4184
8.9465 5.7956
8.6860 2.4013
8.7141 7.6362
2.0097 7.5865
7.2014 9.0937
7.8680 7.6369
3.3701 -1.1157
7.6296 4.5934
7.6385 8.5321
8.5291 7.5770
7.6438 4.8024
7.6252 -1.3367
7.6346 7.6396
-1.2153 -0.6472
7.6381 7.5438
2.4802 4.1537
-2.1246 -1.1165
7.9074 7.6446
-2.1017 7.6483
5.3953 7.6464
7.5121 5.3714
7.9268 -2.6563
8.3425 9.3238
-1.6714 9.1123
-0.6987 4.8027
-4.6957 3.3966
4.7286 7.8871
9.0097 7.6202
-5.3014 7.2659
-3.3321 5.3781
-3.7331 -6.2575
-5.4382 4.7065
-7.6073 8.4133
-8.5470 -6.7513
-0.2730 5.4575
-6.1526 6.2830
-5.8365 -4.9469
9.6534 4.8195
3.7911 9.4217
2.4397 9.3022
-5.7234 1.4658
-0.3377 -3.9452
7.0583 -7.3284
2.3579 -5.1014
8.2577 6.1198
5.4260 6.8656
6.4339 1.0249
-6.8726 6.0057
7.7643 1.7193
0.4637 2.5480
-6.7767 6.4455
5.4020 2.8601
-6.9279 -6.3229
-4.8768 -5.2091
8.8420 9.1253
-6.9106 -7.2527
7.5230 -3.1932
7.7557 11.1769
11.1976 -8.5034
9.3225 6.1007
6.9585 -6.2571
-7.9322 9.7428
-5.8201 10.6910
-5.5140 -2.7157
3.8800 8.2608
9.4362 0.2062
3.7958 6.4665
6.0583 7.1003
-6.6022 7.6501
5.9696 7.3905
5.0311 8.2320
-4.9342 11.6261
5.5748 -1.5774
1.0243 -5.2213
-5.9468 8.2885
4.4871 -6.6906
5.7431 9.2495
-6.7284 -5.1238
12.1471 10.1318
-5.7877 -0.5750
7.3057 -5.4211
-6.5360 -6.5502
5.1690 0.3836
8.6049 8.3909
7.4361 5.9423
5.6523 6.6377
7.0607 10.1905
0.8851 1.4532
-7.1501 -8.1239
-5.8902 8.8340
3.2345 7.1834
5.4130 10.8829
-1.7084 7.8107
-1.9776 9.5113
10.7598 7.6653
6.7431 -5.3471
8.0575 -1.8685
-6.0901 5.4714
2.5212 -6.1487
4.9391 10.6025
-4.3388 -5.9512
3.2967 11.0931
-7.9765 9.9335
7.9965 8.6173
-5.5542 -6.8072
-3.7435 4.6704
-6.4614 0.5479
4.1730 1.4494
7.2620 5.3239
0.0485 8.8487
5.4577 8.0012
2.2765 -7.9790
8.6364 -6.8193
8.5234 8.6216
-7.7043 7.9399
-2.5916 5.3931
9.4377 5.1688
-0.5498 5.5913
2.8240 -4.6065
4.5994 -3.7222
-1.9340 -4.7036
-1.4215 9.5092
0.5860 -8.1443
-7.4107 5.4536
4.3645 9.3523
-8.5481 11.2229
-6.6708 8.8436
-5.3778 -0.1381
3.9108 1.5763
9.1981 5.0727
7.9741 -9.0337
2.6000 3.3331
9.5959 5.6643
6.6334 7.2720
5.3769 10.6198
3.6943 9.0828
-1.1254 3.1696
-0.0714 -5.7690
7.8986 5.5021
5.7933 9.2980
5.3461 -5.2604
-2.0365 5.1888
6.9852 8.4836
-7.2269 4.6770
-5.0498 9.5133
7.9907 -4.7153
-4.2781 9.4651
7.0642 0.4847
8.3460 8.7313
5.2508 0.5839
-6.7357 -10.0418
-7.9729 8.2909
8.3442 5.0440
-4.3480 -6.7602
9.0072 11.5126
-2.3105 -5.7597
5.3701 6.6825
8.8147 -6.6942
-5.1875 8.8253
-8.8114 7.5425
0.1669 -6.6264
1.6116 7.4910
6.4826 8.3370
-8.3113 7.9204
-6.9825 5.0291
7.9115 6.6226
5.9171 -6.4155
9.8780 -7.4682
5.2512 7.2071
7.8273 -6.0152
-8.7090 0.1726
1.2316 -6.4039
-1.3238 6.8177
10.2029 7.4155
8.8562 -6.3364
-3.6197 -1.1117
-4.2093 -5.1780
3.4289 8.5091
8.3298 2.8434
-6.1897 9.9268
-1.2817 5.3492
-0.4708 -6.4529
-2.6424 10.7753
8.3819 -7.0686
-7.9536 -8.6715
-5.0392 5.5302
9.8174 4.5325
-2.8623 8.4199
0.1994 2.2922
4.1157 1.0933
-5.6256 -0.8676
6.1253 -0.6374
-7.7387 5.2831
7.3390 -2.9448
2.8518 5.4318
11.6874 -5.7941
8.0920 -9.2084
-2.7208 4.4240
5.1273 10.3594
-4.8569 9.1589
0.1387 5.6302
-7.6973 2.1873
9.6469 6.7444
9.3018 8.5524
-5.7004 -4.9927
-5.5133 -6.6166
4.8064 7.0132
9.7683 -0.1651
8.9793 -10.4579
-1.4486 -8.4814
-4.1394 -3.6121
2.2167 -7.4321
8.0026 -7.8980
7.9859 9.2713
-3.3756 -3.1963
7.8488 -5.2535
-3.3509 8.6888
7.2301 5.6159
-7.5061 -7.3989
2.5149 7.5560
5.3413 -5.4972
-7.7876 5.3877
8.7659 2.8508
6.6701 -6.8247
-5.6256 5.1590
-3.0224 -2.1820
-4.2114 -7.9162
8.4388 8.6981
-2.1907 -5.1774
9.6194 -6.3634
10.1378 -6.1774
6.8464 -3.8285
-6.9607 0.1994
7.7691 5.0741
-5.6975 -2.4972
-4.9903 -2.2171
7.6339 -8.6086
6.4349 3.6787
-0.4166 -9.2000
-1.5433 8.5581
-6.9617 -8.0179
-1.6545 -6.5090
-3.4427 5.4149
4.6039 -3.4446
-6.2867 -3.6136
-1.3330 7.5350
-3.0086 8.8611
7.4034 9.3406
5.5636 5.1707
5.1212 -5.5369
-5.7014 -4.1654
-4.4641 8.7068
-5.6083 -0.7672
8.9134 -0.0266
5.2129 9.4365
4.4721 -0.4859
4.7145 -7.4133
-6.6813 9.3960
5.7518 -6.1016
-7.7373 9.2390
-9.9617 -1.2449
8.3957 -8.7940
-3.4709 3.4158
-8.7151 -6.0588
7.5836 9.3968
9.5743 -5.5857
8.1530 5.2433
-8.6345 -5.5054
8.3264 -4.4244
-4.5859 5.0352
6.3055 -5.1867
-0.7667 -6.1740
5.3758 5.5144
-2.8803 -1.1251
-8.4468 9.3529
5.3488 7.7920
-6.5145 -9.7319
-10.3521 3.8916
-2.8324 -1.0328
-5.7974 1.2966
-0.0698 5.2418
-6.4498 8.8847
7.9949 -3.2501
7.3648 6.9772
4.1225 -5.5335
-4.4444 -0.7825
10.1098 8.8988
-8.1690 -4.9380
2.9429 7.2010
6.6516 -5.6161
8.4312 9.0779
8.2386 9.8445
12.2470 -8.8145
8.1301 7.7310
6.7948 -3.3213
-5.2134 4.1536
7.2306 -7.0750
6.8963 1.2532
-8.1274 9.7771
-6.0505 -3.9846
8.7807 -1.9642
2.0470 4.9477
5.2348 -7.6895
-7.3280 7.3116
-3.0178 -2.1364
8.3721 -0.7355
7.2107 -3.8919
-5.7173 2.5407
-6.8121 11.7074
4.7516 -3.4231
9.7187 12.4636
5.3654 -1.5453
3.4064 8.9146
-1.2605 -2.1728
4.6344 -2.8191
5.5444 -3.2798
-6.4209 3.6894
8.7165 7.3616
-5.1356 -1.6269
-8.1767 -7.8558
-7.0072 -4.4668
7.2683 -7.5631
6.4877 -0.1459
3.8824 5.4814
7.5464 8.2024
4.5111 -7.8461
-8.3012 5.3791
-6.9296 9.3817
-6.4940 3.5558
-0.2612 2.2410
7.0878 -5.6187
-7.1966 -3.4526
-0.8335 -5.4533
-5.1212 9.1182
11.1302 6.9505
8.7286 -8.4674
-6.1856 -9.7800
8.2212 14.6211
-2.6315 -7.9539
-6.5624 -2.4294
-7.2526 5.6562
4.8558 3.2595
-1.3803 -3.8473
9.8580 9.1589
9.2468 5.5785
-7.9717 8.3736
9.2177 -7.3923
7.9104 -3.6019
3.7930 5.2949
8.9615 -10.4488
7.6498 8.4083
-5.0124 9.6767
1.9130 -0.3056
8.5605 10.1221
10.2048 -5.3779
-4.8256 2.3571
10.4849 4.5297
8.4616 9.2902
7.5898 -8.5634
8.3182 -4.1253
-6.1085 8.1896
-7.1097 7.5234
5.3137 7.0420
4.0541 10.5266
-5.2372 3.9209
-4.8336 7.3257
-3.3874 -4.2897
7.6634 -6.6753
9.5891 -5.4875
-7.8278 -0.9871
-7.5769 8.5321
-3.9210 5.5348
-8.4825 -0.9742
4.1493 -6.8042
-3.1582 6.5845
-0.3561 -6.8255
-5.7581 -7.3032
4.8767 9.2320
7.5820 7.2086
9.3888 2.1921
-6.8378 4.4504
12.0383 -7.7077
8.2383 -7.5907
-2.1166 -6.5953
0.2678 10.8859
6.7779 6.0484
-1.7882 -6.6561
-3.4180 6.9353
-6.7031 9.1978
9.3325 -4.8269
8.2674 -7.9972
9.0329 6.6413
9.2713 -6.0161
5.7767 5.6622
6.5940 9.0297
6.9422 3.1923
7.2019 7.8141
-4.3950 0.1012
-5.0906 -2.2628
-7.7183 -1.8056
-6.9773 -5.6682
9.0613 -7.5284
7.7439 6.7750
-5.5172 -3.7221
-5.1673 -1.1970
8.1054 -3.6631
-3.1056 8.0886
-8.9743 7.1594
7.6999 5.3036
5.2275 6.2973
-6.0576 5.1025
-3.7393 8.6014
-6.6079 -6.5782
7.2069 7.5553
7.1326 6.3444
-6.5246 -5.8980
7.3165 5.0602
5.1282 8.6480
8.6248 3.5429
0.6143 9.1357
-7.3089 -0.2980
7.4052 -3.7464
-2.9411 9.4625
3.5987 1.6032
-6.5676 8.0976
-4.4697 1.8444
-3.2306 10.8415
-4.1422 5.2986
7.7336 7.0164
9.3475 -1.3774
-7.9269 9.6802
-7.8770 5.3872
-5.3472 -0.5346
8.3180 0.4832
2.6326 10.2539
-5.8871 8.4336
5.2537 5.6147
-5.3847 12.0480
8.1583 -6.9617
5.0583 -3.3571
8.5029 4.5780
-5.8123 5.2314
0.0099 3.5022
-6.9499 4.6285
9.2221 0.7789
-5.4539 -10.7889
-8.3418 9.6874
-2.4567 8.1789
-4.8240 7.8572
10.5029 -8.8836
10.0108 -6.9884
-4.5006 -7.5447
10.7269 5.2353
-9.9025 5.1701
5.1695 -2.3436
5.5257 4.9474
10.4970 10.7619
3.6610 -5.8199
-4.5303 -5.5635
-8.2006 7.4366
8.7586 9.3556
-1.5306 5.1107
9.5556 -6.4805
-4.8498 5.1705
-6.5606 6.3886
-2.5364 -5.8494
8.6532 9.7576
6.8402 9.3199
-5.2844 7.4542
-3.1034 -0.8126
6.7251 8.5442
0.6021 9.3346
5.2113 12.7963
-1.5531 -3.3076
0.4060 5.1501
-5.7731 5.3303
9.3149 10.8661
-3.0978 5.1835
3.1358 4.3245
6.7036 -7.1600
7.1426 -0.5224
-5.3015 10.8936
5.2808 9.9669
-5.3104 6.3068
3.8728 -0.0739
8.3714 -6.1573
8.9828 8.3051
8.4085 -0.0570
5.3950 -1.3850
-2.9094 -5.0360
-3.5060 -1.1675
9.8015 -0.9923
7.6975 7.3269
-5.2689 9.2882
1.6242 -6.2794
-1.6765 5.3246
5.9836 6.1044
-1.7342 2.7360
-5.6815 5.4063
-3.2474 4.1899
6.5706 -3.6824
9.4905 5.3314
8.8924 10.1559
-0.4393 8.5924
1.4484 5.2312
-10.0500 8.4870
9.7592 4.9715
5.6728 9.0242
1.4291 9.3022
6.3806 -6.5621
9.2666 -5.9647
-3.4583 -1.7103
-3.7842 -7.7477
5.3429 -7.0584
-6.1997 -3.0949
7.8546 -6.3592
-1.1223 1.7819
5.3108 9.5014
-4.5944 8.4139
5.0906 -6.0627
0.3159 8.8462
-4.3006 -5.5764
1.4876 -0.0257
-2.7116 -0.6775
-3.1968 5.3435
6.3986 -4.9379
4.8393 6.6676
10.4885 9.2935
6.9024 -4.2628
-6.8823 -7.7727
7.6200 -6.0482
7.5070 3.3559
-4.5232 9.8443
9.1912 -4.9811
-8.7595 -3.5862
-9.3305 -6.7799
-7.9273 -1.1528
1.9169 -7.7122
8.4544 10.1308
9.8478 -5.5633
-2.8450 0.1887
-7.2353 -5.1232
8.7012 7.3007
7.7130 7.9001
-6.5545 -4.0911
9.3157 -6.9496
5.3570 8.6063
8.3889 11.9369
-7.0047 -4.8076
-6.8897 -8.1599
-7.6428 11.2739
6.5328 6.1650
7.1063 10.2819
11.6813 8.5388
8.6392 4.2939
4.1312 -2.1480
-1.1739 -5.4384
-2.3018 -5.5335
-6.2174 -2.8075
-1.8681 5.2449
0.6666 -6.0287
-2.0060 -3.2354
8.2708 2.9826
5.3382 -3.9373
-6.4645 -5.9352
-6.0078 -9.0710
3.8787 7.3594
11.2772 5.6402
5.9386 8.6515
5.6150 -1.7450
-4.0182 6.3363
5.4202 -7.1759
0.0126 10.7310
-7.4748 -6.4712
7.6073 -5.8365
-1.8929 10.3211
-4.2649 -8.2573
-1.2076 9.2462
5.9371 -3.0910
0.7772 -6.7258
8.1011 -7.8917
3.8544 -6.9954
4.3366 -5.2105
8.5213 -5.8786
9.1021 8.3198
5.3291 1.3537
-10.2391 -6.3055
-1.3911 5.8410
6.1961 9.6079
-9.5185 1.0573
-6.3104 -8.3704
8.5797 -7.9232
9.1833 10.1555
-6.1868 8.7817
-7.8390 -3.9164
-6.7856 -4.5376
-3.6444 -7.0033
5.2430 1.5513
-7.6331 8.7517
8.0679 -6.5961
-6.4984 -1.8139
-7.0418 -9.4961
-2.7076 -5.8468
-1.1282 -2.8672
4.8869 5.1430
-2.4965 4.5613
1.8459 6.5612
-8.9950 5.6684
10.7698 5.2863
2.3106 -0.3421
8.9003 1.2351
-6.2195 -0.8937
8.0520 8.4052
-7.5367 8.5667
11.4780 -4.8982
-6.3576 -6.3190
4.1212 5.2718
-5.1788 -7.3527
-4.6454 -1.2567
6.2921 7.8007
-5.8217 -6.9483
-2.8606 7.2595
-6.2552 -2.7058
-6.5070 8.4105
-7.8239 6.0708
0.5654 8.3783
6.0460 6.1302
-7.3233 -5.6333
6.3830 -7.8147
0.5057 -8.5006
-1.2528 3.9334
1.3604 7.0854
6.7661 9.8739
0.1616 7.5344
10.5742 6.6171
7.3866 8.6437
-1.0742 11.8692
7.7667 7.6069
9.4248 -1.1912
-9.5263 9.6075
-1.1490 -7.0201
8.7410 -3.5892
6.6494 -5.0233
9.4445 -6.9208
8.1523 -2.3507
-7.7652 6.5502
-9.1709 9.4216
8.7501 9.0977
8.0577 -4.0229
6.5116 -1.6666
-5.2625 3.9539
9.8241 3.5579
-5.0186 9.7698
7.1634 6.1710
5.1579 -8.9893
7.9076 9.2978
-6.9397 6.7506
-1.0220 7.9393
7.2905 8.1585
-3.5515 1.0247
7.7435 -6.1489
-7.1180 9.7699
-2.6047 5.1108
-8.1729 8.4517
5.8232 3.5180
3.8041 -8.8367
2.1356 9.7205
-2.1471 -7.0580
6.0451 -6.9318
4.9414 -5.1004
-0.6374 4.4228
-6.5863 10.1528
5.7431 8.6865
6.1705 6.7648
5.4503 2.3930
7.6572 5.1161
1.3225 5.0487
-4.1689 10.1868
9.0489 9.7977
-1.8177 3.2219
7.6552 8.0871
8.6149 6.8293
-7.5453 0.2119
8.7089 -2.1607
6.5659 -6.5301
0.0492 -6.9598
5.3573 10.0696
-8.4018 -5.6612
7.9828 7.1168
-8.0587 -5.8523
3.7490 -1.4588
-4.3884 3.6649
-2.4357 -5.5651
8.8639 -5.8393
-7.5410 -6.3299
-5.2705 10.0420
-4.2596 4.8869
5.5942 -3.4468
7.0460 3.2191
0.3520 1.0581
6.1278 6.7995
1.3704 2.4431
1.8296 5.2438
-1.8404 -0.6062
11.2307 -5.4992
-9.3453 4.1733
3.2835 -6.3302
8.2226 8.8317
-7.0924 5.4249
8.4754 5.3533
9.7320 -6.6673
-8.7280 9.3568
7.7421 9.8739
-6.6755 9.9882
-8.5194 9.5031
-1.0449 -6.7428
-3.5810 4.1732
4.4612 -5.4495
5.5399 -10.2932
10.5345 -5.4575
4.9067 5.7076
3.1292 -5.3428
-7.0578 -0.8647
-5.7009 -7.4263
10.4473 -6.2462
4.5123 6.0862
4.3679 -6.6242
-7.8046 5.2831
-8.5057 -4.8453
3.4487 9.1081
5.3772 9.9867
8.9726 11.8746
-7.9625 -1.0718
1.1070 -3.6182
4.5016 -8.9101
5.8735 5.3477
5.4011 8.0119
4.4320 8.7665
6.3618 -2.1066
8.5259 -7.9571
5.4129 1.9503
7.5373 5.4589
-0.8650 -2.2670
5.4100 -8.7899
-5.7064 6.5765
-1.6260 4.7274
-3.2495 7.7809
6.4678 -8.1699
-4.5435 -7.1143
-6.1986 8.6906
-5.9168 -6.2996
5.4234 9.8910
-7.8088 -6.3479
8.8524 1.8812
0.1578 9.4391
9.7469 10.1280
6.6417 -0.8478
-3.1760 -5.4593
5.7531 1.1857
-0.4581 2.6549
8.4068 8.6702
-2.7123 9.3135
-3.7962 6.8445
11.3547 7.2716
6.7393 -3.2624
8.5019 4.7655
-6.4921 -9.5602
5.1783 8.5750
6.9398 -6.1573
-0.7949 -6.7055
8.3890 5.0387
-0.9867 -8.9702
8.0750 9.4574
8.9344 5.6399
7.6506 -7.6775
-7.7232 8.3538
9.0173 6.9005
10.7067 11.1285
-0.3401 8.8650
10.9759 9.9352
-5.6552 -5.0708
9.9033 1.1232
5.0536 11.4087
5.4717 5.8380
-6.6956 6.3868
11.6907 6.7662
7.3435 -5.5969
6.9804 0.0606
7.3001 -7.4721
9.7829 1.7816
-6.2237 -5.3521
-5.3592 3.6387
-5.1362 4.3454
-7.3103 8.0305
9.5283 -4.6162
-6.8299 9.8161
0.0274 8.0510
-1.9864 -3.5063
-5.2846 8.8062
-0.3024 -4.8845
10.7849 10.2409
-3.5352 8.6709
0.0489 -6.0849
5.6689 -1.9429
3.4823 -7.7891
5.2319 -7.2391
5.2658 7.0829
-6.4905 -8.3746
4.3625 7.7412
-7.8685 1.8188
8.9068 9.1111
-6.4289 -3.9985
-3.3900 -6.2181
-0.1591 -2.5965
5.1450 6.6085
-6.1361 11.1412
9.2007 4.1265
-7.8605 3.9527
5.3565 -0.3837
-3.8064 -3.7744
-5.2741 -4.0038
4.2112 -4.7501
-8.2212 0.7735
9.8446 6.2230
11.2243 4.9464
8.2267 -6.4868
-4.7867 6.6642
-8.5645 -3.2997
6.5577 6.4141
-6.1226 -5.2169
8.8264 5.2243
-4.1297 -1.2134
6.8309 2.7254
-4.7111 -7.3471
5.3588 5.0076
-5.5843 -8.0798
-5.3323 -4.9898
8.0454 -5.1387
-8.3117 -4.9608
5.5258 7.1961
-8.9004 8.0723
-6.9736 2.7431
7.3489 -0.6888
5.6262 8.3620
-8.9738 5.9367
-1.0696 4.8536
9.3157 8.0463
-3.1086 -2.4725
5.2878 4.5326
10.4106 6.8669
5.5863 4.3165
-3.3785 8.7897
4.7384 6.7545
1.3163 -5.1945
6.9014 4.4696
-5.3700 -3.8744
-3.4943 -5.0653
9.1930 8.2873
-9.0142 10.4781
5.3402 1.8748
-8.4432 5.4001
-2.2558 9.1657
-5.2183 8.7026
-0.2939 -3.4610
2.5316 8.2907
10.8147 10.0763
-6.2389 -1.7320
-0.2853 5.7816
7.4213 -0.9646
9.3264 -1.0313
5.2987 -7.2102
7.4354 -9.2032
-6.1812 1.7301
5.2610 5.0732
3.2860 2.9804
6.6574 5.2427
7.1216 0.0668
-6.9776 -6.5552
5.5583 -5.2378
-2.8550 -1.9528
6.7608 9.9750
-6.6465 8.5690
-2.9602 -7.6242
-7.2203 7.8119
5.2016 -2.2646
-4.0924 6.7029
-5.6670 0.7470
9.4686 5.2614
-7.6974 9.0345
-5.2580 9.6051
5.1980 9.5523
-1.1048 9.1650
4.5464 5.2885
-10.3367 9.2120
10.3997 8.3007
-1.2231 -6.1841
-0.4299 8.6066
6.9420 -5.7260
5.4795 6.0408
-7.5812 5.0708
5.0632 -5.8288
-1.1952 3.3500
5.2230 -6.2020
7.6197 10.1659
9.6469 -5.6573
-9.7451 -2.2822
-6.5248 9.9174
1.5944 -5.7463
4.9213 8.5709
5.3207 0.4834
-7.0219 -6.1868
-1.3316 8.5177
8.5587 -6.0714
-5.5825 8.8193
-0.6072 -1.4957
8.3416 6.8887
-7.0918 9.6596
-6.9232 4.6357
3.4239 0.3026
5.1672 8.4953
-6.1846 -4.2978
-1.4717 6.6333
-2.9414 10.2526
5.3022 -6.6870
-6.5296 7.2984
-1.4015 -5.2613
-6.1332 9.1570
-4.6968 5.4266
5.2230 -9.1048
-5.2894 5.5159
3.9924 7.8199
6.0915 -3.0461
6.0846 5.4144
4.8305 8.1449
-8.0651 11.4014
5.3619 -6.8544
7.9138 -0.5442
-0.3352 -7.0864
8.3510 6.6479
-4.0738 -5.0031
5.2935 9.7846
-8.4910 -5.4508
5.8245 5.7896
6.0500 -6.3915
4.1362 -5.4082
-7.5086 -1.6973
5.3925 6.7809
-5.9141 3.8820
-6.6117 -6.1527
11.2220 10.2254
0.2359 -4.7242
-6.2857 8.5073
8.4727 9.1840
-4.7440 7.8834
-6.0837 6.7913
-5.8493 10.1200
9.7959 3.7376
4.4809 7.8643
-6.2471 -5.4465
-5.9087 6.9946
-6.1072 -7.8932
9.1586 9.1706
6.4176 5.8855
-3.6779 3.8307
7.8541 7.4580
5.1259 -6.9218
8.7210 3.6936
-0.8771 8.2402
-4.3039 -6.1933
7.8393 8.3393
8.0578 5.6451
8.4102 -5.9426
-3.9201 -7.6558
-4.1002 -2.4035
11.4879 -6.2300
7.9396 7.5312
6.1723 -0.0441
-6.0970 6.7589
-4.3175 2.7861
9.5737 7.9551
5.0490 -3.7640
-1.8946 -2.3818
-5.2050 8.5304
-5.7579 12.1747
12.1896 -7.0071
2.0390 9.7239
7.3325 -6.5079
9.1825 0.6190
0.5440 7.5828
-5.9990 3.2875
-2.6768 3.2122
9.3647 -6.5681
-2.8751 -5.8627
-3.5891 -0.1058
4.0024 6.2034
-5.9420 4.9412
8.0764 -4.1064
-0.7629 8.1855
-0.8284 7.2275
3.4833 10.2918
7.2164 5.1708
-4.9009 -4.5615
-5.3302 8.5087
8.4452 8.9015
13.7588 10.1305
7.7942 -6.6306
-7.3642 -9.2340
-5.5956 7.7108
5.2453 -7.0515
9.0953 -3.0485
8.7865 -3.4304
6.0827 5.0112
8.8666 -4.2859
-4.5731 2.9470
1.4190 -6.8417
7.8456 8.5469
4.1195 -1.0643
5.2169 -6.0014
-6.3523 9.0849
7.3230 11.0776
6.1734 7.4612
8.1760 -6.2837
7.7977 1.6915
-3.0937 6.5492
-7.0515 -0.9329
1.3096 -7.6399
3.4956 7.3892
2.4558 7.6275
-4.5554 10.6772
11.1617 -3.7371
-3.6144 6.5601
7.1506 -5.3157
-8.1678 -6.7095
-0.5530 -3.0585
6.1378 5.5784
6.4603 6.6075
-6.6409 9.2585
0.9993 9.5784
8.4735 -6.5153
5.4044 -2.3241
3.4328 -4.7136
8.4764 -1.2835
-3.8643 9.1304
-6.7075 8.4006
-8.7348 -4.9228
10.3000 8.2535
-2.9744 9.8431
9.6419 7.9157
7.2000 10.0466
6.3254 7.8247
5.3252 -8.3126
10.1353 4.1578
-5.3932 -4.1505
6.1713 5.2953
-6.4304 8.4398
10.7452 -5.8819
6.0822 -7.7091
9.5646 8.4830
5.9814 -6.6697
6.9359 -7.0524
-2.0831 -7.3642
8.6654 -4.8361
5.4425 7.4306
8.0298 8.4246
-6.3095 5.1502
5.4373 -0.0864
-8.8677 -6.2450
-0.3823 -5.6033
-2.7724 8.9044
6.2793 4.8158
6.4498 8.2976
-6.6451 -4.2361
1.2284 3.0488
7.5153 12.7189
8.2165 8.9481
11.4123 -1.3521
5.1277 -8.8296
-3.5744 -3.4133
-6.2516 -5.9205
11.8142 10.6331
10.2489 9.3332
7.9254 5.2471
-6.2432 3.9699
8.5860 8.2530
8.1432 8.2048
5.5013 -2.7257
-7.4018 -6.3060
10.2885 5.3687
5.7288 5.0854
10.3193 -1.2861
-3.6487 -5.1493
4.9697 -6.2785
-2.1167 -10.3599
-0.8208 -6.3795
8.4471 -3.5258
-7.0688 -5.3688
7.4112 -6.4642
-6.3059 -7.1308
6.7271 9.0343
-6.1165 -2.2778
9.5880 2.5600
4.9384 -2.1307
12.1984 5.9469
-1.2091 -6.2741
-6.9802 -8.9049
9.9793 3.6043
5.9647 -4.6432
9.5689 7.6750
-5.3438 9.0288
-6.6482 -1.1804
-3.9302 -2.2687
-4.4052 6.7460
-7.5482 5.0917
4.2844 9.9269
6.4598 -6.9787
-1.6984 -1.3701
-1.7042 1.4537
-3.3976 4.6416
-5.8799 -5.9914
6.8472 -1.8984
11.6360 10.2727
-1.1974 8.2355
4.4760 10.5252
5.8578 -6.8770
7.2066 5.6722
4.1835 -5.8122
0.2846 9.5586
7.7121 -4.9426
11.8289 4.5966
-1.2219 9.5987
9.7051 8.5184
-0.7093 3.4354
-7.2972 7.6270
-6.2947 -8.2793
6.1488 -6.0148
5.4962 -5.2216
-1.7338 7.5528
-4.5954 4.8000
1.9871 3.0072
10.0551 -6.6585
8.0423 9.5283
-5.2864 12.3990
-2.8824 -7.6471
-8.1865 9.1018
-2.6559 11.1586
5.6001 9.3728
9.7896 -5.5243
-7.2034 -2.2771
-5.4778 -5.9753
6.7853 5.6587
7.4243 -6.2007
5.5687 8.6837
5.5578 -7.4193
-4.8095 4.4500
5.8062 -9.2620
-4.0355 -3.5696
10.7745 6.0240
-6.7026 -5.9719
3.1676 0.9856
-4.0045 6.8129
7.5528 5.3701
-2.5268 -6.4711
-5.6098 7.1735
7.0427 2.4348
4.2402 -6.6866
8.6882 8.1220
-3.0166 8.6492
-2.9898 10.2603
-4.6551 5.1337
8.3277 -4.3320
-5.5905 9.5580
1.0909 4.8366
9.0774 5.4881
-7.3517 -2.6753
8.3761 -1.0491
-6.8363 5.5918
10.0024 -4.2155
1.5008 -6.0072
4.4107 -6.0411
5.0250 9.0099
-8.8378 -5.2422
-6.2709 -1.2752
7.8087 -0.7913
1.3440 -6.3918
-4.7083 10.0625
-9.0333 -5.1553
5.5403 8.9915
-10.4156 10.2889
-5.4558 -5.4247
-6.8441 -6.9505
-6.0923 9.2171
-5.7892 -5.9803
-10.4524 -4.5335
9.8801 13.1287
9.5335 10.9002
-1.7941 6.1720
-8.8485 6.2374
-3.0891 0.6233
-2.9642 9.1736
4.1773 -6.4226
7.9593 -0.7932
2.2651 9.8000
9.7848 5.1631
-2.1961 -6.0607
-4.9921 -6.0991
-3.5796 8.1874
0.6732 7.1193
8.9086 -6.2667
7.5096 4.0874
5.1397 3.9553
5.8446 1.1007
8.8598 -0.3110
-7.1531 -0.4681
10.9875 -0.5190
-2.0482 9.4285
-2.4318 -7.1816
2.4948 8.3792
3.6467 8.1106
9.4837 11.2339
-7.0791 0.5891
10.0189 -5.7138
7.9585 9.0823
3.6596 8.0522
7.5954 -0.5096
8.0557 9.7264
5.2253 9.1342
10.7062 7.7692
8.9931 -5.7307
11.1452 5.4607
-6.0852 9.5377
-10.2847 3.7035
-5.9932 -3.0545
-8.2859 9.5888
10.4927 6.8887
7.1944 8.6773
3.7579 -5.1382
-6.1986 -0.4728
5.5870 5.5789
5.3221 -2.6227
-4.7859 -0.6622
-4.9174 9.4615
-9.7017 -7.2963
8.2641 11.0414
-6.0090 5.2988
-8.1180 6.4353
2.6967 10.8426
5.3392 -2.2817
7.1797 4.9572
10.6233 -7.7507
7.3851 -6.5813
11.6328 6.1988
-5.3068 -7.6022
6.1058 5.4571
8.1057 10.0491
6.7917 -4.3516
10.3055 3.2774
-4.9927 -5.2273
9.9411 2.3548
9.4226 -7.7716
9.7681 6.3630
6.1424 5.2144
9.3689 -5.0344
-6.2814 5.2370
-2.7837 5.3237
-2.1652 8.0476
-8.6630 -4.9514
4.2777 8.6318
7.8522 6.9085
-8.8267 -5.2076
7.5723 -8.2329
9.5666 5.9077
8.9975 -1.2749
3.3355 10.2035
5.2434 -7.2470
8.7874 5.0470
-8.8741 -9.0540
-8.1794 -7.3720
-1.8178 8.6268
1.2028 2.9320
8.4361 10.2468
0.5399 5.3727
8.1257 -7.1818
9.2438 6.6906
5.0466 -7.5141
6.6213 6.8700
0.5347 5.4983
7.0634 10.0203
9.2625 6.4183
5.3138 -7.8309
-0.6347 5.2019
7.2004 -5.4962
-7.3110 -1.3079
-5.2054 -7.6605
-0.7432 -7.1735
5.3308 10.9886
9.8722 -8.0593
6.6689 -3.3576
4.2078 -5.7532
9.2410 -4.4445
4.4397 11.1710
1.3962 6.0215
8.7187 6.3361
-6.3126 3.4565
-0.4508 8.3117
-6.2860 3.0129
-5.8851 8.2054
-5.9413 -7.1883
-5.0109 -1.7530
6.6917 -5.3215
5.1233 10.2204
8.0309 6.5050
9.3683 9.2974
-5.9114 -6.0875
7.8474 5.5127
9.7067 7.4348
7.8048 -3.8952
9.3591 -7.1795
-4.0705 5.5656
-4.7875 7.8812
3.7553 0.9813
7.7401 11.4584
9.2672 -7.0048
5.4395 5.4388
-4.0097 8.6836
-5.3535 5.3297
2.6013 -1.0278
5.2348 5.0288
0.7459 -7.0356
-4.7544 -7.7619
5.0617 11.9257
-1.5219 7.1982
-0.6250 -6.7692
-5.3021 9.0595
-7.4493 2.9167
-5.9299 7.0260
4.0585 8.5612
-7.5554 5.3027
-5.6790 6.9860
6.2376 -0.7648
-7.0530 7.3542
5.0212 14.0206
3.5816 -5.3923
-7.6728 5.6761
5.5134 0.9895
10.2797 6.9324
10.2817 5.4540
3.8688 9.5254
-5.1369 -1.2165
5.4691 5.2957
4.8720 8.8985
5.2093 3.4233
6.4536 -3.5293
3.4839 -9.0293
4.4766 9.6775
8.6317 5.5866
3.2701 6.2664
4.9890 8.1027
11.8060 6.7121
-5.6716 -6.1739
-1.3633 -8.7304
-8.3191 10.0370
-3.0623 8.3412
4.2008 -8.1192
-3.3821 8.9161
-5.2049 5.1231
-3.2237 7.2104
3.3212 6.6794
3.5170 7.1022
5.5317 1.9071
0.8761 -6.1112
10.5940 0.0747
-5.7948 -6.2589
-5.8537 5.8673
2.9184 -6.1815
-10.4800 7.4973
0.8692 8.1905
-8.2116 -7.6926
7.8539 4.3662
7.4438 -1.5118
-0.2558 -3.0311
-5.4124 6.0877
-6.4259 -6.5916
9.2920 11.2999
8.2263 10.4051
-7.7186 -7.7368
-6.6638 6.9393
8.4452 -6.4800
8.1445 9.9500
-4.7945 -3.6426
9.8270 -4.4739
-6.7681 -5.1784
0.4827 -0.3282
6.4918 6.6249
7.6802 8.4595
3.6325 0.3418
-2.4854 4.6542
-7.5298 9.8239
7.8317 -1.6630
10.9003 -3.6512
-1.6301 8.8797
-5.6773 0.5732
8.6071 -4.4992
6.9319 6.8695
8.4867 -8.9034
1.7442 3.8085
-2.3542 -5.2767
5.4800 7.0580
3.7013 -7.6974
7.5029 2.6257
-4.5162 5.7435
10.1314 3.9992
5.0628 9.9493
7.7409 3.9200
-3.1241 2.5664
-6.5451 8.6022
9.8558 -0.8118
10.2784 -5.3732
-9.2825 10.0653
3.1028 0.8803
-6.3116 11.1366
-4.6477 5.4945
7.8233 -2.7122
-7.7355 9.2315
-7.1645 -2.1718
7.0480 3.0872
-6.5994 -6.1560
9.7313 10.1969
9.0364 -6.4225
7.3749 7.6102
-3.3367 1.2867
-9.2670 -6.2379
6.1234 5.3639
-7.0232 7.3119
-7.4066 -8.9923
6.0450 10.9695
-1.3107 -5.6566
6.3804 -6.3636
-5.5948 -0.5126
-2.3255 11.0348
7.6969 5.2847
5.0081 -2.2848
-5.0693 -7.0484
10.3885 6.9272
1.7576 -4.7932
9.0395 -3.2048
8.1162 -5.4103
-5.2423 8.9546
7.3220 -9.9393
2.2589 7.6391
7.9720 8.6689
8.8719 8.3852
-1.2686 -9.5139
-4.3272 -6.5504
-6.3585 1.8247
-5.8173 -8.0524
7.1780 4.6313
-6.4011 10.2036
13.3169 4.7405
9.3062 7.3062
-4.3632 6.4188
5.4079 11.0531
-1.8198 9.1515
-5.8731 -5.1014
0.3914 8.6858
-9.1575 6.8107
6.6970 -6.5891
-8.4562 -4.1949
3.1410 -5.5907
5.4201 -0.1909
7.4538 4.8233
-2.4041 -8.7760
-8.0648 5.6894
-2.0835 -5.4822
7.4817 6.4748
-0.8641 -7.6619
4.2054 -0.1608
5.2748 8.7626
6.0420 -7.4939
-5.7412 6.7643
-2.0760 4.4172
5.5641 5.4675
9.3070 -5.6494
5.2869 7.8495
8.0416 -7.3952
-4.4593 5.3663
-2.7602 5.2943
-5.0092 9.7596
5.2620 -2.5806
-4.8307 -9.1349
-8.7528 10.9509
5.4802 5.4347
8.8647 8.7651
13.4952 -4.7922
-7.9598 -6.6918
8.4846 5.8121
6.0124 -2.1823
11.6249 10.2246
-5.1106 -1.9410
7.7183 -8.2129
5.5852 4.6973
5.5672 -0.8150
-5.1285 7.3601
-1.2766 6.4938
8.3435 6.4254
-4.7346 6.3309
