5
-6.0654 8.1150
5.3675 8.0763
-5.0446 8.0983
9.9026 -6.9031
8.8750 -7.3138
8.1212 -4.5893
8.1203 10.5005
-3.9410 8.1471
-7.8653 -5.7966
8.1270 8.0992
-3.7879 -4.2607
8.1355 -4.4870
-6.7934 -5.2393
-7.8731 -4.5792
-4.0494 -5.3690
8.1385 6.3239
6.4291 6.0607
3.7738 5.8626
-4.6297 8.1126
8.1497 -8.5643
-5.3899 -7.6905
-6.8628 -5.0434
-5.4230 6.2319
-3.7379 -6.0266
-4.2060 -3.5337
-8.2938 -6.8014
6.8836 -5.7347
-4.6318 -6.6849
7.3958 -8.0271
7.4104 -6.0295
-8.2367 8.1136
-6.3361 -5.2833
-5.6000 8.1307
-6.3183 -8.3023
11.6386 9.4374
-5.6868 8.0927
8.6954 10.4304
-7.8763 8.1145
8.1171 7.3202
4.5823 -5.4754
10.8704 6.2180
-6.8072 7.1202
-4.6062 8.1025
-4.6753 8.0929
7.4212 6.7637
8.1178 -6.3661
8.1101 -6.3748
-4.7977 8.1256
-5.2654 8.0760
5.0680 -7.1174
8.0778 8.1183
-4.2630 -5.9948
8.0763 -4.7174
-4.7799 -4.8014
-8.2105 -4.5449
8.1334 10.4420
-7.3614 -5.6453
-5.3679 -5.6706
-6.5268 -7.8484
7.6566 -7.9592
11.4398 -4.4641
6.5525 -6.0501
8.0830 -3.8293
-6.6782 -6.6691
-4.7452 -6.1815
10.1272 -4.3877
-9.0365 8.0590
-6.8512 -5.1179
6.4580 5.6079
8.1301 8.0867
-5.8941 8.1681
-5.7144 8.1587
-6.3793 7.2694
-7.0927 6.5605
8.0567 -6.7058
8.1478 -6.2200
-6.4816 -8.4273
-8.5357 5.6618
-5.4807 10.1109
-7.5709 -6.1252
-10.5495 9.1258
8.1291 -6.9297
-8.1947 -5.4558
-4.3252 -7.5740
-4.1817 5.4893
-5.3284 -5.4065
8.7992 8.1143
-5.5456 -5.1114
-5.8426 -5.5593
-7.4183 11.4482
-7.3301 -3.7439
-5.0975 -6.9256
-6.4620 -6.1707
-6.1195 8.5902
8.0774 -8.0087
-8.0372 8.0899
8.7165 -7.4919
-5.3951 8.1098
11.2410 8.1191
8.6549 8.1302
10.5070 -8.2901
8.7091 7.2033
-5.6326 -7.3854
-6.2358 -6.3586
-7.1397 -6.9893
5.2336 -4.9301
11.2895 -6.1001
-7.1749 -5.6391
-5.9272 8.9250
5.6157 8.0594
-7.3984 5.3633
-7.4380 -4.1017
-4.4292 -6.4364
-3.9247 10.3260
8.0884 -5.6894
8.1316 -5.1831
8.1371 -7.4278
-3.3411 -6.4447
-4.4005 -3.7844
8.0716 8.1034
-6.4086 8.0868
-4.6138 -7.6495
8.1064 -5.3918
10.1265 -6.2707
-7.5272 -7.7209
8.1236 9.3717
-7.6550 8.1204
-5.6207 -5.2393
8.3052 6.2134
8.1033 8.1426
-4.1276 8.1161
8.0778 -5.8466
-5.1214 -6.2812
8.1243 7.1358
-7.6425 8.0851
8.0653 -3.4878
9.2328 8.0757
-5.9811 -7.4732
8.1118 11.3093
8.1218 8.1113
-8.2795 10.2930
-7.3603 8.0584
-5.7450 -5.2938
-4.9703 -5.6073
8.3327 -7.1763
8.0897 -5.1451
-5.9721 -6.7579
-6.3645 8.0983
8.0781 -7.0409
11.3882 -4.3037
-6.8789 -5.8811
8.1507 -4.1173
8.0997 9.3525
6.5162 11.3768
8.1194 8.1924
-8.3605 8.1373
12.4090 6.5047
6.8571 8.1882
8.0527 -6.4810
8.5204 -7.5811
8.1408 8.1276
9.2697 10.0946
-4.5902 -7.1013
10.5863 8.1046
-4.8579 7.0775
-7.1931 -7.6081
-7.7908 -5.3233
-5.0175 8.0595
-4.0447 7.5690
8.1310 8.1010
-4.6659 8.0897
8.0958 8.0985
6.6199 12.5280
-9.2349 -9.2436
8.1144 7.2907
-7.1110 10.0494
-5.8989 8.0722
-5.2878 -4.3755
-8.2836 8.1378
-4.7830 8.1459
8.0700 10.0481
6.0434 8.0766
9.8704 -5.2936
-4.6501 8.0990
-5.8220 -6.3620
-4.7361 -6.4670
-6.6724 -9.6686
8.8485 -7.8650
-3.6600 -6.9508
11.1103 -5.8229
-6.7004 -5.6172
-4.5429 -6.0103
-3.9081 -6.6121
6.6163 -5.4966
-5.3911 -4.5713
-5.2512 -6.5978
11.1052 10.8747
8.1139 -7.0950
-6.7901 -9.0631
8.1220 8.1176
8.2098 -6.0469
8.4017 -3.8840
-4.8142 8.1131
-4.0252 -7.2573
9.1132 7.7744
-7.0535 -4.8111
8.1386 6.4678
8.5989 -4.9609
-9.5778 -4.9952
9.1262 8.1026
8.0923 -7.6552
-6.0640 -8.3416
8.0799 -8.7622
-8.7345 -4.1247
6.2739 10.5503
-7.6961 7.3281
-7.8536 8.0866
-8.4787 -6.0571
8.1411 8.5494
-4.4448 8.0896
-7.9497 7.2244
8.1304 9.6307
11.9464 -7.8038
8.5512 -4.9971
-6.9817 -5.2963
-8.6253 -5.2387
9.1852 -5.7415
-4.8298 7.4190
-5.9433 -7.5951
-4.5506 -6.8688
-5.1909 9.7865
-6.7123 -4.4614
-3.7585 7.6067
4.9500 13.1820
9.0798 -4.7029
5.3106 4.0266
6.4703 8.0682
-7.3978 -4.0363
5.5264 -7.1733
-5.9431 11.4410
-4.9113 7.2215
8.1206 -6.3132
8.1509 -4.1610
9.9879 12.3464
-6.2006 6.4427
-5.1729 8.1203
-6.8708 -4.7887
-5.0549 -6.6983
-5.8672 -5.3452
-4.7044 -5.0637
-5.6851 -8.4011
-5.6778 10.5566
-3.4638 8.1553
-7.1032 -6.3434
-6.9366 8.1066
8.1180 -5.0811
8.4795 -5.8606
-6.0210 8.1404
8.1574 10.5496
8.1089 8.1388
-6.6716 -3.1698
-7.1936 -8.6246
10.1498 -5.4189
-6.9118 8.1136
-4.5276 8.1048
8.0823 6.2039
8.0800 8.0711
-8.2432 -3.8607
8.3314 -6.8348
-4.8101 -4.8627
5.6338 8.1010
7.0858 8.0978
-6.7075 -8.1150
-5.5215 8.0769
-5.0150 8.1194
-3.6229 -4.8416
-4.6225 8.1413
-5.9215 -4.3825
-7.0565 7.9537
7.0119 -6.2238
8.0722 -8.9106
-6.5376 -4.0160
-6.6894 -6.0751
-7.2740 -8.8394
-6.4055 7.0409
8.0930 -4.0780
6.9961 5.5543
8.0726 8.0975
-9.2392 8.1097
-4.7559 -6.7564
8.0756 10.5160
7.5948 -7.3894
-6.1971 7.7230
-5.9981 8.1366
-7.2121 -4.8754
8.0910 -6.3632
-6.8387 6.8722
-6.0366 -5.1545
8.1087 7.4654
-5.4906 -5.3939
-6.7666 -8.8131
8.0990 -4.2007
8.0915 -7.3908
-6.2447 8.0844
-4.0855 -4.1093
8.1260 5.0349
10.0668 6.3990
-7.7309 8.1028
8.1003 -5.4063
-5.5895 8.6797
-7.2607 -4.3840
8.1257 -5.2513
6.2343 -7.1801
8.0700 -8.4849
-4.8389 8.6822
5.5587 -5.1942
8.1112 9.4292
9.9789 -4.9380
-7.7831 -8.2473
-8.0805 10.1839
-4.6730 -9.5144
-4.9245 7.9329
8.1289 -8.7821
-6.6776 -6.4997
-3.7466 -4.5601
-9.4774 8.0652
-5.5830 8.0436
8.1230 -9.3765
7.5937 8.1067
-5.0871 8.1135
7.2848 -8.0593
8.0983 8.1306
-6.0486 8.2303
-8.6601 8.0777
7.3255 -9.1671
8.1059 -6.4399
-7.2391 8.0859
-6.2544 -4.4299
-5.5996 8.1510
-5.4669 9.3888
-7.1501 -5.6253
5.6204 5.0643
11.5039 -4.7672
-5.1423 8.1127
-6.5622 -5.5424
-7.7485 8.1220
-4.5485 8.3707
-5.5346 8.0910
8.0835 8.0905
-6.0653 6.3403
-5.0671 -5.8622
-4.8253 8.1101
-3.9560 4.5791
6.4841 -6.1804
8.1304 8.0842
10.4922 8.3862
-8.4522 9.9774
-5.2969 -6.4342
-9.2796 8.1372
-5.5727 8.0909
-7.1836 -5.6806
-8.4844 -5.2445
-5.2142 -6.5267
-6.3529 -5.8053
-7.0160 -5.8625
-5.8345 -5.9586
-4.8567 8.0819
-3.4541 8.0723
-7.6654 8.0897
-6.4033 8.0862
-5.5589 -6.8231
-8.2143 8.1033
-6.2493 -8.2175
7.2523 11.6052
-3.6716 8.1177
-6.0694 -6.2769
8.0991 7.1276
11.7473 8.1503
8.1372 -4.7095
-8.3408 -6.1391
-4.5295 7.3805
8.1065 -4.2645
-5.1635 -4.7064
-6.2913 10.0020
10.0244 8.1026
-8.3268 8.0966
-5.5624 -9.6257
-5.6285 8.0967
8.1685 -8.6151
9.8825 8.5209
8.2865 8.0977
8.0977 9.4903
-6.8847 8.1023
-5.6534 8.1270
8.0847 10.3421
8.1201 -6.7440
-6.3757 -5.9943
-7.7054 8.5265
-7.2621 8.1496
-4.9181 -4.3761
-5.2116 10.8101
8.1140 -4.6001
-6.0571 -4.4205
8.5709 8.1089
8.1212 10.9524
-7.9778 8.3831
-7.8663 -7.2822
9.4881 -4.3841
10.1307 -7.3405
-8.4762 -7.2751
-4.6237 8.1060
-6.2524 7.7594
-8.1313 -4.7179
-6.2219 8.2476
8.1047 10.6311
-5.4038 8.7789
6.3822 -6.3529
-6.7750 8.0981
8.1171 8.1370
8.1014 -7.6607
-7.8637 9.1374
7.3114 8.1215
-3.5988 -6.8781
8.1585 -5.8094
5.9979 7.0344
-3.7348 8.1332
-4.8628 -6.7365
-5.7269 7.9224
6.0230 -7.5491
-6.6569 8.1353
8.8199 8.1001
-4.7493 8.0770
8.1025 -5.3628
-4.9604 7.6532
10.3980 8.1554
-5.0129 -7.8922
-6.5242 -6.2667
-5.7577 -5.0882
-4.6208 -7.3109
8.0558 8.1115
8.1141 8.1234
8.7590 -5.5478
-4.4694 -5.3811
-7.3744 -7.5267
10.9660 -5.1340
8.0813 -5.6963
8.1109 8.3999
-7.2544 9.2720
-5.7901 -4.9352
8.0864 -5.2044
4.5986 -5.3831
8.0734 9.7553
-4.0159 10.0380
-3.9192 -6.0240
-7.8212 8.1326
-2.8735 -7.4062
8.1446 6.9741
5.4228 8.4712
-4.7695 8.1045
8.1208 -5.1417
-6.8466 11.7976
8.1501 -4.8779
-4.3559 5.9912
-5.8528 8.1188
8.1190 10.0156
-7.6567 10.0664
10.6530 7.8686
7.8450 -5.1626
-3.9239 8.0629
8.0975 8.0932
8.0600 -5.6916
-8.5477 6.6743
-4.0454 8.1018
-4.8150 -7.5782
-7.2310 -7.2843
8.0103 8.5453
-5.4343 12.6757
-7.3755 -6.8799
-5.7671 -4.6617
8.1465 8.1101
8.1436 -8.8882
-5.8839 7.6025
-5.4028 -4.8315
-5.0358 6.5758
-6.4408 -6.5260
-7.3037 8.1012
7.6519 6.2634
7.8985 -5.3907
-5.4288 -5.4222
8.1489 -4.4329
-5.8819 6.8399
-6.5600 -5.8424
8.1066 -6.7392
-7.3443 -7.9610
9.4012 -5.1517
-4.9121 8.0861
8.1077 -6.1632
-4.8837 10.1431
-8.0589 -8.5536
8.0746 7.4912
8.0804 8.0775
-4.9000 -5.0988
-5.1093 7.1243
8.1176 -5.5806
-6.6535 -5.2061
-8.2645 -4.4499
-5.4244 8.1013
-5.0501 -5.0755
-3.2342 8.0774
8.0878 -4.5393
8.1117 8.1342
-7.0496 8.1116
8.1195 8.1100
-9.3918 8.0969
-4.9566 8.3330
-4.4271 7.7953
4.4155 -7.4289
7.3005 -8.1816
-4.5312 -5.5704
9.0350 -7.4490
8.0548 -5.0104
8.1421 7.8077
8.1258 -6.4920
8.1123 8.0751
-7.0375 -8.1195
-6.3051 -6.6513
8.1068 9.8046
8.1248 -5.8322
5.4069 8.1494
9.5916 8.1310
6.8023 6.5606
9.4379 -6.7861
-4.3650 -4.4806
-9.1248 -9.6457
-5.7500 -7.2220
-5.7083 -7.0091
8.1029 -5.3594
-4.4680 6.5848
5.5690 8.1021
-5.9975 -5.3047
8.0945 5.9512
-9.6229 -5.7503
-8.4122 -4.9964
-4.4024 -4.2440
-5.4898 6.1926
-3.0293 8.8602
10.4561 8.1022
4.2550 -6.4596
-4.8083 8.0923
10.8312 -6.6415
6.8644 8.0946
-5.7759 9.8991
-6.4242 -5.9497
8.1158 6.0848
11.2070 -8.0432
-7.8182 8.0646
8.1200 6.8469
-5.8859 8.1057
8.1374 7.9914
-5.2084 8.0761
-6.2286 -5.9078
-4.9507 -5.0646
-6.3038 -7.0922
8.1482 -4.5081
6.2814 -7.3689
-8.7985 -7.2129
8.0863 -5.0038
-5.5369 8.0837
-3.4925 -5.7391
7.7083 -5.0034
-5.7227 8.0904
-6.4691 8.1709
-8.6039 -8.0307
-5.4945 -5.9952
-6.5556 5.3800
9.6290 -6.7195
8.2355 8.0716
8.1444 -4.0139
-6.5024 8.1206
-9.4155 7.7070
8.1000 -4.7692
8.7425 -3.7658
6.7253 -4.2555
7.6627 -5.4479
-7.1734 -5.3074
8.1234 5.5040
-3.8176 -5.9703
8.5793 8.1036
-9.6418 -4.1225
8.7728 -4.7487
10.6555 10.6242
8.1254 8.0849
8.0966 7.6465
-4.9974 8.0974
6.7768 8.0828
-6.4784 6.9508
-5.7539 8.1190
9.9621 10.1521
-7.3712 -6.2579
-5.8853 -4.4263
-8.2909 7.6519
-5.0006 8.0961
9.0330 -7.8543
-5.2417 -7.1077
-7.2458 8.0791
-6.8974 8.1099
5.8586 6.4990
-5.7188 8.1282
-4.8831 -8.7723
7.2519 8.1270
7.4491 8.0690
-5.7667 12.4372
-4.5352 -4.8226
8.1211 -4.8809
8.9211 -5.5916
-8.3716 -4.5242
-5.9641 8.1179
-7.5226 -5.1001
8.0976 8.1120
-7.1348 9.7685
5.8140 -6.0330
7.1932 -4.1500
10.6805 -6.4795
-4.3169 -4.5361
-7.4514 -5.1230
-6.6093 -7.3065
8.0865 8.1185
-7.1282 -4.9719
9.9525 -4.3252
-6.1431 -4.9048
-6.6496 8.4483
-4.2976 7.2747
-5.4314 -5.2107
-5.2490 8.0837
6.2190 -5.6563
8.0933 -3.8248
-6.6234 8.1273
-8.1628 -7.9951
8.1004 8.0894
8.1067 -6.2804
-7.0727 -6.8167
7.9901 -4.5934
-6.0027 8.0536
-5.9230 -4.6773
-5.7340 8.0993
10.7331 -6.7366
-7.1758 -4.8002
-5.0073 -7.0404
8.4430 -5.7840
8.0828 -5.1636
8.1321 -5.3981
-7.0849 3.6565
-8.5506 9.3300
6.6143 8.0821
-6.0195 8.1052
8.0831 -7.0582
7.8110 5.9170
-4.6610 -6.6638
8.8118 8.1059
-5.4595 8.0799
-7.1814 -7.9080
8.1237 -8.6184
-6.8078 -6.9786
8.1285 8.1303
-5.6032 -5.5794
7.6972 4.1290
8.1081 -7.5533
-4.5751 8.0985
10.5483 -7.3914
8.0864 -5.8797
7.2895 8.0737
8.1091 8.0652
-6.2404 -5.5265
-7.3259 8.0851
8.1210 -6.1580
-4.9757 8.0898
-8.9071 8.0292
7.3418 -3.6096
-5.5177 8.1350
-4.3835 8.1248
-6.1125 -7.5304
-5.2574 8.1209
8.1151 8.1407
8.1212 -4.9041
6.4321 8.1033
8.0781 10.4312
-6.7231 -6.1237
5.1092 8.1330
8.1156 8.1272
-4.4591 8.1033
-7.3205 8.1023
-5.0318 8.5432
12.7023 -8.0345
-6.4536 5.8599
-6.9276 8.1109
-2.6260 -6.4430
11.1836 10.2975
-8.0388 8.0949
9.4280 -4.4737
-4.8931 8.0693
8.1143 8.0757
-6.5458 10.8805
-5.8274 -8.3361
8.0693 -4.6028
-4.5881 8.5858
-6.5365 -6.1235
8.1280 9.5678
-7.3323 -7.0485
8.1121 8.0868
8.0701 8.0859
8.0837 8.0388
-6.4814 -5.6885
8.1227 -5.9442
7.6700 -5.0900
-5.1525 8.1623
8.1003 -6.7258
-7.0184 6.2427
7.8435 9.3149
-4.6534 -5.8613
5.3783 8.0907
-4.3635 -5.5737
-5.6956 -7.4564
-5.1521 8.0734
-7.3856 -3.8907
-7.0287 6.5592
7.3486 -5.9728
9.6487 8.6685
8.1454 8.9688
8.6750 7.7631
7.1277 -7.6936
8.1206 -7.4954
-4.3622 5.9005
5.8408 8.1930
-8.8770 -5.5244
10.7777 -5.8044
7.4404 -4.9386
8.0961 8.0913
-5.1070 -7.0690
-5.3338 -5.8267
-5.2018 -5.7857
-4.9368 -3.8376
-7.6174 -6.0791
8.2460 -7.6522
-6.5751 -5.3441
8.0846 11.3691
7.5628 -4.2017
7.5389 7.7677
-6.3571 -5.7205
-7.1390 -8.2897
-5.5937 8.1351
-4.9043 8.0894
8.0749 -3.5442
-7.3172 -4.8225
8.0957 -5.1257
8.0927 -6.6975
9.9487 -5.4614
7.7681 -6.3412
-3.9103 -4.8791
-3.7982 -5.5093
-6.3068 3.4164
-4.7668 9.2635
6.2466 -4.3413
8.1068 10.0731
-4.6095 10.3775
-5.9392 -4.3830
-6.0843 -6.5799
-5.4932 -7.3584
-4.3823 -5.9667
8.1417 8.0942
-7.5928 -4.4964
-6.4046 -5.8287
5.5451 -5.4459
-6.8528 -5.4201
-3.9035 -5.6755
-6.5139 8.1093
8.1537 6.2589
-4.1455 8.0036
9.1202 8.1278
-4.2327 -4.3971
8.1189 6.9554
8.0986 -4.3719
8.4937 8.7130
8.1344 -8.5083
-4.4536 -6.3329
7.7038 -6.2347
-2.9776 9.9495
-4.4223 -3.4787
7.4415 -7.9755
-7.6394 -5.1643
8.6624 -5.8662
-9.9673 8.1347
8.1267 -6.9989
8.2973 -7.6991
-6.9272 5.5128
10.6970 -7.9338
-7.0079 8.4352
-7.1285 -7.3642
9.1131 -9.4422
7.0555 7.0324
8.1484 -4.6124
10.9094 -4.6499
10.2110 8.9588
-7.6867 -7.3221
8.1052 13.9838
-7.6525 8.1392
-5.0830 3.0653
6.4388 -6.4037
8.3805 -3.6921
8.7362 -7.5958
8.0793 -6.1000
6.5649 -7.0171
8.0855 -7.9169
8.1215 7.6169
5.1129 -7.0294
-7.3770 6.6500
8.0669 -6.9449
-7.5725 -6.3624
8.0994 8.1131
5.7271 12.8896
7.1394 -6.4053
5.0719 6.8555
8.6663 8.1288
6.5130 8.1317
-3.8929 -8.4519
-5.2979 7.6219
8.0809 -5.5117
-5.1460 6.8518
-5.4227 -7.1267
8.0735 -4.8692
-3.9743 -7.2707
8.0834 11.5255
8.0650 12.5926
7.1792 -6.8063
-4.7234 -4.4172
-3.7702 -5.7511
9.1275 -5.8278
-4.8065 -5.4527
8.1087 4.5615
-6.6308 -8.2900
6.5457 12.1795
-4.2420 -8.9750
-6.8091 -6.0089
9.4818 -4.9874
8.0779 -7.9210
-5.8949 -4.8220
-5.2906 8.1675
-5.1569 7.5878
8.9831 7.8895
-5.2106 -3.7886
8.2351 -4.2793
8.1070 -5.3124
-4.3765 8.0503
-4.5216 8.0688
8.7429 -6.4621
8.1658 8.0782
-5.4131 -6.4953
8.0871 8.0949
-5.6210 8.1103
8.6975 -7.4905
8.1431 -5.2003
-6.4410 -7.4976
8.1469 10.1635
-8.1718 8.8085
8.1533 -6.3218
-5.7812 -5.6459
9.8118 7.6702
-9.5219 8.1048
8.1043 -5.7594
3.6317 -4.3167
-7.7943 -4.3287
9.6598 -6.1365
-5.1334 -3.2434
-4.2265 -4.6461
8.0584 -4.9419
8.9172 -4.3021
-3.0916 -6.9771
6.1725 6.8559
5.5276 8.1340
8.7880 -3.2188
-5.4129 11.6038
-8.5901 8.0708
-7.1272 8.1031
-5.4645 -4.9677
-4.9550 -5.8004
-7.3562 -6.0434
-9.5334 -5.2608
8.0839 9.2053
8.0712 8.0911
-7.7157 8.3251
-6.6529 -3.9676
-6.1097 8.0844
6.3260 -6.3461
-5.5575 8.0736
8.1472 -7.3340
8.8394 8.1192
8.1309 -7.9813
-7.2523 -7.9956
-5.6739 -4.4102
-6.3323 -3.3279
-6.1581 -3.6646
-5.2194 -5.5782
10.2073 -5.2311
8.0644 9.0971
-4.4141 8.0969
8.1170 -8.7723
-4.5257 -5.6616
8.1115 8.1422
6.6611 -6.5788
-6.1829 8.0823
9.0016 8.0986
8.7285 8.5176
-4.4998 8.0783
8.0797 8.1138
-7.2189 8.0899
-7.1061 8.6392
8.1060 -5.9937
6.0137 8.0982
-6.9598 -6.3727
-8.4859 -4.4645
-4.9008 -4.8166
-5.8994 -3.8326
8.0932 -7.4649
-7.1869 8.0943
8.0955 8.1297
8.0901 3.6574
-6.7473 -6.2079
-5.6510 -5.4352
-6.9083 8.5529
7.3417 -4.5271
8.1005 6.6089
9.5966 8.8557
-7.6891 -5.6459
-4.0260 5.2725
-6.9669 -7.7511
8.1157 -7.6431
10.5324 -7.0114
-7.7963 9.1793
-4.0184 9.9707
-5.6857 8.0695
8.1146 -4.5133
-6.9795 -5.7888
-5.1114 8.0619
8.1094 9.4739
8.1285 8.1291
-7.1261 9.9300
-4.3753 8.1401
9.8103 -4.7738
8.5220 -4.8967
8.0786 8.4863
8.1355 -6.4347
-5.9536 -4.9263
8.1385 7.0190
-4.1674 8.1152
8.5787 -6.1193
8.1069 -6.2143
8.1559 8.1238
-6.3982 -7.5453
-6.9973 8.1223
-4.9712 -8.7200
6.8294 -5.6712
8.0872 11.5739
-4.8808 -10.6452
8.5069 8.0905
-8.6678 -4.0942
8.1375 -4.5912
-6.2718 -5.4532
8.1307 8.7034
-5.0728 -6.0846
-5.0409 9.2410
9.0885 8.9022
-5.6968 8.1074
-4.4025 -8.6303
-4.3044 -8.2041
6.4465 8.0942
9.2365 -5.4267
8.0661 5.5242
8.9889 11.0845
6.5896 8.1145
-8.1970 8.1185
8.1215 -8.7773
4.8247 -5.5556
6.8582 -7.5529
-6.3487 -5.0103
-4.1566 5.6011
-4.2542 11.6643
11.8141 -5.8679
-4.2767 9.2879
-4.6530 -6.0596
5.9629 -4.5708
-5.0663 8.0715
11.3233 -6.7417
-4.4486 9.4651
-6.6479 9.1128
-4.5287 9.0941
10.8510 -5.8244
-4.8782 4.4687
-5.6993 -6.4658
8.0902 8.0866
8.0906 8.1207
-5.0775 10.4954
-6.9982 8.5631
8.5610 -7.4505
-6.7280 8.0894
6.1986 4.9374
9.4668 9.3716
8.0990 -6.2674
-4.4325 7.0000
-7.7451 -4.9571
-4.8241 -3.7671
-8.6589 -5.6838
-5.8941 8.0832
8.2684 13.1987
-5.8809 9.0674
10.9758 -7.0089
10.8502 -5.8348
-4.6109 6.0305
9.3689 7.6125
-7.3283 -7.6293
-8.9454 -6.5074
-3.9580 6.5869
-5.5283 -5.2380
-3.7691 -4.9162
8.0984 -7.5086
8.1178 8.0801
-6.3384 -5.9920
7.0998 7.0075
7.4642 -4.9815
-4.4906 8.1205
-4.9403 -8.0824
-7.5686 -5.7816
-4.9239 -4.2337
-6.7556 -9.3259
8.0646 7.4225
-5.4914 -3.3228
-4.8362 -6.0337
8.1031 11.3927
-3.5487 9.4139
-6.1204 7.9184
10.2462 -7.1565
-8.8845 -7.7993
8.0569 -7.0859
9.6107 -7.3545
8.0806 8.0826
8.0976 -4.4599
8.1069 -4.8137
-5.8057 -6.1757
-7.8083 -6.5658
-4.7802 8.1321
9.8909 -6.7021
-9.1220 6.2971
-4.6603 -7.1971
8.0585 -6.1482
-8.9698 -7.8042
8.0995 -7.2096
-5.1965 -4.1665
-6.8689 9.3297
-6.1648 -5.4728
-6.5854 8.0884
7.7610 8.1093
-4.8126 -5.6922
-6.1396 8.1201
-6.8465 8.1214
11.2981 -5.2808
11.2231 8.1146
8.1017 6.3370
8.1154 8.0897
-9.2027 8.0997
-5.9502 9.4830
8.1215 -4.6652
-5.3774 -5.5034
8.1054 6.7052
8.2078 -5.3214
-6.3131 -6.4210
8.1133 9.6171
-5.7956 -7.0085
8.1106 -8.2060
6.1959 8.1727
-6.5631 8.0777
-6.5636 8.0836
-6.5335 6.1337
11.4886 -5.4326
-3.3038 8.0791
-4.6127 -5.8975
-3.9341 -7.4400
6.5612 11.8828
-7.2341 -6.9649
12.6100 -7.7526
-4.7315 8.1003
8.0548 8.0654
-7.6481 8.1245
9.6685 8.0605
-3.6756 -9.7666
8.1416 8.1186
-4.3022 8.1621
7.3812 12.1423
8.0949 -5.4202
-8.1212 -7.0406
-4.1977 5.2640
7.7287 -8.3173
-4.5407 -5.4774
-5.3634 -4.9602
10.4684 5.1961
8.4515 -4.3795
8.1051 -5.4495
-7.0562 -4.6576
5.8845 10.8799
-5.3889 8.0977
6.5045 -5.5974
-8.3231 8.0791
-6.2219 -4.7172
8.1120 7.6943
-7.1296 -5.2621
7.2984 -6.2808
-4.3038 8.9470
8.0925 -6.1033
8.0778 9.0663
-3.4214 -4.4261
-4.5226 8.1297
-7.5800 6.1221
-6.4977 8.1373
8.0663 -6.8583
8.1195 -4.7510
6.2472 8.0986
8.1218 -4.8694
-8.3255 -6.6264
8.1006 8.1538
-8.0998 8.1455
8.0813 -4.6358
-5.7066 8.1264
-4.4546 -4.5828
-8.6221 8.1629
3.0555 -5.5617
-8.8522 7.9628
8.1156 10.1146
8.1067 -5.0925
-5.4834 8.1319
-6.5022 -2.9235
-9.2022 -6.8816
8.0928 7.3859
8.1230 -6.4978
8.1087 8.0375
8.0997 -6.4135
-4.8502 8.0008
-5.0798 8.1123
-8.1235 -7.4385
-3.3669 4.4545
-6.3821 -9.3549
-6.0552 -5.1009
9.9540 8.1003
-5.1485 -5.6431
-6.6651 -5.2407
-5.9312 -6.1870
8.1504 9.9417
7.4755 6.7806
8.1103 -7.1087
10.1076 -3.9483
9.5053 8.1136
11.0333 8.1070
8.8906 8.1335
8.1107 8.0762
7.9825 -4.9915
-5.3547 -6.3971
-6.3977 11.0198
-5.8493 8.1070
8.0832 8.1264
9.4275 8.1142
6.2130 -8.7693
-5.7100 8.1105
-3.3554 8.1246
8.0902 -4.6129
11.0327 8.3324
-4.7381 -6.7868
8.1027 -8.0403
-4.6590 8.0794
-5.6335 7.7739
-4.3984 -6.6079
8.1120 10.6521
-5.1579 8.0678
8.1008 10.5342
-6.0410 8.0884
-8.2082 9.3219
-3.5736 -7.9266
-5.0050 7.4776
8.0821 -4.3123
-6.4445 -5.4804
9.1981 8.1143
-4.1041 9.1581
-5.8109 8.1153
-6.1569 -5.8805
-5.2834 -3.1363
-6.1528 -7.7850
-4.4884 -5.1950
-6.4843 8.1146
-6.1779 8.0824
-5.0737 7.6681
6.0079 8.0901
6.5592 -6.8890
-5.0957 -4.0849
-5.7587 8.0759
8.1322 -8.2816
8.0659 8.1387
-5.0536 8.1261
11.1583 8.1261
8.0997 8.0769
-4.8421 -4.5143
9.7203 7.7638
-8.5625 -5.6990
-4.8546 -7.0308
-4.4385 -5.9765
-9.0184 7.9060
-5.9601 -6.1993
-6.1276 -7.1049
-4.6699 -7.0971
8.1110 8.0510
-5.8037 -4.3596
-6.1052 -5.6313
-6.1416 -7.6008
-4.8275 11.0699
9.3660 -4.7285
8.0753 -5.6611
-5.0306 8.0599
7.7798 8.1029
6.4530 8.0959
-5.9219 -4.3037
-4.5184 5.6247
-4.3317 8.0917
10.6311 8.1209
-6.5380 9.6894
-6.7587 -4.2770
-4.9094 8.1195
-5.5478 11.5929
-4.1082 11.5045
-7.6615 8.1093
-6.4806 8.1446
8.1129 12.6083
8.0827 -6.7916
5.0103 -5.0256
-8.6630 10.4082
-5.0312 -8.6310
-6.3356 8.8110
-7.8441 6.2642
8.0997 7.8782
-4.5298 9.5226
-7.8168 -6.1979
-6.8230 8.1121
-7.7771 8.8902
-7.1363 8.1197
8.1280 -4.1482
8.3574 -7.9945
-5.9471 -6.0934
-5.4437 8.1221
-4.8485 8.0943
8.1437 -8.3005
-5.8854 -6.8703
-7.0044 8.2246
-4.6602 8.0306
-4.6180 -6.7676
-8.6107 -6.5987
10.2843 -4.6050
5.3058 8.0884
-8.2647 -4.7668
10.1371 -7.4625
8.1153 -6.8539
8.1016 8.0858
-6.5397 -7.2498
8.0960 -5.6647
8.1309 10.0849
10.0900 8.1404
8.1343 -6.3513
-3.5116 -7.4181
-6.3548 8.1171
8.4908 4.9632
8.1138 6.9111
8.0274 4.9545
6.4607 -4.7463
8.1269 -4.6730
8.1100 -10.3200
10.2813 -5.0413
8.0821 8.0692
8.0717 -4.8358
-3.7292 8.1229
-8.2727 6.8229
-5.2575 8.0642
8.1004 -7.7017
-8.4309 -5.1335
8.1309 -5.8083
-5.5487 4.8045
7.5047 -5.4083
8.1231 8.1235
8.7032 10.3945
-5.2190 -7.7159
-6.2034 -3.6265
8.5132 -7.1529
-5.4535 8.1109
9.2979 8.1427
-7.1573 -6.5754
8.0798 -3.2646
8.0864 -5.9979
2.5109 6.1165
-9.3871 -5.6471
-9.1286 -5.7806
-5.9589 8.1459
-8.2929 9.1630
-5.4221 8.0904
8.1065 7.0335
-6.6712 -9.2094
-5.4304 -6.1981
-5.3288 8.0674
-6.2599 -4.6981
-6.5309 7.0116
-9.0615 8.1054
-6.6453 8.3759
-6.1868 -5.3907
10.1328 10.9139
7.3328 7.9267
8.7743 -8.0359
-9.2033 8.0591
-8.2448 8.6340
-6.9321 -8.4156
-6.3373 -4.1101
8.0898 -5.0669
8.1047 8.0929
7.8101 -4.7925
6.2620 -3.9127
-8.5340 -4.3583
6.6283 -7.4447
8.0286 8.1349
11.0522 -4.3500
-6.5745 8.1084
-4.1501 8.7180
-7.0748 -6.7031
12.1162 9.7916
-2.4281 -5.8585
-6.9147 8.1021
-4.0869 -8.5170
-6.0703 8.9543
-3.9577 -8.2815
8.1341 9.4850
5.4161 9.2274
-8.3732 8.0819
-8.0263 5.3785
7.0439 -5.7055
8.1055 8.1249
8.0733 9.1153
-6.4216 7.0271
-4.4899 -5.1806
8.9181 -6.2265
-5.7907 -6.1667
8.0908 -5.7435
10.7394 8.9467
6.4710 -6.9050
-10.3922 9.7599
-6.6200 -4.8395
5.0872 8.1487
-5.7889 8.7482
8.2866 -4.8195
8.1105 6.4113
-6.6238 -5.5512
-6.4507 6.5747
8.1419 5.6639
8.1349 -3.3866
8.1220 8.2378
10.7885 -8.2996
10.2430 -7.0335
8.1004 8.0684
-6.4171 6.2401
-5.4433 9.0377
-6.3801 -6.8852
-5.5209 8.8114
8.4756 -6.4324
8.2938 8.1046
-5.6980 8.1751
-4.3903 -5.6395
-7.5205 -6.1729
-6.5683 8.0869
-5.2599 8.0966
9.7141 -5.2349
-4.8933 -5.8179
9.4599 -5.3999
-8.6300 -3.2464
-6.5975 8.1370
9.4492 -6.9851
-6.1331 8.1026
-4.4652 -5.6579
8.1046 8.0922
-4.7994 -7.4043
8.1187 8.0826
-6.9242 -7.5777
-5.0093 8.1193
8.1107 -5.3809
8.0974 8.8275
-4.5627 8.0978
14.8278 -8.1890
-5.0415 8.0895
-7.9562 -7.3525
-7.4839 8.0745
-7.2220 8.1150
7.0503 -5.5588
-5.0824 -7.3394
-7.4555 -4.2051
6.0427 9.8238
-6.4100 -6.3405
-7.3315 -7.5087
8.4447 7.1004
-8.2120 8.1217
8.1201 -3.4918
-5.9960 8.9463
-6.2376 -3.8900
-5.9997 9.4424
8.1403 -5.9677
-7.2927 8.1116
8.1655 -8.5691
-5.9545 8.4472
-5.2162 9.3779
10.1353 -4.1747
-7.1956 9.6635
6.5496 -9.1065
-4.8288 5.6774
-6.4371 -5.8144
-4.3783 -6.3194
-6.4870 -5.1109
8.0709 11.1006
-5.1747 -5.8392
8.2470 8.1007
-4.9291 -5.5078
-6.0405 -8.6781
8.7184 10.6450
-6.2043 -7.4862
-7.1071 11.0561
-7.4484 -5.8141
-7.9539 8.4151
8.1043 -5.5794
12.1726 -7.4265
-5.5989 4.9854
-6.3622 -4.2060
8.1137 -5.0353
9.6767 -7.8550
-4.1359 8.0989
8.1261 -6.4946
-8.9442 -9.0505
7.0853 7.7982
-4.0752 -5.0592
-5.5597 -6.0306
-6.4753 -6.5415
-6.8368 -4.4699
-8.2115 9.4770
-6.5412 2.5865
-6.2516 -4.7880
-10.0896 -4.4577
-6.8887 9.7329
-8.2826 -7.5201
8.0966 -8.4750
-7.9034 -4.7422
-4.4167 8.1476
-8.1663 8.0928
8.1101 8.0929
-6.3225 9.9371
-5.1166 8.1050
8.1483 -4.7005
-5.7533 10.2971
10.7911 6.4345
-8.4728 -8.6302
8.0839 8.2630
-4.7959 -5.5734
-4.7113 -7.3367
8.0977 -5.6590
-7.5626 8.0984
-6.6703 -6.7661
7.2292 9.9400
8.0918 -6.4193
-7.1227 10.4287
-5.9496 -4.0828
8.1043 -7.2903
8.0941 8.1238
-4.7273 7.5570
-4.8407 -4.0561
-4.0147 -7.0011
8.0897 8.0928
8.1326 6.1813
-8.3412 -7.6182
-6.1878 -5.5476
8.0964 -8.9580
-5.7309 8.0892
-6.1964 -4.2883
-6.1546 8.1167
-5.1179 -6.4180
-8.3143 12.7769
10.3357 -7.1230
-6.9451 -6.8815
-4.5316 8.1388
-7.7175 -5.3855
11.0199 -5.6779
8.0803 3.3146
-5.6893 -9.6465
-8.8892 -4.8553
9.1935 4.4887
-4.8064 -6.2734
-8.5805 -5.5821
8.1205 -5.9185
5.1486 8.1190
-10.7585 -5.8046
-4.9441 -7.5362
8.1101 -6.5244
-7.2139 -8.6263
9.2779 -7.9585
-4.7722 8.8267
6.3405 -8.8898
-5.4860 -8.0720
-4.8715 -7.2014
8.1176 -5.9040
6.5998 8.1289
-6.2356 8.1062
8.1013 -5.5689
-5.5715 -5.5527
-4.9416 -5.6488
8.1086 -4.2436
10.9249 -7.1443
-6.9885 -5.7237
8.1248 6.4471
-9.4211 -5.5251
6.2371 -5.8010
8.0389 8.1141
8.1253 -8.1049
-6.1408 -4.6958
5.5342 -4.0084
6.0008 -4.6252
-5.1526 -7.9331
6.8135 6.5644
-5.6563 -5.5416
-5.6046 -4.9675
8.0925 -6.6174
-5.0226 7.7731
8.1426 8.1210
8.0857 -7.2281
-7.9839 9.7433
8.0464 -8.4475
-6.4031 -8.2131
8.0731 -7.8400
5.3363 5.8497
-5.8259 -6.0346
-3.9913 -4.5991
-4.4967 -7.3461
8.0961 12.0165
7.4474 -5.8861
6.0441 8.1051
8.0705 10.0384
8.1315 4.6743
6.8330 8.0850
8.0927 8.8284
-7.0219 -6.6738
8.0896 7.6039
-6.1616 7.3427
8.1400 -6.4402
8.6858 -10.4247
-4.6782 -6.0096
-8.3207 -4.7137
-4.8433 8.1271
10.7658 8.1008
-6.5638 -5.2418
4.6340 -7.0988
-3.8372 7.8143
-5.0115 6.7143
-3.9956 -6.4715
8.1522 -6.9463
8.0409 9.1550
8.1262 5.2479
8.1003 6.8112
-6.1454 -6.0796
-6.6435 -5.0785
5.2862 -7.2763
8.1045 -4.6402
-5.0794 8.8763
-7.3736 -6.3290
-5.2994 -6.2449
5.4382 -4.1626
-6.7385 8.1065
8.1035 8.1441
8.2314 5.6503
8.1316 -8.0356
8.1059 8.1002
8.1528 -5.8924
-4.5390 8.1127
6.0729 -5.4712
-6.4771 6.7059
-9.2320 8.0912
-3.8648 12.1088
-4.5372 8.4827
8.0884 8.1146
8.0589 -9.4064
8.1050 -9.2287
-4.7289 -4.8762
10.4068 8.1481
-5.7415 7.1115
9.6188 6.2121
8.0936 -7.4031
9.4040 9.5900
-5.1549 9.4171
-5.9505 4.9287
-5.3119 -4.3034
8.1224 -5.3836
-4.4444 -5.4785
-4.7545 -8.8021
-5.5719 8.1304
6.9001 8.5322
-5.3371 9.1437
-6.9692 8.1754
-4.0235 -6.2818
8.0775 -5.5903
-4.9302 6.0529
10.7974 5.7069
8.0859 7.7655
-6.5523 8.0594
-8.2354 -7.5315
8.1018 -6.1327
-5.1443 -6.6656
-4.7022 -8.3599
-6.4020 -3.9413
-5.0676 12.2810
-8.4449 -3.0793
8.3024 8.1106
-6.5384 -5.5482
-5.1999 -6.9220
-6.1795 8.0191
-7.5333 -4.0988
8.1266 10.7835
9.3516 7.3521
-7.3318 -4.5727
-8.7762 8.2335
-6.8075 9.2837
-6.8272 -4.4548
7.6542 -6.1017
-5.0850 -6.2251
9.4081 -5.8367
-7.8439 -6.1669
-4.5616 -6.1507
-8.4245 -7.5927
8.1496 8.0845
7.4579 -8.3083
-5.6303 -4.3441
8.1054 9.5433
-5.7345 7.6914
-5.8995 -6.4440
8.1010 -7.4343
8.1218 9.3431
8.1183 8.0972
8.1408 -4.9780
-3.6244 -6.5337
-7.1940 -8.9972
-6.8464 10.4062
-8.4959 8.6609
8.0921 8.0822
-4.2727 -7.7120
8.1194 -3.6287
-5.1648 -6.9883
8.0861 8.1208
9.4802 2.8329
6.2076 -7.6350
-6.0802 8.0808
7.1795 8.1290
-5.0909 8.1537
5.6562 9.5747
-9.1505 -7.0074
-7.9360 8.1158
-3.3736 8.0671
-6.8119 -4.7210
6.3415 10.4367
-5.9349 8.1223
-4.9943 8.7126
-5.8732 8.0998
11.2533 8.0893
6.7556 -7.2115
3.6417 -9.7868
4.9694 6.3836
8.0806 -3.7503
8.0906 -6.7605
-6.9526 9.7278
8.1269 -6.8822
-7.4295 -4.0100
7.5587 9.7042
8.1053 10.8763
8.1297 -4.3647
-5.2953 -4.4550
8.0982 -5.2829
-5.0122 8.0995
11.7873 -5.4268
-4.2567 8.1122
-4.1479 -5.0930
8.1286 -5.1654
-5.4787 8.1169
4.5476 8.1102
8.0897 8.0983
-4.7585 8.1016
8.0973 7.6217
-3.0868 -6.4508
-5.7614 9.2720
-7.2480 -7.8152
9.1581 11.3397
-5.5868 -7.9008
-7.8119 -5.9282
8.1219 8.1405
-6.5266 7.0772
8.9689 -6.2971
-4.3869 -8.1683
8.1627 -6.0462
-4.9359 -6.4243
8.1167 8.0872
-5.2152 9.5003
-8.1717 -5.6433
8.0869 -7.2210
-4.9714 -4.5909
8.0988 8.0798
8.0741 6.9954
-5.5444 -5.0166
9.0705 -7.0522
8.1119 -7.7496
9.8476 -5.1301
-3.6442 -5.6867
8.2046 -5.6109
-6.3254 -6.4754
11.8076 -9.0234
-5.6475 8.0980
-5.7009 -6.3783
6.6269 -5.6943
-8.5046 8.1273
-6.3552 -6.9622
8.1199 -7.2593
8.1137 -6.6426
-6.9502 -6.9547
8.1343 10.1262
-6.6900 8.1262
-4.6978 8.1269
11.0039 -7.3576
-6.9675 -5.9574
8.9824 -4.5024
-5.1467 -7.5300
10.8909 7.9358
-5.3454 9.6728
8.0948 -6.6977
8.1206 -4.2373
-7.5122 -7.7182
9.1664 5.9822
-3.9797 -6.2590
-4.6482 11.2808
-6.1490 -5.7081
8.1019 -6.6253
10.6875 8.0838
8.1238 -5.4255
8.5391 6.7054
-6.1460 -4.4127
8.0576 9.4462
-7.3657 -7.0289
-8.1102 -6.1332
-5.1330 -8.0090
-5.3586 -6.7384
8.0969 9.8517
-6.6081 8.0517
8.0826 -5.2254
8.4104 6.7215
7.0948 -7.6312
-4.0433 7.2425
-4.0094 -4.7757
8.0968 8.0892
9.0351 -4.3295
-7.4892 8.9748
-9.0625 4.4431
-4.1926 8.1375
-6.5871 -4.3926
8.1232 8.1157
-6.1011 -4.1079
8.1421 -4.5389
-5.6801 5.7157
9.4318 -5.7983
10.0599 8.0955
-5.2924 8.0919
8.0914 -6.3823
8.0798 -5.2343
-5.8218 8.0814
-5.8809 -4.3780
8.5586 6.7381
-5.9713 -7.8212
8.7373 -6.5208
8.1021 -6.0690
-5.0979 -7.1350
8.0872 8.1060
6.6431 8.1510
5.6797 -6.3488
-8.6272 10.1253
8.1240 8.6808
-6.6632 6.0350
-6.9908 -4.5650
8.0983 -5.7325
-6.2745 8.1039
8.1458 -5.3550
8.1311 7.2350
-4.6105 8.1129
8.0972 -7.5820
-5.6388 -5.0703
-4.4981 8.1299
8.1032 -5.2010
8.1230 8.1446
4.5582 11.6785
-8.5393 8.1522
-4.8457 -5.7910
-7.6455 8.0726
-5.5911 -5.8591
-7.6378 8.1135
-5.6217 8.6407
-6.3527 4.0618
-5.8214 8.0818
-6.0203 7.2495
-6.0007 8.1131
-5.0009 8.3463
-5.4909 -6.9764
7.2298 8.0929
-7.8368 -4.8410
8.1040 -6.6141
-6.5713 6.9139
5.7556 -4.6310
-5.3339 -6.9563
10.0295 8.9080
9.0974 8.1490
-4.3356 8.1291
10.8250 9.6380
9.3739 10.7212
-4.8671 8.1199
-6.0995 -7.6929
7.0512 -5.2578
-6.5199 10.7903
-5.1926 8.1311
-5.5893 7.5173
10.1646 -3.9073
-4.1248 8.0753
8.1268 -4.5014
-5.3269 8.1364
8.0868 9.9090
-5.5412 -5.1572
-4.4180 -5.5094
8.0816 -5.4392
6.4014 9.4263
-4.1573 -6.2438
8.1018 -6.9493
8.0837 7.6650
-4.5698 6.2997
-5.3154 9.6883
-6.4631 9.4545
8.1319 8.5800
-6.8375 4.0688
-4.7154 -9.1009
-4.4135 8.1299
8.1307 -4.6637
-7.2715 9.3296
-5.3046 8.1037
7.8972 8.0218
8.0806 8.1349
-5.1501 -7.5992
-5.1151 -5.2474
8.8294 -4.9456
7.1235 -8.1937
-4.9189 -8.2562
-8.3053 -5.5941
8.1481 8.1465
8.0655 8.1444
-4.9573 8.0674
-6.1025 8.1414
-4.3423 -6.8447
-3.5363 8.1132
8.0628 -6.4408
-6.0961 9.6491
-6.6336 -5.1158
4.0652 12.5835
-3.6826 8.1293
9.7269 -4.4885
8.0880 -6.4402
-4.3356 11.2648
-8.1299 -4.4877
9.3636 -6.7948
-9.4090 -5.0865
-5.5178 8.7914
-7.9176 8.1061
-7.8844 -7.7733
-5.0455 -7.8335
9.1059 -6.2483
-8.4659 -6.8699
-6.5093 -5.2127
-6.5389 -7.2298
-5.3454 8.5312
8.1069 9.9022
-5.2788 -5.4087
-5.2262 -6.2068
-6.5784 -6.8165
-5.8411 -5.0802
12.8525 -7.1587
8.0726 -7.2630
8.1203 9.1930
-5.7551 8.6424
-6.6193 9.2534
8.1171 -6.9489
8.1405 5.8704
8.1373 8.1039
5.7218 8.0921
8.0812 -6.0465
10.3584 -4.4630
-8.1770 -5.2935
9.8766 -5.2476
-4.4928 8.1077
-7.6798 6.3721
-7.1103 -7.9081
-5.7185 -5.4932
-6.0234 -6.7933
-5.9198 -5.4215
8.0705 -5.1386
-6.9577 -7.6861
-7.2497 9.0659
9.2285 8.1809
-5.4515 8.1112
8.0817 -6.0950
8.1010 8.1418
-7.7514 -9.4204
7.8813 7.6572
-3.8930 -6.8834
8.1444 7.7029
10.6133 8.1068
-7.8575 10.7347
-6.1174 -7.4403
-7.9383 -5.3583
-6.9928 -5.1949
-4.9009 -4.9320
-8.5217 9.1061
9.2561 -4.2690
-5.7328 8.1337
-7.6919 -6.5001
8.1088 8.0937
-5.2372 8.1167
8.1350 -8.1108
9.7993 -7.4183
-7.7596 -3.7881
-4.9266 -6.9294
8.3412 -5.4257
8.1079 -5.9289
-5.5939 -5.3481
-7.9527 -5.8916
-5.0376 6.1698
-5.7331 8.1415
-9.0588 8.1174
8.1196 -3.2441
-8.2938 8.0963
7.8992 8.0894
8.0999 -7.7957
-8.4215 9.3161
9.4459 -7.7313
-4.5792 -5.7772
8.1311 -5.2074
-3.9998 -5.6771
-6.2340 8.0778
8.0746 -7.2141
8.1207 8.0573
-4.0972 -5.7116
11.1999 7.2978
8.5008 -4.8900
8.0308 6.3701
8.0881 6.2849
8.0970 10.7024
-6.2548 8.0835
10.7717 -8.1816
9.5844 9.7808
-4.4367 -6.6182
-6.4706 8.4428
8.1075 -5.5535
-5.1920 -4.0835
-6.4092 -5.5025
11.5577 -6.5125
-4.6362 9.0740
6.3302 8.0871
-4.7643 -7.6069
8.5680 -4.2963
-8.6762 -5.7258
-6.3853 8.1517
9.5625 -5.8075
-4.9085 -8.0264
-5.0655 -5.4964
8.0896 -8.6350
-4.5942 -7.5004
8.0877 11.3690
-8.4395 -4.2315
-3.3869 -8.1892
-9.0728 -7.0739
-4.9769 5.7146
-4.8088 -4.6918
-4.4143 8.0912
7.9064 8.0565
-5.0178 8.0851
7.6418 -7.7718
-6.0094 8.8895
-5.5303 -6.4036
8.1026 -4.7951
8.3020 -3.8414
-4.2866 -5.3303
7.0943 7.8233
9.9111 10.8202
-5.1746 -6.6215
7.5595 8.0066
-5.3386 8.1476
-6.5069 7.7255
4.0839 9.5524
8.0919 -5.1051
-4.9692 8.2995
11.6582 -8.8442
8.2801 -5.8995
10.0074 -7.8579
-6.6417 -6.2870
-5.9479 -6.0620
8.0711 -6.5975
-5.3923 9.8400
-4.7799 8.4120
-3.2780 8.0942
9.0847 -5.4822
-4.6766 -7.4739
8.1450 -6.0966
-6.4529 -5.6745
8.0926 -4.3287
-3.7167 -4.7557
-5.3677 -7.0267
-3.7928 10.3597
-5.7638 -4.1526
8.1383 9.3027
-5.2496 7.1593
10.4604 -8.9611
-7.1356 7.7707
8.1040 -2.6660
-6.1864 -4.1029
10.7017 8.3283
-8.3742 8.1371
-5.7744 8.8415
-8.4538 8.1156
-9.4542 -5.8303
3.8356 8.0866
9.0305 8.1211
-9.2854 8.0857
8.1159 8.0997
8.1160 -5.7097
8.1168 -5.7209
-4.4836 8.1215
-6.5892 -7.2745
10.1592 -5.3638
-5.3245 -6.0472
3.2967 -7.7945
-8.0532 -6.5487
6.2478 8.0929
8.0617 -5.5057
-4.6316 -6.1767
-4.1568 -6.3515
9.6423 -10.0952
-3.8972 -6.2520
-9.6823 7.8123
-9.0652 -5.1299
8.1291 -7.3021
8.1070 -7.2776
8.0857 -3.2704
8.1088 -6.8266
-6.1060 8.1113
-8.5496 8.0569
12.5757 -6.7834
8.1186 -4.7043
9.2239 9.3005
8.5994 -4.7611
8.1042 -4.5479
-6.4772 8.1168
12.3435 8.1121
-4.0085 8.1491
-4.9939 -6.6265
-5.8790 8.1138
8.1243 8.0876
11.1441 -6.1429
-6.4709 8.0756
-5.5925 9.0904
-8.6062 -8.6087
-7.0251 -6.3184
7.6102 -7.0808
8.1225 -5.9065
10.8849 9.6831
-4.0278 8.1198
6.1292 11.4859
8.1461 -4.2725
-3.6278 -8.8789
-5.6238 -6.8332
-2.9587 -4.1515
8.0847 5.6555
8.0946 7.5384
8.1069 8.0948
8.1126 -4.6287
-7.1177 -8.7654
9.1491 10.0776
-4.5355 -6.2157
8.1011 -9.8075
7.8715 8.0866
8.0992 -6.7457
7.2948 -6.1933
-6.7672 5.8471
-8.6659 8.6780
-6.4156 5.7127
-6.2496 8.3630
-4.4058 8.0979
-6.2446 -4.0852
7.0912 8.1518
-7.9999 -5.2491
8.0859 8.0621
-3.9919 -8.5627
-5.8890 -6.8014
-8.0764 5.4865
8.1372 -6.3412
-4.2655 -7.1808
-4.9916 -6.3272
-4.7738 -7.0363
-7.1126 -7.2785
-5.8463 -4.4542
-6.8132 8.1005
-4.2745 -4.7330
3.4309 -5.0382
-4.6094 -7.6936
-3.8201 8.5442
-5.9345 -4.7350
-5.3895 8.0875
-5.1647 -8.0274
-4.1684 8.0942
8.0965 8.0879
-3.7627 8.1183
-8.2448 8.1368
6.0502 -6.8996
3.7779 -6.1579
-8.2137 8.1176
10.1769 10.4894
-6.5151 -9.1644
-5.5217 -7.5741
9.3655 8.3798
-7.0044 10.9525
7.9032 -7.1354
-4.9097 -5.6072
-7.4403 7.8521
8.0535 9.8981
7.9238 -4.3740
-5.9241 6.7671
-9.8706 -7.9922
8.0926 8.1207
5.7335 6.3230
8.0913 6.5282
-5.0110 8.9542
6.5701 -4.8626
-7.4276 -4.8092
-7.3927 -6.4170
8.1474 8.2832
8.1022 6.4823
8.1205 8.1037
8.1391 -5.4628
-3.5565 -5.1799
8.9461 -5.7714
12.8229 9.2652
11.1590 7.9242
-9.3141 7.5713
8.1390 -3.3490
6.8827 8.1126
8.0887 -4.7116
0.9554 3.5463
8.0912 8.0951
-4.0965 -6.1214
-5.7796 -6.0805
-6.9161 10.6103
-8.8247 -4.7538
9.2944 11.2127
-7.6574 8.0752
8.1052 -5.5786
7.9392 11.3170
8.5909 8.1129
-5.0964 8.1578
-6.8142 8.1283
9.6140 11.6622
-7.1131 -8.9396
-6.6299 -5.9210
-6.8817 -5.3239
-8.7051 -8.3180
8.1217 -7.5143
-6.0243 -5.6316
-8.2064 5.7174
7.0732 -6.7303
-7.3006 9.3783
10.5175 -9.0822
-7.2853 -5.5522
-4.6010 -6.6257
-5.1198 10.9459
9.1755 -7.2063
8.0897 6.5657
5.0343 8.1502
-6.0793 9.4543
-5.7758 8.1064
-5.8584 -4.7052
-6.9368 -6.0696
-6.8159 -6.1202
8.1194 -4.8753
-6.0483 8.1134
8.1124 5.9521
8.0876 -6.0159
-5.9520 -5.6485
-6.2373 8.0830
-4.1702 -6.2099
8.1161 7.1277
8.0836 -4.6903
8.1359 -6.8696
-5.8962 9.6190
8.6021 8.0993
8.0963 8.1133
-7.1014 8.0937
-7.6797 -4.5204
-3.9614 -5.2812
-3.6045 -7.4530
-7.1445 -6.8156
6.2921 8.1542
-6.3733 9.1012
-8.3419 6.1925
-4.9835 -6.9672
8.5928 -5.6262
8.0792 -5.0096
-8.2966 8.1070
5.3210 -7.9820
-5.1108 -8.1093
-5.9935 -4.1117
8.0905 8.0748
8.1187 -5.6105
-7.4846 11.3013
-6.8755 -4.6971
5.3957 -5.4664
6.5930 -6.6257
8.0925 -5.4422
-5.7093 -5.1771
8.1226 6.2169
8.1206 8.1087
-3.8931 -5.7643
8.1115 -7.5356
-5.3045 9.8484
-4.9380 -9.0061
8.0977 -5.9176
-5.8034 -6.9563
-8.1554 7.9844
8.0710 8.0926
12.4273 -8.3623
-5.7859 8.8241
-7.0169 -5.7724
-6.1181 -8.0784
4.8960 8.5930
-5.2873 -5.6678
8.1239 -6.1637
6.9971 8.1126
-9.0805 -5.2201
-7.2251 8.0920
8.1179 -4.3562
8.2248 7.4749
8.3374 4.5497
8.9339 -5.3449
8.0948 8.1591
7.6258 -6.8726
8.1170 8.0847
8.1495 -4.9298
8.0860 8.1372
-7.4354 -5.3162
-6.8163 9.1542
-7.4950 -2.5333
8.1463 8.0993
-8.8328 -4.9330
-6.2766 -7.1931
-6.6127 10.3004
11.0593 7.0975
-7.7656 8.1132
-5.1955 -3.9791
8.0575 8.0873
8.6348 8.1447
8.1335 -6.4434
-4.8889 -4.5677
8.0983 -7.9647
7.6001 6.7557
10.6274 -5.1462
6.6328 -6.8563
8.0911 -5.7685
5.4774 -4.0398
5.7043 -5.2460
8.0566 -4.6871
5.7058 8.1198
-7.9569 6.6426
-6.1892 -4.9576
-5.0177 -5.7095
-5.1379 -7.3031
-5.3975 -7.0818
-5.9485 -5.2609
-8.4426 -6.4052
-5.3868 8.0659
8.6633 -7.6343
-6.8144 -4.5291
8.7487 -6.7102
8.6203 -6.2294
8.1309 6.6382
-7.2768 -5.6771
-6.3893 6.3011
-5.3351 -4.8502
8.0752 -4.7725
-4.0120 -5.6740
-5.7979 8.0827
-6.0214 -5.9432
8.1140 8.0262
-6.5125 9.7004
-5.2606 -5.1079
-5.0928 8.4968
8.0944 -5.9026
11.6622 8.1083
-5.0684 -6.9417
12.6772 8.0683
7.8314 -4.3241
8.0859 8.1131
-4.4800 -5.3814
-6.8820 -6.4573
-6.6208 11.1993
-4.1969 8.0947
-4.2328 -5.8499
-4.5027 5.8474
-6.9084 -5.5118
-6.3264 7.4187
-6.2681 7.0855
-5.0007 -4.8530
-3.2001 -6.1229
8.0892 8.1228
-5.5790 -4.8447
-4.0082 8.0895
-5.4214 8.0849
-4.0936 8.0950
-8.6106 9.5728
12.3450 -8.3071
10.7153 8.1273
9.0848 4.5436
9.5396 -6.0028
-6.3400 11.0022
8.1038 8.8897
8.0687 8.1147
-6.3461 -7.5759
8.1049 -5.6360
8.1177 -6.8236
-3.8811 -7.5165
-5.9317 -6.1195
9.0816 8.1161
-4.3605 6.8611
-5.6225 -5.3275
-8.4702 -6.5399
-3.9708 -5.3542
-4.9482 -5.7209
-6.8971 10.3420
-6.6370 6.4661
-3.5947 8.1653
-2.9072 -4.8129
6.2150 -4.3653
-5.0094 5.9052
10.9160 -4.4407
8.1084 -6.0791
-6.9141 8.7146
8.1498 -7.2606
8.4793 -5.5567
-7.1691 -7.5065
-5.4641 -5.6458
-6.3212 -4.4044
-4.2220 -5.9853
-7.2593 8.1198
8.1133 -6.8939
8.0688 -7.8207
8.1064 -7.0933
8.1316 8.2994
-7.3244 -6.1035
8.0880 7.3981
8.1395 -8.2164
-5.7580 -6.0140
8.1160 8.1071
-4.6862 8.1237
-7.1105 -5.8438
11.9282 -7.4779
-8.4531 -5.7122
8.3655 8.1179
11.0386 -5.7798
8.0908 -6.6631
-3.7216 8.0050
-5.5221 8.1340
-5.5506 8.1288
6.2373 -6.8016
-4.4919 -5.0164
-6.2549 -4.1508
10.6156 11.6850
8.0569 -3.3938
8.1231 7.8339
8.0995 -6.8924
7.2890 8.1011
8.1550 -5.6262
8.1250 -5.1197
8.0971 8.1244
8.1325 -7.5391
7.0423 8.5741
8.0966 6.4636
-3.9182 -7.8245
-4.1584 7.2008
-6.1125 8.1273
8.7957 -6.6060
-7.7583 8.1407
8.0650 8.0986
-5.2591 -6.7259
-4.1361 -7.9472
-4.7403 8.0668
6.5473 8.1099
-8.7339 8.0909
-5.5070 8.8077
7.4523 8.0993
11.5781 8.1162
8.0810 -4.9427
-9.2875 -8.8653
8.1352 -5.2808
-7.0788 8.0757
10.1721 -4.0408
-5.9557 9.1474
7.9750 -4.9703
-9.8180 8.0759
11.0210 -9.1374
-5.7593 -4.4563
8.1161 8.1197
-6.6186 -5.6009
8.1001 8.3910
8.0417 -5.2566
-4.7630 8.1146
8.0671 8.0846
-5.1443 -4.4318
-4.5372 7.4706
8.1245 8.1227
8.1075 -5.2477
-4.9567 8.0949
-5.1784 -4.3111
-5.0383 -5.5263
-4.5520 -4.3612
7.2823 -7.7014
8.0957 11.7961
-5.6676 -5.3406
8.1304 -4.6486
-4.8010 -3.6393
-7.0297 -6.8906
-5.3582 -7.7928
-6.3785 -5.9776
-7.6464 8.1294
-5.5587 8.1082
8.1079 8.0647
-3.7325 8.1210
-7.3145 7.5303
-5.6628 -7.2790
4.8924 -6.5337
-8.4082 8.1075
6.7675 -5.1027
-4.3145 -4.9182
8.1020 -5.9622
-6.5800 10.6384
8.0888 8.0833
8.1042 -5.9216
-8.1553 8.1476
11.9101 -5.0226
-4.9791 8.0646
-8.6071 -7.6604
-7.1038 11.8902
8.1046 -7.1685
-6.8106 -6.3872
-4.9598 8.1047
8.0907 -6.3180
-4.6306 -9.0825
-6.6403 8.0979
-5.6088 -5.2863
-7.7433 8.0817
-5.7750 8.1450
7.5237 8.0841
7.1976 8.1163
-8.0457 -6.0534
-8.1791 -4.3105
-6.2083 8.1338
-4.2321 -8.1192
-6.8757 8.7159
-7.6456 -5.2817
8.1321 9.2576
9.7689 8.0714
8.0732 -5.4734
-7.3970 8.1079
6.8009 -5.1838
8.1387 11.6964
8.0863 5.0210
8.8082 -5.7158
-4.7123 -5.5881
10.5163 -5.1799
-7.4187 -6.6355
-4.8955 -5.7393
-4.1438 8.1347
-6.5156 9.6980
-4.7750 8.9601
5.3368 -6.9751
-4.9224 8.1150
10.7677 -4.9394
6.8472 8.0917
8.1255 -6.5374
8.1077 5.9927
5.7274 7.6631
-5.3144 -8.2896
-5.0838 -5.5263
10.4850 -4.5101
8.0994 -5.1335
9.7822 6.1055
-5.3132 -4.9943
-6.3028 8.0876
-7.6492 -7.3845
-4.6831 8.0892
8.1190 -6.2597
-4.9068 -7.0511
-5.0629 8.1375
-5.7283 7.1727
-4.1652 6.5475
-7.7361 -5.9580
-6.5197 9.4171
-5.4753 8.8388
-4.3395 -4.4428
-3.9486 3.6483
-6.2596 -6.8192
-4.0253 8.1224
-5.8760 8.0745
-4.8354 -4.5964
-5.2499 -8.0208
8.1151 -6.8016
6.0577 -7.2021
8.4415 9.0913
10.0202 -6.8483
-9.4056 9.7038
8.1233 8.0563
-6.5713 -7.8675
10.8691 -7.3589
8.1000 9.6469
-5.2531 -5.9552
-4.5460 8.0931
-7.3922 8.0691
-5.8368 -4.3609
-4.9665 8.0379
-5.8609 -6.9266
-8.2083 9.3981
-4.4674 7.1983
10.2908 -4.7385
8.0875 -4.8909
8.9802 -6.8742
-6.2070 -6.6589
7.7541 -4.2875
8.1832 8.1174
-7.0453 -5.1728
8.0830 14.0973
10.1363 -5.5833
8.0911 -4.9310
8.0773 -8.9189
-7.4722 8.0635
8.1129 8.9403
8.1099 8.0769
-9.0798 8.1091
-7.1610 8.1862
7.9151 -4.6449
8.1611 8.1134
8.1011 -5.2638
6.5580 8.0913
9.1541 -8.4666
-7.2624 8.0897
-7.2230 -4.0650
-6.1078 -8.7195
8.0809 -4.9835
-5.3003 8.1168
10.0232 8.1198
-6.2367 9.0383
-5.9389 6.2369
4.0959 9.2882
8.0968 10.7159
9.4923 -5.4202
8.1114 8.0651
-6.0210 8.1010
-8.7354 -7.8630
8.8625 8.0641
-7.6009 -5.3352
8.1107 8.1308
-4.2980 8.0847
8.1205 -5.0705
-6.5628 -5.2347
8.1100 -5.8978
6.9420 10.1090
-7.9656 8.1522
-4.4367 -4.6727
7.8471 7.3827
6.1502 8.1146
8.1127 -5.5058
-4.9738 7.2603
-8.9270 8.6494
-5.1705 -7.6782
9.2471 8.3299
12.0810 -5.5780
10.7524 8.8999
-5.0917 8.1150
10.4481 -4.0858
-6.0154 8.0467
8.0368 -6.5085
-5.1633 9.3233
8.1520 -8.1337
8.1089 7.0568
8.0594 -6.7323
-5.2422 8.0929
7.8608 -6.0307
9.0211 8.1604
8.0877 -7.4886
8.0347 8.1101
-7.4095 8.1200
-8.8254 8.1029
9.5331 -5.5881
-6.2394 5.9216
-4.9342 8.1075
-4.3064 8.0841
-5.7864 8.1081
-3.6319 9.8859
-4.6541 8.1018
-5.5364 8.1015
9.4450 8.0470
-4.2030 -8.1015
12.1081 8.9751
-5.4160 8.0764
8.1275 -5.1378
-6.1341 8.1161
-7.0144 -5.7205
9.4795 -8.8176
-5.4054 -4.2459
8.6087 8.0699
6.5850 8.1053
-5.7255 -5.1402
7.3738 8.1239
-4.7431 -4.5094
-7.8352 -7.7234
-5.4941 -4.2474
10.1587 -5.5021
-6.5744 -6.0410
-4.6004 8.0899
10.6752 5.9307
-4.9376 8.1287
8.1305 6.9383
-7.8927 -4.1854
-8.5642 -4.4242
8.1206 -7.2361
9.1218 8.0777
8.0770 -5.9923
-6.5006 9.9526
10.8242 8.1390
-6.0445 8.0703
8.0866 8.1456
7.0329 -7.5551
8.1051 8.1220
-4.0294 -6.9207
8.1329 -7.9545
-6.7048 -5.8130
-4.2400 -3.8225
-5.1836 -7.4551
-4.9944 -5.9606
-6.4556 -8.5474
8.1092 -8.4131
-9.5558 -3.9857
-5.0666 9.6717
-5.5607 -6.0734
8.1215 8.1099
-4.4696 8.0840
8.1081 -6.3828
11.1668 4.8823
-5.9485 7.5826
4.8157 -7.5220
10.9216 -6.7448
-6.0010 8.0889
-6.7233 -4.7236
-4.3422 7.8259
-5.1854 8.4965
8.1274 -6.3084
-4.0080 -6.2070
-6.6569 -6.2277
-5.3089 8.2709
-6.1358 9.1442
-3.7828 -5.1453
-6.7325 8.1318
6.4190 4.8513
-3.6729 -6.1053
8.1229 9.7230
-5.1439 8.1175
-5.6622 8.1143
7.2596 -4.8925
-5.1637 -6.6970
9.9078 -4.9210
3.9909 -3.8094
8.0558 -4.9441
8.1079 8.1378
-5.8241 9.7678
-4.2461 7.3429
10.8022 8.8520
-7.6250 9.9061
-6.2715 -7.3014
-6.7105 -6.1751
-6.4748 -6.6089
-7.6034 -5.5885
-5.8025 -5.1257
9.7350 -6.2175
-7.0726 8.0932
5.8696 8.0975
8.5732 8.1647
11.0703 8.3955
8.1277 8.1017
-7.0718 -5.8700
-5.0042 8.0772
-6.9042 -9.1157
-5.5985 8.1263
-8.0239 -3.6357
-8.5298 4.7612
8.0454 -5.4960
-5.8061 9.1439
-5.8999 -7.7335
8.9362 -6.3605
-4.9614 -6.7159
-5.8439 6.8826
8.1087 -8.7570
-5.3437 -4.1742
-7.4324 -3.3799
-7.6265 8.0534
-4.1614 -5.1704
8.0960 8.1376
-6.1646 9.0765
-6.9179 -5.2559
10.0100 -4.8092
-6.5131 -4.1988
-6.0209 6.3865
-9.2610 8.1209
-7.8572 -4.9142
9.1578 -5.0610
-5.9734 9.3523
7.0727 6.1301
-5.4274 -5.8912
-4.1560 -4.9827
8.0811 5.9084
-5.4672 7.6249
9.6916 -9.3751
-3.1994 -5.3915
5.3104 8.1116
8.1074 8.0799
-8.9990 8.1062
-6.1287 11.1237
10.0093 10.3242
8.1224 7.3265
-8.3808 -4.7292
-4.8316 -5.5979
-6.0906 -4.5052
-6.8967 8.1362
10.2722 8.1534
-3.8994 -4.2428
8.1075 -7.8957
-6.8194 6.9147
-4.7478 -5.7117
-4.0903 -3.8352
-5.4150 8.1189
8.1032 3.6718
6.4813 8.0971
-8.3364 -4.1284
-4.8141 -6.6591
6.1298 -5.3813
-7.5256 -7.0720
-7.2200 -3.3846
-6.2223 -5.2220
9.5965 8.1254
-5.5179 8.1089
-7.6829 -6.9006
9.9852 8.0655
8.0777 -6.9933
8.1138 7.8637
5.8788 10.8277
-6.8157 10.9758
-4.9507 -7.3363
-7.8727 -6.3576
8.0843 6.5581
-6.5770 8.5727
-7.5445 -6.2198
-6.0602 -5.9351
-6.8753 -6.3423
-5.8532 8.0984
7.3404 8.0968
8.1281 8.1504
8.8876 5.5065
8.1143 -8.5142
5.4769 -5.1553
8.1023 8.0997
8.1472 -5.1061
-4.4964 -6.6027
8.0801 -6.5488
-5.4187 -8.0324
7.8879 -6.1445
7.5092 -6.6314
8.1078 8.1067
-4.3330 5.8047
-7.5576 -5.0242
8.0856 -6.0659
8.0748 -9.0897
-5.8808 -6.6169
-6.8588 -6.6818
9.6941 -9.0178
8.1099 6.7612
8.0591 -6.1437
8.1150 8.1190
8.1155 -4.1797
9.7828 -7.0818
8.1213 -6.7752
-6.9261 8.1263
-5.9490 -6.4939
-7.9436 -5.4529
-5.7556 -4.7025
-5.5151 -8.6634
8.1243 -5.3705
-7.9428 -4.4325
8.0884 8.1138
9.3474 8.1231
8.1125 -7.9694
-4.6267 -5.5420
-7.0221 8.1228
5.0401 6.3328
-5.4016 8.1209
-5.4606 -4.3264
8.1624 -5.5677
4.3125 8.1193
8.1319 8.4432
-10.0764 -8.8422
-7.5280 -5.6558
-7.0091 7.4901
-4.5978 8.4754
-5.1394 -3.9156
10.5609 8.1264
-6.0044 -5.9855
-4.8223 -6.5679
7.4868 8.0769
8.1168 -5.8384
8.4220 8.1079
-5.0400 -5.0008
8.0046 6.2425
5.7043 5.8261
-3.3335 8.0849
5.0315 -3.7955
8.0791 10.1487
8.1064 -5.4393
-4.7904 -3.9730
8.1124 3.3554
-4.5665 11.8497
10.3370 -7.6478
10.1799 -5.7442
-5.9885 8.1013
8.1308 -6.3119
-5.8179 -4.9307
-7.8042 6.0982
-5.6975 -4.1365
6.7723 -6.1735
-2.5434 8.0552
-5.0984 -5.3846
7.1641 8.0557
-5.3640 -4.9265
-5.0685 8.1187
-6.1891 11.3619
6.9508 8.1219
-6.7491 3.7495
-6.5266 8.8047
9.9534 -4.7670
-9.3160 8.1221
8.1174 8.1061
9.3699 8.1063
-5.7015 8.1058
-7.3602 -8.9378
-7.9172 8.1308
-6.9397 -6.4832
8.1178 -7.8386
-6.0061 9.2188
8.0977 8.1168
8.1128 -7.2013
8.1148 -6.8299
8.1088 8.1023
-4.4908 8.1117
8.0958 8.1111
-3.7723 -7.0855
-5.5445 7.5994
7.2577 -4.5203
-6.5491 7.7463
-4.4610 8.0962
8.0925 -7.6083
9.9441 -7.4575
8.1054 -6.7923
8.9234 -5.1241
10.1206 -6.5631
-5.4575 -5.3052
7.3337 7.5313
6.0015 -7.8948
6.4308 6.4670
-7.9583 8.8797
5.2317 -5.1907
9.4578 -6.0063
8.1264 12.2718
-7.0853 -5.5111
-5.3330 -5.5937
8.1278 8.0058
-5.2805 -6.0452
12.0796 8.1171
-6.5250 -5.0727
7.6978 8.1003
7.6018 -5.4646
-6.3069 10.7411
7.0697 -5.2159
10.1441 9.4780
-8.0284 -8.1487
-8.0556 8.1147
-9.3310 -7.5139
-5.5744 8.1128
8.6320 -5.0800
-6.6171 7.4293
8.1082 -6.7510
-5.9968 8.1103
8.0958 8.1141
8.0879 -5.9779
-5.9759 -7.9226
-4.8738 10.9203
-3.9131 8.1409
8.0835 -5.2689
-5.0390 -5.3411
8.1287 -4.5971
13.7547 7.4831
-8.0415 -8.3186
9.1799 -6.5834
-8.4609 -3.8094
-7.6036 10.5109
-4.9254 7.8838
-7.2744 7.3478
-6.6759 -7.8143
8.1570 8.0776
9.1274 -5.7067
-8.5121 7.4755
-4.0305 -7.1516
8.1978 8.1058
-4.9034 -8.5504
8.1093 7.3813
8.6808 8.1045
-6.3267 5.3316
8.0934 8.0768
-6.1430 -7.4416
8.9878 -6.8632
8.0820 -7.3916
-7.2690 8.0934
-6.3381 -6.2521
5.5065 7.5677
8.1717 -4.5766
-5.1216 -5.3401
-3.9778 -8.6895
8.0779 7.8865
-8.2055 8.1060
-6.8445 -3.8902
-6.3034 8.1209
-5.8276 7.0329
-4.5165 8.0718
-5.9894 -5.1397
8.6656 8.1038
8.4033 -7.4848
-4.6088 -6.8639
8.0946 11.9537
8.1252 -5.0174
8.1215 -6.4048
-7.6619 -6.4590
-5.1121 6.3664
-10.3550 6.5619
-4.9602 8.1309
-5.2309 -8.6882
-6.6675 -6.2596
4.6174 8.1307
-6.8168 8.6733
-4.3556 8.0092
8.0928 -3.6740
-7.3100 8.1123
-8.2782 8.7951
11.4874 9.9030
10.1196 8.1185
7.4290 8.3411
-3.7738 7.0927
6.8095 -9.7302
8.1318 -7.8216
-7.6247 -7.9607
5.4894 -6.6138
-4.5535 -6.0174
-5.5799 7.0230
8.0889 -4.6456
-6.7020 -7.5463
8.1071 10.2922
-5.6511 10.1924
9.0982 8.1158
8.1165 -7.5680
-5.7855 9.6149
-4.4732 -7.4587
-8.5393 -4.8586
8.1088 8.0810
-5.5551 5.1487
8.1025 8.1319
-5.7621 -8.0337
8.1225 -4.3873
8.1238 8.1107
-8.4706 -5.1755
9.7118 8.1008
-7.4235 8.0903
-7.3355 9.4496
9.1026 6.7229
7.5233 10.7055
8.0913 9.6738
-4.7846 8.1178
-5.6613 -8.3519
10.6810 8.8415
11.0413 7.7291
8.5692 -7.4922
-5.0940 -7.4121
8.0768 8.6671
7.5864 -4.4687
-7.7784 8.1450
-11.4569 9.4868
-5.3039 8.0843
-4.4307 11.1248
-3.9898 -7.6628
-6.1236 -5.7583
11.5584 -4.9710
8.1029 -4.6520
9.5345 -7.2272
-4.7573 -6.6265
5.0410 -3.5557
8.0802 8.0983
-6.1057 -4.2052
8.1154 8.0918
-2.9109 8.4956
8.0844 11.8026
9.3379 8.1096
8.1410 8.0954
-4.8351 8.0856
-8.1968 8.1191
-6.9363 -3.7888
-7.6364 -6.7018
-6.7945 9.8291
8.1284 6.6687
8.1025 -3.7045
-4.7638 7.4994
8.0818 -6.1544
8.0930 -6.7977
6.6883 -6.7498
-6.8402 -4.8507
8.1000 -4.2081
-6.7342 8.0729
-8.9932 -6.4078
8.0941 -5.1416
-5.0741 -8.2495
4.8356 8.1369
-3.5587 6.8210
8.0929 6.0154
8.1103 -5.5746
12.0284 8.0881
5.7095 8.1019
-4.9542 8.0825
-5.6038 8.8905
6.4221 7.5098
12.5392 -6.0506
8.0702 4.8158
-4.6935 -9.6068
-6.0918 -6.2203
6.9350 -6.0312
8.1419 -6.3305
-6.0123 6.8358
-7.8960 7.5808
8.1254 -6.2955
-5.1144 -6.4556
8.0980 -8.5768
8.0857 -6.3834
-4.2532 -7.3278
8.1109 8.0894
-5.0156 -8.7512
-3.7190 -6.2696
-4.3994 8.1234
-7.8011 -4.5571
10.0768 -8.2971
8.1294 -7.0147
-6.2782 -4.5258
10.7059 8.1291
-5.1481 10.4190
-5.0777 8.7399
-5.7411 8.9674
-8.2111 -6.7077
8.0727 -7.2525
8.1374 -6.1379
-4.5296 -5.4023
10.8895 -7.5903
-4.6954 8.1135
9.6818 10.0994
-8.2459 8.2194
-5.7708 -6.4180
-5.1271 9.1026
8.1254 -5.0234
-5.5605 -6.5668
-6.1395 8.1230
-5.9014 5.8596
8.1242 8.1300
8.0868 -6.5925
-5.6992 8.5435
-6.8177 8.1165
8.0535 -4.8498
-4.7152 5.3717
2.5407 -7.3323
-5.0412 8.1096
-5.8575 -4.4160
-7.2166 -5.0492
-8.3277 7.7442
-6.8301 -5.8774
-8.5009 8.1164
10.0610 -8.4072
-5.5055 -5.5133
8.5496 -4.3584
-5.6264 -7.0643
8.1289 8.5424
8.1366 -6.4602
-7.3898 -7.1336
-7.4385 -5.9905
-5.8208 -7.8225
-5.9787 -4.1867
-4.4880 -5.1571
-7.3309 9.2948
-6.4863 8.0853
8.0894 7.3854
7.6256 8.0883
8.1085 12.7000
8.1449 -7.3272
8.0955 -5.8113
8.1057 -8.5734
8.0966 10.4239
8.0871 -6.1744
9.7042 8.1475
-8.2055 -5.7217
8.1206 -7.1554
5.5220 -7.8214
-4.8234 10.9523
-5.3061 -9.3304
9.0325 -7.9097
8.1014 7.9284
-5.0175 -4.7712
8.0920 -8.7140
-6.8602 -6.2735
-6.6319 -4.8378
-6.9209 8.0937
8.1269 -5.9152
8.1021 -5.0205
8.1610 -8.5835
9.0481 9.0418
-5.0086 -5.8446
-5.1379 -8.3047
5.6198 -7.3306
-5.6505 -6.5776
-3.9712 -3.4799
-6.2512 -6.7440
8.1091 9.0079
-4.2042 -8.9891
-6.7754 -4.3481
9.0200 -5.3209
7.7920 9.3658
-5.0978 -6.1687
7.3417 -7.8512
-5.0995 8.1361
8.0804 -5.6923
8.0905 -8.1591
8.1015 -5.2083
-6.6146 8.1106
-4.6575 8.9487
7.9812 10.8214
-8.5241 8.1373
8.0574 -7.8870
8.0696 9.5655
-6.9130 -5.5015
8.1229 8.1238
-4.9579 -4.6488
-3.8855 -5.6086
10.5851 -7.7473
8.5860 -6.5024
-6.5120 -8.5610
8.1058 9.4468
-5.2667 9.7362
-8.9636 -6.7729
-6.1066 -5.3537
8.1347 8.0573
11.1374 -5.9150
-6.0571 -5.1978
10.5650 -4.4038
-4.7369 -7.0622
9.4040 -5.4420
8.1074 7.9583
-6.4663 9.7239
-8.2870 -4.4081
-4.3662 7.1099
-7.2268 8.4989
-8.7641 -8.1647
-4.7465 -3.8869
10.4946 -6.8445
8.0837 10.5584
-5.7851 10.5782
7.0104 -4.4591
-5.8272 -5.7182
-6.2956 -7.3485
8.1207 -6.3772
-5.1647 -5.0803
-5.0806 8.1593
8.4822 -6.5228
10.9776 -7.6909
8.0936 -4.8617
-7.3985 -6.9953
-3.6166 10.6834
9.1458 -4.4045
-3.9332 8.0903
-5.9287 -6.9041
-5.4590 9.3668
8.1159 -4.5291
-6.7107 8.0903
8.1346 7.9476
12.2820 10.9000
-4.4861 -6.4164
8.0873 -4.6191
8.1510 8.1368
8.0925 8.0814
-9.3954 -8.2893
-6.7085 8.1248
8.1170 8.1555
-7.3469 -5.8499
-6.8636 -5.7520
8.0990 -7.0211
8.0818 8.0998
8.3201 -4.8415
-5.6536 8.1357
-5.3585 -5.5427
7.3412 8.0776
-5.8855 8.0979
8.0865 -6.3241
-7.2427 -7.8840
7.8063 8.1082
-9.2365 -7.1465
-4.9865 -7.2443
-4.8300 -6.2758
-4.3073 8.0844
-5.8022 9.2461
8.1284 8.0748
8.1006 8.1050
8.1222 -4.0045
-4.8101 8.7167
7.6188 -3.4961
-7.2172 7.8633
8.0685 -8.9119
-8.3488 9.2579
8.1964 7.1599
5.5685 -7.1928
-7.2647 -5.9183
8.1026 -8.2337
8.2112 8.0736
8.1075 8.7872
-6.9453 5.4086
-4.7348 -6.4179
-5.6381 -4.7991
9.8406 -4.0933
-5.1762 6.1192
-5.7569 -5.2190
-6.2570 -5.6868
-4.1601 -4.8930
-9.3617 -3.8166
-6.7826 10.8172
8.1267 -5.3930
-4.3782 -5.3243
4.3146 -6.1075
8.1615 8.1268
9.3612 8.0842
7.8960 -4.5384
-8.8424 8.1103
-4.9748 -6.2453
-5.0312 5.8622
7.3903 10.3710
7.8915 -9.3384
-5.1253 -4.2369
-5.8190 -4.3016
-7.8576 -7.8020
-4.0896 9.0280
-8.3551 -3.9737
-4.0930 -3.7515
8.2052 11.5886
5.5751 7.6366
-4.6448 9.6192
-3.3698 9.6021
-5.4176 -7.9532
-8.2694 -5.2047
-6.8939 8.1279
-6.6377 8.1389
8.1435 -6.5615
10.0913 8.4655
-5.7085 8.6312
-7.7520 -6.1094
8.1257 -8.1815
6.3293 -7.5339
8.1150 -6.4550
-4.9665 -6.6908
-5.8367 8.1041
8.1217 -3.1230
-8.5766 9.8585
6.4838 -5.4126
10.3595 6.4539
-5.5362 -5.4562
-7.1987 -8.5739
-7.2982 9.9275
8.1069 8.1068
-5.4027 -5.1966
8.1034 8.0841
-8.3533 -5.4204
8.0852 -6.6560
9.6030 -1.2024
2.7029 -2.2303
9.0421 0.4163
3.1546 4.9118
3.2367 5.0145
-1.1738 9.6778
0.6897 4.6133
4.3898 1.5229
7.6034 8.6369
-1.8261 -0.3790
8.4797 4.8123
-3.0751 6.7936
6.8211 6.4410
5.7214 8.0376
9.4762 8.2675
-1.4608 2.6045
0.0962 3.0080
3.9119 1.0915
3.4562 -3.1290
0.6484 7.6396
4.3280 7.8963
5.1539 7.7792
9.6761 4.6541
6.1343 9.8841
7.7070 5.0066
7.7134 5.6155
6.7111 4.6620
6.3239 8.5203
1.4640 7.0189
4.5324 6.4772
7.3786 -0.5804
5.1402 4.8143
7.2564 0.4825
4.7542 6.6245
0.6860 2.4127
4.8179 -0.5747
0.5869 4.4628
8.4957 -1.7307
-0.9999 1.3266
3.3993 6.0335
0.6902 3.4783
4.3381 5.7271
7.9632 -1.5179
9.1882 -1.4450
3.1944 0.1764
-2.9186 6.4193
-1.2378 8.7835
5.2871 -1.7582
5.2355 -1.9541
2.5232 7.9255
0.7328 -1.6363
10.6720 4.6066
-0.3311 8.1808
7.9220 6.1661
8.7008 6.3923
-1.3798 3.6532
6.0417 4.8542
9.8362 4.8478
7.7133 6.6867
5.5895 6.9781
3.1931 10.6628
3.6386 4.6098
-1.9544 8.6677
8.7856 8.1665
10.3340 6.7747
4.6738 10.5781
8.0155 -3.2755
6.8408 8.9777
4.6957 1.9416
-0.9620 -1.0979
10.4259 -0.9328
8.5921 -1.8787
8.7420 2.7452
6.9463 1.4857
-1.1804 5.2147
-0.7105 9.2828
5.3551 6.3224
7.4317 1.4242
6.2522 2.4549
7.0001 7.5768
7.4822 2.5248
-1.7590 5.2727
4.8694 8.5305
9.0497 6.7033
4.9778 3.6266
9.4975 7.5198
2.0539 -0.5523
7.3308 7.3520
9.4852 5.2551
7.7333 1.9255
8.2098 8.7898
9.2669 9.8254
8.1752 7.9233
8.1699 0.6539
2.9773 6.6881
7.6254 -2.3308
3.8453 9.1364
10.6411 -1.7988
3.3949 -1.0695
3.6699 0.1083
2.4228 7.0830
1.5657 4.2007
10.5480 10.0846
9.3378 6.8703
7.2845 7.4546
1.9986 8.4034
6.8690 6.8065
8.0135 4.8203
4.6220 2.2048
7.0005 3.4762
4.4667 3.3478
7.0270 4.9871
8.3507 8.6418
5.3999 0.7726
-0.5882 4.6252
0.8715 7.9147
0.9880 7.4551
9.4511 6.1340
5.7014 6.4818
-0.8838 0.4643
7.1487 -0.9995
8.5396 6.6088
-3.9887 9.2676
4.2678 7.9414
9.4092 5.4843
-1.1241 1.7521
8.8710 0.0815
6.6893 9.9058
2.6580 4.3415
-0.0132 -1.1571
8.4671 0.3128
1.0375 7.9122
8.6766 7.7975
0.4641 1.3402
5.5217 1.3817
-0.4221 9.4031
0.8318 0.6210
6.7275 8.0416
-1.6604 1.2727
-3.4764 -0.7884
7.9779 3.2799
8.4182 0.4133
9.1484 8.6137
6.2002 9.5824
3.3881 4.7812
1.1346 5.4220
6.8647 8.1929
6.2128 -1.8672
-0.9092 7.2674
2.1115 8.2578
6.5996 8.3957
-0.7341 7.4255
-0.1289 1.7784
6.6585 -0.7673
0.0522 -1.0031
6.6413 -0.3039
3.0402 4.1360
4.2653 1.5995
0.2952 4.7420
2.7873 6.2665
-2.4667 -0.6657
2.9931 3.9383
7.8430 7.8621
6.9198 1.1746
5.0751 2.3639
7.1345 6.6513
6.7992 7.9613
4.7818 -0.6003
9.6743 4.7889
0.9856 -2.4936
9.4565 -2.6696
-0.3879 -2.3271
2.7838 -0.0257
8.7046 7.8525
-1.1300 2.8542
6.6298 5.1968
4.8686 -1.0482
10.1337 9.6739
8.6301 -2.0348
8.5819 -2.4888
1.4813 2.3555
3.4317 -1.2215
3.3670 7.9360
8.5339 -0.4513
8.0174 6.8210
8.5442 8.8144
4.7986 7.6216
3.2130 6.3006
10.5125 10.1205
2.2053 6.3860
6.9322 7.4866
8.6759 9.3438
9.9077 7.0086
3.3285 9.7158
5.1980 6.3943
10.1254 7.5881
5.7585 3.1512
0.1457 7.8194
7.5465 7.4223
0.7960 0.0273
2.0364 6.5663
1.4114 6.7326
8.8032 0.5618
6.1708 7.9104
4.4384 2.2982
7.4866 7.6897
-0.7948 3.5730
2.6475 10.4511
8.6509 9.2425
2.2438 -1.0540
-0.0983 7.6999
8.8452 7.5158
-1.8108 9.8150
6.9949 5.5465
2.5840 2.2296
6.0957 4.5670
7.9952 0.6064
9.1484 6.6804
-0.1359 5.3029
6.5600 0.0452
7.7085 3.0792
-1.6130 1.8590
5.0667 4.8466
3.7481 6.1221
4.8792 10.0267
9.2294 6.1653
4.0260 7.7842
7.9111 4.4295
10.3272 9.5520
7.3056 7.3065
9.7779 2.9539
5.9335 8.8271
9.7397 3.1348
2.0863 2.7452
4.2592 9.3209
2.5687 4.4869
3.0408 -0.6585
4.9489 8.3147
4.8080 7.5939
8.1726 -0.4449
8.8891 2.7275
1.9240 8.5470
1.1343 7.2387
3.9848 2.9200
5.6221 5.5138
6.6423 -0.5565
9.4540 8.2283
6.9623 9.2357
8.5401 6.4642
8.7772 8.4769
5.9321 6.9541
10.2297 5.6941
10.4413 -0.4446
4.5776 4.4771
7.8468 0.8614
-1.0510 8.1157
2.0588 7.5889
8.2381 -1.2672
-0.6980 2.9082
-0.0517 0.5280
7.4534 7.4239
7.8717 8.3177
4.1698 10.3198
11.1486 1.0393
9.7868 -1.0334
-0.8662 4.8769
-4.4582 -0.5260
8.4395 10.7627
2.7544 7.0485
8.7916 8.9102
2.8221 -1.4523
2.8633 -1.5076
8.4120 8.3277
8.8926 -0.8947
5.0845 -1.8854
8.4138 10.1267
7.6017 -2.1357
8.3495 5.9045
7.6383 2.4904
2.5226 8.9080
-1.1943 8.5277
8.5834 9.4267
10.4426 10.6004
7.0290 8.3177
6.7810 2.9245
-2.9960 9.4482
2.5518 4.7143
0.1034 1.9682
6.4965 0.2377
4.8359 7.0731
0.7734 2.2304
5.3048 7.2651
8.1916 3.4507
5.9679 -0.0554
5.0957 6.2817
-0.1255 5.1678
8.3074 2.5758
7.1238 8.2536
0.2723 2.0797
8.3428 7.5956
8.8113 5.5521
-0.2692 9.1501
-0.8243 7.4312
8.5232 -0.3402
10.0538 11.1247
-0.3433 6.3267
3.6977 4.7896
6.8962 -2.5991
-0.7695 6.8934
5.9859 2.5866
4.7709 6.3995
0.5158 5.0965
4.4256 7.4794
-0.6482 6.3376
7.9318 2.5474
5.4836 7.1050
-1.9096 3.8188
2.7724 9.1174
4.8434 7.7467
8.0908 3.6532
8.3327 8.7119
6.3359 3.2267
-1.6694 8.4133
4.9047 5.4616
7.2028 6.5609
8.4041 -0.3943
7.3708 -0.8931
-1.4377 6.8736
0.9822 -0.4081
7.4269 -0.7855
5.2917 7.9063
-1.2534 -0.3155
7.5332 4.0793
8.1680 -0.5574
-0.2406 6.3412
-0.2590 4.6613
11.8967 -0.2544
7.8721 10.4925
8.8843 2.0827
7.7533 5.4782
7.6921 7.1587
3.1840 3.7956
4.1663 8.8198
4.9075 -2.4458
8.4350 4.8907
7.7414 -1.4542
10.4595 6.4247
7.5010 -2.4474
0.1495 -1.5897
7.3159 2.4827
6.9933 6.0952
8.3079 -1.1299
9.1130 4.9520
3.5747 5.0792
-1.5961 -1.9598
3.5644 1.9063
7.5197 1.6415
7.5064 7.0966
8.5074 -1.8713
9.1705 -2.8226
7.7568 8.5663
7.0597 4.8174
5.7307 5.2065
9.8927 9.5681
4.8934 9.1177
8.2096 9.4755
6.5460 -1.2512
8.8420 0.2920
8.2233 -0.1125
6.8385 -1.5140
10.2625 7.2959
7.3866 -1.3767
9.7267 9.7134
3.2950 4.9582
9.8208 -1.6095
6.6155 9.1296
-1.3343 3.0015
5.3050 -2.0437
-1.2781 4.7478
7.7347 5.9646
7.7367 3.3325
-1.5408 10.3366
6.9983 7.9139
7.4739 5.1899
4.9211 1.0068
7.9674 -0.3441
8.9038 8.1196
8.2804 1.9785
-0.5365 8.8184
4.4153 3.8909
1.2812 0.1201
0.2356 4.8887
8.5660 -2.3123
10.2212 -0.1961
-0.8540 6.0291
1.2483 6.7316
9.4381 5.0619
7.2379 3.3737
6.8517 -2.5289
8.6504 10.5821
4.1389 2.4402
-2.2041 9.2074
7.8175 10.1657
2.4520 -1.6490
0.5343 2.1510
10.0251 4.0764
8.7891 7.1543
2.3979 5.0073
2.2520 5.4375
8.1400 8.7582
6.0115 -0.1707
7.0644 2.8788
7.9707 9.0380
6.6377 2.7667
-0.6079 3.3440
7.1959 4.3857
2.6243 5.0559
7.5560 -2.4874
-0.8488 -1.4023
0.2259 5.7617
6.6180 4.4935
3.4541 -1.0928
10.0171 6.8780
5.9327 6.8610
3.8811 2.4968
6.7917 -1.8037
9.9875 10.2233
6.9599 4.7444
2.4176 5.0081
8.4834 0.3848
2.6968 1.3164
8.9029 -1.3905
-2.3469 11.0067
4.9716 3.4671
1.4689 0.5627
9.0131 7.5574
8.2394 9.4735
8.2568 9.2592
11.5249 7.4062
0.3117 0.2246
-3.1823 1.8152
3.6433 7.8380
12.0315 10.8386
6.0771 8.0570
4.4328 5.0297
-1.3466 8.0516
-1.6845 3.2748
9.7572 -0.1572
8.9310 9.9528
-2.5243 7.0600
0.9497 6.5491
-0.4762 4.3703
4.9955 3.4119
7.4744 8.6569
8.5441 -0.2235
8.3208 7.9446
0.0835 2.3266
1.1664 2.1723
9.4290 -1.9827
0.0215 5.3760
7.8256 3.1594
-1.8228 4.5550
8.6018 2.9024
7.7628 1.0190
-1.1605 2.7740
8.4510 3.4316
3.8846 2.6175
2.6676 4.8388
8.2400 0.3680
-1.6436 -0.3431
1.4307 7.8486
7.0911 1.9335
6.5961 -1.3335
8.0636 7.4023
8.6122 7.9406
1.9329 4.6736
5.9670 2.7567
7.0214 4.8047
8.5455 4.7972
-0.0945 -0.8949
0.4814 6.8922
3.7423 1.1313
9.1923 4.2713
5.3240 2.9715
7.1258 4.6244
8.6864 -0.1609
6.1019 2.7471
8.1706 4.6007
10.0841 8.0373
-0.5716 9.7345
6.8740 4.2009
6.6517 9.1076
-1.9028 4.6613
5.9884 5.1920
3.8169 7.2494
7.4540 -3.4464
-1.4472 10.5214
9.5594 2.1607
8.7544 9.5687
-2.2274 3.9693
-0.5812 0.1910
9.0294 10.9966
7.7829 2.2954
-1.9509 4.6791
8.9276 5.0792
8.7945 8.5380
7.6041 -3.4352
7.4351 8.8383
9.7010 0.3211
0.6571 9.3398
-0.7341 -0.7404
7.6072 0.4089
-0.8238 -0.9317
7.4719 -2.3310
10.0611 2.6536
7.9626 5.0219
1.6370 7.7500
2.6734 4.7681
7.3950 5.1561
4.4925 7.1983
-1.7151 4.8392
-0.5365 3.2131
-0.5005 5.1801
-0.7314 -1.9058
7.9025 6.7170
8.5579 6.5762
-0.3605 5.9979
-0.5070 7.5558
0.1643 -0.5320
3.9054 -0.1490
4.8289 3.4330
3.2393 8.9364
7.2917 5.7574
7.7892 10.0312
5.0729 6.8730
7.5384 4.8305
-2.6549 7.4813
9.0139 1.2533
2.5063 -2.6352
6.6174 6.8724
-0.4743 5.8115
5.9943 10.8775
9.3437 8.7955
6.0061 6.6389
6.2765 3.8027
7.7014 4.9759
3.1249 0.2916
4.7375 5.0029
8.6635 -1.2011
4.1184 7.6660
0.1674 -1.3914
8.9059 2.3468
9.0217 7.7285
-1.0437 0.9960
6.1672 9.5720
6.6374 -1.1901
-0.6958 2.0806
6.6749 -2.5253
0.1468 2.6955
7.5927 -0.9120
8.1935 8.0814
10.8991 8.1242
8.7571 10.1359
-2.6667 5.0773
2.4932 6.8703
9.0950 9.5821
-0.5385 4.2135
8.8978 -0.1168
5.9238 12.5598
3.7308 6.7626
9.2560 -3.3502
8.5057 5.6867
6.6627 8.1802
3.3890 7.3766
8.7400 6.0844
3.2945 10.3236
3.0575 -1.2341
-0.9469 6.7169
4.0091 -1.2028
6.8620 0.8879
-0.0950 8.1457
3.1677 7.4361
4.7890 7.6958
2.9277 7.8810
5.0402 7.8834
-1.9136 5.2921
6.9294 8.2957
4.7158 -0.6648
7.7774 6.6765
0.4991 5.8010
1.9376 1.6163
-0.6427 -1.7725
1.0245 5.1629
4.7410 -0.2316
3.8731 -0.5653
5.3952 -1.1050
6.4253 -1.5677
1.5782 5.0956
7.5367 7.8241
7.6980 6.3597
4.5896 2.9417
6.5743 0.2650
5.2213 8.0956
4.6952 8.6062
7.5563 -3.1623
4.4328 -0.8758
1.7193 3.7895
9.0850 -0.9436
8.7151 8.3836
3.0980 -0.1934
1.9523 -1.0719
7.9143 2.0308
10.7744 7.7934
-0.2465 7.7990
2.0946 7.5276
8.0439 8.6769
7.2903 0.0128
8.0277 10.1595
0.8334 -0.9937
4.8475 3.1889
0.2962 9.0834
2.7775 8.5819
1.9929 8.2329
4.7265 7.2630
6.6204 6.8333
7.1959 6.4624
-2.2750 -1.5894
8.6617 9.5111
3.8318 5.7180
8.5801 11.1810
6.1820 3.1668
7.1326 4.7424
7.9041 9.4557
8.8584 -0.1865
4.8383 4.9406
1.0171 6.9688
8.4157 -0.7531
4.8757 7.6075
0.5405 -1.8402
0.4568 8.2284
8.7454 8.2374
1.7954 7.7578
4.8659 -2.7576
7.4034 4.9129
5.2548 0.0307
4.3510 7.9637
7.4737 8.4005
4.7061 5.7037
7.1857 10.4206
0.0079 5.5447
-2.8358 9.2124
7.9938 5.7450
7.3883 3.6696
3.5527 -0.9081
7.4341 -0.4518
-2.9447 8.4659
5.7084 4.3897
9.5688 7.4919
2.7777 -1.8652
5.9707 -0.9958
6.8616 6.8618
6.8361 7.6165
5.3596 7.1498
-2.4587 0.3449
4.3403 8.0435
2.9660 2.0833
0.7703 6.9087
8.1197 -1.3125
5.3294 7.9290
-2.7667 7.7693
4.6186 -0.0668
-1.1382 -1.2926
5.5998 6.2517
8.5823 -1.8635
0.3680 5.3198
8.4301 -0.3018
5.7721 2.6022
3.6159 10.3124
5.1483 -1.3712
8.5333 -1.7154
5.2643 8.1272
8.6682 -0.7247
-1.2988 -0.4720
-1.1178 10.4958
3.5845 -1.9762
-1.4939 4.0631
9.0248 6.0689
3.9146 -0.2826
-0.3846 -4.4831
9.4225 2.1472
7.7931 -0.2653
7.3100 3.2562
3.1334 5.6549
10.1850 3.5852
5.7184 0.4554
4.3569 9.6027
0.6180 1.3724
6.0303 0.4734
1.6510 7.1320
5.1095 -0.7318
-0.6553 0.3558
7.8624 3.2037
8.9225 6.4673
-2.7249 4.9748
5.1265 1.6394
8.3114 7.7696
-0.2010 3.2645
9.3357 8.4956
1.5127 -1.4491
-1.2628 -0.5498
-1.9960 2.4259
8.0976 5.3232
-3.1127 9.0552
2.9737 8.3486
9.1342 -1.8099
-0.6436 9.0959
8.1380 0.8818
3.7093 4.7281
7.1504 6.9724
0.0659 -1.4815
11.1913 9.8913
6.7211 7.9266
8.1107 -0.3086
5.5543 10.1127
5.8032 1.9041
5.5136 6.7534
1.7744 3.2502
-1.5715 2.2260
4.3342 1.8644
3.6602 7.4708
-1.1365 5.9871
10.9799 4.4301
3.6856 3.1536
6.6523 5.8007
2.9044 8.2403
2.5989 8.5118
-1.4249 0.4048
8.5256 9.8311
4.8784 6.4391
7.0390 7.0384
9.2094 8.3267
4.4771 5.0313
1.3979 7.3725
7.2032 9.9153
-0.7781 1.5503
5.1242 9.0322
3.6635 3.2128
7.3517 5.1274
9.2211 5.4871
6.0210 -1.2079
8.8819 -1.8381
-0.5731 4.8404
7.4802 5.1820
-1.1257 5.0249
-2.0168 4.8105
4.2140 8.8426
1.9355 7.7481
8.5567 11.3426
9.4123 6.4197
7.1766 3.5526
8.3025 1.7606
3.1991 4.9608
-0.1701 3.9460
6.5135 6.1755
7.1237 9.4805
7.9177 10.7344
4.8266 7.2545
7.6461 8.8748
-0.5498 -0.2437
7.8824 9.0219
8.4284 10.3213
3.3827 4.4646
7.6478 10.6756
8.0382 5.8509
8.5158 -0.2794
-0.5254 3.9039
8.0222 3.2582
1.5576 -2.3300
10.5957 5.0616
-0.9502 5.8402
2.2551 9.4208
3.9841 2.2996
-1.1283 7.4281
10.4778 4.8909
-0.2773 9.7647
6.7824 2.2970
6.8746 7.7903
2.7913 5.7282
8.2067 7.4358
3.0783 6.7509
7.4285 -0.1774
-0.8629 7.2361
1.7789 8.7869
6.3462 2.8058
3.0031 4.6174
8.7816 3.1801
4.5604 7.5623
0.1471 9.9283
3.8578 5.8358
-0.0302 9.8175
2.0825 9.0170
4.0000 1.2821
6.3158 6.2007
-1.7784 1.9702
8.2502 -1.9783
7.1128 4.3780
0.7255 6.1290
1.9025 8.9620
1.8608 8.3419
-4.4280 5.5824
3.0474 6.6883
-0.3934 7.8220
-3.9006 2.2438
2.7102 8.2723
7.6606 0.8523
0.1481 8.5851
8.1314 7.0011
-1.8955 -1.6117
4.0251 4.0342
3.7219 6.6105
2.0784 2.9587
2.3651 0.7942
3.6177 -0.8178
10.4957 5.1683
8.4958 2.3844
-0.0013 6.0256
9.6152 -1.3743
4.8156 5.5977
-1.5447 8.5934
7.9065 6.0880
-0.4316 1.4342
-0.7194 3.8459
6.2392 9.3536
8.3549 5.9209
8.3221 6.1770
2.5214 7.5011
5.2181 9.4861
-1.3382 4.5069
7.2936 5.7077
2.0879 3.8579
7.8409 8.6789
7.9506 8.5658
1.5088 10.7742
-1.2690 5.9704
7.6396 8.9441
7.2514 -1.0063
4.9446 2.0985
4.2050 4.1398
8.8923 11.6209
2.0425 12.7184
-1.8242 7.5674
9.9067 3.8154
6.3119 1.1026
2.9657 10.4949
-0.5876 0.8748
6.5696 7.7988
-1.4892 -1.9430
6.0578 0.5782
5.1846 9.2513
-2.1262 8.4356
9.6577 7.8689
-4.0430 4.7071
8.1794 4.9853
0.5869 5.0244
8.0937 8.2044
4.6014 4.6582
7.7917 -4.1373
0.2921 7.3773
3.5311 6.5523
5.4503 8.2639
4.9969 4.9260
7.0470 8.0961
7.3599 6.3953
-2.3150 8.3497
1.6868 9.3380
5.1661 9.3918
3.3771 1.1611
2.6471 -0.5431
2.9836 7.1920
6.6035 -0.1375
7.4407 2.2201
7.2405 -0.6752
7.4921 7.5353
10.3885 4.7701
5.3688 8.2224
8.6412 10.5151
-0.0283 4.2465
-0.5715 1.2275
7.8881 0.4831
9.2886 4.6821
9.8680 0.1178
2.8179 6.8415
5.5344 -0.7765
-0.7703 7.6558
0.5721 1.1945
-0.9977 7.6732
8.4815 6.5449
11.7109 7.6928
10.1862 7.8169
7.8945 7.7316
10.0763 5.9332
2.1519 6.9608
0.3227 -0.3521
10.7080 -0.1928
-0.1636 8.1608
9.2862 6.9304
0.1208 0.0364
3.8759 9.1535
7.0799 -0.7329
2.1141 -0.6017
5.0479 3.7193
6.8238 1.8348
-0.8609 -2.7450
8.2313 -1.7145
7.0088 0.9674
1.0200 9.2069
2.9155 -0.8419
7.9479 7.5455
4.9770 11.4480
4.7041 8.2372
8.3843 11.7950
-2.0309 8.1294
7.2101 0.5834
-0.2505 -0.0311
-3.0947 1.9404
10.1109 4.9071
12.7344 9.5143
7.6511 3.8031
2.4180 5.2806
1.1715 1.8105
5.5094 1.5405
7.5401 10.4505
9.4035 3.6496
6.1890 8.0379
0.0334 5.7806
4.5302 7.3844
5.2051 5.5729
7.2052 1.2216
5.0781 0.0091
1.2130 7.3335
5.0225 4.5364
8.8645 -2.1211
0.0494 2.2629
-2.2476 0.5076
8.6331 2.6729
7.4003 0.3990
3.7402 7.8707
6.5653 4.9624
0.2328 1.2797
-3.0185 8.5925
3.9832 10.3488
-2.1431 0.8823
6.6271 -0.7269
1.2552 4.7626
0.2236 8.3832
6.7611 0.0842
7.3982 7.7881
9.8743 -0.1813
8.0927 9.2670
4.6719 6.6542
0.3685 1.9608
8.7638 7.8131
3.7479 3.6672
5.8734 10.8148
-0.2920 5.8703
7.8271 7.6093
-2.4692 1.3637
7.6964 6.2106
8.5874 1.5800
6.1814 4.2310
4.5991 -0.9715
8.5403 8.5332
8.2413 5.0254
3.8583 -2.3065
0.3255 9.4585
-0.6257 2.6436
4.3671 6.5701
6.6394 -0.6289
8.9702 -0.5213
-2.1178 6.8338
1.8799 4.8884
6.1395 9.9342
9.2974 8.0332
6.8034 4.0584
9.5437 1.5628
0.7884 8.7025
7.0521 2.7755
8.0360 6.8856
4.9556 5.5425
7.8600 0.2217
1.0984 5.2808
8.4099 4.4399
7.9784 1.9808
7.0413 2.6655
1.0054 7.0588
7.7233 5.3824
8.0697 7.7796
-1.3450 0.2746
-3.4329 5.0174
10.2169 2.4425
9.5055 4.3247
5.2371 6.7890
6.0017 -0.8915
5.2092 1.8944
2.9879 5.5462
0.3331 9.7232
4.5467 3.2962
7.9072 10.9307
12.2997 6.8515
7.7688 10.4755
7.7067 -1.1237
0.1509 4.9758
7.5385 3.0580
2.4106 5.7395
3.4031 9.8946
7.1037 5.1755
5.8493 1.1528
7.8294 8.4223
6.0993 4.9423
4.8201 5.5851
7.4167 9.7889
7.0572 8.6675
2.0325 6.3387
-0.1122 -1.0175
4.4040 9.1418
-0.4377 4.9020
3.0067 6.4404
10.8874 -0.5718
5.0660 7.9704
7.1361 10.3603
8.4686 7.2046
7.6254 6.4331
0.1255 1.4560
10.4460 7.6070
8.9945 8.8208
1.6735 3.7332
7.8308 4.1495
7.6541 1.9547
2.2558 4.2843
4.8226 7.0974
-1.0076 7.9054
-0.2819 9.4026
-0.6419 0.6957
-1.7622 8.3449
4.0078 9.1552
7.8121 8.5298
6.1404 8.0576
4.8699 -2.3250
2.6623 7.0319
8.8199 1.1944
9.0468 6.9524
2.3588 7.9665
8.2257 8.8873
-2.5486 7.1824
7.0717 7.8199
7.5114 1.9983
9.5857 5.1023
6.6304 -0.0272
3.5976 -1.8041
9.8209 8.7296
7.7823 0.0189
7.6428 -1.0940
0.1541 7.2023
2.3345 -1.9994
-1.1573 5.3155
-0.5747 0.7111
6.8080 2.1691
6.7864 0.4372
-0.7850 9.1752
5.5646 10.2620
-0.1706 3.2008
4.9738 12.8058
11.3455 6.5838
-1.5902 5.2857
10.6547 6.5167
-1.9721 8.0200
3.4038 -0.1453
7.3079 0.4802
4.8690 -1.4400
7.8659 1.5804
4.2400 9.3958
6.7536 -0.8192
11.1536 4.8478
8.4103 6.8575
3.8595 2.4912
7.4228 7.8438
5.0067 9.1925
8.7872 2.4763
-1.5163 -1.8869
7.7106 -1.2914
2.7139 -1.6704
9.9923 6.9211
-2.0964 -0.9990
8.0474 -1.8560
1.0495 4.1506
-0.2284 9.2361
5.6736 4.9986
10.2901 5.2053
1.8570 5.0440
8.6968 6.7554
5.0631 8.0506
3.5738 4.0171
2.2348 6.5493
-0.2354 6.6186
6.9149 9.6302
2.4218 6.3432
6.6128 2.5322
1.5543 8.3352
6.6702 -1.5761
8.8257 8.2606
-2.1260 3.1670
8.5096 4.9679
1.3532 8.6175
5.1236 3.7296
-1.7470 8.9037
1.0686 3.0887
6.2162 8.0173
6.2085 2.6269
9.2123 2.5597
4.9950 -2.1461
-0.9853 4.7567
-0.6909 7.9342
2.1119 0.5270
-1.0943 6.7498
6.5263 9.2956
-1.0778 0.8563
7.2433 0.7728
-1.4466 10.3932
7.9437 -0.1380
4.7242 6.9111
6.7333 -0.9319
3.2094 8.1464
7.6579 4.5574
-0.0425 3.5257
-1.5981 6.6280
6.8930 -2.2816
8.1151 6.2693
8.6499 7.1485
-1.2202 4.8774
0.8474 7.3702
-0.8876 3.2526
-1.8698 4.7292
4.9781 2.7548
7.4083 -0.0291
7.5960 6.8928
10.9006 4.1910
7.2850 7.5826
7.6167 7.1928
4.7766 -0.3655
6.0687 10.5317
7.7181 7.6119
5.2159 8.1269
-0.2658 2.5758
3.0372 6.3336
0.6672 7.8473
3.7448 9.6597
4.3147 -1.6202
3.4193 -0.3977
2.6502 0.9266
1.5203 -0.8003
4.9975 9.3528
4.8504 8.1906
5.1226 2.3899
7.2168 -1.4287
-2.6058 -2.7452
3.9905 1.3979
2.3758 5.1377
9.9596 0.6749
9.8521 0.5054
0.1728 8.8127
5.1997 4.8243
7.6529 6.4463
-0.7317 8.1915
5.6784 0.2581
8.3586 2.5817
8.4049 5.7367
-2.4323 3.5909
7.4043 -1.3658
-1.5031 1.9109
9.4970 -0.2737
8.1683 5.0001
7.9104 7.6285
7.5847 2.2709
0.9981 6.8522
5.9001 11.4917
2.5096 -0.9752
8.1721 3.2412
4.9980 -0.1144
5.2934 5.5272
9.6172 4.4409
4.9879 4.7453
9.1136 8.2913
8.7253 -0.1400
8.1034 -1.9414
9.3149 2.7587
2.0989 -0.5271
2.0439 6.4127
4.6787 8.0986
7.1079 -1.5374
-0.5459 5.7164
-2.5466 -1.5894
4.8374 2.2729
5.1231 -0.7141
0.7322 1.0961
8.0711 9.1617
1.3093 1.6284
8.8361 8.9271
6.6967 4.9419
7.7806 9.8279
7.9063 4.5502
7.0827 7.1278
7.2546 7.0107
5.0537 4.6521
-0.5040 0.2793
5.1684 7.1918
6.2633 8.6820
8.1537 8.4435
6.5993 4.9570
3.7005 8.3870
0.1214 8.2921
5.5530 0.5465
3.5582 -0.0610
4.8826 -1.6789
7.6902 9.1599
7.1617 -0.5933
4.7469 3.4456
2.9208 1.2184
10.4717 4.3551
6.6071 7.8413
7.9373 -1.5592
6.3301 6.4319
10.1178 3.8706
8.6267 -1.4225
7.5868 -0.4746
-1.1932 3.1071
1.8967 8.3144
3.2369 7.4998
7.8867 3.1654
6.4306 9.5395
7.6933 1.5531
7.6870 5.4779
-0.7714 3.1174
9.5913 0.4323
7.1746 8.3662
8.0336 0.6590
8.1694 6.7423
5.5649 1.1624
-0.4902 5.4372
2.6017 5.7813
9.2349 7.0154
7.9473 -1.1639
7.6621 -0.5089
-2.3775 5.3984
10.0259 7.8300
7.3898 4.3203
6.2471 -1.4622
6.4526 9.3702
7.7110 4.3672
3.2455 6.0165
5.9391 -0.7060
6.9055 4.7944
5.3682 8.7769
-0.6362 8.6257
-0.0576 -2.3430
8.0998 4.7907
-0.2966 8.0986
-1.0260 2.3716
2.8660 -0.1141
-2.9640 6.4917
4.8127 4.9349
6.4618 0.9478
0.1919 4.8295
-1.2403 3.9382
1.2477 4.7939
2.9118 8.8955
-0.7598 8.2089
1.0714 8.1226
4.2951 8.2080
0.6008 1.3736
-0.8882 7.0676
10.5477 -1.4128
8.6828 1.1515
10.0890 -0.6288
-0.2660 8.1692
7.4136 5.0861
-0.7441 9.0330
6.0113 1.7135
4.1453 7.9434
-1.1579 -0.2305
4.2900 1.6561
8.8402 7.8819
6.5817 9.1483
3.9792 5.0161
8.5460 0.4744
4.7275 -0.0916
5.7658 10.1038
1.0625 5.7292
0.5104 7.9186
3.6178 6.3847
5.6668 7.6400
8.3257 9.0887
9.5420 -3.0831
6.3984 4.4297
8.0734 -0.2604
-1.1831 4.1357
8.2633 6.8923
8.5585 8.4508
8.6881 -2.6857
7.5058 4.9305
8.5265 3.6420
7.0357 -1.2136
7.0145 2.4005
7.5573 5.0331
2.6250 3.5003
1.8860 5.8176
5.4902 9.0602
5.6883 0.3221
7.8006 2.4955
5.0139 7.1867
9.5852 5.1281
-0.3443 5.3487
0.0656 -1.4472
2.9894 7.2466
5.7215 9.2364
8.9414 8.4619
6.6428 7.9212
4.2838 -0.2746
2.1552 7.6673
7.1964 0.0476
6.2767 3.6538
7.7704 8.4813
0.0100 4.1008
9.5997 4.7267
8.9519 0.7707
7.8612 9.1966
8.6659 0.4992
8.7036 6.1598
-0.7302 5.2045
6.1489 3.9711
7.5471 -2.4358
7.7181 0.6085
6.1975 7.8734
-2.7903 -1.1397
-2.1168 3.8475
8.1807 4.1514
6.4655 4.8974
4.3483 6.7038
5.2353 6.1783
0.2123 4.4708
4.3071 0.9569
3.3647 7.8449
7.6992 3.8842
5.9239 9.0026
3.3887 -0.8879
9.1738 2.9295
2.0629 5.4320
-1.4367 2.2368
6.2988 12.8485
8.4537 1.6040
1.2141 2.5537
-0.9592 4.5949
-1.5303 1.9715
3.2999 7.4555
4.4501 8.1734
-1.5238 -2.5068
7.1787 0.5780
7.7852 5.8450
4.7928 9.6626
5.6340 2.9076
5.7416 4.6580
4.6044 -0.0212
7.3822 3.5457
8.4380 9.5618
6.0716 10.0574
6.6821 -1.0442
8.3607 -1.1971
2.7212 8.3261
8.9853 8.1169
3.3703 4.7940
6.8725 4.3972
5.3193 0.5071
1.6244 7.4988
8.2008 -0.5344
7.5106 10.8085
0.8802 -2.3129
9.7167 8.4033
-0.4257 -1.9861
4.6366 8.5843
5.7677 0.6697
0.2894 4.4981
1.8506 2.9511
8.3646 -0.8641
5.1799 5.4058
8.2215 0.6878
7.9763 7.3141
9.4301 -0.4978
8.0605 -0.6678
1.0656 9.4652
9.7326 6.2626
7.7879 8.8096
3.5801 5.1367
8.2009 9.1320
8.8452 5.0796
2.3979 1.4213
8.6619 0.1405
-0.8193 10.6805
7.7771 2.0927
8.6071 5.3845
9.2232 2.0545
-1.3402 9.3280
7.9816 0.2692
5.1392 7.5017
5.2141 1.1254
8.4495 -0.1415
1.6009 9.0486
4.3622 3.4377
0.5013 6.3279
9.8264 3.9145
9.9168 7.5705
8.3860 5.5017
6.4037 7.1377
-1.3146 -0.1556
4.8028 6.7713
1.9755 -0.4273
5.7202 7.8839
7.8409 9.1913
2.6232 1.9572
7.8316 8.2385
7.3016 4.3686
5.4329 7.5845
6.7497 0.9789
-1.6006 8.4621
3.1001 5.7089
5.9242 3.2127
7.0240 8.7772
-1.1395 7.7797
5.7064 8.0684
8.8319 0.9301
-1.6719 6.8246
8.6102 8.2797
2.9641 3.3528
5.1616 10.2060
8.6663 9.4848
7.1591 5.5420
8.4929 6.6648
7.9522 5.0059
7.3411 4.4381
8.7544 10.0432
8.5730 9.0847
5.3441 4.3001
6.4823 7.5830
-1.3369 5.8361
7.4842 8.6824
10.2145 -1.0338
7.2906 -0.8185
-0.4269 -0.0315
6.2253 2.3427
9.0313 -1.0595
1.2584 9.9155
4.7399 2.1749
0.7391 0.3636
7.1884 8.2011
-0.9562 3.1628
9.7838 8.5121
10.9421 8.1144
1.5123 8.6982
6.6533 0.3896
8.8478 11.3858
2.2628 2.4138
-1.9328 7.2725
5.2139 3.9747
7.4159 7.9697
-0.7628 10.7569
-0.3889 -0.2218
6.9896 3.5915
8.3041 8.9388
9.4203 7.3899
-1.1258 -3.9997
-0.8797 1.8116
6.3349 5.1767
5.8219 7.7081
-2.0840 4.8185
8.3899 -1.3196
7.1691 8.1435
7.7215 0.1634
7.0621 8.9972
6.5140 4.1649
3.3235 5.5231
7.6679 4.6348
3.6893 -0.2661
5.1974 5.9254
3.0367 7.1964
-2.0997 3.6479
10.7951 6.5304
8.6382 7.3627
1.6073 0.3942
8.4048 5.0431
8.1310 8.5213
0.6642 3.7171
2.1300 -2.7091
7.8244 7.5731
8.4277 8.3819
-3.0098 4.7815
7.5996 6.5186
1.7642 6.3987
10.6623 7.1971
5.1917 9.1328
9.7713 8.4280
4.9777 8.0827
-0.6095 5.0594
2.0448 -1.7391
4.7386 0.4490
-1.1993 7.1075
6.1758 9.5545
10.2778 8.5511
-1.8090 8.3259
3.9724 6.5969
6.8890 8.9545
1.0285 2.7640
7.8891 7.5360
4.9236 7.6978
4.9042 -1.1632
0.5907 9.3353
8.8355 8.9803
4.7245 7.6298
1.8186 7.9901
9.6056 7.4591
-0.1800 3.4324
11.1225 7.1939
8.6543 4.9277
-0.0811 9.0387
4.5116 1.2652
-1.8625 0.0767
0.0105 7.2739
8.1931 0.4544
-0.2765 7.6466
7.7093 8.7363
-2.7879 6.6058
2.6311 2.9480
6.9443 8.0158
9.8121 8.4705
9.6501 7.8744
-0.9886 1.1021
0.1083 5.0668
5.0722 0.1211
0.1260 0.5183
-0.9092 2.6453
3.6750 0.8991
-2.2932 0.7735
6.1608 8.1977
-0.3271 0.4277
6.2530 2.5414
0.0852 7.6571
3.5104 7.8644
6.9566 8.3663
7.3653 8.2744
8.3283 -0.1978
3.1135 -1.1874
7.6775 8.4151
-1.2568 8.4977
10.4690 4.0361
10.3760 6.1328
7.3213 7.6823
1.0618 8.6753
3.2065 3.8474
-1.8779 5.1716
-2.5602 2.1652
7.0464 4.2895
5.8207 5.0262
5.1485 6.7933
1.1032 4.7493
11.3239 2.5451
7.9285 7.2302
8.2476 7.2691
2.4531 6.6438
6.8969 0.4158
-0.8523 0.8395
0.7672 1.9316
-0.8854 5.2394
-2.0562 -1.4872
-0.1134 7.8672
9.2635 -0.3653
1.0866 6.5594
6.5553 2.7392
8.3980 -1.5453
6.1309 1.2206
4.5866 2.2946
-0.9682 -0.8211
0.8694 7.4333
-1.4607 7.2308
6.3140 10.5929
3.7335 4.8876
4.9047 1.5701
3.3877 2.7976
1.2888 9.9034
4.0698 3.3461
8.6697 2.0059
7.6720 4.8935
8.5247 9.2916
-1.2633 6.3428
9.3641 4.9891
6.5066 9.0856
8.1712 -0.6496
2.9146 3.9532
8.8532 2.5319
7.4455 3.9654
8.2808 8.7141
0.9185 6.6390
7.8940 3.1576
2.3341 2.5093
0.6403 2.4201
4.6232 -1.9192
5.7775 9.1763
0.0305 9.4055
9.1084 7.0971
7.7984 6.2969
10.2338 9.4587
6.0031 4.9765
9.1894 6.6161
4.2536 1.1364
7.4555 7.2259
8.0046 5.5016
5.1129 4.9420
6.5741 10.0935
0.6373 0.9429
1.3856 4.8208
11.6270 8.4371
7.6429 2.0972
4.9133 5.1613
7.3233 9.2030
0.3479 8.4588
6.7924 7.6132
4.6070 5.3376
7.7548 6.8431
8.3935 7.9146
7.9341 8.8986
-2.4564 -0.8432
2.3622 7.7790
9.1952 7.5053
0.9842 6.5973
6.9631 2.8056
9.0123 4.8284
1.7469 8.7141
0.6038 1.9775
-1.4125 -1.4470
-0.7736 9.3429
8.4701 8.5248
4.8151 7.1984
9.8706 3.4968
9.7831 5.8046
-2.3534 -0.6223
8.4788 8.9320
-2.0931 9.1154
5.6012 4.5812
-0.9284 1.0177
3.7974 0.7904
1.7106 8.2025
4.7313 -2.4237
1.5128 -0.0511
8.1914 -1.5389
5.5408 4.4349
6.4601 4.9637
8.0567 -2.0956
8.6245 -1.8798
9.3766 6.2687
5.0182 6.4552
9.7711 -1.5487
7.3526 1.3070
4.9136 -1.1286
3.9062 -0.8042
1.2625 7.1286
1.2539 6.9693
5.3678 0.2819
0.0361 7.5897
-1.0831 7.5078
7.5993 4.2196
-0.0131 7.1899
9.4434 7.7419
5.9288 3.8129
1.1275 5.6799
-0.8711 9.8780
9.7056 6.3015
-3.8978 8.1741
8.8530 -2.7886
4.4300 4.6642
8.1827 -0.6220
7.7480 7.8693
-2.5088 10.5318
9.8032 -0.0376
3.0558 -1.1884
-1.5810 -2.7058
7.0001 -1.3666
-2.8432 2.2366
10.1276 8.0048
9.5303 2.3917
8.2955 7.7543
3.8730 1.7710
8.1513 6.6412
8.0668 7.3671
1.7985 -2.1780
8.8678 1.5271
0.8628 7.0566
8.2836 8.3996
-0.1137 7.2228
8.8161 6.1419
-0.8844 -0.1501
8.6333 4.5589
8.7801 7.2467
1.7953 7.1457
7.6461 8.9943
-0.3258 -1.8743
-0.7553 4.6618
10.6619 6.7113
3.2596 8.1944
-2.0435 7.9627
3.3982 9.4465
9.1523 10.8303
4.6370 9.4137
8.7232 4.3736
4.0847 8.0632
5.0176 0.0517
7.2123 7.9416
2.7362 7.1339
6.9720 -1.3782
7.2403 5.1760
-0.3694 6.1569
1.5104 7.3906
8.1342 7.9119
0.9467 2.7356
7.7389 -1.8526
7.9846 4.4252
2.9954 4.5855
8.5393 4.1933
3.1322 9.7799
9.6220 4.8190
6.7331 6.0037
7.5371 2.4983
0.6565 8.4829
-2.0864 9.0915
6.6139 5.4279
2.5097 3.6075
7.2232 7.7528
4.7204 4.9943
7.7379 6.3083
-0.2537 7.2571
3.3587 -0.8334
1.1379 9.3824
2.9645 -0.5040
7.3647 9.3141
-0.3831 1.4463
8.0265 4.9832
7.6947 4.6947
8.4337 8.0205
5.7864 7.7418
2.4539 3.3125
5.7103 -0.3889
-2.8880 9.2264
4.1009 7.3717
2.7167 6.7543
5.1709 2.2923
5.6176 7.6283
1.1461 0.8989
1.6143 10.7084
7.9475 4.6440
6.6209 2.0972
8.5184 -1.2289
6.9367 7.4008
0.1292 -0.3327
8.5999 10.0371
-0.5802 8.7218
4.6916 3.6615
1.3007 7.8306
6.9655 -2.4858
5.1824 -1.0997
-0.0899 7.7386
-1.1765 6.4316
7.8739 -3.0472
5.5920 5.8519
1.0981 3.2837
8.3271 8.5147
2.1859 5.2862
-1.0996 6.2725
7.5133 9.0462
-0.6935 0.6183
2.3093 -1.9360
4.3552 7.9821
5.3185 4.8673
-1.3763 1.7881
7.8034 3.6443
4.5733 7.3156
-2.3454 4.4721
8.2540 0.2890
-0.9013 8.0661
-0.8225 3.7822
9.3305 -0.1303
0.0317 7.6846
8.5969 9.5874
4.4296 -1.2650
-1.1419 7.2690
0.2126 -0.9295
6.9087 4.3703
7.5640 -2.0355
8.9451 5.0952
8.6926 -2.1469
7.5806 4.1639
7.1481 1.1473
6.6504 2.2882
4.4392 4.2831
7.7138 -1.2829
4.5756 3.4234
6.2853 0.0851
7.4638 3.2712
7.9983 8.6523
3.0843 -2.2042
7.7211 8.3440
-3.1088 6.9692
6.3819 5.0766
1.6489 7.8423
10.5814 9.3841
4.9773 5.4452
4.0896 -1.8508
8.2313 -0.2845
5.7136 1.6258
3.8123 1.5377
7.1535 0.9749
7.5935 7.3447
6.2563 4.7601
8.6332 0.9875
5.3495 0.5592
7.1548 4.1606
1.1840 5.3472
6.4732 -0.9337
-0.9039 9.5955
7.3942 1.9529
-1.9877 3.5998
3.9433 8.1034
7.1318 4.5713
-3.1215 8.7830
2.6549 0.5109
8.0714 5.8868
0.2562 7.0551
0.2608 3.4146
9.8396 4.5281
8.0715 4.8721
7.6470 3.2522
0.2147 0.1071
7.9804 0.8797
9.1731 7.6712
7.3119 -0.1231
-0.3507 9.9173
7.2678 3.3008
8.1504 0.1724
5.8538 4.7700
-1.1546 -0.6801
10.4928 7.8125
7.3262 7.3354
6.4166 3.9261
1.4591 8.3282
7.8365 8.7146
6.8217 4.5840
-2.2908 1.0297
0.6918 0.4359
8.6609 0.6647
10.4402 -0.9479
7.8443 6.5153
7.6870 0.0599
-0.7354 7.3648
9.2399 -0.5596
4.9296 7.4530
1.0783 0.9333
7.4012 -0.4618
1.9145 10.0448
-1.1870 5.3800
8.0139 1.4338
7.7144 7.8843
3.4720 7.1926
6.8706 9.4084
9.4328 5.1219
5.0543 1.6858
6.6133 8.4282
4.8566 8.0887
-0.1669 5.6401
8.2986 7.8455
9.0394 9.6193
9.8428 6.8597
7.2718 4.7340
-1.1777 5.2034
10.1796 7.2760
8.8426 10.6581
6.9591 6.9554
8.1585 5.1773
4.0758 7.4542
0.7360 7.3147
-1.7598 3.2313
8.6929 3.8428
7.7625 3.1833
-0.3845 5.0240
-1.3465 4.5998
-1.3779 1.9110
2.5266 -0.4093
-0.1499 6.3997
4.0136 7.3719
4.9141 7.7467
5.7498 8.5541
6.8901 -0.8429
8.3995 3.1954
6.6406 5.2935
9.5136 8.7047
6.3097 4.9826
5.1807 6.7832
0.7003 11.6487
7.8364 7.9898
4.7322 3.8671
5.0056 -0.1711
5.5259 -1.7741
-1.4882 7.0287
-1.5403 -1.8805
6.1451 9.8126
6.6384 4.5122
5.9853 9.7829
-0.5567 2.4394
1.8653 1.6404
6.3788 3.1275
6.8645 8.4610
6.5954 6.4875
6.9923 7.1907
9.1853 7.6069
6.0571 4.0240
2.2791 6.4746
7.8346 1.1948
6.9006 8.1661
-0.9637 -0.0833
10.3327 -2.5782
-1.4119 6.5675
0.9210 4.7142
7.2268 9.6291
5.8049 6.6985
1.8250 10.3235
-0.1349 7.4909
5.6495 8.0213
6.4375 8.6785
5.1263 2.7815
6.1190 -1.7702
8.1751 -0.6948
-1.5155 9.8486
8.8490 1.2650
3.0850 -0.1014
0.5638 5.8491
8.9089 2.5781
4.7826 7.9748
8.7604 7.5640
-0.8764 8.9375
6.1365 4.8670
9.6873 -1.9501
-0.3277 8.8235
-0.9890 0.6287
9.4324 9.0676
2.2443 4.4459
1.6896 6.1866
0.2704 2.7781
-1.5581 3.8384
-0.0124 3.7580
4.6247 0.7378
2.7593 8.1704
2.4904 1.4225
7.2868 5.1486
5.9635 2.2000
-0.1900 9.2326
7.4553 9.2101
4.9352 11.2550
2.7322 8.4099
6.6983 5.7936
1.9595 -0.0844
8.3217 9.0459
1.2974 7.8616
6.4298 8.3748
7.5557 0.3662
4.7164 4.4895
5.5256 7.0813
9.0188 4.8295
-0.4740 8.1155
6.9510 8.5552
-2.3559 2.7674
6.6270 5.1891
8.2548 8.7104
9.0392 5.6550
8.2419 1.4464
8.2884 9.3350
6.9602 1.8123
1.1751 -1.6712
8.3065 -3.8818
3.9299 6.8214
5.7529 1.6520
7.1476 8.2183
-0.7939 6.6298
3.0742 9.6417
8.5722 6.9034
0.7654 2.5331
3.8906 1.1879
9.7007 7.6401
0.3141 2.7637
6.2896 -0.9702
8.3622 3.0036
1.6452 4.0562
-0.1907 5.9652
8.4931 3.8964
2.5575 7.0702
0.7429 7.9244
4.0735 9.2628
5.4426 5.5952
7.9723 9.4614
-1.5099 8.5213
9.3434 4.8395
6.9145 3.1855
10.3255 -2.1222
-1.5787 7.3355
7.3709 6.3894
-1.3977 8.5171
7.0986 5.0009
1.9496 8.1055
8.5409 9.4238
10.1405 6.9524
4.3770 2.1966
7.8346 5.0241
-1.1452 2.0628
8.9213 3.3885
2.7453 7.3071
8.9233 4.7491
-0.0846 9.3750
7.1012 8.7058
4.0141 2.2666
7.3831 0.9495
7.0015 4.0377
9.2342 1.6099
8.2874 6.1444
4.2913 -1.3615
-0.9127 -0.1272
9.2325 -2.8924
-1.4019 0.3752
-0.8803 4.8671
1.0159 6.3851
10.5378 1.0847
7.2204 4.8146
2.4759 6.2251
9.0240 11.1588
3.7724 5.6774
6.2026 8.0343
3.7798 -1.4783
0.5580 8.6581
8.7293 6.0470
7.2080 5.1086
1.1758 7.8809
7.0951 4.4724
7.8735 5.1124
7.1727 5.1708
-0.1962 7.0279
1.5730 6.6680
-2.8598 8.6520
-2.2429 9.2000
6.5830 0.5366
8.1957 -1.4550
2.5715 6.6218
-0.4435 6.4698
3.7587 3.6547
3.8390 7.5855
-0.8312 10.6484
11.1761 -0.7505
4.1728 -0.9394
9.7621 -0.9867
9.5774 8.1225
10.0882 -2.2874
-0.0387 -2.3930
4.6635 7.8495
8.8682 -3.8071
11.0835 0.2540
9.8318 8.0670
8.7686 6.9669
2.5030 9.4654
3.9675 9.5523
-0.0880 1.3197
8.4637 1.2420
1.2637 1.1574
-0.7696 9.9930
10.2743 6.3155
10.0884 8.4774
6.8902 7.8701
-0.7218 2.6424
-0.7420 5.8286
-2.1005 -1.0817
-0.1753 9.1398
7.0369 6.1902
4.3850 1.3583
8.0592 8.1570
1.2416 9.2293
3.5582 -2.4526
-2.7243 10.6450
1.4292 6.3178
4.8032 3.1895
9.0073 3.6478
7.7156 3.3245
8.9884 5.0529
9.5306 -0.6948
7.6851 6.8301
1.6863 -1.3995
7.7800 8.3654
0.4919 0.3900
5.8393 7.8217
6.2494 4.9666
8.4081 3.0207
-3.1265 7.4967
5.3776 4.8010
5.2570 9.7103
9.5673 7.5965
8.1687 8.9778
8.8721 6.8694
4.6665 -1.1217
6.3430 6.6171
2.4035 7.0154
6.6587 7.8366
9.3207 2.6135
4.8096 10.6929
6.2717 -2.3296
4.8362 4.9118
7.9976 -2.3682
-1.8096 0.9125
4.8622 -0.6377
8.5185 -0.7571
2.7317 8.5590
7.3171 8.2262
7.9321 0.5036
3.8788 2.4164
5.4795 9.0854
10.2874 9.2772
5.6116 3.0338
9.3254 4.4991
8.4207 9.1886
4.6073 9.2671
8.9121 2.2548
-0.7819 2.6185
2.7720 6.4057
6.9858 -0.4552
8.3962 6.6036
-1.3939 -0.2780
4.5981 5.4922
0.0671 3.2011
8.4898 2.1225
7.0644 4.8560
6.2078 10.9784
5.2126 6.4355
1.3252 3.5739
-3.0625 1.7196
-0.3721 -0.8842
-1.7115 11.2702
8.8129 4.2572
3.5984 6.3853
1.0768 -0.6468
3.6796 4.3235
7.8452 4.6682
-0.8383 7.6118
3.6657 -2.8924
-0.4499 10.1421
3.9889 4.3273
-0.0789 -1.3583
9.7218 8.6754
6.4475 10.2092
7.7314 3.2311
4.8017 10.2815
4.0753 4.7864
6.6057 1.2200
-1.8568 8.4802
3.8446 1.4022
2.9848 -1.0905
7.6214 -0.3900
10.9941 0.3396
3.3005 3.7879
6.6390 4.9452
7.4755 8.7369
7.6113 5.9456
9.8216 7.0098
-1.2888 6.9699
7.2808 7.0764
8.1656 4.4989
1.7584 7.6481
6.3470 1.8652
5.6051 6.2019
8.6964 5.6014
8.4186 5.9420
8.0436 4.5627
2.0289 6.8916
-2.0224 1.4433
6.3098 -2.0985
4.2485 2.9995
6.7779 -1.4477
4.2102 8.8240
9.2356 9.9029
4.6299 5.3280
-2.0743 6.2172
7.9351 1.5254
-0.0233 3.6162
1.0932 7.7544
6.8844 4.9174
8.0601 -2.0686
9.2309 7.5413
0.2306 2.4209
-2.1042 5.3318
4.9093 6.9676
7.9771 6.4191
7.6530 -1.7656
0.6141 0.3765
7.4327 -1.1580
8.4902 10.3702
5.1775 9.0640
10.1223 7.4037
6.0589 7.2505
2.0242 0.2443
4.7159 3.5434
5.5561 1.5495
8.8401 10.2554
2.9598 7.0571
-1.1509 9.4075
6.9752 -0.4786
7.6161 6.3057
6.3361 8.2638
9.7707 9.8028
-2.7933 -2.1163
2.3708 5.4709
8.6628 6.3072
7.1807 7.9555
5.1240 5.0569
-1.7128 8.2468
-0.9455 12.0271
8.1455 7.7956
-1.3442 1.4161
-0.5382 -0.9955
5.3013 6.1901
-1.3928 7.5466
8.9714 4.2679
5.7632 7.4562
-0.2659 7.2082
8.1509 8.5813
9.1571 3.3959
-1.3208 -2.3445
4.2349 8.7863
7.1837 5.4267
9.8539 9.0111
8.3143 6.7415
2.4115 4.4088
5.7242 8.7964
0.2943 6.8422
4.8999 -1.6505
6.1847 7.9993
6.2256 0.5936
0.4072 4.5519
3.1928 3.8122
5.0095 4.6342
6.1867 7.8620
0.2991 0.8055
3.4829 7.6365
1.0628 0.0233
-0.0477 7.6062
-1.2870 -1.5686
6.0788 9.3813
6.9244 5.1212
8.4087 8.5388
-1.0919 0.1991
8.8661 5.0503
6.5277 6.0383
7.3002 6.7611
2.1472 2.1601
7.1953 -3.4348
5.4624 8.7509
-2.2954 -0.3326
2.7237 -0.8825
-1.4172 8.3194
8.6712 9.1386
-0.3450 8.1151
0.7411 5.6384
7.5872 7.6983
1.6456 7.1510
0.6825 7.1010
4.3033 10.3201
1.4589 4.7377
-0.0693 8.7456
6.4439 0.3954
9.2528 2.7384
6.8388 5.5304
9.2879 8.7416
7.2321 8.6066
8.1458 7.8688
8.6619 8.6569
7.5449 7.6329
9.9635 -1.0869
2.9606 6.1259
9.2315 4.9145
4.9356 5.1627
5.2422 5.2234
-1.9641 1.1176
8.2132 11.0124
8.2746 2.7190
9.4810 8.7567
-1.7738 8.4290
6.0541 7.5108
9.6915 -0.5493
7.3970 6.8681
1.1019 5.5401
11.5191 1.9693
6.5775 7.3070
10.8987 3.2017
0.6503 6.3792
3.6650 0.2497
8.6021 7.5015
3.2511 -0.5551
4.1111 7.0289
-1.8324 1.8934
8.2831 9.7976
8.2992 9.4518
9.5261 4.6132
9.9998 -1.7372
5.0865 7.6832
8.2412 3.2816
6.5291 5.4682
4.9151 1.6796
7.0611 0.4769
8.3695 10.6005
7.6084 9.7143
-1.7414 1.1736
7.9935 5.7326
7.7163 0.2860
8.9524 0.3728
9.6272 2.3168
7.5414 4.2730
2.5369 8.5250
4.6657 -1.7824
3.0385 4.1253
2.3821 10.2857
6.0293 2.5158
-0.1505 3.5251
-1.3301 -0.5812
9.4175 7.5440
-2.6579 6.0176
-1.8853 6.8665
11.2935 6.6967
9.2746 6.8828
2.0645 -1.9226
6.2781 2.0153
8.1499 9.1924
7.2493 9.0217
10.4984 8.7467
7.3067 5.2967
11.7567 3.2151
9.0161 3.5039
7.9416 1.6436
8.6552 9.2085
4.4781 10.4223
8.1058 2.1852
3.1094 7.3953
-0.8938 6.1722
7.8823 3.4553
2.2445 9.1326
-0.4152 7.4364
8.9201 8.0555
8.8431 9.4820
8.9751 9.8501
5.3297 10.6892
7.3181 0.5708
-1.7265 8.2632
0.6447 8.9736
-2.0040 8.6820
-3.5572 2.1176
7.8521 7.6699
0.4997 1.9755
-1.0799 6.9239
8.5232 4.9871
-1.9926 0.3708
7.8564 -2.2306
4.6768 8.4751
4.3039 4.9152
8.8938 6.0990
1.4384 -0.0703
5.0018 4.5079
0.7828 8.2243
7.1519 0.9211
6.8463 -2.5794
9.4016 -0.6735
2.7941 10.2650
8.5321 7.9371
10.4953 7.9585
0.9144 4.2011
0.6541 8.5557
-0.7170 2.4932
-1.7380 5.7801
1.3386 1.6238
-1.0002 4.7733
-2.2995 7.0956
1.4573 -2.1193
0.4349 4.5285
3.5439 2.2182
-0.3314 4.6765
10.5904 7.4696
7.5668 2.6747
6.2427 0.3642
4.3478 6.4990
8.3952 -0.7966
-1.4398 -0.8058
8.5727 7.0981
9.7321 7.4479
6.6848 -0.5375
1.3505 0.8531
7.7038 -0.3872
8.4402 2.8564
0.6976 -3.3982
4.8288 -0.2836
0.8817 10.3215
6.7744 8.3011
-2.2075 6.7432
6.3169 1.8973
0.2709 8.1427
9.2744 0.4429
1.2577 9.7943
5.3712 -1.9325
2.5694 8.7928
5.1256 5.7684
-2.2349 -1.7486
6.9896 7.1378
0.0579 6.6210
3.8353 4.8555
11.0981 -0.6697
0.2012 0.7001
9.2960 9.1729
7.8607 5.1175
-1.3869 0.6109
2.0997 8.7362
7.0127 -0.0577
10.4431 8.8871
7.3702 9.2937
10.3259 4.6208
3.2960 7.4882
0.1711 3.4492
7.2558 7.6669
-0.0392 8.1192
9.9625 7.8560
9.3005 4.2466
6.3143 7.5121
8.4972 9.2599
8.0290 -0.9616
9.2740 0.0392
1.2534 -2.4081
7.2536 0.4384
7.2278 5.4818
8.0200 5.8841
1.9087 7.3672
8.5986 1.3228
0.2315 13.1164
4.9547 10.4089
-1.1279 9.2936
8.4509 3.2535
-1.4148 -0.3130
-1.5642 8.4281
7.0117 -1.1373
2.5070 6.7003
8.0817 -0.5929
7.5263 6.7187
7.2992 4.9254
-0.0675 6.5282
8.6597 4.5980
7.5666 -1.6805
-1.8463 4.8445
9.3783 8.0030
6.1327 2.7719
5.9018 8.7720
8.9965 -0.7934
5.3364 -3.3581
1.7394 1.9813
1.9675 -1.7115
6.2667 7.6905
9.5496 6.9670
9.5373 -0.7877
6.6694 8.2273
6.9081 3.7443
6.4912 6.4416
0.2455 2.9609
3.2442 -1.5784
-1.2661 7.3271
11.1434 -2.8145
4.4707 9.6764
-0.9834 3.1896
-0.2937 4.6092
3.1257 8.3118
5.6433 10.1557
-0.6057 7.0189
7.5845 8.7172
7.9808 8.4331
10.2345 0.4122
6.8859 3.7442
8.8689 4.3886
5.4958 6.7882
6.6492 -0.2449
1.8874 7.1938
0.6820 -1.7294
-1.3251 7.7937
-0.4057 3.0621
0.2535 1.7987
8.4446 7.2471
4.9495 9.2989
3.1744 8.7096
-0.5662 5.6098
0.4951 3.6762
7.5915 7.5544
11.1965 -1.2540
6.4251 6.3870
5.8217 -1.0716
-0.3893 6.7923
8.7078 7.8998
8.3454 -1.8903
7.9527 6.9357
5.3079 -2.1907
7.3801 7.0774
9.9027 3.5999
8.2461 2.1123
7.7181 8.8030
7.2842 3.5457
4.4431 6.8955
11.3679 0.3106
8.2123 1.3165
7.7417 9.8587
7.8930 7.1976
-2.0791 6.3263
4.0909 7.4561
4.0970 2.2022
4.2205 9.1033
7.2111 4.0052
-1.0905 1.0536
8.2443 8.1396
3.4891 8.2362
-0.2438 1.8531
9.9114 6.0383
6.8489 -0.2364
7.9403 -3.2664
9.0673 9.0171
7.9830 -0.1863
8.7933 8.9157
7.6102 3.3742
8.6432 3.7727
0.7306 6.8141
-0.1120 8.8039
1.1423 5.5545
4.3624 7.6593
5.3722 6.3630
3.9580 -0.3705
4.7447 9.5503
-1.6867 2.9773
5.1341 5.9857
0.0619 9.2147
-1.6366 6.3160
6.9252 0.1055
-0.3982 3.9209
-1.1438 0.2812
8.8479 0.4714
8.1385 2.7527
3.6613 9.5980
-0.8163 -1.2213
-0.6760 8.5238
2.2361 -1.3291
3.3579 8.0417
7.7821 -1.0096
7.9825 7.8760
6.3318 6.8610
0.0827 8.9157
12.4445 -1.9382
5.2661 -0.1192
10.1286 4.3332
8.3304 1.1248
3.4140 2.5510
-1.2275 2.8986
3.1808 5.8199
0.4159 -2.1217
5.0558 0.4872
8.8671 7.6993
4.2422 -0.6649
4.8009 7.5014
-1.1728 0.3651
6.9190 -1.5469
-0.9255 7.8032
7.0536 12.6232
-1.6990 10.2931
3.5613 1.6141
7.0905 0.2385
6.1009 6.2432
3.1708 6.8102
5.9499 -2.3334
-1.7183 4.3699
5.5798 2.8441
8.6858 2.8425
7.9056 7.7846
-0.0841 3.5627
4.4084 5.2286
5.0493 3.0207
9.1649 -0.6018
0.8244 9.4005
6.8031 -1.5421
3.1607 12.1593
9.4139 3.7917
-3.2230 6.6732
-1.8058 4.3812
0.5915 5.2500
9.0635 -0.9095
7.1954 7.8293
4.1006 1.2455
-0.1515 6.4456
-0.6117 -0.4026
7.3502 -0.5795
8.9723 -1.4736
3.6212 6.8647
9.2680 4.7782
7.8296 -3.3328
8.8384 -2.4636
7.3292 -0.3225
4.8009 3.5621
4.9201 -0.9937
5.1607 -1.9794
5.7887 -2.0247
8.0388 6.7069
3.7216 4.3572
8.1809 1.2212
-0.8302 4.9910
9.8432 -2.2681
5.2781 7.6759
3.2890 4.6180
6.6647 7.3325
3.2598 1.6469
3.6194 0.3003
4.9541 8.1153
3.6448 -0.2251
9.1341 5.0816
7.6909 4.9181
8.4761 6.9931
5.8746 8.6326
7.6886 4.1542
7.0101 -0.7623
2.8492 2.9694
8.2532 0.7962
-3.0400 3.0139
5.7141 6.2784
8.1981 7.2535
-0.8182 9.9078
0.1306 -1.0622
-3.9598 4.9366
9.0532 4.2306
5.5352 0.0043
7.9525 -0.9092
-1.4883 0.0214
-0.3501 6.4979
-1.4399 -0.4654
12.3602 9.6316
-0.6776 7.3686
6.3345 5.8536
8.2086 4.7186
8.1730 6.9379
6.3181 4.8165
8.9638 6.5692
-0.7493 7.0146
7.2931 8.7466
6.9166 3.8087
8.3559 5.0358
0.1629 -0.9593
7.0221 0.2551
-0.9414 7.6488
0.5222 4.4638
5.2322 2.3926
1.3980 7.2030
1.2845 8.2458
7.2404 -1.7100
8.1219 7.0405
10.8356 5.1199
8.4443 3.5706
-1.0104 6.4735
5.1855 4.9975
11.0567 9.0141
5.8160 3.4875
7.0891 1.8846
8.9366 4.6136
8.6360 -0.3708
2.3750 4.5649
8.8133 9.7707
1.6834 3.7986
8.1465 0.9316
8.1472 -0.3452
3.4268 7.6149
9.2751 7.4134
2.2278 10.7225
6.3130 8.1330
0.3727 9.8698
-1.9445 -1.5803
5.3580 4.0119
8.8099 4.4017
4.2166 4.3442
4.8067 1.2434
10.3070 10.2095
7.4761 4.7008
7.1391 8.6016
7.5747 8.2149
9.7569 8.2740
3.7135 7.3238
7.4889 1.0241
5.8433 0.2173
4.3548 -2.5129
1.7422 1.8242
0.0370 -1.3634
6.9163 7.5282
7.9992 0.8244
8.4559 6.2247
7.2707 -1.4661
8.5526 9.5549
9.1289 4.9012
-0.0434 5.2095
8.1792 1.6832
5.7297 6.8451
5.5892 6.1972
8.3602 8.5699
7.2870 3.6812
-2.8109 8.1593
9.0192 7.1591
7.1899 7.7355
5.0596 0.2250
9.9735 6.2523
-1.0812 1.8839
5.9891 4.0401
9.1967 5.1388
6.4016 5.4227
4.8486 7.7306
6.4904 3.4202
9.0071 0.7878
5.1056 4.6119
5.9178 7.9448
7.4721 4.7076
1.7155 1.5928
4.7920 7.1491
5.1335 7.4153
-0.2199 4.0272
5.0020 6.6429
1.0426 9.0367
6.1738 6.3708
2.3671 -1.3582
-2.5757 -1.2551
7.0779 0.8803
8.6669 5.1114
6.4567 2.3841
0.5964 2.5375
7.8902 8.9777
7.3378 7.1783
8.4973 9.0543
7.9135 0.5339
1.8416 -0.1657
6.4646 8.3426
-1.8703 6.0508
9.1162 7.0202
5.9521 7.0465
4.6899 8.7723
6.7188 -1.1621
-0.8687 2.7776
3.8853 -1.7611
6.6847 4.4753
7.6209 6.7324
4.9717 6.5954
7.8163 7.6545
5.8083 7.4280
9.5666 10.2390
3.4646 -0.6162
5.6711 1.0136
7.1281 8.6549
6.2738 -0.1539
-3.3971 8.6075
-0.5495 5.9418
3.5900 3.6793
9.7937 4.0274
7.0010 7.9106
5.3481 8.3984
1.3641 1.2784
9.0163 4.2515
8.9160 7.7801
5.2778 5.1365
9.4156 8.4556
9.0997 -2.4359
2.5897 0.3445
-0.1642 0.0364
3.7106 4.6137
-0.5892 6.9982
4.8755 7.8676
-0.5329 -2.3870
-1.3590 8.8085
10.2005 4.5318
-1.4161 4.5929
4.8609 7.3029
4.6905 9.1254
1.9405 8.2250
-1.1240 -1.9568
7.8516 6.4371
6.5570 7.4129
-1.0057 7.1506
-0.3760 8.6109
4.7002 6.3303
7.6017 8.1484
-0.1568 6.0583
-2.2153 2.3518
-0.3354 5.6165
-1.4582 0.4281
0.2682 7.9915
4.5915 7.6849
0.4075 5.1986
8.5932 0.6682
9.5092 5.3997
7.7363 5.0686
10.5048 9.1521
9.5981 7.7856
-1.2431 10.1537
6.8118 5.8310
-0.3607 -1.5527
0.9550 -0.2856
-1.3193 5.7309
6.7494 9.6040
8.9206 -0.1998
2.2913 5.0771
11.3934 -0.7895
10.9500 8.6086
-1.4004 7.8716
1.9026 -0.3656
-0.2930 3.9532
6.9743 6.8843
6.7518 5.5652
5.2373 1.1988
9.5506 4.8557
6.5494 9.2780
2.4600 -0.8027
8.3699 9.9618
8.0445 9.5932
-0.2200 0.8396
-0.9246 7.8010
3.6092 -1.4409
4.6781 6.2532
2.7630 2.4338
3.0297 3.2829
6.9667 0.2252
5.6692 7.9885
-1.2540 5.5319
-2.4648 7.8845
8.9008 10.8355
-1.2168 3.9757
6.9047 2.7747
4.4339 7.0735
5.5721 5.5216
5.1085 -1.2895
0.5112 9.3686
5.3136 4.6414
8.7635 2.1452
10.1347 9.2152
1.6181 6.4241
7.2461 -2.0529
7.9445 7.5408
1.6223 0.4320
8.7846 11.3154
8.0640 -2.1205
9.9905 1.3432
3.5560 -0.9005
8.7874 2.3702
4.5507 1.8570
2.0282 5.2110
7.8587 -2.5878
-0.5361 0.7909
5.4666 -0.3099
6.7916 -0.3257
7.7145 8.6933
9.0004 -1.6510
7.7775 10.6397
-1.1838 8.3141
10.3911 5.9697
-1.3024 -0.1412
-1.4910 7.6725
-0.6050 7.8648
-1.1311 -1.0427
8.9150 -0.3249
-1.1933 0.4677
9.6366 8.0264
10.6199 4.0683
4.0865 11.3788
7.0640 2.6143
10.1426 -1.7999
-0.9481 7.7845
2.6304 7.1124
-1.1929 8.3201
1.9626 8.0368
6.2763 8.8534
9.0849 9.9114
2.1892 3.9122
3.3614 8.0766
3.3333 1.7152
5.0644 4.6712
3.3646 9.5924
1.1918 10.1252
-0.5443 3.0229
7.7485 10.6541
5.2323 8.8358
1.4125 4.0752
5.7692 7.8075
2.7110 -1.5641
9.0589 8.9167
6.7590 -1.7547
1.8899 7.9267
7.7062 6.5733
1.3163 8.8764
1.8886 3.3181
8.7475 7.1246
8.5948 -0.6204
8.2082 6.5363
6.8423 -0.6161
2.6009 9.4328
7.0086 2.0517
-1.2374 6.8139
4.7331 0.7247
-0.9073 -1.2120
-0.6070 8.8721
6.2736 7.2630
8.0239 4.8481
8.9308 0.0506
0.6178 7.5680
7.9584 4.6408
-0.4629 8.1908
4.3852 7.6208
8.4165 8.0186
3.0840 7.1952
5.7932 7.6621
7.5131 1.7508
6.5269 3.9338
6.5723 3.4528
6.6471 8.7604
-0.1791 1.7069
3.7951 6.2376
9.5350 3.8684
5.0148 7.3640
3.5399 -2.1865
9.6966 7.5138
-1.9974 2.2937
4.3066 0.1958
7.7316 4.6507
-0.7665 0.9324
7.3160 9.8399
7.6695 8.4009
1.0496 8.5267
6.5835 -1.4964
10.2937 8.1934
5.1893 3.4795
4.7150 8.7577
7.5651 8.6765
9.7426 9.0425
-0.9977 1.6335
6.2840 -1.2657
6.4074 11.1317
8.9436 -0.1996
10.9944 2.6912
7.9058 -0.3575
5.9876 8.0938
2.6322 -1.1651
1.6892 8.6210
8.1409 6.2740
-0.5374 4.7439
-0.6499 6.3360
0.8350 8.9483
6.2982 4.9762
7.3115 3.0436
7.4645 4.7469
7.9412 -0.4826
6.5703 7.7926
3.9312 7.8688
2.9723 0.5048
5.3798 3.2152
7.5882 2.2422
-1.0160 7.5808
7.5854 -0.1414
7.9588 3.5382
3.8423 5.0301
4.6360 -2.0873
5.1134 3.1044
7.7232 2.5343
2.5613 7.4414
-0.2404 6.6403
8.0624 5.6446
2.1657 9.4434
5.9600 7.4856
8.6945 0.7907
-1.9883 8.7617
8.2716 10.2090
-4.6805 1.3979
9.1323 2.9511
4.2519 -1.1937
-1.0322 7.2610
8.5120 2.0989
9.5007 8.3363
7.4523 7.0106
-1.4870 -1.7896
9.2092 3.6389
-0.5577 -1.8337
10.2644 7.0476
-0.5445 7.4353
-1.0862 -1.0857
6.9698 8.8439
5.7973 0.0869
7.6074 0.9292
8.0422 4.0163
5.8061 5.2671
1.5999 4.6727
-0.5486 2.8537
7.0227 -2.2042
6.5962 7.9047
4.5645 5.6239
1.9312 5.2031
3.1366 9.2044
10.2583 6.6072
-1.8504 5.3051
1.3943 4.9434
7.0890 -0.3760
8.1478 4.9518
8.1163 -1.3082
8.1560 4.0877
8.3593 8.0602
5.0659 5.3294
3.5695 9.0055
-0.4450 10.1062
0.9714 8.0553
8.7269 10.1954
2.2545 10.3781
2.3152 3.1990
8.8172 9.4827
-0.7139 1.4504
9.2455 5.2977
-1.1898 4.4901
2.8857 1.0175
-1.4823 -1.1551
7.6752 -1.2048
7.2027 0.3795
6.7885 6.4175
7.5740 8.0253
5.4396 0.9756
-0.3341 7.4409
0.8011 11.5066
4.8857 1.6325
0.0327 8.3979
-1.0434 8.7704
6.2547 7.7869
7.6808 5.2159
2.0585 5.1659
7.2855 -2.2885
8.7240 6.2061
0.0525 6.9796
5.1397 8.5605
2.3900 0.5101
8.3270 2.0453
0.8554 2.6216
-0.0459 6.8253
1.4499 -1.3725
0.2501 0.3654
10.6686 -0.2222
7.6335 4.6461
5.2793 1.4906
6.7978 9.8590
-1.3775 3.9212
7.2997 7.7245
7.2833 4.7646
6.0191 8.3274
-2.6613 8.0050
7.7366 2.9052
7.9399 3.4837
-0.3876 7.6853
6.5571 4.7209
-0.3136 7.7030
3.2403 9.2392
9.5190 10.3621
-1.5560 -0.6801
10.6942 7.6174
9.6245 6.8331
9.1312 -0.2855
6.1403 9.4535
2.2999 6.4239
-1.0698 9.4503
7.0576 8.1763
1.0711 -2.0535
8.0082 4.0265
7.6068 1.9010
5.2552 5.1388
8.0398 8.4454
-0.9014 8.3673
-0.5064 4.4378
9.1421 6.8634
3.7855 7.3449
6.7132 -1.1317
4.1631 5.2126
9.9152 4.4741
7.1068 7.5759
8.8250 3.3121
-1.9906 8.3933
8.0603 8.1242
8.8047 -1.4085
7.2081 4.6448
-2.0600 -1.3504
0.4079 8.6774
5.2253 2.8356
6.4586 -0.0972
-1.3520 8.5655
7.2592 2.9990
2.9967 4.6552
8.8832 -1.8370
7.0673 5.8384
9.8964 10.8509
7.0971 4.2343
8.5837 4.9641
6.6442 -1.0912
4.1455 9.5039
5.7036 9.5818
5.0846 8.0897
4.3257 5.9827
-0.4272 4.6612
-2.1451 7.0199
9.0676 7.0638
7.0898 4.8614
8.9722 9.4627
4.6254 9.1212
6.4730 10.5895
4.8989 1.9723
7.8657 1.2945
-2.2234 4.2137
0.4933 -1.5957
-0.2370 3.9254
0.8518 8.6903
-1.0878 6.6510
0.7656 6.0691
0.9381 3.0892
-0.9870 9.8026
4.2970 -0.6660
6.5132 6.7611
0.0696 7.2846
3.7047 4.5439
5.0958 4.3660
7.9857 7.3345
1.7032 8.6020
-0.2596 5.3903
8.7957 7.1296
-2.4674 7.2299
9.0128 8.5313
8.2845 6.7883
6.0252 1.8097
1.3956 6.0783
-1.6989 8.0128
0.1777 8.2759
3.9194 -0.9438
7.0879 9.1291
7.0367 7.8910
3.2723 5.8796
7.9467 8.0646
7.5142 7.9745
9.6512 9.3642
0.6276 4.3790
7.3216 10.2357
4.8474 9.4866
4.2054 6.8941
2.3593 1.2710
8.9038 4.6349
4.8968 8.2299
7.9798 1.4315
-2.2921 8.9377
2.1407 8.3140
-0.5110 5.4852
6.0823 2.4890
10.0213 1.4272
4.3735 3.9026
8.4867 1.1305
1.7082 6.0900
-0.8656 1.2402
8.0530 5.9206
-1.1979 -2.1315
8.0000 4.8438
9.0551 7.0344
2.6273 8.3045
1.4339 8.4548
6.5401 6.8766
0.1206 5.7242
4.7672 4.7781
9.1783 8.9211
9.5344 5.6551
-2.3216 -1.7133
2.8296 9.1371
4.9666 4.8897
4.4266 10.2473
7.3086 7.5542
3.9971 9.1873
-1.3744 3.2964
5.8500 5.3576
6.2343 9.7641
7.1800 4.2822
7.0441 1.3304
7.3313 6.5193
7.5704 9.9186
2.3246 5.8975
-2.9024 2.1566
4.5158 2.7296
1.5784 7.4710
6.8731 9.6277
7.5737 7.9559
-0.3712 9.4566
6.7709 10.3907
9.2371 -0.6048
2.7516 7.6245
2.0071 7.9292
0.4264 6.5864
9.3897 8.5557
7.5498 1.5434
3.5296 7.9191
6.0921 0.4739
8.2067 8.3013
4.8471 -2.1489
-3.1140 9.0015
8.8712 -0.3256
-1.9002 5.2213
5.7510 0.2773
9.0503 6.3440
0.0596 4.6727
4.3957 -0.8548
0.8445 -0.0077
6.7817 8.1167
9.7032 0.8299
-0.4281 -2.8264
5.7092 11.6993
4.8790 8.5476
-2.9302 6.5628
0.2412 -0.9788
1.2338 4.9914
8.1257 -1.5107
9.0171 7.2987
3.8423 2.1383
8.0306 -3.1506
0.1728 8.8182
5.3285 8.6464
3.0244 -2.1537
8.3132 9.5034
7.6556 4.4935
7.9174 9.4527
8.1625 0.5751
6.8343 4.0987
-1.8650 -1.9942
0.6587 -1.2589
-2.1365 8.3287
4.8880 5.0144
3.6923 7.8102
7.1235 2.8190
-0.1634 7.3255
4.8409 6.6335
2.4691 1.1583
2.6748 5.7485
8.7190 8.0807
0.3879 8.8157
3.5642 1.7782
-0.6963 2.8771
7.6888 4.6804
7.9192 4.4698
7.6158 7.7094
0.9319 6.3333
8.0293 5.2692
8.1881 4.6729
5.1457 5.0785
9.0237 8.6394
7.3872 8.6952
5.6556 1.7432
-2.0294 10.7282
8.1974 7.0619
4.5045 4.7641
0.0558 -0.9724
5.4258 2.6609
4.3240 4.8973
8.2435 -1.8643
5.9010 6.7167
7.3191 2.0104
2.0133 3.8519
3.5373 6.9433
8.4901 10.7471
8.6681 8.4576
6.9688 6.2112
5.1150 1.3766
8.1040 8.9924
9.4247 6.3310
3.7901 2.4284
6.7792 2.1650
5.5475 1.6105
10.8010 0.3134
10.0056 7.2809
7.8479 10.5891
5.6660 -0.4102
8.7010 -1.1200
0.9047 8.0353
2.5027 3.9244
9.8218 3.6403
6.9521 7.2387
-1.6066 7.1933
2.2993 7.7607
-1.1964 8.5819
9.7147 10.0961
8.4243 -0.1928
-2.2295 8.1179
5.6995 2.4783
4.5156 8.9199
4.3653 3.7346
7.7378 8.1032
8.4273 6.5126
8.2141 2.6213
-1.8960 -0.2481
4.2067 4.6332
-0.5381 -1.1986
7.9757 7.3344
-1.6172 4.9077
