5
10.3537 8.0778
-7.6311 -8.5410
-8.7989 -8.5299
-8.8408 6.8731
1.6870 -9.3455
-9.1655 -10.0052
-8.2029 -8.6580
-9.2767 1.9844
7.0791 9.8403
-9.7521 8.6468
8.1281 -9.3233
3.0871 7.3213
-8.9585 6.1126
2.9622 -10.2687
-10.0191 -9.5797
-10.0851 -9.4797
8.4778 10.8988
-9.1302 -9.0519
9.7480 -8.9115
-10.0317 1.1834
8.8547 2.5418
-7.6629 -8.1576
9.8563 2.7165
-9.9006 -9.1239
8.1512 -10.3517
-7.9476 -9.9192
-8.9864 -6.9333
9.5313 8.9717
9.5156 8.5316
-7.6924 9.3810
7.3114 -10.5804
-8.1697 -8.1744
-9.4282 -8.4908
-6.2652 0.7304
-8.4223 -10.1705
-9.8148 8.8551
-7.9938 8.6165
-8.6480 -9.4724
-7.0419 -9.3766
8.0959 7.6191
3.1858 -10.0801
9.6906 8.2093
7.0537 9.6675
-9.4968 9.6367
-11.0665 -8.5255
-10.6480 -7.2353
-11.0723 -9.7757
-8.0149 2.9364
-10.0852 -10.9576
3.3206 -9.8112
7.9241 -11.3643
-10.0411 9.5595
-9.6405 -9.2399
1.2683 -9.8945
-8.2167 -8.8077
1.2987 -9.1876
-7.8475 -9.0083
-7.9986 2.5919
8.2225 -8.0795
9.1153 -9.0213
-8.4740 -9.1248
-10.6026 -8.2849
8.0549 10.0961
-8.1543 7.8639
-9.2202 -9.1264
2.2685 7.7752
9.6267 1.4505
8.4493 9.5934
9.4051 9.2468
9.3532 -9.5529
-9.9621 2.3065
-9.0043 7.4781
10.6795 9.6682
-10.7994 9.7912
9.8819 -7.2827
-10.6695 -9.2612
10.0512 -8.7792
-8.7895 -7.7279
-8.3303 9.7513
7.9858 6.7971
-10.4411 9.4915
-9.5369 -9.4067
1.2033 -9.6602
9.3401 9.1120
1.3350 9.4037
1.5076 9.5327
-9.6284 8.1550
-7.2802 1.0215
-7.4533 -8.1585
-8.4484 -10.9236
1.7934 -10.1172
9.4916 -8.4935
-9.1690 8.6128
3.3600 4.2730
-8.1442 -8.9879
9.2568 -9.1083
10.6310 1.7265
-9.8835 -7.6094
1.7956 -9.7531
9.6761 -9.2242
-9.8942 1.1416
8.5566 9.5461
9.5493 9.5158
-9.2645 -10.1653
7.8547 7.8458
-9.3379 -9.9835
9.6610 -8.4200
-8.9889 -10.1717
-11.3328 -9.1235
9.6877 9.6407
9.5177 9.1985
-10.5286 1.6227
5.5539 -9.0872
7.3999 1.5421
7.5497 0.2172
-7.6544 -10.6617
-10.9370 -10.1200
-8.7411 -9.3481
8.7315 2.9208
-7.0992 7.4366
-9.3276 11.5687
7.9917 -8.3961
-9.1766 2.8211
9.7434 7.7055
7.5498 8.9393
9.5421 7.7250
-8.6553 1.9109
-7.8054 10.7343
-8.4558 -9.1308
9.6094 1.1336
-9.5907 -8.2877
-8.7951 1.4189
-9.3385 8.9052
2.3620 -9.0954
-9.6922 0.5755
1.4711 -9.7864
-0.0474 8.9959
-7.8456 9.5305
1.2691 -9.3247
-8.5564 1.2810
8.4190 -11.7592
-9.8253 8.8560
1.5262 8.1454
5.9796 -8.7553
-6.8551 -7.8165
-9.7519 -7.8322
-9.3847 7.9258
1.3111 -9.6953
9.5638 0.4455
-9.6828 1.8529
8.2293 -9.3192
1.7815 8.3382
2.9621 8.4826
-9.4122 9.4869
-9.6073 -10.3650
-7.9979 -8.3532
2.7844 1.9957
7.4397 8.2217
-8.5147 2.4443
-7.6228 1.4325
9.4217 8.0199
-8.1346 -6.8871
10.0618 -10.4044
4.0663 -8.5578
10.0597 7.2970
1.5964 7.3436
7.4755 9.6693
-8.4207 -8.7280
1.7725 7.2887
2.1130 9.6811
2.3061 8.4187
7.4234 -10.7138
-9.0831 -8.8541
1.2774 9.7787
-5.9534 -10.2152
9.7095 -8.6208
2.9905 9.5558
7.1799 1.5264
9.4741 -9.0202
-8.9359 9.6094
-7.8834 -9.5772
9.3517 -7.6752
-8.2037 -7.5370
8.8766 -11.3295
-10.1012 -9.0385
-8.9306 9.7657
9.7679 -9.6820
-9.1167 -8.8322
9.2579 -10.6467
8.4414 -7.9503
8.4026 -8.3026
7.9222 -7.6121
7.0821 -7.8623
-6.2431 1.9808
-7.2408 9.6677
7.6103 -10.9546
6.5587 2.9815
8.7971 -9.2362
1.8836 -8.4440
1.6257 8.7927
-10.3888 7.0710
7.3995 -9.7479
-8.0957 8.9201
-9.9523 -8.9387
-9.3092 2.4310
-10.5789 -11.2169
-9.9572 -10.2943
-9.0944 -8.1692
2.9326 8.2867
-9.7925 7.9471
8.9061 -6.9332
9.6286 -8.1905
-9.6709 1.6060
1.8598 7.9241
8.7241 2.5741
7.8043 3.5346
10.7705 9.5274
1.7525 2.0543
1.3876 9.5372
1.9201 -9.9719
8.1792 -8.6721
-10.4226 9.6175
-10.5443 1.8443
9.2687 -8.4589
-8.9246 -10.5006
-9.7646 7.2097
8.7422 2.0984
8.2368 -8.9201
8.8173 -9.9529
-7.6330 -8.3312
6.4414 9.8474
-9.3951 -7.6234
-7.7673 -10.7202
-9.2788 9.4335
-9.5689 3.1328
9.5206 8.1641
-9.5342 9.0618
9.6050 8.5402
6.7439 -9.8344
-7.7994 -9.4043
9.3859 -8.9764
7.4126 7.2176
-9.4523 2.1997
7.0895 -7.7944
-8.8694 -9.2070
6.0066 7.1642
-9.4310 9.7210
2.5241 -8.0590
6.8967 -9.1134
7.8992 1.5006
-7.6649 8.1245
9.3874 9.0782
9.4182 8.6135
-9.3390 2.3625
-10.7021 -8.7843
9.5649 -8.2844
0.8710 -9.2244
7.6024 -10.1982
-9.1893 -7.9470
-10.4059 7.5119
-7.9816 6.1968
9.6656 -8.5365
-10.8079 6.2004
8.2726 9.4689
-8.6602 0.6399
8.7374 9.3247
-8.2409 -10.2827
1.9793 -8.4834
6.6446 8.1360
9.4568 9.7660
9.7278 9.8267
-9.5446 6.4029
8.8566 9.4154
-9.3941 -10.8604
-8.9794 -10.4311
1.3180 9.6509
9.7062 0.7359
9.4605 2.3176
7.1496 -9.3044
-9.7279 -7.0064
-9.6199 -9.2601
9.6477 1.2248
-9.9789 8.2191
0.9110 7.7006
-7.9758 -8.5428
8.1212 -9.2159
8.7467 -11.3324
-7.9005 9.6991
-9.4744 -9.1336
2.1566 -9.9981
8.9412 8.9413
-10.7236 9.6608
-10.6705 -8.2735
-7.4750 -9.4979
-9.2857 9.4289
-10.3116 -9.7693
9.5674 7.3936
-9.4253 -8.5553
-9.7778 8.6593
0.1953 0.9715
-7.9296 8.9406
-8.6287 -10.4253
-9.1975 8.5927
9.6849 -9.1862
-8.3848 -10.4936
-9.5641 1.1813
-10.6693 1.5611
8.4224 1.4824
9.5334 -8.5265
-10.2957 -8.8809
9.4899 6.9179
-8.0609 9.5525
6.9993 -10.2882
-10.1463 -9.1672
-9.9632 -7.8964
9.6702 9.6442
6.8344 1.8749
-8.9972 -10.1724
1.4843 9.9387
2.1379 -10.9335
-8.9357 1.5115
7.9525 8.2231
9.4784 9.2407
-8.4689 -9.5474
1.4111 -8.3407
4.9805 -9.9720
-11.6802 -9.0666
9.3632 7.7341
6.9775 -9.5463
-10.3335 -10.4252
9.7797 6.7243
10.5309 2.4743
-9.5822 8.5381
9.5163 7.6848
-12.0599 9.7216
10.0676 -9.1955
9.5794 9.9667
-10.4251 -8.7835
-9.2898 2.4102
3.9280 -8.3007
10.2348 7.9877
-9.2048 -9.8901
8.6856 -8.3797
-9.1256 2.5518
10.4687 -10.0101
1.6521 -9.2583
9.6026 1.9667
8.2407 -10.1681
-9.2044 4.2754
9.8990 9.3980
-9.4446 8.0042
-7.4677 -9.6756
-8.3804 9.7204
-7.2967 1.7093
3.8500 2.7766
7.8745 8.1309
9.9277 -5.8812
8.3389 -9.2765
-8.5974 7.9867
0.5135 -9.6781
6.6615 -8.5246
-10.0766 3.0310
-9.1392 -9.1128
-9.0410 -10.0120
-8.0388 -10.8101
-9.7668 1.4843
11.1804 2.0423
9.2661 8.4689
9.7496 -10.5283
2.8720 -10.5097
6.2389 7.9525
9.4867 6.3039
0.9532 7.1647
-9.9348 9.6583
7.5568 9.7631
-8.4698 -7.9715
6.3409 -10.1834
1.7929 1.5300
-9.4482 -7.9133
-8.8619 9.0849
2.0872 -8.5685
-7.6440 8.6467
7.8578 -10.1204
-8.0545 9.4696
9.4018 0.7745
7.8415 -9.6788
7.0161 -7.3697
5.9391 1.4552
-11.1883 -7.9286
-8.3189 -8.3704
7.6863 -9.0752
1.4828 -9.9798
9.7307 -8.8482
0.9483 -6.7302
9.6527 -9.5692
2.9857 -9.9159
9.0770 -8.1381
9.6574 6.8268
-6.5010 0.7793
7.7637 7.6790
8.5282 9.5220
3.3627 9.5088
2.9507 6.6819
8.8696 -8.9060
9.4663 -8.4469
9.5046 1.2281
2.1809 0.8304
-8.5253 9.1137
3.3918 7.6815
7.1330 8.4081
-10.3962 9.6192
-8.5710 8.3185
-9.4196 0.8556
-9.7096 -9.6119
9.4829 9.7953
-10.7650 -11.2404
-8.6314 -8.3568
9.7074 8.6987
-10.1951 9.3347
9.2993 -8.4841
-10.2543 -8.2660
-8.7413 -9.4048
-8.5363 9.7318
1.4019 9.3574
8.2288 9.7816
-7.4540 9.6783
-8.1453 2.2745
9.5252 9.3547
8.9934 9.5932
6.8187 8.7901
8.8545 -9.3340
8.6299 6.9823
9.9863 -9.8470
2.9732 -9.1662
1.3483 8.2463
9.0521 -8.2519
-8.1507 7.9939
9.9267 11.6012
-10.1994 -10.2157
2.5037 -9.6213
-8.6227 -9.7536
10.5822 -9.1452
7.8331 -9.0517
7.0327 9.5818
2.0452 -10.1796
-10.3212 10.0433
9.1072 -8.4386
9.7373 -7.1055
7.1135 9.7506
9.3716 9.4115
-8.7435 2.7350
2.9688 -8.8132
-9.0110 -10.4185
2.3770 9.5994
-7.4458 6.8600
-7.9470 -10.8416
1.5690 -9.9500
9.1057 -9.7919
-9.9476 8.7462
-8.0610 -10.4008
1.7133 9.5361
8.7517 -8.7209
2.7498 -8.8289
-10.4103 -10.0785
7.0194 2.2226
-9.0541 2.1481
1.0047 -9.0384
8.6447 2.1757
-9.2426 -9.3916
-9.5275 -9.1820
-9.9331 -10.4422
0.6838 -9.5011
-7.1903 7.6204
2.3140 -10.0802
0.9488 9.6011
2.2054 8.2234
-10.5260 -10.8483
-9.4202 -8.2153
-9.6993 0.6334
1.5190 -8.6175
8.7500 9.3418
7.7809 -9.2460
7.5010 2.7793
9.0785 -8.8975
9.2877 8.3053
9.5373 -11.2959
-9.1263 -9.4546
-10.3034 -9.0881
8.6784 2.2392
7.4958 -8.7892
9.6108 9.5567
-10.4713 2.7715
1.5232 4.1451
-10.4628 -9.3597
-11.6080 1.4919
2.0191 -7.8191
-8.8281 -9.5692
-9.2233 -10.2780
9.1041 -9.3147
-9.4022 -9.1182
-8.8573 1.6885
-8.1405 -9.7804
-11.3392 -10.1861
9.2361 4.2528
-8.0941 7.9961
2.0873 -9.5460
8.3680 -7.9412
-8.9973 1.3812
9.5354 -8.1886
-10.2021 8.9693
-10.2831 -11.1762
8.1293 -9.1067
7.2590 2.4653
-9.9465 1.1376
-10.9709 -9.7939
-8.0315 2.2107
-7.6947 8.0241
-6.9245 8.6466
-10.0472 -7.3467
9.7872 1.2577
8.0013 9.3639
-9.3789 -8.3301
2.0665 0.9422
8.2028 -9.1654
7.2146 -10.7146
9.1013 8.7496
-8.6230 9.2232
-9.0782 7.7511
-10.2108 1.9351
3.1642 10.2601
8.2900 1.2114
-7.5704 8.2519
6.5474 -9.0409
1.5992 2.4453
-9.5291 -8.8702
-13.1609 9.6969
-9.5861 -9.7654
7.4630 8.9839
-10.1071 7.2724
-7.9386 -11.1432
-10.7690 0.9953
-10.0518 -9.0692
10.2725 7.2919
9.7182 -10.6333
-9.9334 1.6791
9.5148 -9.1460
-8.2747 -8.6595
2.5932 2.7388
-8.7941 7.7519
7.7933 9.8648
4.6279 11.2064
-9.3636 -9.1669
1.9084 2.9758
5.5233 -8.8875
2.3296 6.4173
-9.4114 10.1961
7.2187 8.3862
-9.2692 7.0858
1.7339 2.3206
-8.9076 -8.5714
-8.7411 9.6430
9.4926 9.2595
10.2686 4.6410
9.5371 -9.4758
8.0555 -9.8111
-8.9333 -8.0410
-8.7446 -9.8938
9.5629 -9.7384
0.8883 9.8453
2.2091 -9.4775
8.5040 -7.9858
-10.1157 1.3061
-8.7091 -9.1032
-10.1497 2.8045
8.7833 -7.8178
8.3027 9.4541
-8.0596 0.6639
-8.7183 2.0099
-11.5377 -8.6710
-9.4517 -10.3440
-9.7480 -10.1242
-10.5210 7.3506
3.0186 -8.9968
-8.9819 -10.4353
-8.7240 1.4930
-9.4450 0.3401
-6.6151 8.5468
2.2842 0.7740
-7.7601 -8.0581
6.6899 2.3890
9.4384 8.6290
8.6376 0.9676
9.7109 -8.8704
8.4328 1.2480
8.1246 8.4833
-10.8584 -8.7462
1.8223 9.7873
7.1536 1.6006
-10.8979 -10.1246
8.0853 7.5332
7.5633 8.5561
-7.6612 1.4719
7.3893 6.2208
-9.6970 -9.5735
-9.3202 -8.7149
1.6296 1.0563
9.5451 -9.8770
-8.1072 -8.6867
8.1028 2.4123
8.4012 1.5445
-7.8340 -7.9151
-8.2723 1.0883
7.6833 -8.7373
5.2861 4.0142
1.0026 -8.1500
-8.6073 -9.3649
7.5543 9.5885
9.5105 8.7961
-7.3836 -9.1359
6.0727 8.4654
0.8938 -9.1922
-8.9769 -8.9917
9.4050 -9.9321
-9.0675 -7.8046
-9.2368 2.8088
7.7787 -7.3279
7.3390 9.7855
8.9975 -9.8930
-10.1596 -8.6500
9.6552 1.3604
8.1357 -8.7907
-9.2007 -7.7017
9.2903 2.2543
-8.6674 7.6476
0.8161 -10.2265
-8.6889 -10.3572
-8.5811 -7.9860
-9.2814 -10.3192
-9.2945 -8.0069
-6.8743 9.9265
7.6172 -9.4649
-9.4926 0.8187
-7.8792 9.5301
-7.1002 -9.8619
-8.9022 1.3394
9.7324 9.7291
9.8100 -9.2350
7.9661 9.4697
-9.7647 6.5640
9.2635 0.3527
-10.4171 1.4908
-6.1091 8.8179
8.9464 -7.5849
0.6141 2.4094
-10.0244 -11.0667
1.8058 2.0240
9.7104 -8.6294
0.2698 -8.5640
1.8650 9.0661
9.5173 7.8800
7.4872 7.2576
-9.6417 -10.4314
0.7350 -8.4866
-9.0281 1.9566
-8.1037 1.6737
8.1466 -9.5658
3.4684 0.9430
1.8816 -10.1820
-8.5840 -10.5372
9.6560 6.8545
8.8138 -11.2269
1.5712 -10.1151
10.1522 -9.8767
9.7508 1.8438
-10.5365 5.9919
9.6632 1.4475
7.6605 -9.4458
-10.5063 6.6470
-9.1818 0.9006
1.4609 -9.0328
7.3517 9.8350
-7.8655 2.3324
5.4088 7.3287
8.2993 -10.6259
6.4751 8.2210
8.2664 2.9253
9.7129 -6.6590
7.5960 -8.4604
-9.5190 -8.3467
7.5243 10.4293
0.3588 7.9629
-9.1481 7.5139
1.8132 8.6192
5.9503 0.5542
-9.1864 -8.8437
9.3712 -8.3675
-8.5397 -7.8573
-9.6791 1.7785
1.5132 -9.9248
1.9190 -8.2887
-10.6124 2.9740
1.2931 2.2444
7.3526 0.7103
8.2437 10.3614
8.8702 -8.9468
2.9298 8.3818
1.4117 -8.3922
-10.5389 2.7676
7.7025 1.0462
1.9616 8.5795
-9.2182 8.4298
8.0691 -9.8151
-8.2134 6.8439
9.9402 -7.5222
7.5515 -9.4901
1.8512 -9.2511
9.5270 -8.1953
-9.0624 -8.6124
-9.3289 -10.7831
2.3750 -8.9393
-10.9750 -10.2874
8.4148 3.5306
9.7442 1.6543
-9.0607 -9.4571
-7.0951 -9.7406
1.5419 9.7793
-8.1172 9.1068
-9.4630 -9.0714
0.6408 0.4990
-8.6956 -9.1643
-9.1573 9.3540
-9.9729 -10.1294
-9.3833 2.1686
1.7938 -9.5009
9.4612 -10.4184
3.3183 -10.0769
-8.8485 2.7387
9.4243 -11.9893
-8.4273 7.9638
9.5701 6.3554
-10.6160 -8.6320
3.0889 7.6026
9.4307 -10.4441
-10.5419 -9.8060
-5.8205 -12.6695
6.5470 2.8382
-8.0958 9.1320
8.8457 -7.6184
1.6320 -8.6544
2.3176 8.0018
8.9227 -8.6916
1.9894 1.7506
9.6408 6.0452
9.7166 -8.6377
8.5789 10.8853
-8.8694 -8.8206
-9.6726 -8.5269
-7.2956 0.7856
-10.0519 -9.1804
9.5713 -7.4845
-9.6071 9.7919
-7.9640 9.5489
8.2692 9.6916
-8.9973 -9.8379
7.7184 -8.4251
-10.4506 9.5506
-9.0066 -8.5965
9.4164 -7.1788
1.9656 -7.5756
-10.2793 1.3299
8.0919 -8.2780
-10.2757 2.1119
1.5707 2.0829
2.2252 6.9655
1.2084 7.9204
8.0670 7.2019
-7.3646 -8.6204
-8.0081 -9.7454
-9.2651 9.1579
7.8915 7.8994
3.4679 -8.1625
-8.1518 9.7328
-8.2659 2.2520
-9.6856 1.0154
-8.9770 9.6568
7.1332 9.5945
-9.6500 -8.5658
-8.9340 8.6161
9.4244 3.6334
2.0958 2.6845
-9.9791 -10.3598
8.3791 7.9370
-8.1854 -10.0013
-9.5473 -9.4073
2.9532 9.4704
-9.2370 -8.0976
8.2692 10.7594
-9.4638 5.0408
-9.6110 7.5376
9.7470 9.6028
1.6724 8.6837
1.2054 -9.0285
7.4278 -8.5568
-7.9783 3.0481
-8.8290 -12.8013
8.3461 2.2894
-7.5300 -7.5623
-10.2200 9.1504
-9.8884 8.2404
-8.3646 9.4459
-7.9054 -8.4440
1.7256 3.1469
0.0212 -8.9473
9.9481 -8.8183
6.9694 -9.5002
-9.8778 -7.7875
2.5782 6.6851
2.7957 9.6513
7.5373 -10.5557
2.4559 -8.0804
-9.9786 7.2269
9.5656 4.3684
-9.2825 8.0973
-8.6137 -8.6728
10.0488 3.1127
9.7169 9.6242
-8.5715 7.1076
6.1304 8.0927
-9.2324 -10.9356
-8.1827 2.0350
-8.8192 -8.4881
-9.1341 9.5660
1.6269 -11.0432
1.2930 9.2083
-9.5652 2.4690
-7.8322 -10.0678
-12.6109 -7.3186
-8.2016 -10.2072
5.8317 4.3564
6.6592 -8.8648
6.6273 6.9055
-8.3804 -9.4273
-10.1639 2.9767
0.9895 0.6184
-8.1485 7.2246
7.7945 -7.7220
7.6474 1.7763
-8.6619 -6.9138
-7.3494 2.1634
-11.0848 -9.0146
-7.8877 -10.2291
6.0530 -9.4902
-8.2344 9.7646
2.5305 -9.1540
-7.7148 -10.5703
1.8945 7.7177
-8.1213 -8.1907
7.3378 -9.9208
9.5862 8.8564
-10.0380 7.9159
1.7482 7.0663
10.1515 -8.6208
-10.8017 -7.6949
8.4729 2.5482
-9.4340 -9.6552
-8.3856 1.4973
-9.5179 9.7138
9.0087 2.5731
9.5435 -8.6721
-10.7699 9.2497
-9.1191 9.7334
-9.3414 -10.0683
-9.4232 -9.2982
-11.4143 -10.2421
7.2987 1.9212
-9.2944 -7.6696
8.3258 10.1735
-9.1157 -8.9271
8.6463 -10.5791
9.7327 -10.1482
-11.7879 1.7218
-8.4031 -8.7675
-9.9075 -10.1510
-9.7070 -9.2610
9.5673 2.0316
9.5094 8.1923
-10.4063 -9.4689
9.3220 -9.0721
-9.3609 5.4731
-9.3857 9.9767
-8.7614 8.4545
7.9074 -9.5481
1.1120 -9.4668
9.7708 9.0269
8.4553 -7.5292
-8.3685 1.0028
8.2926 3.8087
-9.3309 -8.2395
-9.2338 -10.9573
-8.6966 -9.5583
-7.3972 7.7716
8.1658 2.5979
-9.6858 7.7966
7.5492 -9.4753
8.0809 7.6974
1.9499 -8.7608
9.5183 7.1604
-9.7855 7.5670
1.6731 6.5740
-10.1982 8.3667
-8.9397 -8.0865
9.5106 6.6191
-9.0032 8.9651
3.5165 -10.4141
8.9011 9.6976
-8.2760 9.6233
-7.6763 2.4274
-8.4221 -8.9397
8.1298 -10.9015
-9.4326 -9.5683
7.5271 9.2864
-8.8900 1.4053
9.4406 9.4171
-10.4878 1.9437
9.6134 -8.2235
-8.4836 7.9655
-9.5519 -8.5696
-8.4879 1.9493
9.6810 9.5740
-10.5835 8.4262
9.5358 9.1885
9.4566 9.5982
7.3144 1.9017
-8.0148 -10.7086
-10.2520 9.5840
2.4333 6.2749
-9.3793 8.5027
-7.9353 -9.5022
-8.4890 8.2450
9.8002 8.6923
-9.2185 -10.0689
8.2028 2.3043
8.8498 -7.4380
-10.0673 1.1754
-9.4432 -10.1151
-7.8589 2.3334
-11.1163 -8.6337
-8.8367 -9.3314
2.0078 -9.2555
-10.6984 7.6400
-8.7933 -9.5001
9.5292 8.7500
-10.0444 7.3363
-7.3696 9.5885
-9.4134 1.6103
-9.2953 9.7005
6.7393 1.7068
1.5762 -9.5754
1.3593 -8.5708
-8.6736 0.9656
-9.2744 8.2038
-10.6976 -9.0636
-9.5272 8.6053
-9.0537 -9.1338
6.9021 1.4973
0.5892 2.5301
7.8851 3.1436
9.2924 10.0452
-8.1440 10.8480
0.7995 9.6021
0.5222 0.8211
0.6491 7.4015
-8.0171 1.6448
-8.3743 6.6889
-11.1967 -7.4254
9.7989 -9.0227
9.3772 -9.3971
-9.3618 -9.4797
-8.5445 7.1344
0.0937 0.4445
9.7002 1.5462
8.3831 -8.3301
4.5539 -9.1683
-9.1262 -7.7037
3.8555 -9.3295
-10.1039 -9.5063
-9.9791 7.2809
6.7326 -11.8898
0.6077 -8.9460
-9.6695 2.5329
-8.2053 9.7874
-8.9122 9.5801
9.6324 9.6514
-9.2369 -8.6271
-10.1692 3.0652
-9.2342 -9.8436
-9.5592 -8.5349
-9.1999 -8.4576
-7.3199 8.9141
-9.2545 -10.6571
2.9814 -8.1810
10.0277 -8.6715
-7.7073 -8.6151
9.6685 -8.6136
-10.2318 2.3788
9.1297 3.2524
-9.0286 3.2698
8.1071 8.4818
1.7550 -7.6934
-9.3238 -9.6923
-8.4458 9.8749
6.9295 9.8979
9.4387 -9.8042
-9.2679 -9.9931
-8.5470 -9.6008
3.2652 10.0418
-9.1449 -10.3541
2.4964 7.5971
-10.8279 1.9612
9.1784 -9.2839
-7.9061 -9.5035
-8.5625 9.5249
-9.9953 -8.4425
-8.0857 9.5353
-10.0629 -9.7967
9.4394 6.8934
6.7880 -9.5916
11.2023 -11.3281
6.0034 3.3795
3.3363 2.9880
2.9261 2.9135
3.8585 3.5422
2.6275 4.7968
2.7369 2.8168
4.7373 2.8095
3.1665 3.0222
1.8463 3.9202
6.2830 3.2926
4.3970 2.1521
3.6588 1.2667
4.7468 2.4340
1.9182 -3.1371
3.2481 4.2469
1.8367 2.6530
3.1309 4.9329
2.0104 3.9532
3.7777 8.1948
2.1291 4.3327
2.6331 3.0610
-2.7317 3.3132
3.5055 8.1982
5.3084 2.8971
3.8031 3.4189
2.4931 3.1708
3.9334 2.9711
4.0984 9.2935
5.8743 6.6787
4.6164 4.3294
6.2045 3.6654
2.4926 3.1555
3.6600 3.9277
3.4957 2.4350
1.6325 4.1020
2.9355 3.7098
4.5651 2.6807
3.3707 2.5310
2.0273 4.4179
3.7623 4.8770
4.7263 1.2431
3.1995 10.1569
4.4516 4.1103
3.5745 3.3807
8.9469 3.8742
3.1153 4.3379
3.0579 3.1884
4.0556 2.7643
0.1333 3.7619
4.5041 -2.3111
3.3816 4.3140
4.6568 2.1581
5.7887 3.2152
2.5270 1.1158
3.3926 2.8055
3.1356 -1.6430
3.5610 3.7768
4.1210 3.2735
0.4038 4.8452
2.7992 7.8964
3.0395 2.6120
2.1577 2.8247
4.6750 2.8225
2.9807 4.1996
3.1356 3.3672
4.0475 -3.6714
3.0565 8.3957
2.2874 6.7672
10.5568 10.0271
3.0015 0.7057
3.1512 3.8865
1.7987 3.2253
4.6783 5.9369
9.3673 2.0642
8.6824 4.9964
2.3266 3.4436
3.5556 4.3072
2.3407 2.3243
4.0381 2.7496
12.7245 2.1270
2.5157 3.2018
10.3509 3.6341
3.2120 4.8069
3.4349 8.7583
3.7681 -1.8817
6.2872 -0.0649
5.7805 3.6629
1.8749 2.6323
1.2836 3.2774
4.2364 1.7786
3.1296 6.6942
3.7909 9.1061
3.6690 4.0257
3.9100 -1.3869
-1.7563 3.0874
2.5965 3.8188
4.0052 4.4594
0.8632 2.0403
2.8918 2.5876
2.1496 7.5618
3.3209 3.9247
-0.2700 3.5769
2.6089 6.3638
8.8309 4.1403
2.9044 3.1196
4.9408 2.6129
4.4077 9.9194
3.3319 2.3709
3.0033 4.3121
3.7180 10.6996
4.8123 6.6252
3.6818 3.9967
3.5599 -2.6447
4.4638 1.8493
2.0778 4.5124
-2.6705 2.8444
3.0388 4.3060
3.2214 3.9022
2.1535 3.3958
0.9511 4.1287
3.2505 3.2079
4.7749 4.2691
3.1166 2.7705
3.8881 3.5934
5.1965 3.8263
3.3337 10.6630
4.9467 3.6790
-5.8455 2.8644
4.3953 3.1647
3.0953 11.2153
3.5577 3.7151
3.8736 4.1671
3.1232 2.5025
4.2570 2.8785
3.2079 2.3189
1.3623 6.4172
2.8450 -2.7925
2.7460 2.8568
4.1229 9.1080
3.2562 2.8374
5.9124 2.8356
3.4018 2.9380
3.7903 2.6529
6.9127 2.7072
3.3170 3.1014
2.5310 2.9675
1.7922 3.2887
3.2478 2.8480
3.8832 8.4065
3.6126 1.7572
1.5725 4.4364
2.9000 0.1481
3.7668 1.8395
5.3431 2.3349
11.0120 3.7823
2.6000 2.7671
3.4073 1.8649
-0.9018 2.5913
3.2348 2.8751
2.0842 3.8070
3.8928 3.8284
5.3356 3.3236
2.5470 2.4593
3.5896 -1.7050
2.4966 4.6224
4.7733 4.0424
5.8952 3.7426
2.9097 2.7673
3.1972 2.1710
4.3926 5.4564
11.8487 1.0611
2.3179 2.9444
3.6292 3.7590
4.2824 3.8068
8.2475 2.8109
3.2119 11.9244
2.4750 4.4580
5.1475 4.6442
-4.0996 5.7304
3.9305 4.4195
10.6877 3.6933
3.6428 2.2774
3.3734 3.8769
3.6424 3.4580
3.6727 2.3811
3.9470 4.4672
8.3533 12.3360
3.8022 3.1111
3.7845 3.1202
2.9878 2.7743
2.0580 4.1429
2.7917 4.0354
2.9678 5.2058
3.6873 3.1764
2.8735 3.7825
2.8381 4.3921
3.8743 6.8622
0.9544 1.8923
3.3038 -1.0970
3.7249 1.2895
5.8239 1.8547
4.1907 3.8443
2.4281 2.3296
4.9784 3.6387
3.0760 3.2198
1.8261 3.5728
2.8371 3.2851
3.0743 3.8935
3.5964 1.4471
4.7109 3.5585
4.5008 4.4838
3.0254 12.8877
1.9947 4.0317
7.5743 2.9450
2.8244 4.6507
1.1475 5.3393
-2.6872 2.2392
10.2645 3.0736
0.2942 1.9540
11.3285 8.1554
3.4798 4.2259
4.3072 3.8062
6.7124 4.0789
-1.5101 4.8505
2.6626 3.3882
2.8788 3.1780
3.2025 5.1314
2.7676 3.7413
3.1387 5.5754
2.9165 3.3315
2.6575 6.2097
3.9772 2.6829
3.4806 2.9023
4.8295 2.1605
10.3948 4.2365
-2.0832 11.5285
5.7400 2.1233
4.5963 10.5695
4.4934 4.1004
1.9940 3.0391
3.4624 2.6055
2.8544 3.8103
1.8345 2.8950
-1.6873 2.1444
4.2064 4.0802
3.7141 4.5583
2.5651 4.5977
7.0793 2.3571
1.6185 4.8938
2.8326 8.0442
1.4378 3.2752
2.7520 4.3141
3.6550 11.7672
2.6768 2.8913
4.6503 3.5815
3.1579 4.2625
2.1569 1.3667
3.0536 2.8621
3.5915 3.8796
2.7009 3.0654
4.2088 2.8081
3.1434 7.3415
2.6121 4.2258
-1.5883 2.6729
10.6623 2.5332
7.4063 3.2728
2.9098 3.3120
2.2501 1.4001
2.9079 4.6142
3.6607 3.2797
7.8258 7.7301
5.4230 2.3010
4.0152 4.2481
8.5133 3.5543
4.8415 3.3861
1.6906 8.4534
9.8203 12.0856
0.7613 6.0920
0.3296 5.7959
3.9288 4.4386
2.5709 2.7546
3.3843 11.1655
-0.3752 3.2451
4.6914 5.9990
6.1127 4.6094
3.6133 3.9645
2.4712 3.5603
3.4800 2.1712
7.2534 2.9409
2.3269 2.9717
3.4136 2.6183
3.3828 4.1103
8.8454 3.2099
3.3291 2.7746
4.5118 2.2932
10.7664 1.5188
3.9155 10.3864
4.4741 3.1682
3.4758 2.8536
5.5092 4.6525
5.1057 2.1289
5.8533 3.0332
2.4542 2.4605
3.7772 11.4275
3.6042 3.2850
3.4745 2.5506
1.9460 2.3825
1.5582 5.8236
2.9062 8.8323
3.0968 3.9859
2.4971 8.1660
3.9443 2.5052
9.2854 4.3869
4.6570 3.1883
3.0127 3.8664
4.1279 9.7144
11.8903 4.0689
3.8325 2.1955
2.8533 1.0187
4.6496 3.7437
3.6595 4.7100
4.6909 3.2995
4.5488 4.4315
6.0145 4.3724
3.8542 -0.6856
3.9416 6.4207
3.1724 3.4949
2.7366 3.9562
5.3053 2.8421
3.0838 4.1743
2.3922 11.5282
5.6817 5.1244
5.1336 2.4667
0.2992 8.2619
4.6340 3.7259
4.0767 5.3687
1.9284 12.7014
3.4767 2.9336
2.2787 2.2471
-2.9846 -1.7345
4.2107 2.0536
1.7333 3.7082
2.6406 6.1889
3.1728 2.1846
4.3236 5.5985
2.9516 3.4902
2.3009 6.6188
-0.0296 4.7202
3.2265 2.6660
-1.7118 7.6192
7.9190 5.7884
2.9708 2.3211
3.0388 2.7841
10.0852 3.4389
1.7256 -0.9536
0.2249 6.1928
2.3022 12.9617
2.8034 5.2319
2.7947 2.9588
4.1414 10.6004
3.9439 6.2541
2.6012 2.5850
1.9376 2.8189
1.5941 4.3842
2.3108 3.5112
2.5108 1.8615
1.6866 3.6534
1.5093 2.4763
3.9982 3.9678
4.1577 -0.6456
3.6043 3.6958
4.8942 9.6891
3.4458 -1.2757
2.6918 3.4066
11.6852 3.0562
3.3254 2.8888
3.5019 3.4523
2.4157 3.9208
0.9242 2.6156
2.5808 4.9441
5.7281 0.4094
1.9060 3.1904
3.3906 3.5277
3.8343 3.7333
13.5474 11.7601
2.1861 5.1538
4.0751 2.2481
3.4960 3.3680
-1.5458 3.6035
3.1927 4.3063
2.3197 3.5045
2.8155 -2.1482
2.0292 8.5962
3.6174 1.0770
3.1351 7.7441
3.3825 -0.3812
3.0522 4.0466
2.7146 11.2937
5.0585 2.8525
-1.0092 3.7988
4.3674 5.1586
3.8155 -1.7334
10.2343 -2.0047
3.3711 3.7396
3.6577 4.6703
3.5784 9.3418
-3.1043 2.5939
6.0740 3.1280
4.3074 2.4678
4.0024 3.9026
2.9291 2.2644
6.8970 2.4133
7.6300 3.0080
0.1753 3.0815
3.1247 6.4596
10.0096 3.9460
2.5384 2.1182
3.0577 9.6964
0.9653 3.0015
5.9958 4.7266
4.9313 3.1638
3.9936 3.9204
3.5483 2.9479
7.7415 -0.7498
3.8777 4.0165
12.8142 2.7135
-0.2011 4.4645
0.6488 8.2266
3.0902 3.5497
6.4667 3.0155
3.1323 4.2496
2.8978 3.7874
4.4559 2.1906
2.7938 -0.1550
2.1626 5.3606
3.2425 4.2940
2.4980 3.0101
3.5465 3.0037
2.9967 3.1415
3.3366 -1.5732
2.5366 2.0734
3.3688 4.6277
3.3245 5.3057
2.6351 6.2217
12.6791 1.4160
2.9026 2.7939
4.1277 4.9881
2.3347 5.6444
3.6074 5.3825
11.9173 6.5625
9.3882 4.1365
-4.3876 -4.5850
2.1708 3.6931
2.0828 3.6922
9.5522 2.7381
6.9098 2.6099
1.8413 2.2556
3.7884 5.3747
3.1604 3.1196
5.3310 2.9539
2.7825 -0.5364
11.0179 3.9609
2.9519 1.6934
1.8911 2.7437
2.8562 2.5145
1.2895 3.7881
4.0416 2.3808
3.3473 1.0905
1.8303 2.3925
3.7029 3.0233
2.6869 3.4385
3.1320 0.3756
3.0482 4.2642
3.1742 -2.9758
3.7065 5.4617
10.0889 0.9989
2.8444 2.4450
2.5144 2.1373
2.4352 4.6243
0.0628 4.7925
3.3952 4.1821
4.6915 5.1583
3.5688 4.5498
2.8621 3.7390
2.6829 2.0197
3.5404 9.8614
2.5234 2.6218
3.7071 3.2424
2.9889 2.9326
6.4641 2.4001
3.3327 3.6445
5.2500 3.6789
4.1176 3.1270
-2.7119 2.4894
1.8499 2.9169
4.5404 4.9304
3.2962 4.5248
4.1623 3.5264
3.1560 3.9921
3.6337 4.2181
1.7738 4.1534
0.3457 4.2859
3.5603 3.2298
4.1959 6.2649
-1.8665 4.0559
4.2187 4.9548
3.3736 2.5363
2.5747 2.8093
3.8878 3.4510
3.3616 4.5585
2.9081 3.5932
4.3350 2.5293
2.1603 5.5906
-1.9051 4.7411
2.0765 2.1852
2.4206 2.6118
5.9483 1.8781
1.8013 3.1937
2.9991 3.9690
3.0956 10.9142
-1.7869 3.4202
4.6143 2.9350
4.4010 3.6233
-0.3073 5.4025
2.8049 1.0944
1.3507 4.0414
7.5051 2.9027
5.2922 3.3705
3.6593 3.3865
9.0763 5.0153
4.5075 1.8249
-0.9203 2.3655
3.8048 3.2341
3.4889 -2.2880
-0.5776 3.0957
3.4726 3.7689
10.2445 2.3470
3.5988 2.0611
4.6046 3.5854
4.9482 3.9765
1.9516 3.4978
4.8897 4.1778
2.7213 4.8014
3.6610 13.9615
4.1355 2.5802
-3.9127 9.4488
4.3598 3.3125
3.9949 4.1685
1.3903 3.5165
4.0448 4.9668
9.6248 -1.3873
2.3678 3.4439
3.3642 1.0111
-2.6909 3.3950
2.9723 -0.3196
4.9156 3.5773
4.3559 2.6823
3.6873 3.2917
4.7636 5.6299
4.3467 2.6902
3.8125 3.9454
11.3046 9.2984
3.8518 7.3581
-2.2406 12.7608
3.5903 3.9859
3.5671 4.0502
2.4938 3.5494
3.2038 8.2703
3.8688 3.6252
3.1299 3.6559
2.3004 4.3730
3.2748 3.4678
1.7669 2.7225
2.2917 2.8163
2.3205 4.3148
4.3672 3.0897
9.5458 1.8827
3.4790 3.1974
6.2340 2.9304
3.5752 3.1181
3.0272 3.3745
3.2682 3.6567
4.4966 -1.6663
2.3608 2.2850
3.7858 2.6741
-3.0736 4.0690
1.6896 3.1773
3.6910 7.4086
-0.8304 2.7899
3.2140 4.0920
-1.9390 10.4688
5.2334 3.6621
3.2248 11.4964
4.5408 2.3429
-1.2758 4.9481
4.0923 4.3928
2.1448 1.7559
7.8691 6.1260
-0.1323 2.7093
1.8581 4.1785
2.4284 2.7945
3.6644 2.4402
-0.4911 5.2194
4.7117 3.4673
3.1674 3.7329
1.7479 -1.2432
1.2876 11.4840
3.6339 3.4832
3.4653 2.8944
2.3972 3.6317
-1.7437 3.7687
3.9624 3.8880
4.1657 4.6856
2.7667 2.4482
-2.2333 1.2793
3.8422 2.1090
2.2065 4.1603
8.8820 9.4878
5.1778 3.3112
3.1587 3.8386
3.0339 2.4116
3.9383 3.7199
2.8935 9.2128
2.6754 2.8931
3.5165 3.5224
6.0724 4.3054
4.8540 2.7244
10.0880 4.4929
4.0001 2.1541
2.9543 9.4684
4.5590 4.1846
2.4702 2.4902
2.3022 4.2382
-1.8640 3.6368
2.8562 0.3225
2.1657 1.9173
3.7321 2.2749
1.6274 2.5181
2.3200 3.1798
3.4491 3.5373
2.1226 3.0061
3.1485 3.9142
3.1790 3.9400
10.0508 3.0035
3.4191 2.7068
1.4559 10.4955
9.0552 4.8728
2.7798 3.1988
6.4795 3.7016
3.8383 4.3053
-1.9715 2.6115
-4.3776 3.7772
6.2146 0.6459
2.6880 5.9762
2.7992 4.2365
3.1557 0.6283
-2.1011 8.3892
3.5770 1.7618
3.8123 -1.5844
2.3268 3.5742
3.7204 2.8592
5.0727 2.0026
3.0938 2.1753
3.1391 3.4595
-2.8415 2.8538
0.9383 4.8760
2.8275 -2.4362
-3.2989 4.7819
3.3398 3.5507
3.1736 8.0740
7.0854 4.8201
2.8405 8.3066
1.8020 3.1261
2.8619 9.0572
3.4827 3.3670
2.3811 10.4064
-0.1359 3.6149
4.1209 2.8615
5.4137 3.2305
1.5732 6.5376
2.9728 4.4170
7.6150 3.4020
-0.7057 -2.0383
3.8058 4.4723
3.7595 4.0964
3.8673 1.6862
-3.5693 5.3070
3.8602 4.6384
3.1442 2.9666
3.7659 3.5080
3.7408 1.8055
4.9189 3.3788
3.6863 -0.4167
3.4697 2.4588
5.5599 1.9874
2.5312 7.6033
4.2859 4.7651
3.5564 3.2794
-1.2279 3.6193
2.6946 4.0093
3.4881 3.1715
2.8888 -1.5547
0.8328 3.5462
3.4525 0.6128
2.4651 5.4239
2.1761 6.0210
5.0463 5.1555
3.2430 2.8152
2.6984 1.3791
0.6265 7.5829
3.0449 4.0475
5.5174 5.5785
2.6705 2.9981
1.5222 3.6285
2.5498 2.8032
3.0033 3.4262
3.1426 13.4811
3.8849 3.2358
2.7689 2.7035
3.0909 -1.9167
2.9878 3.5651
3.2553 4.1864
-2.3067 10.9875
2.3187 3.3272
3.2774 4.0989
1.7907 1.3508
6.4515 3.5495
4.1100 3.4269
2.4827 1.8952
-3.0670 2.6181
3.5175 2.3025
8.4474 3.6913
3.1768 4.7388
-1.6367 0.5068
2.8480 7.4637
3.3638 5.0976
3.1754 2.7263
-2.5652 4.2179
3.6613 3.1457
2.2169 8.6658
2.8944 2.7324
2.7869 -3.0026
1.5453 10.7236
3.4247 2.4477
3.7150 3.1085
3.3147 5.3862
-2.3856 2.2273
5.1936 3.0998
3.7337 2.2685
3.8103 1.6643
3.9440 5.0959
4.6137 2.3823
3.2585 10.4002
5.0197 8.6508
3.4390 4.6496
4.7615 2.6127
4.3835 2.8369
3.3695 3.5560
2.0297 3.1656
4.2950 10.6092
3.0921 3.9364
8.1408 3.0559
5.7059 5.1707
10.6814 1.4553
1.4265 4.7571
3.6529 2.6274
8.6194 4.1495
2.9701 8.4869
1.9076 -0.4999
3.0893 3.0717
4.6670 2.9099
3.4779 3.1132
-2.1881 1.3244
3.8867 -1.7233
2.1906 2.8310
5.3251 4.1657
4.4059 3.5641
2.5677 3.3096
3.9695 3.5118
3.4883 3.0142
2.7786 -1.4750
2.0018 3.2570
9.2483 4.3114
-1.5846 3.7608
4.0813 3.3932
8.3085 3.1172
10.6780 2.5075
3.6825 4.6425
2.4439 3.8039
4.0126 4.8004
2.5672 3.6118
3.4289 3.5482
4.1483 2.7487
3.4416 3.3065
4.9058 -2.8879
2.9435 3.3964
4.0373 4.4842
3.7538 3.6354
-2.6267 3.6908
2.6132 8.9587
10.4127 0.0139
5.8350 2.5201
3.6500 5.0189
4.3237 2.9818
4.5520 4.3087
3.4743 3.7100
0.6198 3.7653
3.9179 2.9918
4.6581 4.7067
5.2748 3.0567
9.5220 3.3826
2.9640 -3.5328
-1.3533 5.2534
3.6050 3.9018
2.4579 1.4311
2.7409 3.1565
4.6204 2.2133
6.1719 2.0748
9.4884 4.0608
2.8328 1.3063
2.9090 3.4556
4.7313 9.9356
-2.6943 3.2957
3.8950 2.5976
3.3724 4.3324
1.2358 11.2812
9.3653 2.7924
5.8652 5.3917
0.8855 4.9685
3.4419 2.6814
1.7227 3.1824
4.1827 5.0843
3.9626 1.3977
1.8682 2.1738
3.2798 2.8936
2.1807 2.5827
3.8331 2.2067
4.6478 2.6359
2.8696 5.0741
-1.8317 -2.3309
3.6390 3.5342
5.7533 3.9920
2.7393 2.4996
-6.1770 1.9699
-3.5103 3.8598
1.6516 5.3687
3.7962 3.4371
1.8769 3.2972
3.5361 2.8791
4.9389 2.4847
2.4454 5.1199
3.0972 2.5576
2.4479 1.9764
4.5303 -2.1033
3.7945 2.7548
3.6887 2.2353
4.2868 3.8366
4.1765 3.9426
3.1590 4.2010
5.6563 2.7893
3.9666 4.3756
4.4601 3.3403
3.2679 3.1498
3.8286 2.0154
5.3409 3.2747
3.6940 3.4843
1.8130 2.6250
10.6883 3.8599
4.9641 8.9140
2.7850 2.2632
3.7280 4.6101
4.3767 2.4460
4.5171 2.8979
1.0275 2.6670
2.8171 4.6526
2.4885 4.0741
4.2600 2.7753
2.9758 2.4575
5.0897 4.3571
4.6609 3.1345
3.0860 2.2574
-1.6646 2.3156
3.9606 3.0491
3.6216 3.9580
3.4700 10.9469
1.2810 12.1193
3.7248 4.1088
3.8196 3.0706
3.4613 2.9731
-1.8753 2.4781
10.3537 3.0771
4.3467 4.7358
3.6289 6.7323
3.1100 7.6767
4.7539 4.8543
3.4640 3.1399
1.3806 5.3745
0.5765 4.4430
4.1831 3.9060
2.8127 4.0054
2.0365 4.2379
4.4583 4.0786
4.2444 3.1559
3.9709 4.5115
3.2146 3.6688
5.3064 1.8133
3.1307 11.0435
2.4961 2.0223
3.1184 1.7235
1.4405 2.7760
4.2062 3.8488
2.7658 3.5038
3.1463 4.0060
5.9022 4.9205
2.3398 4.4062
8.9175 3.1745
3.3298 3.8039
4.0844 2.4258
3.0724 4.2966
3.6680 2.4074
3.6236 5.4652
2.2767 1.9373
-0.2540 3.4931
8.6585 3.3828
3.6113 11.8844
3.2625 2.9223
7.1187 3.4375
1.3309 2.8645
-2.1311 10.1776
12.0301 3.1771
4.4532 3.2304
4.5820 8.0753
8.9194 3.1148
4.4323 3.3068
2.1020 3.8675
7.1929 0.8417
-2.6010 3.4915
1.3621 2.4701
4.0816 4.0308
4.2040 6.8246
4.5680 2.8236
2.8557 5.4251
0.0689 5.3264
3.3511 3.0830
0.7048 3.8234
3.1884 2.2549
4.4968 4.1436
3.7367 4.2088
2.6295 2.9897
2.4321 2.3106
4.3267 3.7323
3.2095 8.3118
1.1140 2.0655
2.4517 3.8767
9.2708 2.7087
6.0453 5.2615
4.6653 5.0609
-2.2800 6.2288
3.4229 -3.2655
3.2856 2.4739
-1.2691 3.7981
5.5398 2.6744
3.7139 3.3674
2.1155 2.6428
2.8060 3.1482
-0.2609 0.1694
-1.1131 4.5742
3.0731 4.1025
5.8047 3.2778
3.8402 1.5913
8.7058 0.2513
4.9780 -2.4463
4.4246 2.3126
6.9579 3.2419
5.5856 3.9701
4.0737 9.5163
2.5163 0.7805
3.3938 1.9450
2.9507 2.9554
6.5158 1.7176
3.5650 6.7980
3.5786 5.0230
3.4661 -1.8704
2.8692 2.6354
2.2635 -2.4721
3.4791 2.6648
2.6376 1.5366
4.8613 3.7933
2.2416 -1.5539
2.5566 2.2865
-1.4649 3.7222
11.2052 2.9597
10.4253 4.1824
10.0692 2.4248
4.5811 3.0629
4.7285 2.7546
2.8820 2.1805
3.0007 3.5738
4.0540 4.2354
4.1068 4.0602
4.3537 5.5985
3.9633 2.8135
2.7757 3.2317
3.0410 8.3257
1.6803 3.1843
3.5289 1.1553
1.4383 3.3866
-1.9904 4.7597
4.6298 -2.4869
3.5466 2.6755
3.7423 2.7421
12.1133 4.6968
6.0782 7.3736
3.5033 4.4845
3.1872 4.3746
2.4711 1.7058
6.1470 2.7596
3.2258 -3.0164
4.1751 2.9675
4.9389 5.2753
2.7290 2.3466
3.0930 2.6020
11.6087 4.4283
2.2140 4.8564
11.5452 2.5689
2.5512 1.6973
4.7026 4.1627
3.6127 1.4409
2.7146 4.5400
