5
-8.6686 -6.2593
-7.4749 -5.6762
-10.4868 -10.5435
-5.7698 -8.4030
-6.7965 -5.7561
-7.6473 -5.2321
-9.0321 -4.8145
-6.9015 -6.4063
-10.3176 -8.7166
-7.3847 -5.0026
-5.9528 -6.5865
-11.6660 -8.1932
-2.3445 -7.2898
-7.3033 -2.9440
-9.7225 -9.4846
-8.2453 -11.4642
-5.1561 -5.1692
-5.7210 -8.1382
-7.7468 -10.3898
-11.3216 -4.3542
-10.7103 -4.1869
-8.1230 -11.4685
-7.1036 -7.0525
-7.1903 -5.6008
-9.1213 -10.0819
-7.7772 -13.4669
-10.8087 1.8796
2.5356 -14.8476
-6.5996 -9.8648
-6.6646 -7.0428
-7.4696 -10.2559
-7.0616 -7.0067
-5.8376 -11.2282
-6.3832 -3.8059
-4.5070 -9.0734
-5.9961 -7.4628
-10.1230 -13.5079
-9.6755 -7.1116
-9.8718 -5.1323
-8.9407 -5.7555
-8.4593 -8.6645
-7.7924 -7.4696
-6.1134 -9.1795
-6.8657 -9.6411
-10.0548 -11.4437
-7.4717 -9.3861
-10.6413 -17.0434
-7.6751 -5.0112
2.7278 -7.3161
-3.5335 2.0798
-5.0056 -9.1881
-8.5811 -5.7520
-12.9189 -9.2426
-4.8617 -8.3610
-5.7974 1.5336
-9.0830 -10.8044
-4.9730 -8.2712
-8.5963 -1.5473
-6.1692 -6.6841
-10.7924 -12.0144
-9.8376 3.1381
-9.4765 3.2575
-8.5942 -8.2871
-8.8045 -8.6982
-12.1225 -7.5661
-7.6350 -2.0701
-7.3576 -8.3471
-4.4327 -7.4035
-9.2890 -3.3107
-11.7420 -6.9060
-0.2357 -5.0684
-8.7109 -7.3266
-7.2485 -12.5002
-6.9315 -5.4560
-6.2370 -11.9920
-6.0873 -7.3646
-12.1015 -10.0087
-8.6618 -9.5349
-8.3093 -4.7830
-7.1273 -7.0190
-4.7547 -6.2286
-5.1532 -4.2614
-11.2154 -5.1859
-8.9507 -8.7403
-12.8178 -6.2021
-10.6406 -10.6213
-7.9375 -12.5171
-5.3623 -12.3474
-8.7929 -2.6203
-8.2604 -6.2973
-9.4001 -9.3650
-3.8375 -2.7274
-8.8241 -12.4052
-6.6224 -5.0030
-5.9718 -3.3959
-7.6481 -8.3800
-10.1578 -10.6937
-7.3964 -13.6020
-4.4691 -10.3038
-5.3283 2.7846
-0.8257 -6.5446
-2.0552 -8.2948
-10.1393 -7.6985
-9.2884 -4.3016
-12.1597 -6.9581
-4.1687 -8.7236
-9.6984 -6.1889
-9.2998 -7.1554
-4.9632 -7.1171
-9.9442 -5.6641
-11.5007 -6.7881
2.0630 -1.8786
-10.3091 -9.1309
-8.5073 -8.7273
-4.4976 -5.8235
-7.8507 -8.4640
-6.5642 -14.7661
-7.6570 -13.6007
-5.9973 -5.8101
-8.4455 -6.1756
-7.9663 -9.4992
-4.5882 -7.0752
-10.5610 -11.4083
-8.9216 -10.6925
2.0142 -3.6617
-10.0838 -7.1643
-7.9185 -12.1443
-11.6452 -13.2354
-5.9024 -11.1971
-7.5708 -11.9881
-7.4834 -3.5905
-5.9086 -9.9748
-3.8732 -8.8227
-13.6612 -12.7525
-6.1558 -7.4190
-3.3376 -11.7165
-5.7708 -7.9566
-14.7010 -8.6167
-6.1976 -9.5827
-4.2905 2.8610
-6.3234 -5.7475
-8.0128 -10.0379
-8.2459 -3.1018
-7.9784 -15.6052
-10.1683 -4.3574
-4.8996 -4.5085
-6.5929 -5.7814
-4.2527 -5.4723
-6.6600 -8.1806
-9.3639 -4.7687
-6.7655 -6.6509
-8.8564 -12.7136
-5.2228 -7.3536
-12.0037 -8.2738
-14.6274 -4.8694
-7.9075 -12.8718
-11.3592 -11.9624
-9.9070 -12.2306
-6.9711 -5.5761
-12.3877 -6.2894
-11.4171 -7.5004
-6.2606 -7.1656
-8.9828 -6.6654
-11.4760 -8.2519
-6.7946 -13.8575
-9.4377 -9.3845
-12.9521 -12.9102
-9.2018 -15.1437
-4.6903 1.5648
-5.6256 -7.9022
-5.3489 -8.5102
-6.9700 -1.7867
-9.2388 -7.1042
-7.8442 -9.9702
-6.0637 -6.3275
-6.3213 -10.1127
-5.9540 -5.2177
3.0421 -7.0423
-7.7023 -15.3489
-6.2753 -12.3048
-9.2819 -8.2934
-7.2655 -10.7451
-12.0036 -11.2115
-6.6178 -3.9575
-6.3024 -9.7423
-9.2622 -8.9631
-10.6657 -15.0175
-7.3669 -7.7787
-6.3034 -8.3348
-11.1560 -9.2827
-5.1200 -8.4974
-13.1444 -9.1060
-8.0061 -11.9485
-11.0110 -14.2934
-5.4124 -8.8156
-3.2560 -7.8673
-3.1456 -2.2162
-6.2923 -9.7991
-8.1641 -4.9481
-11.9266 -5.3822
-1.4876 -11.8350
-8.6463 -6.0588
-5.0295 -7.5348
-8.0933 -8.8616
-8.4476 -7.0730
-4.6681 -7.5237
-3.9687 -8.8548
-8.5245 -10.3453
-5.3571 -5.1089
-5.7527 -7.5719
-9.6878 -1.9762
-9.2675 -9.2804
-6.7670 -11.4120
-7.1780 -4.6020
-2.4549 2.0444
-10.5304 -8.8832
-11.5187 -4.0948
-9.5264 -1.6647
-9.3996 -7.9260
-7.8027 -14.1911
-7.5575 -9.0883
-9.6112 -6.9476
-5.6348 -3.9699
-7.4423 -6.2193
-3.8016 -6.8421
-8.5939 -2.2763
-11.9739 -8.7944
-9.9021 -8.7031
-10.5629 -10.5665
-3.6577 -8.4643
-8.5199 -3.8038
-6.0132 -5.5053
-9.7944 -5.5912
-6.5968 -3.7963
-11.2576 -4.7182
-2.1650 -2.7964
-10.4548 -8.3038
-8.9198 -6.6348
-7.1271 -5.9259
-6.1855 -3.8170
-4.4334 -8.7905
-8.1801 -13.5267
-7.0049 -8.8161
-8.9315 -12.3363
-0.2957 -9.9583
-7.0368 -3.5240
3.0346 2.7196
-11.8978 -4.3551
-8.7296 -4.3557
-7.6864 -7.1148
-9.5045 -4.2380
-7.8434 -9.2846
-8.8836 -7.2881
-9.3816 -9.7398
-2.3668 -10.3682
-6.4432 -10.7003
-5.7917 -4.5813
-4.1898 -9.2160
-9.6011 -9.6426
-7.3975 -4.8885
-5.1646 -2.4261
-8.8408 -8.1235
-8.0802 -9.3567
-5.6277 -16.4907
-9.5391 -6.4941
-4.2946 -6.8157
-2.7355 -9.9129
-7.1190 -1.4209
-11.2122 -13.0432
-9.8935 -7.9513
-5.2011 -12.4909
-4.6346 -5.8825
-7.5461 -8.4514
-7.5904 -10.0998
-3.7339 -7.7459
-10.2490 -6.6238
-6.2902 -4.7905
-9.3683 -13.8389
-3.7800 -9.6271
-8.3902 2.2507
-3.8456 -5.8424
-5.9271 -7.3384
-4.5581 -3.8832
-6.7319 -9.4740
-7.8629 -12.7986
-2.6047 -0.3888
-5.8120 -6.2545
-4.7373 -0.0607
-8.7439 -4.8674
-11.2656 -11.3500
-8.2927 -10.2660
-11.6499 -7.4761
-12.4945 0.0387
-8.1887 -9.0630
-8.2114 -4.9504
-6.1694 -8.6660
-9.6446 -7.9821
-4.4150 -6.6286
-6.5113 -10.1401
-5.8729 -8.8676
-8.5536 -9.1036
2.5752 -16.5022
-8.2891 -7.8167
-6.1463 -5.6147
-9.5587 -1.3509
-8.2735 -8.0426
-6.7573 -3.6508
-6.3429 -12.6857
2.0923 -4.3102
-10.7316 -11.3824
-8.5563 -7.7052
-6.2344 -4.1471
-7.7152 -8.9635
-6.8235 -1.8245
-9.1682 -9.9546
-8.3062 -21.6745
-5.9792 -13.4228
-7.9953 -8.4220
-12.6268 -4.3550
-12.8815 -6.7217
-12.2175 -9.2611
-3.1839 -10.5086
-5.8075 -5.6465
-11.0879 -11.8922
-11.0563 -16.1055
-9.9432 -7.3077
-7.6591 -3.1657
-12.2104 -6.1657
-9.6774 -12.9042
-6.9831 -5.2246
-8.6191 -10.0102
0.2528 -9.3513
-5.1750 -5.5829
-3.7552 -8.5735
-4.2595 -5.2763
-7.4017 -12.0239
-8.6098 -9.7427
-8.7666 -6.9933
-7.6905 -6.2601
-11.2395 -7.7131
-6.7895 -8.8843
-9.8360 -2.7169
-5.7592 -7.9143
-6.8842 2.4829
-9.6626 -11.7475
-4.9045 -11.5557
-5.5603 -6.2401
-7.7123 -9.7670
-10.0033 -5.8831
-6.3130 -5.0861
-9.4169 -6.4387
-15.0524 -7.3349
-8.6649 -3.5100
-5.8738 -10.0138
-7.6968 -4.4622
-10.5357 -11.2206
-8.2088 -9.5126
-8.7209 -11.9144
-10.8302 -8.5982
-5.1133 -9.0978
-6.6307 -10.0443
-6.0130 -8.3838
-8.1597 -6.4156
-9.7802 -6.6292
-11.0932 -7.3024
-7.0770 -9.6552
-8.2870 -7.7849
-12.6400 -7.2834
-6.7517 -5.6438
-4.1130 -4.5834
-7.2955 -9.3843
-11.1596 -11.8841
-9.2928 -2.4420
-7.5491 -5.5770
-8.1560 -10.0087
-7.1626 -0.0550
-4.3002 -12.2321
-3.0433 -6.2447
-7.7833 -11.2197
-4.0491 -10.2834
-3.6888 -3.6829
-7.1627 -5.2697
-12.2252 -8.8685
-4.0474 -8.1513
-5.9260 -6.0107
-5.9362 -5.3468
-1.1578 -10.0886
-8.4052 -12.6940
-7.3467 -10.3621
-9.2440 -9.6498
-7.1992 -3.9088
-15.9559 -9.3682
-7.8105 -6.1605
-8.7865 3.1260
-2.4254 -3.0982
-4.4645 -10.5295
-13.0559 -9.0133
-6.1337 -3.9443
-9.7765 2.3669
-11.7012 -11.4342
-6.2007 -7.6566
-8.2578 -16.9335
-7.0815 -6.5087
-7.1752 -8.2125
-7.1655 -12.2831
-10.9405 -5.2125
-8.5099 -10.1812
-8.3993 -8.5304
-10.3266 -8.0174
-10.4408 -5.6893
-7.1362 -4.7374
-4.7065 -5.8525
-6.2326 1.8186
2.3338 -8.2810
-7.7128 -9.1865
-12.3664 -4.2154
-6.0015 -5.7576
-9.7948 -9.8060
-7.0177 -12.9307
-3.4411 -4.7301
-15.3245 -3.1560
-5.3541 -7.9586
-6.2395 -7.5905
-5.4989 -5.3600
-5.7739 -11.3659
-5.6064 2.9624
-7.0319 -4.1966
-10.2864 -6.0790
-7.9269 -7.2236
-8.1981 -9.3973
-9.7052 -7.9440
-6.9953 -7.3609
-10.7167 -10.3464
-6.3599 -6.3135
-3.0754 -10.3758
-7.2665 -12.5725
-3.6328 -9.8783
-12.0186 -9.7260
-9.5565 -9.3936
-11.0284 -3.3104
-11.0962 -7.5821
-7.7716 -9.0578
-7.7097 -7.7887
-7.2342 -8.7038
-10.1633 -7.5067
-9.4773 -7.3993
-11.4388 -6.4879
-9.3176 -14.7053
-8.3185 -12.4870
-6.3259 -10.2719
-8.8485 -6.2456
-12.0616 -7.1019
-10.2093 -4.0588
-10.2050 -8.0385
-7.0141 -9.7618
-8.1812 -9.9024
-7.6130 -9.6814
-8.9363 -9.2535
-8.1604 -5.6401
-7.0819 -5.7107
-7.6975 2.0551
-8.0335 -11.2174
-4.2492 -9.6818
-11.4003 -6.8446
-9.2202 -2.7030
-9.2708 -13.6969
-4.2830 -9.5172
-4.0536 -5.2799
-7.7222 -5.3715
-4.8075 -9.3329
-8.9298 -5.0864
-5.0553 -8.8549
-7.1710 -6.9358
-12.0138 -2.6826
-7.2676 -9.9321
-8.8456 -7.7284
-15.7172 -9.7256
-10.4721 -7.3627
-10.2902 -9.3691
-5.6422 -9.5268
-7.8252 -8.1429
-8.7143 -9.4820
-4.5845 -7.6681
-2.9423 -9.3601
-7.2556 -7.0909
-6.7907 -10.9329
-8.0456 -7.6805
-9.2846 -5.0786
-8.4795 -7.9816
-10.6679 -11.3243
-8.1031 -6.5105
-9.8907 -5.9600
2.6194 2.0679
-6.1860 -13.0059
-12.4482 -3.7148
-4.7163 -3.8288
-5.1486 -7.3876
-7.1114 -9.1569
-6.6407 -11.0772
-11.0710 -13.3042
-9.0139 -5.7592
-9.7248 -4.1244
-12.3572 -6.6780
-11.0237 -3.6345
-11.9637 -11.0280
-8.6254 -13.4093
-7.2992 -1.3710
-1.9864 -9.4549
-4.5628 -8.2008
-8.0564 -6.8182
-11.5412 -12.3639
-2.1342 -9.7390
-9.5739 -0.9444
-8.6209 -7.7973
-11.4654 -13.1243
-5.1318 -9.7008
-6.9799 -7.6182
-7.8427 -10.9336
-9.0938 -10.5130
-12.6167 -8.1947
-8.1881 -7.1598
-6.7858 -12.8105
-7.4455 -9.5316
-6.0738 -7.0917
-5.8150 -11.9144
-11.1835 -2.8025
-8.1045 -15.1201
-10.0019 -9.0473
-8.5502 -9.3416
-7.9156 -8.2245
-6.3243 -14.8853
-11.1796 -5.3061
-7.0831 -8.6218
-7.7821 -2.8205
-5.0758 -12.3996
-3.6785 -8.6727
-1.7354 -7.1113
-13.8394 -7.4144
-9.5486 -12.2770
-8.4270 -5.1820
-9.6985 -5.8107
-13.1377 -4.7290
-10.5236 -7.3336
-4.9907 -10.1155
-7.1346 -11.0156
2.8614 -4.3591
-8.4964 -5.7691
-7.1296 -12.1675
-10.6667 -11.6368
-10.3371 -9.7906
-6.1236 -4.8680
-8.1825 -11.4321
-12.1780 -2.5194
-1.6678 -7.9574
-6.4683 -8.3566
-5.5265 -9.2002
-5.3923 -10.2459
-2.9524 -10.1253
-10.2152 -9.9068
-13.5890 -12.5099
-4.3874 -5.3521
-14.7441 -5.9966
-7.5217 -11.5953
-6.5072 -8.2563
-5.2682 -5.3439
-7.8159 -13.5220
-11.9893 -11.8624
-7.6800 -18.5343
-5.9406 2.5848
-5.1439 -5.7109
-8.2959 -7.5577
-9.5598 -6.7599
2.0607 -6.2197
-9.0669 -7.4761
-5.8719 -7.5971
-11.5721 -11.1143
-7.6015 -8.8044
-4.2894 -8.0774
-7.1806 -9.2313
-14.1170 -6.6154
-9.1697 -8.6975
-4.9333 -7.9866
-10.9284 -7.2982
-11.1545 -9.1719
-10.3793 -13.8372
-7.5005 -4.3663
-11.1052 -20.3498
-15.1912 -7.7033
-7.5682 -16.0355
-6.0766 -6.9591
-14.3219 -11.4159
-7.6143 -4.8272
-3.0647 -5.5266
-9.0156 -9.8681
-8.3449 -8.3501
-9.5121 -16.0088
-14.3314 -5.6573
-3.9483 -7.9163
-8.6781 -7.2241
-1.3461 2.3858
-7.2110 -1.9658
-9.3939 -4.8064
-8.6110 -8.8473
-12.5080 -9.8187
-7.2964 -13.3628
-6.8477 -7.2358
-3.7550 -12.9241
-6.4661 -8.3394
-2.6272 -7.0318
-7.5772 -7.6951
-5.8210 -9.3986
-4.7135 2.6649
-7.6611 -6.7795
-9.7116 -7.1283
-6.3044 1.4208
-12.5020 -9.3505
-3.9128 -9.9303
-7.4808 -6.2587
-7.4676 -6.2632
-11.6913 -7.9078
-7.8822 -8.3856
-3.9996 -2.0019
-4.1284 -5.4551
-8.7068 -13.1067
-7.7165 -9.4500
-6.7645 -11.3523
2.8300 -11.1698
-5.2127 -8.6603
-10.0099 -11.2396
2.4211 2.2767
-9.7013 -8.8771
-7.3749 -6.6143
-9.5003 -9.1791
-8.1268 -5.0296
-5.7540 -5.6576
-5.1316 -6.4517
-9.2796 -8.6328
-16.0444 -6.4656
-8.1523 -13.4874
-7.9588 -8.7129
-5.7839 -6.8629
-10.8714 -9.0118
-7.8291 -11.1610
-8.6980 -6.3933
-5.9710 -8.5924
-5.9373 -9.4813
-5.1059 -6.3781
-7.6115 -7.6444
-3.9864 -11.8356
-7.9174 -4.2654
-7.2640 -9.1314
-7.3650 -8.9984
-10.3953 -6.7263
-3.5845 -9.4246
-5.3094 -13.2180
-13.0702 -7.2778
2.2582 -6.6063
-9.4267 -10.2786
-7.6455 2.0890
-11.9190 -10.7535
-9.9795 -8.5980
-5.5054 -9.3729
-9.7863 -7.8189
-12.2879 -9.7067
-2.2563 -2.9036
-6.7958 -7.6648
-14.6411 -13.1522
-3.5901 -5.2633
-8.3520 -7.0827
-9.5953 -13.2981
-3.9456 -9.3012
-7.8575 -8.5354
-5.2180 -9.4595
-9.8416 -9.4443
-8.5492 -6.1202
-3.4746 -3.8659
-9.7198 -6.0928
-11.9041 -8.2183
-9.1598 -6.5576
-5.9181 -6.4613
-9.9678 -10.2975
-10.4541 -5.9865
-10.3138 -7.0289
-6.8356 -5.7524
-7.9100 -7.5825
-4.4310 -10.3549
-5.9299 -13.8868
-12.4626 -10.4777
-8.3810 -8.0380
-7.6605 -4.0559
-6.6544 -5.8700
-7.1082 -6.3520
-6.9985 -3.4231
-12.7386 -9.1511
-7.5515 -3.1674
-5.0522 -5.8138
-3.7045 -8.6041
-8.0902 1.3579
-7.6949 -6.8493
-9.8201 -6.7102
2.3074 -7.9999
-8.4853 -10.0261
-8.4901 -7.7538
-6.3954 -6.7616
-8.2180 -10.8209
-9.1734 -7.5827
-7.2497 -10.2098
-8.7805 -6.3953
2.8273 -14.4809
-5.6595 -9.8351
-5.8439 -7.2888
-8.3623 -8.5102
-5.6139 -10.1735
-6.5818 -9.4099
-8.2816 -9.8556
-9.0925 -9.9627
-8.7658 -7.0951
-6.9875 -8.0130
-7.1626 -12.1041
-7.7373 -5.9029
-7.8728 -8.2978
-0.9360 -5.3518
-9.8803 -13.1804
-7.1954 -8.7589
-8.6166 -6.2204
-9.1924 -5.8082
-9.8083 -6.8648
-7.8175 -15.1188
-7.7492 -11.0269
-8.5605 -9.8300
-4.1691 -8.6866
-10.9921 -2.9915
-8.0537 -12.1966
-8.5158 -8.2630
-6.7267 -9.6874
-11.0322 -7.4151
0.5661 -8.8677
-8.7757 -9.0795
-7.8579 -7.3213
-5.2341 -7.6861
-7.8241 -9.0398
-10.0184 -8.4123
-5.1027 -8.2024
-4.6865 -11.1303
-8.3427 2.8944
-7.8227 -1.2070
-12.1564 -5.7684
-12.0642 2.0714
-8.6573 -8.0031
-8.8015 -8.9838
-6.2352 -7.4819
-13.2174 -10.6621
-7.0243 -5.8632
-10.1691 -7.1485
-6.7439 -8.8070
-11.1505 -9.4165
-6.0997 -9.7083
-4.8557 -7.6960
-8.8251 -4.6866
-4.7750 -8.0648
-6.5635 -8.2786
-14.7405 -7.1417
-9.0211 -9.1335
-9.0030 -9.2422
-0.2195 -0.6977
-13.4099 -8.6932
-6.9708 -5.0297
-8.4837 -8.2623
-11.7966 -8.7205
-5.5906 -10.6161
-5.1588 -12.6036
-0.7617 -11.7455
-9.9658 -14.4142
-10.3324 -5.4984
-5.6951 -6.0264
2.9118 -4.0538
-8.2815 -4.2415
-4.2350 -10.1531
-11.3231 -12.9909
-7.8591 -7.9022
-7.0757 -6.8111
-10.4002 -9.5532
-8.8551 -5.3258
-7.5266 -9.2906
-7.5409 -6.3290
-10.3025 -10.7569
-7.8584 -5.9453
-6.2939 -6.1184
-8.9977 -15.8864
-8.1963 -12.5935
-10.4485 -3.4645
-7.9708 1.9257
1.9197 -8.2763
-7.0071 -7.0843
-12.9457 -11.1189
-10.7828 1.8399
-7.0249 -8.7826
-8.0334 -8.1267
-7.2201 -14.0699
-7.3710 -4.3361
-7.5506 -3.3864
-9.6171 -4.9165
-6.2722 -6.4395
-7.5127 -12.6080
-7.7669 -8.1907
-5.1358 -6.8611
-8.3506 -4.6381
-9.5225 -9.0781
-10.0600 -12.6993
2.0396 -12.9283
-8.6931 -4.4146
-5.1146 -10.6303
-8.6749 -2.7653
-3.9860 -7.2848
-11.6765 -6.0773
-8.4133 -9.8963
-8.0647 -14.3318
-4.2819 -9.3339
-6.0460 -7.0652
-9.6989 -8.5157
-7.6800 -14.2844
-9.4687 -10.2078
-8.6633 -7.6397
-14.0626 -7.1051
1.9755 2.4608
-9.2844 -12.8462
-6.8313 -4.9530
-5.6358 -8.3940
-9.9450 -9.5937
-9.2855 -8.4168
-6.3620 -10.8507
-8.6342 -10.3992
-10.5377 -13.9715
-6.1441 -0.2999
-4.6409 2.3143
-7.6385 -5.5328
-11.8190 -9.0898
-7.1635 -7.9933
-11.9817 -3.4622
-9.4477 -14.8260
-12.7154 -6.8771
-9.8065 -9.7966
-7.1647 -7.6335
-10.8485 -7.0292
-14.2377 -9.6273
-9.1901 -8.5812
2.0618 -5.7242
-8.2881 -8.5368
-5.2981 -5.2060
-7.5353 -13.7564
-9.3019 -2.4357
-5.9638 -8.6915
-7.0626 -10.8714
-8.4347 -6.0422
-9.4469 -2.9857
-7.8280 -4.0312
-7.9319 -11.5536
-10.3292 -11.5329
-4.6551 -15.5706
-3.0829 -7.5110
-9.4236 -2.8907
-7.4735 -5.6967
-5.8688 -13.5148
-4.0640 -6.7039
-6.9165 -10.7903
-10.9123 -5.6342
-8.5351 -9.1569
-8.1028 -8.5630
-6.3795 -7.7885
-7.1151 -8.4905
-12.9232 -5.0151
-8.8152 -4.2097
-9.9270 -12.8126
-7.9037 -11.9546
-2.5969 -7.7151
-13.0746 -6.9914
-10.5301 -7.6640
-13.3685 -9.0211
2.3703 -4.7246
-7.5855 -5.6023
-8.1732 -4.7541
-5.8510 -10.8035
-10.7682 -9.4428
-4.0747 -8.3696
-6.0132 -5.0864
-14.2676 -6.0445
-11.5627 -13.1434
-12.8017 -11.9371
-6.2461 -6.4432
-7.1188 2.6060
-7.9573 -0.3027
-8.3892 -11.2952
-7.9563 -6.3866
-6.8997 -8.5690
-4.4146 -6.6091
-10.0193 -6.3384
-6.5133 -6.5054
-3.0655 -11.8741
-15.4734 -5.0552
-3.3025 -13.4349
-9.4621 -7.7261
-6.0404 -9.0605
-3.7903 -15.5264
-7.7024 -4.9881
-7.5330 -12.4996
-7.3837 -6.8205
-2.1077 -8.3265
-10.6302 -7.8265
-10.5101 -7.6657
-4.8954 -14.0526
-5.8673 -7.7937
-8.1072 -8.5587
-8.7320 -11.7237
-1.9127 -7.0202
-5.3538 -0.8058
-5.8393 -9.2282
-9.9258 -11.3620
-0.3907 -10.2764
-6.4161 -7.3161
-8.4072 -10.1135
-5.5779 -4.5917
-6.3160 -7.5937
-11.1621 -9.3960
-8.2320 -12.0807
-12.0427 -6.9564
-8.0902 -8.4793
-5.7431 -5.2244
-7.1263 -10.2783
-8.1727 -8.6508
-6.2237 -2.8136
-11.5987 -7.2024
-1.4082 -7.1574
-1.0309 1.8425
-6.7982 -4.2692
-10.1242 -8.6396
-10.1354 -15.0316
-9.1750 -1.7059
1.6896 -5.9156
-6.6035 -9.2488
-7.5155 0.9242
-8.7631 -8.8737
-8.4577 -4.8031
-9.4512 -4.0367
-8.2035 -6.4732
2.6600 -6.8066
-8.3449 -6.8768
-13.5162 -8.4336
-10.8403 -6.2441
-10.9470 -7.3021
-8.0250 -13.1026
-9.3420 -8.1527
-4.4345 -7.8219
-7.3222 -5.9791
-8.3527 -7.1220
-5.8796 1.9934
-5.2036 -6.8804
-5.9910 -8.7475
-5.3490 -7.3112
-3.4520 -11.4687
-6.4283 -8.4067
-5.4834 -3.7837
-8.1007 -2.0206
-6.2747 -12.2991
-8.5255 1.8376
-4.4471 -14.7981
-5.5577 -8.3464
-9.7589 -9.8151
-3.3713 -4.0862
-9.1424 -7.6990
-4.1660 3.3411
-3.8831 -4.9997
-7.9084 -5.3163
-8.1814 -8.3098
-9.0976 1.9482
-5.4853 -8.9886
-4.9062 -9.1575
-11.8400 -7.2777
-8.0385 -3.8558
-5.8612 -8.6235
0.8237 -7.1827
-9.9720 -5.2443
-7.1277 -1.7015
1.7148 -0.6959
-8.0810 -7.3655
-6.3590 -9.8134
-8.2974 -8.1497
-6.8409 -10.8621
-5.8513 -10.1067
-9.0520 -8.9831
-9.0751 -8.6869
-8.5846 -9.4214
-10.3407 -6.0409
-8.7394 -8.7962
-2.6593 -7.0397
-6.3998 -10.5772
-11.1030 -8.4382
-6.5706 -14.9755
-3.9071 -9.5236
-7.9764 -8.0934
-9.5865 2.2599
-7.9979 -10.1842
-5.5267 -5.6176
-12.0344 -13.0548
-6.5465 -6.3340
-8.8352 -6.5765
-4.5272 -15.4575
-10.7263 -9.8917
-4.0655 -10.7149
-3.7767 -11.2387
-7.7968 -8.4889
-14.5894 -5.3413
-8.7205 -3.3195
-4.9812 -7.2014
-6.3676 2.6903
-7.1571 -8.1396
-4.6476 -7.0033
-8.1816 -3.6740
1.8808 -5.5012
-6.1176 -9.7016
-8.2515 -11.0224
-4.3908 -8.6750
-10.5261 -6.3866
-6.9268 -8.3765
2.2894 -4.6166
-8.6828 -7.6435
-5.8181 -9.1822
1.6744 -6.9469
2.4303 -11.1983
-3.8727 -6.0398
-7.5273 -7.5055
-13.2623 -6.4901
-4.0777 -8.5258
-6.9533 -10.0170
-9.0417 -12.8157
-5.0909 -8.4182
-9.4501 -6.5256
-10.5635 -13.1286
-9.0753 -2.6224
-6.6712 -7.4976
-14.6836 -8.3689
-6.3808 -7.2795
-4.1759 -7.3543
-8.2897 -3.1178
-4.9243 -7.6687
-7.2843 -9.0744
-9.7699 -8.9898
0.1110 -8.3950
-8.8690 -4.3277
-10.7229 -9.1921
-7.3683 -12.5494
-7.8380 -6.9727
-12.1940 -11.5673
-5.4991 -11.4768
2.7872 2.6488
-7.5483 -7.7212
-9.2472 -9.4306
3.2488 1.9212
-7.9578 -7.2272
-13.6595 -12.6316
-7.4635 -8.2102
-6.9405 -6.6428
-8.5727 -6.5975
-9.6609 -7.5063
-8.5222 -6.6403
-5.9549 -3.6251
-6.3181 -9.2129
-11.5670 -6.4667
-6.9309 -5.3035
-7.0299 -10.7034
-6.8466 -12.8448
-2.0225 -12.6707
-13.2548 -10.5105
-7.7420 -6.6696
-10.1936 -8.9710
-6.4455 -9.6989
-9.5127 -11.3390
-10.4709 -16.0652
-6.0611 -2.6217
-6.2142 -7.6223
-7.6844 -7.4603
-8.4883 -10.6276
-6.6253 -4.6645
-6.6779 -6.7777
-8.6027 -11.4379
-12.3436 -9.1010
-1.1128 -6.5037
-6.9937 -11.0884
-9.9340 -10.1735
-9.1021 -4.2086
-8.4949 -6.7739
-5.3228 -4.0952
1.8371 -6.2885
-8.3533 -7.5840
-9.9260 -7.5414
-10.9145 -11.9654
-4.2125 -7.5939
-9.6494 -2.8288
-5.0456 -7.3209
-8.8249 -6.2389
-8.2166 -7.8612
-7.6020 -4.3877
-5.2268 -5.5378
-11.1239 -6.5590
-9.6566 -2.6894
-7.9017 -7.1869
-4.1723 -7.5331
-7.4210 -9.6831
-4.5698 2.2861
-6.3993 -8.1908
-6.1007 -5.5357
-10.1646 -6.1904
-7.3977 -12.3870
-1.2131 -6.8684
-8.8248 -12.5167
-8.6295 -10.0069
-9.6337 -6.6495
-4.9147 -8.2200
-8.2216 -2.3775
-9.6826 -10.7570
-7.8933 -10.1134
-5.0695 -7.2103
-3.8341 -7.9071
-4.2467 -13.5334
-7.5676 -4.3997
-11.2820 -10.7577
-5.0241 -15.3150
-8.1230 -6.5813
-6.7531 -7.3641
-7.9060 2.7455
-7.3156 -7.3567
-14.8602 -11.2550
-11.0088 -5.1195
-12.0494 -7.5402
-7.1925 -8.4115
-8.0761 -2.2449
-15.1203 -9.5454
-10.3755 -5.1505
-13.4078 -0.8546
-7.2200 -6.9017
-6.0573 -7.5478
-12.0229 -6.9589
-13.7922 -7.1366
-15.1808 -8.6133
-10.0010 -11.3444
-12.0239 -9.7634
-7.9910 -9.9388
-6.1732 -8.8808
-4.4616 -10.5155
-3.6267 -8.8903
-10.8829 -6.3603
-4.2782 2.2410
-7.9009 -7.6120
-8.5491 -2.5266
-11.6260 -6.7338
-9.6797 -6.2240
-8.9263 -7.2891
-11.3475 -7.3978
-1.9979 -7.7260
-10.3119 -13.3236
-7.6647 -5.5278
-8.4107 -8.9940
-4.0146 -11.2512
-8.6223 -4.9699
-4.1766 -8.6657
-8.4557 -9.5568
-4.4041 -9.0531
-8.1065 -8.6986
-5.4313 -5.7124
-10.6305 -10.4913
-6.5365 -14.7414
-4.4907 -8.4947
-12.7417 -12.6661
-6.0559 -6.1617
-10.2098 -8.5687
-8.7805 -12.2588
-8.9434 -5.8092
-7.9407 -2.7500
-5.2009 2.8146
-3.2339 -9.5172
-8.4376 -6.0178
-9.0581 -12.2268
-11.0860 -6.9013
-11.6237 -13.6931
-4.4942 -5.9631
-5.3577 -11.1110
-9.6186 -6.8156
-11.9713 -8.6726
-0.5591 -4.4503
-5.7032 -8.9303
-13.6188 -12.6167
-6.4561 -8.3716
-9.8672 -8.3944
-11.8045 -6.6841
-13.6288 -2.8957
-11.2561 -7.7136
-5.6757 -8.2060
-6.5325 -7.8734
-6.6294 -10.3297
-8.0312 -10.5457
-9.4843 -7.4162
-9.3331 -9.2786
-6.5139 -8.3560
2.0196 2.4641
-5.1408 -8.3919
-7.5454 -10.5987
-6.7219 -11.8403
-8.4562 -8.1272
-13.4768 -11.6776
-5.4588 -6.6016
-7.3312 -6.6208
-7.2942 -11.7601
-7.0375 -3.5000
-12.3837 -9.5103
-7.2413 -9.0919
-11.0564 -13.2071
-3.8954 -12.2162
-5.8505 -6.6379
-8.9794 -4.2751
-8.9353 -4.6807
-11.3115 -5.7525
-8.2755 -4.2307
-6.9696 -12.3861
-5.5862 -4.1366
-9.5971 -10.0774
-11.3492 2.0390
-7.9390 -8.3153
-6.2729 -7.2115
-6.5081 -8.1958
-7.0722 -6.1251
-7.4323 -12.9687
-7.0483 -4.4602
-4.6532 -11.5119
-9.1216 -8.7819
-7.3921 -9.8356
-7.7434 -6.9075
-4.6074 -6.2540
-8.7468 -5.3574
-12.0675 -8.5209
-4.4990 -10.7650
-11.9910 -8.2479
-3.6417 -7.3175
-10.2829 -9.4281
-11.9832 -8.0476
2.0647 -5.4482
-7.6917 -8.5296
-8.7980 -6.7785
-12.3673 -6.8720
-7.7689 -9.2296
-8.7376 -10.1004
-9.3533 -6.9645
-8.6635 -6.6762
-5.2804 -9.9940
-9.0813 -4.6579
-8.4425 -11.3284
-6.0190 -10.6659
-11.8513 -12.0415
-10.3562 -4.2241
-8.6186 -12.6712
-9.7852 -8.8950
-15.5925 -2.4550
-8.6188 -6.6455
-8.1436 -5.8831
-6.3020 -8.8615
-7.8702 -14.9899
-5.9759 -9.3113
-5.2297 -10.1589
-7.6175 -2.4813
-8.3456 -11.8021
-5.0761 -6.9446
-10.4602 -10.7322
-4.6330 -6.5558
-8.3386 -8.5660
-6.1174 -13.0022
-11.3215 -5.1484
3.1941 -11.6556
-10.3290 -8.1764
-6.7533 -10.7027
-8.3273 -6.2433
2.5881 -9.8825
-8.4877 -6.2761
-8.2894 -9.2175
-5.4514 -4.5702
-8.4321 -7.8847
-10.7619 -6.1321
-4.4697 -14.6853
-10.2099 -11.4601
-8.0562 -5.5859
-4.2926 -14.2033
-1.8285 -5.4857
-5.4267 -7.6402
-7.3596 -8.3723
-6.9481 -9.0775
-3.5710 -7.5576
2.7362 -10.5703
-6.4563 -6.7682
-8.4626 -11.5881
-11.7094 -8.9175
-10.2735 -8.8120
-5.0060 -11.6008
-13.0279 -6.1337
-11.5963 -7.1889
-11.7304 -9.5408
2.5991 -2.7244
-6.7606 -5.8370
-16.9102 -15.2918
-4.6787 -2.3928
-6.1001 -3.9817
-8.7274 -6.5891
2.4730 -8.9333
-8.1448 -4.1286
-7.7369 -6.7120
-7.4258 -8.3383
-7.0238 -2.7490
-7.3161 -7.1535
-5.4188 -7.9388
-5.2818 -10.5284
-7.4626 -8.8239
-11.0168 -4.9650
-8.0908 -4.1784
-9.8561 -11.1394
-0.1950 -7.0562
-8.5663 -7.4673
-10.0396 -13.5655
-5.3191 -9.0085
-7.3722 -4.7272
-12.3326 -13.0606
-6.5441 -2.4193
-10.1556 -10.1244
-7.2494 -8.6742
-4.3350 -8.4515
-14.0754 -12.4032
-7.5071 -4.1480
-6.7801 -8.3723
-11.5579 -8.3826
-11.6586 -5.9964
-6.4726 -8.1626
-3.4047 -17.6795
-8.5413 -8.8004
-3.9474 -5.0487
-14.2909 -7.6888
-9.4588 -9.3545
-8.3231 -8.0658
-11.7992 -8.8040
-12.2177 -7.2616
-7.5045 -8.1016
-9.1884 -5.6094
-7.3764 -10.7983
-9.1914 -8.6175
-8.4900 1.9838
-11.7474 -4.9415
-7.9914 -4.4614
-11.4557 -10.1383
-7.1806 -6.4192
-8.6465 -6.5908
-12.4135 -8.7883
-10.5246 -10.3172
-3.5370 -4.6886
-11.9007 -5.0354
-8.9525 2.3071
-7.6995 -1.1427
-8.6038 -3.2578
2.3635 -7.2975
-7.2025 -4.2540
-7.4345 -11.4787
-2.0800 -5.8916
-12.5728 -13.1960
-15.6134 -5.6100
-12.0124 -13.3118
-6.2803 -8.5765
-8.7700 -8.0844
-8.5565 -7.0270
-10.2775 -10.2049
-4.9346 -15.4552
-10.6881 -7.9829
-11.7252 -13.5479
-9.4447 -6.5285
-11.3969 -11.7025
-5.8944 -8.0774
-5.9195 -4.8281
-7.8254 -5.5269
-6.0019 -9.7988
-9.7031 -8.9954
-7.8983 -7.2993
-6.5809 -7.7817
-5.3228 -7.4204
3.0614 -4.8810
-7.5956 -2.5414
-5.2984 -9.1939
-8.1234 -17.2902
-5.4728 -5.7592
-8.6534 -10.3804
-4.9641 -7.7025
-11.4943 -5.5660
-5.5147 -12.3671
-8.0552 -6.1484
-12.2680 -7.5132
-4.3394 -5.2490
-3.8697 -4.2908
-8.1800 -13.0003
-6.3908 -7.2254
-5.4225 -7.1574
-3.6873 -8.1920
-7.7497 -5.9555
-7.2490 -5.2535
-6.0867 -7.1523
-9.4789 -9.8189
-4.8245 -9.7282
-6.4002 -8.4519
-6.2924 2.2324
-13.0796 2.7774
-5.6858 -0.5721
-5.0559 -7.3612
-18.6593 -7.0865
-9.9423 -7.9620
-12.6356 -5.0845
-4.8221 -9.5852
-6.6495 -7.9424
-6.2809 -1.3332
-15.7150 -7.2978
2.5959 1.5386
-13.7140 -4.7488
-2.2144 -13.3248
-4.4165 -6.7281
-4.0841 -14.8331
-5.9043 -7.8951
-7.0356 2.0856
-7.5888 -7.8955
-3.5406 -10.3966
-11.6679 -10.1143
-7.7133 -7.2897
-7.3976 -5.3299
-7.4136 -6.0764
-6.4811 -2.2104
-6.6548 -9.1327
-6.6557 -10.0399
-5.9199 -7.7178
-9.0197 -8.6241
-5.6775 -8.1107
-10.4693 -11.3908
-7.5631 -7.4563
1.8932 -9.9159
-9.1491 -7.8427
2.3154 -10.1720
-8.4401 -3.1762
-10.7675 -9.8199
-7.8778 -8.9663
2.3859 -8.6002
-8.2865 -9.5980
-8.0265 -7.4709
-10.2851 -10.0573
-7.9068 -10.1944
-6.9022 -11.8293
-6.3159 -1.1470
-10.5880 -2.6309
-13.3468 -2.6031
-5.9489 -8.7187
-10.3156 -3.2674
-13.2907 -11.0027
-9.8114 -1.6006
-7.6964 -3.7333
-5.5723 -7.1682
-7.4753 -5.3984
-7.7476 -7.5374
-7.3051 -12.1032
-9.6587 -7.7191
-6.1893 -8.7186
-13.5150 -9.6632
-7.9028 -7.5929
-8.8941 -6.5242
-5.5613 -7.7913
-6.0380 -5.1575
-6.0194 -5.4057
-6.2556 -10.8232
-9.1466 -8.3253
-5.4486 -10.2945
-11.6137 -4.9138
-10.4393 -10.7214
-11.1497 -8.2226
-3.0285 -5.2400
-8.5979 -6.8993
-3.5922 -2.6817
-3.0941 -8.8607
-8.5682 -8.0544
-8.8087 -5.9649
-4.1016 -9.3550
-5.0415 -6.2167
-1.7785 -8.8382
-6.8864 -6.1091
-4.5865 -6.1210
-7.6942 -8.5274
-10.1318 -11.2918
-12.6314 -12.1895
2.2628 -7.2399
-5.0020 -7.8851
-7.0735 -6.7162
-6.3970 -3.9119
-7.2767 -13.4886
-9.4378 -8.3317
-7.7229 -9.6675
-7.4547 -10.6382
2.1890 -9.0373
-9.0387 -6.6440
-6.3758 -3.9952
-7.1028 -5.3520
-2.5865 -8.5815
-5.2591 -7.1958
-10.1243 -7.8276
-6.9473 -6.3617
-8.9064 -4.1233
-10.6080 -7.5680
2.6435 -8.8926
-7.5097 -4.0296
-6.1585 -13.0436
-7.0428 -9.4747
-11.9471 -6.9554
-10.6736 -14.8606
-11.7351 2.4351
-11.0591 -9.3308
-6.9196 -8.1008
-6.2577 -5.8380
1.9716 -12.0710
-6.7443 -5.8568
-9.0266 -12.6076
-13.7542 -9.2003
-4.5216 -7.3118
-10.9830 -8.3806
-5.6354 1.8432
-11.9102 -12.3831
-8.8299 -5.8781
-11.4128 -7.7012
-6.1150 -9.3085
-9.7527 -10.0035
-9.6078 -5.4258
-5.9702 -8.1456
-10.7265 -4.4024
-10.3856 -13.5938
-5.0380 -9.0048
3.3368 -9.1654
-7.1493 -10.5916
2.2082 -11.4161
-3.4575 -6.3099
-8.8565 -11.2035
-11.7693 -8.8403
-11.9142 -1.1431
-7.4292 1.7859
-10.7080 -4.8412
-6.9367 -4.0488
-1.0896 -11.6819
-8.4134 -10.1172
-8.5643 -8.9736
-5.6471 -9.0169
-6.8071 1.8472
-5.1861 -8.5643
-6.4298 -4.5755
-6.7531 -4.4422
-8.0161 -7.7248
-9.5493 -12.2926
-9.0721 -1.1793
-7.1362 -8.6139
-2.1852 -7.8411
-3.8193 -6.4239
-7.9416 -8.2384
-10.9226 -9.6696
-6.0660 -3.2688
-11.9744 -8.6455
-10.4653 -7.3951
-9.6556 -8.0829
-8.5104 -7.7191
-10.0909 -12.8691
-11.8118 -6.2773
-10.4340 -6.9329
-8.4844 -3.1674
-3.6205 -5.8035
1.8843 -5.4683
-4.3493 -10.5343
-5.8005 -2.9484
-9.5637 -7.8292
-10.5868 -10.0120
-8.2450 -4.3239
-8.1839 -8.4566
-5.9197 -7.5218
-9.6621 -8.4821
-6.2323 -15.9628
-3.7591 -8.0372
-9.5072 -8.3739
-7.2019 -6.1206
-8.4399 -10.1435
-8.8635 -6.7084
2.3348 -3.5189
-2.0207 -7.6564
-4.1271 -6.8884
-12.8814 -6.3924
-15.9065 -1.7739
-9.3164 -1.2899
-5.0471 -2.7474
-7.8137 -8.9129
-6.5523 -9.2476
-7.2690 -3.0012
-8.7521 -5.3670
-7.0694 -10.0249
-3.6482 -9.8109
-2.8921 -9.6641
-5.5619 -5.1491
-8.5173 -7.9927
-7.3233 -10.0526
-12.4315 -9.1153
-5.1078 -7.7491
-10.6081 -6.4255
-8.4943 -10.0545
-10.5448 -6.0203
-10.7549 -7.0612
-3.2260 -8.8794
-5.1425 -10.1260
-4.7399 -6.4570
-10.4559 -9.2015
-6.7780 -7.1413
-7.7265 -8.4727
-4.7060 -10.2053
-9.6128 -7.4819
-8.4254 -12.3006
-6.9768 -10.0391
-9.6970 -11.0963
-7.8757 -5.3728
-15.5078 -5.2269
-7.6718 -10.7058
-2.9582 -7.8966
-2.4668 -7.1329
-9.6352 -6.4923
-4.6197 -8.2585
-10.6485 2.3395
-7.7086 -7.5177
-2.5123 -6.4886
-6.4240 -10.4042
-4.4235 -4.9523
-8.2869 -8.2667
-10.5370 -5.9515
-9.0763 -9.6737
-11.9135 -9.8353
-7.5177 -6.3966
-9.8715 -10.6387
-5.5938 1.8280
-7.7442 -5.9678
-6.7598 -7.9951
-7.4379 -4.8906
-15.0419 -5.7239
-6.0759 -7.1950
-9.4074 -7.9782
1.2938 -10.6224
-4.7458 -10.9526
-6.3166 -6.8536
-6.1998 -5.9154
-1.1785 -7.9938
-3.0568 -8.2763
-7.7957 -6.1789
-11.0613 -9.0754
-11.4613 -11.9213
-9.3571 -12.2805
-12.4063 -11.5529
-15.0123 -8.0004
2.7388 -5.4193
-13.3442 -9.5166
-4.3404 -5.8667
-2.3927 -11.6904
1.8036 -11.4242
-3.9649 -9.3228
-7.4000 -4.3324
-7.9373 -6.6386
-9.8923 -8.8383
-10.0219 -8.9208
-6.9734 -5.0100
-10.2759 2.2119
-5.1616 -6.3679
-10.3157 -2.9690
-5.9098 -11.2695
-6.5941 -3.7483
-8.2511 -6.8148
-7.5384 -6.3938
-7.3985 -12.3020
-1.6689 -8.1082
-9.5462 -11.5561
-3.8414 -13.5297
-4.9564 -9.5780
-7.8915 -8.0145
-9.8430 -7.0945
-7.2750 -4.7008
-8.3964 -5.8672
-6.1285 -8.0680
-7.4333 -6.5480
-9.3483 -5.3229
-9.6998 -4.8462
-11.6733 -7.0420
-7.4155 -11.2825
-11.4716 -8.7136
-7.9855 -5.2989
-6.4944 -9.1139
-10.0755 -5.7806
-7.7174 -2.3021
-6.1068 -5.2862
-5.6399 -7.8087
-7.5694 -6.1633
-9.4601 -17.1880
-5.7418 -7.2564
-7.9251 -6.3142
-11.1031 2.3545
-7.5739 -9.2304
-4.9110 -6.6852
-2.4919 -9.8698
-8.1825 -6.4564
-9.1868 -4.8070
-8.9557 -8.2225
-3.0929 -5.1583
-7.5636 -8.5657
-9.9122 -6.5525
-6.5011 -8.3120
-8.7718 -7.7036
-8.3826 -5.6722
-10.6254 -11.0190
-7.1107 -7.6473
-9.3020 2.0095
-6.4617 -10.2555
-9.3789 -7.0046
3.2921 -8.4022
-11.1050 -2.1775
-10.3518 -6.4664
-8.4961 -7.1904
-8.8052 -5.2891
-8.1067 -7.4859
-7.2282 -6.7819
-9.0035 2.1262
-9.0917 -10.1481
-5.7026 -9.6666
-11.1743 -6.3284
-3.3703 -12.1412
-11.8712 -6.7763
-9.0138 -5.2691
-4.2788 -7.4977
-6.0031 -8.3736
-6.5903 -11.0900
-11.2963 -6.7685
-14.2203 -5.8459
-5.9430 -7.4558
-3.4175 -8.3575
-8.7950 -18.1029
-2.2825 -5.9581
-4.9956 -12.8513
-4.0355 -6.0045
-4.4665 -10.0522
-6.5158 -12.2524
-6.7347 -7.4753
-11.2884 -5.2860
-8.2375 -11.5207
-6.8047 -4.9019
-6.4159 -10.6680
-7.0888 -8.2624
-7.6510 -9.9135
-8.2256 -1.6527
-7.7262 -10.2507
-6.8751 -7.7887
-2.4269 -4.6152
-9.1391 -2.8593
1.8129 -15.1734
-7.0832 -4.3850
-11.7329 -6.7727
-8.0628 -7.9475
-8.3281 -3.1809
-10.2019 -8.9858
-15.9806 -7.0192
-6.9111 -5.1225
-11.8646 -7.6164
-12.1759 -10.0850
1.7281 -12.3060
-9.8031 -6.5858
2.4147 -9.8475
-7.3700 -5.8040
-2.4810 -0.0215
-11.4560 -7.9692
-11.8063 -7.1493
-5.7487 -13.2087
-3.7601 -13.7010
-8.8632 -11.5458
-5.9467 -7.5269
-3.4149 -7.7236
-7.6857 -6.8704
-3.8479 -7.8401
-12.0855 -7.7977
-7.7284 -3.2174
-5.3934 -11.6315
-4.7816 2.3320
-4.0098 -5.6892
1.6714 -9.2652
-7.5364 -9.6368
-7.8101 -9.5720
-8.6732 -7.7316
-7.1697 -4.7984
-10.7232 -5.6999
-8.2472 -7.5467
-9.3978 -10.7181
-9.5500 -12.1018
-6.2319 -16.2786
-4.9472 -3.1627
-12.0130 -8.4240
-7.9208 -7.5863
-7.9047 -7.9746
-5.3878 -14.3706
-4.8684 -6.1221
-3.9639 -6.3680
-6.9545 -4.8628
-10.0534 -10.5871
-8.4291 -6.7842
-8.5165 -2.4289
-9.8287 -4.9202
-8.8628 -8.0510
-7.0708 -5.1679
-3.4992 -8.6694
-7.3914 -2.8946
-6.9799 -3.6964
-7.7329 -5.3724
-5.7660 -7.7193
-16.3956 -8.3844
-10.1042 -4.1570
-11.0668 -10.7234
-5.2636 -9.0828
-8.0556 -10.2608
-7.2457 -8.6811
-10.2672 -7.2069
-8.1653 -6.2520
-12.9263 -5.5559
-7.4332 -7.3317
-4.4992 -11.9932
-5.0030 -12.1319
-5.9625 -6.7120
-6.7969 -8.2489
-7.7767 -11.2202
-5.9339 -3.4164
-6.7484 -6.7880
-3.5617 -9.7355
-11.4533 -12.3241
-1.0277 -3.0634
-4.1080 -8.7499
-10.1428 -13.3864
-4.2952 -5.8977
-9.8054 -5.6620
-8.4409 -7.1613
-4.8630 -6.2759
-8.8893 -9.7695
-6.9253 -12.0652
-2.3448 -8.7515
-5.3222 -5.6249
-7.4193 -4.5220
2.4445 -7.5208
-10.2973 -9.9733
-9.8013 -5.8179
-9.5760 -9.5929
-8.1371 -10.6683
-8.2828 -6.0456
-9.6012 -5.0041
-9.1760 -4.5668
-8.3451 -9.7381
-12.7821 -8.2278
-12.3082 -8.1171
2.6693 -4.1066
-6.4657 -4.7311
-12.2850 -8.8965
-6.6601 -11.4329
-6.9107 -1.5048
-5.6933 -10.9769
-9.8627 -6.7701
-12.8597 -5.9928
-4.9041 -11.7751
-5.2544 -9.6714
-8.1507 -6.7058
-4.6417 -7.8905
-1.4123 -3.4927
-10.9999 -9.0881
-11.3770 -4.8136
-7.5243 -7.6395
-8.0813 -11.9602
-14.0712 -8.1734
-13.3582 -7.7283
-8.9435 -5.8462
-8.0181 -7.6672
-7.3844 -6.8270
-0.6113 -10.3206
-8.4186 -7.2670
-5.8969 -10.1703
-5.6634 -8.9882
-11.0900 -10.3641
-7.3376 -8.8655
-7.8513 -7.2713
-9.9404 -12.3327
1.3603 -14.6624
-10.1908 -9.1040
-4.9550 -6.8839
-4.4816 -9.1145
-7.1730 -9.0498
-10.9128 -7.8660
-1.6040 -8.3429
-5.2461 -9.5750
-8.4955 -8.5455
-5.4982 -7.5529
-3.6389 -4.5828
-12.0305 -2.3824
-6.3174 -7.2517
-9.9762 -10.0242
-12.1133 -10.2618
-2.9748 2.6654
-15.4719 -11.6244
-9.4201 -7.2425
-3.7352 -5.2057
-10.0961 -7.0442
-6.3834 1.0410
2.1252 -9.6092
-10.4410 -4.7969
-10.3263 -6.6984
-4.2721 -7.4420
-6.0231 -5.6087
-9.8963 -9.6284
-7.1735 -6.0792
-6.6017 -7.5120
-11.4359 -11.2243
-7.0396 -7.0049
-7.6147 -6.0627
-5.1746 -10.7819
-12.9691 -1.9893
-10.7526 -8.1716
-8.0673 -9.4125
-7.9770 -6.2469
-10.4333 -5.1119
-6.3059 -6.5503
-4.5443 -7.9580
-9.3828 -4.5083
-9.6653 -10.4942
-8.2613 -8.9580
2.2907 -5.9745
-9.2149 -6.2109
-9.6435 -6.3753
-5.3152 -10.1365
-6.0181 -9.4645
-6.1590 -4.6298
-8.1197 -8.6505
-3.3779 -10.2806
-6.9595 -10.1572
-2.4136 -12.3842
-7.4755 -10.6966
-10.5650 2.1486
2.1020 -5.5306
-8.7350 -10.4551
-10.7970 -5.2508
-5.6806 -10.8913
-6.0349 -8.4112
-3.9432 -4.9989
-10.7688 -2.1380
-7.6367 -8.2042
-13.0711 -7.3260
-6.0149 -7.0831
2.7407 -8.7971
-6.4037 -5.2078
-5.2788 -1.5966
-3.7167 -4.2924
-3.6925 -8.4102
2.1038 -9.5227
-4.6621 -4.4518
-7.7750 -5.0911
-6.7713 -5.8477
-3.4355 -8.2114
-4.0457 -8.9903
-5.5768 -12.9100
-8.4633 -6.8579
-4.0751 -5.8226
-13.7514 -6.6507
-8.9674 -8.8858
-3.4179 -13.9834
-8.6962 -10.4661
-5.0449 -4.1239
-7.3914 -10.9645
2.6545 -3.4748
-9.1853 -14.0960
-6.8218 -7.2034
-0.6501 -8.6251
-4.2315 2.1167
1.3142 -8.9710
-6.4327 -5.9722
-4.7470 -9.3704
-12.3911 -6.6615
-11.8789 -11.6987
-7.7740 -7.8824
-11.7719 -16.4076
-9.9749 -14.3906
-6.3464 -10.6593
-5.5324 -4.1955
-11.9574 -7.4150
-8.9764 -8.6564
-9.2181 -8.4342
-11.6499 -8.9091
-10.6506 -6.6972
-11.0943 -11.7818
-5.0151 -7.8484
-8.7705 -3.1057
-8.7538 -7.2800
-8.1305 -6.3537
-9.0264 -7.5501
-4.1671 -14.6970
-13.3619 -8.4246
-7.3078 2.1747
-4.5845 -7.1455
-7.1600 1.8693
-10.0857 -12.2902
-7.2262 2.0842
-3.8059 -2.2845
-9.0699 -8.8815
-7.2096 -7.1071
-6.7607 -10.5232
-5.0331 -8.6854
-9.1095 -8.0887
-6.1782 -8.6058
-7.8586 -10.1228
2.6963 -4.4920
-6.8128 -7.1070
-10.1420 -9.6815
-7.3475 -7.5591
-4.9279 -8.0136
-9.6245 -8.1139
-9.5151 3.2781
-11.9876 -10.1661
-6.2249 -5.9386
-8.4636 -14.4460
-6.5013 -4.8776
-4.9949 -8.7828
-4.6294 -12.7440
-1.5371 -9.6507
-6.9196 -8.4929
-6.0580 -8.2549
-9.2352 -8.4542
-8.4204 -4.6724
-11.5055 -7.7353
-9.5248 -7.0975
-5.0550 -15.1554
-2.8618 -14.4818
2.2330 -5.8034
-7.8963 -10.3365
-9.1186 -2.5509
-11.6072 -6.4269
-6.9923 -11.7980
-8.6890 2.2122
-10.1332 -9.3094
-6.6513 -4.7516
-8.6437 -5.4554
-2.6420 -7.3950
-1.7105 -9.5643
-8.2672 -4.6937
-8.6521 -8.3179
-10.3806 -5.6311
-8.2474 -10.6262
-5.6612 -7.8569
-5.7822 -6.6075
-6.3951 -7.6819
-7.9836 -7.2447
-9.9026 -7.2413
-6.4335 -8.4974
-8.5921 -10.5220
-11.2853 -6.0783
-11.6774 -14.6097
-15.0901 -9.7419
-10.4480 -7.2523
-9.9228 -10.1245
-8.2067 -11.6091
-7.1797 -7.0676
-4.3962 -15.1959
-3.4581 -7.9017
-9.6354 -8.4503
-3.1679 -3.5847
-7.7638 -6.1489
-5.7299 -7.6418
-4.1860 -9.3269
-11.0895 -8.8757
-11.0339 -12.8007
-7.7126 -7.5630
-7.9120 -8.0632
-6.2511 -12.5133
-6.9369 -9.3210
-8.6527 -7.7720
-11.0615 -10.0752
-6.6472 -12.4733
-5.7344 -1.4538
-7.4728 -10.7561
-8.7624 -9.1847
-12.4982 -8.9853
-8.1877 -10.3767
-1.5763 -7.8367
-3.8408 -8.6743
-9.8304 -5.9224
-3.0540 -7.9298
-3.0784 1.1407
-9.2652 -8.2150
-8.3285 -5.7425
-8.7892 -9.1832
-6.4858 -11.1671
-11.4080 -6.8966
-12.7784 -8.9006
-12.9614 -7.1355
-9.3127 -6.9425
-11.7475 -8.4902
-9.9816 -6.7200
3.2697 -3.4502
-8.1920 -8.7810
-7.1551 -6.6792
-8.6233 -9.5907
-3.5368 -9.4027
-4.0894 -8.4028
-12.4430 -4.2605
2.7554 -4.7111
-9.8467 -9.5552
-8.0845 1.7068
-8.0977 -8.1597
-5.0723 -8.2088
-5.4207 -7.7971
-6.4176 -7.9276
-2.9184 -7.2373
-5.7274 -3.1634
-8.7320 -13.5933
-4.2585 -12.3131
-7.8984 -9.2001
-8.3625 -5.8650
-7.8916 -6.0446
-5.0353 -8.5759
2.0399 -4.4112
-5.3963 -6.3558
-7.0955 -4.3932
-7.0143 -6.0543
-6.7140 -7.6553
-7.4313 -12.8071
-9.4655 -8.6505
-7.7204 -9.1690
-1.8179 -10.1117
-11.3127 -8.9824
-7.3328 -10.7846
-8.9663 -9.2892
-5.6500 -8.2725
-7.0281 -6.4761
-7.3277 -11.4150
-5.9817 -7.5100
-7.8039 -8.7157
-7.4501 -9.1113
-15.5834 -5.3021
-6.0277 -6.4396
-7.4301 -6.2287
-4.5529 -10.7192
-15.2282 -1.5278
1.5110 -7.1960
-6.9695 -3.5906
-5.6468 -2.5498
-11.7806 -10.1775
-9.1356 -7.9764
-7.7925 -7.7189
-6.2826 -9.4234
-7.6368 -9.7362
-8.0422 -10.3608
-3.1320 -9.1630
-11.7372 -5.5619
-4.3139 -9.2813
2.7457 -12.1339
-12.0685 -14.2558
-13.5757 -10.9464
-9.0046 -4.2611
-8.7249 -11.9097
-5.0580 -8.2259
-7.0331 -14.5474
-6.4925 -7.1954
-6.0665 -6.7134
-3.8818 -8.2134
-9.0392 -11.6774
-7.2974 -9.1861
-2.4604 -5.8194
-10.1737 -8.2257
-8.3290 -1.2724
-8.8558 -5.9691
-5.1189 -8.9125
-1.2835 -11.3153
-7.3789 -11.9010
-8.3525 -7.4660
-10.5329 -14.1425
-7.0504 -6.7761
-6.0106 -5.4983
-2.9226 -4.8750
-6.9763 -9.8417
-5.5562 -11.4200
-10.3331 -14.4008
-9.7894 -8.5253
-6.7086 -6.7664
-2.2103 2.4236
-11.2929 -7.7177
-7.7102 -7.9158
-7.1832 -5.5435
-9.8694 -2.7754
2.2487 -7.7050
-8.4373 -8.5037
-5.6494 -4.8050
-7.5766 -7.1356
-9.3865 -2.9194
-7.2349 -11.3267
-9.0358 2.4276
-12.3842 -6.8362
-7.8199 -6.5365
-5.1107 -7.4843
-8.3409 -11.6327
-5.6811 -8.6134
-8.7363 -8.4414
-10.4720 -7.9830
-4.0923 -7.5862
-6.0893 -8.5142
-4.6979 -7.9404
-4.4526 -2.9891
1.9195 -4.6232
-6.5621 -5.8931
-6.6272 -4.1177
-15.3371 -5.8451
-5.8779 -7.3264
-12.6753 2.6497
-8.3933 -5.1230
-8.6668 -7.7170
-8.0151 -6.9652
-9.7513 2.5417
-6.3201 -5.0346
-7.3000 -7.8294
-11.0246 -9.1997
-15.3850 -7.3372
-13.0588 -8.3674
-3.3781 -8.3398
-6.2291 -5.5287
-6.0805 -7.2427
-10.8741 -5.6521
-9.5006 -10.5300
-4.9827 -10.0810
-7.6020 -6.8867
-10.4224 -5.3320
-6.1980 -6.1861
-5.6149 -7.9054
-7.9752 -9.3176
-13.4471 -2.7767
-9.7936 -7.0392
-8.2590 -14.1630
-10.2631 -7.8101
-8.2127 -7.3260
-7.9129 -3.7549
-6.6325 -6.0372
-8.5283 -5.6766
-6.9210 -7.7558
-7.0324 -10.7359
-5.6734 -13.3181
-3.3614 -14.8465
-9.4502 -8.3318
-6.2256 -8.5396
1.7928 -10.3181
-4.9375 -6.4363
-6.5711 -6.4739
-8.1517 -8.4139
-9.2637 -9.3528
-7.0655 -8.4748
-0.6611 -9.9815
-6.8234 -11.4798
-7.3355 -7.2165
-10.4528 -4.1653
-6.3714 -7.4135
-4.8757 -11.5172
-12.4079 -4.7417
-10.8358 -7.9619
-6.1709 -9.7937
-9.5820 -7.1030
-9.1810 -7.1389
-5.4302 -5.2279
-8.6485 -10.6332
-5.5076 -8.1874
-13.6797 -4.9875
-9.5123 -2.9924
-9.5296 -3.8731
-7.3477 -6.5361
-6.1524 -9.4781
-4.3363 -0.2898
-8.8623 -11.0278
-10.1641 -11.0483
-8.6905 -8.6706
-7.2686 -7.6199
-12.4414 -8.7698
-9.6386 -6.1139
-14.4902 -12.2146
-4.8216 -10.1603
-4.6508 -3.9506
-12.1553 -6.9752
-4.7841 1.4933
-7.9113 -8.7350
-5.9245 -7.0889
-4.2231 -6.6676
-12.0444 -7.0629
-8.3666 -9.6768
-5.6570 -5.9622
-6.7746 -6.3763
2.7003 -10.1278
-10.5129 -5.6392
-10.4030 -8.0081
2.5815 -9.6507
-5.0653 -4.8096
-2.8758 -7.7208
-14.9530 -6.4269
-8.3914 -10.7960
-12.7832 -6.3051
-4.0327 -7.9075
-5.4499 -10.6382
-10.7411 -8.5323
1.8362 -6.3670
-6.5519 -6.9699
-7.7357 -6.7385
-4.3667 -6.8196
3.0144 -8.5333
-10.6866 -12.8305
-5.8661 -10.5982
-8.1976 -6.5724
-7.9561 -9.4531
-3.5784 -3.9100
-7.2510 -9.6408
-6.0101 -12.2135
-6.2750 -8.1497
2.0380 -9.2427
-9.3434 -8.1181
1.7726 -6.2453
-2.1294 -5.6675
-2.9550 -3.3918
-6.7444 -1.6128
1.5254 -7.5688
-6.7203 -7.1164
-10.9900 -4.7827
-7.9373 -9.7848
-9.6401 -2.4603
-7.0464 -4.4418
-11.0051 -7.1527
-7.5984 -5.9181
-12.4084 -9.4776
-11.6896 -7.5339
-4.1380 -7.6919
-7.8167 -5.4284
-10.2584 -4.6728
-8.4785 -10.4671
-9.5081 -11.2640
-5.3881 1.9728
-2.1735 -9.4532
2.7076 -8.4429
0.0081 -8.2999
-9.4906 -4.1929
2.2481 -6.4844
-10.9300 -7.6757
-8.4413 1.9100
-11.0944 -4.8976
-5.9315 -2.9677
-8.4090 -10.5387
-12.3899 -6.1925
-11.1447 -9.0178
-5.3811 -9.5743
-5.1803 -7.4823
-6.4129 -7.4926
-7.2049 -3.6933
-10.2322 -8.2919
-7.9574 -6.2617
-4.3690 -11.2866
-12.7035 -7.0524
-11.4738 -7.7435
-10.7166 -9.2855
-5.8571 -5.5214
-7.2909 2.4421
-7.8350 -6.0983
-10.7687 -12.1887
-12.3879 2.6140
-6.3844 -8.5120
-6.4218 1.9273
-13.5618 -3.0121
-7.2215 -5.2826
-1.2328 -1.9568
-8.5386 -5.8647
-3.5378 -6.9531
-8.2437 -10.3639
-6.6180 -10.5995
-10.9915 -11.3519
-7.2937 -6.8162
-9.4875 -8.9870
-6.9584 -7.6582
-11.3141 -8.5693
2.0787 -6.2493
-11.0058 -9.8078
-5.0687 -11.4141
-6.7578 2.3185
-1.9976 -9.8887
-13.1179 -11.1749
-9.2646 -7.3619
-3.4077 -9.5652
-6.6754 -7.7254
3.0126 -5.2956
-8.8056 -8.7224
-13.1427 -9.4684
-13.9334 -10.6174
-8.8108 -8.5017
-5.6252 -3.8501
-4.7715 -9.8054
-10.8171 -9.0657
-6.8510 -2.0865
-9.5793 -9.4370
-7.1460 -6.6897
-5.8700 -8.5491
2.9053 2.6008
-2.6231 -6.4524
-5.6997 -8.5715
-11.2846 -2.0930
-13.6872 -6.5740
-6.0169 -7.1059
-7.0314 -4.7367
-5.6363 -2.4558
-7.4369 -5.5445
-4.9375 -7.6789
2.3007 -11.8201
-6.6981 -7.3277
-6.3124 2.2510
-4.2288 -9.4149
-4.9349 -9.8562
-7.7987 -11.1233
-10.1887 -11.7397
-11.9852 -5.1765
-4.9221 -5.1879
-5.3109 -0.8844
-2.6471 -11.3129
-8.3593 -6.9222
-12.1205 -15.5690
-8.6051 -9.5534
-9.3116 2.0569
-9.4548 -6.8603
-5.0452 -8.0645
-8.1239 -4.5517
-7.7487 -9.2362
-13.0763 -12.1299
-7.7586 -9.0933
-5.9100 -6.4785
-9.2445 -4.1262
-7.6292 -5.6622
-7.4076 -3.3213
-8.2135 -5.0227
-5.2034 -10.3461
-7.4042 -5.8714
-11.3277 -6.6050
-8.0376 -7.1735
-7.8144 -10.4255
-6.8311 -2.4484
0.0156 -5.0653
-9.6126 -15.6585
-10.7576 -7.7430
-7.1243 -10.7268
-7.6318 -8.6853
-7.8532 -5.6232
-9.0817 -9.4534
-7.5929 -6.0473
2.2557 -6.5700
-4.3799 -9.1215
-8.3278 -9.4722
-7.1664 -9.5803
-6.5321 -5.3172
-11.3811 -7.9900
-4.9448 -11.2584
-11.4163 -5.6196
-10.0906 -13.3864
-8.6636 -3.2079
-9.7730 -11.0592
-5.2388 -8.0769
-9.4487 -6.6484
-9.2067 -6.0906
-6.8042 -9.0609
-7.8735 -8.0838
-5.5572 -5.2872
-8.2467 -6.3701
-10.9326 -8.9621
-6.6687 -6.8038
-7.8358 -4.4355
-8.2743 -10.1514
-8.6469 -4.0129
1.9682 -8.0236
-6.3698 -8.1476
-5.1458 -6.4901
-3.9680 -7.5416
-4.2675 -7.7100
-6.2323 -9.1558
-8.2488 -7.7888
-6.8625 -9.5078
-8.3218 -9.2691
-6.7090 -4.6252
-6.5774 -12.2612
-1.3866 -7.5741
-11.2445 -5.9483
-9.1460 -10.1567
-7.5183 -6.7310
-14.4057 -5.0441
-7.3177 -0.6465
-11.6704 -10.9179
-10.9021 2.1717
-11.4456 -12.5039
-8.0927 -9.4169
-8.7869 -8.1157
-6.9049 -5.8676
-6.1980 1.7970
-9.6155 -9.9851
-8.2491 -6.1978
-14.2942 -1.8921
-12.2912 -6.0487
-7.5183 -7.1873
-6.3899 -12.5014
-8.5872 -5.3298
-12.4900 -8.3477
-12.9533 -6.9034
-6.9781 -4.0581
-8.9389 -12.0269
-8.4503 -10.5668
-10.3589 -6.8580
-8.2965 -10.9864
-11.5385 -6.3924
-11.4687 -9.0577
-4.8194 -7.6868
-10.2854 -6.9894
-11.8911 -9.7418
-5.8415 -7.9874
-16.3212 -8.9720
-7.3934 -7.8207
-6.2096 -0.4384
-3.0193 -10.0899
-11.1702 -9.6530
-9.8167 -4.4287
-5.6935 -10.2733
-7.9682 -8.1189
-7.6680 -4.5387
-10.5697 -1.7082
-10.5184 -12.1503
-5.1033 -12.0181
-11.4407 -8.1580
-4.8283 2.3349
-4.0520 -11.0669
2.5611 -10.1427
-10.9219 -13.7948
-11.4326 -7.2501
-4.9493 -6.4078
-4.8091 -7.1865
-5.1946 -9.6068
2.5852 -13.8283
-7.5569 -3.8820
-5.9172 -9.8926
1.2180 -8.5371
-5.0881 -7.7852
-10.5727 -11.4037
-8.6490 -4.1367
-10.6476 -5.2711
-5.2566 -5.5169
-6.5846 -3.8516
-4.5615 -7.1958
-9.1210 -8.1249
-6.3334 -2.6306
-8.3202 -3.1442
-11.3619 -9.3856
-6.5213 -11.9853
-7.0490 -8.3556
-8.2512 -7.1979
-6.3412 -11.4745
-12.8563 -6.0435
-11.0272 -18.6640
-14.0452 -11.2123
-7.2918 -9.6075
-7.1020 -3.4922
-4.2295 -7.6198
-6.0758 -13.8457
-13.3812 -11.5711
-8.2883 -3.6210
-7.5980 -8.5858
-10.9639 -7.9772
-7.4412 -8.6661
-9.8437 -9.4858
-7.1396 -4.7994
-4.9280 -8.9402
-12.1085 -7.5429
-11.4942 -7.7791
-9.2318 -11.9321
-8.1286 -11.1926
-8.6502 -5.1775
-5.8267 -8.0591
-7.9090 -7.3089
-8.6436 -9.0557
-11.0042 -11.4582
-7.8035 -9.6674
-13.6979 -12.2400
-6.3865 -10.3375
-8.3168 -3.3879
-7.3842 -5.5045
-12.1908 -11.4511
-7.6019 -7.5493
-3.4043 -7.6803
-1.3438 -6.2710
2.4161 -5.8140
-11.5769 -8.5794
-10.1531 -6.2609
-6.6454 -6.0609
-10.0093 -7.9801
-7.4494 -11.7635
-6.6384 -9.7797
0.8702 -6.1759
-5.2734 -10.5997
-11.0900 -6.4358
-11.9652 -8.2184
-9.0234 -4.1307
-4.7517 -4.5929
-4.8608 -8.8835
-1.7010 -8.5477
2.2346 -9.4864
-9.2910 -7.6283
-5.5183 -5.5036
-8.8179 -6.2946
-10.7034 -3.0451
-8.2317 -6.7816
-4.8036 -7.1851
-6.5857 -11.8480
-7.6716 -10.7811
-9.3405 -7.7654
-7.1400 -3.5920
-7.5887 -6.9059
-3.0742 -4.3114
-8.0365 -3.7108
2.8950 -9.0450
-6.5388 -5.6084
-8.4305 -11.6180
-3.5319 -6.4780
-4.0629 -11.4767
2.7179 -7.2018
1.7900 -10.4206
-10.3486 -13.8317
-5.4562 -5.1030
1.6582 -4.8391
-9.6589 -9.5406
-13.1911 -10.3504
-10.6994 -5.6033
-8.3126 -8.6861
-6.4342 -3.7101
-4.9001 -15.1031
-2.9839 -11.6166
-5.5452 -13.1183
-4.3344 -11.5117
-6.9803 -4.9062
-11.3093 -11.8178
-11.2690 -7.9720
-8.9987 -8.0514
-4.7895 -10.1741
-6.1335 -12.7012
-6.6515 -7.2688
-6.4927 -8.0915
-6.8724 -9.6995
-10.5532 -8.0983
-4.6494 -6.5879
-6.8216 -5.6856
-9.4436 -6.4862
-6.2805 -2.3526
-8.6706 -10.3696
-7.7988 3.1201
-4.8480 -5.9331
-7.6975 -10.8877
-11.9286 -0.5560
-6.2632 -8.0362
-3.8808 -9.0960
-8.2479 -5.4616
-3.8500 -9.1040
-5.9514 -8.1746
-7.9323 -3.8848
-3.8193 -9.9115
-5.5032 -1.0783
-8.3952 -5.3426
-6.9790 -1.1886
-5.1120 -8.5707
-9.3013 -9.8112
-6.7990 -4.1338
-3.9722 -7.5917
-3.1245 -8.0171
-13.8843 -9.7039
-3.2991 -8.7327
-5.3855 -5.9447
-7.1047 -13.4447
-7.7124 -5.9719
-5.8448 -8.8797
-2.4505 -5.5236
-4.2416 -7.4775
-7.8562 -11.6745
-8.8319 -6.3129
-6.8183 -10.7549
-7.7924 -7.8020
-13.1437 -1.4974
-7.9627 -7.2594
3.0060 -8.6868
-9.3209 -7.7805
-5.0133 -10.9427
-6.7870 -10.8160
-3.8956 -7.5575
-7.5876 -7.5573
-8.6832 -6.5844
-7.2715 -13.5539
-8.8293 -2.0898
-5.6562 -6.7600
-15.0891 -7.3450
-3.4902 -2.5857
-6.1363 -7.4347
-6.5418 2.0064
-7.7627 -9.5614
-6.9852 -7.0044
-8.2293 -7.5204
-7.7632 -5.4373
-8.5886 -8.3918
-9.4683 -7.0945
-9.6291 -6.8456
-8.2601 -11.6839
-6.6317 -9.6892
-9.0761 -4.2274
-8.3063 -5.7374
-8.7723 -5.5029
-7.7832 -10.0654
-6.2958 -9.8026
-6.0521 -9.5844
-12.7414 -7.4659
-7.5665 -5.2890
-13.4808 -2.0514
-7.7003 -8.3416
-6.5101 -6.6212
1.3176 -9.4670
-10.5105 -6.9965
-8.5678 -6.0080
-9.2039 -8.6728
-5.7152 -8.0391
-6.5284 -8.2145
-4.7484 -9.5973
-9.4210 -5.2928
-5.3124 -4.9734
2.1037 -5.0009
-8.1586 -8.9542
-7.1679 -5.1690
-12.2131 -13.0993
-2.3718 -11.1278
-8.4318 -5.7060
-12.4861 -7.6183
-7.1796 -12.0940
-8.0511 -10.8634
-5.6543 -6.9551
-9.8114 -9.6514
-10.2540 -7.9633
-12.3641 -10.3803
-5.5786 -6.3696
-9.3843 -11.1332
-12.2383 -7.2510
-8.7082 -9.4464
-8.9481 -9.8076
-6.1666 -3.1552
-13.7941 -7.2973
-8.1970 -9.2108
-9.1581 -4.4998
-7.7440 -11.8399
-7.0933 -8.0457
-3.4468 -9.9960
-3.3055 -2.3871
-5.9734 -6.9524
-5.2088 -2.5701
-3.3076 -4.9742
-9.2970 -10.7451
-10.9984 -9.7101
-8.4911 -9.5558
-6.2048 -8.0968
-11.5677 -8.7497
-8.0286 -2.5198
-11.0149 -10.9300
-7.7763 -6.3388
-7.0552 -10.2068
-5.6190 -9.5041
-10.5558 2.2823
-6.3265 -11.8412
-9.5232 -7.4373
2.4445 -12.2602
-4.6661 -1.5920
-9.9929 -2.9262
-8.9046 -9.8967
-7.9872 -5.9833
-7.1516 -9.6795
-5.7566 -9.1027
-14.5565 -8.2947
-7.6604 -6.8908
-8.6660 -6.5380
1.8124 -6.3847
-12.2385 -9.4339
-10.1651 -9.8188
-7.2674 -5.3451
-11.0884 -7.8565
-5.6214 -5.0392
-9.9450 -4.4659
-8.1845 -3.1935
-10.3948 -4.0997
-9.5458 -4.2889
-5.7109 -6.0985
-6.0412 -5.5690
-4.4058 -10.5127
-9.3819 -7.0676
-4.7655 -7.6233
-3.5877 -7.2805
-9.4693 -12.3929
-8.4942 -4.9639
-9.0763 -7.1149
-6.3764 -3.6263
-9.0910 -11.7413
-6.3139 -6.8634
-4.1219 -11.5798
-7.6764 -4.7962
-14.0263 -4.5557
-9.3056 -8.5966
-10.0257 -6.3162
-9.0464 2.2118
-10.2723 -5.3933
-3.7545 -7.9187
-11.1982 -7.3437
-11.6422 -18.1691
-9.9204 -7.6589
-5.6897 -7.0718
-7.8660 -9.5127
-11.2994 -8.7311
-7.2338 -11.1332
-8.2529 -9.6818
-7.3316 -6.5077
-4.8849 -5.3958
-9.1971 -3.3918
-0.0417 -5.1433
-6.1783 -4.6512
-7.5610 -9.8274
-5.6756 -7.3823
-8.7557 -7.8153
-8.0833 -10.5001
-12.0115 -8.1094
2.8300 -4.7595
-10.8858 -8.5073
-8.6479 -4.5987
-9.7758 -7.8264
-7.0173 -3.0017
-9.0751 -1.7107
2.4371 -2.3850
-12.1347 -10.2988
-5.9409 -9.4730
-6.8110 -3.4587
-5.2752 -6.3148
-7.2528 -10.9977
-7.1373 -4.6342
2.6521 -7.8688
-8.6654 -7.8621
-9.8412 -6.2875
-8.9176 -13.1556
-5.7927 -8.2107
-8.8270 -12.9233
-11.5109 -14.7952
-6.7460 -7.9613
-7.6349 -4.8621
-13.0790 -4.5543
2.0619 -9.8214
-2.6978 2.6372
-9.8031 -7.3213
-7.6788 -5.4939
-8.7956 -9.1544
-7.1886 -6.9702
-6.0647 -4.5000
-8.1373 -5.8512
-6.9659 -9.1307
-7.5387 -7.1402
-5.1141 -6.8227
-7.1039 -6.3280
-7.1340 -6.1322
-12.5980 -7.0542
-13.3534 -4.1120
-7.0327 -5.4170
-12.3276 -5.2661
-8.9953 -10.2503
-6.1967 -8.8498
-4.7216 -5.8815
-7.9782 -6.4519
-10.8766 2.6642
-10.7246 -5.1672
-6.5199 -4.6799
-6.5138 -7.4169
-8.7406 2.4095
-2.0645 -8.7352
-9.5761 -5.7523
2.2104 -8.3688
-7.8897 -3.7290
-5.1485 -7.9413
-4.8851 -5.1350
-10.8163 -10.2624
-6.5622 -8.0759
-7.7166 -6.2735
-8.4598 -1.0302
-5.5233 -5.0919
-6.7084 -10.1612
-7.5192 -7.4229
-9.8597 -6.7910
-4.8425 -9.9811
-9.5422 -8.8760
-10.3977 -8.5213
-7.3145 -6.4251
-8.2108 -8.1473
-10.3564 -12.5588
-4.1534 -3.2225
-6.5220 -2.3689
-5.8104 -13.3417
-8.5967 -1.1667
-7.8596 -9.3211
-3.8203 -7.9088
-7.6514 -6.5475
-12.2025 -8.2836
1.7537 -7.9942
-10.2432 -12.0805
2.4241 -8.0757
-5.9128 -10.1531
-6.9055 -8.0898
-11.3455 -8.2742
-7.0564 -8.7147
-8.4802 -9.3578
-12.7615 -8.8770
-7.7004 -2.2835
-7.9419 -9.0257
-8.5716 -10.8402
-7.8385 -8.3650
-2.2848 -6.6473
-9.4544 -7.9152
-7.5392 -8.0953
-5.5587 -6.6277
-6.4151 -6.6262
-7.7553 -6.3754
-7.8266 -7.9844
-7.4027 -8.4123
-7.2742 -8.1152
-8.2080 -7.1978
-8.5442 -4.9135
-6.4026 -10.1295
-7.9283 -8.7943
-6.0868 -7.1654
-10.1918 -8.3748
-5.9046 -9.0245
-5.2040 -4.9462
-10.5456 -13.1633
-13.0660 -5.3436
-11.0605 -7.6049
-8.4776 -8.0397
-12.9337 -7.0386
-11.0944 -4.2091
-6.5057 -8.0918
-5.7947 -5.0722
-8.5437 -7.5135
-7.0253 -6.0909
-5.5637 -9.0667
-8.0396 -12.8484
1.4802 -6.9578
-7.2822 -5.7293
-6.7491 -4.7407
-6.7809 -8.4132
-7.2650 -11.3867
-4.8121 -9.2818
-5.7606 -6.7916
-8.3451 -6.0840
-1.1980 -9.9828
2.3495 -2.9519
-7.7588 -10.2677
-7.8780 -14.9375
-6.8319 1.7453
-7.6907 -11.4627
-8.3443 -8.2811
-9.7320 -1.0658
-14.4640 -4.9488
-10.9558 -2.5613
1.5850 -7.5337
-8.3725 -5.9775
-9.7679 -13.6695
-11.3366 -8.5194
-9.9299 -9.8818
-11.6702 -11.6717
-8.4239 -6.6731
-8.5546 -10.1285
-7.5101 -7.8530
-8.5851 -6.4115
-3.0698 -8.0909
-8.7235 -6.2137
-9.0364 -6.8719
-7.6661 2.5467
-4.5257 -7.2060
-8.3335 -15.6579
-12.3714 -6.2756
-9.6761 -8.0898
-8.8907 -5.6967
-11.3865 -12.2823
-12.0904 -7.3603
-13.2424 -2.9984
-3.3745 -8.5331
-11.5777 -9.9790
-9.2350 -1.9036
-6.7849 -6.8842
-8.3887 -7.2873
-14.1553 1.4449
2.1664 -4.1825
-6.7877 -10.9599
-11.4541 1.6479
-10.5730 1.8586
-5.4256 -7.5792
-7.7747 -8.8389
-8.3407 -7.9802
-6.8034 -9.1305
-8.3769 -7.8890
-5.0363 -5.2918
-8.8742 -9.4414
-6.6506 -6.4359
-6.2923 -10.8075
-6.7859 4.6784
4.7019 2.3590
4.6197 5.0298
3.3632 5.2836
3.7379 5.3165
5.0384 2.9819
4.7038 2.7539
4.6067 2.3717
5.1640 4.6673
4.4031 5.2788
3.5462 6.4698
7.2730 4.6561
7.4195 5.2128
5.3850 5.8387
5.0616 4.3029
5.0890 2.2918
1.3585 5.0975
4.6612 5.0943
4.7570 3.2159
3.6334 4.6810
4.6620 4.7243
5.0219 4.6333
4.9596 5.1277
4.6924 2.6079
5.1834 5.1290
2.9083 4.6691
1.9079 4.6803
5.1431 -7.7739
4.7302 6.4601
4.0964 5.1191
2.1716 5.0242
5.2310 5.2842
5.1854 5.1311
3.1739 4.6246
2.8997 5.0050
4.3554 5.1717
4.6428 5.1786
2.6694 3.3105
5.0780 4.7014
5.0386 4.9767
4.6521 4.6863
4.6863 5.2064
4.7534 4.7165
3.4920 5.2883
3.9658 5.0869
2.7474 5.3543
5.1987 4.2167
3.8532 5.1278
4.7637 -8.1354
5.1651 5.0133
-8.2879 4.7085
5.0675 4.6255
5.0048 2.8319
5.0291 5.1268
4.6574 5.0731
-7.9077 3.2060
5.1194 4.7226
5.7572 3.2143
5.1142 3.3257
5.0761 5.1453
4.3419 5.1755
-7.7250 4.6625
-7.7138 7.0905
6.7337 5.3872
5.0252 3.1593
3.4232 5.8692
5.0115 4.9970
4.6250 3.1323
5.1778 5.6220
5.1923 4.7644
4.6884 5.1173
5.1259 5.2531
3.4707 2.7348
3.4143 5.9619
4.5904 5.9901
3.1919 6.0254
5.1329 3.2443
2.9593 4.6510
4.1266 3.0063
6.9650 5.1713
4.7292 5.0858
5.1392 2.6589
4.9837 4.6567
5.2064 3.5959
3.7509 4.6887
5.8406 2.9778
3.4320 4.9277
5.2386 5.0650
3.7632 5.0429
5.0340 2.5099
5.0572 5.0823
4.7451 5.1481
5.2322 5.1929
3.0011 4.7007
5.1821 4.6605
5.0586 3.4396
3.4414 3.9080
5.2312 4.8716
3.1977 4.6919
3.0273 4.6811
-7.8329 4.9620
6.4457 5.0655
3.4437 4.6875
6.3801 4.6471
4.7219 5.0932
6.2017 4.6946
5.0595 5.0737
4.6329 2.0147
3.0056 5.1379
4.8791 5.2465
5.1869 3.9347
5.0267 -8.0603
5.0280 2.3621
4.7036 4.9545
4.7497 4.6401
5.0057 2.9449
5.1955 4.7177
2.9378 5.4630
2.2289 2.8829
3.8960 4.6566
5.0848 3.9117
5.1887 5.0862
5.0680 5.0788
3.5258 4.1640
5.1026 -7.9791
4.6658 4.7443
5.4016 3.0593
3.2785 3.3478
4.3304 4.6856
5.0301 5.0949
4.6417 6.3252
3.1450 4.6443
5.0865 4.6991
4.6388 3.1601
4.9635 5.2449
4.6721 5.1945
5.0778 4.5793
6.6834 1.9232
2.5744 5.0103
4.1201 4.9522
-7.8281 3.5873
2.3752 5.6790
5.0818 2.0997
5.0627 2.7825
4.2616 4.6843
5.1385 2.7484
4.7441 4.6483
4.6590 4.7073
5.1470 3.9896
4.6228 3.0665
4.9548 3.4379
5.1224 5.1185
5.1851 6.0123
4.6657 3.2004
7.0053 3.3950
2.5028 5.1121
2.5139 4.6735
2.7919 2.7037
2.7697 6.1776
4.7554 4.7356
4.7249 3.3089
5.1312 5.1403
5.1924 4.6444
2.1113 4.1439
6.2582 4.6383
3.0758 4.6491
5.1533 2.6362
3.2297 5.0565
3.3332 5.2270
-7.8595 5.2356
4.6801 5.0327
5.4690 5.8529
4.5923 5.1518
3.7563 3.8729
4.7222 4.1973
6.3078 5.0833
3.2882 5.2295
5.2596 -8.1884
5.0802 3.3795
3.4411 5.1017
4.1795 2.9783
4.6852 3.7091
5.0923 2.8894
2.8854 5.4542
4.6687 5.0426
4.6694 5.1684
4.7125 2.9401
2.6157 5.2589
5.1520 5.0560
5.0983 2.1371
4.7433 5.0316
5.1892 2.7098
5.7032 1.6946
5.1673 4.6844
2.4745 4.6693
4.7278 5.0360
6.6350 5.1855
5.1368 6.5164
4.7823 5.1529
3.7713 4.7132
4.1480 5.2536
5.1693 2.9392
4.7235 5.2141
5.0938 4.9946
3.6577 5.1439
5.7051 4.6819
4.7260 5.2727
5.0602 5.1559
4.1186 5.1054
2.2984 3.5933
4.6587 2.6736
5.2261 2.9138
5.7303 3.7934
2.6802 4.6385
4.6518 5.2817
-7.7644 4.0495
5.5068 5.1911
5.2108 4.6955
5.0585 4.5349
4.6624 5.7720
2.7131 4.5974
4.7055 5.2370
4.6740 4.7399
5.0892 6.1173
5.2272 5.1950
5.1717 5.1091
5.1924 3.0454
5.1164 5.2144
4.6406 3.7887
4.1168 4.6598
5.0469 6.5515
5.3000 5.0918
4.6892 3.3396
4.6814 2.9454
5.1883 4.3350
5.0246 5.2015
4.9468 3.2640
5.1242 4.6896
5.1451 5.1608
4.6799 4.7085
5.1062 3.0056
4.6411 5.0752
2.0121 5.0828
5.6963 3.1165
5.0839 4.6443
4.0975 5.8949
5.1431 -7.9972
-7.9660 5.2153
5.1330 2.2630
3.3562 4.6687
4.5967 2.7929
5.1195 4.6378
2.9083 5.0436
5.3951 5.1637
2.8524 5.1140
3.1476 4.6914
4.1601 5.0806
5.1696 5.1857
5.1424 3.0635
4.2894 5.7553
4.9907 4.6426
4.6883 2.8589
5.0853 5.1005
5.1408 5.0920
3.3623 3.5925
4.6694 4.7072
6.8290 4.6986
2.8706 5.4460
5.0513 5.0735
2.9387 6.3346
2.6162 5.1942
4.6645 5.1130
4.9970 2.4037
4.7022 2.3243
4.7750 5.0903
5.0270 4.1276
5.2446 8.1836
5.0528 2.9512
4.9790 4.6856
8.2553 4.6540
-7.9788 4.9965
5.2272 5.1646
2.9956 5.1053
4.7395 3.0693
5.2121 2.9381
3.0076 3.9869
4.7249 4.9435
4.7000 5.1552
5.1049 5.2213
5.1066 1.9247
3.4010 5.1686
3.3584 2.0293
2.8825 3.3773
5.1910 1.9692
3.2478 5.0285
5.1299 4.7042
6.7417 3.0361
4.9481 5.0685
5.0764 4.9958
4.6778 6.0357
2.9616 4.6343
4.0696 -7.5768
3.0762 5.1204
4.6322 5.0792
5.0994 5.0500
5.0097 4.6681
5.0123 3.9030
5.0807 5.0741
5.1048 -7.8536
5.1874 3.5442
5.1496 4.6767
5.4533 4.7231
5.0700 4.6729
5.4004 2.8207
4.7239 3.2386
1.7292 6.1141
2.9308 4.6789
3.4795 6.3555
3.3148 2.5326
5.1580 5.2397
3.6889 5.2128
2.8544 5.0867
3.3406 3.3054
4.1582 2.7378
3.8360 3.0337
5.1310 5.1742
4.6473 4.7391
4.7376 3.1214
6.1392 5.2256
3.2515 5.1129
4.7510 3.6789
4.6573 4.6899
2.6994 3.4590
5.1904 5.0813
3.8052 5.0189
5.1801 4.6543
2.6115 5.7195
3.3656 2.1120
6.0430 6.1184
5.0851 3.1286
4.7253 5.5006
3.6977 3.5004
4.7457 4.9957
5.6164 4.6720
-7.7845 5.1436
2.6692 4.6093
2.6654 4.7164
4.7110 5.2547
4.6830 4.5782
5.0500 5.9231
2.9490 2.9520
5.0337 4.3608
5.1715 3.9058
4.6579 4.6238
3.1156 5.0708
4.6859 5.0567
4.0566 4.6704
5.1121 2.3116
2.9247 5.0904
4.6710 5.0313
4.6991 5.0261
5.0169 4.7148
6.6833 5.0345
5.0667 4.6457
4.7218 3.0629
5.1150 5.0895
4.7008 4.7209
5.9064 5.0044
5.8711 5.1391
4.7380 4.7014
4.6249 5.1322
4.0776 2.9800
3.6957 4.4659
5.1463 6.0459
4.6322 5.1895
4.6772 5.2054
4.5994 5.1813
4.1536 4.3173
5.1598 5.2589
3.4300 5.1877
4.6338 5.1045
5.1648 4.1037
5.2310 3.2647
5.1009 5.1900
4.7225 5.0196
5.0628 5.1031
5.0960 4.7361
4.0926 5.0953
3.8345 6.0491
3.1147 4.6715
5.1732 5.1929
5.1125 2.7434
5.0348 6.3066
5.1754 5.9042
-7.9696 5.0285
4.6246 5.2952
5.1950 4.5938
6.5121 4.6770
5.1658 4.2674
-7.8217 3.5808
1.8545 5.2570
6.1945 6.7307
2.9954 4.6536
5.0598 5.0581
5.1917 6.2430
3.3290 2.3618
4.6452 5.1076
3.0885 2.8596
4.6719 3.8698
5.1794 5.1249
5.1933 3.4675
5.0364 4.5959
5.2055 2.4195
-7.9095 -7.7585
5.2196 6.7002
5.3900 4.7062
5.2337 4.6660
5.7331 4.4636
2.8544 4.7296
2.3496 4.6933
4.6240 2.8380
4.7319 5.1118
3.9234 5.1826
5.0940 4.7137
2.8014 4.7128
3.9506 5.1153
-7.9785 4.6615
4.7104 5.0999
5.6121 3.6409
5.5951 5.1941
2.0981 5.9014
3.6855 5.4386
3.0628 5.0158
2.9335 5.0299
5.6865 5.1631
5.1831 5.1539
3.4972 5.1185
4.6855 3.2888
5.0523 5.1519
1.9073 3.2385
5.2528 5.1605
5.1686 4.6698
5.9365 4.6335
5.5269 3.6595
4.6994 5.1950
5.0835 5.2024
5.9485 3.9352
2.7164 3.4284
2.7173 5.0836
3.0817 4.7222
4.7258 6.1520
4.7541 4.1065
6.2758 5.0424
4.0370 3.4450
4.6506 2.5247
3.0742 4.9741
4.7071 4.6492
3.8478 2.2858
3.8402 5.2927
4.7057 4.7175
4.9786 3.4683
-7.6968 5.2426
2.5346 4.6767
3.0979 3.2345
4.6965 7.1489
3.1812 5.1023
3.3186 5.1920
3.7766 4.7249
5.1012 5.1854
4.0665 5.2001
4.6805 6.7610
4.6073 4.5395
5.5597 6.0070
5.2261 2.3673
3.9176 2.7114
4.6954 6.0115
3.1148 4.4184
4.0236 4.2071
4.7027 5.1327
3.5292 5.0961
2.0085 3.2800
5.7111 5.8343
6.8147 5.0633
4.6501 5.1301
4.7610 4.6944
5.2226 5.2687
2.0651 4.6522
5.2718 3.0164
4.7076 4.6709
5.7216 4.6374
3.4916 2.3803
5.3658 5.0110
5.1324 -7.6973
-7.6266 5.1038
2.8279 5.1926
5.0961 4.6856
2.3777 5.0712
5.1392 4.9533
3.5188 5.1192
2.8274 2.6321
2.5473 2.9862
5.1265 3.0968
5.1142 4.1758
4.6902 4.6869
5.2412 5.1384
5.4602 5.1049
3.6959 4.8795
5.2059 5.1784
5.1410 4.6900
4.7084 4.7352
5.0903 5.0382
3.1629 4.6862
4.8283 5.0421
4.6326 4.7111
4.7718 2.1450
2.6886 5.1226
2.6392 5.1108
3.0110 7.2658
5.1694 5.0836
2.7739 3.2918
5.1474 3.7268
5.3920 4.7007
3.3711 4.9638
4.7065 6.9367
5.0732 2.5712
2.4825 2.0233
5.0816 5.6860
2.9084 4.6753
2.8562 5.2007
2.5021 1.9485
4.6454 2.7653
3.0884 3.9754
5.1846 5.1498
3.1550 4.6615
5.0524 5.0735
4.5639 5.2076
4.6855 4.6182
4.6589 3.2373
4.6639 4.7555
5.1712 5.2092
5.0865 5.0371
5.0803 3.2229
3.7564 2.2765
4.7087 5.2417
3.7619 5.0728
3.1991 -7.6674
5.1445 4.6511
4.6779 4.6978
3.8131 5.0947
5.1543 4.6934
3.8335 4.7887
4.6110 2.0843
4.7357 3.3617
4.6822 5.1675
5.2911 1.4052
6.7865 3.2466
3.8610 5.1111
5.1148 5.1494
3.5144 4.7076
3.2754 4.6860
5.0645 5.1565
5.0872 2.5848
6.7176 5.2804
2.9122 5.1979
4.6744 5.7075
3.3261 5.1125
5.1187 4.0653
4.6632 4.6469
3.0663 4.6932
-7.7632 3.6813
4.7087 5.1515
5.0506 3.1778
5.1914 -7.6186
4.7484 5.1200
5.0766 3.1414
5.0598 2.3582
3.4697 4.6551
5.1265 4.9984
2.4292 2.8832
4.1825 3.1778
4.6841 3.1300
5.1094 4.6470
5.7956 2.3231
5.5461 2.4774
4.5052 4.6704
2.7955 5.8679
5.1094 3.3346
4.1637 2.8848
2.4020 6.1833
3.0906 5.1521
4.6419 3.4920
3.0469 4.9461
5.0801 2.9834
4.6829 2.2905
2.2004 3.6238
7.0354 3.5958
4.1925 5.2012
4.6679 4.7057
5.1164 3.2501
5.0915 4.6156
-7.8077 5.0090
4.7021 4.9986
4.7181 4.6962
4.6746 2.9682
5.5962 6.4046
3.2081 4.7033
5.1564 4.6833
5.0784 4.2585
4.6074 5.1147
2.7175 5.1397
4.8967 3.5825
2.7505 4.7507
-7.9944 5.1538
5.0749 3.7595
4.7241 5.1056
-7.6557 3.2881
3.1567 5.1637
5.1278 6.1182
3.9433 5.0571
5.0994 3.0862
4.6886 5.1532
4.3665 4.7176
5.1895 5.1252
3.4926 2.6141
4.6054 6.5241
2.9530 5.1724
4.7422 -7.4432
2.4617 4.6492
5.0936 5.0783
4.6622 -7.6754
-7.9016 3.6511
4.7049 3.7957
5.1017 3.5006
3.0237 5.1233
5.0528 5.0976
5.1673 5.1787
5.0520 5.1239
5.2307 4.7964
5.0978 4.9603
3.4212 4.2721
5.1308 1.7986
5.2752 3.1371
5.3349 5.0271
3.3723 5.1824
3.6093 3.2636
4.7698 5.7876
5.1129 2.8204
5.7943 3.5721
4.6822 5.0931
5.0505 4.6695
5.1346 3.3162
4.7660 4.0029
7.5620 4.6861
3.4758 5.0666
3.2596 2.8120
2.8157 3.5018
5.6144 -7.6684
4.6321 6.8244
4.7035 4.7170
5.1562 5.0592
4.7651 3.4701
5.0859 5.0080
2.6875 5.1391
2.3654 2.8366
3.3583 4.6735
5.0226 5.1374
4.9828 2.3163
5.0764 4.6736
2.2349 4.6523
6.4112 4.4495
3.8372 4.6048
6.1748 5.2085
3.4130 5.1939
3.5505 3.7606
5.0728 4.6263
5.0658 5.1581
5.1432 3.4149
5.0162 4.2873
6.2316 2.3994
3.1693 5.0406
4.6483 2.0837
4.7270 3.4797
5.0295 5.1699
3.1403 3.2496
5.3109 4.7255
5.1718 4.6814
4.6333 5.1058
4.7031 3.3798
3.3551 3.2425
4.6711 5.2465
5.1201 5.0680
5.1667 4.6834
5.1783 5.9459
5.0906 3.2034
3.3219 4.6502
5.1007 4.6852
5.0961 4.6705
4.6909 6.2009
-7.8336 4.9032
4.7876 5.0135
4.6189 -7.7758
6.8403 4.0298
4.6564 6.5329
5.0260 7.3316
4.6419 4.7979
3.5815 3.6162
5.1138 3.0416
5.0930 5.5392
4.6797 -7.8922
4.0312 4.7212
4.6643 6.7200
5.9123 5.1026
4.6790 4.6912
3.4376 5.2079
3.5997 4.5350
3.0478 4.6571
4.5819 6.1007
4.0490 4.7114
5.0934 5.1760
2.0536 4.9775
5.2916 5.1747
4.6192 5.0340
4.2718 4.6686
3.1087 4.6766
5.1233 3.5200
4.6680 5.1300
5.0362 4.3573
4.6949 2.9321
2.9258 4.6730
5.0060 6.3899
5.1565 5.1297
5.5420 2.3969
5.0769 5.1806
4.6914 2.2895
5.1232 2.7031
4.6533 3.2751
4.9729 5.0450
3.7398 2.5942
5.1408 4.7002
4.6270 4.7287
5.4994 5.0909
4.6711 4.6899
5.1170 4.6996
5.0456 4.6963
2.6263 5.0822
-7.7178 4.6695
4.9705 3.1158
5.1328 2.8753
-7.5600 5.1134
2.7747 3.1444
3.5193 5.1206
4.7249 2.0375
3.8591 4.6441
5.2602 7.4393
4.7193 5.6440
5.1937 4.9911
5.1920 4.5499
5.2047 4.6770
5.1254 2.9058
4.9892 5.1777
5.0673 5.1824
3.3212 4.6613
5.0657 5.2899
4.6418 5.0623
3.7118 5.0420
4.9740 2.2955
5.2751 5.0366
5.1285 5.0842
7.1089 5.1979
4.8150 4.7053
4.3126 3.4586
2.6342 4.6990
4.6867 2.9471
3.3461 4.4205
5.2378 5.0049
2.6129 -7.7771
4.6531 5.0296
5.1336 5.1101
5.1457 1.9937
4.8048 4.2808
7.4141 5.0101
5.7957 4.6476
3.4722 6.1917
4.7380 2.3007
2.4997 4.6268
4.7142 4.6223
5.0225 6.2847
2.9281 5.1022
5.2409 4.7265
2.7128 5.2135
4.7372 2.5426
5.0958 5.1940
-8.0321 5.1960
5.1459 6.4299
4.6419 4.7358
2.6702 3.7029
-7.8051 5.1540
5.1253 8.5326
4.6994 4.7940
3.5172 4.6410
4.6808 4.6979
4.7336 5.7634
5.1080 4.7273
5.1839 4.6894
5.0460 5.1138
4.7053 5.0687
4.6852 7.5205
5.1085 4.7069
5.0462 4.3381
4.3287 -7.8730
3.0184 4.6701
4.7056 5.0977
4.6593 5.1435
5.1033 5.1459
4.7429 2.6717
5.1708 4.1285
3.6302 2.7242
3.0955 5.2651
7.5147 4.6299
4.6883 3.0200
7.3278 5.1557
4.1238 4.6425
3.3600 5.0757
5.0658 2.9836
5.1062 -8.2086
-7.9060 4.6579
4.5607 5.1472
4.9641 3.0984
5.2224 4.6731
4.6387 2.7482
4.6480 4.6823
4.0209 4.7380
2.3167 4.2654
3.4169 2.8890
5.1096 5.1349
-7.7056 5.2269
5.0172 5.0257
5.2691 5.1732
4.8011 3.0468
5.1679 4.1559
3.8763 2.9262
4.7020 2.5988
4.7105 5.4487
5.0244 5.0246
4.5660 2.8797
4.6511 1.9171
5.0596 -7.9851
5.2438 7.3529
5.1835 4.6264
4.6980 4.5796
3.9418 4.5739
4.7220 5.0760
4.9968 5.1025
4.6165 4.3495
4.7427 5.6977
4.7128 5.1332
5.1649 5.5816
5.1220 4.7178
3.4734 4.6658
2.1444 5.1702
6.9994 3.9424
4.7147 4.6109
5.0871 4.5853
4.7182 5.0977
5.9700 4.7192
4.8639 4.3490
5.0370 5.1089
5.0535 5.1040
6.1543 5.0579
6.2337 4.7438
4.6702 3.5284
5.0363 4.6494
4.6879 2.4415
3.1790 4.7691
2.0925 5.1151
7.0348 3.9400
6.4440 2.8772
5.0323 3.4533
5.0194 -7.8684
4.7517 5.2380
5.1850 5.9634
5.1294 3.3860
4.7247 4.7250
5.2217 5.1907
2.5348 5.0736
5.0363 2.9977
3.6311 2.9129
2.4608 2.3960
4.0664 3.2129
3.8403 5.1294
-7.9877 4.0302
4.6968 4.6263
4.7277 5.3137
5.1226 4.6659
3.2164 5.2585
5.1658 5.1151
5.1608 4.6109
5.0954 2.4643
2.5117 3.6448
4.6826 5.1414
5.1352 4.0187
5.1884 5.1834
2.7503 5.0834
3.4183 2.2900
5.1317 5.1390
3.0646 5.1759
4.7276 5.1686
4.9105 3.8345
3.7830 3.0091
4.7382 5.1611
4.6642 4.9680
7.4678 5.1888
4.6704 4.0140
5.0176 4.6422
5.1508 4.6936
4.6521 4.6353
3.4241 4.5560
3.3232 5.2950
2.7655 3.2078
6.4270 5.1503
2.1633 4.4776
5.2165 5.1090
4.6189 3.6370
5.1085 5.1217
2.8053 2.4357
5.1490 5.2204
5.1464 5.0737
4.6580 4.7489
5.0559 5.0910
5.0396 4.7656
4.6836 4.6556
5.1160 5.1070
2.6661 4.5981
-7.9196 5.0898
4.6553 5.1949
6.1135 5.2241
3.1731 5.0740
5.0544 -7.7774
4.7053 5.7684
5.5974 5.3665
5.1858 4.5518
5.0503 4.1059
4.7407 5.1100
5.1259 5.0905
5.8307 -7.3637
4.8178 5.2185
3.1848 3.1049
4.0941 3.0325
5.1784 3.7749
5.2841 4.7092
3.8892 5.6917
4.6049 5.0292
6.5806 6.4363
2.5883 5.1256
2.3285 4.6712
-7.7890 4.6952
2.7196 5.0971
5.9890 5.1356
4.6312 4.7464
5.0916 4.7131
2.3012 4.6949
5.0968 1.8428
4.6281 4.6844
0.9363 4.7065
-7.7632 5.1915
3.5943 4.6478
5.0998 4.6608
3.6585 5.1454
4.6983 2.9468
4.6384 5.1182
-7.7417 4.6889
2.9694 6.6572
5.2986 2.1587
5.2113 5.1485
-7.5729 4.6101
4.6620 4.6461
2.9320 4.7208
4.6357 4.6669
4.7010 5.0447
5.1920 -7.7860
4.9695 1.8867
5.2887 5.0367
4.9917 -7.6664
5.1804 3.1953
5.1222 6.0241
4.6888 6.2288
4.6385 5.0603
4.0633 5.1260
5.0402 5.0668
5.0580 3.7784
5.1665 5.7975
3.2045 1.2469
4.7768 4.8267
4.6782 5.0234
3.8444 5.2829
2.7836 3.4667
5.1471 5.1107
3.0180 5.1596
3.0887 5.5008
4.6908 5.1553
-7.6537 5.2006
3.2730 6.3293
4.7875 3.4159
2.7215 4.6706
4.7065 5.1801
5.7650 4.6060
3.5633 3.9477
5.1239 4.9571
3.2891 5.2440
4.7309 4.6695
5.8423 2.6180
4.7309 3.5841
5.0919 4.6968
4.6496 4.6120
-7.7588 5.1176
5.1805 5.0867
4.6436 1.9015
4.6513 -7.8665
4.6570 5.5635
4.6461 5.4851
4.6926 5.0139
5.1471 2.7947
5.9359 4.6055
4.6843 -7.8137
4.7267 5.0870
5.0019 5.0150
4.7001 -7.7182
4.6438 -7.6469
2.1541 5.2099
5.1661 5.9663
4.6875 5.0037
4.7169 5.1831
5.1371 4.7193
4.6045 4.6871
2.7827 2.4001
6.2366 5.1325
2.8723 4.3299
1.6406 5.8776
4.9725 7.1758
3.8500 3.6117
2.9859 4.6666
6.2945 4.6606
2.3156 5.0024
1.8184 5.7259
5.2314 4.6592
1.7093 2.8926
4.6596 5.1272
4.6451 4.6661
3.3463 3.2681
4.7536 4.5020
3.2381 3.8664
5.2789 2.6823
5.1010 5.1395
4.1896 -8.0540
-7.8098 3.3014
3.8193 4.6823
5.0055 -7.6968
-7.9235 5.1057
4.9725 3.3278
3.2384 5.2280
4.6735 4.6156
4.6821 2.2595
4.7099 4.6861
4.7846 5.0172
5.2588 4.7036
4.6389 2.8228
5.1915 4.4744
6.2741 4.1379
4.7223 4.6139
3.2954 5.7795
4.7255 4.6481
2.9251 3.8310
4.6735 4.6756
4.7562 3.7438
4.7258 5.1672
4.6765 4.6706
4.6950 5.1770
2.6424 5.2761
2.7365 5.0751
3.2762 7.1226
5.3112 5.1144
4.1027 2.8109
5.0600 4.7342
3.5577 5.1064
3.2377 4.3777
1.6459 5.1096
3.4795 5.0501
5.2747 2.0530
5.8691 4.7220
5.1028 4.7149
4.6783 4.9989
5.1375 -7.8923
5.1394 3.2718
5.1802 4.7364
4.9613 3.0919
5.0662 3.7064
5.0831 5.0815
5.0218 5.1823
4.6356 5.1173
4.6560 3.4138
5.0072 4.6304
5.0747 5.7795
4.6982 2.7059
5.1002 3.1649
4.6927 4.6404
5.2675 4.6594
5.2012 5.3370
3.5195 5.0360
-7.7327 4.0038
6.0132 5.3812
5.1038 5.1949
4.7124 4.5954
4.7030 5.2546
4.7145 5.1859
2.2383 2.9572
5.1709 4.6830
4.6031 5.2380
5.2135 5.1887
4.6660 4.7418
5.1725 5.0149
3.0935 3.3028
5.2386 3.1943
4.7292 3.5761
2.7166 6.6390
3.2719 5.1577
3.3347 6.7793
2.9381 5.1588
4.6918 5.0716
4.6309 5.1763
-7.8983 7.6618
4.6723 3.5099
4.7266 5.0164
5.0450 3.4700
5.0964 4.9033
5.1628 3.8332
5.0636 3.8206
5.0186 4.7638
4.9907 2.7502
5.2221 4.9596
5.3462 5.1932
4.6936 2.9477
5.0650 4.6739
4.1865 4.6608
6.6107 2.7295
3.0054 5.0664
4.4624 4.9835
3.9134 4.7116
5.0861 5.1968
5.1938 5.0929
4.6768 3.7287
4.7187 5.1243
-7.9326 4.6839
4.5932 5.0645
5.0463 4.6427
6.1895 3.8375
4.7725 3.9226
4.7161 3.4092
7.0038 5.1797
4.7000 4.0369
3.4100 5.6808
4.7498 5.1118
6.6875 4.7226
4.2973 5.1447
4.7426 4.7195
5.8000 3.1549
6.1242 5.1412
4.3018 2.5991
6.6203 5.0455
6.7619 3.3254
2.8865 4.7400
3.0159 5.0902
3.7595 2.3231
3.3256 4.7692
5.1376 4.0135
4.6978 4.6710
1.8183 4.6983
4.8595 5.1321
5.0731 3.7727
-8.2446 5.1111
5.1611 3.6845
5.0261 6.8005
3.8679 4.6818
2.5897 5.1047
3.7913 4.6736
4.6685 4.6763
5.1552 3.5203
4.7118 3.2947
5.1742 4.7198
5.1380 4.6662
4.7167 3.9370
2.5266 4.6661
4.6880 2.6937
5.1180 3.2176
5.1850 2.2482
2.0556 5.0408
4.5018 5.0709
5.9763 3.6183
6.3738 4.6949
5.0746 5.2197
5.0188 4.7139
5.2467 3.3199
5.2032 4.7370
5.1657 -7.6413
-7.8249 5.1289
5.1200 5.1682
5.1436 5.1105
5.0842 5.7887
4.6435 5.1509
3.4222 7.2767
4.6786 6.4106
5.1712 3.4890
4.2236 5.0278
5.1518 2.3578
2.3134 5.5962
5.0757 3.4468
3.1505 4.7436
4.6013 5.1001
4.5907 5.0542
4.6368 5.1987
4.6796 2.4464
2.2352 6.0171
5.0425 4.7002
2.5326 4.5147
4.6660 5.1079
5.1403 3.3671
-7.6261 5.1216
2.9572 4.6886
5.0558 5.1172
4.7022 2.5129
5.1215 4.6512
5.1052 5.5726
5.1666 5.0302
2.3409 4.7115
5.4464 6.1192
4.9975 2.6037
5.2855 4.6626
6.5624 6.0874
4.7169 2.4558
6.0703 5.1282
2.8777 3.9087
3.4264 5.1510
5.2643 4.6810
4.6338 3.8456
7.1411 -8.0653
4.7770 5.3533
6.7651 5.2315
4.6677 3.5532
6.1043 1.9027
5.4042 3.9409
5.0478 3.9618
5.1194 6.3885
4.3444 4.7071
2.7966 4.5924
5.2379 2.5940
4.7204 5.1535
5.1242 4.7054
2.3234 3.7401
5.0339 3.4386
3.6130 1.7593
2.3699 3.0630
3.8698 3.7381
6.2770 4.5984
5.1973 3.0856
5.2774 5.1155
3.1194 4.6905
3.4269 5.0701
4.6299 4.7085
5.1608 3.5303
4.0111 4.6771
6.5796 2.8596
4.7058 4.6206
4.7666 4.5891
5.7989 4.7735
2.9923 4.9400
5.0191 -8.0928
2.6256 5.1479
3.0047 5.6720
3.6234 5.5219
5.4854 -7.6389
3.0507 5.1382
3.0590 5.1247
4.6921 4.6693
4.6906 5.6184
5.2699 4.6609
5.1513 4.6424
4.1715 3.1768
2.0618 5.0516
5.0981 4.5058
2.5309 5.1415
4.5223 4.6255
4.8417 6.1783
5.0162 4.9433
2.8761 4.6050
5.7678 -7.8802
5.0426 6.9687
6.7356 3.6418
2.7904 3.1960
2.5213 5.1325
4.9194 5.1991
2.1615 5.1768
5.4285 3.8392
5.2867 2.7790
5.0211 -7.6680
4.6679 5.2349
4.7191 3.5533
2.2888 5.0286
5.0321 5.0259
2.8243 3.0689
4.6084 -7.4904
2.5427 5.4987
5.1137 6.4560
2.7294 4.7560
4.6444 5.4917
5.0807 2.7021
5.1310 5.9268
5.0731 4.7094
4.0243 5.1151
3.8266 4.6327
5.2189 4.7063
5.1278 4.6602
5.1391 5.1604
4.7086 4.6645
3.6643 5.0824
2.4025 1.9702
5.1010 4.8848
5.1107 4.6367
3.8928 5.5248
5.1419 5.4568
4.7698 5.0688
3.1397 5.0873
4.6234 3.5529
4.0004 5.1701
5.1729 5.1102
5.1073 3.2431
5.1849 5.1162
2.9134 5.0880
5.3883 4.6825
2.8085 5.0752
4.6708 5.0840
5.2128 2.8205
3.5076 5.0358
3.2605 3.1962
4.1526 3.4365
5.0778 4.9867
5.2825 5.2654
5.0808 5.1382
4.6371 6.5254
5.0086 3.3237
5.8618 4.6266
-8.0651 3.9168
5.1528 2.7886
3.1696 5.0858
4.9981 4.9370
5.1626 4.6951
4.6929 2.8625
3.4796 4.6611
4.6433 5.1135
5.0950 4.2947
5.1474 2.9328
-7.3559 5.1461
5.1070 6.7396
5.1191 -7.9229
4.6529 5.1207
5.0719 7.8168
5.1019 5.1417
4.6216 3.4082
4.6754 3.4214
5.1892 4.2986
4.6275 5.1905
4.7052 5.1731
2.9947 3.7106
5.0694 3.5904
5.1814 4.9680
2.9349 3.1014
4.9992 4.8160
3.3291 4.7127
4.6579 4.7786
2.5358 4.6400
3.4292 3.1407
5.1066 4.6623
5.1810 5.1941
3.7017 3.5136
4.5612 5.1884
1.9648 6.7734
5.9101 5.1413
5.1122 -7.8543
4.8900 3.7040
4.6099 5.2156
3.4708 4.6652
3.2875 5.2256
6.9573 5.1551
5.1686 4.6690
4.9084 3.9492
5.0222 4.6476
3.9158 6.9251
5.0154 3.3988
3.4136 4.7057
3.3364 4.6887
4.6705 4.6568
4.2171 4.9797
5.4856 5.1078
5.0519 5.1315
4.6792 4.7210
5.0940 4.6767
5.0671 5.1051
6.2498 3.2854
3.2745 5.2074
2.8249 5.1741
3.8514 5.0576
-7.8844 2.9621
-7.6126 4.7011
5.1643 5.1432
4.6937 3.6411
5.1580 3.4347
5.1107 5.1328
5.0396 4.5366
2.2812 4.0461
5.0125 5.0188
5.0551 3.1108
6.0109 -7.9052
-7.8979 3.2286
4.7337 3.0613
4.2189 5.2049
4.5965 4.6940
2.6646 3.9639
4.7177 5.0848
-8.0386 5.0404
2.8711 4.6682
3.3163 4.0375
2.8652 2.2293
5.1027 4.7332
5.2016 7.1984
5.1682 4.6593
4.6841 5.0595
5.1628 4.6937
4.1899 5.5304
4.7216 4.1209
5.1564 5.2247
5.2321 5.2187
2.9003 5.0008
4.6710 -7.5175
5.0231 4.7323
4.9269 -8.0887
4.6848 4.6548
5.2404 2.5310
5.1279 4.7606
4.6736 -7.9620
3.4701 6.1431
2.6120 4.6975
4.7597 1.7995
4.0727 4.0369
4.3633 5.1716
5.0427 3.0508
4.7196 3.5729
5.1452 3.7874
5.0813 4.9196
2.6884 2.1325
5.1670 3.6942
4.6754 3.4766
3.7573 5.1157
5.0446 5.0638
6.7840 4.6617
5.1768 5.1273
4.6547 4.2166
2.3243 3.5872
6.2824 5.1040
5.0767 3.0606
5.1111 3.5937
5.5477 5.6563
4.6691 2.5483
6.9668 2.9929
5.1041 5.1253
5.1931 5.2492
5.0922 5.0948
5.0994 4.9449
3.0770 3.6998
4.6954 4.1315
4.1246 3.9928
4.3773 5.1593
4.6981 4.6765
5.1291 4.6596
5.0335 4.4028
4.6230 2.8597
5.7606 4.7078
3.5901 3.3696
5.1392 5.2115
5.2042 5.0579
5.1971 4.7243
4.7115 4.7013
3.5117 3.4214
2.8197 4.8035
5.1277 2.3122
3.9477 -7.7658
2.6599 4.7192
5.1187 6.0557
5.2883 5.2104
5.1517 3.3849
3.0726 4.5942
3.6570 4.6315
5.1250 4.6192
3.5142 -7.9534
3.2045 5.7743
4.6464 4.6436
5.1261 2.4971
3.8901 3.5668
5.2548 5.0671
3.5359 4.6236
6.6880 2.4680
5.1487 3.3147
5.1768 3.3267
4.7320 -7.8239
6.0691 4.7007
4.6700 5.7692
2.8623 5.2022
6.2870 2.4980
5.3439 3.9653
2.5433 3.4424
-7.7468 4.6562
2.8224 5.1435
2.9874 2.4608
5.0646 -8.0264
3.3446 5.0143
2.8354 2.7394
4.0402 2.4948
2.1836 2.8226
5.0560 2.8914
5.0895 4.7474
-7.8722 5.1404
1.7832 5.1790
5.0977 4.9823
4.6352 4.5497
2.6811 3.4270
5.0937 2.3267
2.3912 5.6230
5.8170 5.0684
5.0754 4.1583
3.8846 2.9171
3.0493 -7.6529
4.3115 4.6023
5.2306 -7.6690
4.6061 3.8707
6.5824 5.1509
3.6849 5.1516
3.5253 4.2032
5.0529 7.0077
-8.0599 3.0803
4.7722 5.0805
5.0888 4.5969
2.4665 2.5345
4.6795 4.6946
3.3322 5.1425
4.7273 5.1097
-7.6907 5.0811
4.6581 3.0438
4.6320 5.0533
5.0946 6.0522
5.2948 5.0428
4.6986 6.5687
5.1935 7.2615
5.1050 5.0953
5.0570 4.7053
5.1028 5.2271
5.1015 4.7434
5.0799 5.0736
5.0807 2.9681
3.2786 3.2578
5.8222 5.1545
6.1416 5.1916
7.5813 5.2008
5.1064 4.5084
3.3614 3.8146
3.1467 4.6893
4.6526 4.7150
5.1286 -7.8094
4.6675 3.9125
1.6977 5.1835
5.0746 4.6766
5.1123 5.0636
4.6343 5.2581
5.0846 4.6480
5.0364 5.1367
6.6422 3.4521
4.9360 2.8383
3.6403 5.0254
3.8019 4.6437
4.6653 5.7423
5.2348 5.2218
5.1002 6.0795
4.7074 -7.8169
5.1670 5.0718
4.5920 4.7155
4.6645 2.8168
4.6563 4.0727
4.6109 3.7602
4.6731 5.1752
5.0136 2.9060
1.2534 5.0981
4.6903 5.1524
5.2826 2.0978
4.5978 4.6608
5.2238 4.6247
4.6849 4.6529
5.0557 5.3445
5.0977 6.0725
5.2497 5.2672
4.6133 5.1648
3.3354 5.0979
6.8379 5.0427
4.6919 6.6259
4.7373 4.6652
3.0384 3.2779
5.2248 3.0655
2.8660 5.0668
4.6897 5.1625
4.9449 5.1083
4.6833 4.6920
1.7876 6.1083
5.1124 5.1412
2.9562 4.6349
3.2618 3.5156
2.3911 5.0476
5.1676 4.6961
3.6099 4.7679
6.7510 3.6544
5.0932 6.4124
5.1181 4.6547
3.9412 5.0469
4.6843 4.0052
5.2094 4.6453
6.6226 5.0345
-7.8366 5.1728
5.1412 4.9655
6.9918 5.8046
3.0056 4.6741
4.6740 4.7015
4.0782 4.6837
5.0058 3.8156
5.1433 3.2064
3.8567 2.7702
5.2224 6.2498
3.4801 2.2345
-7.9549 5.0832
5.0510 5.8835
2.7282 5.5851
4.9709 3.2565
4.5048 4.6796
5.2208 2.6096
4.6749 -7.6746
4.6624 4.6832
4.0283 4.7193
5.7120 3.5094
5.1154 4.9763
3.3933 4.6570
5.9697 4.8670
4.7676 1.7315
4.6758 3.5428
2.2155 5.2738
2.7896 3.1933
5.1674 3.2508
5.0787 -8.2008
4.6767 3.7051
1.9660 5.2566
3.5309 4.7428
5.0826 -7.8562
4.6860 5.1033
5.0042 4.6563
5.1156 6.1695
4.7069 3.8259
2.8939 5.0452
2.4812 5.0894
5.1754 3.0407
-7.9732 4.6621
4.6656 2.8476
5.0673 5.2739
3.4182 5.0764
5.1828 2.8938
5.1451 2.0730
2.4239 5.1534
2.9422 4.9482
4.7219 2.9551
4.6785 5.1767
4.4915 5.1038
2.5171 3.6340
5.3550 2.4296
5.2874 5.0318
4.6240 4.6037
4.6065 5.2493
7.0478 4.9103
5.0808 5.0503
4.7618 3.4942
5.1285 5.0157
5.5310 4.6287
3.3731 3.0524
5.2025 6.7945
1.9747 4.7737
4.5935 5.1299
5.1799 5.1182
4.7229 4.6769
4.6567 4.7186
5.0445 5.9555
5.2953 1.8165
3.5259 2.5806
5.0897 5.8634
3.5598 5.0772
-7.7919 3.3231
4.5458 4.7199
4.6670 5.2243
3.5412 5.1043
5.1469 4.6502
5.1246 4.6527
4.5951 5.1826
5.1775 5.0852
4.3705 6.6275
5.5306 5.1102
5.0560 4.6707
5.2038 4.6197
2.1606 4.6826
5.2289 3.2903
5.1251 4.7410
-7.8234 2.9828
3.4634 4.7070
4.7032 -7.8019
4.6541 4.6689
5.1097 5.1579
5.1343 5.0856
4.7010 4.6631
5.1343 5.1552
5.5027 4.6375
5.0043 4.7191
-7.7484 5.0941
3.9500 3.8778
4.0487 3.4887
5.1604 2.9624
3.5059 2.8610
4.7036 3.5775
5.2081 4.7406
4.6168 4.9588
4.7225 5.1885
3.2048 2.5927
4.6640 2.8347
5.1990 5.1864
2.8665 4.6859
3.2883 5.0498
3.2570 5.1838
5.0914 4.7688
5.1671 4.7146
5.1910 4.5904
5.2313 5.1212
3.0967 5.3285
6.1914 1.4587
4.2772 6.8979
3.8184 2.5755
5.1062 4.6821
3.0074 4.9487
5.1350 4.7285
5.0741 5.5960
4.7283 2.5511
4.6511 4.6845
5.0795 5.2675
4.6591 5.9711
3.9534 -7.8032
3.8418 5.0340
5.0846 2.2555
4.9251 5.1607
5.9325 6.7970
5.1327 3.3506
4.3528 3.9083
6.3829 5.2886
5.2989 3.8504
4.6673 4.8225
3.0689 -7.9876
2.5697 4.5111
5.9192 -7.7564
2.7348 4.6877
5.0442 4.9794
5.1642 5.0853
6.1890 2.0507
5.1696 5.1269
2.0832 4.9808
2.9750 5.1428
4.6692 5.1381
2.6886 4.6740
5.1467 4.2537
4.6770 5.1636
5.3956 5.0671
4.7473 5.0653
5.1067 4.6010
5.1008 5.0967
-7.6223 4.6894
5.1270 -7.7500
5.1351 4.6268
4.5194 3.4388
2.7078 5.4086
2.3659 6.3221
5.1076 5.1193
3.2122 5.0499
4.6790 5.0520
3.8906 3.9607
3.1251 5.6431
2.8471 5.1053
5.0832 2.5662
4.5468 5.1150
5.1551 6.3047
4.7210 5.1297
2.4352 4.6409
5.1680 4.6484
4.6513 5.8881
4.7022 2.5199
5.0187 4.6313
6.5232 5.4804
5.1339 5.1627
5.1464 5.0779
5.1672 5.1382
4.6830 5.0881
4.5582 4.7109
4.7383 6.9489
4.9898 6.1942
5.0598 2.1879
4.6504 3.4133
4.6710 2.1020
2.3513 2.7117
3.4397 5.0762
5.1557 5.1297
4.0815 5.4007
4.7210 3.2790
4.6636 5.7404
4.2087 3.2139
4.6150 5.1598
5.1184 4.8614
2.8798 4.6744
2.3681 5.3045
4.9756 5.0595
1.7441 4.9941
5.0766 5.2115
5.2679 3.4724
2.2561 4.9833
3.4439 3.1180
4.7340 5.0977
5.1048 4.6413
5.1567 3.0339
4.6344 5.1530
1.0124 2.6277
5.1045 5.0320
3.2167 5.1167
4.6976 3.9130
3.2744 5.0308
3.8478 5.0267
2.5032 5.0629
5.0438 6.6034
4.6837 -7.8976
5.5421 5.0845
5.0140 5.2025
5.0370 3.1788
3.9363 4.7095
3.5098 5.0434
5.1579 5.1112
4.6647 4.6629
5.1595 5.1797
4.6700 3.0744
5.0366 3.8761
5.0764 -7.6861
4.6491 5.1697
5.1243 3.0826
2.7908 2.7919
4.9996 5.1227
5.1948 5.1889
2.5546 2.6448
5.1375 5.2176
4.6951 5.1443
4.6341 4.5742
6.3650 4.5955
3.6654 4.6849
2.8430 4.6662
4.7396 4.7043
5.1160 3.7936
5.0308 5.2821
5.2030 5.1109
4.6604 3.2179
5.1183 4.7042
4.7522 2.7407
4.7026 5.5814
4.0079 5.1437
5.1729 5.0043
4.6809 5.2478
3.3007 4.7450
5.1002 4.7126
5.0279 2.9120
4.3419 4.7530
4.6222 5.2640
2.8175 5.1058
2.3558 5.1355
2.7342 5.1472
2.5663 4.6689
4.7455 5.0055
3.2443 5.1242
5.0962 5.1104
6.2667 3.1275
5.5182 4.9784
1.8002 5.0631
5.0821 5.0790
6.9901 4.9898
5.1011 3.0234
5.0895 4.7112
4.5958 5.0757
4.6699 3.1463
4.0440 5.1591
-7.7787 5.0495
4.0729 7.3477
3.2430 4.7698
4.2073 5.1867
5.9778 4.6575
5.0576 -7.8572
2.8642 2.1087
4.7025 3.5139
5.1946 5.1142
4.6031 6.2331
5.1564 5.0849
4.6596 6.7068
5.1513 2.4185
3.4978 4.6471
2.8802 5.1444
4.6063 4.6921
4.6673 5.0761
2.6033 4.6854
5.0598 3.3916
5.2201 5.1433
6.2203 5.3512
2.3745 2.4541
5.2122 5.8727
5.5002 3.9049
5.5786 4.7272
4.7104 5.2256
5.1322 4.9563
6.6063 -7.8588
4.6721 3.0286
5.0955 5.2009
4.7136 3.4166
2.7031 4.6628
4.6548 4.6611
5.1286 3.5665
4.4522 5.1051
5.0273 5.3402
3.3051 3.6158
2.8874 4.7152
4.6665 2.4613
-7.9310 -7.8469
4.7159 4.6107
3.0907 2.8741
5.1403 5.1174
4.7224 5.1046
5.5956 5.2063
5.0770 5.1012
5.0551 4.6389
5.1722 2.5872
5.0743 5.0094
5.0145 -7.9758
3.1678 3.5980
4.7241 5.0634
5.0845 5.1693
5.0864 5.2718
5.0625 -7.7686
2.8284 5.1077
5.1488 5.2538
4.6560 4.7071
5.2327 4.6387
6.9667 3.5682
6.1112 5.0368
4.6716 5.0175
5.1838 5.1237
4.9812 2.6520
3.1945 3.7587
3.7194 1.7798
3.9142 3.2082
3.4099 5.0607
4.6595 6.3793
3.0844 -7.5545
5.1390 5.1641
2.7612 4.6522
3.3035 5.1701
4.0575 5.0555
-7.7282 -8.0460
4.5366 1.9204
5.1056 5.1088
3.3918 4.1225
4.6536 2.3222
5.1671 2.8767
5.1381 2.9286
3.6120 4.6649
2.8137 5.0799
4.6412 5.1696
5.0178 5.0519
4.7211 5.2053
4.6566 5.1967
3.5300 4.0447
2.9123 2.8826
4.6467 2.7456
4.6959 4.6740
3.9472 5.3816
4.7649 6.2469
4.4379 2.7002
2.8954 3.8486
5.1752 5.0239
3.6691 2.6811
4.7110 2.7755
-8.1635 4.6952
4.6803 5.2242
-7.5848 5.2956
4.1444 2.3494
-7.8427 5.2019
4.7100 5.1880
4.8542 4.0496
5.7846 4.6763
5.0661 5.1151
4.9721 5.1699
4.5262 4.6957
5.1822 6.0897
2.8294 -7.7073
4.6477 3.2795
4.9970 5.9627
5.9999 4.7058
5.8864 3.9470
2.6474 4.7077
5.2100 2.4130
-7.9076 1.9749
3.8584 5.0265
5.0840 5.7418
5.0559 3.5809
5.2640 5.0852
4.9598 5.1437
4.5739 5.1322
3.1213 5.1618
4.7140 4.6577
6.3410 4.6325
5.0508 5.3398
3.4972 2.4033
4.6741 3.1873
5.1037 5.1725
5.2333 4.6582
3.4082 -7.6632
5.1935 5.7859
2.1424 3.2479
5.2908 2.5400
2.2893 6.6089
4.6444 3.5860
-7.8274 4.7707
3.7683 5.0491
5.1850 3.0735
5.1083 5.0625
4.6039 5.1265
4.7050 5.0907
4.7026 2.8750
5.0598 3.9207
2.3764 4.6488
2.6706 5.1035
4.4877 6.3097
3.9051 5.2033
3.9221 5.0961
5.2275 4.6362
4.9535 7.4258
4.7326 5.7264
2.7360 4.7591
5.1181 3.2115
2.3333 3.7230
2.7962 5.1366
5.6346 5.1120
5.3525 6.0675
4.5622 4.6667
5.1050 5.1564
3.0558 5.1859
4.6502 2.5458
4.7303 5.1042
5.1919 5.0852
5.1152 5.0741
5.1680 5.2465
5.1694 2.7801
3.0219 5.0380
3.5681 5.8774
5.2813 5.0893
2.7880 3.6044
3.1563 4.7926
3.7751 4.6858
5.0513 4.6095
5.0661 4.7191
3.3014 5.0524
4.6910 5.0748
3.7290 5.1452
5.1137 4.7753
4.6022 5.0852
3.1051 5.1400
1.8145 5.1087
5.1974 6.0565
5.1115 5.0702
2.8213 5.1634
-7.8941 5.0653
5.3154 4.5930
5.6441 2.7706
2.3744 3.5103
4.6969 1.7319
5.0134 3.3494
5.0574 3.8993
3.3452 5.0427
5.7863 5.0711
4.0286 1.9491
3.6700 -7.9312
5.0699 4.6315
4.7203 4.7369
5.1789 3.4329
4.6437 5.1211
4.6858 4.6529
4.6886 3.3318
5.0517 -7.7348
5.1341 4.7002
4.7046 4.6705
-7.6783 5.0954
4.6788 5.0667
5.1990 5.0385
5.0779 3.0850
5.1051 4.7389
5.4034 5.1419
5.0741 4.7222
4.3010 4.6653
2.7917 6.2806
3.4291 4.2446
5.0540 5.0784
4.6631 5.0876
3.6509 -7.9492
5.2250 5.0817
5.1952 4.7079
5.1160 5.0656
5.1070 4.6609
6.2851 3.5696
5.1170 3.2875
5.9867 5.9511
5.2127 5.0518
5.0067 3.2484
2.4371 4.6806
4.6870 2.9420
2.9087 5.0417
5.2634 6.3606
4.6252 5.0347
5.0082 5.1484
4.7089 2.7177
5.0503 3.7797
5.1271 3.0374
5.1428 5.1241
5.0991 6.4894
4.6404 4.7096
4.6733 3.0779
4.6861 -7.7452
4.6195 5.0942
4.6925 4.6816
5.1280 3.3344
4.7365 5.2793
4.6818 5.0757
4.6423 4.6915
2.0137 5.9685
5.3594 5.1461
1.7457 4.7514
4.6957 1.7917
4.7456 5.1688
5.2466 -7.7573
4.1718 3.8828
3.4530 3.2643
1.9281 5.1014
5.0096 4.0095
5.1402 4.6394
5.0697 4.6271
3.1324 5.1473
5.7184 4.6634
3.1678 5.1469
4.6509 2.5183
5.1646 5.9338
4.6468 5.1292
2.6499 3.6732
4.6647 5.9987
5.1258 5.0983
5.0503 3.3389
5.0923 5.1769
3.0148 5.4360
5.0357 5.0268
4.5316 2.7023
4.0663 2.7012
2.1494 4.7059
5.1143 4.6432
5.1262 4.6949
5.1635 5.0362
4.2087 4.7042
3.5066 3.7989
5.0316 5.1716
4.6284 5.1920
-7.9994 5.2063
6.0007 6.1458
2.4661 3.3311
5.9804 2.7244
4.6636 -7.7484
4.6876 5.4680
7.0450 5.3054
5.1996 4.6629
4.8738 2.7979
5.0943 4.7305
4.6390 3.4968
-8.1181 3.7667
4.7421 2.7192
5.1796 5.2566
5.0883 5.1351
5.1944 2.5231
3.4773 2.2334
4.7658 4.2809
4.6901 4.6017
6.0647 5.0605
3.0473 5.1153
6.6536 4.6837
5.1036 -8.0457
2.9687 5.1001
4.9649 6.6704
5.0638 2.9073
5.1364 3.0542
3.1524 3.1523
-7.7053 5.1036
4.6165 4.6762
5.1191 6.8233
5.1248 4.6595
-7.9531 5.1603
5.1733 5.1006
7.6025 2.8488
3.4789 3.2986
5.0467 2.7618
4.6314 4.7610
5.5828 2.9142
5.0477 6.2143
4.6853 3.9411
3.5268 5.1376
3.9546 5.1276
4.7178 4.0156
6.1176 3.1233
5.1012 6.1408
4.6343 4.6271
4.6695 2.9581
6.9603 3.4322
5.1459 5.0747
5.1572 4.0367
3.6647 5.0969
4.6127 5.8224
3.4438 4.7609
5.1109 5.0384
7.5758 2.6987
3.0791 5.5846
5.0972 3.9124
5.1835 4.6808
2.9854 5.0611
2.7366 5.1874
5.2034 4.7215
5.1211 -7.6373
4.6621 5.1073
4.6341 5.0328
2.8228 6.4376
4.7115 6.3057
3.3575 5.0838
7.1678 4.6563
3.9343 4.6325
2.8031 5.3017
6.4198 2.8220
5.1047 3.0987
5.4093 5.1736
4.6263 1.9318
5.2008 4.2142
5.1976 4.6926
6.5322 2.8001
4.7004 4.0141
6.4497 1.6326
6.4083 5.2211
5.1132 5.1059
4.6957 3.0510
4.6249 4.7360
5.1394 3.5040
4.6877 5.1678
5.8620 4.9905
5.1281 5.1248
5.1745 5.3151
5.2342 5.0312
2.2337 5.2211
4.5763 5.4203
4.6221 3.5308
4.6963 5.1856
4.6551 4.6186
3.9238 4.3237
5.0201 5.0847
4.6730 2.9446
5.1020 4.6473
-7.9035 5.0844
2.4043 5.0284
2.9295 3.3137
6.7961 2.7721
6.0023 4.6492
2.9727 3.1553
4.7408 3.8850
5.0821 -7.9437
5.2286 5.1072
5.6888 4.2890
5.3669 -7.7211
5.0794 2.4458
4.6784 5.0798
5.1916 3.3115
2.9843 5.5571
3.6379 4.6688
6.7546 5.0875
4.7310 4.7172
5.0666 2.3489
4.2579 -7.7252
7.5269 4.8696
5.7804 4.7233
4.5912 4.6453
4.6817 -7.6357
6.2334 5.0662
2.5433 5.2665
3.1358 4.6665
4.6678 5.7386
3.7857 5.1642
4.6545 2.3042
5.1407 5.2161
4.2751 5.0384
2.5835 -7.9884
5.1471 3.6433
6.6153 -7.7323
4.6496 5.1624
4.6519 5.1485
5.0756 5.1513
5.0936 5.1890
2.6936 4.6128
5.0933 5.1535
5.0372 3.5736
4.7385 4.6938
5.0887 2.9738
5.1047 2.5016
5.1299 5.1972
4.6140 5.1764
5.0970 2.6623
6.1239 5.1339
5.2541 4.7379
4.9832 5.8368
4.6618 2.0014
4.8212 2.9025
2.6004 4.6985
-8.0308 5.2222
2.9870 -7.9469
5.1556 4.6647
4.1770 3.7701
2.6489 -7.7183
5.3867 5.0156
5.2423 5.1627
-7.8884 5.1973
2.1567 4.5273
5.2338 5.9095
4.6373 2.6395
5.8027 2.5297
4.2705 3.5884
2.7655 2.6183
4.6733 5.2065
4.6802 4.6943
4.6624 4.6876
2.7930 3.6680
5.2149 4.7114
4.8166 3.5775
3.2053 5.1956
5.0312 4.6941
4.8235 5.0854
3.2904 5.1103
-7.3710 4.6467
5.2740 5.1697
5.1170 2.2169
-8.1050 6.1380
5.0103 5.2031
-7.8668 2.2416
4.7183 5.0345
4.6515 5.0534
4.6994 4.6354
5.1462 4.7240
5.1558 5.8152
5.1411 5.0376
3.6539 4.6556
5.1338 4.6619
2.0760 5.1329
5.0007 5.7517
2.2872 1.8708
4.7397 -7.8104
5.1284 4.7393
4.4987 5.0812
4.9831 4.3059
-8.0272 5.1898
4.8166 4.0499
2.1323 5.0962
4.7026 3.0753
5.2188 5.0770
3.4684 -7.9051
5.0125 4.6873
2.5888 3.3754
5.3381 5.3485
2.9125 2.1628
4.6242 4.5895
4.7917 2.7850
4.7356 3.0394
5.1808 5.1475
5.1059 5.1410
4.6904 5.9612
4.9536 4.7058
4.3875 -7.6587
-8.0243 5.1365
4.7038 2.6107
4.7082 4.6715
5.0075 4.7508
6.2665 4.7239
3.0762 5.0854
5.3138 4.9945
4.7098 5.0057
4.7374 4.6465
5.3606 -7.7234
2.7283 4.8955
4.6976 4.7253
-7.8061 3.7508
3.2617 5.1094
5.2139 5.1731
4.0583 4.5892
2.6917 5.0725
4.5902 4.6778
5.0634 5.1445
5.1385 4.9819
3.8010 5.0539
5.1206 3.9908
3.9840 5.7571
6.9183 3.9782
-7.7498 2.8285
5.0831 5.0684
5.0997 4.6996
5.1913 3.0522
4.7214 3.7846
3.1877 5.7012
3.7553 5.1524
5.0980 2.1872
1.8190 5.0920
2.6602 3.9182
4.6946 6.4403
7.0719 4.6928
3.5580 5.3115
3.3307 3.0545
4.7073 4.7506
5.0712 5.2571
5.2258 5.2181
4.6167 5.1542
4.7272 5.1837
3.9383 5.0536
6.3046 5.1063
3.4781 2.3012
4.6034 3.7920
5.1452 4.7017
5.1543 3.0763
5.0604 -7.7684
5.0358 5.1899
4.6559 5.1106
2.7868 3.0783
1.9356 5.0756
5.0808 5.1014
5.5938 3.3715
5.0428 3.4624
5.1504 3.7254
3.0782 1.2979
5.0380 3.1858
3.3550 5.2373
3.2394 6.8596
5.0667 5.0931
3.8009 4.6669
2.9675 5.2402
2.3337 4.6659
5.0834 4.6305
4.5932 3.8596
3.4439 5.2914
3.0985 4.7175
4.9817 5.0856
5.0766 4.1930
3.6277 -7.7526
4.6911 5.1889
4.3462 5.1350
4.5741 5.0485
2.8947 5.0240
5.1136 3.1498
5.1385 1.5171
5.1192 5.7812
5.0755 5.0970
4.6669 5.1462
5.1276 4.6816
3.1814 5.1215
5.1144 2.6933
5.0484 4.6408
3.3823 3.4725
5.2405 4.6736
1.4731 3.6669
5.1765 4.0209
2.4314 4.6505
-7.9349 3.3828
3.2970 2.2480
4.6178 5.9865
6.4918 5.0017
6.2710 5.2192
-7.9910 5.0815
4.1210 5.1838
4.9182 2.8082
5.1655 4.6890
3.6323 4.6686
4.1843 5.1813
3.0585 5.0500
5.0581 3.3806
4.6986 1.0182
5.2798 5.1731
3.4222 3.7205
4.1385 5.5910
5.2078 5.1113
5.2409 4.9294
5.1609 3.0231
6.2039 2.2118
4.6886 5.0777
4.7028 5.1886
5.5636 5.1023
5.1793 5.0958
5.1426 3.7606
6.8226 4.6888
4.6639 4.6298
5.1442 4.6529
2.7221 3.3439
5.1737 2.9378
5.1688 5.0464
5.1744 5.0660
5.1472 6.4959
5.1644 5.0987
5.1958 4.6550
2.3495 5.2416
3.1898 5.0054
5.1172 4.6932
-7.8178 5.1811
2.3783 -7.8694
2.6816 3.1730
3.4134 4.7588
4.3739 5.1294
4.6885 5.0967
6.2885 4.4321
4.6640 -7.4579
3.1127 5.9504
5.0592 6.8424
4.5326 -7.6850
5.1338 4.6571
4.7200 2.7653
4.3395 2.0414
5.1502 3.4842
5.0822 5.0640
4.6793 5.0265
5.0796 4.6611
5.1759 5.1313
5.1317 4.6903
5.2257 4.4522
4.7018 2.6871
4.6253 5.1096
5.1233 5.1904
5.4789 4.7046
7.2666 5.1912
5.1205 5.0683
4.6960 3.4347
2.3999 5.1461
5.0328 4.7033
5.1842 4.8122
5.2196 4.6423
5.2517 4.6605
3.4729 2.9738
4.7366 4.7058
5.2212 5.4434
4.6492 4.7011
5.1603 4.6745
3.0887 5.1264
3.0485 4.9960
5.0667 5.1604
5.9130 2.9907
4.6982 3.0540
5.0716 3.1708
3.1535 4.6497
4.0267 5.1979
5.1466 3.6350
4.7284 4.7312
4.7547 6.9468
4.7169 4.3000
5.0602 5.4224
5.1871 1.5168
2.8444 4.7130
3.1152 1.0856
4.7413 4.7024
5.1562 3.5215
3.3404 5.1660
5.9865 4.6092
4.9897 4.9291
5.2116 -7.6862
3.7355 4.7208
4.7473 4.6709
5.1479 3.2068
5.0532 2.6157
4.6702 5.3292
3.7632 4.6870
3.2933 5.1765
4.7264 5.0453
5.0943 2.4546
4.5901 2.6212
4.6941 4.6220
5.1261 4.7168
5.0889 5.2389
6.3410 4.6482
5.0199 -7.7866
4.6715 5.4867
5.5936 3.8102
5.0547 5.0998
4.6812 3.3905
5.1671 4.1447
6.6582 4.7264
4.5994 3.0878
3.3544 4.6171
3.5227 2.7075
2.9056 2.2497
5.1365 5.0404
5.3284 5.1473
4.6516 4.5488
4.6569 -7.5794
4.9719 4.6275
5.1090 4.0161
5.2172 2.7351
4.6006 4.6562
2.5338 -8.0021
4.0705 -7.7259
5.0630 3.5672
3.7773 5.1554
5.1477 -7.7593
5.1805 5.0950
3.5461 3.5926
3.4699 4.7209
5.1520 2.9449
5.1339 5.0540
5.0849 5.0571
2.8836 5.1139
3.6101 5.0326
4.6520 4.6438
4.0578 7.4405
3.4278 4.7030
4.6595 4.6343
5.0286 4.6487
5.5355 5.0373
5.1029 5.0802
2.1303 4.7313
5.1732 4.7504
4.6994 4.5505
2.8043 2.7995
6.1138 2.2894
6.5533 6.7955
5.0585 4.6739
6.2288 5.1604
5.1370 2.0307
5.2128 5.1354
-8.0174 5.0787
4.6779 5.1488
4.0826 5.1318
5.1756 5.0605
5.9452 5.2847
2.7965 4.8021
3.3699 5.0542
5.1076 4.9874
5.1503 5.1130
4.6625 5.0865
4.0414 5.1735
4.7241 5.1907
4.6388 4.6506
4.7327 4.6721
5.2177 2.4948
2.8480 4.6060
2.7354 5.1815
6.3574 5.0550
4.6103 4.6780
5.1543 5.1834
2.1462 5.0823
5.0902 6.2268
5.2382 5.5194
5.1018 4.6747
4.7672 5.0839
5.1953 5.1824
5.0950 4.7193
3.4870 5.1729
4.7580 6.4214
3.8017 2.5186
5.2481 3.1473
4.6404 5.2028
4.6879 -7.8233
5.1508 3.2807
2.7134 3.1062
5.1548 4.6767
4.3738 4.6371
4.3348 4.7136
6.2290 4.3712
3.4650 6.0826
2.9262 5.0507
5.2321 5.1050
5.1063 3.8259
5.0636 4.6104
4.6990 4.6499
5.6478 4.6640
-7.7999 6.0141
5.1054 4.0927
5.6946 5.3204
3.2148 5.2068
5.1202 4.7489
4.7216 3.5450
4.7147 3.0725
4.9836 3.7429
2.8649 2.7181
5.2618 2.5164
4.6825 4.9489
6.7970 6.3862
5.0709 4.9476
4.4584 4.6642
4.7260 5.1181
5.2962 3.5771
3.3640 5.0303
5.1119 3.0097
5.0863 4.1974
4.6956 4.6826
3.2067 -7.4799
5.1414 2.6104
5.2576 5.2363
5.1540 5.1282
5.2447 5.1370
4.7452 4.6970
4.7059 4.6580
2.5073 2.9922
4.6490 5.0381
5.1817 -7.9026
5.0900 6.1437
4.6820 5.3417
2.6851 4.2214
3.3971 5.0131
3.1909 5.8623
5.1204 3.2293
4.6637 7.1862
3.2081 5.4568
4.6594 5.0895
5.1181 4.3198
5.1876 3.5125
2.6085 3.5441
4.5403 5.5026
5.2489 4.6987
5.2678 2.4838
3.3719 5.1711
2.8458 3.0699
3.8114 5.8429
5.2295 2.8632
4.7791 3.3899
5.0646 5.9144
5.0879 5.4208
5.1129 4.6965
4.6860 4.7120
5.2507 5.0819
4.6741 4.6789
4.9944 6.6969
5.1038 5.2109
5.1191 5.1683
3.7505 4.4077
4.6698 5.4153
2.9356 6.0639
2.8516 5.0136
5.1435 5.1651
4.7352 4.1036
4.0704 4.6751
4.6638 3.5042
3.4274 5.0317
2.9662 4.6593
-7.7105 4.5805
3.3802 5.1105
4.6417 -7.5900
4.6800 5.0305
5.1136 3.6068
5.1175 2.2578
4.0499 4.2180
4.6553 5.1805
2.6420 4.7003
4.6972 3.3734
4.6529 2.5828
5.1997 3.9653
2.8983 -7.9035
4.4084 2.6734
4.9614 5.1545
4.9945 4.7321
5.1896 4.6474
4.6423 2.4637
4.3559 3.2006
4.7305 5.4356
5.0984 5.1882
4.6701 5.1750
4.6736 3.0727
2.2654 5.5099
5.2245 4.7015
5.0805 4.6951
5.1836 4.0310
1.8831 4.7779
2.5338 5.1355
3.4281 5.7979
5.1510 5.1597
5.2202 3.3996
5.0192 4.7251
4.6817 4.6783
5.0592 5.1534
4.6278 5.5959
4.6276 4.6415
5.1374 5.1457
4.7228 3.1758
5.0981 5.0329
-8.0282 5.1189
4.6573 4.6085
4.6934 4.6395
5.2152 3.0111
3.6264 3.9350
6.9684 4.7395
4.9537 4.6636
4.6810 3.4508
3.5874 6.8511
5.1842 6.0191
5.0814 4.6758
5.1920 5.0775
5.0773 4.7133
4.9128 5.0928
5.0104 5.1692
5.1351 5.8469
4.7537 5.0748
4.7443 5.6187
5.0346 4.6709
1.9054 2.4880
3.3077 -8.0101
5.1316 3.3542
4.6777 2.6309
5.1983 2.8436
4.6435 4.6375
5.1357 6.1974
5.0714 -7.6178
5.0862 4.0160
2.5503 5.1517
3.0297 3.5095
4.9894 4.6667
5.2486 5.0784
3.1786 5.1458
3.4537 -7.9593
2.2808 4.4837
5.1966 3.2211
5.0739 1.9119
2.7959 4.6567
2.5706 4.6399
4.3456 3.7356
3.7346 5.1171
4.6370 5.4857
4.6540 4.6827
5.1185 -7.8286
4.6511 4.7265
-7.9729 2.7644
5.6474 6.4107
5.2140 3.1184
8.5413 4.9735
4.7441 3.5897
5.1556 5.0841
4.7276 7.0550
3.7565 2.4250
4.6984 5.1506
2.7103 5.0126
4.6981 4.6505
5.1924 2.6681
4.6667 3.6466
5.1926 5.2023
5.0759 2.6883
2.8862 5.6595
5.1520 6.4924
7.2302 6.6694
4.7091 4.7476
3.7497 4.6481
-7.9309 3.0067
5.1928 4.7564
5.0427 5.0589
4.7116 2.0990
-7.6534 5.0353
4.6414 5.1619
5.0744 -7.6585
3.5731 5.0534
4.6606 5.2646
3.1961 4.6647
4.7436 5.0580
2.9965 4.7438
5.1492 4.6780
5.1185 4.7515
4.6868 2.4510
2.1137 4.6643
4.6782 3.4637
5.1136 5.1263
3.0338 4.7016
3.0982 1.5897
3.3813 4.7311
2.8940 4.6899
5.5451 4.6300
4.7178 3.7546
2.9828 5.2418
5.1084 7.5575
5.1536 4.9714
2.2389 4.7079
5.1541 3.0393
4.9467 4.7282
5.1119 4.6305
5.5586 1.3922
5.1164 -8.3827
4.7147 5.1942
3.0877 -8.0832
2.8119 5.1351
3.3959 4.7378
5.5106 3.6817
6.4090 2.9137
1.4864 5.0291
5.2879 1.8400
4.6484 5.1279
5.0838 5.0330
2.6913 4.6811
5.2463 5.7264
4.6968 5.1224
4.6889 2.9085
4.6126 5.1943
4.7961 5.0398
5.0791 5.5976
2.2877 5.2117
4.7237 5.1060
4.6253 3.8264
4.6180 5.1793
5.2219 4.7973
5.8311 5.1977
5.2401 2.7053
4.6851 5.1326
5.1228 2.7670
5.1478 2.3186
5.4742 5.3898
5.0547 5.0615
4.7311 3.3745
3.8552 3.6926
4.7254 5.0921
5.2409 5.1290
5.0573 2.9315
5.1501 2.0941
5.2890 4.7288
6.0514 5.0606
4.6643 5.1136
5.2543 4.6786
4.7270 5.1585
4.6448 5.2452
2.4219 -7.6525
5.0576 4.7053
5.9260 5.2420
4.7049 4.6429
4.1003 4.6678
3.5905 5.1786
3.3711 4.7316
4.6305 5.4986
5.1342 5.1819
5.1577 -7.8561
5.1886 4.7177
5.1795 5.1612
4.3576 5.1421
-7.7943 5.4958
5.2809 5.1570
5.0129 4.0260
5.2009 2.7728
5.0636 3.0126
4.7156 -7.8266
2.5002 6.0772
2.5534 7.1528
4.9371 3.4812
5.1631 5.1237
4.6189 3.9630
2.8844 4.6771
5.5938 3.4021
3.3603 5.1399
5.3646 6.0213
2.8245 4.9919
3.4498 4.3015
5.0112 5.2736
4.6584 5.1137
-7.7950 5.2723
3.7561 2.6041
4.5812 3.5634
4.6912 5.2295
7.3515 5.0195
4.6461 3.5397
3.9714 2.4228
5.0955 2.9166
5.1203 4.6670
2.7523 4.6871
3.4257 3.6382
4.6427 5.2064
4.7481 5.1523
3.7450 4.6382
-8.0546 -7.8036
3.8358 4.6458
5.0768 2.7948
-7.9559 2.8706
-7.8341 5.0917
5.1594 4.6972
2.4998 3.1163
5.1253 5.0920
3.5115 4.9497
4.8318 5.1485
4.6870 2.6798
5.8192 5.1371
5.1472 4.7149
1.9978 5.3610
