5
-3.7453 7.9033
-1.5031 -8.1551
2.9007 7.9623
7.0182 6.9449
-9.2945 -8.4708
2.1003 0.4683
-5.1562 -11.1939
-4.2966 5.1926
-2.2377 -0.7291
-9.6454 -1.1768
-10.3525 -3.4045
-1.6319 5.2951
-1.2075 -1.9160
-1.5287 -1.1307
-1.0231 -6.8077
7.5800 -1.3841
0.8134 -2.8363
-4.4409 6.4361
11.9042 -8.5163
-9.6869 1.2874
-1.1378 -8.0903
-10.3318 -1.3998
-7.0421 -9.2213
-1.3955 5.2315
-3.1654 -1.1019
9.8979 -2.9659
-2.1321 -6.9678
-9.3538 -1.1849
-1.5181 -12.2939
-4.2382 7.2452
-1.3139 3.6669
-3.6029 4.7688
-0.9708 2.2660
-1.5323 -1.2749
-1.2422 -5.4382
0.0474 2.5546
7.0029 -9.9898
1.7105 -7.4916
6.5430 6.1051
-1.5489 3.9603
4.5650 -2.4971
5.7682 0.9096
-3.8967 -1.5962
-1.4814 -2.5430
-8.6655 -2.8069
3.3164 6.2827
-1.5179 9.0957
3.4788 3.2568
-4.7324 -1.0945
1.9200 -1.2905
-10.1621 -2.7893
2.5382 -1.3272
2.3992 0.6023
5.1167 5.5984
0.8170 -2.6422
-7.1383 -7.6245
-7.3042 3.3954
-2.9973 -9.5568
2.3574 -1.1459
1.1996 5.2403
8.1689 -5.9921
5.1842 3.6778
-1.3529 9.8303
2.7425 5.2914
2.5832 -1.0151
-11.1069 2.6028
-12.5311 -10.0489
-1.0588 -5.9445
4.5911 -0.2880
3.5374 4.2594
1.6614 -9.2237
8.2148 -8.4585
-7.5482 -6.7002
-7.8586 -1.0781
-10.6830 -8.9666
4.3950 7.4785
-10.4582 7.9319
-1.1168 4.6668
8.3843 -1.2904
-0.9527 6.4385
-7.4219 -1.2582
4.3611 -0.1432
-1.0800 0.2666
-4.0957 -12.9034
-7.9910 -8.3416
7.3679 -7.5774
5.7406 -9.6990
-10.4454 -1.3358
2.9077 -0.6831
-0.9275 4.0742
-2.8384 -10.6426
2.3849 3.0205
-11.4095 -1.2191
-12.5120 -9.8875
-1.3533 2.5506
-1.4028 -1.3853
1.0715 -8.7499
3.6616 6.6942
-7.7903 -1.3749
-2.6359 -11.0196
-6.3804 -8.2609
-9.5737 -10.8430
-2.6005 7.3768
-1.1946 6.5397
-0.9642 9.5781
-3.8208 7.3905
2.4517 -0.8949
-10.1502 6.3217
-1.8537 -1.9584
-4.1082 9.6478
-1.5508 -6.1080
-1.2093 -2.6894
-5.9904 2.8648
8.7394 -0.3461
-6.0887 -1.5108
-1.3603 5.4645
-1.3260 -1.7217
-1.2355 -2.5044
-7.9987 -4.5104
5.8901 2.5819
5.6087 -2.3020
-5.7150 -10.4932
7.7011 -2.2320
3.1017 5.5298
-1.1484 -11.3327
-1.0772 -1.6496
-8.9972 -9.1992
9.7378 1.2453
-8.1760 1.6144
-2.2063 -2.6195
6.8076 -6.4271
-10.8072 -1.1670
-2.3033 7.1927
-1.3074 -3.1983
1.2771 1.5945
-1.6320 5.9770
-1.1744 11.7079
0.9953 -8.1127
-1.2481 0.8061
-6.3948 -3.4781
3.5699 -2.0067
5.1434 1.0352
3.9592 1.2200
-1.2789 -7.8793
-1.3558 -1.3177
-6.4939 -1.4622
-1.3219 5.9322
5.6117 0.5799
-9.2165 2.4444
-8.7313 6.4063
-1.1754 6.7077
-7.0625 -3.2592
1.3590 -5.3034
-10.8069 5.5863
-0.3303 6.1833
-1.4552 -1.4344
1.4869 -2.9869
1.3921 6.0750
-2.0446 -9.4885
3.7665 2.7913
-1.2677 4.8015
-1.5483 -2.3591
-1.4578 -9.9666
-2.8545 -6.2305
-2.6582 -0.0074
-2.1505 -1.2801
-1.3408 -1.4071
-1.2337 -1.8827
10.2006 2.8130
-10.6989 -1.7181
-1.4009 -10.2384
1.0524 0.4490
6.1234 1.1980
2.8734 -1.2491
-10.6734 -8.5325
-1.3321 -7.2030
-1.7206 -1.2310
1.0930 -10.4394
-2.7690 -3.5225
-11.2797 -1.0019
-2.4570 -1.2505
-7.4239 -12.2686
-13.3962 5.0658
-13.1393 -8.1234
-3.1093 -10.3022
-9.8487 1.1587
-5.7793 2.3120
1.8265 -10.6282
6.5697 -7.5127
-1.5404 -10.3335
-5.0826 -9.1106
-11.8441 -1.4400
-10.5054 -1.1177
3.4489 -0.5144
-3.0537 11.2895
1.8662 -7.2587
5.4302 -12.0575
-11.2240 3.5152
-7.4768 -13.2346
7.4585 -7.2125
-7.2758 -2.5771
7.6567 -6.2558
6.0719 2.7497
-0.6996 4.2621
-1.4796 -2.9622
-2.5005 10.0717
-8.8334 -1.4656
-6.5112 -1.1313
-7.2577 -8.6937
-2.8657 4.1129
2.6109 -1.3640
1.7134 -8.9381
-1.7147 -8.0720
4.8624 -5.7544
7.7205 -1.2641
-6.8839 4.9627
-12.9930 -1.4200
-1.0297 4.7226
7.8701 0.9802
-1.3076 -1.1793
-7.2813 4.2759
-1.0436 -0.0145
2.1528 2.9596
-1.3938 -6.8053
6.8879 -3.3138
4.1005 -8.8263
-10.1664 -10.6612
2.2079 -6.6417
-7.8946 -1.3483
1.8406 -1.0307
-0.8490 6.3069
-10.8423 -12.0999
4.7217 -4.7486
-10.2384 1.2462
-8.7108 -9.0936
-11.0607 -1.1103
1.8387 -3.2101
-9.4080 -4.2088
3.4292 -3.1170
-1.2930 -2.2711
-11.2742 -9.5601
8.1464 -1.2986
-5.4296 -0.4771
-1.6008 -8.1226
-1.4536 -8.3917
-7.4419 -6.5141
-1.6386 -4.9391
4.5248 -1.3639
-1.1760 -4.2427
1.4240 -1.2958
7.1321 9.2105
-1.2561 0.8858
-9.2204 3.0264
-1.2363 4.4788
6.5933 -0.3935
-10.0876 -0.6445
-6.7556 2.2699
-1.4185 5.3097
-4.8801 1.6557
-1.1218 2.6748
-2.9424 -9.1809
-6.7681 -1.1370
-2.1466 -8.7446
-2.6804 -12.2638
6.5717 -9.9591
-7.5716 4.6922
9.8858 1.5214
4.0932 -4.3392
-1.9455 -3.8077
0.3584 3.9175
7.0027 6.2207
-1.6125 5.1517
-9.6878 -7.9364
-2.2933 -7.4904
-1.3156 -11.0302
2.2708 -1.3781
9.7264 -10.1983
4.5331 8.6456
-3.5745 -1.3000
-8.3447 2.4865
-1.2723 -1.2598
-1.2985 -11.0143
3.6538 11.8236
6.8182 -12.5825
-1.0893 -1.5786
-12.8879 -1.2513
8.0432 -8.1452
-6.9254 -1.1941
-6.8310 -10.3442
0.4538 -6.4821
-0.9450 -9.6729
-13.8633 -1.6760
-8.5856 3.9141
5.0603 -5.1125
-1.6042 -1.2305
0.6391 -1.4305
6.2833 -1.0694
-1.3953 -7.7594
-1.3602 -1.2333
-9.2891 -9.4908
-1.2766 9.1019
-5.5942 -9.2363
3.2838 -8.8032
-1.4885 5.4113
-10.6486 7.0512
-12.1928 -1.1699
7.4736 -6.4734
4.4511 2.0224
-12.9039 -9.2203
-1.0479 -1.1623
-11.7234 -5.8310
-0.2248 -10.0484
-9.6065 -4.6630
-1.3540 -0.0183
-3.9157 -1.3775
-3.7963 -8.8721
2.7237 -6.1302
4.6593 -8.8576
-1.5656 -6.5191
-11.3858 -1.1754
7.3032 -0.1069
5.8025 2.1488
-7.2186 0.2921
-8.7071 6.3981
-12.6169 -2.0923
4.0966 -1.5216
6.0043 -1.3571
-10.1415 -5.9446
-1.1929 -1.4539
-1.2883 -10.6046
-2.2785 -5.1904
-9.7734 -1.3283
4.9934 4.7263
-2.2828 2.2309
-1.0719 -1.7967
2.6406 -1.1561
-1.1354 6.0294
-0.9679 -8.0132
-0.5190 -1.3981
2.4160 -9.2378
-11.2483 7.7636
-1.2594 -1.3372
-8.8361 -1.1947
-1.3031 6.0519
-11.9824 8.1048
-7.0954 -2.6879
7.0833 -8.7072
9.1544 -6.1693
-6.6224 5.6797
-1.8575 4.1782
7.0156 -0.1677
-1.1504 6.1068
-1.1072 -0.4620
4.2194 -2.0965
0.4811 -1.1051
-2.9694 -6.4523
-8.3627 -2.7454
-1.3336 -7.5222
1.1899 4.7396
-1.2824 7.1283
-1.2650 -1.1575
8.0819 5.0790
7.8013 8.2983
-1.3324 0.6826
-6.5709 -11.2453
-1.2218 -10.5614
2.7936 3.9690
-1.2738 2.7572
2.1814 -4.1925
-6.8616 -4.1079
-7.7684 -1.0443
-4.8626 -9.9487
-1.2680 8.8456
2.3094 -1.8252
0.9215 -3.6352
-7.7295 0.1344
-9.3299 -9.7808
5.9857 5.9094
-1.4660 -9.4106
7.2685 0.6083
-0.1640 4.1155
6.3311 -1.4292
-9.1148 -2.1629
-1.1353 -12.8124
5.6212 -8.3372
9.9132 -8.8345
7.0696 3.4272
9.1445 2.6473
-1.3439 -5.6801
-1.0278 -6.4621
-7.2678 -1.4222
3.6561 7.6554
5.6635 -9.4633
-6.7991 -8.0305
-5.1919 -10.1030
-11.2767 -11.8947
-0.3815 -10.4975
-11.6785 -2.3801
6.1401 5.4938
-1.3463 6.4784
-1.3706 -5.2100
5.5167 -3.6486
-3.8673 -11.4259
4.9132 -1.3373
-6.5897 -1.4885
-10.1816 -8.2385
5.8705 3.5446
-1.7865 -10.7578
-1.0509 -1.1369
-7.4662 -1.6335
-1.3315 -3.4871
8.2542 -11.2906
-3.3321 -2.3639
7.2853 -1.4100
-9.5444 4.4270
2.8777 -5.6494
-10.0447 -4.9877
4.7280 -9.7311
5.8680 -5.9896
-1.4331 -11.9152
1.9256 -9.7418
-1.1800 -10.5464
1.9396 -2.7181
6.2933 5.1586
-0.9675 -1.0468
-1.2547 -8.7556
-8.2810 -8.3629
7.4785 -1.3809
4.0124 -4.3702
7.9399 0.6807
-8.6956 -9.9611
-7.9212 -2.5845
4.1655 -2.6629
-0.3857 -6.5293
-9.4231 -9.1325
7.3068 -1.3666
4.0597 -2.9205
-3.7196 4.8840
4.3234 9.5089
11.1327 5.4160
3.1353 -3.6625
0.8732 -1.4177
-8.1595 -6.1816
5.2627 -0.0170
11.9157 -9.0702
-0.6346 -8.6999
-9.7140 0.9259
-0.0851 12.0545
-10.8835 -7.0583
5.5896 -0.9445
4.4022 -4.0114
-11.0984 -10.7176
-10.7138 -9.1760
-1.4823 -12.6415
-1.0587 4.1891
-1.1332 -1.0336
-1.4484 2.5935
-1.2942 -4.0582
-0.7170 -3.2356
3.7397 -1.3132
5.7761 4.1631
-8.7597 7.5946
7.6049 2.4839
-8.5655 -2.5353
-1.2424 -2.4151
10.7771 -8.9739
-12.3364 -1.6023
-1.1747 -8.3522
-10.1706 -0.2057
-7.1996 -1.5546
13.7839 -8.2126
6.6096 -1.5671
-4.7675 8.6061
-1.1998 -1.4438
2.2978 5.4291
-1.3924 7.5732
-8.2245 6.1511
-1.0045 -1.4226
-5.5096 3.2505
4.5438 -1.1050
-9.4538 -7.1112
-3.5291 -1.1532
-1.3754 -1.3360
6.6763 2.0989
-3.8180 -10.9489
-1.0242 0.2446
-1.0415 -1.1250
-11.6737 4.3201
-1.6132 -4.1148
1.3290 3.9483
-7.7985 2.4209
-1.1006 -2.4786
4.6399 -7.2930
-3.2071 -5.2558
-13.4043 -6.6636
-4.7141 -9.6828
3.8997 -1.6261
-8.9997 -3.3709
1.5197 -6.6749
-9.8605 4.7340
-8.7996 -7.4170
-8.7961 -1.1067
-4.4110 -10.7436
-7.7856 -1.2722
3.1405 -1.3334
-8.5888 -9.0409
-9.8059 7.9543
-3.0002 6.5623
-1.4889 -2.9985
-3.5723 -6.0278
-1.5386 -2.3019
7.6113 -11.0498
8.2908 4.2047
-1.2576 -1.0513
7.6749 -9.8898
-1.5609 -2.4195
-9.7421 -1.1082
-1.9206 -0.9335
-13.7667 10.0027
-0.2873 -1.1715
-9.9017 -1.1267
-1.0074 -0.7344
-4.8585 -1.1306
8.5909 -1.4902
-1.4889 -6.1577
-7.1958 -1.2869
3.0362 5.8058
-1.1834 -8.9902
3.1489 -4.0939
4.8765 -0.9308
4.8432 -6.9777
-1.3204 -1.0737
3.3573 -11.9923
-1.0580 -1.2929
-2.6251 -8.5877
-1.3678 2.5127
11.3304 -12.7146
-1.2863 -5.6383
-3.8186 -9.3915
-10.6863 -1.4975
-6.2056 -1.2655
4.8395 -4.7812
-7.9305 -7.7799
-2.2657 -0.4741
4.3899 -8.6606
-11.6880 7.3474
2.7685 -1.4670
-8.8665 -6.5395
-1.3862 -9.9416
-10.1391 -1.4507
2.0866 -1.4344
9.3959 -10.0537
-7.6107 -8.9679
-1.2481 5.0338
4.3921 1.3426
8.1297 -1.4128
-0.6321 -3.8891
-6.7312 4.4696
5.0017 -3.2006
5.7035 -1.2930
-8.1187 4.5167
-10.6855 -1.0948
-1.4511 -0.8873
4.7305 -7.0075
-11.3608 -9.4468
-10.5446 5.8156
-1.3717 10.7882
3.7026 -9.0327
-10.0279 7.0167
-2.9119 1.0183
-5.6438 3.7048
-1.4000 7.3175
-1.1075 -10.5840
3.2223 7.3815
1.0778 -5.5813
-10.4348 -7.8791
-12.8977 6.3848
-10.1050 -11.8388
-8.9500 -7.9218
-3.0753 -7.7327
-4.1947 -6.8002
0.9696 0.0086
-3.1716 8.0125
7.0378 -9.2763
4.7356 13.0515
-1.7073 -1.2688
-1.3398 -8.7006
-11.0980 0.6653
2.0311 2.4626
-1.4736 -10.8126
0.3079 5.4445
2.5204 -5.9754
-8.6182 -8.4121
-2.0211 5.2394
-12.0783 4.2567
-2.1282 -1.0289
-10.4679 0.3945
1.9368 5.2670
-1.4071 5.8440
8.6564 -2.8742
-11.4130 6.9153
-3.2373 -7.7022
2.7280 1.9385
4.2102 -1.2175
-1.1473 -9.8056
3.3775 9.6925
-1.2558 2.3959
-1.3776 5.3262
-3.7879 0.8094
4.9575 -6.7178
2.3997 -8.3221
-6.4602 8.8656
5.1826 -6.1198
3.0806 1.6107
-1.5432 -6.4369
8.3865 -5.5221
-6.3378 6.3833
-0.9075 -11.8668
-0.7145 3.2280
-1.6783 -9.3235
-9.1621 -4.7574
-7.3539 -8.4450
-1.1910 1.0040
-10.0615 7.8547
-12.1139 -1.4666
1.1610 -1.3493
-1.2281 -1.3124
0.2395 11.3712
6.8349 5.9115
-5.5367 -3.9454
3.3812 1.1674
-5.6409 -5.6455
-7.3671 -8.3601
-0.8893 -2.3830
-8.4772 -4.4136
-4.2863 7.1558
2.6045 -9.5931
-5.9465 -5.3996
-1.1732 -1.0828
-9.4213 -1.2468
7.8327 -4.6053
-8.1059 -1.2571
-5.7487 -1.1304
-3.9262 4.1521
-11.1715 -0.8981
7.8323 -9.0092
-7.5197 -1.5742
-11.7155 -3.0262
-1.1801 6.3367
-1.2543 -7.5525
-13.3690 -1.2879
3.4697 -8.2615
-8.3759 -4.3591
1.1001 6.6857
0.4278 1.7947
10.4164 2.6502
7.7822 -1.4606
-10.7493 -1.1679
-2.2323 0.4688
-1.1851 11.0456
-9.1269 -9.8076
-4.4744 -1.1829
8.0870 7.2534
9.6991 0.0099
6.1013 -1.7526
-9.4241 -7.0313
-7.9458 -1.3084
1.7444 -2.7161
-1.2601 -4.2857
-1.6308 -1.1679
7.3407 4.1595
-7.3423 -11.1693
-8.6089 -1.2874
7.8940 -6.3555
10.2361 -5.7830
5.3346 -1.3001
2.8622 -10.0437
4.5328 -7.6029
-1.0637 -2.1615
-10.8432 8.5450
4.1553 -8.4834
-8.6754 -1.1737
-1.6559 -9.6640
10.4497 -1.3358
-1.4299 6.5594
-2.7818 -11.1711
-4.0121 -0.5208
-12.3895 3.6805
-8.7009 -2.2242
-1.3798 -1.2396
6.1534 -7.3090
-1.9792 -6.0164
-2.4119 6.7446
-9.0015 -7.7928
-1.4073 -2.6148
2.0832 -4.8932
9.2877 0.4179
2.8387 -3.1885
5.9307 -2.3797
-10.4303 -10.5875
-8.8383 -9.3053
-1.5289 0.5174
-1.0329 -1.0022
4.7752 9.1921
1.8778 -1.5600
-9.4361 3.7660
-11.6977 10.2165
-10.7154 -8.6010
6.0763 -8.5913
5.6489 -8.6091
-3.2363 -1.6127
5.4325 6.0656
9.6821 1.5956
-1.3292 -7.3979
-1.4316 7.8373
4.6238 2.2785
-1.6464 -6.2502
-8.4405 -3.7182
-1.4306 -1.0722
1.1167 5.8866
-1.2800 -9.2993
-1.1055 -2.7248
-1.3776 -1.8301
4.5567 -8.4642
3.3927 3.0920
-8.1432 -3.5111
-1.2194 -10.8141
-9.4617 -1.5239
7.7646 -1.4141
-10.2828 -1.5688
-6.1478 -6.7601
-2.4769 -11.2544
-10.4483 9.2392
6.3714 -10.4836
-11.4507 6.0319
-13.3414 5.0615
5.2939 -1.2467
-0.9008 -4.8435
-8.6138 -2.2368
-6.7628 -11.4963
3.2944 -1.4724
-1.2140 -1.0060
2.2090 -1.2864
0.0172 0.3499
-3.7753 -1.2554
-2.3529 -11.8482
-10.8276 -1.3699
-0.8250 -8.2854
6.0906 -1.2511
-1.5550 6.0677
-1.2324 -1.8648
2.8239 -1.3365
-10.6369 -9.4237
-7.1447 5.8868
-1.3597 -8.2776
-11.4451 -13.8038
8.6683 -2.5325
-1.7505 -8.3435
5.8749 -12.2467
4.9715 -8.9915
-3.5802 -9.5663
-8.7365 -9.1184
6.6144 -2.0202
-7.3606 1.4174
5.9197 7.1685
1.7159 4.5351
-11.4668 -2.7738
-2.4171 -1.7072
-8.4883 5.4503
-9.6627 2.7221
-2.4846 -1.9587
-11.1423 -1.4072
-7.8873 -7.3870
4.8334 0.0203
5.5800 -3.7281
-1.2513 -2.0663
-1.4582 -4.9151
5.2228 -10.7358
5.1411 -1.3578
-1.2076 0.2739
-4.5512 5.0732
-1.8818 -8.8194
6.0248 -2.3888
-11.0066 -9.8748
5.6689 6.0592
4.8538 -0.5589
6.5113 -1.3485
1.3905 -0.5370
-1.7885 -8.0854
-1.1334 -7.9667
-7.9441 -6.7685
-1.2785 -9.6549
-9.2836 -3.7963
2.9804 -9.6266
-1.5690 -10.2557
0.7936 -1.1059
-2.0097 -1.4604
-5.8065 3.2950
-9.2386 -1.4285
-9.2252 2.1696
1.5715 -0.8707
-9.7519 4.5911
-7.0826 -4.9124
-3.5165 -2.4729
-1.4368 -8.1481
5.0146 -1.2677
9.9205 9.1401
2.6273 -1.1758
2.4714 1.7084
8.2771 4.6455
-3.6619 -3.7265
0.6899 -11.0554
-3.1248 -1.0050
11.3257 8.1559
-3.2238 -11.8396
10.1703 -1.0389
-2.4244 -9.3142
-6.5061 5.6768
-0.4908 -9.4288
-1.4442 2.2681
-1.0892 -10.5400
-10.0776 -2.0551
-1.1870 -1.0700
8.2271 -1.2310
7.8355 -5.7713
-1.1978 -0.9515
-5.9093 -7.0609
-0.0169 2.0974
-1.2730 -9.1501
-10.9370 -6.0584
-1.1885 -2.4756
-1.9484 -0.1719
-1.1342 -3.5644
1.7220 -10.9130
-13.2567 -10.4827
2.8105 -2.4092
-1.6719 -8.0023
-0.8847 -1.5608
0.0032 -2.5915
-5.9372 -1.3805
-8.8772 -1.3895
1.4809 -4.4737
-10.5026 6.9402
-0.1859 -10.6434
-2.9487 2.5113
-9.9247 3.6262
3.1520 -1.1746
2.7364 -3.6829
4.5271 -2.3142
-3.6138 -1.6536
5.1606 -7.6794
-8.1718 6.4164
-9.4960 7.9828
-2.0073 -3.4002
6.1293 -11.6066
-5.7479 -1.4251
-7.4524 -1.4787
4.6632 -3.3292
-1.2949 -2.3157
0.2884 -1.3691
3.0048 5.7796
7.9156 5.2057
2.5958 5.4398
5.6911 3.2395
-1.2455 1.0264
-1.2731 -9.7796
-8.3084 8.3495
1.6865 -8.9774
-1.1053 4.1733
-12.7098 1.7480
7.3445 -0.0390
-9.4073 -0.8837
-1.1099 -3.3248
4.4280 -3.8358
-1.7852 1.8736
-10.0657 5.7690
-14.7573 -2.6397
-10.0120 -1.2224
2.0925 -6.3568
-10.0942 4.5824
-2.3563 -1.4814
-9.2363 4.3145
-10.1432 7.0644
-11.2509 5.5973
-7.9110 -1.2358
-1.2394 -8.2210
-2.8648 1.7873
4.7970 -2.6315
-1.3939 8.5858
-9.3438 -9.7234
3.4932 -1.6265
-10.8287 -0.9714
-1.5044 -9.9639
-6.2776 9.4429
4.8369 -9.3174
-1.0247 3.4524
-2.3457 -2.8335
-4.3949 0.3475
2.1303 1.6769
6.5968 3.3057
-11.7653 -2.5556
-9.4457 -1.1940
-1.1552 -10.8122
-11.1700 -1.0515
3.4651 3.2686
6.8173 -9.6733
-9.8837 -1.1918
-0.8517 6.9453
-4.6979 -11.9463
-2.8347 -8.9234
-1.6661 -7.1020
-5.7284 -2.6429
-0.4330 -7.7631
-13.0626 -0.5211
-1.5140 -5.6063
-1.2570 -11.3831
-1.3131 8.9370
6.5685 -1.2849
3.8600 -4.6394
0.9020 -3.2899
-0.0574 4.4231
3.0907 6.7322
-1.0984 -10.1328
-1.3181 -8.2926
-1.2839 1.7694
-8.9577 6.2170
-0.8929 -1.1966
5.5493 -1.1779
-10.5927 3.7571
8.2577 5.3548
2.0243 6.7851
-9.3066 -11.7350
-2.8663 -3.2092
-10.6919 -1.4866
-1.2998 8.2824
-8.7245 -1.3316
-7.4230 -1.0164
-9.8209 -3.3155
-1.2273 -0.6158
-0.8038 -8.7873
4.3163 -1.4532
5.3393 -8.7045
-1.3827 -1.4182
-12.6017 -1.3579
3.9143 -1.3086
-7.4725 6.3854
11.7726 6.8256
-1.6009 -8.9934
-5.3527 1.1738
-2.8340 1.8712
-0.1138 1.5771
-1.2727 1.9358
-2.0158 5.5576
-7.0588 -1.5076
-9.2858 5.6100
8.6553 -1.5356
-1.2561 -2.7029
5.1760 -5.2782
-2.0613 -0.8756
9.5615 0.9297
4.3759 -1.3576
-10.5049 -9.9091
-1.2454 -8.5633
-10.6605 -1.1866
-1.2664 -2.1678
-1.5232 -6.6645
-1.2062 -5.0270
-0.1487 -0.9516
8.5388 -12.2382
5.7658 -1.0635
1.8373 -13.9751
-7.4359 5.3659
1.2208 -1.3759
-9.0047 4.3889
-2.8192 -0.2157
7.7811 -11.2003
-9.9045 -1.0929
-8.9115 -4.3156
-0.4817 -9.5480
-1.5648 -10.7145
-1.4641 3.1907
-1.2935 -3.8440
-7.5189 -9.4820
-1.3992 -1.1529
-1.5494 -1.4248
-3.0888 -2.1955
-1.0993 -2.1295
-0.5978 -0.2680
5.9029 4.3716
8.4512 -6.1821
-6.9455 -1.6130
6.6600 -1.9215
-3.2535 -1.3808
-8.4096 -1.3214
-1.0738 -3.0828
2.3089 7.1734
-12.2836 4.0917
-9.0451 -4.1055
7.3518 -3.0852
5.6861 4.8389
-6.8599 5.2351
-10.7823 -2.2808
-1.4973 -1.3829
3.8350 8.6622
3.7041 -3.2098
4.6768 -10.1167
-1.5076 -1.5224
-7.5775 1.4847
7.0075 1.5033
-14.7031 1.8734
-6.8977 -8.2322
-8.7595 -12.1889
7.0003 -7.3316
1.5247 1.2359
-3.2339 -12.0328
-8.3406 -11.7607
-1.5734 -8.0440
5.8872 -3.0088
-10.7724 7.7456
6.9346 -1.4212
-1.4982 -11.3692
3.9905 6.7884
3.1964 5.2543
4.5810 -7.5782
-1.4048 10.5595
-3.1667 5.3096
-9.6079 -1.7163
2.6499 5.8285
-9.9370 -0.9152
-5.6531 -1.2583
2.4198 -11.2957
-11.1701 7.0859
-2.9364 -10.4864
3.9274 -3.8970
3.1997 -1.2657
2.8565 -9.4545
6.1706 -10.7283
4.5612 -7.3383
-12.5334 -2.6726
-2.9081 -1.2262
2.1188 3.6336
-12.1541 4.4638
-9.7922 -5.6940
7.8997 -10.1143
-3.9505 3.8443
6.9568 6.9099
-8.0257 -2.5459
-6.4898 -1.2464
7.6717 -4.2687
0.2855 4.7514
8.0720 -4.0146
-4.6467 2.4628
-7.4739 -5.8716
-8.6576 -5.8064
-8.6083 -1.4116
-1.2799 -7.4006
-7.5136 -7.1671
10.5073 6.2084
-1.3879 4.8976
-1.6374 0.4690
-2.3700 -2.2648
-2.3987 -1.2236
-9.9395 -1.2345
-0.7952 1.3558
-1.5626 -0.8897
5.2414 0.0574
-3.7924 9.9301
-1.4045 -10.1597
-5.6916 -2.0702
-1.1370 -1.2336
7.6857 -11.1817
4.3606 -0.2202
12.9391 10.2058
-7.3585 5.2015
-1.7630 -1.1047
-11.2317 -3.5014
-1.8491 -1.2912
-1.7578 -2.5212
-0.8202 -7.4242
2.3956 -7.0350
-1.5057 -8.1510
-1.8727 -2.1200
11.5152 -1.5379
-2.5686 8.1096
5.8054 -5.8263
-4.9466 -11.3910
0.9537 -1.4540
-2.3984 -8.1913
-2.6654 -3.2326
-1.0290 -1.3223
3.8580 -9.2176
-5.5719 -1.2068
-0.9828 -1.4415
-1.4258 -1.0946
-7.8596 -1.2361
0.4369 5.6153
-1.6384 -8.9687
-10.9898 -1.3119
-8.4178 -1.5105
-1.1388 0.1713
7.2449 2.9441
-9.4409 8.1178
-3.1386 -7.0752
1.2833 -1.2164
-0.3385 5.6398
-9.7798 5.3864
-1.1432 -10.2736
-3.9702 7.8847
-6.9115 -3.6860
-9.3575 -0.1368
-7.1826 3.4642
0.6752 -4.6168
-6.1482 -1.4137
2.8884 -2.0172
-4.8918 8.4662
-4.4645 -7.9147
-1.2409 -9.7423
-9.8241 -13.9753
-1.3888 -4.7536
-9.2267 -11.7650
-1.2325 8.6080
10.7981 3.1324
-1.3445 -1.9778
-0.7011 6.7103
5.1254 7.0809
8.4403 6.2203
11.2869 4.9679
-2.4789 -1.5722
-10.1990 1.6405
-9.0147 -7.4282
-3.8561 -9.8078
-3.4060 -1.2211
6.2410 -4.9504
-8.0945 -2.3956
-1.3150 -8.6686
-5.3837 5.4404
-1.1617 4.6972
-10.2615 -2.5504
3.0674 5.9603
-1.1875 -1.1015
-0.9480 -2.6238
-1.2009 -2.5018
-1.4629 -3.2950
3.4229 4.8098
3.0527 3.7760
-9.8504 4.0829
3.6314 -1.2253
-7.7420 -1.5999
-3.3299 -9.9921
6.6722 -8.6432
-0.9313 9.4107
-7.6328 -6.4770
-5.9932 -6.4117
0.1575 -2.5314
1.4993 2.7025
-8.3192 5.8073
5.4444 1.8632
7.0564 9.4255
6.4112 -7.4393
-11.8639 5.4285
-5.9076 7.1892
2.8922 -1.3721
-6.2369 8.4581
-9.9849 -3.9472
-8.2320 2.9873
1.9525 0.8258
-4.1895 -0.6620
5.6655 10.6296
6.1647 7.2764
-6.7603 9.4568
-1.8998 6.1977
-7.0535 -13.7151
-0.9629 -1.5433
7.1733 -1.4203
7.9553 -9.7589
-1.2174 1.1318
-8.2908 -8.0136
1.4342 -1.4682
-9.0339 -9.3114
2.0550 1.1771
2.6795 6.3433
1.0894 -1.3977
-8.8379 -4.4181
-1.6215 -14.3156
-10.7715 -9.8468
1.0082 -0.9856
4.2096 -1.0767
-1.0417 3.8960
-1.5891 3.9674
-1.0999 -1.0932
-13.7502 -8.3227
5.4607 -1.3138
-1.7053 6.1869
-1.1276 -1.2897
-0.9451 9.9160
-1.1515 4.8675
1.4347 -3.6917
-13.3131 -11.8002
-5.8356 2.0318
-2.4115 -1.1529
10.1440 8.0757
9.0601 -8.0117
3.7949 -1.1075
1.5452 5.4581
-8.8420 -1.3292
-9.6458 -1.5573
-3.6230 -8.3743
-1.0232 -1.4915
8.4560 -9.3165
-0.0487 0.2453
5.4492 -8.5653
4.7665 0.1714
-0.9477 4.3625
-1.1266 -8.8352
-8.5374 -3.4981
-7.5656 -7.4208
-2.1424 -10.2607
-5.6682 2.3981
4.9079 -0.8221
-8.3212 -1.2136
2.6350 2.9142
-2.1040 -11.4474
3.6202 6.5279
6.5981 9.3843
-0.8979 -3.1414
-6.5716 4.6023
6.7904 4.9461
-1.5964 -8.1279
-1.1987 -1.9207
-11.8278 -7.3997
-1.3105 -5.7058
-3.7064 -1.2571
-2.8734 1.4254
6.1817 -8.1977
2.7641 -2.7622
-4.5545 -1.2545
-6.8701 -10.0208
-1.3185 -1.2273
-9.1280 0.8190
7.1029 -9.3055
-7.7123 -11.5811
5.2633 -2.0398
-1.1625 -1.3391
-3.5107 -8.4061
6.2611 -0.9265
-7.9788 3.5808
5.1070 -9.2599
-1.7364 -1.3801
0.1576 -11.2541
-1.3652 6.5790
0.2954 2.6756
-11.3537 -1.2878
-6.1782 4.1819
-6.7318 -9.2025
-12.5281 -1.7201
-12.3439 -9.2898
5.9914 -1.1110
7.1393 4.0584
-1.4060 7.3489
-5.5621 -0.5392
-1.2898 -3.4414
-1.8024 8.0693
-3.3108 -12.4288
-1.9606 -1.3282
-9.1914 -10.7982
-11.4409 -4.2637
-2.6925 7.7333
-8.3561 -9.5783
-13.0686 1.9388
5.7426 -0.6171
7.0407 -1.3540
0.4814 5.3463
5.8408 -5.0755
-1.8210 -9.9642
-8.2718 2.9211
12.3282 7.0945
-1.4834 -1.1824
-8.2559 1.7666
3.2744 -9.8559
5.3239 5.9663
-10.2727 -0.9954
-13.9674 -10.8431
-1.2846 -11.0864
-9.3918 -7.0244
-1.1818 0.5721
-4.1060 -1.5719
5.6779 5.7062
4.4635 -1.6437
-10.3049 -1.0959
-5.6938 5.2652
-10.5445 -0.9706
-3.3409 -0.9075
0.1001 4.5149
-9.3926 -10.6331
0.9721 8.0368
6.5725 2.7121
-9.5010 6.0976
-1.1129 -1.9935
-1.3502 -7.4015
-1.1833 -1.3791
-1.1633 -1.8315
0.7694 1.3224
-11.6097 3.6078
6.0749 -2.7815
-6.2099 -3.9688
7.2620 -1.1393
8.9493 -10.1980
-1.6044 8.6617
-7.1712 -10.3425
-3.4986 -1.2932
-1.3883 0.9183
1.0725 3.2115
-6.1051 -1.2670
-1.0830 -1.1550
-7.6708 -1.1024
-4.0393 -1.4212
-6.9749 3.9659
-1.5039 9.0959
-10.9318 -10.6739
-1.9286 -9.1191
-1.3288 -6.2415
2.4573 -12.4470
0.8808 7.6125
-2.6526 2.5378
3.7503 -1.2088
-1.3601 -6.8638
-3.5508 -10.2475
-9.5927 -9.8681
0.9331 2.9672
-1.2413 6.1233
-7.5545 -1.6819
-3.7883 -0.8822
-11.1424 7.1942
-1.1626 9.4549
-1.1331 -9.3507
-5.0133 12.8476
-11.1929 -10.8912
-2.8944 -11.6544
-1.2036 7.7084
5.2488 3.2928
7.4443 6.7363
3.3582 -10.6690
-8.8890 6.0969
-7.2485 11.3669
5.7196 -10.2812
-1.3981 1.9517
2.0854 -2.0866
-1.4312 3.5408
4.2978 -7.7976
-1.7759 -6.0783
3.2589 7.4611
-1.4293 -9.8849
5.2961 -6.5532
-8.8708 5.7271
-2.0532 0.2280
1.6413 -1.3002
-5.7405 -7.6250
4.4667 -1.2893
4.1153 -2.4261
-10.0091 -8.0840
-1.0118 6.3726
-6.4857 -1.8840
-1.6423 -10.0404
5.1078 -3.7540
1.4693 5.7619
5.6815 3.2988
-1.2217 -1.0020
-9.2058 -12.1578
-4.1912 -4.1860
7.8710 -1.0558
-9.4389 2.7368
0.5461 7.1096
-1.3443 0.7651
-6.8637 -1.6268
-7.6785 -1.3484
-9.3703 -1.4557
-2.1509 -1.1145
-13.9398 -4.5948
-1.1267 -7.9226
-1.4424 6.6360
-1.2419 -6.3972
6.2586 6.9598
1.7126 9.3052
-8.0833 -1.0157
-0.9546 -11.9868
-1.2410 -6.4472
-6.6533 4.2793
-7.1230 5.0332
5.0038 -6.5964
-9.9501 -1.1772
-8.9301 -2.7013
3.6709 -1.1313
-10.7493 -2.7486
9.7014 -1.3674
4.7912 -2.4812
-9.5736 0.1757
-9.8931 -8.1142
-2.9175 -13.4804
-7.9859 5.7013
4.5159 -3.4623
2.2998 -1.3861
-1.4738 -3.7808
-0.6847 -0.7770
-8.5714 4.2223
5.6631 -1.2214
-2.5882 -10.1134
6.9800 6.7651
-6.5998 -6.1855
3.2162 -1.1798
2.1513 -4.8763
-5.2483 -2.5366
-2.9018 1.5724
-7.4403 -9.4205
-1.7556 3.7568
-1.1766 -1.4638
4.9359 -11.3998
3.3089 -1.3220
-7.2401 -1.5595
0.5370 1.8961
-1.6576 -2.7792
-7.1206 -3.5360
-2.6151 -1.3467
-1.1696 4.5967
-6.9165 3.7642
-1.1187 -1.3003
5.1849 -11.5579
-2.3448 -1.2676
7.9311 -12.2911
-4.8934 1.6762
-5.0358 -10.0705
-2.2977 -3.1769
-5.0184 3.7131
-0.1561 -1.5534
-12.5328 -11.9657
-11.2526 -1.3365
4.1597 11.5189
10.2871 -2.6199
-1.4199 -7.7575
-14.3425 -9.0513
-7.8296 -1.5147
-11.6985 -1.2848
-5.3359 -1.5077
-9.2902 -3.1684
-11.9757 -7.6729
4.5156 -3.7541
-6.4594 -9.7562
-1.4972 -9.3647
-1.4803 12.1154
0.1301 -0.9744
-7.0884 8.2680
2.8309 -1.5367
-0.8009 -6.4463
-1.4420 -5.8401
4.5791 -1.2872
2.4889 -0.4442
-0.3157 -1.2924
11.9107 0.0480
-1.2811 -1.2522
9.8257 -1.1287
-6.0537 -2.5558
-1.4696 -1.6607
-2.6323 -1.2013
-1.2710 6.9553
-10.9424 9.9223
12.2040 -9.1809
7.2874 -7.9882
8.9333 -1.5445
-13.5285 -1.2364
-8.7486 -5.7353
-7.9910 -6.3631
-1.1909 -1.8049
-3.6486 -1.4084
-1.1513 -12.0121
8.0799 -8.2231
-11.0564 4.2030
-1.4332 -0.4162
-1.1571 -1.0724
-8.2780 5.0708
-8.5915 -1.2226
-3.0549 -0.8055
-7.2156 -3.0257
-8.5531 -6.0635
-8.7665 -8.3425
-1.4007 -6.2809
-1.2773 -8.0078
1.5822 6.6617
1.9070 -6.4526
-8.9829 9.0350
-7.7663 -0.4542
-1.2771 4.2644
-9.1600 -1.2712
-1.4748 -10.3996
-1.1954 7.4844
-0.8806 -4.7069
6.0781 7.3772
-1.3418 -1.6167
-1.4875 3.3386
-8.5380 -5.6565
-6.0197 -3.8680
-7.4717 1.9390
-0.2277 -2.3636
6.1285 -3.3492
-10.1911 -1.4559
-0.2928 -1.0913
6.2191 0.8478
-8.8919 -5.2834
6.6588 -2.3366
-6.3958 -3.2716
4.8703 -9.1527
13.2721 -0.7690
-1.1291 -2.0790
-3.6782 -11.0844
6.2113 -1.9764
-4.5296 3.4970
-1.2116 -3.3464
7.8674 -8.6798
-1.3838 -0.9410
6.9903 -1.1410
7.4936 -0.9707
2.1288 -4.6404
7.8826 -5.4137
-11.6271 -8.0506
-2.0321 3.2239
7.7668 -10.1596
-1.3012 -9.4366
-10.4275 -1.0281
7.4570 -2.2349
-12.2733 4.8224
-1.2257 -6.5191
5.7480 -5.6853
-0.9611 -7.5247
-10.0511 2.9852
-4.6151 -11.1977
-2.7214 3.5518
4.0422 -1.2450
-1.1485 -1.3400
-3.1811 -9.8502
-3.9969 6.1887
-1.3272 -8.9409
-1.3919 -10.3979
-7.2020 -9.7245
2.7129 5.3942
-9.7008 -1.2268
-12.4596 4.5668
-1.1608 -6.0526
-9.5477 -1.5488
-10.3614 3.3224
8.4792 -0.9714
-5.9522 -1.1930
-3.9770 -7.9013
-1.1583 -9.0277
5.4085 -11.7068
-7.9237 -2.5694
6.7766 -8.3770
-1.1266 -2.9898
5.7246 -1.2762
-10.1648 -1.3201
-1.4055 -1.2121
-9.8857 -4.6274
1.0897 -6.6466
-9.7278 2.9004
-6.3665 -9.3337
3.9207 -1.1321
-11.4268 -3.5434
9.1082 1.0672
-1.1446 -1.4699
-7.2729 -8.2635
3.5759 6.2069
-6.6891 -1.1614
1.2780 -1.2980
8.1278 5.1365
-1.5307 -2.1389
0.4542 -6.8983
8.2546 9.0043
-7.9188 -0.8781
4.7540 6.5793
7.1343 1.2309
5.7203 -1.7527
-1.1405 -9.9444
-10.5278 -6.2361
1.4327 -8.1363
-4.2701 -11.4414
-8.2121 -6.7816
-1.2771 -8.5893
-6.5398 3.1096
-1.0144 -7.5469
-2.1522 4.4678
-1.0144 4.3825
-8.3248 2.3112
-10.4489 10.2165
-4.2037 7.9452
-8.8653 -3.2243
3.0041 -8.4117
-0.7803 -2.6713
-10.2067 -5.8558
-12.7330 -2.5021
1.4941 -6.4343
-8.1542 -1.7476
-3.9648 -9.7426
-7.6378 -11.1301
6.6351 2.1967
-8.6059 -8.7838
-3.3668 -1.0498
-13.9176 -1.2554
9.3317 2.3527
-3.1734 -4.0311
6.0749 -6.1053
-1.0005 1.4892
4.1603 5.1063
2.8930 -1.4543
-9.1290 -9.4641
-3.8602 -2.0548
-2.3715 -2.6852
-7.5085 -1.1160
7.0552 -0.9872
-8.3860 -1.3508
7.2867 4.9939
-9.0822 7.3767
-0.9528 -9.3525
-3.1359 8.6896
1.7223 -12.7479
-1.2123 -1.2119
-1.3956 -10.3600
5.9175 -9.3986
-1.1954 5.6120
-1.3712 -1.3267
2.7336 0.1881
-1.3784 -5.5308
-9.6029 -3.3240
3.0192 -10.7399
-0.5258 -1.0652
3.9361 7.6738
-11.3169 -11.0327
-2.7440 -1.0632
-2.5490 -10.6641
-0.9702 -1.1588
-0.9663 -1.3723
2.3982 -4.3178
5.4879 -1.1217
-1.2790 6.9659
-1.3642 -8.5696
-1.4030 3.7477
-1.2888 -3.2614
-8.3738 -9.5163
4.2543 -1.2234
-6.9947 -0.9655
-6.5104 2.4627
2.7370 -1.1051
-7.1069 5.8991
2.2255 -1.5378
-8.4434 -4.7180
8.5561 8.3252
-1.9258 -11.1103
-1.2079 6.0649
-8.1127 10.6514
-2.8641 4.9472
-9.8562 7.9890
4.2862 7.0856
4.6696 -7.5011
10.9256 2.6071
-9.0194 -1.5154
-1.7401 -6.4881
3.0412 4.6706
6.7802 -2.0039
10.6550 -1.2628
-1.5015 -11.1112
-11.5832 -0.4685
6.2181 5.3874
-6.8240 -11.6247
-1.3079 -5.7169
-8.1318 5.0028
-1.2500 4.0985
-1.4326 -1.9779
-1.5877 -0.5529
-4.5993 -8.1603
10.6786 -9.9038
5.0916 -0.7885
-3.9708 -9.7201
2.3972 -13.4054
-3.0968 -11.4346
3.4778 -9.6894
-9.3047 -5.0074
7.9494 -6.5329
-1.6281 3.0089
-1.1228 -5.3295
7.2654 6.3860
-0.1225 -7.4836
9.3903 6.6998
5.6561 -10.6594
-1.0714 -10.9924
2.4090 -2.0289
3.4073 6.6722
-10.5685 -9.7906
-8.0312 -1.2907
5.7428 -9.1854
0.7448 -2.8630
7.4221 -10.0414
-1.1923 4.0367
-3.0143 5.0733
4.9967 5.7424
-9.3071 -1.2536
5.1536 -8.4828
-5.6130 3.7752
1.1103 -1.3392
4.4435 -1.3590
-1.5005 -6.6409
-8.5749 1.7618
-8.0372 1.2460
-3.8805 -6.5914
-0.3272 4.5309
-9.3252 -7.8132
7.9346 -3.3824
2.6232 -1.1055
4.5744 -1.5010
-2.4405 6.5861
-9.2502 -8.7712
-7.2007 -7.6129
1.7805 7.3726
-1.3439 -1.4893
-1.1818 -9.4539
-9.9244 8.4967
-1.2498 3.6066
-10.0754 -8.3456
-4.9758 -4.1458
-2.1829 -7.0270
-2.0849 -9.2039
7.5266 -3.8967
-10.9664 -1.3863
-0.5238 -1.2038
0.5110 -1.3917
-9.0161 9.6598
-7.5036 -11.8930
-9.1418 -1.8926
-12.7972 2.1590
-6.6979 4.0774
-3.4549 -10.7599
-6.7066 8.2688
7.7830 6.7807
-3.3676 0.6640
5.5315 5.0422
-8.0543 -9.9804
-7.4398 -2.6007
-1.7528 -9.4256
4.7284 -8.5284
-5.2044 5.5506
-1.5346 2.3899
3.8610 -3.1227
-12.6465 -7.0359
-9.2877 -10.1782
-9.0601 -1.3005
-2.5893 3.5885
-10.9591 4.4819
3.7566 -0.9079
-1.3273 5.7592
0.3416 1.9653
-2.7803 1.8421
-8.7352 -2.7243
-1.2826 6.8015
-9.8794 -1.4957
-3.0225 -13.9093
-1.3033 -1.1308
-1.1358 0.5476
-1.7964 -10.1817
-8.5733 0.4549
6.2691 -1.5499
5.3569 -1.6315
-10.3301 -1.3006
-3.6937 5.6601
-7.4174 -3.1791
-1.3018 2.7978
-0.9920 6.5498
-1.2285 3.4464
-8.3913 4.4451
-10.2132 -4.4156
-0.9546 5.9843
-9.3979 2.8044
2.3284 2.4664
-2.9172 -8.5940
-1.0612 -10.9105
-1.0309 -1.0491
-1.5170 -6.1699
-0.7215 -5.3867
5.0915 1.1678
-8.6342 -1.3223
-9.0510 -1.4851
-4.5424 8.0128
5.6227 4.3460
8.2894 -8.8880
6.8110 5.7585
4.3473 -10.4041
-3.1279 2.9602
-11.2161 -3.6431
0.3322 5.1333
0.9185 -0.9272
-3.5104 -11.5426
-1.1363 -1.3236
-1.0383 -1.7868
-2.4067 -1.7336
4.7136 -11.3623
-1.2329 -1.6378
-9.5652 -2.5947
-8.7260 -1.4542
-2.7430 5.8411
-11.8063 -2.8982
-1.2034 12.0731
-9.6271 -11.0744
4.9423 -1.4248
-7.2347 0.9080
4.1298 -5.3010
-7.1477 0.0825
9.0986 -3.4290
-8.7714 -1.1830
1.5249 -4.2018
-1.8760 -1.5533
-11.3925 -8.7093
-8.1458 -11.5296
-10.1890 8.3108
-5.0048 -8.4903
-7.7793 4.0637
-10.5458 -1.1308
-4.1925 -3.2663
-1.4001 4.9055
4.6434 -11.4355
4.5886 -7.7089
-0.8295 -1.1892
-1.1181 -1.2412
4.7996 7.0340
2.6848 -14.2865
-1.1534 3.6536
-6.7119 -1.4990
-0.2454 4.3869
-9.7951 -5.8542
-2.4217 -1.7828
3.6257 -10.7963
-1.2903 -1.4137
2.2982 3.8833
-1.5092 -11.7300
-10.4428 -1.4043
8.8868 -10.2456
-5.8619 -1.9551
9.6200 -1.1380
-3.2515 -8.0280
-1.4273 -2.1345
-1.2222 -11.4988
-2.1929 -10.8320
3.0282 -1.2246
7.2793 4.7269
-1.3069 -8.4862
7.1847 11.4075
5.1854 -2.1890
9.0337 6.4982
-1.2107 8.0866
-7.2377 -2.3268
-1.3629 -0.3383
-1.9466 7.1948
-2.2327 -8.8087
-3.3938 10.3104
-3.4242 7.0985
-5.9954 6.0085
-9.2939 -0.9537
-1.2062 -8.9145
-5.2288 -2.0231
-1.4713 -4.6702
-1.0986 -1.4204
2.3417 -3.0225
3.1958 -9.8272
9.4590 -10.3531
-0.9650 -1.9248
5.2615 0.9986
6.6816 2.7109
-3.0237 -2.5347
-7.6308 9.8379
-1.1214 5.1825
-1.8279 -9.7391
-1.1392 -5.3420
-1.2456 -9.0043
-8.5674 -2.6958
-1.5597 6.8951
-3.4387 -14.0047
6.5851 5.7582
-10.2663 -9.3897
-10.4303 -1.7325
-1.3291 -7.3017
-3.2066 6.1949
-6.8983 2.1950
-1.0527 -9.1203
7.0426 -1.2741
-3.5410 0.4673
-12.6120 -2.2793
-5.3898 9.8278
-1.1303 -1.3195
10.1734 -11.3862
-8.1693 2.9360
-1.7511 -9.3004
-6.1048 2.0785
6.7285 -6.2333
3.4286 -2.3146
-1.3396 -8.3862
-1.1697 5.4883
3.8136 8.7317
-5.7604 1.8205
-11.6252 -10.3824
-1.0754 2.2036
-1.3161 -2.4032
-9.4650 -7.4734
-2.9689 -1.0496
-1.3032 -1.4748
8.4122 7.2863
-13.5902 -1.3029
-1.2614 -1.3364
5.0939 5.3645
-12.8291 -0.9347
-7.0390 -4.9896
-8.4963 -1.4348
5.7953 -3.3314
-4.7830 -10.1956
-1.0569 -11.4381
1.5684 -1.2557
-7.2925 -7.2409
-1.6363 -5.7791
-1.3104 8.3275
-1.5304 -1.5919
-1.8435 -1.3491
-7.6551 6.7164
-1.2235 2.8138
-2.6442 -11.0013
-5.5664 6.7565
-7.8640 4.2094
3.9602 -1.4191
-2.6285 -8.7448
-6.9558 7.6775
-9.0887 -9.9871
-1.5405 -4.3942
-7.7236 -1.4800
-9.2609 -2.5407
-1.0514 -11.0571
-7.7469 -1.2689
5.7046 -1.4565
-7.8926 7.1303
-1.1847 -5.2812
-1.2965 1.4473
-3.9492 -10.1944
-11.9397 -1.1361
2.9221 -1.1280
3.2477 -1.4915
5.2240 8.4984
2.8424 3.7249
-11.8290 0.0773
-0.9857 -7.5009
5.5739 -10.1144
-1.0169 6.7559
-7.1406 -9.6654
-3.1588 -1.3642
0.0373 2.4837
-0.1889 -1.3786
-1.3770 1.8995
-9.5407 -3.9654
3.6885 -1.4065
0.3586 -8.1309
-1.0949 2.7522
-6.9860 -9.9458
-1.2784 5.7020
-7.7514 1.7588
-5.5462 5.2493
2.3395 -3.1396
4.6060 -0.2611
5.5926 -9.5893
-9.2995 7.9904
-4.6046 -11.1530
-8.9739 -6.6364
1.6630 -1.3098
-8.5005 -6.4355
-1.9677 -0.3626
-1.2421 -3.0676
4.4894 8.4478
-8.3697 5.8113
-2.2012 1.6693
2.1223 -0.7004
-1.2461 3.7667
-7.4126 -1.1809
-0.8327 4.4970
2.9110 -1.2584
-7.2877 2.0225
-2.2388 -1.3256
-9.1208 -11.2260
-5.9627 4.6257
5.7277 1.2643
-10.7755 2.1102
-10.2514 -7.9634
-9.1877 -2.0765
-1.0713 -10.3186
-8.5944 -8.6804
-1.3248 8.0271
-4.7925 -1.0833
2.0697 -11.0441
-4.2846 -3.8664
6.0516 -1.0997
-1.0098 6.5176
-1.3961 -9.0112
9.2594 -13.0160
3.0507 -1.5743
-0.9381 -12.7563
7.7247 9.5757
-12.3468 5.9060
-10.8876 -9.1478
-1.0866 -1.1563
-1.9302 -6.2816
-11.9343 -11.1964
-2.4710 -1.2884
10.7127 7.8081
-1.1798 -2.2803
-6.6018 -0.4286
5.6454 -8.0877
-6.7309 -1.1690
-13.1916 -1.3099
-0.8611 5.3590
-1.1641 5.7623
-10.7766 -1.5389
9.0218 -12.0322
-1.5020 3.6403
6.9548 -7.2918
1.0654 -1.3934
-1.4947 4.0732
7.5446 2.9666
-1.4073 2.3133
-10.0825 8.0463
0.4839 -0.1866
-12.3702 -9.8632
-4.1061 -6.7089
-1.1525 -1.0499
-3.0626 4.6459
-0.9768 -2.2316
6.0692 -2.9145
1.3254 2.0415
-5.6064 -0.7081
-1.3077 -8.6773
13.5273 -1.5173
-9.6668 -1.3968
-3.1673 -9.3322
-4.6996 -4.0486
-1.1562 -8.2681
-9.5645 3.8437
6.7665 6.0042
-1.0875 7.6978
-8.6851 2.9956
3.7409 -1.2617
-2.9043 -6.1728
-8.0964 -1.3187
-8.7208 3.3136
-10.1953 0.6107
-8.0220 2.3211
6.0108 -1.4043
-7.8430 -10.3932
-3.0408 8.7742
-0.8857 -1.3912
6.6894 1.1303
8.3745 -1.4099
-1.0875 -8.8675
-1.4193 -3.7174
-10.2902 -1.3282
-8.3559 -1.1943
-12.0825 -10.8746
-1.3826 -1.1539
-0.9579 2.8003
8.4889 -2.4328
-1.4634 -0.4254
-1.3571 -3.6315
-8.6430 -7.6459
-3.2141 -8.1318
-10.2167 -0.2016
-0.3675 -1.2176
-9.0438 2.1634
-2.9912 -2.0240
-12.5110 4.7633
-1.0337 -0.6239
-10.1163 -1.8331
-11.0004 -9.9028
-9.7235 7.2857
-10.6594 -8.9941
-2.6760 -1.4077
-1.5689 4.3644
-10.7824 4.6087
-7.5113 -11.3288
-9.7546 -1.4454
0.5972 5.3325
-7.0813 -8.1664
-1.1135 0.1659
5.7791 -0.2102
-8.1192 5.9918
-1.0213 -10.0597
-2.7977 0.1231
5.3254 -1.3003
-0.5261 -8.2857
-1.5105 2.7363
2.7185 -3.7497
5.9331 6.4109
-1.2031 -5.2086
-5.2159 -4.5761
-5.1356 -1.1300
5.6065 -1.0229
-2.0824 -1.4975
3.6766 8.0824
-1.0714 10.8362
0.2238 -1.2072
-1.2922 -7.7117
-6.0715 -9.4208
6.3625 -8.3439
-9.3840 -9.1489
4.3226 -3.6033
-10.0849 -8.8004
-7.0793 -1.6103
7.8378 10.3373
-10.5113 -3.3140
3.6212 5.0753
-5.4333 1.1926
0.0401 1.4332
-5.4474 -8.3304
-1.7593 2.5875
-10.9283 -2.2797
-1.7029 6.2766
-9.5247 -1.2664
-1.3781 5.8498
0.4386 -5.1201
-5.7885 -1.3616
8.0605 -1.4588
-6.2986 -7.6648
-1.0827 8.7490
-1.2256 -1.2106
5.7015 3.2268
-1.9119 8.3617
-9.2974 -0.4275
7.1146 -7.0872
-9.1062 -3.3394
-1.9827 4.7624
-1.3672 -11.7912
-1.5485 -1.8817
4.0968 1.4959
2.2915 -10.8769
-1.4527 -10.4907
-8.6271 5.0803
-1.1752 -11.8145
6.5829 -7.5573
-1.4727 -1.3988
-1.2020 7.8488
-10.8044 -1.2576
0.5713 1.0272
3.8524 3.7350
6.0035 -4.5898
2.3781 -1.3724
-8.1838 -11.7187
3.5110 -9.2198
-1.4230 12.8590
-8.8104 -1.4037
-2.7651 -1.0279
-1.1837 -5.3111
-8.0077 -3.8252
-7.3651 -1.5189
12.7089 -9.0424
-10.3548 -1.1852
4.8883 3.1561
9.0536 -1.4151
9.5666 -8.6518
5.0820 -8.4537
-9.8943 -6.1654
-4.7016 -9.6100
-3.1017 3.1752
5.9499 -11.0570
-9.7273 9.8250
1.1827 -1.2524
-8.4067 6.2629
-9.3851 4.2619
8.7953 -0.9450
-8.8228 -5.6325
-0.7725 -13.6192
-1.3210 -1.5085
-0.9432 -11.7777
-2.9268 -1.3046
6.0330 -11.7717
8.6137 -0.3728
4.0771 4.9251
-0.6905 -1.3808
5.9080 3.4253
11.2870 -1.3360
3.6341 6.1341
7.8301 -2.1650
-10.9500 -1.9030
-10.8813 1.5179
3.5692 6.0818
-1.0006 3.6304
6.3285 -5.4748
-8.5187 6.9106
-1.1996 -8.0426
-9.0142 -1.9684
-1.5572 3.3781
-6.3552 -1.6097
-4.6318 -11.3300
-9.9668 1.1661
-9.6610 1.7353
7.4833 3.0177
-2.3059 3.5263
-1.3324 -1.0605
6.2792 -9.5097
2.4618 9.3954
-10.4109 6.6789
-1.4168 3.5582
-10.0747 6.2295
-14.3944 -10.1693
-5.7728 4.4843
-1.5361 -3.6061
-1.6179 -8.9703
-1.3587 -1.1822
5.5413 3.7300
-10.0522 7.8865
6.7965 -1.4018
-1.4109 3.4944
4.8680 6.0637
-9.7947 -9.4310
-6.4771 7.2643
-1.2851 6.0099
-9.9003 -7.8942
-3.2811 -9.7797
7.3298 -7.9750
-7.4138 5.3057
-12.3372 -14.7370
3.4231 4.8071
-7.7974 -1.0915
2.3397 6.1724
2.5573 -1.5199
1.5900 7.0122
8.9296 -1.4186
1.5256 -7.9221
-1.4044 -8.5891
-10.5648 3.8403
6.1923 -0.9421
2.4007 5.6733
0.3946 -9.2673
-1.8928 3.8538
-2.5223 4.2300
-2.8644 -8.8139
-8.9117 -1.5970
-1.1512 8.5201
4.4633 -1.2436
-12.7245 4.7759
4.2554 0.8696
-1.1372 -9.1797
-0.5812 -5.4979
-2.3837 -9.6954
-8.9132 -1.2260
-8.9224 5.8008
-9.3796 -4.1720
-9.9420 -7.3064
6.3238 4.9827
0.4103 -12.2603
-10.0936 -8.5916
1.9933 1.0070
-7.9547 1.6782
4.5113 -1.3391
-1.3975 -1.2407
-1.6095 8.9089
3.5355 4.2523
4.3937 2.5843
-1.8504 -9.1370
-1.2929 2.7337
-7.2063 -3.4081
-13.7133 -11.7075
-1.3117 -1.1781
-8.8151 2.8042
-8.7731 6.2903
-10.8202 -0.6194
-1.5014 2.0029
-4.8254 -1.3349
-8.1657 -1.4220
-1.3653 6.8755
-0.4769 -8.8051
-3.0292 -9.6012
-3.7657 1.3193
-8.4052 -8.9706
-1.2529 -1.2137
1.6118 -9.2956
5.3704 4.9444
-6.9159 -3.1909
-10.9690 2.4078
5.4454 3.2630
6.0159 -1.1381
-2.1966 -11.6008
-1.2230 -1.3128
-9.6341 -8.4738
-9.2444 -1.1851
4.2445 -5.8072
-11.1155 -1.2456
4.8604 -9.0610
-7.2419 2.2134
-5.5604 -2.7265
-1.4463 6.3452
6.7760 -1.1737
-1.6304 -4.0015
-10.5619 6.6095
-1.4895 -4.9311
-8.7691 -3.1818
-1.1190 -1.1910
-1.2296 -1.0426
5.2963 -10.3712
2.8157 -1.4601
3.8718 -2.6377
-1.2069 7.2948
-3.9624 -7.1607
-1.2177 -1.5766
-7.2979 3.1911
-8.6599 -6.4507
-10.1713 -1.3679
-4.9195 8.8622
9.4560 -1.4999
-10.3538 4.8854
-1.5321 -0.8274
4.4127 -1.4094
-9.3741 6.7505
-9.5644 -7.9805
-2.4278 -7.9646
-1.4787 -8.0245
-8.2858 -9.0545
-0.2340 -5.9391
10.1359 -1.1699
-12.7631 -13.1217
4.0589 -7.3870
-1.4371 -3.5892
8.1527 -4.1023
-6.1340 1.5614
2.7505 -1.1974
-8.5765 -2.9510
-11.9299 -9.7799
-1.0149 -9.9148
-2.1382 -3.8233
-9.3384 -0.7293
6.7039 -11.0632
-8.6811 2.4508
-6.7002 -1.3871
-7.8939 -1.4993
3.1657 -7.5903
3.2857 -10.6906
-1.8488 7.7371
6.2228 4.4977
9.1882 -10.8257
4.2248 -1.0048
-8.6292 3.3791
-1.9533 -1.2383
-10.6838 -1.0753
-9.7088 -8.1654
-1.0886 -10.6066
-9.3888 -1.2038
-9.7489 -3.8334
-7.4318 2.6383
-1.1278 -7.7592
-1.6782 4.1985
-3.0513 4.7535
-8.8127 7.5008
-0.7604 1.6605
1.6974 -2.9096
-10.5888 4.4125
-7.9121 -4.6302
-5.6794 9.0412
-5.5780 -4.7977
3.5561 -2.8812
-0.8898 7.3690
5.0644 -9.9899
6.2189 -1.0846
-2.4173 -7.2628
-9.3137 4.7544
-13.7701 -1.3186
-8.0109 -1.3392
-7.9098 -2.2787
7.4838 -1.2267
-3.4614 -6.2910
-7.0612 -6.9124
-9.7769 -11.2827
3.5311 0.9009
5.5100 7.9857
-1.1129 2.6628
-10.2506 -1.4675
-1.2597 8.8606
-10.2048 -8.5373
-1.4211 4.9362
-9.6764 -1.2940
2.9362 -1.3095
-5.6389 9.0487
-8.1730 -4.4529
4.1265 -8.5414
4.4568 -11.3884
-9.9119 -1.3623
5.8251 8.0221
6.7934 4.2125
-10.8203 -9.3406
-2.1005 7.5970
-11.6352 2.9936
-0.3987 6.5178
-1.6053 1.7635
-10.5628 9.5158
5.4233 -8.6333
-3.4257 -0.5601
1.7397 -2.8514
7.1297 -9.2004
8.2197 6.1147
7.1051 5.8928
6.4899 -5.2550
-8.3514 -12.1977
6.8342 -8.2238
4.1584 0.6953
-1.9028 -1.1877
-1.1202 7.4913
-5.3413 -10.1945
4.5375 4.0425
4.6628 1.3140
0.8526 -2.6188
-0.3215 2.3450
-1.4167 8.5057
-3.0317 6.5534
-1.6175 6.2143
5.4648 -3.5272
-12.9491 0.7462
-3.1970 8.3063
4.0573 7.7282
7.4070 7.9112
-10.3474 -6.8467
4.3067 -10.6896
-10.5999 3.8494
-1.2493 0.3230
-4.7616 -0.9995
5.9737 -12.4846
-5.3787 -1.2452
4.4185 6.2115
-10.0512 -1.6855
-1.8598 -10.0830
-6.0096 2.4243
-3.1270 -10.1648
-1.2850 -6.1346
-1.4688 -1.2969
-0.9096 4.9142
-1.3230 3.5331
-7.0166 -9.2170
-1.2134 -1.4826
-0.2513 0.7587
-4.5444 -7.7673
-10.6673 1.9589
-1.4038 6.2943
2.4534 -4.0861
-0.5986 -6.8027
-9.0036 6.3794
-7.3054 -6.4093
4.3866 -3.9352
3.0272 4.6994
3.9523 -1.8397
7.2349 -1.2358
-1.3673 6.1492
-10.0197 -12.8987
6.7797 -2.8104
-2.9257 7.0080
-1.2450 -0.9606
-1.5001 -1.0350
-2.4387 -9.9942
-6.4514 -9.7138
-3.5436 -1.2431
-8.6843 -0.8339
-6.3777 -1.2485
6.3703 -10.0758
-2.4512 -1.1171
-1.1600 -1.9565
-11.4622 -1.3107
0.2456 -4.5271
-7.3221 -1.1995
-7.3462 -8.8197
-12.0108 -1.4641
5.1051 6.6747
-2.1744 -1.3683
7.2025 -1.3366
-1.1950 -11.2789
7.6057 -3.4010
9.0550 -8.8607
-2.8240 -1.3493
-4.6733 -2.5373
5.8363 2.1286
1.5648 -6.7840
-1.4970 6.0519
-1.4545 6.9944
-9.6775 -10.6824
6.4953 -7.1723
4.6813 -1.5777
-0.9103 4.9698
-0.5543 5.1923
-7.2119 -10.7910
4.9653 3.5476
-1.9861 -1.3387
6.6324 -1.7160
-1.1582 -4.7369
8.1255 -10.4500
-9.1089 -1.0933
-1.0484 4.2763
2.0049 -6.7234
-6.7295 -1.2092
4.8127 2.0978
5.9059 -6.6578
5.1157 6.9926
-7.5512 -1.2660
-7.0744 0.1893
-1.3515 7.1279
-1.0076 -6.1273
3.9450 -0.7461
-6.3374 4.6477
-7.9328 5.6889
-8.3129 -2.9166
-1.6193 -8.6523
-1.2219 -11.0925
-0.1494 -9.3972
3.6643 -3.1868
1.2430 -10.1197
-1.2177 -2.3774
-9.3947 -8.6267
-2.1331 -4.9249
-1.1755 -10.0580
-1.0277 7.3878
-3.3893 9.4753
-1.3395 3.1477
-0.7085 4.7494
-4.2761 -1.4980
-0.4159 -2.7646
-1.1575 -1.0332
6.8348 -1.3689
-1.2871 -2.9582
-1.2852 -1.2510
-8.0978 -3.7616
-1.4557 8.2263
-7.6376 10.7725
9.6125 -6.2866
-1.2257 -8.4305
-2.5237 -0.5574
-3.4049 -2.3970
-10.3691 -3.9057
-6.5589 -8.7140
-1.5095 -1.1026
-1.2452 -1.9304
8.0541 -1.4675
11.5177 1.1450
-10.9741 6.0983
-11.1416 -2.9654
-1.2691 10.8464
-2.3882 6.5557
0.8347 -8.9106
-1.3455 -6.9752
-7.1839 6.3752
-1.3912 -6.8190
-10.8283 -1.4094
-10.3696 9.6327
-2.0108 4.1631
-0.3525 -0.9210
-13.4333 -1.3246
-12.4722 9.5923
-3.6630 -7.7467
5.9139 2.9002
4.8115 -1.0693
-0.1001 5.7537
2.0667 -7.9891
-7.7413 5.2626
-1.3684 6.3753
-8.7447 -1.3586
6.8465 4.8912
-3.3504 -5.9443
-2.8214 -1.4093
-9.8101 3.6318
-1.2892 -1.2292
-3.1759 -8.8310
-8.3984 4.7355
5.8723 -7.1229
-7.4788 -9.7701
-3.2382 -1.1157
4.4843 -9.7215
-10.5914 -1.2929
-2.5085 -11.4088
6.6376 2.1661
-9.9783 7.0744
-2.8580 -11.3715
-5.2710 -1.1657
-1.0847 -7.3457
0.8982 -9.8243
8.7776 -9.7462
-1.4688 -9.7177
0.9784 6.8516
-1.4430 -1.1708
-6.1278 7.3592
-8.6406 -3.7217
-1.7833 -1.2333
-9.7003 6.6898
2.9413 7.5128
-1.4641 -9.0427
3.7479 4.1508
-0.9331 -1.3651
-1.5833 -8.1854
-1.1715 -1.2276
-2.4074 -0.8831
-8.0759 -1.2903
-9.6658 -7.0882
-9.0736 -6.7569
3.0514 -0.2123
-11.8074 -1.2059
5.2117 -2.1043
-5.3474 3.8052
-5.7315 2.7228
-2.6519 5.5280
-1.2434 -8.1499
6.7507 -11.0946
7.4300 -9.7127
3.5191 6.6899
9.1107 -10.9097
-9.2533 -0.1480
-9.3501 -1.1380
-2.5764 5.5795
-10.1517 -7.4543
-8.3327 -3.2969
10.3242 -1.3292
3.1092 -4.1470
3.9723 0.2341
-7.0196 -2.0028
-5.1039 5.2237
-1.1609 -10.1058
-10.2302 5.1885
-0.8555 -11.3443
-1.4748 -2.0290
-0.6250 -3.2950
-6.3282 -9.7900
-9.2188 -11.4234
-1.3324 -1.2011
-1.2307 5.4218
6.6140 -2.0962
-1.3386 5.9994
-5.4488 -2.0861
-0.9280 -1.5120
-1.3831 -11.3982
5.7746 1.3168
-1.3855 -9.9272
-3.1798 -9.2839
-9.0825 -3.2813
3.7763 -10.1328
-1.4134 -1.1786
3.2046 -1.4533
3.4641 -9.7089
-1.3359 -1.0906
-1.3805 4.8902
-8.9246 5.0407
6.9569 -1.4935
-1.0169 3.5863
6.6575 6.7286
1.7782 -7.4922
-9.4893 -6.8005
-7.7930 6.3176
-10.1337 3.3136
-2.6685 -10.0463
2.2571 -1.6024
7.3053 -6.5683
-8.9223 -6.9616
-1.2796 -8.9492
-11.5271 4.1618
-9.8128 5.3768
-1.1137 -1.6971
5.1615 -1.0810
-1.2555 -14.0600
-1.1801 2.7888
-2.7943 1.2798
-5.8817 -4.8277
-10.3861 1.2391
-0.9996 -8.0212
-14.1840 7.4017
-1.6566 -11.3515
-1.3437 3.1045
-0.0593 -1.5166
9.7221 -2.0078
-1.4964 3.6115
-1.8002 3.4303
4.4640 -5.9297
-1.3709 7.3767
3.3254 -1.5460
6.3905 4.0041
-1.7745 -5.8115
-1.0001 -9.0082
-6.4975 4.4401
5.4455 -1.4553
-9.3114 -6.3711
-8.7504 3.5257
7.0068 2.2964
10.4015 -1.3625
6.0877 2.2185
-0.8053 -1.6445
-9.1029 11.1224
-7.4585 -1.1222
2.8974 4.3907
-7.5879 4.0887
2.9907 -10.2872
2.5958 -1.2771
-7.8406 0.0691
-1.4376 -3.7032
5.0325 1.9252
-3.3946 -1.4026
0.0015 -14.1815
-8.4555 -1.4748
-6.2177 -1.6179
-1.6465 -4.3755
-1.3784 -9.0664
-7.6078 -1.9324
-10.1134 -5.9334
-10.4590 -1.9083
6.7597 4.0776
4.7541 -7.1835
-10.7439 -9.2393
-7.0124 7.7810
7.3265 -10.2815
-9.4805 -10.7825
-5.6138 -1.2117
-8.5712 10.6501
-8.0502 -3.3675
-1.1311 5.2303
-1.1859 -7.8029
-12.4547 -2.2936
-8.3618 -3.8452
-1.2546 1.5353
6.3633 4.1041
-12.2775 -1.1166
-2.2458 6.6314
5.8945 -1.5458
-8.0625 -13.4327
-1.0422 3.5017
5.4855 5.4928
-9.1665 -10.4545
-12.7054 0.2547
-1.7301 -1.2557
-1.3242 -9.8410
-10.4141 5.6983
-0.9508 4.9873
-9.5136 6.4249
6.5587 -7.3454
-9.9340 -1.4009
3.7970 -8.8579
-2.4232 2.2916
8.9299 -2.5215
-4.1051 -3.7628
-1.2700 -2.5079
0.3516 -7.5803
9.2730 -2.5317
-12.2374 -11.1142
-3.1567 1.6382
-2.9477 1.9914
-7.3780 -6.8035
-10.1783 -11.6084
-2.9845 -6.3002
-9.4484 2.4489
-1.2080 -2.2545
-1.4181 6.2962
-9.2010 -1.4478
-2.0688 9.9835
4.8644 0.2817
6.1460 -1.2169
-5.5333 8.5321
-1.0224 -2.1340
-1.3426 -9.3895
3.6346 -8.6708
-1.1975 -1.2966
-1.2384 1.9997
3.5902 -9.9277
-1.3409 8.1344
-1.3729 -7.6175
-1.1468 -2.3434
6.8979 -0.2056
-1.0366 -1.0893
-9.0071 -10.9578
-1.3967 1.4660
-1.3403 -1.3277
-2.8084 5.5558
5.0154 3.8630
6.3023 -1.2984
-2.8690 -0.9064
-9.9519 -1.4755
4.4116 -8.7261
8.5417 -3.1936
-8.1253 -1.4817
-1.1636 -6.0480
2.1245 -5.3510
-1.3468 8.6223
-7.4279 -1.0473
2.1948 4.9813
-1.3614 4.1024
6.6960 7.7964
-14.0131 6.0298
-3.3603 7.6133
11.0902 -10.0642
-8.5421 -9.0557
-3.0337 -2.5673
-1.2751 3.8194
-7.8057 -8.7741
-2.4297 -8.3429
1.5453 -1.2611
-1.3147 -5.7527
-8.3887 8.7288
-1.8840 6.5629
-8.9220 -7.3052
3.7917 -1.1885
5.2537 -9.4554
-7.8207 -0.7321
-11.5480 -0.1156
-8.3057 -6.9142
-1.5429 -1.1350
-2.3390 1.6395
-12.2858 -13.7104
-1.5062 -1.3779
-2.1221 -8.8042
-1.4454 -5.9869
3.1454 -0.9367
-8.7587 4.1026
-1.2303 -13.0230
3.4550 4.9797
4.0073 4.4102
-9.8704 -6.9676
0.8306 -7.7342
-3.0100 -7.7869
9.3190 -11.6566
-1.1284 2.1671
5.7739 -11.8858
-1.3231 -13.6429
-1.3178 -1.2025
-1.4258 -7.2589
8.5750 3.1621
-1.0939 -8.5636
-1.1998 -10.5771
3.7395 7.5069
-11.5544 -1.2173
-0.8939 0.4260
-6.0205 -7.3830
-1.4118 -8.8490
6.6021 5.8212
-8.2484 -1.3391
-1.5285 1.0948
-6.8660 -2.9548
-0.8960 -1.6506
-1.2713 -1.2136
-1.0979 0.6163
7.9577 0.2759
1.8836 -2.2236
-1.4691 2.1211
3.5483 6.3424
-6.9069 -3.4638
-5.2239 -1.4040
-2.7808 -2.1739
-12.1906 0.9299
-11.2367 -1.1353
-4.6735 -3.0465
-1.6520 -4.5945
-1.4878 -10.6497
-1.5765 -5.6255
-6.4967 -8.8907
-5.0781 7.7522
-8.4145 -11.1748
0.0334 -7.5415
-10.6244 -9.9117
3.1539 7.4235
-1.4015 2.6177
-1.2285 -2.3134
-1.1487 -6.4106
5.4581 4.9571
-7.2496 -8.4062
3.4866 -1.2939
-7.4255 5.2522
-7.1847 -11.6261
-9.9049 -11.5002
-2.3891 -8.3048
-8.8183 -6.6092
-1.2325 11.2801
-1.8381 -2.1391
-10.8174 -1.3767
5.2233 -0.6028
-7.3073 2.2087
-1.6495 -0.8066
-10.9352 -3.3522
-2.1328 -8.0775
6.4462 -8.8766
-2.1624 -13.6686
-6.3069 -5.8789
-3.3414 3.7730
1.1853 5.6774
-4.5842 -1.7656
0.6146 1.2475
1.2127 -4.2890
-2.6061 -2.0335
3.7524 -4.3358
-5.8654 3.7332
-2.0687 -1.6929
3.7301 -1.5542
6.8898 -3.9955
3.8559 7.4275
4.2021 6.8249
3.7972 2.6517
5.6752 8.3656
-5.3225 -3.1329
3.3009 0.5128
3.6656 -5.6267
-2.9887 -3.5675
-3.7752 -8.6030
3.7301 9.4779
-4.3560 -3.2908
10.2500 -4.8560
-4.7026 3.7547
2.3550 3.7892
1.8330 0.0370
3.7705 3.8067
-3.7822 -2.0043
7.2044 1.6304
-5.3199 3.7716
3.3295 4.2339
-1.8419 3.7011
1.6821 9.1176
0.0581 6.0327
7.6457 3.6011
3.6202 -3.9361
0.2198 1.5900
-3.8701 0.3429
-0.7748 -2.2292
-1.0018 3.3234
-4.6209 1.7068
3.7144 1.4986
1.9758 3.6500
9.0451 8.5816
3.7173 -4.6374
3.7429 0.6875
2.0199 6.8584
0.6161 -0.2596
4.3502 -2.6269
6.3486 -2.4581
7.7835 -4.4256
-1.0010 -1.1945
7.8548 4.3173
1.4839 3.6493
-1.7436 -0.5454
3.7248 -3.0903
-2.9779 -2.8253
-7.8481 3.7752
-4.5996 -0.6070
4.9279 5.5665
0.9436 0.3225
-3.3884 0.1099
0.5073 5.5587
1.4579 -1.9955
1.1915 -0.4282
5.2987 -6.4502
-3.2947 -4.9509
-4.5347 7.8377
-1.4113 -7.7383
3.7011 -1.7977
2.4248 -1.9942
-2.9443 4.1028
-7.8546 -3.0491
-2.3259 -5.1121
5.8199 -1.1778
-2.8624 1.9434
2.2914 -3.7270
-0.9529 9.2108
1.8036 -0.8680
4.2767 3.7992
5.1225 -4.7709
4.8588 2.0071
3.8271 5.4470
-3.5743 3.7511
-3.4893 -4.8482
-4.4245 1.5626
-6.8235 -4.0820
-3.0493 -5.0431
6.6183 3.8077
3.7195 3.7802
-1.4866 3.7322
-1.4337 -1.8254
0.2625 -3.2855
1.9105 -4.0735
-1.8366 7.2958
0.3563 8.8284
10.1637 5.2356
-6.4914 0.5701
1.2008 -1.1581
4.1137 3.7822
-4.8871 -1.4562
-3.1805 -6.7214
-3.2595 3.6698
-0.8761 9.8358
-3.9740 8.8876
-1.0656 3.7317
-0.4349 4.0064
7.8234 0.4494
6.5931 3.6018
5.5745 3.7717
4.3557 6.3463
-6.6925 7.4997
3.7538 -6.3974
-1.7457 -3.5190
3.7454 0.3397
9.4473 6.2250
-2.0657 9.0730
3.7594 6.6023
3.8334 -3.4757
-0.0794 -1.9882
-1.3007 1.4644
3.7835 -2.6692
-7.3415 2.1901
3.8572 1.9168
0.3099 4.2582
-5.9968 -2.6803
5.3550 -1.0068
-4.9252 -4.1782
2.7794 -4.8214
-0.8927 3.8077
3.7452 -4.9899
-3.6523 -2.7218
10.3083 3.8331
-0.3265 6.8181
3.6778 -1.6704
3.7879 3.6692
-1.0854 8.2379
-0.1479 -2.2672
-5.5000 5.7151
0.8030 -3.6908
3.7916 -1.2681
3.8736 5.3174
2.0377 0.3766
-1.9325 8.5525
-6.8361 3.5149
5.9373 -1.2401
5.7002 9.9089
-2.9145 2.5826
2.5811 -1.2571
1.9310 -7.0077
-0.0070 7.9646
3.0016 -5.4071
3.7337 -0.9624
-5.1374 -3.2436
-0.0319 3.6884
2.1250 3.3676
2.7653 -1.0034
3.8490 0.4203
-0.6818 3.8030
-3.3955 2.3805
4.4987 4.6782
-3.5554 3.7406
3.7305 -2.0871
-4.5606 3.8049
-3.1786 3.8284
3.7413 3.7048
8.8529 8.0023
7.4519 6.0411
3.8104 2.8685
-3.7956 -1.2792
6.4240 0.4602
-1.7261 -5.0933
0.1088 1.2459
0.9484 3.8325
2.9009 -2.1971
-3.3840 3.6939
-5.0549 -0.3281
5.3085 -1.1656
-6.1448 3.7089
3.7936 -3.9492
7.1322 3.7993
6.5588 -7.4926
-4.0088 -2.9230
-3.6384 -5.9065
-3.6409 3.6664
-4.3528 -5.5758
1.3790 -2.2137
-2.4251 4.1622
-7.3916 1.3497
-2.5220 3.8870
-2.8502 3.6993
-5.3595 -2.5518
9.9317 -5.8975
3.7944 -2.9944
3.6499 3.7616
0.3982 -0.6899
-4.1329 0.2665
-3.3180 -3.0923
-2.9250 -1.6124
-4.3380 -1.1786
-3.8428 -3.1281
3.7789 0.6669
-6.9878 1.1342
-4.4987 3.6984
-2.3300 -0.7180
3.7233 3.7625
2.8102 -1.6657
3.7715 -3.9413
3.7797 -7.1495
-3.2894 3.5713
2.1856 -0.1587
5.5153 0.7559
-3.0800 3.7051
-0.7548 4.2952
3.6386 2.0910
3.7213 -1.0916
-1.2019 1.4407
7.1580 7.0986
2.4826 -2.0310
5.5029 4.7080
4.2349 -4.2250
1.9223 6.9234
-0.1426 -1.6846
-1.4910 10.0423
-2.0585 -0.3946
3.6808 -3.0118
-2.9467 -5.5763
-1.3141 1.8119
-2.4688 -3.7862
5.6672 4.7686
3.8764 3.7363
-1.1723 -0.4465
-3.4727 1.6599
-6.4527 -1.9780
2.4490 -5.4640
-0.2836 -5.7142
0.3214 -2.5078
3.7174 -3.8782
3.7516 3.5673
3.6051 7.0681
3.7234 -4.4934
-2.6696 2.3292
5.7661 -5.1290
2.8082 4.9337
-4.0477 5.8102
0.2771 -4.5705
-2.7808 5.6898
-4.2515 4.8991
6.8492 7.4052
3.7671 0.7004
4.2443 -0.1988
-0.8200 5.1938
0.2732 -1.5255
3.2589 3.2095
-1.7111 -4.6714
1.4614 -3.7946
3.8435 -2.7141
1.8750 2.4903
-3.5256 3.7731
2.5438 9.8040
1.6090 3.6986
-2.9639 0.8068
3.7618 3.7140
-5.8015 3.7758
-4.3306 -2.2608
-2.0776 -3.7608
-3.3556 -3.4607
0.2394 -0.4523
-3.2895 3.7990
3.8407 3.8193
0.3792 3.2600
2.4227 7.3700
0.0873 1.9328
-6.7230 3.8022
-3.0850 4.8318
-2.9602 2.8643
6.6507 -0.0343
-3.6113 -1.2075
2.5683 3.7290
9.0843 -1.2986
1.2395 8.5642
7.5852 6.4318
-4.4770 -6.9632
-0.7120 3.7297
-5.0618 6.4287
3.8312 -2.4254
7.3014 2.2737
-1.6788 -2.0941
9.9594 -1.2571
-3.2365 -0.0178
-3.0856 5.1897
-3.9256 -2.4051
5.7156 -4.4434
-0.8349 2.6733
-4.7376 3.6673
8.3498 -1.8530
3.7321 -0.9049
8.6703 3.8364
-4.5121 6.9504
2.6721 -2.4660
-3.5250 5.9270
0.0424 -3.8290
-4.9406 1.8247
-6.3838 1.3912
0.8683 -3.9620
-2.5226 -3.1746
4.8157 -0.3672
-3.3793 -1.5060
1.1000 -3.3981
-2.4455 6.6059
3.8233 -2.8581
-2.9593 3.8987
-5.5377 -2.4682
1.9044 2.1311
-0.3915 -5.1175
6.0026 3.7302
-2.1557 -1.6051
-0.5734 -0.1093
-2.0039 3.7946
-1.9270 -0.9886
6.9374 3.9157
-3.3698 -0.2346
-2.4960 -4.5287
1.6692 -6.3228
0.0077 -1.3747
3.5492 -2.2019
9.7182 1.3001
1.5080 -6.3707
-6.0844 7.0044
8.3305 8.0510
-3.3223 3.8824
-2.4646 -1.6384
6.5041 -2.0702
-0.1760 3.7124
0.9520 9.6115
-0.2816 -2.7258
5.9501 2.9293
-4.9161 6.0825
-6.1631 3.6578
7.7032 -0.0162
-4.7999 -4.9050
-1.3330 8.0180
7.5224 -3.9608
9.0872 5.8655
1.3042 -1.0521
-0.4841 -5.4741
3.8186 -1.1822
-6.4929 -1.4263
-3.6783 1.0853
-1.4353 3.7650
5.9923 3.6728
6.0157 8.3776
-0.0190 8.0760
3.7003 -4.8013
3.8550 -1.9109
4.8071 3.6740
-5.1014 -2.9419
3.8246 6.5035
0.6162 3.5287
-0.6030 8.7383
-2.0799 2.2304
3.7642 -1.6395
3.5997 2.8684
0.9677 3.8344
2.0614 -1.5609
-0.5895 7.0450
-0.2775 4.1783
-3.9900 4.4621
1.1702 -2.2569
3.7941 -3.9133
3.8616 -2.2283
10.7278 3.8195
-2.2622 9.8963
-0.6599 0.0304
4.8762 -2.8544
3.6948 -4.7938
3.8218 -5.1448
-0.2903 0.8546
5.0025 4.0762
-3.4173 2.3464
3.7218 3.7643
1.3155 -4.7070
4.7256 -1.9991
-2.0652 4.6760
-1.4596 -0.5043
-4.1405 0.9904
0.7037 2.8916
1.2919 0.8466
-0.0904 8.0444
-3.7688 6.8503
-0.9967 -7.6226
5.3631 4.6481
-1.0289 -0.4223
-1.1595 -3.7821
-4.3435 -5.8238
-7.7612 -3.3990
-4.7932 3.8347
-0.7533 -2.5687
3.6389 2.4266
-3.7660 3.9863
-1.1382 2.4211
3.8360 3.2884
-8.1065 3.7466
-2.8831 0.8595
9.3187 -6.0426
5.4625 -6.1947
-3.6264 2.3497
0.5561 3.7974
0.8722 7.6597
5.5502 -1.9189
6.4863 4.3896
3.7799 -1.5377
-2.1790 3.7448
3.8950 -2.2317
6.3686 -3.2905
-2.6836 3.7419
3.7632 -4.2706
-2.6855 -2.6583
-1.6489 0.4527
-1.7218 6.9072
-3.7854 7.6202
-3.5596 5.9455
-3.5762 -0.3507
3.7944 -5.5426
-0.3398 6.8019
6.9927 7.0470
-5.7826 -5.9713
-4.7960 2.5885
9.8426 0.6886
3.7567 -2.6893
-0.7535 1.4432
-7.2395 -1.7640
3.7409 -3.0824
3.8242 -0.9851
-4.2409 -3.1804
-2.6795 2.3253
7.0439 -3.2479
2.1346 3.7685
1.7911 -0.3491
-3.0719 -1.7859
-0.7830 0.5200
-4.3565 -0.5905
6.1647 -2.5440
-4.1489 1.3689
-3.7511 0.6641
-4.0844 3.8099
-4.8473 -5.0083
-2.0699 -0.4194
1.0279 -4.5187
-2.6959 2.3964
4.0072 1.1059
-3.7583 -4.0855
-2.8810 -2.4390
-5.1874 3.2111
-3.8357 6.7795
0.9341 7.0496
8.8542 8.9665
-1.8189 8.8848
3.8457 0.8857
3.6939 4.8936
4.4281 2.0582
-0.0966 -2.9397
-0.9838 2.7191
0.9122 -1.0346
3.7216 8.0291
3.7701 2.4801
-4.7097 -7.1153
6.4981 2.2322
-5.1899 -5.0736
1.0095 -5.6356
3.4558 0.2454
-4.0185 -2.6205
6.8060 3.7492
-2.7785 3.7277
3.8429 -2.7175
-4.9883 8.6013
-5.4932 -5.1984
-2.7176 6.1453
8.0285 -3.9403
-0.7614 6.2517
5.9468 -3.6751
-3.4344 3.7617
6.6946 5.4018
7.5568 2.4542
-0.4912 3.7725
-4.5638 6.0458
-1.6556 8.4201
9.2045 -6.2044
-0.3432 3.7880
3.7978 1.2348
3.8357 -4.7131
0.6769 4.3151
3.7799 1.1012
-0.3763 3.7670
-3.5946 -2.3446
-3.0409 -2.2556
-5.5844 2.1816
6.4144 -2.5180
3.8171 1.4784
-3.6098 -3.3432
0.8153 -4.2519
-6.4327 -4.2257
3.7945 -6.7821
-3.4399 -2.6290
6.4155 -1.0819
5.8117 -2.3560
-3.6887 -2.9829
-0.8167 3.8922
-0.1142 3.8592
3.8322 -4.4144
-4.2080 3.6806
3.6600 0.0762
-0.7389 -1.3715
-2.3846 6.1139
3.6077 -2.2011
-6.1106 6.9790
3.7500 -4.6794
5.3695 3.6930
4.1077 -1.4989
1.7610 3.7053
8.0074 -2.6565
4.1472 7.8279
-0.3115 3.7843
5.9656 2.5133
10.0035 5.3466
-3.8259 -1.6470
3.7982 2.7191
1.6956 7.5740
-4.2135 3.4382
-4.0223 0.0387
5.8530 0.8004
-3.8482 3.8917
7.2714 2.2199
-2.2478 5.8046
8.3124 3.7349
-4.5095 3.7896
-4.1783 -2.0268
-6.1183 7.0860
-3.8748 3.7666
-5.2796 -3.3087
3.9365 -1.2998
7.9972 1.2990
-2.3069 -4.8010
-4.2781 3.8992
3.6583 0.0202
-4.3045 -3.2629
-4.9767 0.3225
3.5944 -3.3053
-4.4667 3.8254
-2.8758 -2.8778
4.8973 -3.1152
6.3724 -1.2062
-3.9109 -5.2778
-3.7664 6.3619
-0.0022 2.3157
-1.9219 0.8028
6.2249 3.4979
3.7795 -2.8893
5.1554 -1.9161
3.8041 1.0203
3.8790 -3.4264
2.7097 -3.8964
0.1472 4.8124
3.9621 2.3521
0.3446 -1.8715
-4.3310 -2.8078
1.3747 4.5009
-1.1535 -1.0596
-3.5260 -5.7401
3.0387 3.7633
-2.2328 -2.8728
4.9441 4.4490
7.7179 3.8387
-2.9867 -2.4082
-0.9762 1.3475
-7.4570 -6.2204
-3.5969 -4.0314
-2.8913 -3.9701
-0.6187 -7.5271
-0.1528 3.6967
-5.1923 -2.3157
-3.7301 0.4336
0.7320 3.8238
0.2141 1.0884
-4.1708 5.4383
-0.3119 3.7626
4.4374 7.2156
-6.2158 -3.9977
-2.1593 1.9090
-2.7285 5.5797
-5.7684 -0.1620
-4.1216 -0.1351
-3.5966 -6.9369
-3.0004 3.7852
-0.8662 -2.0702
0.7467 3.6350
5.4132 -1.1805
0.0682 1.8236
0.1290 5.1464
4.1122 2.4647
3.7216 -2.8265
2.0586 3.7212
-2.2022 -5.0478
3.5314 3.1575
3.6554 10.0188
-3.1873 1.6890
1.6415 4.6130
6.1722 -0.5644
-2.2791 3.7444
2.2732 2.0228
0.4832 3.5078
-5.2233 -3.0777
-4.2087 2.2159
-6.2593 -3.5696
3.3008 3.6579
-2.7338 1.1042
-2.1053 -2.0524
1.5098 7.1385
-4.4317 3.7676
2.8240 5.0329
-1.4308 -8.3987
-0.9125 -5.3207
-0.6835 3.8015
-5.7936 -2.4855
-1.9512 -2.5427
3.7055 -1.6033
5.2776 8.8639
7.3404 3.9044
0.9856 1.8541
2.8198 -4.5241
3.7463 3.4485
-3.5672 -3.0361
-4.3814 0.4780
-1.7896 5.6949
3.8415 -3.7706
3.8271 -5.1883
0.1784 -0.5074
-2.6041 3.8695
-3.5238 5.0681
-0.4460 -2.3124
3.3939 -1.6061
3.7053 -5.3018
9.8707 -3.9134
7.6208 3.7677
0.0556 -4.4296
8.8751 1.3415
-4.3826 -3.0811
8.7482 -3.1944
3.8193 6.8561
5.3816 6.1942
-6.2969 -6.5549
1.6598 0.2370
-4.1052 -6.3320
3.7196 0.7208
-3.9269 2.5997
-0.1761 -5.4347
-1.0230 1.0557
6.1067 -4.5427
5.3661 3.8240
1.1889 3.8418
-4.0686 -6.6514
-5.5322 -3.0973
7.8681 -1.9585
1.7587 2.1132
1.3338 4.4706
4.2473 -4.4050
-5.5692 -6.4140
8.1331 1.5293
3.7825 5.4078
-6.2426 7.4716
6.5538 2.0434
-2.7684 0.0937
-5.1198 -3.3842
7.7446 -4.8049
-4.8686 1.1719
-0.0898 0.7635
10.2634 -2.3448
-6.0213 -5.6368
-4.1383 4.9373
-1.4967 -2.0742
2.5608 2.8614
-3.1233 0.0032
6.6949 9.5146
-3.8839 -5.7220
3.7914 9.9010
-0.5845 3.7734
-4.9738 3.7014
-0.5394 -0.1068
0.9385 -2.6258
3.6341 3.7138
8.2444 -2.2789
-5.7874 3.8154
-5.5963 -5.6566
1.2349 -2.4516
-2.0989 2.6857
3.5071 -1.5596
-6.2378 0.1740
-0.7317 0.9954
0.1251 6.1335
3.8490 -5.3404
-3.1801 -3.6080
-4.6226 5.5734
3.6010 3.7247
3.7090 -3.5663
-0.9931 -2.6322
3.6878 -3.9373
0.9445 -5.5756
-0.8810 -3.2913
-6.9434 -0.2780
-3.9722 2.3502
-7.5767 3.8433
9.2955 0.8537
2.7598 0.8635
-4.1573 4.3976
-4.1660 3.7251
-2.1177 1.1263
-0.3575 3.7942
-2.0599 -2.5141
3.5365 11.9811
8.1076 -0.1242
-5.2779 6.9123
-5.3292 10.0535
3.8499 6.8817
3.6747 1.8178
-2.2952 0.5871
4.7692 -3.8058
3.7225 6.1366
-2.5647 -7.2827
5.3268 -0.5254
10.5669 -5.5514
3.7657 -4.2234
-2.7758 3.8001
-5.1745 -6.2510
3.0733 0.4202
-1.0030 -3.4797
3.6002 -5.5283
-1.4207 3.4595
9.2073 3.7088
3.6678 -7.2337
-2.5703 -7.1251
-7.1457 -0.4628
5.9942 6.0478
6.6719 -1.3951
8.1238 0.7657
3.7275 3.7028
5.0673 3.7090
-0.6058 -2.3710
10.0551 3.7520
-3.4859 -1.1268
8.6424 3.7893
2.7404 6.5027
3.7189 -3.2904
3.7834 -3.8281
-1.3139 -2.2296
-1.1244 3.8209
-0.6008 -2.7406
-0.9101 1.5712
3.7726 3.7676
-4.2826 -1.6757
-2.4249 -4.6517
-2.4790 3.8647
-3.2562 -6.4743
-3.2917 -3.2696
3.7658 -0.5609
0.5778 -1.3191
-0.3158 1.0473
-1.7078 -0.3043
3.7069 3.6780
-1.3083 -3.0117
-2.6352 -2.6182
0.1754 3.7404
3.7278 -4.2575
6.3451 -0.8458
-2.3898 -3.6944
3.1916 1.0567
-5.3169 7.6563
3.6832 5.8249
-5.0606 -3.5569
-5.0481 1.6025
5.3567 5.4417
-6.5358 3.7666
-0.8025 3.7765
-2.3678 5.0539
3.7161 -5.0719
-6.2631 -0.2018
-2.2830 2.2885
3.8500 -0.8242
8.6802 -4.9608
3.7547 3.8177
-4.8062 5.5217
-2.0625 -0.2096
-4.1941 2.7823
-6.4912 -6.1532
3.7391 1.3457
-7.1135 3.2277
-6.9669 4.0193
5.2248 3.6545
7.6104 -5.7848
1.2051 -2.9438
3.9388 -2.7913
-0.1898 10.8892
3.6701 -0.3750
-0.5957 -3.0778
-4.7077 3.7845
3.7400 8.0287
-3.1499 -0.1307
5.3229 4.3052
4.1931 0.8348
8.8515 3.8049
-4.6510 -3.8398
-2.0512 3.8259
3.8202 -0.4097
-2.9503 3.9313
5.8843 -1.6314
3.4502 3.7712
-1.1369 1.9877
6.5318 3.7256
-2.4362 -3.8138
1.9815 3.6673
-1.9489 3.8567
-5.3411 -0.7649
-1.4776 -5.0139
3.7857 3.7163
4.9948 1.8045
7.3588 -3.5990
3.7112 5.6098
6.3263 -2.6049
-6.1836 3.7660
-1.3830 5.9182
-5.1685 -1.1346
-3.9636 9.0174
3.6784 3.7004
0.8184 3.7490
3.7575 1.3536
-0.7467 -4.6387
0.0887 2.3893
3.7649 3.9730
-2.1546 9.5901
6.7527 -0.7866
3.7659 3.7195
5.1488 -5.8215
3.8785 -2.6308
-3.7502 -6.8199
1.5579 3.6562
-5.9039 3.7775
-1.2265 -4.8046
5.8149 4.1844
8.0460 2.7907
3.7458 -1.8737
3.6889 -1.9208
3.6710 -0.8168
-1.2137 -6.2610
-2.3360 -4.2652
3.8734 3.7479
3.8035 4.0817
-6.2275 -6.8573
6.2543 -5.1370
6.1717 2.5773
3.7942 3.7826
3.6684 -2.3053
3.8181 2.8165
-0.5090 2.6804
0.2285 3.7342
0.1681 -3.9870
1.7908 4.7952
1.2354 4.7053
-5.8243 -5.8349
0.5176 -0.3063
-3.4632 6.4440
4.2022 -4.2918
1.0846 0.6108
2.3340 -0.3338
3.7693 2.1722
3.7513 -0.6971
3.6860 3.6756
2.1340 -3.7791
-0.7277 -2.0158
3.8529 -3.9887
7.3553 1.2853
-1.2022 -2.9533
0.6249 3.7545
6.9757 -1.9637
1.0242 0.8317
2.2999 -5.2075
2.2477 -2.5008
4.8831 9.5019
-3.3653 3.6781
-0.0918 5.2975
3.6730 3.7031
2.0063 -3.5651
-3.8961 -3.7746
8.2815 -3.0629
3.8455 8.1582
-5.8607 -3.2242
-2.5026 0.9025
-4.1813 3.9231
4.2497 3.6748
3.7577 -4.3096
3.9203 4.5666
2.1617 -5.0440
-1.7227 -4.8638
3.8566 -2.3407
6.6660 4.2201
-6.3358 -5.3972
7.3945 1.0338
-1.6381 -2.5199
-6.4877 -5.5380
4.7687 5.7973
3.2084 3.6930
-3.6474 3.8105
-4.3796 7.2422
-2.3109 -6.0152
3.7968 3.6461
-1.3051 -4.8501
-2.0850 6.6178
-0.8421 9.1728
-0.8708 10.1942
-0.1249 0.8191
8.1099 1.9108
-4.8851 3.9178
3.6597 3.7529
-2.3084 -0.1731
5.2285 3.9857
-2.5069 -0.8582
-1.9226 5.0563
-0.3864 -3.3703
2.6417 3.6930
5.6228 -0.9851
7.1952 -4.0209
0.8568 3.9725
4.0704 -2.8761
-0.2916 -1.8590
-6.2333 3.9409
3.8929 -1.6344
7.9545 5.5966
2.0577 -3.6138
7.2127 -0.9463
7.0920 -1.9847
3.7543 6.3323
-0.2927 6.0587
-1.0132 -1.9459
4.5260 1.2630
-3.3913 9.4497
4.0601 -2.8489
0.7041 -2.1605
2.2287 -1.0009
1.1220 -2.2936
2.0953 3.6885
-2.3372 -5.1382
-0.3785 3.8374
0.9413 -5.7948
3.8937 6.1871
2.5383 3.8208
-3.7032 -2.6916
5.7833 -3.4854
0.1828 4.1182
6.6124 6.7893
3.6348 3.1295
-2.7504 3.7288
2.4831 -3.6811
0.6720 4.8496
6.5318 -6.1413
-3.9945 5.2232
-5.8283 -6.2542
9.9378 3.9325
3.7353 4.7923
-4.9176 3.6730
0.0236 -2.1232
9.6541 2.5433
-5.9004 -2.8794
4.4562 -0.5242
-1.5669 -1.7123
-3.5398 0.0731
6.5899 -3.9945
4.5023 3.5530
0.2606 -0.8739
0.4708 -5.2127
4.7590 -6.0656
3.8544 -1.1869
-6.1977 4.2429
-1.2382 5.3125
-1.8467 5.2179
3.7206 -3.6031
-4.0944 4.9832
7.8490 -2.2976
10.1427 3.7424
3.7368 5.5439
3.8200 3.7383
-1.6200 2.8325
-0.2531 -1.4677
-2.0542 -4.5905
3.7464 -0.4180
3.7295 3.6267
7.7841 -4.9253
5.3427 3.5254
3.8015 0.8171
2.4879 -4.4924
-4.1289 -1.6353
3.6752 -1.1268
3.6284 -1.2794
0.6386 0.3196
0.6671 -1.8170
3.7548 5.8896
6.4965 3.3853
0.2801 1.9340
3.6995 2.3165
-0.6038 9.7773
4.0279 -1.1439
-0.8404 1.6277
-2.2655 -1.7839
-2.5896 -6.5443
-2.3283 -2.1830
-2.7209 -0.1682
-0.8969 3.8727
3.7989 3.8273
-2.5075 -2.8322
-2.1283 2.9508
-2.5332 -0.1332
3.7243 -4.0923
3.7743 0.7923
6.5522 10.7813
1.3104 2.0896
-3.7935 0.9534
1.3138 -1.6290
-4.6134 6.4297
-2.8311 3.6715
4.7078 -2.0106
5.1368 -3.9614
-2.0293 -4.0736
-3.3606 3.7406
3.6272 -1.2172
-2.8936 -0.8459
-0.3368 3.7513
-5.1273 3.6426
-4.0873 1.0472
6.5724 1.1968
-5.3014 2.3262
-2.4620 -1.9908
-4.8613 -5.5981
3.6809 3.8470
5.6913 -0.8181
3.8103 -3.9764
-1.9214 -0.3695
-2.6693 2.8269
-3.8889 -2.0452
-4.1455 1.5749
1.2014 -4.2526
3.5961 -7.1755
8.8010 3.4769
-0.8915 3.8444
-2.8069 3.3052
3.7540 -2.9074
-1.4087 -1.5770
-2.6463 -2.6919
-2.1075 -0.5287
5.6864 8.6992
-2.3279 -5.9927
0.1291 -3.1105
-3.5611 7.3291
-2.9199 4.3934
-0.1809 3.7421
3.8319 3.7105
5.7077 -5.7983
2.9486 3.7936
2.2391 3.6961
-2.1005 0.4529
3.7186 3.7894
0.8852 5.9239
-1.2460 -4.1669
3.6542 4.7944
5.6938 0.9456
-4.5139 2.0706
-0.6004 -1.4051
1.5296 -3.1094
3.5090 3.6785
5.8161 -0.6705
3.7236 3.7127
6.3588 3.8300
3.6317 2.8060
1.0312 -0.1930
-1.5640 5.1399
-5.8637 3.6187
3.6702 2.3771
6.3383 3.7064
-1.1140 2.4467
-5.5295 -4.1788
-7.4278 -0.0988
3.7336 3.7785
-0.5689 3.8162
3.6678 4.2251
4.9519 0.3893
-6.0100 -0.1525
3.7350 4.4662
8.2436 3.7364
7.8510 -2.3727
2.1841 0.8577
0.1069 3.8417
-2.9434 -1.0727
10.8633 -1.9761
5.0176 2.7458
-2.4824 1.1646
1.3559 -3.7909
-1.7387 3.8467
-2.7627 0.5479
7.4622 3.3535
-1.9058 -3.7879
-0.6213 3.9140
-0.9477 3.6935
-0.6360 -4.9259
-1.2983 -1.6001
-0.2022 -1.3686
2.1024 -2.8169
3.8214 -3.2071
3.6814 -3.7753
3.7472 -4.5770
-2.8795 -3.8680
-4.4891 5.4065
-4.5011 -1.0277
-3.8918 3.0369
-4.9238 -5.6440
-1.1946 6.4450
0.4972 -3.0353
-1.4800 4.0652
3.7569 2.4482
1.1860 -3.2415
-0.3836 -1.8550
-3.0975 0.2133
2.6155 3.7625
3.8575 -0.4292
-0.4458 -1.2023
-1.8524 3.7594
-5.2705 3.8509
1.8756 -3.1770
3.7729 -3.0040
3.8123 3.2688
-4.8436 -4.8238
2.9444 1.3864
-5.1721 -3.6998
3.8006 0.8231
0.6365 3.6762
7.0072 3.4588
3.6956 4.6448
3.7566 5.8212
3.8363 1.8118
-0.9084 0.9674
1.0382 -0.3696
2.4178 2.3645
4.2046 -4.8670
3.8193 3.6743
-2.2963 1.2970
-6.2421 3.8915
1.0914 -1.5296
-4.5741 -1.0431
-2.4075 2.0681
3.7480 2.8283
-3.5538 -5.1967
2.4723 -2.2944
7.2754 -0.5874
1.1854 1.3345
0.2854 -4.0304
0.9370 -4.0858
-0.1291 5.9371
6.1317 -3.7467
2.2959 -1.6532
3.8090 -1.4014
3.4622 1.1841
-0.1620 -5.2991
3.7736 5.1661
2.1978 1.5402
1.2353 -1.3844
6.4683 3.6551
-0.0183 -4.0152
1.5902 6.8657
8.8352 2.9687
7.1468 3.1885
-6.0164 3.9671
-2.6451 -5.6778
-3.1026 2.1293
3.8036 -4.7638
-5.3116 -0.1015
-2.9231 1.9463
0.5725 -1.1056
0.7828 -4.1727
-1.4572 4.0482
-3.0670 -3.0032
-2.6605 -2.5759
6.3399 -1.6641
9.8431 7.5065
-0.8623 5.5070
-2.6097 4.4135
3.6161 -3.5323
-3.8139 -0.9584
7.7980 3.5869
-3.0787 3.8415
5.6647 9.0522
-4.1076 3.8057
-0.0975 -0.2196
3.6438 -6.7490
-4.9577 -0.4040
1.3588 3.6877
6.5786 2.0204
-3.8560 1.7761
-4.8400 3.3798
5.8344 -0.9860
1.1510 -1.5714
9.9501 -6.2804
7.0688 3.8623
-7.1030 9.6833
7.5232 0.0967
-3.7449 0.0300
1.1650 -5.3768
-2.6819 -0.1879
-1.2639 3.8729
-0.5478 8.0879
-1.5200 -6.5837
3.7837 -3.9015
0.8132 3.8041
-4.0234 -1.2722
4.4483 -2.3374
8.2294 -3.4086
7.4062 -2.1856
0.7072 1.0713
-2.7705 0.0945
-4.1296 -1.3580
0.1859 3.7761
3.7390 -2.6152
0.8657 2.5603
0.0148 6.0647
-2.5960 6.3308
3.7918 -3.6477
-4.7887 6.8576
-4.6646 3.7735
3.7633 3.7908
-7.7011 -2.3569
-0.1971 0.3365
3.9451 -4.1450
6.2782 -2.0167
-2.5135 8.3809
3.6805 -3.1526
3.8222 -1.9293
-3.9003 -4.7558
1.2538 0.1134
3.8217 8.8803
8.0898 -0.7693
-1.3424 -3.2457
3.8746 -4.6100
-1.7397 3.8279
-0.5797 3.7091
3.7395 2.2712
-0.6989 3.7108
4.2101 0.2095
1.4576 -3.3879
8.4636 -2.6183
-2.6888 -1.9327
-2.9682 -0.0099
8.0543 -4.2766
-4.3817 1.0941
10.3143 -1.5413
1.8871 3.6782
2.5488 -4.8750
-4.7502 3.7107
3.8369 3.7343
-1.0781 3.7229
-0.4469 1.9657
3.7150 -3.0508
-1.7507 -1.3038
3.7394 3.7489
3.6109 -5.4531
-1.4579 -3.5147
-1.9711 2.1247
3.7519 3.0330
7.0887 3.7397
-1.7739 2.5558
3.6955 3.6912
1.0708 -2.3595
2.0606 -3.3660
1.9174 7.3516
6.2295 -2.6273
1.3172 0.2798
-4.3006 2.8965
-0.7824 -1.2594
4.0634 -1.1566
-5.5558 5.7899
-3.5431 -1.5699
-5.2294 1.8030
-4.3190 -5.1960
6.5405 0.9205
-1.1188 -3.1840
4.6718 -1.3869
7.7776 -6.1281
5.4483 -1.6968
3.7433 3.7269
3.9475 -3.5458
2.0710 -5.5566
-5.6855 1.1486
4.1013 1.4717
3.8264 -3.9958
-1.9660 5.8296
3.7519 7.4305
-6.7973 4.2396
5.7737 2.2826
3.7908 0.9837
1.8120 -5.4642
0.5604 -2.1384
3.8904 -4.2224
3.7051 1.2187
7.3742 2.0611
-4.0797 4.7754
2.6048 -3.8652
-2.1826 3.7749
3.7073 6.3472
1.8437 0.0733
-0.9456 -1.3838
0.0620 4.9851
5.0843 -4.0164
8.0170 3.8346
4.6127 -3.1982
2.0103 6.2426
-0.9427 -4.2273
-2.7840 3.7065
-5.1713 -3.1326
-1.2174 0.1113
-3.3192 -0.1330
-0.5735 3.7209
-0.0967 -0.8324
2.7432 9.0806
-3.5800 3.7900
-3.6375 -7.3371
-1.2237 -0.0865
2.5829 5.6499
3.4015 -6.3057
3.7076 3.6489
3.6603 -1.7147
1.4017 5.7347
5.7016 9.5280
-4.8378 -3.5041
4.8081 -4.4601
-3.0817 3.6816
-6.6314 7.0654
4.2039 1.7580
1.2123 0.7427
0.3422 3.4082
0.0347 -2.3226
1.3711 -5.4259
-1.9170 0.0848
-3.9385 3.8228
-1.1063 -0.4145
3.6611 3.5587
1.0038 -0.5467
-7.7105 3.8896
-4.2186 0.3783
2.8102 4.0055
-3.7320 1.1574
-3.9875 -5.4303
0.3137 3.8871
0.4523 -0.9633
4.5586 -5.5389
-1.6371 -1.3173
4.5280 -4.6696
3.9166 -5.0994
-0.0189 5.8966
3.6868 -5.1775
3.8495 6.2052
-4.6381 2.0045
3.6662 4.4930
-4.3352 -2.2986
1.8576 4.2789
4.6740 -4.9369
-4.2922 -4.9327
3.6675 -1.6484
3.9126 -4.0861
0.4729 -1.5047
-3.7004 4.7605
-2.5653 -6.2947
6.6547 -3.1045
-2.0682 -2.2870
4.0070 3.8182
7.4841 -2.5301
3.7599 5.2525
-1.7983 6.7510
3.1404 4.7504
-2.9912 0.6862
-2.0914 -0.0235
1.1475 -3.3385
7.6054 0.9605
-5.4430 8.8875
-5.2086 -8.6184
6.6057 -0.2434
1.3346 -8.0502
-3.3781 1.3192
3.6873 -5.2303
3.8125 1.8777
7.2892 -4.5125
3.7268 -1.0236
7.2233 -0.3370
3.6993 -3.4109
2.4593 -3.9097
-4.7437 3.6740
-2.3466 -3.4022
0.0648 0.8808
-2.6288 7.3263
5.0107 7.7443
3.7070 3.8670
-5.4446 -4.9575
-0.5036 -1.9189
8.4072 -0.6553
-4.1901 -2.5715
1.5211 -2.8348
-5.0747 0.5100
3.9488 -3.2999
3.5798 3.7114
3.6945 3.6401
-2.1609 -2.8564
-3.8786 3.6705
-1.9838 5.5316
7.4947 -0.2023
-3.5658 1.1012
6.9739 -5.1538
1.9402 -3.3586
1.2829 -0.0100
-1.9321 -4.8162
-4.2135 3.7404
6.5781 4.6332
0.6135 -1.4836
1.2561 6.3220
3.7015 -1.5299
-6.2613 3.8225
3.8163 1.6744
-3.1717 -4.9838
-1.8532 -1.4466
-6.7078 3.8571
3.6564 -7.8595
0.0634 -0.2160
3.7497 -4.7174
-5.9329 -5.0531
5.4551 1.4855
4.0305 2.9206
3.7232 9.8570
-3.2861 -3.8469
-1.8304 -2.8069
5.5530 -3.3199
3.4888 -3.8146
3.7626 -2.4905
3.7755 -1.0289
-4.2622 2.0588
3.8801 -5.0223
-5.5184 3.7532
-3.2184 8.1475
-2.9029 3.6195
8.2388 -6.5169
2.5022 -0.8089
6.8369 3.8008
-7.4656 9.4770
-4.6406 0.1179
4.2223 -2.3695
3.8844 -0.2269
6.6150 2.8838
-0.1521 10.7319
2.9106 -0.5092
6.9583 -2.1613
3.6539 7.6907
3.7160 3.7855
8.2750 3.7951
-2.0830 -4.3238
-1.2658 4.7541
-3.7274 -0.5650
-5.9800 3.2000
7.4419 -3.8741
8.6570 -2.9735
-4.8168 -4.1597
0.1865 6.6672
3.7797 3.8845
8.4910 7.4772
-5.4155 6.5861
-2.7095 -4.7622
2.4465 5.3527
-3.7142 7.9363
8.4611 -3.7342
3.9109 -5.1548
4.9702 3.9395
3.6708 -5.4577
3.7830 -1.9776
-1.6948 -3.5392
-1.0693 5.0702
-1.0580 1.5994
-2.7445 -5.1199
-3.3198 -1.0365
-5.2430 -3.1083
2.8684 -5.5942
3.8295 7.4054
0.5692 -1.8692
4.9593 3.8423
-4.0398 2.3724
-0.2050 3.7979
-5.0138 -0.2101
1.8121 8.7740
3.7935 3.1417
2.4153 -1.0513
-4.4553 -3.5254
3.7511 -1.9524
2.7593 2.6254
3.6272 -2.8924
3.7936 -0.4186
6.4114 3.7094
11.5625 1.0714
-3.3124 -3.1859
-6.8812 2.4197
3.7594 -5.1522
3.6685 2.5729
-6.8968 -3.3983
-4.0238 4.2199
3.7828 -3.9354
-3.3438 -0.1423
3.6980 3.7958
-0.6380 6.5510
3.9294 -2.3378
-3.7896 6.9302
4.3608 2.7459
9.9730 3.1771
6.6586 -1.4170
-2.0249 -3.1950
-8.3353 -2.8415
-4.7626 3.8170
4.3001 7.0845
-3.9140 3.7118
-1.7462 -2.8242
5.4630 -4.9344
3.6062 -6.9784
1.8406 5.8520
-5.6671 -4.8806
-1.7186 6.1128
-5.3746 -4.8826
2.6076 3.7411
-3.0533 3.7590
1.1364 -2.1133
8.5345 9.4183
3.7956 3.8405
-4.1538 3.6829
2.7919 9.1320
-4.0609 8.2018
-5.3552 -3.4254
-4.7003 0.0683
-4.6551 -2.9014
7.1044 -2.1790
2.5074 4.5670
-4.0925 -2.0274
6.2248 -6.7542
8.0935 0.8834
3.6888 -2.7753
8.2089 3.8149
-4.1536 3.7716
-5.3578 -2.9771
-0.0187 -5.4233
3.7377 -0.6284
-3.9027 9.5933
3.6657 -0.0344
5.8148 -1.4706
8.5260 4.5612
2.4653 -3.3782
3.8958 3.7623
-1.6466 -4.1655
0.2305 -4.9025
-2.3578 -1.5397
3.5923 -1.9341
3.7904 -3.9835
0.3085 10.9720
8.7455 -4.4142
-6.2631 -2.5327
-2.8492 -3.8985
4.3818 -0.1515
6.0790 -2.7876
4.7865 3.8206
3.7669 -4.1221
-8.2359 3.7729
0.5805 -5.2589
8.6630 0.9512
0.7946 -2.3731
-2.0047 -0.9127
3.6774 9.6831
-3.9042 -3.2099
-5.4381 0.4774
-2.7958 3.7925
-5.6737 -4.2250
0.2669 1.0435
-0.5106 -2.5111
-6.9847 6.1411
-4.2957 3.7724
1.9258 8.0671
2.6019 -4.6124
4.2915 -3.2378
-5.9517 3.7253
4.2605 -3.7154
3.6405 1.6390
-5.0265 3.6989
3.8263 -8.3206
-3.6269 -3.7625
3.8177 2.8916
-2.7741 -0.5308
3.6544 3.6772
-6.0840 -4.1767
-4.6560 -2.3155
4.9530 -3.5806
-3.5015 3.6940
7.1918 -6.1584
5.6268 3.2930
-4.2648 3.6432
3.8426 -1.1554
-4.8562 2.8886
2.4401 0.8015
0.8163 0.1248
3.6675 -5.3741
0.9973 3.8661
3.6814 3.8161
3.7827 -6.0465
6.4291 -0.0919
5.8585 -1.0726
7.6127 2.9206
2.8485 -1.4476
3.2730 3.6449
-6.9474 3.7949
1.4379 -0.6696
-1.0129 2.4296
2.7240 6.0014
-2.4068 1.0788
-5.9672 6.3870
1.7540 3.4619
3.7695 2.6202
-0.9414 6.6370
3.8586 -1.8978
3.7379 2.2297
-0.9809 1.7376
3.8440 0.8217
3.2969 -5.3692
-1.6799 3.6459
3.6247 1.0135
-5.1781 4.8122
4.6634 6.6937
9.4912 0.8908
3.7260 -0.0028
10.1008 9.0149
-2.1919 6.7796
-1.8844 6.4805
-1.2188 4.3973
3.7440 -4.1026
-6.9724 -2.2057
4.8698 -5.6231
1.1391 -3.5319
-2.3161 2.3360
5.4198 -4.8350
-5.0928 3.8183
7.8076 0.0166
-0.8720 0.5888
-1.9579 3.7602
-2.7066 5.9166
-2.0360 -5.2053
2.3854 3.8940
5.3280 -5.8661
0.9813 2.3442
-0.0557 -2.4050
-0.7869 1.6485
4.6282 -5.7897
3.5841 6.0219
-1.2501 3.9366
-3.6454 0.5176
3.8197 2.7305
6.3400 8.3327
-6.0365 -4.6574
-0.1985 -1.9878
-0.0787 -5.2491
-1.9850 8.2785
-1.9965 -5.4809
-3.2234 3.8031
2.4535 4.8772
3.7318 5.3580
3.6093 3.6442
-1.7640 -2.4821
-2.0088 0.5933
3.8526 3.7874
-2.2913 -7.2022
-1.8337 3.7124
-2.9639 1.0206
-3.9762 -5.8766
3.7543 -1.3692
-5.4762 6.7470
3.0771 3.7623
-1.2960 -1.2596
4.0916 1.1639
-5.6386 -2.1780
5.3928 -1.9457
-2.5637 2.5608
-5.1935 -3.2799
3.7542 -2.7474
-0.3408 -1.8822
-3.8262 -3.7080
1.6796 -1.7749
-1.0191 -2.7353
3.9098 2.7239
-6.5004 3.7910
-6.3207 3.6190
1.1402 3.3355
0.6540 -8.4194
4.8831 3.2891
-2.3520 -2.2908
5.0688 1.8906
4.2793 -0.5403
6.0743 8.5902
-3.6214 -4.1123
-1.0350 -1.6508
1.9613 3.7484
-2.5043 3.7993
-4.1776 -3.5129
-2.5136 1.0659
3.8820 -1.1046
8.5494 -0.7442
3.7705 3.7791
3.6316 -2.8671
-3.4073 -6.4910
-5.3578 0.3330
-1.5516 5.2972
5.6612 6.2361
-2.1787 -6.1616
4.1986 4.4376
-0.5779 -0.8094
-3.5563 -0.5567
3.7330 3.7560
-7.1209 3.6575
-5.2530 -0.1360
3.7245 -5.8625
3.2519 3.8944
5.8687 -4.2933
6.3286 -0.2449
3.7027 -0.5191
-3.5948 -1.6829
-2.8014 -3.6908
-4.1661 -2.7390
-1.2186 3.7638
-4.4847 -3.2328
-4.5680 4.3655
0.6912 3.7013
0.9458 -1.1679
-0.6375 -6.1663
-4.3999 -6.5292
3.8814 3.7764
-3.1223 -4.5134
-5.5859 -3.0727
4.9542 5.8170
-2.4687 1.9578
3.6939 0.4772
-0.7498 -5.4212
-4.8199 -4.7036
7.3441 3.7324
-0.4977 -3.8311
2.2002 -6.2820
3.7280 1.1373
-2.8708 3.7484
-1.6340 3.7410
-2.2305 -5.8989
3.7736 9.2485
3.0763 -3.0577
7.6075 3.7618
-3.4906 9.2492
5.4028 6.1158
3.6335 3.7221
-3.5007 -0.4561
1.2207 -3.3721
3.7840 0.8587
7.5428 -5.4555
9.3422 3.6744
-1.1603 -5.7572
3.8329 3.7958
0.1731 3.6801
-4.0571 5.2752
3.3754 -3.5280
0.1445 -2.0483
-5.3974 3.7149
3.0830 -5.8202
2.6128 3.5264
2.2408 3.7543
-4.0477 3.5135
-6.7797 2.8815
4.2303 5.7279
-2.1222 10.0143
0.0360 0.6552
2.9192 -6.5897
7.1628 -0.6818
3.7269 -3.0113
2.8159 1.0083
2.3461 -1.5280
-2.6595 5.7757
-1.8153 4.7697
-0.9823 3.8464
-2.2370 -3.4337
3.7325 -4.4775
1.4361 -0.0199
3.6049 3.6973
-4.8943 7.4388
7.0247 9.1075
6.8788 3.7458
3.7155 -8.1105
-5.2896 3.6180
3.8506 -4.0164
3.8558 -2.7159
4.3815 3.7937
-0.4417 -6.7591
3.7696 8.0002
-0.9198 -2.4180
0.1988 -0.2804
6.5629 -3.9395
-3.1527 3.3992
-4.3277 -3.5484
-0.1791 2.9617
-3.9013 -4.1575
6.4053 -0.9894
0.3106 3.8337
4.0715 -1.9820
-2.7736 -5.9607
-4.2213 -5.9154
2.4493 3.7352
-2.8916 -3.4313
-4.1906 -5.4699
6.6749 3.6360
3.6685 3.8160
0.7203 2.7622
-2.1340 0.7613
-5.4721 3.6007
6.8267 3.7356
5.4941 4.6168
-1.9237 -1.6948
-6.0800 4.3962
-3.3632 -1.7604
7.2034 0.7916
2.6521 -1.8553
1.3935 3.7463
3.7674 1.3554
-1.8579 13.1262
6.9407 3.9144
1.1707 8.1614
-4.2856 -1.5037
3.4215 -2.4462
-5.1315 -3.9263
3.7224 1.8803
8.3363 3.6810
-2.1191 0.8046
3.8130 0.7863
-6.0892 3.6321
-4.4511 1.7726
5.6102 -1.9244
3.7353 7.5409
-7.8202 2.7602
-1.0025 0.0907
-5.6741 -1.4107
0.5851 3.8032
1.0436 -3.7305
3.7237 2.4104
4.0349 3.6904
1.7547 3.8322
-2.0637 3.9064
2.0321 -0.4695
-1.0200 -4.5631
-0.9806 -3.9138
3.7181 4.4211
-6.0172 3.7870
3.7248 3.7159
3.6196 3.8806
4.4501 1.3426
3.7483 1.8820
-3.3758 -0.7812
-1.0673 7.6394
3.6582 2.5817
3.7853 -0.0072
3.0396 3.6939
3.7657 -6.3862
-1.3507 5.0062
-1.8548 3.8094
-7.3760 2.9985
0.5785 5.6281
-3.2782 -4.1615
3.7270 8.3783
5.6292 3.6605
-4.4386 0.0122
3.6378 -3.0430
-2.6817 -3.9555
1.4997 2.6171
-4.7235 3.6877
2.9422 -5.1589
4.8746 7.9869
-2.6968 2.2692
0.4841 3.7880
-2.6076 2.5087
3.6439 3.8969
3.9164 10.0130
4.4310 -0.3543
-0.3686 -4.4422
1.0720 5.1498
-3.4051 -3.3231
0.8043 4.8651
-1.5268 -3.7371
3.7775 3.3384
-4.6025 4.5212
1.9420 1.8662
1.6201 -5.0277
1.7487 -3.6556
-6.1215 7.9137
0.4344 -0.0667
3.7399 -4.0779
-2.1893 3.8160
6.2245 4.8838
8.0064 1.9789
0.9304 -3.2078
3.0077 4.9961
7.8030 0.3025
2.0429 -5.8063
6.9774 -0.5750
-5.1349 -3.7055
6.0674 3.6165
3.7582 -3.8305
-1.5154 2.5394
-1.5882 3.7075
7.2651 -4.9623
-5.1050 4.3226
-6.6105 6.8632
-0.2587 9.1219
6.1042 3.6957
10.5279 -1.3743
0.2004 8.3761
-3.4971 3.7149
-4.6826 -5.4694
-3.3697 -0.4558
1.1310 1.2847
3.7453 3.9221
-4.5895 0.0087
1.7401 -3.4050
-4.0317 5.2099
-6.8123 -1.0450
6.4780 -0.3182
3.7381 9.0220
0.5261 -2.9750
7.2320 2.9895
4.9885 -1.9719
1.7644 5.3281
-7.2631 4.7172
-4.3020 3.7472
1.2308 -4.1398
6.6636 3.5424
-2.5699 0.8425
3.6893 -1.0340
0.5388 0.0783
-3.3549 -2.8064
3.6879 0.4094
-2.1955 -0.0877
-1.1681 5.8819
-1.9934 -3.5561
-3.1802 3.9189
2.9186 3.7378
-2.2587 -2.6996
6.0335 10.3569
2.3299 -3.2781
3.7441 -0.6672
4.1670 2.0835
-6.0649 3.7576
0.6362 -1.2021
-4.3944 3.8688
1.2572 -4.4521
-3.2052 -1.7796
-3.4446 -3.2644
3.7488 2.4569
0.9282 -0.3015
-4.3926 -2.9416
2.1630 3.8956
-3.9765 -6.7677
-3.4811 4.4205
6.4587 -3.5867
-3.5769 3.6888
3.2156 4.0635
3.6688 -0.3230
2.6956 -2.6390
0.9360 3.7771
1.2423 -3.5370
3.8305 8.3677
2.6090 -5.3767
5.3859 3.6902
2.4336 -2.6431
6.3244 -5.5698
4.3485 3.7901
7.0786 -2.3085
-4.0169 3.7804
-0.9607 2.3115
0.5498 -6.7283
4.0199 -2.8194
-6.1857 -3.2421
-3.6847 9.2130
-5.3453 -2.7379
-4.6171 5.0898
-1.7153 -3.9856
8.2845 0.3053
-4.7016 3.8314
-5.2637 6.5280
4.2731 8.0905
-0.7406 6.4863
-2.0333 1.1870
-1.8661 -0.1272
6.0552 2.1790
-4.7675 3.1193
-2.1270 -4.0031
-2.4537 -4.0273
-2.3639 10.5883
2.8294 3.6868
-3.1236 -5.2893
-2.0409 3.8951
7.3624 -3.8933
-1.8356 8.4768
3.6701 0.6894
1.9609 2.8692
-7.0326 -3.6678
6.5069 -1.3962
3.3057 3.7686
2.9761 9.3577
2.6858 -5.0936
3.7802 6.3929
0.8977 7.0856
-1.9450 -1.5485
-2.6899 0.3623
3.0663 9.2238
-2.1477 3.5127
-4.4302 -3.7439
-1.8326 -1.5569
-3.4021 0.0760
3.8182 -5.7056
-5.4926 -3.8068
-3.2607 7.7994
3.8040 3.5875
-2.4084 8.7364
3.7514 0.6336
3.7844 -1.2355
0.6397 -2.6549
-2.6053 8.8369
-2.5632 1.8223
4.7313 -2.3973
1.6335 3.7791
-2.8384 -2.9511
-2.2533 6.9469
-5.3759 -1.5418
-4.2519 -1.4285
4.4914 3.0539
-0.4920 -3.0943
-0.3559 0.2747
8.5288 3.6729
-3.3158 -5.5050
5.6603 -3.9803
2.2798 -2.2116
0.1307 -1.2271
1.6072 0.9455
5.6033 -2.7626
-7.4192 3.6535
1.2853 3.6677
4.3322 -4.8474
-0.9933 -1.9408
2.7737 2.6425
-3.2544 4.7384
3.7349 -8.9183
8.7885 -5.3783
6.0587 -5.4239
-4.1042 6.8182
6.7053 3.8421
-1.9079 -1.5294
3.5547 2.5434
3.7910 3.7423
3.7726 -1.4285
-3.2545 3.7052
-6.3286 -6.3048
3.6778 -1.9988
4.7723 -5.0375
1.2320 3.7516
3.7172 -3.1797
0.0835 6.7499
3.7309 -8.7931
3.7668 -4.3913
-4.8422 -3.0538
1.3776 -4.2297
-3.6262 3.7636
8.5239 8.6318
-1.2419 -5.8001
-0.1262 -3.5547
-6.3149 -1.8791
8.1254 -0.2861
0.3393 -3.3512
0.0789 3.8399
-4.9001 0.3096
-1.4013 -4.4674
-2.3524 11.1998
-2.9698 3.8027
3.8678 0.9359
4.3082 3.7302
-0.4214 4.6409
-1.2983 -6.9352
3.8079 2.1201
1.7926 1.1691
-1.8231 3.6414
2.3663 -6.3132
3.7562 -1.0444
3.7200 3.7964
4.1425 5.7912
3.4219 3.8460
3.0355 -2.4812
6.6072 8.4551
-3.0366 -2.9588
-3.2367 -0.2947
-2.4053 -2.9621
-2.7821 -1.7274
-6.0800 -0.6685
-2.3081 -3.8313
3.5654 0.6597
3.4891 -7.0463
3.8092 1.5117
-1.4849 -4.7633
-2.0224 -0.2769
2.4816 -3.3343
-3.2137 3.7261
-4.2170 -2.9482
3.7347 4.4483
2.4275 -3.2667
7.6516 3.5387
-0.9192 3.7679
-2.4345 -5.0983
4.3485 3.2407
4.2125 -4.8761
-2.2967 6.4585
1.8834 4.2819
7.3192 3.4414
-3.1654 3.6277
-0.8398 -5.7194
3.7933 -3.5581
-2.1619 -2.1493
3.7517 3.6094
-3.4411 6.1725
-4.0902 5.4621
3.8640 3.0265
-0.2062 -0.8045
-3.7492 8.8998
-5.2973 -3.4302
-0.8564 5.9331
-2.8142 0.2978
0.5641 7.2927
3.7147 8.3715
0.8897 -5.3385
3.8464 3.8099
1.3258 -0.2135
-0.9485 -0.5421
3.5734 -1.6467
6.7256 -4.7734
-3.6870 -0.7140
-2.0582 5.9071
1.7351 -4.5396
8.5903 3.7781
5.2246 3.7002
-5.8880 0.8817
3.7592 -0.7882
3.7330 5.2448
-3.4995 -2.7949
6.4757 3.5960
1.7407 1.4763
8.4512 -5.9412
-4.4596 -8.1634
-3.4956 -2.5222
-4.0285 3.8886
-0.7145 3.7792
-1.6586 -0.0718
-7.7239 -1.5656
-4.0063 0.7356
8.1569 -3.0074
-1.0293 -1.2828
2.1099 -1.4326
6.7823 -4.8543
-1.9399 3.6923
-3.4127 6.9096
3.7689 6.6307
-1.9005 3.8215
6.0211 2.0790
-5.3082 -5.1997
3.8381 2.3528
0.4230 1.2186
3.3892 3.4908
-2.9124 0.8093
5.3134 -1.7726
-1.6311 0.2963
3.7965 -6.4681
3.8255 -4.6647
-3.8748 1.8852
-1.3594 6.8441
3.2486 2.0474
-0.0170 -2.5522
0.3463 3.4987
-3.4242 -2.2667
3.8322 5.0213
4.5206 -0.8271
3.7655 -3.3297
-3.6939 -4.3977
1.0127 -3.6298
-0.2412 4.4539
-0.7999 3.6414
-3.3180 2.6318
4.6190 -0.2526
-5.0841 -1.5432
2.5305 -4.7626
4.4819 8.8631
0.6222 -1.9619
0.4098 -6.4071
-5.6730 -4.3266
1.2339 3.6811
3.7501 3.7733
-3.0850 4.7152
3.7131 3.9958
-0.6352 -2.5649
1.5785 -5.5451
7.0640 4.2856
2.4253 1.0546
-0.3905 -5.3178
-8.7831 -2.5132
-0.8240 9.5763
-1.2469 -4.7466
-5.0892 3.9020
0.8257 -4.1380
-2.9352 -4.5894
-2.2564 -3.6439
-1.8526 0.2572
2.4095 -2.3589
0.9428 2.1124
-2.2617 -0.9752
1.9898 -3.8417
2.5149 2.8422
5.1173 -1.8894
0.0067 6.2340
-3.1622 -7.8766
2.9395 5.1148
3.8110 1.2452
-3.1423 3.6838
-4.2547 3.7446
4.4977 3.7096
-1.6164 3.7673
-2.7675 -4.8866
3.7712 7.2545
1.4391 -3.9110
8.9122 -2.7224
-0.3671 3.9915
0.0146 5.7125
-5.1302 3.6986
-4.3937 3.8396
-5.9254 -1.1869
7.5177 -6.0760
-0.2261 -3.9980
-1.2302 -2.6327
-3.0444 -0.5741
3.2504 3.6412
-2.2909 -0.8005
-3.5778 1.3538
3.7876 -6.6996
1.9395 -3.7168
7.9451 4.2375
4.5145 3.7757
6.1246 6.7300
3.2485 0.7887
4.0339 3.7103
-3.4547 5.1220
0.2203 -6.9454
3.7614 -2.2279
-2.2501 3.8416
8.5634 -3.0061
4.4659 -4.3240
1.0720 -3.0634
3.7565 3.8045
2.8782 -0.3049
7.5198 -4.2817
7.3303 3.7387
-1.5970 3.5865
-1.2983 3.7830
-2.4444 3.6264
-0.9290 -1.8080
-4.5295 6.0981
9.2668 0.2401
-6.4572 3.9491
0.9594 -4.7841
3.5984 -4.6567
0.6773 -0.8870
0.1833 0.7831
8.8286 3.7829
-6.4936 3.4494
6.0625 -0.8469
-2.9531 -4.1144
3.3372 6.3197
-0.6535 -3.9280
9.5960 1.9792
-2.5962 -6.2747
1.9593 -4.3389
3.8178 4.1347
2.0342 0.3877
7.5523 3.8162
-4.2870 -6.1881
0.3796 11.4391
3.7474 -5.1200
3.7691 4.3067
8.5099 7.6660
6.7834 0.9408
-2.8354 0.1402
2.0883 -0.4811
3.6889 7.5545
4.7983 -3.1146
-4.4154 10.2892
3.7793 -5.6633
4.1232 -5.6601
-4.1333 -2.9859
5.6536 -7.3449
8.1881 -0.3301
7.8685 0.1864
2.1650 11.8511
5.1240 0.4767
8.5814 -4.6647
2.8518 -5.6917
-6.3579 -3.5044
-2.5575 7.0925
-4.8059 -4.7298
-3.0065 3.7844
-3.9267 -4.2308
10.0969 0.1756
-1.6243 -0.4701
-2.3293 3.7278
3.8905 1.4476
3.7403 -3.3733
1.2768 -0.1014
7.2811 -1.9067
3.6912 -2.3591
-2.1445 4.5146
0.4180 3.8022
3.7073 -6.7194
3.7024 0.1650
-1.2141 -2.2479
-1.6876 -1.2470
5.9497 0.3242
3.7547 -2.9169
-7.8994 -1.2992
-3.2119 3.7640
2.9857 -4.1231
1.9158 -0.5590
-3.0084 -0.3364
3.8173 -2.5863
3.7768 3.8010
6.6480 -2.7408
3.1620 -5.4846
-4.1892 3.6117
-2.8755 -5.8272
8.1938 -2.8754
3.8377 -4.0240
-2.9449 7.2848
-3.9543 3.7296
-1.1029 3.6708
4.5839 -2.4118
4.7643 3.7540
1.4368 -1.1068
3.8139 -3.1526
1.5760 -3.7782
-8.0588 3.6950
0.9483 -1.3418
3.6923 -2.5226
3.6755 7.0805
0.4041 -0.4251
-4.0290 2.2969
3.9390 3.5925
-3.7288 -3.3393
-6.2719 -3.5778
7.0016 -6.3525
7.1989 -2.3320
3.7602 2.4373
7.8659 3.6700
-1.2755 -4.6969
-4.6467 -1.7589
-2.2929 -0.0194
2.5556 -2.8923
-0.5268 8.4918
-3.3289 0.0667
9.2404 8.5764
-0.2537 -3.3794
-2.8594 5.4887
-2.2745 -3.9619
7.8230 3.0344
4.5438 -3.6243
2.9889 -2.9477
3.7358 -3.3584
-5.7956 -3.1602
-2.9317 -1.5337
6.5026 -2.4645
2.1621 3.2486
-2.6273 -0.4173
-1.4901 3.7325
1.6033 -1.7693
0.7442 2.8633
1.1010 2.3710
1.3223 -1.4954
-1.5915 2.5416
-3.2996 3.7900
3.6371 -5.0220
3.8683 -1.8651
-6.1417 3.7320
0.7001 -2.4878
4.1770 -1.0042
-2.0500 -2.1221
-1.0585 2.1102
-1.5754 -3.0171
0.1224 3.7008
3.7340 5.6707
0.8545 -3.7706
-4.0535 -0.0284
3.7371 -0.3446
-2.1525 0.6597
3.8308 -2.9386
2.3749 7.6455
0.8073 3.7035
-1.8840 5.8322
3.3366 0.6929
3.7936 -5.0548
-2.4589 3.7825
-1.8551 -4.9172
-3.6506 -0.7025
2.3385 -5.0257
-4.6467 -0.6228
-0.2428 -4.9208
-2.2419 5.9797
-2.8030 -5.5537
6.9576 -0.2724
-6.1277 -3.4674
8.1642 -5.7462
-2.2537 -1.5656
3.7676 3.7479
-2.9501 -2.0274
-0.2956 3.7989
-3.2050 6.1225
0.7286 6.6126
10.3123 3.6978
0.8868 6.2805
3.7291 -4.4459
-4.1672 2.1527
5.2892 -3.2840
-2.6761 1.0358
-4.2189 -2.8470
-0.1490 5.7863
2.0183 -3.0353
3.5921 3.6603
-3.3789 -1.0227
3.6769 -3.2190
-1.1599 2.0086
3.8363 0.8405
-0.0955 -3.0338
3.6445 -1.4703
4.7161 8.6122
5.7123 -4.9505
-1.3926 0.3825
3.7346 3.7719
-4.7600 6.7511
5.4317 5.8930
3.6913 3.6761
-3.7130 -4.5635
-5.6825 3.7190
3.4964 -7.7072
9.7222 -5.8606
4.7979 2.5143
-0.2065 3.7433
3.4793 6.9906
3.7887 -3.6910
10.2709 0.6509
-1.6065 -0.1181
6.3148 -4.0300
-5.2822 -3.2497
1.8602 -2.1662
-2.2202 3.7818
3.6732 -3.0629
3.6169 5.0025
-3.4932 -0.5652
3.7352 -5.2506
-7.2603 3.8216
4.5170 -2.9804
3.6988 2.9560
0.8538 1.5678
-7.8940 5.4774
1.3094 6.0772
-2.6978 -3.6286
-1.8042 2.0453
-4.7743 -1.6469
3.9883 3.7848
-3.0048 3.7795
-0.0616 -3.3975
-2.6859 0.8952
2.3765 3.8410
7.5753 -1.6502
3.8110 2.0056
-2.7001 1.8561
-3.2178 -3.9161
4.9483 6.9508
0.7600 0.0038
-0.2391 -0.6788
4.5103 2.6436
-0.9876 2.6061
-1.1235 0.5937
-3.9098 -3.4070
8.4035 -3.7758
3.9160 4.3147
-0.8251 5.6913
-2.4305 2.2655
3.7133 -2.3972
-2.0081 -4.6346
0.6882 -1.6076
3.5654 3.7860
-5.7471 5.2795
-2.9669 -0.1621
-5.2868 0.1217
3.6252 0.1388
-2.5909 5.6210
3.7974 -2.6046
-6.3290 3.7561
-4.0824 4.4803
0.9935 7.9888
-3.7349 3.7930
-2.2515 5.8572
2.4816 3.6821
0.4254 -1.3703
10.0999 3.7292
3.7024 4.6978
6.2892 -3.7968
8.7679 6.1804
3.7876 4.3741
6.0518 -3.5952
3.6306 5.4400
1.8805 -1.3820
-2.1006 -1.3003
-7.6659 3.8221
-2.3554 3.8076
-0.2487 3.7271
3.6088 -1.5409
3.7063 -3.4617
-3.7034 3.7428
5.3112 7.2249
3.8364 1.0205
9.0387 -6.6819
1.1166 -3.8095
0.1012 -4.5711
3.6434 9.6025
0.1304 3.7673
1.2788 1.3195
-3.6762 1.4770
-6.6424 -5.4639
0.0029 5.0523
-4.6024 -2.3544
3.9501 -3.7092
1.4828 3.7412
2.5477 3.8671
5.7873 -4.7309
3.8616 -5.1758
-2.5093 3.8377
-1.4506 -4.0845
-2.2933 -0.7236
4.3321 3.6410
1.9498 -3.4577
-3.5562 -1.3346
2.2509 1.0506
0.1134 -0.7234
9.0613 6.3280
0.5717 3.7133
-3.7838 3.8433
1.7792 -4.3101
-2.9891 0.5273
2.9773 3.8275
-3.8876 -3.5095
-2.3010 2.3150
-3.5597 -6.4428
-4.6679 3.7429
5.7687 -0.8277
-5.1950 -5.9330
4.7119 3.7482
-2.2492 -1.6077
0.7093 -3.5760
1.8936 3.7361
-2.9588 -1.9521
5.8894 6.4767
-2.8967 0.3892
-3.1567 -1.0867
-4.6001 4.2556
-2.5678 0.1545
-2.3360 6.3778
6.4883 -3.3173
-5.2708 -3.1905
3.7658 3.7978
10.5293 -4.4283
1.7598 -2.2603
-1.1943 5.2878
-5.1531 -1.9459
1.3783 6.0872
3.9986 4.4210
-2.3520 3.6762
4.8454 3.8841
4.0196 -4.9918
10.9386 -3.3094
-3.7093 -1.0725
-7.6336 -2.6846
3.7471 -4.5485
6.0240 0.0875
3.7874 3.6551
-0.1369 -5.1927
-1.7037 3.7746
0.2411 -4.1155
-2.9026 -2.4140
-3.4536 0.7375
-8.0273 -1.8020
3.0388 -1.4539
-1.5213 -6.0063
-2.6750 -7.9777
8.0143 3.7848
0.3620 -4.0870
-5.7634 -1.9299
3.7492 -0.9659
9.2335 4.6390
3.6687 4.4137
-1.2602 -4.2116
3.8129 3.8519
8.3029 3.1102
-4.9453 -3.5671
-0.6282 8.8098
-4.6313 2.9368
2.0930 2.0960
3.8560 -4.2611
-8.5810 -5.1199
-6.4301 4.5138
6.5015 7.8489
5.7628 3.2940
3.7054 5.4723
-2.3476 -1.8907
3.6754 3.7354
8.3271 7.2094
-1.7168 1.5742
1.5822 9.2626
-2.9596 3.7202
-4.3407 -3.5248
3.8044 0.4651
-5.8273 6.6323
3.1628 0.5947
3.7291 0.8806
-6.0384 6.6281
7.8391 4.6137
6.8718 -2.2296
3.5162 -1.1842
9.0708 6.3084
-0.0376 -3.3298
4.3413 0.5642
-3.2477 -3.1128
-2.8865 -5.2089
-0.8116 -0.9006
0.9662 3.6612
-4.7065 1.3930
3.7852 1.6778
-3.7937 -4.8424
-6.8549 4.8664
-2.5894 -0.9228
2.4103 -1.1848
-2.5820 9.7999
5.5831 3.4957
6.4055 10.1305
-5.9518 6.2188
0.0018 3.6644
3.6358 -5.4881
-7.8755 -5.0068
0.8011 9.5160
-1.0604 -3.8915
-3.7214 5.7613
-7.1283 7.5402
1.2536 -2.6435
3.6967 0.0862
2.1968 8.9355
4.1217 3.7418
1.8358 0.5103
-4.9702 3.7309
6.0475 -0.1167
4.9947 2.0165
-0.3374 3.8202
-4.2265 5.9988
-3.3338 -5.3214
-0.1108 -5.4727
7.4687 -3.8943
-5.7063 -5.3125
0.3576 1.2986
-5.3065 0.9549
9.0684 -5.3073
-2.7717 3.8680
3.6728 -3.3371
-1.0969 -1.9810
6.2865 1.3621
-1.6110 -1.4087
3.0267 3.1506
-2.9169 1.4122
6.2391 -1.9922
3.6423 5.5237
3.6177 2.6745
-2.2907 3.6841
8.8198 6.5700
-3.1435 -3.7298
8.9961 -1.1111
3.7437 -3.7046
3.8018 5.8844
-7.0407 -3.3717
3.8051 -2.3119
-5.0893 -4.2726
3.8105 0.9329
2.8139 -2.8977
-5.3718 -5.2990
-1.3642 -4.9468
3.2930 3.5080
-0.6511 2.0139
-0.6530 3.7590
0.6154 -0.7300
0.2667 -1.8780
3.8043 3.6634
3.2869 3.4503
-1.9000 -3.6014
3.8314 -4.0555
3.6414 8.2918
-4.8773 0.6561
-2.2278 -2.4888
7.6392 3.8121
1.2308 -2.3332
3.6432 -3.1397
-0.8833 3.7498
-0.0709 -0.5287
-2.2153 -2.3167
-2.6993 -2.8137
1.0377 2.7066
5.3141 7.5908
-7.1930 -6.3589
2.9725 5.9814
-1.6304 -3.4819
-0.6404 -2.1112
-7.5033 -0.5281
4.3084 -1.0430
-1.8708 3.7638
3.6824 0.6197
3.8912 -3.5801
3.6673 5.2645
3.7254 3.8594
-2.0106 -3.0723
3.7610 -5.8520
-4.8481 -4.9810
-1.1923 3.7187
-2.5559 -4.9489
-3.7130 -2.5276
-1.5633 3.8100
-4.3365 -4.6422
-1.4345 9.3079
3.8327 3.5840
1.1633 -5.6379
5.0138 1.2853
4.5988 -2.9395
3.6204 1.3687
4.7708 -4.1676
-4.5285 4.8964
0.5275 0.2115
-1.8448 0.1620
-2.8899 8.2875
7.1329 0.4567
-1.8995 -3.3218
-4.5968 3.9294
1.2791 8.6853
0.3485 4.8538
3.8193 -2.6020
-2.7419 5.5367
3.7328 1.8359
-5.2225 7.2207
-0.2657 6.8142
4.0340 3.8347
-3.2900 1.1616
6.2081 -3.6756
6.2011 3.7048
3.8108 -2.9907
3.2465 -0.6644
-4.3302 -1.3577
3.6716 -4.2202
5.0202 6.8384
-6.4727 1.5957
-1.9684 6.0453
-3.6438 -4.8261
5.0185 2.2524
-2.3156 3.3222
4.5276 -2.4548
0.6580 -6.4523
-4.6073 3.7136
-5.8711 -1.9745
-1.2371 -2.2626
-6.0450 3.5753
3.8005 -1.2545
-2.7803 -4.8406
-3.7747 3.7153
0.2115 0.5005
4.4783 7.3135
-2.0591 -2.2120
5.6726 3.7263
2.8366 -2.3897
-4.2359 2.3412
3.3911 -0.7089
-3.3325 0.1029
3.7663 -4.1131
-4.4741 -4.4139
-1.0369 9.2638
9.1370 3.7230
-0.2797 -6.3959
0.2554 7.4851
8.9131 3.8316
-2.9022 7.7753
3.6527 0.4605
4.2416 -2.0982
0.6108 5.7601
-6.8506 1.5278
4.1556 -2.5113
-2.0074 -2.5955
-5.0367 -1.7324
1.0433 3.7050
-0.0953 3.4184
-2.3986 4.8155
1.7265 -0.9790
-2.9210 -0.6907
-3.7272 9.5928
2.6656 3.6410
-6.5960 1.2282
3.2939 4.7351
-4.5991 7.1485
-5.3856 1.6507
-1.6842 -5.5020
7.7907 -1.6113
-1.4947 2.1451
-5.2319 -3.9703
-2.8257 1.3559
5.6566 -2.1914
7.6349 5.4229
-2.3718 -2.9839
3.6172 3.0414
3.1810 3.7438
4.5710 8.0393
2.7668 -1.4188
1.4821 2.4667
3.8076 7.6205
2.0842 3.1149
1.3890 -3.2587
3.6750 -5.0839
9.5589 3.7398
3.8068 -0.6914
2.3438 -2.7922
5.3434 -4.0012
3.7828 -8.4663
3.6664 7.5950
-4.0050 9.2576
-2.2147 3.6853
-5.8856 3.8263
-0.1938 -1.4524
-5.7301 -1.3530
-2.0227 -2.6758
-5.3606 3.3755
-3.5366 6.6624
1.7625 4.7452
3.8249 6.1638
-10.1526 -1.7694
-1.2747 -2.8930
-4.2279 1.7391
7.1268 -3.0395
-1.9193 -3.8241
-4.9576 0.1219
-5.9680 3.6954
-0.7045 -4.4083
-8.3931 6.8268
-0.8765 3.7961
3.8313 -3.4013
8.8099 -2.3796
3.7608 -3.3932
-0.3276 3.7250
3.3467 -7.5386
3.6860 3.6018
-4.3010 0.1316
-2.3265 3.7647
-3.2832 -1.8820
-5.0634 -3.0477
