5
-2.2433 -3.9346
1.9352 -3.5069
1.5069 7.8285
7.5846 -2.2688
-2.0015 -1.9302
-1.9094 7.3920
8.9634 -2.0433
9.1272 -2.0305
-5.4048 -2.7369
0.0368 -1.9466
10.0771 9.7241
-5.1238 10.0367
-2.4145 9.5467
-2.0844 8.6939
-3.6899 -2.4441
7.8399 -5.6217
10.5460 10.2244
8.9894 -4.5670
-2.5972 10.6400
8.5213 -2.4539
10.2109 11.1372
7.4585 -2.6577
9.4336 8.7510
-2.3722 0.1327
-6.5922 8.8686
-7.5612 9.6536
-5.3973 2.9898
-2.2664 -5.2610
-4.9363 -5.3752
0.2224 -3.0478
-5.4518 -4.5062
-5.3236 -2.5569
9.8313 3.9579
-2.0043 8.8871
-4.0325 -2.8357
7.9059 9.0082
10.7490 9.3782
8.3145 -3.6905
-5.1895 -2.1480
-2.3176 -5.8258
9.6380 7.8947
-2.2988 -2.1376
-4.9532 9.6790
-2.3107 1.2550
-7.6849 -2.2204
-0.2448 -3.6064
-6.4859 -5.0745
-2.6754 -2.4162
-2.0052 -2.4208
-2.4460 -4.2273
-5.2226 -6.4429
-2.0071 9.2213
0.0779 -5.1906
-3.5071 -4.2778
1.4395 -5.0186
-2.6192 -2.4724
1.3778 10.2624
-5.1785 8.3698
8.5435 -10.5936
8.3168 -5.6633
-2.2266 1.7855
8.8440 -2.2845
8.6248 -2.2103
-4.9904 9.8398
4.5173 9.0665
8.2441 -2.8821
3.0582 -4.5459
12.1048 -2.6100
2.9406 -6.7007
-1.2963 9.4377
-4.9862 -4.1082
8.5401 -6.1670
10.1054 10.5603
11.7782 8.7922
-2.1208 2.7457
-2.4764 10.2450
11.7970 -4.9820
-2.3612 7.5255
-2.7960 -2.3606
-4.9841 8.5333
-2.0403 -5.6650
-2.4469 7.4773
8.9815 -5.1552
-2.6780 -7.8120
2.2596 6.9968
8.7230 11.8699
-2.5872 -1.5500
10.3631 -0.9884
1.7184 9.7328
-5.2186 0.8112
-4.4974 2.3386
1.3553 8.9732
-6.2303 10.1172
9.2717 -5.0247
-2.5097 9.2661
2.0348 -5.8611
9.7449 -5.0926
10.4020 -2.1621
-1.4960 10.7344
-2.3660 10.7037
7.1267 -5.0790
9.1787 -2.0205
-8.7130 -5.6086
10.1325 9.8158
-2.0273 -3.6767
9.2896 -2.1675
0.4253 8.2268
-9.2031 -4.1225
-2.0985 -5.2678
-1.6630 9.2093
10.9386 0.6047
-3.5014 7.3768
1.5857 10.1654
1.8784 -7.6038
-2.8430 2.4264
-4.6675 -1.7456
-4.5480 -2.5014
9.6520 -2.3541
8.8234 9.5392
8.8977 0.1245
0.6852 8.8296
-1.7806 -2.0505
-5.8410 -5.8431
9.0067 10.5994
-2.2555 10.2113
-5.5478 -1.8365
-2.1261 2.1621
7.6594 11.5322
-1.8812 -2.2076
-1.8445 -2.7328
1.6037 -1.9955
-2.4341 -2.1075
9.2381 -7.7046
-4.8586 10.7738
10.3277 -3.6713
-0.5968 4.5109
-2.4412 8.9523
7.1382 9.7729
7.3327 9.4774
-2.0660 8.5780
-0.5510 1.0496
-6.0202 3.4524
-5.0358 -2.3364
10.5272 -2.7770
7.8134 -2.3782
11.1176 -2.1048
9.3366 8.8627
-0.1846 8.1302
8.1422 -1.6728
-2.1822 -2.9315
10.2588 -2.6254
-2.4200 -2.5851
8.7007 -5.1559
-0.3496 -5.5292
9.1750 9.4703
-2.8711 -2.5542
10.0508 9.6114
-2.5319 -2.3670
-1.8262 -5.1935
9.6731 -2.3674
-3.9932 8.3641
9.0932 -5.6728
-4.5806 -2.6326
10.8886 -2.2861
8.1611 -2.2344
-4.5810 -2.2213
-2.4200 -5.3219
-2.7453 -2.3772
-7.6284 -5.4961
1.5342 2.6659
8.3477 3.0743
-5.3083 -8.6186
9.8904 -2.4558
-2.3229 -5.7447
-2.5455 2.2601
-2.6475 8.8168
-3.5684 -4.9367
8.9375 -5.2840
4.0001 8.4126
-4.8519 8.6526
-4.6233 -2.0774
8.0955 8.7105
-8.0491 2.0036
2.0677 -4.7324
9.5057 0.3402
-2.3766 -4.2275
10.0815 -4.6713
3.4723 7.9758
9.2449 -10.8032
0.2869 -2.4885
-2.1079 10.7536
7.7341 -9.2081
9.4013 -1.8730
10.8106 -2.6134
-2.6214 8.4753
-1.8929 -2.6684
9.0855 -6.0476
-4.9884 -2.2022
-2.2057 -1.8604
-3.3083 -0.7877
10.0973 7.1292
-5.0989 10.5511
10.0618 4.1796
9.0747 -2.4312
8.5504 -2.9517
-2.4424 -2.8846
8.7762 -3.0614
-3.7952 -5.2035
-3.7752 -1.8298
-0.1994 -2.3557
-2.0309 10.0461
-3.7780 -2.2893
-3.9192 -2.2439
-2.3143 -2.6215
-1.8474 -6.7835
10.6133 -1.9617
-5.5474 3.3915
-3.4307 2.2765
-1.1422 0.4601
-3.7226 -4.6100
-1.7342 9.5908
-2.3222 8.0374
-5.2318 8.5433
8.2501 2.6863
8.6426 -3.5434
-1.0461 10.4130
11.1269 -8.5804
-7.5237 9.8357
-8.5857 -2.0797
10.4158 7.1986
9.5473 10.0104
-4.6240 -6.7689
3.7562 9.9666
1.9206 0.7007
-2.9196 -2.6602
-7.1314 -2.0250
1.9181 9.2960
-2.0848 -2.1477
-2.0019 1.6962
-2.4410 8.3515
-2.2075 -2.3370
10.4113 2.8131
-2.2333 -1.9605
9.9884 -4.5916
9.1084 9.1541
0.9389 -2.1085
-0.2305 11.7790
11.3069 -2.3464
-2.0577 9.3907
9.9936 -5.3330
-9.6138 -7.7823
1.5240 -6.0934
10.7425 8.0018
10.2990 -5.5915
-3.3850 -2.0735
-2.3203 -2.0435
-2.2905 -1.7932
1.0133 7.6448
8.8948 10.4177
11.7565 -1.2462
-3.2822 -2.0810
10.1009 9.8193
-4.5092 8.7221
-2.2327 -8.8581
9.6970 -3.9931
10.4507 10.7606
-1.6077 8.7150
-2.3059 2.1360
10.6796 9.6844
-5.0384 3.6037
2.1164 -0.5559
11.0108 -2.5563
-1.9763 9.7446
-2.3557 -1.1038
-2.0640 0.8551
-2.5920 2.2851
-2.0002 4.0741
10.2297 -2.5146
-2.8464 -3.8607
11.3885 -2.4342
10.3587 -8.2335
-4.2193 9.0555
-2.3455 1.4027
-2.9564 11.2166
2.1795 -2.2635
9.9822 -5.1286
2.5834 -9.0725
-4.4668 10.5615
-2.4781 -5.0911
-1.7658 8.8352
8.2212 9.5813
10.5293 9.5359
8.0431 -5.6267
-2.1260 8.0473
-2.4481 9.0347
9.1753 -2.4105
-3.3741 9.2446
-1.6211 -2.9592
-3.7431 -3.8566
3.6636 8.4621
-1.9976 1.7227
0.7461 10.0220
-4.6759 -2.4136
-2.4618 7.7827
2.9010 8.3858
7.8870 -2.0663
-6.1714 8.9990
-2.3062 -5.2431
-5.4182 -4.4077
-5.1034 9.7440
0.6071 0.1546
9.7552 -2.6399
-2.7979 8.5094
9.8576 9.6860
9.4560 -2.3000
-2.4004 8.7520
9.6749 -9.7704
8.3991 -7.0834
-1.7896 2.1870
9.5638 -2.7090
-4.8571 -6.0250
9.2581 -5.2408
-4.8506 -2.9201
7.3255 -0.6108
-1.9858 9.8662
1.7812 -2.4419
-3.1472 -2.3853
-4.8437 -2.4799
-0.0044 8.0694
-2.2473 -8.2592
1.1045 9.4679
8.1451 -3.8586
8.3632 -8.2461
1.7334 9.8051
9.3266 8.0438
-7.7590 -8.4337
-1.5828 8.8083
-5.1800 10.1827
-4.8737 -2.6858
-2.4618 10.1274
-2.4803 7.0308
9.9585 -2.2158
-4.0935 1.4468
9.0651 8.5905
-2.0214 -3.0188
-1.7801 -3.0491
9.1941 -6.9797
8.9463 7.7643
8.0831 8.8075
11.1894 3.1627
3.2773 8.0124
9.6137 -1.8421
-2.2620 9.2094
-2.2762 9.6519
8.2140 9.3507
-4.1096 9.7154
-2.2963 8.5203
-3.8304 11.5902
-2.4627 10.1169
-2.2804 8.7358
10.8837 9.2037
-6.0286 9.7783
10.5559 -2.3533
-4.1644 -6.0522
-6.1132 0.2034
-2.1559 10.5107
-5.1335 -4.9537
9.4070 -6.0025
10.6008 -2.0368
9.0810 7.9759
-5.0478 8.0243
-7.6350 -2.6982
-5.0372 -2.2856
-2.6649 9.3570
-3.5945 8.9578
-0.3618 8.1445
2.7752 9.7852
-7.1093 7.3552
-5.7506 0.9637
9.4670 7.1919
10.0167 -6.6170
1.2954 -2.3569
-2.6729 -2.3963
-5.2089 -5.6312
8.9351 -8.0559
-2.2209 -2.3304
9.5900 9.6640
-2.2596 -2.6185
-4.2706 9.7891
9.2347 -1.5194
2.3939 -2.2803
9.5570 -2.2351
-5.6064 10.2565
-1.9420 9.1371
9.4049 4.5072
-2.0974 9.4415
-2.0519 0.8874
-2.7740 -5.7182
-5.1323 11.1196
-5.1617 7.6744
-5.7017 -2.3947
9.3004 10.5235
-4.7102 -2.2996
-2.5271 -2.2983
-4.5149 -2.4963
9.8661 -2.3238
-2.0126 9.3038
-0.2063 9.3889
9.0216 -1.8245
-7.2616 -5.1268
9.3489 -5.5101
-1.3979 -2.0713
9.4167 -2.4879
-2.1851 -2.3551
2.2963 -2.0448
-1.9009 8.6626
-2.3258 8.1226
-2.0764 -4.4880
-6.2361 -2.7675
10.1331 9.7017
10.4405 9.2416
-2.4940 7.6888
0.8075 0.2062
11.0788 10.0047
-2.1265 8.7795
-1.7434 -6.2798
-5.3288 8.4067
9.6955 -2.0493
9.2576 -4.5802
10.4026 -7.1881
-0.9735 -1.9909
-0.8106 9.7685
-5.0043 -5.5007
-4.1557 -1.9193
-2.3427 9.2866
-6.9809 0.9239
8.8171 -2.0608
8.7931 10.2267
1.1085 10.1247
10.1401 -2.3857
-7.0986 9.4819
-3.1672 -3.5738
-4.5618 -5.3324
-5.4742 -0.9713
9.2819 -6.5339
2.2466 11.6602
9.4716 -2.5280
-4.5700 -3.7833
-3.1909 7.9038
-2.7221 -7.6364
-2.0077 9.9453
-2.4480 -4.0742
9.7703 -6.8793
-2.2438 -6.1451
9.5273 -2.4083
0.8913 11.1369
8.4564 8.8931
10.6447 -5.3363
-2.4642 7.8625
9.9931 10.4148
-5.1493 -2.2114
-2.4545 11.6451
-2.7997 10.2760
9.9156 -2.0019
0.8526 -2.3329
-5.8249 10.1401
-2.3746 -2.6105
-6.7499 -2.3024
-2.2660 -1.9554
-1.4073 -2.2603
10.3654 8.3406
5.5223 -2.1771
-4.8892 10.3025
-6.7414 -2.0131
8.0052 -3.3886
10.1133 9.2728
9.9746 11.7940
9.7571 -3.2994
6.3129 9.7408
-5.3944 -1.7957
8.1622 -8.8390
-1.5936 -9.8603
8.4673 -2.1370
9.2235 9.0909
-2.1897 -5.3806
-2.2831 -2.6393
-7.4427 2.2562
8.4338 -2.3888
-5.7581 -2.7543
8.2531 -2.0875
-5.3670 10.1874
-1.8783 -2.3718
-6.0600 0.3743
-2.1232 -1.9761
9.5842 -2.1924
7.6330 -2.1845
-5.5204 -2.0941
3.3995 8.4515
-2.2929 10.2392
-5.6500 -5.1066
-2.9871 9.4908
10.4929 -5.6737
9.0234 -5.6935
-5.2578 -4.7606
1.8624 -1.5652
9.4306 9.9471
8.9561 1.0788
-5.1768 9.8484
-5.6309 4.5044
9.9281 9.4233
-2.1622 -2.2766
9.7291 9.7879
9.1514 9.3178
10.2559 9.5071
-2.3509 -2.1772
7.7206 1.4800
-1.9115 2.3870
8.0265 9.1254
9.9951 -6.9647
2.3553 0.1602
-5.2494 9.6799
-2.4641 -2.7075
-5.1989 9.9910
-2.0125 9.9230
7.3867 9.6484
-1.2298 9.5558
-4.4097 -2.3116
-2.3159 9.0756
-6.4871 12.1114
8.7930 -0.3894
0.6037 7.6182
-3.2319 -4.6542
-6.2346 -2.5735
10.2574 -5.0477
-5.7045 8.6402
-5.2373 -2.2927
11.0345 -5.6414
6.6542 -1.8841
11.8131 1.9491
9.9106 -2.0628
-4.7255 8.4054
-3.3828 -2.8873
-2.4009 9.9497
3.8706 -4.7573
9.2580 9.5934
-5.6816 7.7322
4.9233 7.7682
-2.2410 12.1410
10.9017 8.3091
11.4267 -4.3686
8.6145 9.4706
-2.3302 -2.2229
-2.0981 -1.3093
4.0541 -2.4405
-3.6172 8.7280
-2.3168 -9.8752
-1.9875 -3.1542
10.9277 2.2797
-5.5313 -4.7107
-4.8084 -4.2582
8.8684 -2.3484
-2.9671 -5.0648
-4.2391 -4.8333
-5.2715 -5.2111
-1.5722 9.5537
-5.6262 2.2529
-2.7650 10.9524
7.2741 -3.8391
8.3906 -2.7140
2.5463 11.5019
-2.2948 11.6031
-7.2089 -0.8546
-2.6989 8.1969
9.5541 -7.4902
-2.1722 8.8918
8.2313 8.8296
-2.1245 -6.0818
11.3034 -4.9733
9.3378 8.5453
-2.8211 7.9111
-2.1268 -5.6267
0.1464 10.9520
-0.2015 10.4124
-1.8098 10.8413
8.6238 8.3330
2.8598 -2.3901
7.9152 -5.3981
-6.6739 -2.8503
9.8533 10.5375
-4.8203 -4.2502
10.0110 -6.2545
9.7635 -4.6636
-2.3370 -1.8167
-2.6327 -2.0080
-4.9806 -5.1647
-1.4868 -2.8111
7.6218 -3.1309
-2.2472 8.3281
2.6309 -2.2351
8.8647 6.1191
-2.5139 -2.4813
-2.3402 -4.4736
-5.1482 -2.0554
8.2837 6.6007
10.2829 -2.2647
-9.1040 9.4299
8.3701 -4.9749
-2.2944 -8.5734
-7.8016 -2.2705
-5.4448 9.9946
9.7942 -0.4315
2.1108 -2.6377
-2.1889 9.8980
0.6648 9.1286
-4.3147 -1.8601
8.7701 -2.3168
-5.1349 -2.1009
-2.3034 -6.9388
-2.2526 10.1023
-2.0723 9.2465
-2.3348 9.7961
-1.4056 -2.3621
9.1335 -3.1158
11.1432 8.9472
9.7908 -5.6961
8.1365 -6.4605
11.3143 9.5560
9.8704 -2.8527
9.9827 10.6325
-6.5202 9.9372
-5.0681 10.1554
-2.3647 9.1708
-1.9812 -1.9744
-6.2344 2.4849
9.3661 -2.4207
9.4798 -1.9598
-2.0965 8.8389
9.0155 9.8332
-6.3110 -0.1938
10.3128 3.4225
8.6780 9.8733
9.0629 9.8841
-2.4257 -5.4261
-2.2809 9.5928
-1.9684 11.3117
9.7144 -2.3256
11.7141 10.3576
9.8373 2.7619
-4.7576 -2.0295
-3.7567 8.4325
-2.1268 -6.0970
6.8976 8.7687
-2.2514 -0.3709
10.3941 8.9584
10.2329 8.5718
-6.5753 -5.5391
-5.5049 9.4288
-2.6518 -2.0953
-2.3053 7.8839
-1.6829 -2.2946
6.9864 -2.3636
-2.1621 -2.2838
-7.2310 1.5796
-2.2089 -2.3828
7.5497 -2.2895
-2.5615 -2.2175
-2.5177 10.7671
9.0314 -3.0271
11.3949 -3.4314
10.3716 -5.9143
-3.0027 10.9584
11.5038 -4.9165
-2.1598 -4.8373
-2.1080 11.0572
-3.6960 -6.2555
-2.5264 9.1488
8.7096 1.2425
-5.5160 -1.8096
-7.2117 8.7564
-2.6217 10.7884
-2.2234 9.2251
9.2124 10.5462
-1.7367 8.9784
-5.0911 10.0267
-4.8158 8.9707
-3.2265 -4.4173
8.2528 -2.3120
-2.3744 -1.8846
8.0489 10.7392
-3.3781 -4.7635
-5.9710 -5.3600
1.2356 -7.2012
1.7114 -2.7872
-4.3285 -1.8429
8.9196 -4.7460
10.6556 8.9850
-6.5977 8.8884
8.8559 -3.2247
-2.2007 -5.1796
9.4394 2.9348
-1.8301 -3.3525
1.7599 -2.6221
-4.7357 9.3577
7.2492 -2.5210
11.2962 9.0327
-2.0789 0.4139
0.9622 -7.1776
7.8988 -4.3131
-8.0450 8.4584
-7.2198 -7.2546
9.6455 -1.1059
9.0345 11.5181
-3.0022 -3.9621
-2.2177 10.8157
0.1882 8.3718
-1.7345 10.0092
-8.1540 -2.3950
7.6297 -0.0534
8.9137 9.0127
-2.3915 -3.5133
1.0425 -8.3720
11.7663 8.4387
7.7828 -0.2540
8.2124 -2.2302
-0.6461 7.8159
-3.2737 -2.5025
-2.7785 -1.8844
-2.2562 8.6717
8.5972 -1.9547
7.5236 -5.0307
-6.6117 9.0422
7.9183 -0.1749
8.1326 -4.1448
-3.2865 -2.6158
10.0812 -6.3505
2.4141 10.3985
-2.0891 9.9717
11.9482 -2.3062
9.6208 -2.4904
9.1737 9.4725
10.8255 -2.2182
-2.3846 -2.6747
2.1129 -3.5118
-5.3235 4.0783
8.6648 -2.5963
9.8851 -7.4262
9.0976 0.9406
10.5521 -2.4526
9.4106 1.4698
10.2873 -4.4755
1.9018 -2.3569
-2.0568 -3.2170
9.6398 12.0127
7.0321 10.3955
-2.8678 -2.1994
8.8410 10.1886
-2.7550 10.1730
-0.9438 10.0073
-4.0238 -2.4096
-2.2705 6.5766
11.1193 3.0539
8.7029 -2.2923
-2.3551 7.0699
8.1651 -6.7622
-2.5614 -2.9117
8.0912 -6.4103
-5.8008 -6.0291
-5.4738 9.0900
-8.5156 4.3653
-5.4535 -2.3633
-5.0280 -3.8111
1.4236 9.6436
-2.5769 -2.2878
-2.6330 8.5911
9.5718 -2.3758
11.3956 -6.2377
-10.4136 -2.4932
10.6600 -2.2944
-2.2217 9.2897
9.7749 -2.7834
11.0470 -1.8329
-2.4119 8.4613
-1.9670 8.6513
-1.1251 -0.6732
-4.9912 8.4105
-5.1691 8.4294
-2.1195 10.1635
-6.0088 3.4894
-5.4050 -8.5914
-4.5431 8.7299
-4.4863 -2.0832
-3.3701 -8.1683
7.4293 -2.4271
9.9729 -4.1556
-5.4618 1.3932
10.2802 -2.5196
-2.2124 7.7160
-6.0270 0.8234
10.7657 9.0557
-4.7951 9.1218
-2.7177 7.9788
-2.0258 -5.7462
-5.2836 -0.0536
0.0667 -1.3026
-5.9485 -2.2255
-2.2651 -5.2177
-2.1452 -1.9680
-2.5221 -1.8593
9.5646 -2.2274
-2.3108 8.5347
-2.2743 8.6116
-2.3300 10.0817
9.1479 -8.0481
-2.3614 -6.7818
-2.3004 -2.2558
-2.2318 -2.0282
-3.7657 8.4929
-1.0494 -8.7604
8.6688 10.6553
-2.0524 -2.3340
10.1346 9.1416
9.0872 8.6448
-2.2162 -2.0369
7.6976 8.3945
9.7543 9.4325
2.6694 -5.5028
-2.3214 9.2307
-6.0548 -5.4137
8.7101 -5.3446
8.3528 -1.5045
-5.0392 -7.4269
-1.9976 -2.4950
9.4620 -2.8388
10.7614 -2.1918
2.7239 10.4817
8.9745 -3.4367
9.7853 3.2214
-2.2815 -1.8843
-4.7844 -1.9656
-5.7874 9.1364
9.8997 -2.6384
-2.4145 10.0178
-2.5135 0.9538
-2.2990 -7.1440
1.6842 -1.0192
8.3715 8.7920
-6.8029 9.5379
-2.2132 9.0172
-3.8875 2.7731
-5.3996 8.8676
7.0965 -1.9500
0.8555 -2.1793
10.2178 7.8515
-5.1633 8.7361
1.7113 -8.5039
8.4984 -1.3381
9.9185 -2.7142
0.1078 -2.2168
-5.3543 -5.3642
3.9710 -2.3497
-2.4360 -3.6730
-1.8219 -2.2739
-6.7301 8.2563
-2.8072 -6.4016
-4.9496 2.5133
-7.7163 -7.6839
-1.8673 -5.4934
-0.4859 -2.3136
-5.4516 9.2938
-2.0294 -5.4146
-9.1775 8.7122
8.9082 10.7759
-5.7716 -5.4782
-8.0380 -5.0557
1.4685 2.2721
-2.2456 0.8050
-2.4671 -2.6657
-2.3108 -6.7357
11.9259 -2.5801
-2.3158 8.1719
-5.6355 7.4452
9.5809 -5.2152
-2.5627 -7.5509
-2.3758 9.3996
9.8471 -5.0687
8.4403 8.4928
-3.3006 -2.2322
9.1128 -5.7286
-1.1488 -4.7844
10.2202 -2.0957
8.4302 10.9824
10.2799 8.8784
8.2432 9.3001
-5.6548 -7.5915
-6.4249 8.3621
2.4061 -2.0200
3.2797 -2.4656
-7.7516 9.1348
-1.7102 -3.8929
7.8927 9.2010
2.8654 -2.1360
-2.3435 -2.1020
1.2235 8.3089
-4.4174 -2.7025
4.4042 8.4595
9.7769 8.6821
-1.9833 -2.1191
-2.2054 9.4701
-7.8310 -0.7601
8.0695 -4.7998
-5.4765 8.8203
-1.5348 -0.3728
-6.4820 -2.3645
12.0546 -5.7199
12.2261 -2.4591
-6.3318 -2.2889
9.3254 9.1811
7.6705 -5.1927
-0.3952 10.7941
-7.8805 9.9174
-2.6325 -2.2397
-2.3319 10.7538
8.7031 -5.6176
7.9603 -8.2002
9.3338 -2.4575
8.8886 -2.8976
-2.5784 -2.3610
-2.0799 8.6507
8.9682 -2.1465
10.7426 -5.0690
7.5720 0.6667
-2.7232 1.4542
1.2109 9.0743
-1.9375 -7.3698
-5.6058 -0.5228
7.7912 -4.5098
8.7545 -2.0652
8.0165 0.2598
-5.8155 -5.0970
-5.8538 8.7736
-4.2403 -2.1163
9.6701 1.1603
-2.3111 8.6931
10.3665 -2.2936
-2.2411 -2.5839
10.4139 8.3932
2.8647 -4.4871
-5.9029 9.9897
-1.7976 -2.2998
-2.9897 -8.1546
-3.1841 -4.4321
-3.0198 8.6033
10.1653 10.9543
10.9155 -7.8624
8.0833 -2.3828
9.7530 -2.2815
-2.0454 -2.4255
-6.3150 7.9758
-2.5999 8.0258
-5.5789 9.4758
7.7137 -2.4298
-5.1254 10.6801
-5.4028 -8.0572
9.3795 11.1114
-1.7750 -4.6038
10.3722 9.7196
-0.8066 11.5253
-8.0741 2.7214
-4.2085 -5.8080
-1.7145 -3.0322
7.8448 -2.3868
9.0066 8.2573
7.2262 -2.3324
-5.0746 -3.1235
-2.4823 -3.5032
-0.2122 9.2157
-3.8199 -1.3244
-5.2374 -5.3240
9.5728 9.5933
-1.9998 2.8888
8.1767 9.5876
-3.2657 10.4267
10.1817 -4.9766
7.6207 -6.8943
-8.1348 -1.6814
-2.0997 -2.0405
-1.6492 -2.5088
-2.2794 -2.1401
-2.8441 -6.1563
-2.0254 -3.3930
-1.9586 1.0545
-4.6647 9.7649
-6.5740 9.7197
-3.5954 -2.1429
11.7375 -5.0377
-3.5825 9.8757
8.5402 -2.2245
-2.2440 -6.3660
-1.7374 -2.5886
9.7631 -2.1671
-2.5712 2.9267
-4.8668 3.6666
8.5872 3.0370
-7.9768 8.9526
9.3417 -4.7814
-9.5104 -4.1207
-5.2367 -5.7994
-2.5539 -3.0101
9.7070 -5.6090
-2.1769 -5.3542
-0.3462 -2.2524
-5.0811 -2.0473
11.6296 -0.5155
8.5544 -8.1744
8.6447 -2.3411
10.0413 -4.8541
-2.3336 9.3356
11.2420 -5.3749
-2.7068 -0.8209
-5.4368 -2.3005
9.1979 -2.2422
-7.2611 -5.9263
-2.4618 8.8685
-0.9262 -3.1273
-5.2366 1.7654
-2.2880 0.1965
-9.0126 -4.8607
10.4626 -3.0354
9.7836 -2.1558
7.5232 -2.3458
-5.1298 -2.0743
-5.3449 9.3300
8.9985 -3.5697
-5.8171 -1.8307
-0.6795 -2.0181
9.6788 8.3937
-3.0592 -9.4106
8.5047 8.3666
-6.5118 9.6133
-5.1982 -5.6168
6.6322 -5.7366
8.9192 8.7169
9.3921 -2.5850
-3.1377 10.3491
-5.8083 -4.7164
-2.2195 -8.1464
8.2119 0.0961
4.2199 7.1430
-2.1782 -2.2971
-3.2201 -1.0545
-2.4028 -4.9356
0.6570 9.3897
9.5628 10.1226
8.4346 -2.1525
-6.6162 -4.5742
6.7627 -6.7901
-4.4046 -7.8570
-2.3630 -6.4664
8.7791 -2.4286
-0.7148 10.2238
-2.5750 2.5181
9.6774 -6.6559
-3.6635 9.6124
-2.0648 8.7420
-2.6431 0.5911
-2.2956 -1.9573
-2.2992 8.1097
-1.7466 0.8640
2.1480 -4.9866
9.9421 10.5084
8.0961 -2.2572
9.4336 -5.6372
-5.3104 -2.1855
-1.4565 -2.2585
8.5325 -2.0149
-2.5169 7.9474
-2.7632 -4.1320
-2.1291 5.6598
7.1911 10.1523
10.6874 10.7950
9.8346 8.4481
-2.4306 -1.3511
-4.7645 11.3932
-2.1863 8.1083
-5.7229 8.6202
-1.8725 9.5696
10.4447 -5.6190
10.8888 9.2799
-5.7675 -2.4723
-2.0380 8.9863
-5.6341 7.7307
-1.4322 -5.7020
-5.1884 9.9863
-2.5393 -7.0859
1.9884 -2.0034
-2.8280 -1.8999
-2.6263 -5.7061
-4.1319 -2.0729
10.3763 9.8232
-2.2619 -7.0247
-5.4460 -2.4059
-7.1962 11.0303
-2.1397 -0.6852
9.9249 9.6202
-5.3568 8.1392
10.2008 -0.0610
9.7681 -7.8230
-7.1997 8.6537
-2.6325 -1.9752
-5.9869 -5.6303
1.4880 -2.0523
-1.9419 -5.6714
8.6070 -6.7710
-2.2541 -2.2274
11.2197 7.2314
-5.5079 -5.8770
-5.1196 9.9019
-5.5718 9.0754
-5.1492 7.7257
11.4133 -2.2179
-5.0229 -2.6406
0.4931 -6.4738
-2.8018 -3.7425
-5.4819 -1.6249
-2.3933 8.1159
-2.2050 9.3283
-5.2851 -2.7115
-5.4252 9.1897
1.2655 10.2103
-5.1576 -2.8162
-5.7324 -2.8691
-3.1950 -2.7542
9.5044 -6.2582
9.0379 9.2646
-2.3468 -7.4860
-2.2536 9.9864
0.2704 -2.2034
-0.9602 -1.7904
-5.0682 8.6553
9.8592 10.2750
-4.9265 11.3875
-4.3772 -2.2501
-2.1440 -6.9881
9.6853 -2.6441
-2.4371 7.8848
-1.8298 7.2965
-5.1783 -3.6513
-2.4866 -2.3148
-3.5623 10.2850
-3.4148 -7.8890
-1.9126 10.2975
0.0582 -2.4790
-2.5980 1.8500
-5.0172 -4.8545
9.8191 -2.8784
-5.0182 -4.8955
10.4292 -2.0649
8.4638 0.8899
-7.0987 -2.6401
-2.2441 -2.7666
1.3006 -2.4199
-2.2242 -7.8139
-5.4221 -2.1329
2.2489 -2.3828
-8.8096 -2.2775
7.3964 10.0012
10.1270 -2.3994
11.0261 -5.2408
-2.3937 9.5941
-0.0827 9.4918
-5.7334 -4.4827
9.7602 11.1751
-7.5451 9.6947
9.2559 -5.4140
1.3332 8.8967
-2.4251 7.1492
8.3450 -2.0487
-2.4718 -1.9761
-5.8706 9.1807
-5.3611 -2.5090
10.9935 -2.4992
-4.2517 -3.6496
-3.6535 -2.1620
-2.3335 9.9370
9.5473 2.4913
12.3483 -1.7250
-2.2430 9.8128
8.1038 -2.0327
-7.7910 -5.0938
-3.8817 -2.2471
-2.0334 10.1384
9.0199 -2.5490
-3.6149 -2.5637
-3.4907 -8.7696
-2.5535 -2.2320
8.1562 -2.4751
-2.4770 10.2499
-2.1742 -2.8142
2.3925 10.3967
-6.3921 -3.7631
-5.4487 8.6317
-4.7369 8.4692
-1.1183 -2.4452
-3.2814 -2.4497
-2.1677 -2.1860
7.5171 -5.3202
3.2723 10.2436
-5.4050 1.6788
8.5574 -2.7557
-8.9465 10.1353
9.7457 10.9028
-5.3724 -2.1480
-2.1790 -4.9595
9.9813 -8.7341
-2.2271 10.4837
-5.3974 -2.0641
9.8083 -4.2085
-2.5014 -2.2533
10.7660 8.5733
-5.2202 -6.5110
-4.1835 9.9214
8.0110 10.8378
7.7586 0.0638
3.0661 -1.4263
-7.6050 9.7174
10.4187 -2.4587
10.9696 -4.8233
9.9187 10.0575
-2.5226 9.2858
-3.8570 9.2868
-2.1815 10.6919
-2.6145 -2.4138
8.1623 -2.0931
-2.2431 -2.6808
-2.2869 9.8101
11.4817 -3.7861
-5.2147 10.0155
-2.2634 4.6334
9.4625 -3.4149
9.5638 -2.2962
10.0059 10.9456
-4.9377 2.0250
1.4181 -2.6282
-2.2995 -2.1383
10.7572 -8.0984
-3.0354 9.3823
-2.5397 9.5160
-2.6625 -4.1406
-4.9973 8.4594
8.0312 -5.5627
10.7547 9.6375
-0.1000 -2.1639
-2.2912 8.7543
11.9757 -5.0312
-0.8919 -2.1160
-3.8719 11.0482
9.4248 -2.4967
10.9694 9.5851
-4.9331 -9.1387
3.3803 -5.6480
-2.1549 -4.5492
10.2921 8.7951
-2.5691 -2.3923
7.7474 9.0204
9.6468 -2.3499
9.6063 -1.6221
10.0933 10.1154
-6.7686 8.6742
-3.1777 8.2468
-2.5053 11.5664
9.2370 8.6451
-7.9429 -2.2555
-2.4734 2.9514
-1.9182 0.4793
-5.6522 10.2598
7.6957 9.7185
-5.3604 -5.6123
7.8344 9.2684
7.4283 -5.9193
10.3345 9.8635
-6.2142 -3.7609
8.9623 -2.1123
-5.2737 10.0470
-5.0777 0.5227
-4.2721 2.2078
0.6565 -2.3230
-3.7484 9.3941
9.3328 -2.3746
-2.1146 10.5115
-0.8960 -2.3602
-4.8769 10.9477
-4.6407 -2.1765
-5.1504 2.7476
-1.8399 8.9571
-2.6761 -7.6560
-6.7120 9.8848
-5.3120 -3.9378
9.6940 11.3146
-4.9176 9.9497
-4.0401 -5.1707
-2.1196 8.9519
-5.1613 -1.8798
-4.9031 8.3533
7.5402 10.3763
9.8674 -5.0841
-0.2442 8.6988
-1.5523 9.5227
-2.4250 8.9357
-2.1812 -4.5922
8.5824 -2.4622
-2.3305 -3.6271
8.0337 9.0932
-4.9784 8.9296
-2.4743 -2.3530
10.1668 9.1750
-2.3364 -5.3686
11.0864 -4.1824
-4.4471 -2.5603
9.7523 -7.2112
-2.4119 -2.2245
9.1235 9.2384
-5.8356 -2.0250
8.6594 12.9855
10.2143 -6.0494
9.0671 -2.5211
9.0337 -5.4309
9.4716 11.1863
9.1001 -0.8765
8.3434 9.1436
-5.6234 8.5867
-4.9712 8.4132
9.5813 8.6945
11.0138 9.2038
-6.4297 1.4556
-2.3889 4.8365
8.7442 -8.2029
-5.3930 -4.1632
9.4643 12.2009
-1.5679 10.0152
-6.7938 -5.0901
9.2809 -2.7454
-4.3447 8.7866
-1.2745 0.9461
10.6172 -3.5522
6.4341 -2.2245
-5.1177 -1.6059
-2.1656 -2.3887
1.5654 -2.2858
-2.6684 -1.9599
8.4418 -5.5628
-7.1325 7.1950
7.5936 -4.0054
8.3495 9.5645
-1.9631 -2.4772
-2.2541 -2.2243
-6.2650 6.3705
-2.3032 -1.6982
-2.3342 -3.1516
-7.1626 9.6846
-2.3850 -2.8135
-6.5792 10.4633
-2.1661 2.0756
-2.0104 10.4129
11.9684 -5.2209
-4.9146 -1.6254
-2.7641 8.6558
7.6722 -2.6179
9.6506 -1.9041
10.7792 -7.7540
-6.0105 11.4586
-5.5274 -1.3202
-2.2049 -2.9698
11.3118 -1.9974
-2.4383 -5.9583
9.7449 12.2036
-2.3847 -1.9957
1.0549 -5.0622
8.5305 -2.2107
-5.4275 -2.2822
9.6095 7.7193
3.9373 -2.3713
9.5793 -5.2517
-2.0647 -4.0623
-2.1152 -8.6495
-5.1841 9.0157
-1.8524 8.9502
-5.4950 -2.4094
-5.5350 -3.9958
-2.8050 -2.7069
-2.8016 9.5301
-2.6271 -4.9908
8.5225 8.4580
-3.7261 11.0572
-2.3597 -2.1816
7.5116 -2.0436
7.2936 8.1136
-6.6657 -2.2793
-2.1230 10.2962
8.1966 -0.0270
-6.1065 -6.3070
-2.1148 -2.4587
7.7476 9.9388
10.5415 10.5481
-5.5483 2.3164
9.4751 0.0609
-2.1232 9.7676
-2.5878 -2.1651
-7.0260 -2.0046
-1.3237 -1.9945
8.6627 -4.7879
-5.3532 8.1415
0.3134 8.7520
9.9206 -3.8703
7.0882 -5.2454
-1.8869 -5.3330
-2.1555 9.5260
11.1654 -2.2572
-2.1663 9.2654
-3.1780 -5.0194
10.1388 8.7232
9.5579 -7.3794
-2.3454 -2.3567
-5.6444 8.5419
10.1442 -2.8106
-2.1721 9.5541
-2.2830 9.5199
-2.4694 8.9859
8.1009 7.7631
-1.8775 -3.4619
-2.4970 8.3263
-2.4265 -2.2877
8.2573 7.9691
-3.5421 -4.9751
-1.7823 -2.3813
9.4249 11.6054
-2.3740 -5.4023
-4.4080 -5.6823
-6.5858 9.5751
-0.9889 -2.3037
-1.2397 -4.9429
9.3810 8.6987
-1.2723 10.4765
9.8501 -4.3044
-5.9856 9.7312
2.8376 10.9378
-5.3469 -2.1239
10.0787 -4.9865
12.1154 10.5513
-2.0794 -4.1244
-5.6356 -3.0358
-2.5842 2.2796
-1.2444 8.3010
-2.5549 8.8780
-2.0209 -0.2519
2.1100 9.5214
-2.5036 -4.8891
2.7494 -2.2758
-4.8232 -2.6367
7.0649 -2.7593
-5.3237 -5.9331
-2.5451 10.1000
-2.0942 -2.0013
-2.5343 10.4930
10.7026 9.5947
8.4834 8.6048
-3.1311 -2.2914
7.1679 8.9384
-2.7324 -5.1004
-2.2692 10.9400
-5.2020 -5.1986
11.2919 8.0333
-4.9584 9.4179
-2.3076 8.1163
-5.4311 9.6651
8.7546 -2.4674
8.9057 -1.9277
-2.3555 -2.0283
1.3124 9.4213
-2.1500 -2.8172
8.8608 10.6020
7.0443 -2.0289
1.1128 0.6819
-6.3178 -0.9291
-2.3829 10.6928
10.8349 3.7639
-4.9509 9.9283
9.2529 9.9341
-7.8445 10.1397
9.3750 10.3992
-5.6558 10.4533
-3.9292 -0.5010
10.2956 -2.4102
-5.4445 8.5397
9.8295 10.1587
0.7909 9.7259
-2.0902 9.8964
-9.4428 -1.1656
-2.5050 -3.6001
8.5605 -3.3782
-9.5167 1.5774
-5.8392 9.9418
-2.4520 -5.6500
-6.6760 -2.2304
1.1179 0.7921
9.4153 -5.8616
-2.3641 -2.6283
-4.2284 -2.5159
-5.3443 -7.8406
-1.2117 -2.5494
8.2335 -2.6484
7.6686 8.5537
-5.2374 -2.9431
-2.4377 -6.8197
-2.6094 6.3487
-2.6749 -5.3661
-1.9661 -2.2186
-2.3831 10.0739
9.5289 10.2149
9.0882 -1.9986
9.3064 6.8636
7.3413 -5.0992
10.4626 -2.2943
-3.3833 -2.8516
-3.0942 -2.4447
7.8272 -2.1938
8.7062 6.9250
1.2656 -5.1588
-6.0917 10.3752
-2.4025 9.8260
-6.6946 -2.1824
-4.0493 9.9589
-5.9226 9.5936
-1.9982 8.5164
-6.3982 -2.5259
-2.0126 -2.5295
8.9525 0.8908
-2.4917 -7.2933
-1.8950 -5.7156
-2.5977 0.7190
-11.0570 -4.8247
-1.9681 -0.3066
-2.1845 -2.4178
8.8841 -2.8306
-2.1190 -2.3694
-4.6831 -8.1721
1.4438 -2.5912
-0.7641 8.4978
-5.1614 -2.4701
-3.8192 -2.3544
10.8019 8.1809
-1.8484 7.9922
-1.9259 7.8636
8.9421 -5.0350
10.5040 -6.0405
-4.9107 -1.7537
-1.0208 1.2069
-2.3746 -2.9448
-3.9685 -2.2006
-4.8046 -2.2922
9.6285 -2.0307
-1.6588 -5.2153
-3.6890 10.6000
-11.6781 -1.9638
5.0636 -5.4791
-2.1271 -3.7782
7.9418 -2.4298
-5.6547 -5.0644
7.7284 -2.1356
9.7479 -2.6530
-2.1640 -5.0398
-3.4667 -6.4754
-1.8851 -2.3240
-4.7136 9.0566
-3.8841 10.5759
1.5508 -5.1066
9.0957 -2.2139
9.2650 3.8785
9.2441 -2.2566
0.6196 -4.0393
9.9093 -2.0496
-2.3607 -6.7815
-4.7177 7.3471
-2.2276 0.4531
9.6621 -2.2857
-1.6731 -2.4673
-7.6944 -2.3132
-0.2088 -2.4953
7.8746 8.7277
-3.6475 -2.3204
7.2453 -2.6604
9.3174 8.4198
-4.8739 -4.6991
-6.4522 -5.4317
8.7916 -3.7670
-5.3443 8.5185
9.3550 9.3914
1.7990 -2.1211
10.6406 -9.0679
-0.0540 -2.0173
10.6429 -2.7540
-2.6009 -6.4073
-2.2769 9.6202
10.7969 9.2350
7.7401 9.4011
-5.9203 9.3272
-3.7571 -2.3603
9.9366 -2.3517
-0.5803 9.5714
-9.1979 9.2927
-2.1893 1.5972
-4.6514 8.8379
8.5970 -3.4203
-7.7179 9.5494
3.6150 2.8318
-2.6192 -2.2614
-2.7042 1.4980
9.6105 9.3028
7.7505 -1.2195
-2.6313 -3.2378
11.4542 -5.8712
-2.6135 -2.3665
-4.5560 8.9661
-2.8598 10.2340
10.0707 10.0192
8.3613 9.3730
-2.2319 -10.9418
8.9543 -5.4101
-5.9635 -2.7033
-6.9573 8.0662
-2.1191 -5.0450
-0.7161 -2.2434
-6.3185 -2.4033
8.7864 -2.3965
10.7837 -3.0011
9.8537 -9.0140
9.1913 -2.1344
7.2568 -1.1210
-3.6867 -4.9934
11.3716 8.4346
8.6793 -1.5480
9.5105 10.1796
0.3552 -2.3563
-5.7888 9.6231
1.3620 -3.6885
-7.6247 -4.1237
10.7006 -1.9758
9.8038 -8.4415
9.0456 8.0030
12.1414 -2.4594
-2.3638 -4.4212
-4.3524 9.9886
-2.1453 -4.8746
8.1383 -6.5887
-2.6405 -2.4026
8.8361 9.2533
9.2300 4.6322
7.6049 9.0536
-2.7440 -2.3015
10.5246 -1.2399
-4.1166 -1.3583
-3.1172 8.8778
7.1195 9.2648
9.8164 -10.3962
-7.1251 2.2968
10.6579 9.1212
-3.3273 8.9283
-3.6890 -2.1393
-1.1180 -2.9530
-4.2283 -4.4928
10.3798 -1.3013
11.1510 -3.1374
10.7610 7.0480
8.0267 7.5574
-2.6631 1.8022
-4.8535 -2.6516
-7.7920 9.2978
0.7200 -5.4255
9.9826 -5.1808
10.2739 9.8651
10.8877 -6.3532
9.9341 -5.3500
10.6730 8.1557
-5.3889 -2.1085
6.9218 -3.1516
8.9420 -2.1834
-2.6845 -3.7488
-3.8084 9.3312
9.2450 -5.9784
-5.8835 -7.6092
10.5589 -0.0445
-2.7945 -1.9994
6.9535 11.3552
9.8313 -4.7462
-6.9206 -2.9848
-2.5046 -2.3523
8.8945 -2.3428
9.2195 -8.6425
9.9882 -1.9339
-4.8356 9.0287
-1.8056 -2.0194
9.5995 -3.8857
10.7083 8.5109
-2.2635 8.9877
6.8980 1.6507
-4.7545 -5.1017
-5.1449 -1.9463
-3.1455 -2.5301
8.0257 2.6839
-4.0032 -4.6344
-5.5813 -5.5147
0.7067 8.7890
-3.7244 -2.9511
-4.6367 7.3633
-2.4024 -3.6820
-3.8155 9.4011
10.0085 -5.0631
-4.1095 -5.8491
-5.1305 -4.8070
11.1435 9.5736
-2.8749 -2.1642
-2.1420 8.3810
-5.2878 -3.1221
8.7467 2.1477
9.8908 9.3082
-4.8346 -1.4411
-3.4503 9.6833
2.1078 -5.3070
-2.4376 -4.5572
2.4141 -2.0336
9.5580 9.8601
-4.7788 10.8820
-2.1828 11.2628
-3.6989 -5.1055
-2.3633 -0.2573
9.1117 -7.2550
9.7404 -2.3526
9.1166 9.8167
-1.9131 7.7172
-6.5349 -2.6248
9.7299 9.4783
-4.2797 11.0133
10.0535 8.6585
-5.7886 9.1121
-2.8274 -6.7265
-2.3262 7.0662
-3.4684 -2.5310
-4.8767 -4.4311
8.0225 -6.0992
9.5185 -3.1241
2.1060 -7.0369
-5.3767 9.9349
-1.8748 8.6904
-3.5206 -2.6282
11.7184 -2.3932
-2.1505 -3.5282
-2.5231 0.3950
-2.6277 -6.5583
-1.9985 9.7770
1.5364 9.6879
11.2378 -4.9777
-1.8634 -6.8975
-4.8289 8.6773
-5.2579 -3.2531
-3.7299 8.1980
-7.5779 -0.8841
-2.1399 -3.9727
3.0397 9.1117
2.7629 -4.9009
9.5080 9.4893
-2.1554 8.9851
-0.8398 -2.2292
8.2792 11.3195
-1.8818 -2.1424
9.0035 -0.2028
8.5821 -8.6597
9.8835 -1.8711
-4.0160 -5.2899
9.5894 -4.0624
10.2947 9.9217
11.0829 -1.8586
8.9158 -1.0461
10.1258 9.2609
-3.9168 1.7700
-8.1143 8.4319
-2.4558 -2.7733
-2.3162 9.6342
-5.0654 -4.5252
10.7911 -1.9624
-2.5333 -2.3224
10.2457 11.2691
13.1378 11.3751
11.7769 9.9738
-2.7508 9.9482
9.9539 10.5504
-1.8542 -2.8091
0.8327 -6.2633
9.1327 -2.1852
10.2487 -2.0376
-2.3449 -2.2067
11.7082 -1.9243
-3.1818 10.1234
-0.6346 -2.2451
-5.0857 10.7910
-3.8047 -5.7096
-2.4342 7.8482
-7.5912 1.4210
-2.4082 -5.6685
-2.7246 10.4553
10.0498 -3.8317
9.4261 -8.2869
-1.9557 2.1024
-2.4718 0.6268
8.9092 9.7238
8.1476 -9.0725
-2.1225 -2.7186
-4.3109 8.2699
10.1715 -2.0591
-2.9489 -2.2796
-2.2252 9.9914
-8.5839 -3.4853
9.5370 -5.0483
7.6351 -1.8365
1.8236 -6.0343
9.3520 -4.2133
-2.3308 -6.6570
7.4043 -0.8588
-0.4763 -1.8985
-2.6056 -4.6457
4.1779 -1.1849
-1.1869 -1.9996
-6.6088 -2.6453
-5.2953 1.1545
-4.7649 9.4049
9.5843 8.1326
-5.2040 -7.0231
8.6625 -2.3440
10.3806 -2.0405
-4.8914 -5.0189
-1.9636 10.0131
-4.6558 -2.0803
10.0727 9.1696
-2.4798 10.6367
-0.5622 9.0785
-2.5028 1.8483
11.4342 8.4150
8.6020 -2.5537
8.4268 0.6380
9.2477 9.8106
9.8354 -5.2508
-5.2790 -5.5005
-6.0707 2.9240
0.4536 -2.4667
10.3053 -1.7618
-2.6482 -5.3785
-1.3942 -2.4900
9.6528 -3.4063
-2.0509 -3.2870
10.1055 8.0808
-6.3970 -5.3757
9.6826 -5.1250
9.8102 7.1768
11.0559 -4.9727
4.5307 10.4341
10.5141 2.6951
-0.6325 -7.5585
0.5577 -2.5155
-5.3391 9.6154
9.9679 10.8439
10.5437 9.6359
10.0110 -5.4859
-2.8333 -2.2146
-2.1705 8.5058
10.3820 -0.8039
-5.4253 -4.9187
10.8013 10.3310
-8.6047 -2.5659
10.6513 -8.7105
8.0000 -4.2213
-9.5767 -2.3749
-3.4215 -0.3104
-7.4123 -3.5625
-2.3975 -3.4052
-2.6047 -2.4800
-0.4233 7.9446
-6.3565 9.8941
7.9524 10.1290
-1.9285 -3.0846
-5.5831 -5.4298
-5.2545 7.3030
7.7144 -4.7592
8.1013 -2.0836
9.3057 9.0348
-2.4131 -2.3264
-1.5160 -5.4731
-2.3360 9.8937
-2.2954 8.8767
9.0740 9.2528
8.8613 2.1332
1.0676 -4.5264
9.2077 -2.0406
7.6576 7.9183
-1.1434 9.1633
8.9516 9.5976
9.0251 10.4282
5.9071 -2.3746
9.2929 -5.0408
11.6359 8.4876
10.2082 11.6147
-6.5891 10.3056
-0.7803 -4.8364
10.3849 -2.3933
9.4813 -2.4614
9.2084 -6.0483
-2.3898 -2.3522
-1.7194 -2.3891
9.4227 -1.9959
-2.2369 -2.2920
11.1341 -1.2728
2.5120 -2.8073
-3.7235 -3.9811
8.9650 10.1304
-1.5660 2.3280
10.2176 -2.8855
-4.4983 -5.0885
-6.3800 -5.4470
-2.4231 10.3414
-1.0172 8.7629
8.0700 -3.9146
-1.6214 -5.4289
10.2471 -4.3101
-4.7770 1.6032
-3.7613 1.4402
10.9151 -3.0285
-2.5986 -2.0084
-6.3081 -5.2932
5.1300 -2.4365
-5.3153 7.1933
-3.5126 -1.6547
-2.3869 1.2684
8.9403 -6.6032
8.8021 8.6230
-2.7486 -1.1044
9.3114 8.8699
8.4810 10.2169
-6.1415 8.1662
0.8816 -2.4154
-2.8656 -1.6456
-2.4404 -3.5270
9.7658 -3.7702
-2.6062 9.6285
10.6492 9.1189
-5.0237 -1.9347
-2.6150 -6.1340
-0.3023 -2.5130
-2.2775 -2.2482
2.1749 8.6747
-3.4449 9.3376
10.0819 -4.9428
-4.8487 0.6842
7.9908 -2.8046
-5.6861 -2.7349
-5.5980 8.1540
-6.9961 -4.8306
2.3481 -3.1704
-5.1900 9.6041
-6.5444 -2.9593
9.8954 -2.3393
-2.3205 -2.2928
-5.3717 9.6164
-3.1835 -4.1718
-4.1238 -3.1517
-2.3719 11.1432
-2.3936 8.5444
9.7837 -3.2020
-2.1042 9.9191
-2.0142 7.7685
9.5194 -2.2305
12.4816 -5.7053
9.9149 -6.3268
8.3969 8.8429
-2.0014 8.5451
-7.2995 9.6080
-5.7184 -2.5009
-8.0595 11.1183
-5.9058 2.2010
-2.4789 -8.0525
-2.1833 -2.4182
-1.8736 1.5423
-2.3643 9.7605
-4.9591 -4.7760
-7.8650 0.5981
-5.1402 -3.1313
-2.2605 -2.3350
-1.9041 8.6403
10.8528 -2.0570
-2.6751 -2.5991
10.0416 -2.0325
9.7680 -1.9765
0.0691 -4.4242
8.4771 -1.9290
8.0837 -6.0551
-2.2035 8.3727
-3.0216 10.4298
-4.4443 -4.2480
-2.2030 8.0912
6.8163 -6.3147
9.6294 7.0910
12.0647 10.9288
1.7882 -2.3655
-2.2806 8.9638
-1.8163 -1.7473
9.2666 -5.7161
8.9232 -0.3017
-2.2712 10.5285
-6.0620 -4.1534
-4.9938 10.5311
-2.1599 0.7606
-5.2012 -2.6844
8.2299 9.6374
-5.6276 7.5285
9.7328 -2.3081
10.3891 3.4690
-4.3206 7.8947
-2.5643 -2.3814
7.0791 2.6155
-0.5147 -2.3841
-3.0980 -3.2874
-7.4730 -4.4508
-5.0399 10.3857
-2.4739 -2.1345
-2.4325 9.3020
0.9186 1.1333
9.4834 7.7052
-2.0388 8.5403
-1.9621 -2.0695
10.0193 10.3570
-2.3596 8.1345
-4.7442 0.5609
10.9732 -0.1736
-2.9533 -4.2234
11.1128 -2.0147
-5.3243 -3.2768
9.2184 -2.7634
3.3863 -2.1146
-2.2018 -5.4038
-5.8193 -2.0273
-7.4429 8.8857
-2.3344 -2.3497
11.8553 -2.2243
-6.1170 7.6280
9.7662 8.6178
-6.3702 11.5644
-2.2799 9.6068
-4.4802 8.9046
-5.3938 10.8076
-2.0396 9.9957
-2.3694 -6.8504
9.5941 8.4410
5.3033 8.8776
-3.1024 9.5967
10.3283 9.6674
-9.7801 -5.2443
-5.2312 9.5332
-2.4096 8.8403
-2.2409 -2.4685
-2.5891 -3.0893
-1.7035 9.4829
9.9217 10.2304
-4.0200 -4.7412
10.0910 8.7538
-2.5953 11.2548
-5.8844 -2.0832
4.2044 -3.3157
-6.0094 2.3490
9.2020 8.3146
8.5562 1.7915
9.7810 8.7413
-3.9933 0.8256
-0.6003 -2.1417
-2.1048 9.6292
9.2093 1.1141
-1.9504 10.6008
0.0440 8.9965
9.3807 -1.6598
-3.6243 9.4086
-2.4220 9.9816
-3.7610 -2.4482
8.3117 10.2001
-5.8470 -1.8546
-2.2591 10.5332
-2.0948 9.9570
-2.1273 -2.1136
2.9337 -2.3702
8.6653 8.3659
-1.9538 12.5531
-5.1058 -2.4474
9.2650 -9.4697
-4.8059 9.3382
7.1260 9.5589
-2.6267 -6.7829
10.5851 -2.3447
10.4536 8.4920
2.4379 -1.9712
-1.5025 9.3911
8.3509 7.9060
2.0939 9.0848
-2.4543 1.3054
-7.2702 -5.0512
-3.7697 -2.8733
-2.5295 -2.4589
10.0830 -0.6916
8.9589 10.6680
-5.6295 9.3134
9.4143 -7.3299
-2.0994 -7.2619
10.2955 -2.5437
-2.6874 -2.5625
-1.9673 11.4296
-3.8895 9.1503
9.7493 1.7923
9.0708 -2.0983
9.8256 -2.3814
-4.7676 -5.0856
9.8640 1.7107
9.3446 -2.3671
11.1568 -5.1815
11.0905 -2.2281
-2.3591 -0.2614
-4.8329 -2.5123
-5.7280 -2.1732
0.2498 1.6913
-1.0427 -7.0759
-0.1948 -6.6201
-5.6405 8.8881
9.4988 8.5136
-5.8894 -2.1865
10.4054 -4.9449
-3.2933 9.4922
11.4015 -5.7290
-2.6051 -5.7353
-5.4695 -6.3868
7.7135 9.1764
-6.4865 -2.3025
8.5006 -2.3081
-3.1430 10.2176
-2.3570 7.6962
9.5199 -3.9970
-2.0510 -3.8389
-5.5842 9.2275
-2.1425 10.3526
-2.1113 11.1534
-2.1648 -2.4894
8.4843 9.4058
3.5054 1.2696
-6.6311 -5.6329
-4.7991 8.8732
1.8490 9.0233
-5.1978 8.5257
-2.3223 -2.5573
9.3096 -4.7483
0.4278 9.2736
-2.4321 12.1304
-0.2075 7.3595
-5.7373 -2.4926
-5.5702 8.9913
9.0024 8.7783
-9.6671 -5.2984
-2.8423 -2.6464
-3.0963 -4.3781
11.5119 -3.7436
7.4365 -2.1940
-6.1201 -5.0953
9.1615 1.6902
-2.9760 9.3605
-2.1803 1.3114
-2.9878 10.4363
3.5621 8.0325
-9.0927 -5.1050
-3.1900 -2.1598
8.3149 -5.2961
8.6002 -5.3025
-5.8428 -2.9908
9.9646 -2.1132
-5.3579 -6.9524
-1.2894 -2.2542
-5.2497 -2.4367
7.9412 -2.2505
9.8957 -2.2126
-2.8018 1.3055
-7.7409 3.2541
10.0884 -8.5091
-2.1355 -8.1231
10.0053 -2.1479
10.4587 -2.1524
9.4271 -2.2398
-5.2353 10.2765
-2.1101 7.5715
-6.3374 9.3499
-5.7258 -2.0914
-2.4638 -2.6447
7.7782 -6.4466
-4.0215 9.5595
10.3779 9.2869
-2.0317 3.5845
8.5851 7.3557
-5.8273 8.2045
-2.5389 9.2918
-2.3780 9.0799
-2.1894 -2.4698
9.9525 -5.2389
-5.4985 -2.3690
-2.0339 -2.4989
-4.1333 12.2163
-3.7047 9.6963
11.6158 -0.6840
-9.9134 6.1393
-2.3791 10.2785
1.5372 -4.7512
9.2437 -2.3536
8.8083 -2.2781
-2.0206 -2.6462
-2.4437 -2.5354
-5.0339 -5.3469
-4.5355 8.7106
-1.7619 7.2284
9.7877 -7.1689
11.1695 -4.7577
-2.4667 -6.1362
-1.8872 8.4170
9.8261 -6.1813
0.3084 -5.0415
-1.8399 -5.2585
-4.7822 9.5561
-5.1974 7.1003
8.1398 -9.2437
9.1886 -1.7957
-2.4473 -2.3620
-2.5666 -2.1039
10.7096 -5.3047
-2.3389 7.8421
7.1957 -2.9475
-2.2181 8.7356
8.0530 9.3960
-2.4088 8.7708
-4.9686 10.1073
-2.5335 -2.7542
-4.8846 6.1290
8.2797 -2.3686
-4.9458 6.8024
-2.3791 -0.1315
-5.4145 9.0399
10.4025 9.0505
-5.2258 1.3834
1.5332 -2.1330
-5.5953 8.6009
8.7303 9.9901
-5.4557 -2.2979
9.4403 -2.5052
7.7737 -2.0680
9.5880 -2.3606
-4.8310 -3.9949
-5.0670 -2.2670
-5.7081 0.2771
-5.1531 -2.6704
10.0089 -4.8470
-3.4731 -2.3357
0.1502 1.9117
12.6556 -5.5013
-2.2414 9.6827
8.8458 -2.0349
-8.0515 -3.4772
-5.2730 -2.6177
8.7791 -4.3887
-1.8488 -1.9200
-5.5720 -3.0027
-2.2666 -2.5959
-2.2976 -4.3383
-2.5618 8.7751
-1.4480 9.8632
3.4595 7.6118
10.4335 10.4850
-2.0270 -4.3343
-1.8547 -2.4998
-5.0720 -3.5321
3.6406 -2.3752
10.3504 -1.2879
-2.0869 9.2273
10.2677 0.0478
2.2143 8.5119
-2.5082 10.8750
-2.4100 -1.9325
8.6053 1.8215
9.0269 -6.9018
-3.9466 8.3486
8.2094 8.2518
-5.1242 -2.5459
10.6953 2.2040
-2.1868 -2.2881
-2.3714 -2.8135
-2.3829 9.0821
-8.5506 10.9823
7.1362 -8.6966
8.7891 -2.0611
8.9908 8.3952
8.4765 7.9319
-6.8394 -2.3940
-2.1607 3.4781
9.3191 -4.9160
10.0516 9.7243
10.7607 -3.6149
9.2596 -2.5573
8.5480 9.6091
-2.5889 -4.0880
-2.0715 12.1356
-7.0856 -0.7107
-2.3156 -2.2730
-1.9985 -2.1421
-3.4481 9.5020
-5.5260 -4.1349
-6.3059 8.1060
8.1857 -2.4310
-3.2826 -3.5825
-6.3191 -0.6433
-5.0960 -2.0256
8.9158 -3.0635
-2.9355 -2.3622
-2.2342 -4.1256
7.6187 9.9060
0.9751 -2.4697
10.9398 -3.6107
7.6066 -2.5676
-2.0003 -5.7776
10.7022 -2.7678
8.7688 -2.3480
-2.3216 -2.0493
8.6225 0.2783
-2.9699 -2.4647
9.8284 -5.6691
-1.9526 -2.3675
-2.7511 10.3651
-2.3451 -6.8064
8.5721 -5.2301
8.5563 10.0749
8.2199 8.3118
7.6375 -2.5477
-2.1545 -5.2593
0.3158 10.8569
-2.2211 -1.6106
-0.5052 -6.1259
-4.5811 -2.5299
-6.4005 8.5247
-3.0794 -4.9928
8.9578 10.5959
-2.3225 10.5931
1.0123 10.8543
-5.3183 -8.5979
10.0652 10.7650
-2.1977 -4.0131
9.6283 -5.4989
8.8348 9.2280
-2.4197 -2.4434
-2.1197 9.6788
7.3708 8.3559
-0.3584 -2.1475
-2.7369 -5.3366
-2.4337 9.1858
-2.0294 -2.2754
-4.3564 9.8221
-2.1108 0.8434
-9.0638 9.3491
9.4517 7.6752
-1.2378 10.9342
11.4540 9.6135
9.5940 -1.0390
10.4598 -2.5411
8.7434 -4.3343
-2.4452 9.5706
10.4381 10.9898
9.5198 9.0151
10.8646 11.9529
-0.5436 8.9984
7.8447 -2.2063
-2.1386 -7.7562
7.9469 8.1433
8.3836 9.0063
0.6034 8.8660
-5.7279 8.9874
-6.2829 9.9812
10.5009 3.6725
-2.2724 -1.9559
-2.2183 -0.1356
9.1512 -8.6844
9.7142 7.4497
-4.8307 10.9769
-5.5349 -0.9806
7.6776 -5.5211
8.7986 -4.9043
10.6801 9.9736
-1.8632 -4.8323
-5.6942 -2.7291
9.0984 1.7034
-1.1279 -4.5696
-4.6889 -5.0015
8.4041 -2.5091
10.8166 -2.1618
9.7317 1.8832
8.4642 -2.5506
8.7024 -5.6640
9.8295 9.6423
7.7921 -4.6016
-5.4630 9.2010
9.0406 2.0870
-2.1187 0.2311
9.9219 12.0143
-2.5930 -2.0536
9.7737 -2.5551
4.8261 -7.5574
-2.7734 -5.5596
-5.4035 9.4124
0.6022 11.0696
6.8259 -2.5040
8.9319 10.8606
8.3472 7.5632
-4.8213 9.0048
1.1503 -2.3354
-5.9563 -3.6093
-0.4500 -4.6381
1.3249 -3.6705
8.7148 9.1276
9.2626 10.3558
8.3968 10.3964
9.7370 10.9306
-2.4046 9.7913
-2.4082 9.4948
8.8655 8.5859
-7.0613 -6.1360
-5.2642 7.6434
9.8219 -2.1908
-3.8052 -2.6528
-4.9386 5.0040
0.1267 10.4289
-4.7990 -1.7495
-4.2192 0.7443
6.7766 -2.5367
7.9410 2.6123
-4.0827 -5.5560
-5.9180 -2.0860
-2.2050 -5.2924
8.8917 -2.5327
8.7995 8.1289
6.0191 -2.1321
-3.1330 -5.0799
-2.2469 9.3011
0.9634 9.6853
9.0539 -5.7067
-2.4511 -2.1351
8.5735 -7.8093
9.8013 -4.6278
8.0388 9.2797
-4.6330 10.9025
9.1799 9.0307
10.3669 -5.6249
-2.4215 12.2833
-0.0695 -2.0795
-7.1013 10.1285
-2.3016 9.3871
9.6733 4.6825
-7.0581 -2.8641
-2.1978 9.2090
-5.4543 2.0388
10.5364 -9.0024
-2.0951 -2.0991
-5.6835 -4.3308
-4.2253 -2.2818
2.0599 -3.1585
-2.1948 -7.0295
10.4078 -6.0428
-3.5929 -0.5129
0.4616 8.7664
6.7259 7.3796
8.5466 -2.5388
7.8043 -2.4856
-5.6035 8.7740
10.4784 9.3794
-0.6334 9.5018
-5.4014 9.8676
-4.8341 3.0809
1.0943 9.3038
-3.5771 -1.8146
9.6621 -2.2874
-8.4943 9.2797
-7.3576 0.9307
3.5487 -1.7624
-2.3336 8.0144
9.5145 9.4798
-1.9829 -5.1126
9.0966 -5.3459
-6.1545 -1.9593
-2.6256 9.5562
-2.3617 8.4127
-1.8596 -1.9716
-1.7738 8.7327
7.8946 7.0160
-2.0663 9.1404
-2.8207 9.5099
-2.0575 -2.5532
-6.1337 -2.0569
-2.3291 -6.2257
9.5499 -2.1584
9.5823 10.5820
8.5190 3.0959
8.7717 10.5791
9.0050 9.4457
9.5922 -3.6500
-6.3642 10.4065
9.8412 -5.3280
7.9920 -2.2102
10.0005 8.3309
9.2637 -2.2606
-3.8822 0.4871
9.9130 -5.3551
-3.3750 9.6354
10.1265 -2.4397
-2.2754 8.6418
-5.0270 -7.8152
-3.0340 -2.4240
-2.6124 9.6067
-1.9156 8.5544
-2.2442 -2.2305
-2.6512 8.0906
-2.6674 -1.7174
-3.2694 -2.1931
-1.7746 -4.8761
-2.4983 -4.9762
-2.5196 9.4712
-5.3430 -5.0917
-6.6187 -10.1590
-1.9950 2.2280
-7.1433 -1.1840
9.0028 10.1717
2.9746 10.3554
1.8834 8.3242
-4.0236 -2.6019
-2.3566 -2.2142
-5.1609 -5.2219
-5.1984 4.0260
-4.9426 7.7312
9.0353 1.2439
-6.3460 7.7690
8.9861 11.3648
-1.9736 8.2113
9.2035 -5.2891
-2.7997 9.6793
-4.7778 8.1470
-5.0083 -2.1940
-5.0671 9.5607
9.0953 10.8901
2.0379 -1.8800
-7.0338 -1.6067
-5.1562 10.4558
8.4738 -8.2766
-2.2184 -0.4037
1.8856 1.8993
9.8987 -1.6165
3.1862 10.9562
-1.8944 9.4836
-2.0045 -7.1347
9.2281 -2.6597
-2.7987 11.2352
9.1110 -1.9703
10.3530 9.0116
-2.4700 -2.4174
-1.8220 -4.6556
-2.7812 8.7798
-5.1377 11.2734
10.2358 10.7405
2.3000 9.3605
-2.1420 -5.6174
-4.1311 4.7018
-2.1632 8.7311
10.0095 -2.2501
7.9321 9.5084
7.3020 -2.0619
-2.3326 -2.6246
10.0815 9.7878
-4.8344 10.5072
9.5286 -2.2445
-4.4020 -2.6842
-2.2279 -2.4011
-2.2555 -1.8851
-6.7438 -0.6210
-1.1248 -4.9362
-2.2859 -2.4336
-1.7960 -4.3974
10.2983 9.8738
-2.5285 10.4759
8.0809 10.1768
7.7507 -2.4023
-4.8570 -2.2922
9.4716 -7.0972
10.7601 10.5871
-4.8270 -7.3061
9.7107 10.2573
7.2773 -1.8755
-2.5580 -3.6011
7.7994 -1.9707
-5.5829 9.0541
-1.9125 -1.7839
7.6379 -1.9320
2.1269 -2.4388
0.6519 -2.2291
-2.0457 8.6498
-2.2144 9.1403
8.2888 -1.8846
-4.1558 10.6259
-2.1181 10.3441
0.5474 -3.6280
-1.0396 -0.9213
0.5292 9.4753
-2.7041 -4.9709
-2.3639 -1.0934
-1.8674 -2.5343
-5.2703 0.7769
-1.5750 10.3691
-2.4659 9.7476
1.8801 -7.4037
-2.2209 9.5216
-5.0227 -5.4797
9.5750 -2.3181
9.1639 -5.6614
-4.6626 -0.9202
9.9683 10.1993
-2.1019 -2.1462
9.7158 -1.9442
0.8488 -3.7894
8.1910 -2.0564
9.9772 -2.7683
4.9623 -2.2047
10.0095 9.4899
-6.4357 10.1361
10.5119 8.9718
-1.6335 -4.7794
-5.3964 -2.5675
-6.5845 -5.6164
9.2694 9.3926
-5.5164 -3.4292
9.2739 -5.1484
9.7955 -3.4609
10.2789 -1.1896
-1.5053 8.5686
-2.4399 7.9217
-2.6645 11.1908
-6.9873 10.4005
-9.9667 -5.4689
9.9364 -2.3460
-4.9821 9.8350
8.1284 1.6564
-3.4595 -2.3260
-5.4150 10.6857
-6.5217 -5.1450
9.1707 0.5324
7.8462 5.5237
3.5407 3.1940
1.0774 2.7009
-5.5047 -1.8201
0.0867 4.4299
6.1026 6.1840
-6.4264 -3.2201
2.2768 -6.0926
3.4328 3.0721
7.1441 1.6526
7.6477 -5.0142
-10.5580 4.8278
-7.8146 6.6165
-4.2060 6.6355
-8.1994 5.5909
2.9486 -8.4689
4.6343 -5.7233
-8.7205 -7.7760
2.7046 6.5927
-3.1970 -2.4515
5.4731 -7.2434
-7.4051 -5.6003
5.0278 -2.1475
-5.8807 5.4051
-1.9977 4.1538
-4.3909 5.1868
-2.3745 4.0006
1.4872 5.3404
3.1081 3.5102
3.3055 -0.1161
5.5418 3.7156
3.5162 5.6613
6.3232 -1.5554
-0.4356 6.3327
-6.5053 4.4832
3.6988 -5.6123
-8.4318 -6.2018
-1.5440 -5.6450
2.5528 3.0722
6.7391 4.0066
3.9589 -5.3336
-8.8137 7.9007
5.0654 5.1265
-4.5422 6.4649
3.3780 4.2790
2.0941 3.2287
4.0289 5.8815
3.5162 5.0471
5.3898 5.1172
5.4793 5.1411
5.1209 4.8886
3.9499 6.2149
-5.1454 0.7438
3.0635 2.4012
5.2150 0.6290
3.7431 4.4163
5.5413 0.6833
-9.1045 4.6408
-4.3666 -7.7972
2.5550 -5.7378
3.1385 7.2723
1.9971 -5.3187
3.3531 -5.9976
6.1118 2.5696
-9.1851 1.0889
-2.8499 -9.3337
3.1668 -0.0103
1.1040 -8.6765
6.5255 2.4272
4.6993 3.6085
-6.1767 2.7109
5.4869 -9.8782
4.0007 -5.4807
-5.6250 -3.1049
-6.9558 4.8294
2.2341 3.6384
-2.5581 -5.3427
5.1350 4.3023
-5.1070 1.8784
5.0062 2.8698
-5.2912 6.4757
6.4246 5.3218
-6.2567 -7.5951
4.7691 2.0988
4.8386 0.1637
-5.9138 -5.5511
-11.5875 3.6300
3.9953 -3.2035
0.4680 2.0494
-8.7431 3.9165
-0.6974 5.2723
1.0759 1.7854
-7.3730 3.5723
-4.2237 -3.3759
7.7849 4.6245
-3.3788 1.9701
3.7402 -10.2776
4.3789 -2.3284
3.9179 4.1110
-3.1486 4.3354
-6.9534 -5.2485
2.5239 -7.7002
8.2864 4.0907
7.4955 -7.9997
-8.4455 6.7609
3.1544 -5.6127
6.3888 4.1753
-7.9634 5.0970
5.8880 5.4141
3.1808 2.4938
-1.5950 -7.4113
0.0385 3.1272
-7.9631 1.5607
-2.7950 1.5167
4.7501 3.5882
0.8367 4.9325
5.7848 2.1622
5.6204 -3.7064
1.3048 -5.3092
-4.6195 -3.4244
-0.8834 4.0416
-9.1406 5.7436
5.0622 5.3997
3.1766 -5.8755
-2.0123 4.9989
-6.9753 4.7839
4.0537 5.6851
0.4446 -5.8213
-5.6068 5.1373
5.0353 8.7952
5.4917 -2.1703
7.4050 9.0393
4.5321 -4.7364
4.0204 2.2824
-4.2219 -8.7876
4.4743 2.7959
0.4423 5.3356
-6.8862 -4.7572
-2.1524 -1.8157
-8.0021 5.2635
-6.0788 4.0063
2.4999 4.4363
0.1526 3.8141
5.9589 -4.4255
3.7063 -3.4166
5.9561 -2.5022
5.9411 -6.8099
-5.5189 5.1282
-2.6637 -5.3468
4.6731 4.4970
2.7262 -4.7069
6.6619 0.9662
4.4913 -7.0548
7.7312 -1.4423
4.5845 -8.0748
-3.6542 4.0346
7.0640 -6.6819
-5.7491 4.8969
5.8109 6.6555
4.3494 -5.3741
5.5576 3.9150
-5.5791 -6.2882
6.1640 4.9755
5.3380 -7.1951
3.7754 -5.3586
5.3074 2.5403
4.7880 4.3820
3.6541 3.1496
7.6394 4.3669
8.0525 1.8901
1.3884 -6.8871
0.4508 3.3519
2.9784 -11.4209
4.9401 6.8289
2.6419 5.4109
2.2225 8.4748
-5.6876 4.4200
6.3869 -7.6084
7.4929 0.5629
-4.9769 6.1189
-3.6966 6.8859
5.6362 -6.8568
-6.6076 4.5197
1.7676 -0.9573
4.8127 -3.9286
1.0446 6.7784
6.0712 -7.6212
5.3080 0.4559
-2.8412 -7.0689
6.2587 0.8022
3.7399 4.5723
-3.4112 -2.6082
3.3607 -2.1963
4.4201 -8.6454
3.9432 3.7219
-10.8042 7.4512
5.7764 -9.2660
2.5352 6.2658
5.3682 4.9569
4.2398 4.7038
-1.5943 -3.4908
-3.6782 6.2916
-3.8777 -6.9982
0.2034 -4.5237
7.6151 -6.7370
3.4404 5.6089
4.0409 -3.0286
4.4015 4.0177
5.1022 5.2995
3.9885 4.3199
4.1702 5.1409
-10.9217 3.2286
5.1386 4.1657
6.1754 6.9498
6.0921 5.4610
3.7252 -4.0524
6.4637 4.1260
0.1318 3.9856
0.7954 4.4740
0.9776 4.2256
3.5945 5.1856
-8.5379 6.1955
-1.2754 3.4180
-7.6128 -1.8734
-0.6072 -8.5047
4.2083 4.1688
-3.1376 -6.7418
4.8215 5.0006
-6.3629 2.4210
5.4736 -9.9592
-7.5667 -7.6981
-7.7364 3.2666
4.0445 1.7697
-5.2883 0.4432
1.9581 4.7758
6.6194 4.6304
7.5431 1.5779
-4.1490 4.1272
6.0277 5.7641
2.7983 7.1991
-4.2986 6.6010
5.7464 -3.9039
-0.1472 6.0206
4.6910 -9.0179
2.4003 -5.2937
-4.7484 -1.5580
9.2633 5.1537
-7.2941 -6.1340
6.9174 6.9153
-2.1504 -6.1656
3.6715 3.7040
2.4009 0.3162
2.9823 -4.0945
-3.5482 -4.5901
4.0835 4.3747
4.6447 6.1854
3.3882 2.2442
3.9525 2.3424
-6.6259 -7.1984
-5.8660 -9.8745
3.2183 3.0218
3.2396 -4.8109
-7.7885 3.5664
-2.8238 8.0859
3.6441 -4.6177
3.3119 -5.0414
-4.2939 4.5461
-4.2882 9.0371
3.2478 -4.8018
-3.8821 7.6555
-0.3014 0.6697
2.6457 -7.4658
6.2567 4.8805
-3.8950 6.9130
-1.3338 4.7814
1.4043 5.6699
-1.2177 5.5778
0.1928 -7.6851
4.9738 5.5588
4.4382 -6.2110
3.9293 -6.6780
4.4179 4.1150
-8.2050 5.0623
0.3237 6.6802
-4.0422 0.1998
7.1982 -3.9459
2.8284 -1.9242
2.6321 3.4615
-8.8101 5.8759
4.3797 2.9246
-1.8363 -7.9917
-4.8477 -3.8252
-3.2209 -4.8730
5.2280 6.1507
-5.5178 4.5353
-6.7440 -6.5486
6.1897 4.2465
-9.1050 5.9607
4.5281 4.2406
2.4956 0.3700
-9.0877 8.0989
0.5535 0.3730
-8.4710 5.7147
6.4418 9.0618
-8.0021 1.5404
-1.9723 -6.7391
4.9352 4.6054
-5.0859 5.7294
5.2407 3.0081
5.0322 4.4467
-6.8793 4.3089
-0.8291 -8.0644
5.3586 6.3895
-3.2787 -4.7530
-3.5416 -5.9908
5.3098 4.7164
-5.7977 -4.8116
3.4441 -6.9040
4.0719 5.5507
0.0067 -15.8715
3.9201 4.2408
5.7869 -4.0801
6.1116 2.5155
2.8570 -4.6194
3.3020 2.9000
-7.1994 2.3584
4.8062 3.3055
6.5145 3.5945
5.6425 3.9771
-7.3043 4.8689
3.3311 -0.0788
-0.0969 -1.1361
4.4918 -7.9270
3.7008 1.7759
-6.3780 -10.0066
-5.2821 3.9268
3.5880 2.4643
-3.2675 4.6350
-4.8618 6.3794
7.3719 6.4978
-4.0338 5.8017
-2.6959 -5.2732
5.6879 3.5641
0.1311 -3.2186
-4.3910 5.0840
5.8227 6.8256
3.9277 -4.9555
3.9292 -6.6933
-5.7331 -5.1595
-8.5914 -2.8311
-0.4900 0.3270
-8.6511 -5.1069
4.4996 3.9852
-7.1577 4.9889
-3.9351 -6.4275
-7.6956 4.6555
-3.4069 3.8713
-4.5229 4.5451
-5.4055 5.5804
-6.3613 7.4222
-0.7301 -6.5672
-5.3153 2.1481
-4.6542 -6.7449
4.8858 4.3572
3.1318 1.8992
-1.1664 5.2642
-7.8355 4.4901
3.8344 -6.8177
4.6140 -7.9014
6.1509 -6.2002
-6.5322 4.3694
-6.8648 3.2970
5.8889 7.8857
6.1074 6.4472
-2.5946 4.3429
-10.1099 1.0450
-8.2041 -0.5669
-5.5239 1.6860
-4.6144 4.9393
2.2672 -1.2132
-7.3255 -6.2149
2.9261 -0.1295
3.3343 3.7720
7.2480 4.6661
3.9869 -4.6590
3.2603 5.2312
5.2095 -9.8140
-8.1759 5.2215
4.1326 5.0418
-7.0447 -5.7472
4.6444 4.9337
6.4898 0.4163
4.9234 3.2994
-5.7388 4.8280
-7.0122 -5.8559
-0.1377 4.8773
-4.7184 3.5144
4.0095 6.9962
3.8591 4.2289
-5.5283 4.2189
-5.0084 3.1442
3.1628 -7.8285
-8.9265 4.1492
4.7137 5.0558
4.9775 3.3463
4.0008 -5.4396
5.0355 6.5189
-9.2546 0.8249
-6.0800 -8.9044
5.6937 3.5730
4.3712 -7.1814
5.0113 3.8491
6.9063 -7.1164
5.1487 5.4209
6.1664 0.0827
2.8531 5.7454
-6.5890 7.2987
-3.1847 5.4535
4.4243 3.8595
5.2423 -6.6050
-12.1916 -7.7307
-7.1060 4.7872
-8.1270 1.0020
-1.8635 -3.4017
-0.2447 3.0679
-3.7475 5.7228
2.3712 6.3737
-6.8215 -5.6940
5.6247 -5.4774
3.4028 -5.8070
5.7439 2.1552
7.6654 2.2368
-4.4031 2.8858
5.3551 3.0802
7.3216 4.7928
-6.5746 5.8077
0.5648 -9.6756
4.3417 -3.6646
-8.3651 -0.7269
-9.0038 -8.0516
8.2329 3.8702
0.9003 4.1035
3.5674 8.3805
3.9024 3.9902
0.1510 -3.2677
3.5306 3.5561
-5.8238 -5.7898
4.4390 4.9365
4.8907 4.4266
-2.5184 4.9476
4.4837 3.6296
-8.1958 6.3193
2.4324 -4.0061
3.5207 7.7466
3.0169 -4.3415
4.4947 3.5401
-5.5160 -3.6332
-5.5998 0.3095
6.1869 6.6515
-6.3520 -0.9791
-2.4404 3.5030
5.1420 6.5496
-2.0000 3.7314
-9.3108 -9.9450
5.4299 -0.4531
6.0820 3.9598
-5.0152 3.5161
5.5953 4.1714
5.6831 4.9525
5.3357 2.5054
6.2943 -2.4725
-7.3770 -0.0630
4.8226 5.7401
-4.6133 5.4629
5.9548 -3.5743
3.5733 -5.4069
-3.9365 -2.6657
-5.4493 -8.8434
5.3213 -6.9271
-11.7008 3.8534
6.7259 -3.6525
5.3653 6.2985
1.8446 -13.0684
7.3609 -3.9269
-4.3875 4.9152
3.9352 6.6506
3.3415 2.0966
1.6708 -2.8127
5.1273 4.6667
5.9139 -8.9116
4.4509 7.3296
-6.6783 0.9663
7.1742 3.1878
1.0027 4.8476
6.7109 -5.0365
5.2990 -7.2456
4.0696 6.5618
1.9630 0.7677
-8.3845 6.0782
-4.9905 3.9333
3.5078 3.7548
-6.9602 -0.6136
4.1435 -7.2911
3.6810 4.5912
2.5341 -1.2912
6.4544 -3.9966
-5.8496 -5.6972
0.4997 6.3835
-6.6465 2.4787
-0.0917 -2.9327
-3.0691 4.6458
5.4696 -8.4057
-5.8075 -3.2307
-2.3657 -4.0020
-0.2563 4.3660
8.5602 -9.5189
0.9010 7.2477
-0.2475 -7.3434
-9.7279 -4.0542
5.3074 -0.3403
1.6821 5.6663
-3.9950 4.3307
7.0999 5.4432
-1.7664 5.1093
-4.5298 -8.8731
-5.8624 2.5845
-8.0297 4.2381
5.2706 4.7533
-6.4080 3.0945
-2.9176 -4.5865
1.1982 -1.7395
-6.5001 4.9085
3.5699 4.9873
5.5976 -4.9323
8.5863 3.5954
-7.7977 8.7847
6.9309 -4.1792
4.7503 -7.4354
6.0702 -1.6625
-0.3020 -6.1069
7.5370 2.8116
-1.5146 4.8383
4.0116 6.9119
-6.1849 -0.7810
2.6474 -9.3549
-6.8234 5.5145
-10.1117 0.2128
-4.6044 6.2632
-7.0049 -3.1729
-5.2250 -1.7555
3.8294 -5.1235
-6.9032 6.2445
5.9958 5.6092
3.5569 1.7885
4.5439 1.3037
-9.4198 7.0455
4.5119 7.7220
4.1723 -2.1174
1.7173 2.1133
5.0401 2.3180
2.2401 -7.9274
7.3773 5.1797
4.3774 3.0614
2.9988 6.5364
5.7825 3.8616
-3.7223 5.9696
1.4588 4.6390
-5.5184 -6.0198
3.5552 -9.7096
6.7432 1.3882
-7.0582 4.3242
-6.0428 3.9186
4.3805 4.7474
-6.6494 -3.3145
5.1908 6.0878
-7.8990 -2.8567
-3.9270 4.9827
5.0194 -4.8880
3.5545 -7.1848
-4.5960 5.7131
-8.0651 6.6497
3.4878 0.5555
-4.9239 1.6936
-4.8922 3.6778
-6.4428 -6.7922
-4.0876 0.2794
6.0094 -2.7765
7.0868 4.3445
5.0672 -5.8784
-4.4069 2.3713
3.8458 -6.8900
4.9442 -4.8075
4.1462 5.7232
3.9351 5.4165
4.0483 9.2213
4.7544 5.4167
3.9644 -4.0016
4.0368 6.5283
-9.6624 2.0483
3.6257 -5.2723
-8.7864 7.5060
6.8702 4.3828
3.5571 6.7355
7.2329 -4.4923
-6.2839 -9.8364
3.9770 3.6535
-6.7794 -6.1382
5.1249 5.0940
5.4708 3.4130
8.1632 2.7928
-7.4609 -10.0202
-0.3982 0.3549
1.2391 3.8845
-4.8589 1.0505
-6.0663 3.8901
5.2020 -6.9785
3.3328 3.0232
6.4780 6.3335
3.2503 6.1726
-4.0461 6.5740
-6.6853 8.6983
-6.4763 3.9696
4.6538 -6.5009
4.0799 -9.4667
-8.0332 -1.7133
3.3761 -4.9605
4.4565 -12.5563
-5.5466 -4.7986
6.5589 -3.3151
-4.9406 3.4458
-6.4288 5.2180
-4.8912 4.1028
-4.9492 5.6093
2.1858 3.2629
-0.1745 -3.0870
4.3150 -9.2997
7.6367 5.6908
-6.8386 -4.9430
-5.7385 2.9943
4.0958 -7.4748
0.1843 -8.6422
-8.5349 -9.0770
-6.7347 7.0353
4.3318 5.9175
-7.3874 6.2969
-1.5961 -1.0989
6.8178 -8.4725
-4.7012 -6.6933
1.2392 2.9658
5.8483 5.0517
-4.2389 2.8759
4.1282 -5.9216
-4.6047 6.5917
5.8927 -3.3518
-3.3293 -5.2871
-7.5611 5.2705
4.7623 4.1296
-4.5119 3.6549
6.7380 6.8775
-7.4586 5.2997
4.4423 -4.7536
7.3492 4.1228
7.6541 3.4923
1.0838 5.1539
6.9424 -5.5268
5.6091 5.3942
5.3778 7.7178
-4.8736 -6.5539
4.2526 -11.6065
2.9441 -1.7548
4.2313 3.3919
-6.6091 -6.8695
7.8773 5.2946
3.9040 5.7823
-7.7918 3.3128
4.0098 5.2159
-7.4894 -6.7762
1.0078 4.6391
7.3834 2.7634
-7.4145 4.2508
-6.4402 -2.9178
-3.4355 -1.7492
-6.5337 3.1741
-5.6642 3.5154
-7.2709 4.3958
-4.2435 2.8750
4.8335 -8.8257
4.9499 3.0069
7.2761 -2.2415
-5.6510 3.8432
5.4843 4.7314
3.8350 1.3922
3.6816 -0.3109
6.9407 3.3114
3.9187 -9.1853
3.5896 -9.0887
-5.0514 3.2616
-8.0383 -7.1193
4.2273 5.3707
4.5159 -4.8728
2.8374 3.5548
3.0378 0.4298
5.8566 3.1575
-4.2190 -2.2084
4.8747 -4.5724
-6.3187 5.0214
1.3683 1.1252
3.5362 -8.7020
3.8545 4.2912
0.1970 4.7138
5.6485 -6.4622
-1.6667 -5.1303
-3.2991 4.0974
4.3829 5.9158
-8.1676 0.4154
-7.5167 3.6703
-4.8626 3.1645
7.3258 -11.4613
-0.3890 -6.4524
-1.5862 6.2696
3.7502 2.1557
4.7720 -4.6525
-8.0695 -5.7068
-1.5078 -6.2797
3.5261 0.0960
-3.0490 3.7821
4.8865 5.7736
4.1324 5.7263
-8.4351 -7.5855
2.8660 -10.0904
3.0848 3.1576
-4.4704 -7.5487
-1.0886 -5.6785
4.2918 4.1893
7.1343 -5.2405
3.9489 0.4161
-11.4336 2.7686
-8.6700 -5.9642
4.5829 -6.9068
4.9044 -8.4911
-5.1021 -4.6562
6.5982 3.7896
6.1889 0.1609
3.4554 4.5073
1.9650 -2.0000
3.8934 -5.4573
2.9013 -5.1429
0.9932 -6.8292
7.1045 -9.8149
1.5665 -4.4834
4.9755 1.3524
4.9711 3.8472
4.7282 -3.9753
-4.5629 -1.6305
-6.5726 5.5698
6.4899 -7.9979
-5.9845 5.6540
-5.1065 1.8950
-5.0945 3.6391
5.7564 5.6058
-3.7476 -2.1910
-1.2592 -7.0508
4.0354 6.6364
-2.2766 -8.6920
4.3701 8.2224
6.2709 -7.7836
3.5696 4.2213
5.0307 6.5927
-2.1027 5.2475
-2.1098 6.8154
5.6290 2.9776
4.3583 2.0759
-5.4562 5.4081
7.6111 3.6095
-4.7184 -1.5254
5.4390 -4.8418
2.4540 3.0082
4.7367 -6.6065
5.0439 5.5848
-7.8628 -4.9009
1.4601 -9.0149
3.6766 2.6281
-7.0927 7.6691
-4.5121 5.3446
-0.0278 9.3894
-0.9319 5.2861
-5.3456 6.3411
-8.6579 3.5525
0.1298 5.2514
5.9100 4.5235
-11.3902 4.7208
5.8971 3.5371
4.6240 -8.9233
5.8923 -4.7632
2.3398 2.0455
-0.6900 -4.7134
6.3435 5.7931
-5.5317 4.6997
1.5810 -11.5171
-3.5913 5.4558
-3.5358 6.2392
-9.8475 6.0435
3.7123 3.2639
0.4657 -1.1741
3.5613 4.9993
7.1057 7.9146
2.0455 5.7150
5.2691 3.7979
2.9575 -7.9320
5.8114 3.0649
-5.3181 5.4266
-5.5124 6.0290
-8.2528 -6.7064
4.3011 7.2165
4.3562 7.6484
8.4518 3.7664
5.0445 3.8852
-4.3668 3.7786
4.0589 -5.0049
-5.8030 6.0125
5.7411 -4.5962
-6.1530 -9.1236
-9.7991 5.3804
5.9453 -7.1535
-6.4987 -8.7684
-2.9763 0.7752
4.1420 3.7856
-9.4848 4.3177
8.0576 -6.6509
5.8443 -7.3559
4.1426 3.9541
3.2401 6.1157
4.2811 -6.8930
3.4575 -5.5478
4.1868 -0.9944
-5.6051 -6.0108
4.2121 -3.4660
3.5635 6.0433
6.1639 2.7827
4.9424 2.7704
-5.0919 -6.1292
4.6169 4.3141
-3.3241 5.4270
-0.8440 7.7409
3.1106 0.7900
4.1062 -3.8209
-3.8153 5.6423
-9.0154 6.5404
-9.4609 4.6480
-0.5893 4.5952
-4.9815 -4.1076
6.6004 0.6275
4.4227 -6.7973
-0.7352 3.9829
-7.0128 2.4009
4.6703 -5.4377
3.2210 -6.2381
5.2119 0.0133
7.6171 3.3626
4.8443 0.2524
6.4560 3.8847
3.4703 5.6669
4.7080 1.7506
-8.1890 2.2478
4.0482 4.6620
-1.9870 3.3122
5.5129 8.2192
6.0326 -0.0790
3.8899 1.7287
-6.2610 6.0512
4.4798 2.3720
-5.9723 -7.3293
-3.9594 3.1302
3.9598 2.6306
1.4541 2.1585
0.1746 6.5424
3.5451 7.7285
5.1137 7.0206
2.8157 -2.9188
2.9936 6.2678
-3.0930 2.9582
-5.9585 -4.7791
4.8336 6.5574
3.2940 7.3122
-2.1612 -2.5694
7.7622 -3.9645
-7.6016 4.5724
3.0889 -4.5616
5.5920 0.1292
4.3547 -3.5995
6.5764 -5.0644
-1.1299 -5.8564
-4.3894 -6.3408
-9.6936 3.6229
4.4441 3.1140
-3.4634 1.1029
6.1115 0.1950
5.5204 4.4345
-4.4859 3.0515
2.9279 -4.6997
-3.4506 -2.9897
5.0137 4.7401
7.1935 0.5061
-4.9680 4.3912
3.3369 0.6319
-5.6380 -5.8976
-2.6839 6.5089
4.4584 6.5126
-3.8387 3.7429
-0.5164 -3.7337
4.0208 2.5208
-3.7676 4.1175
0.1638 2.6999
5.7266 -2.6957
5.6426 -4.1555
5.1831 2.7030
6.4709 -0.8663
-4.5138 -0.5605
3.0316 3.1796
-7.2272 3.2726
-7.8057 4.4146
2.1015 5.3759
-7.0534 -5.4225
3.7561 -8.8380
3.5464 -10.8244
5.2944 -2.7170
5.5419 3.8736
6.6850 5.6171
-6.6380 -8.4738
5.9633 -6.6995
4.6264 -5.9537
0.4340 5.2138
1.4984 1.4346
-5.8376 5.8012
3.8511 4.2319
0.9526 -7.4967
4.6939 -3.3249
8.7126 -10.1806
-0.5337 3.6978
6.7445 4.7107
-3.2996 6.5183
3.7796 -2.6754
1.5761 6.2941
-4.5989 -5.5562
5.8284 5.6023
5.7762 -4.1582
-1.4120 -0.3601
3.7638 4.4720
0.2148 3.5063
7.1028 3.9961
4.4375 3.1585
4.8359 3.1320
-7.4741 -4.9432
-4.6289 -8.6809
3.8872 -5.0326
5.2909 -5.8796
3.2345 5.2875
5.4357 3.2699
-6.5986 5.4269
-5.8570 4.8970
-5.4609 -5.8736
6.8323 4.6017
-7.2587 4.4400
4.9871 -3.9347
-0.2241 4.6135
3.7212 -4.7793
-7.1776 -0.4594
-3.9937 3.9031
0.7462 3.3056
2.2048 8.3293
3.4744 -2.2786
7.0255 -6.8531
-9.6836 -6.0632
6.5000 3.7126
4.1790 5.1101
3.3794 1.5261
-1.6404 4.6792
5.6043 7.3362
5.1568 -5.5348
-3.5283 6.9124
-0.5038 -2.7076
-2.2268 2.8445
-4.4499 -3.8639
5.2979 -7.0490
5.1960 2.5114
3.4719 4.1042
3.3903 4.9353
7.4209 5.9645
5.5317 6.0009
3.9142 4.3349
3.7293 7.6684
0.0139 4.2359
-6.1380 4.2305
-7.4444 4.9875
4.4787 -7.7815
5.5282 4.3313
-11.2832 -5.8604
4.6673 6.0980
3.0867 3.9527
6.2813 -8.1033
3.5310 6.0965
0.2787 1.3365
1.9136 -9.7607
2.1586 3.7187
-7.6394 -1.6573
3.0105 5.6391
4.2235 2.9782
4.6196 6.9643
7.0914 -11.4571
6.2406 7.5990
3.7194 3.5181
4.4053 3.2302
6.0686 -4.6453
3.1172 -4.7867
3.9946 -7.4643
5.0278 -7.9285
2.6486 5.1607
-3.1922 -6.1658
6.1362 5.5189
0.1875 5.9515
6.4586 -9.7086
7.8448 4.4058
4.3904 5.5431
-13.1988 3.5735
4.0603 5.7172
1.1630 8.4034
0.3538 2.6686
3.9074 -5.2042
5.5569 -3.1015
6.3906 -5.9972
4.1044 3.3425
4.1528 3.4049
-1.5810 -4.4884
4.5460 3.8226
3.0838 4.5733
7.0317 -5.5578
-4.4862 4.8066
4.3379 -2.2300
-6.7472 4.8863
-4.4552 2.8399
4.3974 -5.2151
4.5265 -6.3645
-5.5140 -2.9878
5.9106 4.3576
-2.6086 3.3228
4.7932 4.7112
3.6544 -10.1762
0.9216 0.5410
-4.4647 7.5309
5.6936 4.9175
-0.8555 4.1349
4.9647 0.6610
-6.5013 -3.8256
-11.1558 -7.1060
4.0146 4.5342
6.2015 -6.7213
2.1979 4.4336
5.2255 4.2175
3.6079 -2.6952
3.8111 -1.5764
-4.4892 7.9669
-0.9376 -8.0782
3.6251 3.9732
-2.5548 6.2439
-2.9095 5.7627
-0.1103 6.0097
4.4745 6.0340
-8.2497 4.3322
1.7674 1.0921
1.6561 -7.1975
-6.0628 -5.2376
3.8950 -5.3808
5.7716 3.6489
3.8553 1.8429
4.2107 -6.6559
4.4122 5.6976
-10.9517 2.9982
5.4483 6.2084
-10.1240 -8.7029
-7.0694 -7.4940
-3.9370 -11.3915
-4.6228 4.7398
-0.2398 5.6983
-6.9448 3.7153
-5.1535 3.5436
-4.5246 5.8813
-6.3609 -7.5406
3.6213 -3.1152
-5.0248 3.0587
4.3872 6.9689
-4.6971 3.2558
-4.3146 5.3635
5.6499 6.6257
-2.9047 8.5848
4.4622 0.1845
3.9911 5.4555
5.2279 6.6111
4.4438 3.7796
5.7141 -4.4154
-4.8286 6.5334
4.7422 4.6270
5.4462 3.9299
-5.1256 3.9757
1.0866 -8.5362
-1.5039 3.1516
-9.2377 -4.5806
4.3127 -6.7312
5.0061 5.1587
-8.3322 5.7168
5.8971 5.4468
6.2855 -0.0563
4.2490 4.3753
4.0481 -8.9773
1.1307 6.5825
5.7399 -3.7588
-6.5263 6.9835
3.0993 5.8196
-9.6820 5.4280
-5.6871 5.2874
-5.5223 -10.1389
5.2236 5.5922
7.1762 -0.9156
4.1972 4.7949
5.2805 2.8370
8.4961 5.6103
-4.2455 4.1296
-5.1639 7.4010
4.5670 4.6986
-3.6330 -0.9603
-6.8223 6.3008
3.6646 3.7485
4.4501 4.3932
4.5908 -6.2001
3.6677 -1.4728
-5.3727 5.3010
3.3135 8.2360
-5.9034 0.5069
2.5071 3.6793
3.9463 0.4534
-9.0146 -6.9650
-6.0066 4.0968
-7.6321 4.3095
4.1762 4.2353
3.1987 -6.5695
4.5687 6.6334
-5.2519 5.6016
-8.2849 4.3235
4.8013 7.7752
4.7544 5.0816
-6.0471 5.5584
3.5601 8.1958
-8.5974 2.1161
6.2303 6.6808
1.2294 5.7790
4.5836 -0.9390
3.8970 6.7422
6.5310 -5.3148
4.5261 -5.0403
-1.4572 4.0145
4.2140 4.3333
7.3056 3.8422
7.1772 8.9448
5.0423 3.2164
4.6571 2.7268
7.5098 5.4767
7.1954 -5.1204
-7.2894 -0.7428
5.4540 -5.1959
4.1097 4.3384
-4.2790 2.2218
-5.2569 3.2068
4.3914 0.8575
-5.6907 2.4064
-5.9464 -3.2169
4.4153 0.6798
-3.7075 3.7917
-8.3645 -7.0076
6.4099 6.4894
4.5195 3.0332
-5.3205 4.3165
6.4053 -8.0041
5.6739 4.6377
4.4174 1.9367
6.1247 5.0623
-6.1957 -4.1683
2.2245 -3.6983
5.1281 7.1474
-5.1687 -3.3583
5.4343 4.2285
3.3629 3.3153
7.1022 3.9145
-7.1716 -4.8745
4.4559 2.8064
5.9553 2.6402
4.9100 4.4192
3.6347 -5.7533
6.7261 5.3769
-5.6463 3.0101
8.0369 0.7677
-6.8410 1.4937
3.4810 7.8151
-5.3473 4.0646
-4.6270 -0.8061
5.2382 4.4420
7.1579 5.7185
5.5296 -3.2378
5.2465 2.4836
-3.4249 4.7182
2.6312 -6.0571
5.5233 5.6432
-3.9641 -0.9738
-9.4773 4.8222
4.9500 4.5709
2.9544 -4.0616
3.2094 5.5628
-5.5038 6.1928
5.3154 -2.8026
3.6607 3.1902
3.4612 -7.6323
-11.4207 4.6594
3.9058 2.7431
-4.3427 -6.3023
-6.3036 -7.4589
3.8348 -0.8272
3.3527 4.1019
-5.3998 -8.2510
6.7162 -10.2705
4.9229 -5.5234
-7.7879 6.0123
-7.4154 4.2324
-5.3972 4.9070
-8.9201 6.0378
5.2653 -8.8040
8.3364 6.0385
5.4199 5.7798
-4.2452 -4.0204
3.2568 3.6594
-7.4969 5.2051
0.7143 -7.4524
5.8589 -4.1279
4.6030 -8.0560
-4.5428 6.6147
-0.0033 1.6370
6.0673 4.8678
4.9357 -4.3896
2.0286 6.9082
-5.3262 4.0355
-7.0013 6.9856
4.8055 6.4084
-6.7641 -8.2649
3.9328 -5.7142
-6.4992 0.1206
4.7416 5.9642
-6.1309 -2.7465
3.9715 1.1424
5.4667 4.1431
-6.5716 -6.7820
8.4891 -5.4370
-6.9536 7.2180
4.3889 1.5123
4.6906 6.4877
4.9691 -7.1810
-2.5824 6.5429
3.2702 -9.2296
-7.1188 -6.1244
5.5760 -4.7398
2.2973 -9.1363
-2.9765 3.9831
-9.8095 3.8980
-3.5042 9.2461
-0.6411 -6.7802
-4.9781 2.9090
3.3450 3.9428
0.8386 3.8431
-0.2490 5.2680
-5.0501 -7.2180
-4.0089 3.3203
2.8030 -2.6520
-1.7002 -2.1007
1.5721 -7.9328
-7.8144 2.9914
3.1545 -6.1289
2.7350 1.8305
-13.4378 5.7842
1.3887 2.6862
3.0664 -0.1297
5.3941 3.3259
-5.1633 -2.2091
7.7101 3.8884
-8.0089 0.5557
5.1740 5.0903
-8.7500 3.8807
5.0984 6.1441
-0.7729 6.5778
-5.8707 9.8460
4.4156 4.9443
-4.6819 5.4567
5.5048 -3.6585
-6.7134 2.8299
-7.2784 3.1999
8.1057 6.1235
-1.8497 4.9657
7.4619 4.7964
-1.0116 -1.5612
-3.7549 -7.4583
3.3885 6.0434
-3.8483 -2.6437
-5.5167 6.1621
-6.2733 4.8345
0.2870 -5.3579
5.3043 5.8480
5.0361 -5.7798
-7.2781 2.0671
-5.2137 5.9838
5.7730 -5.6662
-6.8775 5.8840
4.7704 -5.4214
3.3018 5.2383
5.2014 -5.2330
3.1110 6.3176
6.6049 -9.6545
-5.3005 5.8173
4.8149 -2.9486
-7.3283 -6.2601
3.5312 -6.3093
5.0966 -4.2538
5.7449 -5.3849
-5.6599 -7.5255
4.0423 -9.0796
-2.3094 3.0392
-6.2606 4.8898
-3.3946 -0.6851
-5.0063 -2.6966
-3.6550 2.2023
-1.8607 4.5176
-0.3623 -2.9007
3.4978 5.2185
1.8746 -3.6518
-7.4919 2.8802
-3.7932 4.4079
3.0666 -5.9375
2.7441 5.8837
-5.7747 2.9958
-0.0489 -7.6805
2.8416 -8.4737
4.3898 4.1038
3.2310 5.8274
6.6142 0.8236
6.8164 5.0855
6.8340 -8.9449
4.4446 2.9327
-5.7967 -9.6410
4.9492 -6.5016
-4.5305 6.9518
3.6321 5.3391
6.6700 3.0825
-7.9935 4.0992
4.8654 7.4800
3.5411 4.6009
-6.2982 6.0641
5.3730 4.0274
-3.9490 4.0774
0.1177 5.3875
-7.8411 -3.1909
3.2610 5.4897
6.6042 3.7734
-7.1306 -7.0395
4.9304 0.3116
4.2714 -4.5711
5.4266 5.9253
-1.9343 2.4641
3.6582 5.7413
6.0451 -8.1674
7.6092 6.6373
3.7475 -6.7101
-5.1285 5.7171
3.1266 0.3746
3.6938 -8.6057
5.4817 7.1594
5.3314 -4.8443
-7.5452 1.1849
6.6371 -5.6793
8.2612 4.7860
4.9204 4.8434
4.1296 3.3932
-4.6127 4.9511
-6.1802 3.9572
4.5699 3.0243
4.4307 6.9226
4.1926 5.5606
-5.1693 4.4657
4.2356 -7.7974
-3.4475 1.5110
-6.1015 6.9284
6.0530 -7.0837
4.5232 -6.6464
-7.3308 5.6325
5.1099 3.1594
-5.7225 -12.8178
2.5240 4.8612
4.4843 8.1753
5.4524 -4.4753
-5.8410 -6.1812
-4.8081 3.6515
0.8722 -4.5393
2.6152 4.0509
-4.3040 5.6504
6.3511 2.8259
2.9758 1.8885
3.7915 2.8266
4.1965 6.9159
-5.4542 2.4688
-4.7217 -3.3014
3.5977 -9.6250
5.6997 4.0869
3.0056 2.4314
-5.4145 -6.7806
4.3531 5.5116
-4.5481 5.8755
3.7151 -9.5342
-6.0680 -5.8353
3.0855 5.5457
6.0308 7.7123
-7.8096 -7.7520
4.5164 8.3197
-2.2975 4.1984
-5.4766 4.7801
-6.7311 -5.4401
-8.6258 4.0044
4.0024 6.4212
-9.8555 3.3835
5.0145 -2.3989
-4.6121 5.7011
2.7638 4.5077
7.7271 -8.2612
-7.0200 5.6324
2.8830 4.7249
4.4860 4.6732
-5.1562 1.0120
5.6987 4.1918
3.9351 -5.4778
-4.9477 4.7935
-4.6164 -6.5587
2.6241 3.8863
-6.0555 0.1030
-6.4276 1.8929
4.8827 -7.8145
4.4326 -8.0659
-7.8359 7.0045
3.1597 3.8655
2.9234 2.8646
-2.1035 3.5976
-7.1380 4.4197
-7.4121 5.4598
-0.1459 0.2973
-6.5178 7.4819
4.0030 -0.1844
5.9125 4.1360
4.0662 -10.1950
6.3115 9.9502
4.0706 5.4458
-4.1662 5.0078
3.8371 2.9882
-5.4712 -8.5739
-6.8488 -8.5722
-7.9680 5.6204
7.4680 -5.0310
-9.4693 7.3070
5.0248 3.7854
-10.0914 5.2041
6.0456 -7.3583
-8.1865 4.7942
-3.9294 5.9310
-0.5786 5.9209
-7.4106 0.6823
6.7755 -4.4630
6.5724 4.9363
6.3610 0.1787
-4.6012 3.4664
4.2773 -5.7647
-4.9039 -6.8160
6.7289 1.5005
3.9127 3.3764
-2.6895 5.6423
-3.3182 -8.0108
-0.0983 4.4948
-7.0871 -5.9804
-8.9896 3.8825
-8.1934 -5.7538
-4.1186 3.6480
-8.1225 5.8534
0.8349 -5.3299
6.7007 1.9845
-7.6228 -7.2073
-0.6494 0.2831
-4.8709 3.1168
-4.7449 4.0528
-0.2632 6.8373
3.1419 -5.8075
4.4572 5.4649
4.7462 4.2420
-7.9188 6.2929
4.6125 2.6764
2.0164 0.0760
1.2374 -3.1263
4.4090 5.8940
4.8382 4.9181
4.5251 5.1669
5.0498 0.4957
6.2897 -6.0368
6.3649 -8.1964
-10.2353 4.6089
5.8118 5.1037
4.4853 4.5863
-6.5198 5.8078
6.9125 5.4563
6.5707 8.1010
-4.6340 -9.4066
-2.3683 -1.3238
7.4543 -5.4662
-4.1957 -6.1136
4.7395 -8.3999
6.1675 3.1173
5.4011 2.7821
7.4314 -1.4117
5.2574 -8.3015
-4.7561 2.1788
5.0566 4.2235
-6.3022 2.8544
-6.6130 4.1598
4.7656 3.5266
-5.3034 6.0305
-6.0358 5.4894
-6.7273 3.6563
6.6995 6.8879
6.3594 -6.6251
-0.9221 4.6091
3.9243 7.7488
4.0862 5.6696
-1.0698 4.6856
3.5067 7.9212
0.9479 1.8277
4.9084 -3.9522
5.7321 4.1645
5.5796 3.0322
4.9841 2.0087
5.4446 1.5371
-6.1475 2.8350
5.1920 4.0656
5.6681 -8.3976
-4.0802 6.4519
-7.5041 6.1875
-5.5497 -1.7760
4.3639 -3.6191
2.8536 3.4549
3.2081 -1.0342
2.1847 6.0025
3.8762 2.9057
6.5884 2.6213
6.4712 -3.3336
7.5615 6.5705
4.4315 2.4640
-1.2078 4.4545
6.4304 -0.2461
6.2845 7.0793
3.4790 -3.4134
4.2012 6.2521
3.5968 -6.6110
5.6018 -8.8513
5.6157 5.0665
4.4787 3.7952
4.4317 0.2333
6.5077 4.3464
-4.8524 3.6466
-5.9059 0.7853
4.8083 -5.2423
5.4586 -4.9873
1.9798 -3.7629
6.2325 3.4686
5.4718 -2.4451
6.8126 6.1254
3.4006 4.3154
-7.8083 4.7148
0.7039 -9.2587
9.3561 2.3587
5.6489 4.3366
7.6779 0.2370
5.9100 -5.7657
-5.7213 4.3162
7.4800 -7.3493
5.3297 -8.2700
-7.1260 4.6082
3.4367 3.5653
5.5554 -6.1888
3.9348 6.0004
-5.6348 -11.8336
-8.1912 2.2628
7.0537 -10.1880
3.9358 0.3331
8.3413 -8.2743
0.0394 6.0115
4.6798 6.2533
-7.7637 -5.4147
-4.4639 -3.5027
-5.8994 3.9919
-4.0725 5.2863
5.2588 -1.7367
5.7401 4.3532
-5.0407 5.1953
-4.6434 5.6108
-0.1191 4.7795
-6.5584 -7.1368
4.3618 4.5776
-3.0982 0.7454
1.2428 6.9228
3.9289 3.4425
0.7974 -7.6436
-4.0889 -6.5495
2.5920 6.2603
5.6936 -2.1867
1.8946 5.6806
5.6992 3.6890
-3.5495 7.1443
-5.5078 -7.2342
-7.4472 -2.8115
-8.9546 3.6339
4.0347 -6.7733
4.0776 5.3123
2.9275 4.8077
-6.7906 5.9150
8.9359 3.5386
5.6148 3.0256
3.6631 -6.3567
5.2089 -4.3413
3.4890 -5.6813
5.7607 -2.6785
5.1790 -8.1761
4.2492 4.3823
5.8064 -6.6202
-5.9716 -6.7613
6.2115 -9.1603
-5.0244 0.8982
4.1860 3.5041
-5.4243 1.3724
4.4631 5.3953
3.7266 -8.5011
6.1620 -3.1376
5.2007 -2.7876
-4.9596 -7.2169
6.8060 4.3170
1.9215 4.5793
-6.8699 3.7390
5.0611 -2.5464
1.8796 5.6515
6.0594 -8.0737
-9.9728 -4.1557
1.8088 -5.6925
-6.9184 4.5674
6.4341 -3.9178
5.1490 4.1089
4.9893 4.1704
-5.1145 -3.8628
-9.2398 -4.8160
2.4561 3.2920
1.7338 -6.2600
-4.9848 4.0384
-4.5754 4.1273
7.5956 4.4428
3.3278 4.0211
2.5859 -4.4415
5.2691 -6.2996
5.3070 -8.7209
-4.4443 -4.9458
-5.1603 5.2188
1.7025 5.9710
1.5697 3.6920
-6.3559 1.0930
5.2038 -5.0514
4.5910 -7.4840
-6.6846 -5.7451
5.8552 -5.7624
2.0419 -4.0447
-5.7848 4.2867
4.3220 0.5712
3.3865 -3.2964
7.3357 7.0846
5.8744 4.4316
-6.7378 -8.3532
4.8771 4.0003
2.8573 -4.2420
1.4240 3.4329
4.7476 -3.8314
-9.7838 -6.4889
5.7937 1.7179
4.5670 6.6053
6.7239 -2.8082
8.5511 -6.3716
4.2292 -8.9396
6.2840 5.1072
-2.5365 4.8310
6.6973 -9.8904
5.1332 -7.3521
-4.6947 6.1020
-1.9959 -8.4714
0.8540 6.0447
6.5938 6.3110
3.9398 2.5719
7.5502 -5.2226
1.9180 3.3104
2.7983 4.1148
5.8402 1.7096
-6.2677 4.0475
4.9268 5.0631
-7.8694 6.5215
5.1975 2.5440
-9.1575 -4.8023
4.1853 4.5385
4.6490 4.7946
4.1287 -7.9241
-9.5055 3.8539
4.0734 3.0076
-6.6453 7.1904
7.0493 -5.6697
-2.1433 -6.8099
-8.5286 3.5732
4.9321 4.1489
-7.1086 -0.9944
3.6429 4.6966
5.3727 2.5648
3.7718 -10.1230
-7.9637 4.2649
-4.6406 1.3168
-11.0767 4.2175
6.5915 6.7183
1.4552 -2.6490
5.0547 -4.8891
6.1365 -6.0853
-5.6279 4.3810
-8.3845 2.0536
4.0436 -2.4067
-9.6019 4.4581
-5.9115 -4.7712
-0.6679 4.2023
-6.2331 -2.2073
3.8624 5.1006
-5.2372 0.8677
4.9319 5.6347
2.5807 -6.5449
5.6372 -7.2669
5.0480 0.3220
1.8585 3.0600
-7.6293 1.8336
-1.2377 4.6733
3.7457 -4.6267
4.3247 4.9063
3.2697 3.1093
-1.0420 3.8994
5.1627 4.5355
-4.8955 2.5398
-7.6959 -8.7167
7.7154 7.3708
3.2830 6.3571
-2.2448 3.0480
6.9386 3.5493
-7.2408 3.7745
-1.0186 6.9482
2.9358 1.0938
-10.9362 3.9562
5.7883 -6.0004
-6.0126 6.7474
-10.0111 2.3295
3.8909 -6.6755
-2.4364 7.2529
4.2217 -3.8445
0.2911 -4.8304
4.2494 -3.6140
5.5429 2.9314
4.1830 -3.6866
3.1210 -8.3847
-9.4091 -6.9120
5.5811 -3.4919
2.3147 -5.2582
-5.4985 4.3213
0.2484 4.3395
-6.2958 5.1956
4.3527 5.0192
-4.1045 4.4023
3.0878 -2.3122
6.6045 5.0889
5.8885 -5.4529
-8.0261 -7.3742
-1.2524 -5.0406
-8.0360 5.0415
-6.4890 -9.8403
-5.6012 4.9746
4.2268 1.7521
3.6782 -6.3098
6.6438 -5.2407
5.9120 6.4902
5.7590 -4.0186
6.1761 7.0398
-3.4985 0.4585
4.8502 5.0034
-9.2398 4.5275
4.5759 5.0832
-5.5418 2.9029
0.4835 3.4069
4.6409 7.4066
-3.2995 -7.2213
2.0217 -2.7894
3.0426 3.7428
-0.9580 5.4957
-1.0865 -1.1257
-3.8102 -6.0178
4.9683 6.0540
4.8691 4.7436
-3.1613 -5.9663
3.6810 4.2784
5.1921 6.6963
-9.5793 4.1306
5.1622 -7.5971
4.7391 -4.2091
8.2160 -0.2769
4.9452 -10.9176
4.5460 4.3305
3.8304 -3.7025
3.5111 2.0796
6.3092 8.4746
2.6876 1.1360
2.9872 4.0821
5.0577 6.4744
7.5621 7.8260
0.9246 2.9104
-2.3286 -5.5088
-5.2205 3.9185
3.9995 -1.1825
5.8318 -10.0135
5.6076 5.0175
2.1544 5.3688
-1.5149 4.0577
6.1339 -2.9397
-1.7776 4.0948
-2.8385 0.3426
-4.1105 4.1771
0.7013 -4.9055
-9.4946 -2.3146
7.9985 -8.5426
-0.6382 -4.9186
-5.8007 -3.6699
6.3291 5.9854
4.0020 2.5253
3.8684 0.7370
4.3438 -5.2797
-1.0598 4.2724
7.4439 3.4376
6.8063 -9.1581
2.4149 5.2139
3.7966 -5.6413
-8.3681 4.3085
5.6574 -4.8994
2.8620 -7.6091
-2.4693 -3.2822
4.2835 0.9721
-6.7211 -6.9832
-0.7450 4.1193
3.4955 0.1088
3.0381 3.4243
-7.4090 -3.5730
-5.5368 -4.2204
-4.8636 -3.9705
4.5976 6.5018
5.3862 5.7902
-4.9521 -4.5214
0.6226 4.9496
6.9226 -7.6361
-4.0499 4.0152
4.1497 -3.3711
2.0776 -5.1069
2.8984 3.0971
4.8273 3.0881
-0.3673 4.9142
4.6678 5.8031
4.1896 5.1024
4.3652 1.0557
-6.2127 3.2528
-2.0736 -5.6731
-3.2874 8.8426
4.8895 2.1112
4.0257 2.0944
-4.3284 -4.1476
5.1938 -3.8964
5.9377 -2.8718
-4.0342 7.0834
5.5087 -1.0323
3.4433 6.3439
-6.2925 4.9264
-3.2841 -4.4516
-2.5934 -4.1755
0.5260 1.0418
4.9719 -5.9586
7.2584 -9.7850
-4.3438 5.0273
-3.6152 -4.1945
-3.7956 -7.1053
-5.3078 -5.7077
6.1808 -7.1357
5.4173 -6.2259
-5.1990 -7.0729
-8.6004 5.2111
0.2543 4.9104
3.2381 -3.4881
4.0399 -4.9612
7.0518 -6.8889
5.3609 5.8173
6.1345 7.2340
6.9267 -6.5730
7.9238 5.7326
5.1441 -5.2234
1.5095 1.3674
3.2060 4.0756
5.1891 -2.8112
-1.7446 0.3552
0.0455 -2.9505
5.0530 4.8674
4.4963 3.1261
4.3191 5.2775
-5.9429 0.4934
-6.9623 -7.0606
3.7972 3.3629
5.4384 -5.9071
3.8297 6.8674
3.4820 5.2181
-0.4417 -10.2321
3.0080 4.5928
5.7267 3.0353
4.7004 1.3844
5.2704 5.4906
-7.2126 4.0028
5.5004 3.9405
-0.7074 -4.8586
3.6541 -5.7890
-7.5024 5.3116
1.1443 -6.7463
-7.6059 -6.6858
-7.2135 4.0453
-8.2639 0.3106
5.4137 3.9945
4.9305 6.9469
4.3242 -5.3312
6.6559 7.4911
-8.0758 -3.5153
-2.9832 7.7984
4.6444 3.7909
4.2137 0.8284
8.5914 3.5453
7.3761 1.0443
-6.5846 4.0719
-7.7526 -7.1919
6.4586 4.5496
0.5357 -0.8341
4.3476 5.2576
3.4760 5.1217
-10.0372 3.1179
3.5716 1.1729
3.3046 5.6755
-5.5857 4.0907
5.1605 -4.2978
5.7675 6.5884
3.7483 3.5636
-4.6367 3.7532
4.0879 3.8845
3.0517 6.3948
-6.3480 7.5523
-4.2999 -7.6604
2.5965 4.8880
-10.8857 6.7913
-6.3166 -5.5624
6.6302 -11.3467
4.5050 -9.5364
3.0640 -9.1493
-5.9363 0.6243
-6.0793 4.0831
-3.8349 4.3035
5.8451 5.4184
-10.5168 5.6709
-0.9304 4.4723
4.8021 9.7773
3.7809 5.5602
-0.9531 6.4425
-3.7290 5.5087
4.9848 1.5658
0.3262 2.6709
3.5592 3.7507
4.3446 7.0233
-7.8137 -4.8035
6.0615 5.3810
5.6921 -2.5557
5.4461 -3.9392
5.8849 3.4693
3.9408 -5.1643
6.2755 -2.9289
4.5516 6.0013
-4.6534 4.3111
-7.2901 3.4634
3.5016 4.0374
-3.1747 -8.1539
3.1503 -8.1420
-4.5523 -8.3437
-8.8688 1.7275
4.9305 4.9271
-4.7974 5.3371
4.3016 -7.1364
5.7330 -5.5853
0.9544 4.3019
-4.1468 4.7474
1.9981 5.3782
-5.2802 4.0224
0.5917 7.7524
8.4364 -4.8276
-7.0434 5.7031
-2.9156 -6.1236
6.1334 -7.3023
2.5899 5.8145
-2.8057 4.8993
4.2270 -8.7834
0.5971 1.9146
6.4542 4.9628
5.1131 4.2506
3.1430 3.1612
-8.2615 3.0055
5.8334 6.6555
-5.8721 5.4694
-1.1984 -8.1337
-4.0368 6.7798
-6.0109 3.8001
5.7315 0.2647
-2.8087 6.0109
-5.6855 4.4457
-1.3115 -3.0665
-0.8818 4.5829
4.7964 -8.9136
4.9631 1.9819
3.8900 -5.3283
5.5074 2.4696
6.0965 5.3998
5.9955 4.8882
7.1874 4.6336
-7.4058 8.2682
5.0714 -5.9918
3.8943 6.0055
-6.0756 -8.5964
-7.3934 4.8080
-10.6568 4.5400
-4.8620 1.0834
-0.6446 1.6129
-7.2501 8.1927
-7.9905 7.4882
4.6295 -5.7600
-4.5991 -6.4370
-3.6132 5.8891
-0.5223 -9.5662
-1.3702 4.3864
4.7697 3.5368
-6.0479 4.8645
-10.3462 4.0984
7.9424 5.1529
3.1052 0.9047
-6.4795 -4.3284
-3.4219 3.9493
5.0804 -5.7031
-5.7529 6.6915
-3.9864 5.1396
6.3072 0.1551
4.4553 1.6867
3.1734 -5.8987
-3.9639 -2.8213
-0.6719 -5.1637
-6.6522 5.0420
1.5210 0.8717
7.7713 5.7109
-8.6917 -4.2182
1.3486 7.1515
-5.7833 -0.1172
-6.2672 -9.5208
4.6225 6.2254
-5.0187 5.3411
-8.8536 4.3317
5.1559 -1.0048
-6.3556 8.6276
5.6861 5.0515
-7.2131 5.7004
-3.2295 6.5095
4.7648 0.1176
8.4246 -6.2891
-9.0098 5.6649
-5.5709 8.5092
6.7685 -11.7437
4.8555 2.8623
-7.7630 -5.8557
-4.3439 5.6148
4.1513 -2.1389
6.1097 -6.4935
-5.1817 0.5796
6.1388 6.3398
-6.0301 -8.9455
-4.8863 -0.5644
-8.3800 4.0259
0.1562 3.4799
3.0528 5.0828
6.7518 5.3687
3.6789 -6.3713
3.6689 -5.2893
-4.2207 4.0017
-12.0441 -2.9445
2.6565 6.9274
4.5593 -11.6027
4.8789 4.4358
3.8578 4.2264
-1.8855 4.8933
-7.3595 -9.3776
0.4792 -4.6697
7.5751 -6.8090
8.6697 5.1469
5.3555 -3.9514
-1.0968 -5.3006
6.9347 -8.8188
4.5333 -4.8046
4.3504 4.7972
0.6896 4.9318
4.2258 1.5548
6.5720 1.0214
-0.1022 4.5922
2.5659 1.8545
2.4574 4.4846
-3.1571 -5.4756
-8.0448 5.1914
3.8351 -6.6982
4.4977 3.9086
-1.3103 -9.0896
6.3969 5.3612
5.3375 4.4607
4.3434 -9.5571
-3.9569 5.6809
7.5473 -7.4331
5.0213 4.9547
-9.0207 4.3264
-1.2335 -2.7872
3.0301 6.5167
3.3890 3.6400
-4.7209 5.3424
-5.2726 3.0430
-9.5374 4.9855
7.5259 -5.5877
-8.4855 0.5690
-0.7826 3.5849
5.8666 2.6871
-8.3227 1.3959
-5.2167 4.8758
-6.3688 5.2761
5.1048 -5.8604
2.0810 0.5841
-2.8956 4.4701
-4.4183 1.7488
-3.3567 4.4868
2.5977 4.8862
-11.1196 -1.2656
-6.5373 3.6592
2.8492 4.6093
5.5979 2.4380
2.8146 -2.8138
2.0341 -7.6419
5.4037 3.6851
4.2726 -6.8922
-0.0953 5.4086
-6.7643 5.3780
-1.4763 6.0456
-7.1440 0.0003
-6.5845 4.6299
7.8782 4.1192
6.1849 -4.1286
3.4959 -2.2225
8.1031 3.8091
3.5468 -1.3130
3.3398 4.7571
2.2175 3.5897
3.5440 5.9551
7.1517 -7.8869
5.0990 -3.3331
4.7706 3.0829
0.2523 4.3461
-1.5524 -4.8258
4.6794 8.3775
4.4834 -9.0392
3.6892 -5.7324
5.4443 -7.1001
5.1743 3.1870
-5.5944 4.7371
-5.1520 5.6981
-4.0319 2.7414
6.9682 5.5348
6.1164 -2.7494
3.4195 5.7064
-4.5452 -8.2122
-7.4817 5.4394
0.0433 -1.7375
-1.9880 4.2019
-4.6023 5.2092
-2.6694 8.7688
-3.3767 7.5017
4.3470 -5.7704
4.6432 6.2231
4.4295 5.9423
4.9473 3.4082
-8.2280 4.2911
-8.9346 -9.5184
-1.6071 3.4148
1.8461 4.3818
-7.1948 2.8898
7.7305 -3.1223
4.3649 -8.2212
6.1869 7.2351
4.1703 5.1435
4.1857 4.6338
2.1595 3.6965
-1.8767 3.9513
-6.9089 -6.1066
3.8256 -6.3300
2.8258 4.9310
4.4302 3.7246
-0.8939 -3.2438
3.6702 2.3577
2.9170 5.0940
4.0734 3.7277
-7.3514 7.5329
-6.4885 -6.2463
3.1064 -8.1048
7.3506 7.7868
6.0088 3.7261
3.8319 -3.6109
4.2624 6.4992
-3.6791 -6.2297
4.0835 3.7962
-8.7645 -9.8932
-5.4510 6.5265
-6.8669 5.1013
-4.9253 4.2137
4.1208 2.8709
-6.5555 -2.6147
4.8414 2.7921
-9.0603 3.5920
0.4872 3.9018
-4.7175 -2.9942
-2.6651 6.0840
-1.3367 3.1644
4.4951 4.8742
-4.3031 -7.2431
-4.8767 5.4848
7.4782 -6.9356
6.8220 -11.9178
5.4944 -9.3736
7.3796 4.7803
3.2994 2.4483
7.8638 3.9690
-0.2955 3.7736
4.0110 -1.9597
4.4215 3.5747
5.8743 2.7074
0.3315 -5.7712
7.4398 5.0615
-5.2529 -6.2436
7.0371 2.6860
4.0615 2.5431
5.8676 -5.5469
4.6401 5.2712
4.5542 3.9057
3.3813 6.0951
3.7142 5.7157
4.0014 3.1589
-8.2534 3.7807
-10.9118 2.4990
-4.5131 -5.1754
-2.4559 5.6110
4.7084 4.5249
4.2551 7.6255
4.8337 -0.4829
5.0133 -1.7788
3.2376 5.9699
-1.4655 -7.6765
1.3688 3.6353
-4.7045 6.5834
-6.3469 4.2321
7.2232 -6.6270
1.6686 -7.5154
3.1987 3.8931
-5.9686 -8.9909
-3.9024 3.8935
4.7859 -2.5865
-0.5754 7.8755
6.3288 5.9246
4.4980 5.8787
-8.7864 5.6928
-3.0284 -3.9041
3.8154 -6.9876
5.8899 -10.4241
-11.0764 2.8884
-4.5827 2.9149
6.9846 9.2561
1.6670 -7.4316
3.8199 -6.1594
-4.2900 -8.1487
4.3472 -6.8551
6.2008 -3.4424
-5.8562 6.1614
3.3277 8.4068
-8.8544 2.9345
3.5708 3.4907
4.1048 7.3158
4.4334 3.7462
-5.7341 3.9935
4.0454 4.1589
-9.0361 -6.1465
4.8257 4.6923
3.7704 4.1295
1.5573 2.5059
7.4491 -11.9867
2.7681 3.4533
6.6961 8.5763
2.9564 -6.7563
-5.5168 0.0318
5.1170 -10.4220
3.8742 -2.8322
5.8059 6.9559
3.1868 -4.0948
7.7591 -7.1817
5.5256 5.5309
7.4773 -6.4289
2.7168 6.5555
8.0399 -6.2185
4.5225 4.0386
4.4898 5.0121
-7.5782 6.9878
4.4768 -4.5557
4.4756 -6.0614
-8.7623 -8.7191
-1.1151 -10.5866
5.3540 2.2795
5.6380 2.6433
-5.0065 5.4134
1.2349 1.1354
4.0963 4.7143
3.4256 4.0472
-3.9392 6.6972
8.0398 -5.4506
-7.0608 3.9193
-4.5923 -0.2064
-5.9695 8.0186
2.5332 -7.2653
-0.8952 4.5190
4.1026 -4.4659
3.2461 -4.4279
-9.2880 3.1360
6.2168 5.5771
-2.5446 -7.7963
-7.2170 1.8146
7.9265 3.3147
5.5242 2.7815
-4.0551 6.0131
6.3547 3.3147
-4.1518 5.9541
2.5500 3.0972
-6.5076 -5.2474
-5.4951 3.3395
-7.7754 -4.4777
-9.9531 -6.2772
0.3610 -8.0732
5.2188 -8.6068
3.4926 3.8817
-4.5799 -3.7495
-2.4859 -5.9902
-2.5491 -7.8282
-8.1822 4.4530
-3.5287 -4.0397
7.2678 5.6089
4.6689 -4.9657
-3.6963 -9.3956
-2.7266 0.1128
-10.6357 4.9954
-5.2855 4.3318
-7.0241 -10.6049
1.4009 5.5620
5.8040 7.2414
3.4218 -7.2737
3.8476 -7.8563
-5.7597 4.1273
-2.3948 3.3029
4.7680 -5.2304
4.3956 -5.7641
4.3162 -3.6689
-6.4366 4.3393
4.6814 3.8321
4.7447 -8.7714
0.6480 5.7627
4.3190 4.4386
4.8734 -3.9941
4.1791 -1.6605
5.1956 -3.0125
0.4517 -8.0444
5.2496 -7.5131
4.1707 -5.6110
-3.8076 -6.0143
2.1893 3.7737
-5.9546 -6.3848
2.5354 5.2084
-0.2944 -6.3255
-5.8005 6.5323
7.5368 -8.5277
6.4315 3.0357
2.5059 6.9802
4.3320 5.4217
-5.8678 -1.0545
-4.0989 -5.7971
2.3153 -5.4757
-7.8898 -6.1769
-3.7664 4.0000
-8.9817 -0.6880
5.3186 4.8423
4.1778 3.8729
3.6952 1.2121
3.9777 -5.5596
-6.2903 -6.6241
-8.3869 -5.7588
-8.3052 -7.9076
-2.5140 5.6273
-4.3837 7.6049
-4.4811 -0.8010
-0.1176 4.4135
5.1298 2.8854
-6.1280 -6.4954
8.8732 4.1167
4.1194 8.5032
-0.1011 1.4415
-4.4419 5.1571
5.3651 4.0599
0.8494 -4.3085
6.5854 -5.4552
0.4209 3.0080
6.4823 5.5166
6.9177 4.5407
3.6881 -4.3756
4.7222 -4.9150
-5.3392 0.9936
8.5134 4.7099
4.2151 5.5785
-5.7015 1.4781
-9.2462 -3.4366
4.2665 3.4599
7.4574 -5.5722
3.9277 -2.6238
3.9055 -4.2818
-11.0716 5.5343
-5.9433 -2.6692
-8.0194 0.2214
3.0986 2.5487
-6.0933 1.6631
3.6685 4.9393
-5.9878 3.4877
-4.1347 -6.7572
-1.7435 4.3385
3.2851 7.0553
-6.3726 3.6406
1.6723 -7.9690
3.7607 7.1027
4.5667 7.5301
3.9210 4.6269
2.2202 2.8097
3.4453 4.6970
4.5432 -7.8006
4.4888 4.1352
0.6458 1.6584
-5.8373 -8.6235
-9.0576 -4.1378
6.7595 -7.7296
7.2686 3.1471
-7.4032 -6.7280
-4.9010 3.9621
-5.0768 6.2012
-4.8690 7.3145
1.4071 3.7203
-5.4868 3.0355
-0.3057 -8.7259
5.7324 3.2055
-8.0806 4.1314
2.9435 0.1186
6.1287 5.6812
-7.5207 -7.2220
-4.5898 6.1462
3.7316 -3.8899
4.4775 5.1626
5.1174 6.3572
-6.1762 5.2345
-3.9167 8.2591
7.1696 6.9274
-6.5983 -1.9233
-10.1238 3.8471
-4.7186 4.2624
-6.3710 4.7507
6.1458 2.4769
5.8223 5.4559
5.1839 -4.2443
7.2709 -4.8098
-4.9750 -4.5329
1.7894 -6.3041
-0.1617 -4.5305
-2.0151 -3.2879
5.2168 3.9680
-2.1154 -3.7613
7.5804 -5.5518
5.1766 -5.6405
-5.4732 -5.4266
5.7900 4.4221
1.5777 -5.3597
4.1724 3.1043
-7.3488 -8.6394
6.2988 4.3942
-4.8380 5.3135
4.8514 4.8397
6.1284 7.8443
-8.3386 3.7724
-7.5705 6.3669
4.8733 3.2246
-9.6900 4.0306
2.8798 3.5331
4.8651 4.9836
1.8718 7.5163
4.6352 5.4681
-7.6096 4.0201
6.5171 3.1611
4.3875 6.1628
1.3353 4.5573
1.4812 -5.6604
-5.6273 -0.1592
-6.4138 -0.9826
-7.0343 3.5786
4.3983 3.9413
5.2306 6.6821
5.5768 2.7938
1.0273 5.0801
-8.1133 -5.6329
1.3974 2.7935
-6.6297 -10.6089
-6.6797 4.8969
-6.9024 -3.6727
6.6969 3.3782
-6.0354 3.4341
-8.4044 5.6567
5.8636 4.5929
-7.7403 -4.4775
-6.0387 4.9688
5.5077 4.0235
0.3487 3.5115
-5.2463 -6.2504
3.2945 4.5637
4.0573 0.5228
2.2952 -9.7688
2.9302 0.0362
-4.0108 5.6965
-5.2406 5.9632
2.4271 -4.5139
5.4736 4.7455
-3.1953 -6.3145
5.3038 -4.0012
-4.9637 5.6804
5.3902 6.9715
4.4824 4.2544
-6.7327 2.4147
-2.4389 -6.1879
-7.7408 0.7831
-6.2911 7.0606
7.2165 4.1375
0.4034 6.5736
-3.8680 -4.5686
6.6954 -5.8757
-4.8140 -5.3768
2.7922 6.6715
3.6803 -9.1233
-4.7902 8.0904
-3.8323 -2.8961
4.7186 4.2013
7.2403 4.2345
9.2292 2.5126
3.2001 2.7830
3.0809 3.9255
4.8017 5.5400
4.9987 5.4943
4.9003 -2.6160
0.1462 2.0980
-7.4104 -4.4901
-1.7806 -3.2913
6.4519 5.2604
3.7914 -5.7105
3.8124 -6.3599
-6.9758 8.5253
3.2259 -5.1348
-6.1152 -8.3466
6.0353 5.0842
3.0964 -5.8997
4.5737 1.3582
-3.4408 6.5935
3.0575 -6.6439
3.9623 2.2793
4.6614 -0.3960
6.2743 5.3703
-6.1624 4.0434
-6.5482 -2.9557
0.3619 4.2604
-7.0440 3.7960
-6.2509 -0.4951
5.6737 2.8791
2.5596 1.9470
-9.9774 4.7262
3.7982 4.4671
5.5967 4.5298
4.2646 4.1492
2.5888 3.6699
-8.0509 4.8515
-2.6610 -0.0121
4.8274 5.4401
-7.3568 4.3165
4.4760 0.6141
3.6038 -3.0190
3.0599 4.1184
0.0711 -5.3704
-9.7919 7.1669
6.5190 -4.1757
5.8276 0.5393
0.5599 -6.6817
2.2736 -3.5705
8.2153 -4.4517
7.4022 -3.4435
-5.0354 5.4963
-6.4705 -6.2799
-7.1126 5.6517
4.4366 5.0470
5.4439 4.5342
7.2978 -6.5794
-1.4229 3.0897
3.1318 -7.9072
6.5523 -5.2625
3.5917 -4.6637
3.3850 4.3085
-9.2955 4.8258
-7.5481 1.2605
-8.7388 3.7135
-4.0527 3.5727
4.1656 -10.6322
4.9988 5.9010
-6.2298 -5.6724
-0.3928 3.9565
4.1666 4.4292
-5.5777 3.7784
3.4793 -7.5591
0.0415 -1.5520
