5
6.8494 -9.6077
4.7592 7.0821
-9.2170 8.5577
-9.7014 9.0227
8.8015 7.8527
-10.5523 8.3992
7.7339 7.7071
-7.1009 8.5453
7.3816 9.2039
-7.2586 9.9592
5.1661 -8.8891
-0.8157 -9.9809
-7.5497 6.7374
2.0980 -8.0220
9.0305 -8.4683
7.5522 -10.1880
8.3857 -8.4325
7.3598 8.2358
-6.8342 8.6211
-8.8157 7.1872
8.8340 -6.5266
7.6920 1.0086
6.9004 7.5861
7.5989 8.9985
-8.4929 -1.2960
6.3166 2.2328
-9.2703 -6.7259
7.3211 2.2078
-3.8091 -9.3488
8.1844 -6.6645
8.2799 6.8923
7.2558 -6.3229
-7.8991 5.3676
-8.5031 6.6147
7.2531 -10.6056
9.4222 7.0230
-2.6021 -9.1831
8.3760 9.3004
9.1259 -8.7959
-1.9373 8.7517
-8.0649 7.3358
-7.2800 8.9464
4.6034 -7.4715
7.9684 8.8908
-9.5000 8.4420
7.2140 8.4163
7.1022 -11.1620
-9.0325 7.5970
8.9176 -6.6969
-8.9543 6.0152
-9.9387 8.5036
9.3622 8.3225
-9.0835 -6.1690
-7.0345 -9.7150
4.8436 8.1936
9.2762 -9.4359
6.8921 8.3585
-8.1256 7.6017
-9.4856 4.7590
-10.8560 3.8508
6.9861 5.0126
-9.2157 8.1467
8.6535 8.7604
9.4541 0.7440
7.7778 -7.3576
-12.0827 7.0492
-8.9711 -9.6994
-5.9116 8.5632
-7.8423 8.1404
-7.3210 -8.1962
7.0997 8.2685
-8.5751 8.2070
-6.0549 -10.4853
6.9782 7.8855
4.8671 7.0153
5.1333 6.5570
1.9071 -10.0551
8.2421 0.9266
-10.2427 8.5228
8.3604 3.1736
2.7837 -11.3482
-3.4049 -7.3532
-6.3054 8.1006
8.3569 -8.5803
8.6671 -7.9243
-9.3672 5.2496
7.2414 -7.3406
8.1411 4.9537
9.1819 -10.8910
-8.7990 8.8101
-10.4673 -11.0287
-8.0248 8.4610
8.0203 8.2875
8.5496 9.3547
-9.1764 -8.1097
-7.8597 -9.7006
-10.2923 8.3363
-10.6276 6.9263
-8.9663 -9.6871
-1.2594 9.8079
-10.9934 -9.3240
2.0030 6.1066
7.3526 8.0410
5.6028 9.4877
9.2342 8.9361
9.5088 -6.8619
-3.1653 8.1777
2.0639 7.0998
7.9728 -8.5610
-9.7482 -12.4358
-1.2690 9.7240
6.6133 6.8095
-6.7419 6.2814
9.2768 1.8264
-7.0272 8.1036
7.5605 -8.0313
-5.3370 8.0995
-8.4606 -10.3515
-10.6612 8.3307
-7.5650 7.8243
-2.5492 -8.7294
8.6799 -2.6390
-8.4788 -8.0227
-9.2194 9.4943
7.4503 -9.8530
7.6424 6.6555
-7.8114 8.6861
8.3802 2.5774
8.9948 -10.9264
7.6641 -8.6492
-2.8576 9.0264
-9.7621 -8.3328
8.6866 -9.5112
-9.3253 7.8981
-8.8649 -8.4359
8.8887 8.1860
6.1729 8.1692
8.7101 3.1650
6.9348 7.2244
-7.2537 -6.7994
-5.7339 6.3900
-8.6734 -8.9178
-7.0341 9.7195
6.7951 -9.7881
8.2123 -6.4117
7.0531 7.0252
9.3323 -6.6190
-7.3058 -9.5246
8.2699 8.2253
4.3034 -9.3109
8.3939 4.8520
-11.0220 8.3823
8.1198 5.3354
-7.9693 10.8305
-7.2588 -8.2442
8.9908 -9.2056
-9.2081 -10.2883
-9.0220 -8.9526
-9.5563 8.9623
-3.7725 6.9315
-11.1279 3.9001
10.1781 -8.9344
5.8847 -8.7675
-6.3917 -11.6136
-9.1289 7.5198
7.5618 7.4580
7.8568 6.7849
-8.5750 8.5795
9.6869 -8.2341
-7.7507 -6.2324
6.6232 4.9849
-6.8976 -8.0146
5.0621 -7.4655
-8.1866 -11.0724
-10.0903 3.9975
7.6663 8.6469
8.7020 7.7808
13.0614 7.8318
-9.3084 -0.5739
-2.4593 -9.7709
-6.6518 8.6143
2.0792 -9.8772
-7.4401 8.7931
7.0128 -9.4926
8.2079 7.6768
-9.7792 -10.8086
-5.5562 -8.1703
8.0420 8.5826
-8.0799 -6.1990
-8.0509 -11.6199
8.5461 7.2502
6.9393 -10.3295
8.3107 -8.5557
6.6627 7.1461
4.5935 7.5735
8.0475 -7.5491
7.6578 -7.6788
-8.5217 7.1362
-13.7900 7.2002
8.2300 8.4019
-8.3107 3.5191
-6.8478 8.0681
-8.5313 -3.1826
-9.7627 8.4767
6.1855 -9.1185
8.5699 -7.5632
7.9134 8.0144
-9.1801 7.4314
7.5487 8.1175
5.6160 7.3779
7.4505 3.3442
-3.7376 7.5726
7.8597 -12.0775
7.2071 6.0294
7.8079 8.8606
6.7165 -8.5773
-11.4499 8.7028
7.0539 -4.5771
-7.5349 -6.9365
7.0753 7.8978
-9.0042 -6.1282
-9.1287 -9.0664
-9.1410 7.9136
-9.3510 7.6419
9.0993 5.6024
8.1556 -9.5694
-9.2766 -8.5065
-9.9732 -5.8523
3.9351 6.1766
-8.6597 -9.4470
7.5409 4.4049
8.4339 -8.5281
4.4026 7.7946
8.8326 -9.4344
-5.0821 -10.4929
5.0673 -9.7605
7.8430 -8.5572
7.4915 7.8672
-7.1422 7.8513
7.2329 -9.9819
-9.0160 6.1208
8.4392 -10.4287
6.7043 8.4012
-7.9763 7.1369
-7.2368 8.0235
-7.4657 7.0384
-12.6261 -8.0868
-3.7855 7.4387
7.7555 -8.9831
-7.3534 -7.2614
-8.9662 8.8504
-8.9084 7.5729
-7.3832 4.1069
5.7645 -9.3864
-8.9867 8.7680
7.9658 -2.1517
8.4994 -9.3859
-10.9300 -5.6652
7.5706 3.1141
-9.7478 7.3260
8.5313 7.5813
8.5809 8.7616
-11.6068 -6.8066
-12.1229 -10.2475
-10.0767 6.0622
-3.3257 -9.0578
-7.8343 -0.0245
-9.6463 -7.3951
-10.0264 -7.7518
8.4024 -10.2835
7.2093 8.6741
7.3202 1.9161
7.8118 8.1989
-4.7577 -6.4316
-8.6269 7.7577
7.8333 3.4651
8.3617 -6.8915
3.6899 8.2908
-8.4922 7.0174
-5.7848 -7.0493
7.9520 8.2019
-7.0500 6.3259
4.7943 8.0915
-9.3977 -9.6181
-8.3407 12.1047
7.4866 -8.5280
7.7312 -8.7684
8.2988 7.1156
-7.9381 -10.1922
8.1431 -8.6996
7.5964 8.2620
-8.8172 7.5118
-8.1408 8.9894
5.5599 -10.5371
-3.7520 4.5494
4.6572 7.4086
4.5814 -5.7942
7.5229 -7.4785
-7.8283 8.4269
8.3544 2.6372
8.1982 -8.4910
1.3568 6.7130
8.2532 7.8681
-8.9587 8.2571
7.3079 -7.3592
-7.5920 -9.5049
5.6750 -10.5944
7.0915 8.6341
-8.0680 7.6028
-8.6989 -6.7436
8.8944 7.4450
6.6190 7.6812
-8.2298 -9.0320
8.2502 -8.3854
-11.4983 -7.2658
-11.5221 -7.7375
8.1629 -12.1443
9.0854 8.2743
-9.6696 7.4923
-9.3209 -9.6004
-9.8035 7.4326
-9.4473 6.9289
4.5873 7.3573
7.7335 7.2206
7.2936 9.1020
-12.4614 -7.5976
7.7849 4.5364
1.9722 -7.4734
-8.2655 -7.7894
-7.4807 7.4104
8.9322 -6.8959
5.2980 -10.6791
6.4867 -8.4767
8.4106 7.6184
9.1890 -8.0855
8.8600 8.4723
-8.0383 8.5985
8.3776 -10.1314
8.6541 -7.7472
7.5285 -9.9225
-7.0422 9.9095
6.6358 8.0064
7.2367 -7.8493
8.9914 -8.7101
6.8680 -10.5070
6.9136 7.8940
7.6033 8.3472
1.8399 -8.7528
7.7720 -8.0956
8.6683 -8.3690
-10.3087 -9.2172
-7.6394 2.6781
9.2480 7.2592
8.4505 0.7844
6.7096 7.9773
8.5261 -7.5407
7.2368 5.5145
8.8543 4.3871
5.7297 3.1976
-11.0671 8.2923
7.4428 7.6844
7.7583 -11.8276
-11.0184 7.1724
5.9602 -10.6509
-9.5877 -11.6057
7.6162 6.4204
6.5372 -12.3004
7.9789 2.0961
-5.8019 -10.8525
9.1178 5.3110
-7.7058 6.7005
12.9232 6.0977
8.2795 -7.5366
-8.6778 7.9349
-7.6273 -9.4662
8.2813 6.5882
7.7916 8.5569
8.2103 -8.5515
-11.4465 -7.7857
7.7610 -5.3583
-11.7400 8.1563
7.9263 -9.8636
8.1985 7.9709
-12.8158 7.9290
-14.9876 8.0888
-10.4907 7.4082
7.3965 -9.4608
7.0206 -8.2923
8.2930 6.5987
-9.8367 8.7038
-13.5126 4.5529
-7.8278 -12.0299
6.5780 3.9397
7.3910 3.7598
3.0582 4.0168
-8.5593 -6.0852
-8.7145 8.5047
8.1779 9.2959
8.6416 -8.3308
9.5660 -9.8706
-9.3287 -12.7021
8.9056 -8.7010
7.5481 -7.4928
7.7122 8.9932
8.5937 -7.7228
-8.4503 6.8508
-9.0889 3.7738
8.3609 -0.4650
7.9423 -7.6608
8.6512 7.5268
-10.2113 8.4500
-7.6769 -10.5952
8.6358 8.3756
-9.1389 -8.3483
-6.2727 1.6502
9.0596 7.9205
7.9850 8.1700
6.5307 4.4458
7.8147 5.8299
-10.3816 2.0753
-10.8810 -11.1930
-9.0989 8.6054
-7.8580 8.0594
-6.8667 -6.3620
11.7505 9.1359
8.8436 8.9363
7.6059 -9.1747
4.9761 -7.9331
-5.9300 -0.0911
2.8352 5.2705
-8.2705 -6.2790
-9.8384 5.8999
7.6034 9.1867
-5.9270 -8.5125
7.1020 8.7382
-7.5621 -7.0434
-10.6796 -5.6006
-5.4170 6.2800
6.9452 9.0766
-8.4849 4.8746
8.0256 -7.0359
-7.7310 -8.8331
7.4317 -12.7128
-9.6047 9.9656
7.9449 -10.1573
9.7455 7.7737
-10.2325 -10.8733
8.0930 4.7290
-6.1533 1.6962
-8.7553 8.2148
-3.2955 -8.3235
8.1560 -0.2364
9.1828 7.5417
-9.0739 -6.3387
11.4349 -8.3508
-8.5482 -8.1034
5.6019 -7.9499
-9.1187 6.5229
1.3965 6.8202
7.8385 4.6054
6.3330 8.2560
6.4885 -6.4958
8.7054 -6.4638
-10.9302 8.0772
0.3641 7.1423
8.4549 -5.1714
7.7743 8.3019
8.2886 3.4477
-10.1637 7.0313
7.2860 8.4614
-8.7846 -1.0987
7.5169 -7.0600
-6.6922 8.1490
9.7993 8.2010
3.4008 -9.8490
8.1631 3.9668
7.2177 8.5927
-6.8492 7.7779
6.1155 8.7497
7.3034 8.5631
-9.1410 -0.8668
-9.4746 6.5746
-11.0499 8.7347
8.4137 -8.1769
-9.6252 2.1471
-10.0948 -9.4368
-10.7579 -9.9997
8.1069 4.0267
-9.5805 8.0307
-8.7019 8.0113
-9.3827 8.9468
-8.6575 8.0621
7.5538 -1.3411
-8.2232 -10.8836
-6.9055 -0.8289
-11.2506 7.9804
-4.4425 8.2414
-11.8916 -7.6631
0.6503 -12.6578
8.0432 4.3952
7.7485 -7.1796
8.2284 8.1937
-8.4674 6.8654
-9.8905 -6.8667
7.2029 3.4137
-7.8004 -7.0681
2.7643 7.2557
5.5646 5.9649
6.8739 8.9566
-9.0486 6.5932
-6.9035 7.2753
8.2400 9.1578
4.6899 8.6712
7.8913 7.5391
-7.0054 -5.8999
9.1769 7.8072
-13.6932 -11.1775
7.9877 4.4746
-0.1227 7.7020
-7.3195 4.8625
1.7699 -11.1335
-8.1592 7.8053
4.7293 -8.6700
8.9733 7.4584
-6.8358 9.1261
9.2597 7.1230
5.5351 -0.9210
-8.2129 7.5651
-9.2293 7.8712
8.2849 -9.2392
8.5116 8.6994
6.8340 -6.4518
-8.0996 8.0038
6.7413 4.5134
-10.0033 7.8630
-6.7274 9.1984
-6.4357 -7.1811
9.8281 -6.4994
8.0305 9.1903
9.1917 8.0733
-9.0713 8.1227
-5.9001 -11.8613
8.4260 -4.5653
7.5870 -11.2013
0.0186 8.9670
2.0650 -8.2389
9.0833 7.7928
8.3123 4.6833
1.6879 -8.5764
-10.9723 6.3288
8.4604 7.7892
8.9953 -7.9139
7.2322 7.6813
5.8375 -8.0041
3.1257 -8.9814
7.8447 8.2309
-8.2171 7.3045
-7.5864 7.5817
-8.9149 8.1880
6.8609 6.1263
-9.0564 2.7898
7.1394 9.6781
7.4083 8.7804
-8.9436 8.9508
8.5580 -11.5695
8.0293 7.6790
-8.0041 -9.0901
-0.3056 -9.6372
-10.3072 8.2223
1.7939 7.0079
-7.2378 -6.3933
8.8061 7.6278
-9.7136 -6.6583
3.5715 -7.5551
8.1809 6.9239
-10.9191 -8.3336
9.0285 7.3514
-8.9533 -9.0540
7.7973 7.9379
-7.1663 -8.6137
8.4181 8.0134
-7.9078 1.7610
-10.6023 -8.5203
6.4903 7.8919
7.4436 -8.9064
7.5913 -6.5030
7.3652 7.7780
-7.7633 8.3044
7.8358 7.3874
-5.6836 8.5287
-10.8914 -8.8739
7.5156 -7.4694
-9.9228 3.9895
-8.8014 7.6110
7.1506 8.6736
7.3545 -7.3188
-10.6871 -8.5830
4.1888 -11.3596
7.0021 2.9530
7.4807 9.4054
-6.8937 7.9455
6.6863 8.1013
-12.5063 -11.6871
-10.3962 -8.3965
8.1608 6.0411
7.2421 3.9768
5.0985 -10.5743
8.1286 -10.1069
6.2420 12.5730
-11.1587 -7.4632
7.0621 -8.2056
-8.2531 -11.1507
-8.2885 6.6613
9.9381 7.1925
-7.6505 -10.0677
-0.0643 9.4852
-6.7405 2.6575
8.1362 3.8047
-11.0091 6.9730
-9.1054 -7.7748
6.4810 7.9137
-8.7188 4.2526
9.4719 7.6448
7.8929 7.4590
-8.7360 -9.1379
-8.0564 7.5938
8.2217 8.8145
8.4288 -7.7581
-9.1361 8.2828
7.1852 -7.4229
-8.7966 8.8591
-9.1211 5.3833
7.7309 9.0853
7.6122 7.2850
8.1648 7.0531
7.9521 4.5124
7.7852 8.9620
-13.9588 -5.3869
5.3078 6.6472
8.4370 10.8783
7.8230 8.9954
8.7614 -9.0301
7.0611 -8.1843
-13.4234 -12.0254
7.8666 9.4817
-7.1206 7.7634
-9.9599 -11.1938
5.4738 8.7178
7.2015 -8.3496
2.1741 3.6081
7.5475 -10.9962
9.1496 -9.1399
8.0603 -12.2688
-9.1984 6.6853
8.1479 7.9421
-3.4933 1.2937
7.4189 2.2371
-11.0766 5.7614
5.0890 8.6693
-8.5103 8.6716
9.6288 7.3063
-9.4544 -12.2727
-10.0716 1.0871
-7.9118 -9.1020
7.4596 -9.5737
-7.2476 -4.1805
8.1519 6.7442
8.9470 -8.3052
4.8487 8.1143
7.1363 -10.6732
-9.6290 -7.0534
1.7415 8.7735
7.6786 7.8936
4.0335 3.8492
7.0162 5.4967
-8.6013 7.7426
9.0278 10.4561
-10.6672 -8.1230
8.3344 -7.3940
-7.6379 -9.5252
1.5773 9.2100
7.1840 0.1352
-5.5455 -10.6765
7.4439 4.6991
8.7292 7.5644
-8.4961 7.2062
-7.7992 -9.4236
7.9482 -9.0624
-10.7838 7.0343
-10.4418 -8.0113
9.4263 3.9564
7.9628 3.4555
-0.7586 7.7974
5.8222 6.7756
6.3848 7.6030
-6.9402 6.1291
1.8037 4.3885
6.5843 -8.2381
7.8189 -6.8957
-7.8807 6.7517
-8.4975 7.5701
7.9163 -7.5275
8.4586 9.9226
2.7629 -9.9152
-9.9380 7.5017
-9.3874 9.2668
5.9155 -5.7904
-8.3034 -11.4819
8.0021 -9.5117
8.7815 -11.0859
8.4297 7.0894
4.2238 -8.9172
8.1647 7.6169
-2.2747 0.0983
-10.8683 9.2174
-9.9954 6.7958
-9.7117 8.6389
2.3030 -7.4647
0.5598 7.7351
-7.5922 7.7897
8.4051 8.8275
5.0178 -9.2230
-8.6706 4.0755
-8.3646 1.5276
8.3691 -11.9405
-8.5422 7.0381
8.1626 4.5326
-6.5718 -5.2585
6.9018 7.7874
8.4456 8.7058
8.4315 -7.5886
4.9311 7.8867
8.0394 -8.9116
8.1839 -0.4490
-7.7011 8.2333
-1.9631 -0.2868
3.5857 8.7298
7.8891 6.6591
7.1503 7.1617
7.1491 -8.3807
9.1099 8.3015
7.7774 -10.7315
7.5684 7.4400
-10.0289 -7.5920
-5.8634 -9.6384
7.9462 -11.5493
8.2246 7.1381
7.6540 6.8760
7.1782 -12.6671
8.7349 -9.9336
-10.4803 7.4420
-10.3062 6.3393
-7.3032 8.8367
-10.1730 8.0057
8.6756 -6.8597
7.7700 8.7305
8.3668 9.0441
7.3678 7.2471
8.3109 8.1691
-12.9157 6.7928
-8.3365 7.7844
-9.3377 -8.9127
0.2435 9.1526
-8.3459 -7.4981
6.8776 -8.0225
9.1289 5.4666
-6.4853 7.8658
-8.5840 -1.9161
-7.6695 5.5019
-8.7800 9.4263
-8.8412 -9.9320
7.9531 5.9292
-10.0652 6.9899
2.6129 8.3097
6.5993 7.5567
6.7085 6.5870
-8.1034 -12.0555
-9.3735 -4.0247
-8.7902 -10.9188
-7.2547 7.8375
3.7688 -7.4123
10.2641 2.6251
-7.6116 6.9922
9.1948 9.1187
-1.1505 -10.2814
11.6074 9.0362
6.8761 8.6171
-5.0695 -11.5366
-2.3688 -10.2450
-8.5860 -13.9596
7.5906 7.2153
-9.0030 -7.5422
5.2855 -9.8066
7.5685 0.1998
-8.0126 6.1315
-8.3229 -2.8678
8.8325 -7.5515
4.4688 6.8267
-1.3994 -7.8335
8.2146 8.0896
7.3376 -7.3196
7.9484 7.6186
7.2018 -9.3685
-10.4203 4.5207
8.0130 0.2217
8.6096 -6.9750
7.8159 7.1102
7.5931 9.5104
-11.9906 6.8947
1.5687 -11.7782
-9.0476 8.7440
-10.0124 7.1847
7.8284 -9.6359
-10.9787 6.6138
-6.8157 9.6624
-11.3925 -10.2278
-8.3306 9.2026
-8.8277 -6.6092
-9.0632 -9.3473
7.4886 8.6761
-9.5570 8.3012
-7.5027 6.8797
10.8503 5.3840
9.0796 -8.9495
7.6929 4.3717
7.0454 -8.4000
6.7485 7.6999
6.8907 -6.8563
8.8997 -9.7889
5.6368 -8.4389
7.7576 -7.0219
-0.3470 -11.9639
9.7695 9.1338
7.9371 -10.1499
-10.9611 -13.5050
-7.6571 8.6462
-10.6851 8.2562
7.3161 8.2445
7.1285 7.9418
-10.3401 -6.2261
-9.8699 1.9260
-10.0894 2.3537
-4.3305 7.2950
7.8904 -7.7601
-9.3018 -8.2505
7.8743 2.1640
-10.0765 7.9118
7.7075 8.4580
-10.5453 8.0137
-1.8413 8.3425
-6.1729 -7.4933
7.4437 -9.8948
8.2792 7.3288
-7.7551 7.0179
-7.2944 8.0861
-9.0869 -12.1735
-7.4329 8.1851
7.7795 7.6227
-6.9631 7.3133
9.1948 8.3092
-8.9249 -6.1057
-8.2862 5.2838
8.1887 8.2865
9.4090 7.8566
-8.6229 10.5296
8.2094 7.7757
5.0455 7.1857
1.6929 8.0243
-10.3373 7.2348
6.5332 -8.0989
9.1863 9.2940
8.0544 7.2627
-6.4071 6.9404
-9.0658 -10.6036
6.8123 -7.9309
6.5194 8.4859
2.2375 -2.3069
5.4091 2.9347
-12.7152 7.1717
-7.2183 -11.1156
7.9475 2.7347
-3.1945 7.6463
-8.1123 8.0272
9.9453 8.2393
4.4042 3.8631
-8.0264 -5.3272
-8.9453 7.4987
8.9138 -11.3221
7.3945 7.2987
-7.4841 -10.7548
-11.4937 -7.6490
-8.0084 7.9145
-8.1672 7.6610
-8.5755 7.3931
-10.5818 9.6666
-6.9243 5.3380
-12.7572 -8.7601
-6.2521 9.5064
-9.5610 -6.7551
8.0594 12.0240
-8.5604 -10.9193
8.9182 9.4386
7.0803 7.7139
8.4365 -8.0206
2.8007 -10.4644
7.5578 -8.9145
-5.5223 -9.3877
8.7694 6.5784
-10.2691 -0.3586
-10.3261 4.5864
-9.0494 -9.8474
7.5137 2.9877
1.9236 7.8792
-9.8333 7.6828
-6.2377 -6.0942
-6.4540 -13.3125
8.2401 -7.7750
6.9335 7.9854
-8.8764 -8.3798
-6.9397 7.9222
-11.9526 7.3655
9.9782 -10.6627
-9.7565 5.9914
8.7880 9.8519
8.0084 4.7252
8.2842 8.3447
7.4711 8.7974
-5.5918 8.9446
6.9978 -6.4128
-8.1014 8.7402
6.8326 8.9043
-9.0791 -12.6974
7.8759 8.0865
7.4981 -4.9874
7.6181 -8.3628
7.4898 -7.9142
8.1901 -11.5743
7.4545 8.3609
-5.3347 6.6346
-9.7709 7.7145
7.1776 3.3064
6.9707 6.5294
-9.8139 2.6046
7.1473 8.9117
-8.9710 -11.2282
-10.7106 5.8880
7.3909 8.8151
-10.4769 4.5747
-11.1667 6.5737
8.1234 7.6116
-8.8003 3.0420
8.5091 -7.7942
8.0804 9.1636
1.5190 -10.6588
7.5807 7.1790
-10.7007 8.5263
-9.4888 -9.2250
7.1481 -7.5059
-1.1727 -9.7052
-9.3230 7.0575
-8.6721 4.5250
8.3971 8.1490
4.6919 7.9705
-9.4817 8.4747
6.1595 -11.5823
8.5958 8.0052
-7.1838 -8.4137
7.5146 4.0088
-11.0482 -8.6097
-3.1637 7.5764
-7.7258 -13.7882
-9.7481 6.6869
-5.8153 7.4310
3.4587 -8.3387
-6.9090 6.8939
-10.2682 7.5256
-7.4981 -9.1933
8.2451 9.0342
7.7466 -7.0296
8.9177 8.3668
-9.4636 -3.7790
-10.5152 7.1506
0.6986 -7.0468
-9.3749 -9.7145
-7.0390 -9.6308
7.4174 7.6227
7.5656 7.6809
8.4204 -8.3263
8.3916 8.1922
-10.0528 9.0329
-6.4964 7.5071
-8.5998 -13.5248
7.6984 -8.9162
-10.5422 7.7176
8.0975 5.2152
8.6190 5.2549
3.7439 -11.0764
-7.8243 8.0362
6.8237 7.9532
-10.7520 -12.6180
2.4196 -9.3513
-6.4593 7.7437
7.7553 0.7608
8.2456 -9.6807
-8.4457 8.3791
8.2312 -8.2880
-10.0796 1.7214
5.4497 8.1046
-9.5985 8.2821
7.6911 -7.5688
-10.2437 -8.0184
-9.1269 2.8535
-7.4567 -10.0085
9.7309 -7.7843
-6.3015 8.8310
-7.8760 -8.3431
4.3743 -9.7382
1.0386 4.3775
-7.6624 9.0855
7.3437 7.9660
0.0183 8.1234
7.9382 1.2208
-8.7121 8.7500
-1.2242 -8.6903
-7.5613 7.7002
-7.3004 8.0404
6.7075 7.5371
4.9482 -8.2214
2.5271 7.0571
-9.4611 6.0650
3.6612 8.1286
-7.6021 3.5838
6.5543 8.2891
-4.1296 8.1603
7.6717 -7.8632
7.7185 6.5346
6.9942 -9.7279
8.4773 6.7174
7.1925 9.3462
8.4068 -10.0022
-5.6820 8.5383
0.4159 -8.8258
-9.4742 -6.7784
-8.0716 -7.9931
6.6473 -9.0690
9.1544 -10.0550
-13.2286 7.8692
8.7256 7.6756
9.7736 7.8901
8.3396 -11.3000
-9.8427 8.2053
8.1673 -9.5458
7.9426 -0.3008
7.1132 6.8848
8.1132 -7.3249
7.0879 9.2368
-8.1009 7.6216
8.6397 -10.2916
7.7695 7.9632
-8.6717 -7.2179
7.2524 8.4965
5.7683 1.5979
-8.7209 -8.2112
8.3377 -8.4542
1.2966 8.6097
8.2092 -6.6037
-6.1482 7.3769
8.2615 -8.9346
7.9350 3.5894
7.2697 7.7582
-8.4430 5.3323
7.8765 -7.7999
3.5579 -9.6844
3.5047 7.1317
-0.7075 -7.7500
9.2851 -7.6278
8.8833 7.6068
8.5296 -9.0236
6.1561 8.7906
2.0206 7.1869
-7.8331 7.5731
-7.9731 1.4461
8.3751 7.8840
8.7304 8.1516
9.0426 6.4296
8.7401 7.1838
-9.3604 -7.3248
-8.3732 8.1379
-9.7956 7.6133
-6.1957 -0.8134
6.5807 4.0324
6.2482 -9.2259
-5.5529 -8.3911
-0.5124 7.2555
9.0390 6.7070
-9.1683 7.3381
7.9955 -8.8627
7.3596 7.3123
7.4090 -8.7424
-8.0359 5.8952
-10.1141 3.9960
8.4086 8.8367
-7.3983 -6.7976
5.7090 8.8811
8.3234 -8.9764
-1.6898 7.0316
7.8413 10.9096
8.0076 6.5637
4.0126 -7.3641
8.7994 8.2380
-10.3646 3.6851
7.3097 8.7715
6.7528 7.7386
-7.5086 -13.5418
1.9334 -8.2680
-6.0775 5.7459
7.4559 2.0479
-9.0012 6.9713
-8.2710 -9.4852
-10.6945 9.0681
-6.4713 8.7088
-7.8232 -7.9641
6.8641 -10.3198
1.1498 -9.3616
8.4187 -9.6284
8.6760 -8.4649
-6.5935 4.0635
-6.3352 -8.7545
1.3013 -9.9931
-8.2773 2.7731
7.4193 4.9847
9.3394 5.9650
-10.2183 8.0829
9.9065 5.8836
-7.1136 -6.0816
-5.9963 7.6976
-7.1362 -10.8291
7.7898 8.4733
-12.0893 8.2642
7.3735 4.1293
9.5680 5.0837
8.1078 -10.2919
-7.0076 9.0626
7.1266 6.7985
6.9730 -5.3405
-9.9319 8.4891
-9.4414 8.5498
-8.0111 -8.0616
6.0216 -10.1540
-8.8138 8.9398
8.2385 7.8919
-10.0382 -8.9713
8.5222 8.3948
-8.8002 7.9989
9.1260 -8.2133
-9.3036 3.4360
6.7942 -11.2560
8.5720 -7.9313
7.9352 -9.0574
8.7205 8.4391
-6.6818 -5.2283
9.6051 -7.3179
7.8000 -9.2117
-10.5180 5.2290
8.8889 8.1931
6.5211 -10.1478
8.2761 7.8165
-12.6514 7.2609
8.2897 7.6281
-7.7420 2.2649
-11.3528 8.5331
8.5007 -10.2038
7.5382 -8.9105
-0.7287 -9.0691
0.4146 8.2995
-7.6469 8.2790
-5.2039 7.1960
7.7233 -10.6224
-9.2659 1.2804
-8.3189 8.5702
-7.7718 8.8814
8.3424 7.4863
9.2451 8.2147
7.8775 7.5078
3.3235 8.4654
7.3657 -8.9785
7.8124 -5.3793
8.4836 1.9533
6.8910 2.8353
10.5547 -0.9748
8.2149 3.2678
-10.2976 7.3992
7.7256 -14.1489
1.3840 7.1687
2.9775 6.7962
-10.7894 9.1955
-10.0484 7.7861
-9.2205 8.0068
4.7710 6.3626
8.6355 7.5107
-10.0793 7.8186
8.6717 9.1726
8.0111 8.3264
3.0547 7.8177
8.5128 -11.1696
7.8528 7.6708
4.6267 8.4305
2.7907 -6.4697
8.7919 6.0539
7.6066 2.7366
9.0870 -5.5294
-9.5089 -10.2556
7.8047 9.4333
-10.1908 -8.0190
7.7332 10.1084
8.3503 -9.4411
-8.9546 2.7031
9.5115 -6.2223
9.2302 4.2536
-11.3102 4.5304
-7.5519 8.1487
7.8969 8.0889
9.7385 -10.0874
3.1779 -8.8877
7.7649 -5.3890
8.9388 2.3315
8.0416 -5.5298
3.3302 4.6329
-6.9465 -10.8029
-7.4711 7.3012
-7.3025 2.8642
8.6400 7.1117
-9.4739 -9.3629
7.0542 3.9548
-3.7874 5.3888
8.6502 7.5008
6.8475 8.5030
-6.1272 -10.3330
-5.6744 -10.2747
7.5836 8.4688
-12.9813 7.9173
7.1549 -10.6186
-8.2720 6.4168
7.8970 -9.2180
-9.5680 -9.7860
-2.2397 4.2526
-8.3958 8.2438
-7.5518 5.8106
8.2061 8.2557
4.2184 7.6640
-11.4406 7.2373
7.8754 7.3935
-7.7770 8.6778
7.6925 8.6450
-9.9319 8.2457
6.3779 7.7716
-11.2002 -10.6055
-6.2896 7.9110
8.5327 -13.0399
8.4413 -1.9484
7.8751 8.0080
7.1183 7.1550
-8.6740 7.2143
9.1583 8.5682
-8.9958 11.3282
8.4925 -7.2097
-4.8278 8.7635
4.6034 -11.4018
8.0615 7.8608
5.6157 -8.2554
8.1914 -7.8016
7.6394 -5.7223
7.7989 -0.9709
8.7039 0.5227
-10.3178 -6.8041
-7.1482 9.3227
0.5735 8.4976
-7.8636 8.7164
3.3656 8.3485
8.0377 3.3654
-5.6574 -11.5102
7.7473 4.4403
4.5983 -9.1036
6.8484 1.3865
-5.4384 -10.9916
7.0677 -2.8524
9.9022 7.1047
6.7866 6.8928
6.8431 8.8875
-7.3499 9.0471
7.8123 8.4607
7.2739 8.3453
7.0110 8.0883
9.0953 -7.8194
0.3519 -9.3498
7.7320 -5.0789
8.0553 7.9401
7.2823 8.4600
-6.6734 -7.9126
-4.5502 -4.0488
5.3230 -3.1171
8.2932 -7.6254
-10.3399 3.2951
-9.6706 7.9897
-7.5374 -7.9187
8.7737 -12.3139
0.3322 -8.6130
-7.8402 7.4583
-7.6426 -0.2099
-0.3632 10.5984
8.2816 -13.1045
3.6888 -9.6537
8.8290 7.4958
6.5633 7.9786
8.1882 7.3997
-3.1216 6.2462
-8.0373 6.7753
3.9746 10.6608
8.6748 8.5143
7.5441 5.0997
7.4277 -9.5891
7.7303 -8.8792
-9.0771 7.2298
-3.1944 7.9089
9.7582 7.9565
-6.6795 7.3813
-8.3840 2.6332
4.5068 9.0428
-11.5377 -11.1079
7.0007 1.8803
-8.3020 6.6386
7.1285 8.1032
8.6375 -9.2048
-7.8192 9.3139
8.5472 7.6557
-7.0657 8.2532
5.0739 -8.2572
-9.2215 -9.3727
8.6197 -8.8133
-5.0153 7.5063
-8.8829 -10.6958
7.0212 7.5817
6.9315 8.6148
8.9685 -9.3367
7.2958 -10.1605
10.0562 7.8234
-4.2764 7.6046
3.4462 7.0774
-7.4595 -8.1180
7.0823 11.9177
-6.3126 -7.3066
7.8617 7.9028
0.0645 7.9229
-8.3208 -7.8574
3.7392 7.8688
-2.6900 7.7041
-7.2802 -8.8232
-9.7052 8.5830
-9.4068 -6.8927
8.4972 9.0982
-10.0848 7.6163
-8.2935 9.8200
-4.9187 7.4425
-9.4610 -10.0856
-8.2061 -7.5236
-8.3632 6.5544
7.5948 8.3459
7.7147 8.7542
-9.7719 8.1501
7.1611 -4.1172
7.6570 7.9859
9.6902 5.2975
-7.7585 4.6229
10.8075 7.9933
-11.1604 -9.5963
8.0236 -8.8518
8.3181 -8.8637
-9.6533 -4.8204
5.3964 -9.9841
-9.8319 8.9947
-8.5079 8.8328
-6.3878 7.6517
-8.1562 -0.2044
-12.4269 -7.2122
-6.9943 -8.4994
8.7874 -8.7844
5.5431 -6.2790
-9.9040 -7.6644
7.3427 7.8251
7.2464 8.1474
8.0465 8.6058
-7.5320 6.6885
7.5609 6.8033
8.7556 5.7730
-15.9398 7.7620
-7.6535 4.0944
7.4110 -9.9322
8.6842 7.3380
-5.9894 4.4398
-9.2782 -9.0785
7.5625 -6.9042
7.7626 -7.8375
-7.1889 8.3099
7.3491 7.0866
8.3301 5.9488
8.6916 5.7510
-10.9295 -9.1638
-10.3647 -11.9639
-6.0675 -8.5889
3.1629 -9.2833
-7.1367 9.0661
-14.6891 -7.7888
4.8271 4.2539
-7.0084 8.3195
5.4032 3.0327
-9.8526 -8.0923
-7.0849 -8.8419
7.8070 9.0989
-10.1120 10.2435
8.6703 10.1101
8.8485 -8.5562
8.6077 -6.3482
6.9877 -9.3356
-6.0253 6.9954
-13.5382 8.7933
-7.5210 2.0538
-6.5395 7.7547
-9.6566 4.2554
7.1485 7.0656
8.1334 2.2867
1.4719 8.5579
-9.1244 8.1971
6.3026 -9.6810
-5.5078 -7.8959
-12.0437 8.7549
-0.4544 7.7511
-8.1351 10.8501
7.5697 9.1757
7.6934 6.6674
7.2061 -8.2919
-12.0618 -7.0090
-10.0257 7.1651
8.6598 2.0171
-10.2545 -5.6358
7.4690 -7.3225
5.2855 6.9042
7.3980 -9.1641
-9.5174 6.7599
5.7787 -6.4861
8.3126 -9.1730
-11.7214 -11.3104
8.0664 -8.9026
7.7733 7.6563
7.3482 -9.8125
-13.6300 8.1752
-9.1634 -10.8453
-13.7476 7.6533
7.0680 -8.4555
-5.0265 6.8501
7.9640 9.4841
6.0282 8.6533
7.8147 7.9309
-8.0261 0.0076
7.5864 -7.3640
7.5928 8.2490
4.1191 -8.6614
0.6787 -12.9717
-8.6628 7.7285
8.3510 8.3244
7.4075 8.3887
7.6787 0.6049
7.8009 8.5879
2.3998 8.5301
-6.3216 -8.3385
6.9742 -7.5312
5.6214 6.9659
-7.7686 3.5340
-10.4868 -9.6915
8.1544 6.8789
-8.2316 6.4742
-7.6674 -7.6217
7.7562 6.9041
-7.7441 -10.7371
3.8574 7.0952
6.8721 7.3331
-10.2897 -7.4539
1.3225 -9.1333
-8.6471 -8.9660
-10.1853 -10.1983
7.7707 7.6021
-10.8779 8.1753
6.7712 3.1207
-7.9687 6.7772
3.5963 7.1152
9.7823 -8.6706
8.4005 -8.7466
-5.7132 7.5296
8.4255 7.5145
-8.7786 7.8135
-9.3494 -7.5686
6.2201 8.1793
-9.9055 8.0513
7.8959 -8.1013
-10.2059 7.5721
2.5674 7.4839
10.1196 7.1747
8.4210 8.5187
-4.6381 -7.0390
8.2607 7.5602
-10.9273 -10.8547
-11.3985 -7.6483
-7.7739 -11.5454
9.3746 -7.7711
7.2499 -9.9810
-10.2930 4.1614
-7.1722 0.7812
-8.0780 8.4188
8.4174 -7.7980
6.5240 7.5716
7.7578 7.6235
6.4303 -0.4150
4.2138 7.9924
-10.7097 -10.0153
7.1244 8.0695
-10.7463 7.5264
-13.7732 -4.6207
8.0992 -2.7877
8.3563 -6.5554
8.5772 -10.0630
7.8751 -10.6416
-5.7138 -10.0437
7.5127 8.0161
8.7559 7.8582
6.8329 -7.9411
8.3975 7.0479
-4.4054 -6.3620
8.1223 -8.9138
-8.8172 7.4424
-6.1994 7.8056
7.0808 -11.6262
7.9829 8.4819
8.2363 -11.3941
8.5282 8.0659
-6.7958 -9.6575
-9.8026 6.5514
5.4711 -6.8429
7.9003 -8.5066
7.4773 7.0375
-11.0971 -7.9270
-8.6206 8.1143
-10.8485 -6.9578
-7.6067 0.3593
-9.4443 6.2460
8.5294 -9.4538
-9.2252 -2.8392
-9.5205 7.7430
-4.4898 8.7984
8.3301 -11.8945
-7.7950 3.3113
6.6788 4.3642
-10.4793 -8.7544
9.6193 9.0938
-7.7885 -8.0732
-7.1172 -7.7128
-5.3568 8.9731
0.7624 1.7799
6.5378 7.7852
-9.6003 -8.6174
6.9915 -4.7199
-2.3581 -0.1831
7.4624 7.6121
7.6439 -2.0569
6.8812 7.9292
8.1286 2.7970
-8.1119 -7.8478
-7.8237 8.3496
5.6533 -9.5552
8.6511 7.7548
7.7000 -8.3322
6.9531 8.5996
-6.5548 -10.0797
8.1201 5.6841
7.5404 -7.3438
8.0949 8.3126
-8.6672 -9.4599
6.4913 -7.4016
-9.9474 -10.1751
2.7581 -8.4049
8.3285 7.4123
-7.4941 -9.4168
2.5455 6.5402
-10.3007 -9.4419
-12.6199 7.2357
-9.9634 -6.3687
9.4271 7.3937
-7.8103 -6.9253
7.7697 -9.8444
3.0146 -9.0856
8.0226 -8.6355
7.0191 1.5335
-7.9576 8.6785
-5.2053 5.0663
7.3739 8.2209
-8.5182 8.1683
-13.0380 -7.9364
-11.6977 8.0125
-6.0155 6.9642
8.3075 -9.5450
6.8138 3.8097
8.7706 -12.1287
7.3998 -8.0507
-10.2094 -6.9457
-8.0161 7.3990
-9.1519 3.7123
7.1338 -3.0676
-8.4426 -7.7546
8.7495 7.8962
-8.7688 7.7094
7.9355 8.1731
8.3799 7.2281
8.2677 7.0550
8.0197 -9.0148
7.0487 -8.7490
-11.7239 7.1117
9.0562 -12.5064
-8.6771 5.3753
-8.4405 -10.5072
8.7739 -9.4389
8.2736 -10.9825
-8.3259 -8.2544
-8.1522 9.1418
-9.7560 4.4183
9.2454 8.5318
8.9438 8.0491
8.2533 -11.3920
6.9915 7.0368
5.8137 8.3763
6.6942 -9.6530
-10.2202 7.7732
-3.4229 -5.8508
6.5918 8.2936
0.8018 3.6492
-8.8285 8.1746
8.2357 9.7137
-8.4714 4.0125
-11.0769 7.6004
8.3340 7.6557
-2.7761 -7.8916
6.7327 -8.0219
4.0227 5.0778
6.7934 7.9740
6.1781 -8.7118
-11.8581 4.6596
9.6393 8.5449
6.4776 6.7227
6.1408 7.4206
7.8857 8.1468
8.5747 -7.1575
7.9327 8.1471
4.6573 7.9644
9.0251 8.4054
-12.0984 8.2646
8.4883 4.2992
8.9023 -7.1095
4.8376 -8.3497
0.0698 4.5492
-8.3480 7.7353
-9.2607 -7.7053
-11.1276 8.0351
10.9705 3.6872
-7.9127 10.0674
-9.3916 -7.9995
-12.1123 8.3155
8.4539 -8.1193
9.1888 -7.5764
7.9683 7.2500
-11.6985 7.2836
-13.4653 -8.7436
6.8920 -8.9689
-7.7777 8.5056
-1.2536 8.3073
4.7098 8.2609
6.2278 8.8233
6.4091 -7.1153
7.5179 7.5257
9.4824 -13.4312
9.4057 9.1306
-12.7931 8.1178
8.5548 7.4266
8.2142 3.7049
-10.8401 4.9081
5.9874 3.4722
-9.5319 8.5115
7.6348 -10.3040
-3.5582 7.7418
7.7107 4.2186
7.7827 8.6554
4.4705 8.3093
2.3751 7.8153
5.1233 -9.6404
-7.9313 7.5585
-7.7007 7.1122
8.9757 9.2900
-8.0597 -6.8673
-6.1340 -7.2639
-8.5983 -6.4063
7.9948 7.5599
3.9606 -8.7488
-5.8208 -13.6374
-7.8455 7.3985
-1.3975 -16.1765
3.4069 7.1580
9.0321 -2.9621
-14.2868 -7.2228
2.0282 -7.3355
7.0504 8.5012
7.4481 8.7016
8.1911 -8.8183
7.2500 -8.1335
-9.1334 -8.5212
-8.8840 7.1815
7.4654 -9.0811
7.3758 7.4047
-11.5724 7.5795
8.7952 -1.8493
7.3560 -9.2613
-5.7427 7.4848
6.5776 -7.2416
-9.5606 -6.5385
7.3926 -9.3445
-8.0231 8.3692
2.3769 -7.5094
7.5194 7.6243
-6.4221 -9.4233
-8.5838 6.6692
-8.2669 8.3923
8.2736 -7.2760
-6.1746 -11.4412
-7.2109 -8.3730
3.9312 -8.6667
7.6881 -6.4443
6.8879 -8.1073
8.2423 7.6095
8.3548 -11.3928
8.1849 4.8138
7.1094 1.7494
1.8221 8.2915
-7.9041 -1.2077
4.9972 8.2237
-8.6964 8.6484
-8.3657 8.2024
0.5669 -7.7482
9.3631 7.4543
8.6163 8.5893
8.8351 8.9447
7.5829 -0.4225
0.7957 -7.6470
7.2749 12.3731
8.5543 -3.6881
-9.6116 -9.6968
-11.5556 2.1935
-10.4846 0.7121
1.6259 7.9930
7.8420 6.7994
7.3149 7.6010
6.4961 8.6593
6.8980 7.8104
7.1357 -13.1786
7.0721 8.0675
-9.1750 -8.1724
8.0938 -8.4153
7.7888 7.4308
-10.0218 -8.5851
8.2575 7.8306
5.4508 6.4841
-10.1295 -7.9584
8.3859 4.9146
6.6875 7.4124
1.5748 8.0468
7.3028 -6.9848
-6.1861 -8.0371
-10.5657 -11.2633
-7.5661 -7.8327
-9.5298 -8.7997
8.1553 6.0051
-6.0461 6.5658
-6.6878 7.5047
-9.2422 -12.3108
8.6217 -10.5803
3.3052 8.2381
7.4957 -8.9807
6.8869 9.2502
-8.0760 8.9493
6.8748 5.0245
8.9776 9.0670
2.3622 7.2149
7.3702 -2.0363
-9.1950 -9.3497
-7.7780 8.0007
8.3651 4.9357
3.1952 8.2502
7.6468 -8.6310
7.8664 -8.9488
-9.4155 7.5118
6.4709 7.6309
3.7145 7.7615
6.6795 7.7520
4.0328 -7.2411
6.0442 7.4682
7.6526 8.1226
6.9124 9.2290
2.4848 -8.0490
-8.9154 -7.7295
9.6390 5.0369
7.7198 -8.6282
-12.3759 -7.4995
4.7100 8.5168
-7.5762 8.3198
7.5068 7.0679
7.1735 7.4107
5.6447 -8.8142
-6.3234 -8.8838
3.1635 -7.6587
8.9264 8.4492
7.9188 -12.8030
-8.4167 -4.3123
-8.2394 7.5706
7.8798 3.5033
6.6459 -8.4066
4.1137 7.6333
-8.0830 2.9785
-11.6037 -4.7737
8.4923 3.7691
-10.0380 -8.2576
7.9957 7.0143
4.5017 -3.3832
-8.2137 7.3881
7.3727 -9.0665
-10.7221 0.3710
6.2807 8.1410
-9.1168 7.9788
7.5214 9.3433
0.9956 7.8516
-8.0519 -5.7869
-8.7420 7.3989
1.4596 -10.1978
-9.0188 8.0392
7.2817 8.7688
-12.1644 8.0808
4.8810 -7.4626
1.3285 8.4183
7.3336 8.0026
7.7343 -14.8124
7.8864 8.2520
7.6633 8.2292
6.9835 2.3313
-6.7015 5.6332
7.2384 7.2696
8.5235 3.8912
2.5985 8.4252
-0.3068 -9.5952
-6.6415 -6.3499
-1.9746 -9.6034
-1.1087 -9.9705
-9.7852 -8.3303
-7.4918 7.8802
-8.5094 -8.8758
7.9582 7.5809
7.6574 7.8659
8.5506 7.4169
7.3095 -9.6606
-7.3881 7.4853
-7.2737 -10.1513
8.3591 -8.1930
-7.5392 -7.8360
7.9879 -11.7737
-7.9561 5.2869
-7.8236 7.6026
8.0782 7.8882
-11.2431 5.9463
3.1010 7.8891
8.8706 -9.3287
-8.7043 -7.9157
-8.2623 -11.5972
2.3753 6.4916
-8.6016 -8.2051
3.7893 5.4730
8.5896 -8.0805
7.4511 6.1018
7.3163 7.7455
6.9320 5.4822
7.4380 8.6234
-6.5496 -10.7778
-8.6631 0.2407
7.5169 8.0972
-9.1528 3.2525
6.9321 -7.9794
8.2887 8.3694
7.4064 7.0447
-11.8931 -2.3964
10.8563 -8.7235
6.2084 -7.9502
-8.0323 8.9117
7.4658 7.3461
4.9429 -11.6174
3.6012 7.6372
-9.1704 -8.2338
3.2038 -11.5018
-7.4146 -14.2563
-11.2921 -0.3344
-2.6275 -7.4621
7.9804 7.5969
-10.1200 -10.0167
-9.5704 -6.6047
1.5014 6.3993
-5.9598 7.4602
6.2736 -2.3490
-8.7296 7.1461
8.6291 -9.3230
-6.1528 -11.3025
8.0553 8.8895
7.6490 6.1118
-8.8621 8.5504
-9.1855 7.2503
-8.1584 -7.7089
-2.4264 8.5148
8.3719 -8.0094
2.4321 6.7734
-8.3584 6.5328
7.3883 -8.4032
7.1275 7.0912
8.8353 8.2815
8.0470 -11.0454
-7.5969 -9.6489
5.2518 8.0547
-8.8089 8.1039
-9.9406 8.6773
-13.0661 -2.4019
-5.5999 7.6448
4.7134 7.1452
-4.2844 8.8155
1.8830 7.2126
6.9790 6.8510
-6.9827 7.0057
-8.3588 -0.9896
8.2877 5.3315
1.5836 -8.8754
7.8096 -7.0946
-3.3350 8.0701
7.1883 -10.2622
-7.3919 7.8022
-8.5143 8.6889
8.2743 7.8541
7.7828 8.4929
8.4906 7.0953
-6.9278 -6.6306
-12.7274 -6.9813
-3.1631 -9.0724
-10.5695 7.3745
9.0718 -12.7234
6.9268 7.6336
-4.9903 9.3165
9.6623 7.0419
7.9556 1.7687
-8.5425 -9.0849
4.9072 8.9369
9.4293 9.8224
-9.0582 -10.2838
2.4022 7.7875
-8.6402 -12.8125
-7.8102 -10.9481
7.3432 9.2831
8.4897 -12.4946
4.0264 2.5650
6.4911 6.9523
-9.7153 7.5097
13.5409 7.5746
7.6709 -11.5770
7.3645 7.7777
-8.8862 -10.7935
8.5387 6.0956
-7.4096 4.2287
8.6065 -7.5973
4.4471 7.4549
-6.4941 -6.5037
7.3887 -7.5872
8.0784 7.5532
11.8476 8.5008
7.2467 -11.2742
8.2090 6.7938
-9.0194 7.2636
8.1050 -10.3963
-11.2419 -7.8496
-8.5542 7.7396
7.1558 6.6521
-6.1413 9.2210
-11.4503 -7.7575
-10.6539 7.8984
-8.5813 -8.7012
7.8552 9.1720
8.3241 8.4576
6.4089 7.5677
7.5796 7.7141
9.6545 -7.8227
-5.9454 6.0999
8.0059 6.9533
7.5561 3.0332
7.1551 4.3973
-13.2316 0.2499
7.5343 -8.5299
3.5591 -8.6562
6.1339 8.4366
8.4645 2.6961
4.0297 6.7099
7.6234 -8.1895
-8.6972 8.7695
-3.0626 7.7916
7.8263 4.0811
8.0519 8.0696
8.2730 -9.5385
6.0723 -9.3167
-3.6577 8.1169
7.4032 -8.0122
7.6724 -8.6006
8.5342 7.2638
8.2876 8.3330
8.8496 -9.1181
-5.0065 -9.3789
-7.5613 8.3524
8.2982 -7.1516
4.5943 8.7957
11.5353 -9.1118
7.0806 -7.9690
6.9615 5.8566
-8.2383 -6.9390
7.8460 8.6562
8.9878 -7.9399
8.0860 8.1781
7.6585 7.4851
7.9419 -11.8531
9.2666 -8.4692
8.2713 -8.8512
-4.0504 5.6394
7.6878 8.3221
-8.3666 7.4571
7.7824 7.8097
7.0577 5.9888
-9.0627 -0.2792
-10.0443 -8.8442
-5.7157 -0.0177
5.1591 7.9143
8.8203 9.3122
-7.5561 7.7732
-6.3516 -8.0207
-8.4958 10.2363
8.3207 6.8428
9.3926 -9.6732
8.1673 8.1437
8.0693 3.3338
1.2119 3.6919
7.6649 -10.3794
8.9073 6.0323
6.8221 5.9657
7.8561 4.9804
-12.7564 -7.9265
7.1948 -9.6263
-10.8942 -7.8870
-8.3216 8.5684
4.8118 7.0474
8.0349 6.2068
6.9608 10.1057
4.5391 5.5061
7.7667 4.4788
5.1025 -7.5793
8.5221 -8.5130
6.5022 -8.7588
7.2768 -9.3655
-8.7944 2.7979
8.1715 7.6800
7.0147 8.1929
8.3020 7.6763
4.4778 -8.2269
-8.0734 7.9698
2.8303 8.1253
8.1341 4.6383
7.2376 8.0253
7.2949 9.0687
7.7918 -8.4195
5.9016 -9.1975
11.1518 13.3493
2.7989 8.8163
-8.1290 7.1881
8.2656 -8.2994
7.8537 6.8140
7.1314 8.3987
8.4426 -10.3861
-5.7138 5.6407
7.0673 7.6444
-3.1941 9.7477
-11.0546 7.9783
-7.7207 -13.8520
7.3057 4.3459
-7.1477 -8.5978
1.6418 -9.9857
-8.6986 -5.9218
3.0075 7.6977
-2.3126 -10.2387
2.0256 2.1369
0.2669 -11.2697
7.7858 2.5802
1.7186 -8.6924
-8.7238 -8.3344
-7.4491 -8.4788
-8.0331 -10.6432
2.4400 -8.5330
-10.0215 2.4161
-9.6394 -0.1628
-8.4552 3.1273
-3.8210 7.5665
0.5967 -6.9263
3.5402 -7.0156
4.7569 6.6609
-6.0206 -8.4039
-8.4299 3.5982
-8.6778 0.6668
0.1904 -11.0495
-0.8450 5.4047
-8.6250 -5.5455
-10.5909 3.0425
-8.4560 -0.6031
-10.9462 1.9969
-6.2866 3.7709
-0.3478 6.6586
-10.5082 -9.7289
-8.5782 -11.3885
7.6038 6.3417
-5.2404 6.5189
2.8635 -5.7435
-6.9420 5.4058
3.9670 -8.3664
-8.8684 -1.9744
4.2058 -8.7124
3.1480 -9.6616
6.2346 -8.5596
-0.1016 0.8235
4.8692 -11.1692
-0.3602 4.6384
-1.6687 3.4282
-8.2606 -8.8114
-8.4459 -8.4001
-7.1191 -6.9719
-8.6947 -6.7776
2.6897 -8.5656
4.8702 -9.9214
-5.7902 -7.7466
-8.3136 -8.5788
4.1762 4.9746
-5.8557 -8.6508
-8.3935 -6.2010
2.7433 -10.8334
-8.6877 -9.6051
-8.8876 1.8390
-8.5803 -7.1975
6.4870 -8.4397
2.9627 -8.8748
-6.6281 6.8534
-2.7812 -5.4112
3.9178 -8.5851
-5.9363 -12.1033
2.5288 -10.0820
6.9681 -10.7599
-9.1843 1.5333
2.0247 -11.4199
4.6126 -9.4460
-7.5080 2.2646
3.0008 -8.5232
6.4749 -8.6382
-8.5039 -8.4258
-1.5722 2.1941
-8.4172 -8.4663
5.8771 3.1939
-8.3778 -8.5306
-3.7459 -4.1052
-7.5734 -11.3262
4.3547 3.6652
-10.3024 9.5569
-9.9458 -7.2005
-8.5402 3.9084
-8.2822 0.4469
-8.5114 7.4493
-6.9814 -10.9053
3.9977 -9.6042
-6.7504 -9.7872
3.6325 -8.7288
4.0180 1.1475
4.7974 -3.8384
-10.6290 -5.4037
-12.0482 -10.3146
4.9709 -9.3409
2.5448 -9.4394
-9.4446 1.7634
-8.8225 -7.8014
-8.2756 -8.7432
5.4769 1.3150
5.2996 -8.1833
5.8464 3.0867
1.3370 -8.4059
-9.6079 -1.4332
-8.8311 -8.5207
8.1419 7.8231
-12.3434 -8.6785
-6.1681 -8.1028
-8.4317 2.1330
-2.3039 -10.2607
-0.3845 3.5018
-8.4922 -9.3575
4.3090 -8.4656
-11.5000 -3.5028
6.1237 -10.3344
-4.3797 -5.8207
3.7268 -11.0949
5.2414 -4.5514
-10.5285 1.6882
-4.7850 -8.7732
-9.7137 -11.8457
3.2643 2.8511
-7.8034 6.9912
-8.2030 -10.7245
3.8969 0.9616
-8.5384 1.8475
-11.3822 1.3410
-10.6312 -3.4463
3.5125 -6.4361
-10.6405 2.8675
-10.3869 -6.9786
5.3464 -11.6715
-10.1878 7.3905
-8.4469 -8.5894
1.3747 7.4398
-8.1199 1.7660
5.5051 -6.4100
-0.5792 -10.9705
-8.4824 -9.2708
-9.8867 -0.9514
0.0299 4.0302
-2.0910 -8.1990
-7.8205 1.7423
3.6869 2.3526
-8.8960 -8.5227
-9.8441 5.0704
4.1408 -8.5142
-11.8881 4.2824
-8.3896 -10.0637
6.0559 2.2604
-8.5804 -9.9056
-8.8127 -9.5418
-7.7991 3.1431
-8.4213 -4.6467
-2.5456 -8.6751
-9.2008 -7.3967
3.0160 -2.4262
2.5526 -5.9608
-8.4266 -8.7919
-10.1832 -8.3474
-9.8064 -11.6627
-10.3741 -10.5219
1.4011 2.4454
4.5158 2.6155
-8.4186 -3.8730
3.2306 1.9120
-9.0993 -10.4924
-10.0354 6.1602
-8.4371 -7.2843
-0.8729 -8.3017
-9.4737 -9.2787
-7.5950 -8.6806
-8.8884 5.6609
3.0045 0.7749
3.6571 -8.6542
4.3859 -6.0254
-8.3994 -2.4709
-9.4774 -9.0572
4.5652 -2.1536
-10.7274 -7.2062
2.4734 0.6933
-11.0851 8.0970
3.2483 -7.8225
-7.0353 -5.3934
-11.1312 5.1157
4.8795 -8.4296
-11.2801 -7.7685
-11.0642 1.3700
6.1527 7.6947
-6.7727 -8.3667
-4.7326 3.3206
-8.4472 -8.6066
3.3408 6.1406
-6.7268 4.3844
-9.7388 -10.3956
3.6955 -5.8169
-8.5339 3.7877
3.2481 -8.8338
-8.9014 -9.7541
3.8827 -10.2406
-1.4691 -7.9985
0.6195 -8.5917
-9.8139 0.3222
-13.4869 4.3822
-0.3839 -9.9192
5.9106 5.7267
5.2605 -8.2408
3.7616 2.1720
-8.3349 0.9196
2.6609 1.2788
-7.8495 3.6791
-8.7331 7.1441
-8.4598 -8.7783
-12.1338 -8.9151
3.7148 3.6521
-1.1468 -10.0016
-11.4377 1.3493
5.0289 -8.5817
-5.6115 -6.5361
-8.5824 -6.3696
1.8197 -7.5736
5.2845 1.9047
-8.8834 1.8182
-7.6566 -12.4650
-8.5333 -10.3966
-11.7742 -8.5115
-8.2702 -8.6516
-8.1529 -1.7162
-8.3979 6.6107
-10.0459 -8.6661
1.9161 5.0676
-9.3154 -8.9557
-6.8999 -7.9893
-9.8038 6.2708
-11.0791 1.3172
1.2341 -12.0916
6.0014 4.5530
-11.5343 -9.7641
-8.3508 1.4457
-7.9439 2.7598
-2.2708 -9.6028
2.8826 -11.4264
0.9145 1.3617
6.2241 -6.4378
-10.7007 1.9714
0.6114 3.8369
-9.5939 -9.4508
-10.7166 -8.7098
-8.7583 -5.8182
-8.5103 -5.4661
-8.5943 -8.7322
-10.7459 -9.3172
10.0815 -8.5125
-8.4455 3.8534
-9.7487 -6.8943
-4.9883 -8.5690
-8.5172 -9.0844
4.7843 6.3589
5.6366 6.5491
2.6916 -5.5709
-10.3349 -4.9791
-9.0292 -9.2045
-8.7607 -5.1752
-7.5750 -7.8044
-8.6640 -11.0105
-5.0438 -7.2479
-9.2125 4.4300
-7.9397 -8.4035
2.9534 -8.5278
-8.2729 3.5882
2.5251 -1.6064
-12.0271 -8.0695
-8.5181 0.0420
-8.5101 -1.2349
-10.7322 -8.6980
4.7291 -10.6401
-8.8175 -9.9500
-11.4832 4.2594
2.2670 -10.3111
4.8501 -8.5604
3.1957 -13.2093
-10.4187 -7.9691
-8.7799 9.8866
-10.0776 2.7408
-11.1591 6.5662
4.5037 -9.3286
-7.6210 5.1058
-9.4353 2.9988
2.5687 -10.6661
3.4729 -12.2434
2.6950 -8.3559
-2.0755 -3.7276
-8.2895 -8.4770
5.2332 -8.5116
1.3637 2.6755
-7.9895 -6.8615
5.1105 2.7880
-8.3915 5.0629
-9.1546 -8.4307
-8.6927 0.7339
7.0974 -9.7538
6.8655 3.2442
-6.6631 -5.9706
-9.5021 -8.5781
-4.3429 1.6537
4.9317 -11.9182
5.2840 -5.8669
-10.3477 2.9889
3.7973 1.3581
-8.3349 -12.4844
-7.6686 4.9238
-9.3288 -7.4750
-11.5996 -5.2663
-0.2085 -0.7171
-8.8761 4.7453
2.1176 -10.7348
1.6799 -9.5486
-5.7433 -8.7764
3.6572 -10.5568
-8.3230 -8.9618
-1.8820 3.7224
1.6697 4.7037
2.8646 -7.7603
-6.5656 5.8717
-8.3960 -8.2892
-11.8604 -9.6700
-8.1866 -7.0845
-0.7680 3.0383
-11.2217 -8.4843
-9.8664 4.1163
-10.3967 4.1786
3.0127 -8.3580
-7.4139 -8.4022
-8.5778 -10.8329
1.2780 0.4137
-7.8721 4.7366
-10.9621 -8.4588
-7.8668 -8.1559
-8.6967 5.6424
4.0306 5.5659
-10.2669 3.4263
-10.2979 4.7913
-10.0605 0.2120
0.4265 4.1030
1.8893 -8.5461
-8.7736 5.3293
-4.1963 4.0027
-8.8905 -9.2852
-5.2410 -7.8450
0.4748 2.6561
6.8513 -8.4407
-8.8375 1.7141
1.6545 8.8019
-7.3225 2.9734
-8.7598 7.1171
-8.5038 -8.5819
-8.3581 -8.8592
0.8836 5.6773
1.2225 4.0330
-6.3287 -11.0117
5.7886 -8.0722
-8.7310 -5.0622
-6.8707 7.1053
5.4807 5.1975
-3.9377 3.0883
-8.6211 -6.7848
-6.6577 0.9197
-8.7071 -9.8901
1.3084 -8.4653
5.5589 -8.6828
-10.7541 -8.9142
2.1201 -8.3136
-4.4056 4.2963
-8.6409 -0.0667
-8.4348 3.2343
-7.7009 -8.5146
-5.9491 4.8622
-2.2852 -7.2039
-0.0747 4.8589
-4.8983 1.6102
7.0115 -3.9571
-8.6478 -7.7544
6.5578 -6.5780
1.2364 1.1720
-7.0987 9.3647
-12.1196 8.5240
5.1413 -5.5684
2.9572 -4.6658
-8.3203 -5.6263
-7.7156 7.7000
-8.1693 4.7284
-8.5408 -8.4224
-8.1317 -7.0824
-6.3040 -9.3546
-2.4262 7.9315
-0.5086 6.3481
-9.4666 4.3982
-7.1814 -10.0088
-8.9239 1.2540
-12.7643 1.9875
-6.9861 8.1958
-0.2735 3.2995
-11.3060 -9.3613
-8.5874 -11.7846
-8.0521 1.0443
-8.5624 2.9311
-11.2422 4.5761
4.7262 -8.4033
2.3275 -9.8635
-4.9673 6.2775
4.7629 -5.6366
-11.2933 -10.4049
-8.6172 -8.4801
-0.5639 -1.1625
3.2325 5.8907
-8.3728 1.3636
-8.8335 -2.8340
-8.7171 -9.9854
-7.9184 -6.6138
-8.3476 -4.9438
8.8798 -12.1977
-9.8675 -8.4002
8.1511 4.1842
2.9029 6.8483
-5.9687 -8.6424
-10.1738 -8.8858
-8.8796 -8.4488
-8.4193 -11.1416
-11.1733 -11.3193
-8.4074 2.9849
6.3853 -7.4548
-10.7237 1.6236
6.8298 -6.8958
-9.9816 -6.9206
-6.4752 -9.9254
2.3961 -8.2706
-8.1602 -10.0462
-8.7350 7.4797
-6.6317 -9.3750
-12.2630 3.4122
-6.8647 -4.6269
2.0659 4.0101
-8.6438 3.3923
4.0589 -10.0409
-5.8779 3.4321
-8.3355 -6.6121
-8.2727 -10.5635
3.4364 2.5545
-10.4481 -8.5947
-8.3738 2.6613
6.6274 -6.0657
-12.1554 -8.6813
-10.8234 -7.6881
-9.9201 -8.3063
-7.8709 -10.7676
-8.4292 -8.4455
4.5565 2.9323
-8.3177 -8.6177
4.3557 4.0064
-6.3362 2.9131
-11.7465 -9.4549
3.7248 -2.1286
-0.8097 4.6350
-10.0610 4.2234
2.1283 5.6237
-8.5645 -8.0009
6.8511 1.4615
8.5501 -10.5669
-4.2614 4.2970
-7.6020 -8.2048
2.5821 5.4690
2.3666 -8.6288
-7.6726 5.5237
-8.6286 3.9297
6.0290 -7.8439
3.3464 -8.4861
2.7317 5.1994
6.8004 -10.1437
1.2056 -9.5404
-8.3174 -10.0968
4.3764 1.9265
-8.1862 -11.8413
-8.8727 -9.7653
-5.6421 -8.2366
-7.9523 0.9944
-8.6372 -11.8624
4.3236 -7.9722
0.5657 -6.7302
2.3869 -9.5624
2.3523 2.1799
-3.3583 -11.1305
-9.8909 -8.4286
-8.6129 -9.2649
4.1029 -6.6576
4.2468 -4.3768
-10.7048 -8.5547
-6.8496 -8.5508
-8.5681 -1.1200
-0.4792 0.0709
0.8602 -9.9385
-1.0293 -6.7000
-11.1109 4.4314
-8.4154 -9.2408
-13.2383 -8.8279
7.3928 5.0591
-8.5269 1.4033
6.1175 -6.5404
2.3993 -7.3927
6.3363 3.7532
1.4395 -8.2308
-8.8114 -8.6177
6.6870 -6.0798
-11.6530 5.9794
1.4818 -3.2697
-6.3860 5.9474
-8.8736 -8.6150
6.2302 -7.9888
-8.8114 -8.3607
-11.4775 -8.2328
3.4903 -8.4554
-11.6026 3.7457
3.8506 -10.3682
2.6565 6.8494
7.0402 -8.4701
-8.4264 -7.6219
3.9737 -12.4693
-8.3144 9.9993
-10.1868 5.3325
2.2273 -8.7310
-10.4753 -9.0714
8.0886 2.6733
-8.3617 -7.2067
6.1946 -11.2060
2.0666 -9.8044
-12.1615 2.3380
-0.5786 1.7303
5.6043 5.6297
9.2715 -11.9255
2.6854 -6.8041
-11.3770 -0.5571
-2.3075 6.2870
-10.3726 -0.5773
3.2748 -8.2231
-9.9091 2.4285
-8.4313 1.3183
-8.4362 -8.7675
-12.6516 -7.3430
-8.5211 5.3703
5.1197 2.0453
-9.9096 1.8266
3.7796 -8.3447
-10.3188 -1.9832
-9.0315 4.1044
5.3820 -6.9894
2.9099 -11.0475
5.7794 -7.6789
-8.4208 -8.5360
3.0482 -11.7046
-8.6153 -8.5749
7.2668 3.9902
6.1115 -12.6213
8.1809 1.9204
-6.1197 1.2079
4.1033 -7.7810
-11.1023 -8.1911
-4.2253 -5.8027
-1.6716 -8.7546
-1.6887 -11.3174
-8.2258 2.2208
-2.0747 -12.4672
-4.7896 -8.1535
-6.6849 7.2033
3.1094 -3.6971
-10.4207 -8.5616
5.4474 -8.9387
-13.5251 2.0660
2.9421 -6.2516
-10.1394 -8.4338
4.9438 -8.6070
-8.5807 -11.7965
-9.2991 2.0314
0.1847 4.2425
-12.1518 4.7598
-9.5169 4.7756
5.2807 -9.4043
3.2791 2.8949
-8.4291 -7.9130
1.0673 -7.5923
-9.0272 3.7729
-6.9445 -7.3784
-8.5023 -9.6734
2.9057 2.9085
4.0087 8.3042
-9.5499 -7.8071
-6.7280 -8.5861
-4.3538 4.4242
-8.3578 1.4789
2.1411 -9.8738
3.2773 2.4159
2.6766 -7.6963
-7.7542 -8.9533
-10.4751 4.8928
-8.8425 -1.5979
-8.7832 -8.2974
-6.3453 3.7654
-5.6284 4.1525
-8.2977 -5.7143
-8.6410 6.5161
-9.5774 -10.3189
-8.4193 -6.5391
2.7587 -8.2754
0.8796 -6.0601
-10.8218 -8.7834
2.4691 -0.4397
-8.5808 7.6878
-8.8511 -8.1712
2.2648 -10.0098
-6.6169 -8.4455
4.9129 -9.4553
-8.7328 2.7176
-3.9412 4.7739
4.6284 -9.1986
-12.3549 -8.7709
0.0234 2.3936
-8.3005 4.8357
-10.7365 -11.6011
2.0682 1.6323
-8.9984 -7.6041
-8.9173 -8.7133
-8.5624 5.5274
4.6374 -8.6085
-8.4315 4.8364
-8.4375 0.1807
-7.9698 7.3614
1.3761 -3.5133
-5.4507 -8.4000
-8.3113 2.6801
-8.5241 0.8317
5.0515 4.8698
-8.0594 0.4909
-9.9685 -5.1724
-4.6284 8.9204
4.3605 -12.3987
0.6339 -12.4610
-10.9094 -8.4875
5.8750 5.7742
-9.2910 -8.3383
-8.7217 4.4652
-8.5321 4.1500
-6.4373 4.9856
-5.5654 -9.8883
-8.2385 4.0348
7.1213 0.9312
-0.6448 3.1251
-8.2416 -6.5374
-8.4140 -8.5540
8.9791 -11.1700
2.0489 -8.4068
2.2395 -12.8164
-5.8818 -6.1325
-8.6272 -10.2658
-10.4272 5.9320
-10.0547 -5.7432
-4.6518 6.5321
3.2782 3.5633
-11.5414 -8.4720
4.0812 3.0252
-7.9258 -8.8651
-8.4485 -8.5103
3.8017 6.0438
6.4711 -8.3521
-8.2914 2.6578
-8.5715 -8.4699
3.9502 0.3677
-8.3894 -11.1547
-14.6258 5.6254
-5.9482 -10.2125
-9.6038 -8.5150
-8.6232 -0.8967
-0.0981 -4.8209
-9.8054 4.5703
-8.3064 -0.0906
3.5591 -6.1186
-8.4011 -6.3410
-9.6934 3.1418
-7.1063 -8.9043
-8.4796 -9.2438
-13.0186 5.9217
-7.9821 8.0410
-8.4084 -8.4044
-0.5766 -8.5384
-8.5588 -8.6683
3.2868 -5.1933
-8.3538 -8.1835
-8.4317 -8.7629
-10.3495 4.9667
-7.3738 -11.2005
-8.4048 -7.5897
3.2509 4.1426
-9.1289 3.7813
4.3724 -8.7812
-6.6892 -10.0142
2.8280 -12.6109
-8.8383 -8.3735
-7.4573 -6.9959
-4.4310 5.3194
-7.3069 3.7293
-10.1078 1.9362
0.3888 -8.3742
-5.7058 2.7663
5.9489 -0.7315
-2.0493 -9.0453
5.6922 -7.4787
2.9150 -13.8004
4.6129 -8.4934
-6.8365 -8.2794
5.4390 -7.0195
5.8026 4.4968
2.4301 -8.3618
-9.1864 -8.7959
-8.8387 -11.0765
-8.8217 2.5498
-7.9555 -8.9603
-8.8317 3.6239
-8.8059 -8.5479
-9.3734 2.5699
0.7111 3.8663
8.4488 -8.3264
-5.5425 -8.2901
2.9395 2.7716
-10.7517 -8.4923
-0.6956 -9.1017
-2.9380 -4.3397
-8.1422 -8.6551
5.7840 3.5878
-8.5776 -8.6828
0.9418 2.1554
-11.2483 3.1545
2.2286 4.6264
-9.8954 3.9873
-0.1173 -8.3759
-12.3508 -6.1217
-11.4073 1.6807
-8.4589 -8.1091
7.9225 1.1186
1.9727 5.0917
-8.2444 2.0952
-9.6661 -7.4131
4.5334 -5.5084
2.3415 -7.4241
2.8591 -10.2059
4.5379 -2.2000
-7.8559 2.1674
1.6615 3.4342
1.9124 6.4895
5.3099 0.3618
10.6792 -4.5096
2.0757 -6.8162
1.8110 -13.7294
-10.6051 -8.5194
3.2642 -8.8278
-7.2607 -8.3999
-9.7288 2.1945
-8.3014 -9.2430
7.7397 -8.6326
-8.5314 -11.2579
-8.3456 -11.0649
5.5966 -10.4422
-11.1377 1.9785
-8.5409 -9.2216
3.1445 -8.2920
-8.6167 2.4278
-1.0612 4.1797
-8.7527 -10.0474
-9.2358 -10.8290
-4.9019 0.4985
-10.9693 -9.8779
2.9852 -8.3684
-5.0226 4.8492
-8.5670 -8.8142
0.8849 -8.4597
1.1521 -3.3128
-10.2736 -8.4412
9.8796 3.9482
3.6975 -7.6785
-4.3641 -0.2805
-5.2438 -6.1285
-8.7755 5.3283
0.9147 -12.0301
-9.1273 -8.2442
-8.2370 1.2065
-8.3698 -6.6051
-8.7782 -11.1176
-1.1524 9.6533
-1.8694 -8.6086
7.7120 -8.5853
-9.4026 4.0015
5.8377 2.3287
-5.0567 -8.6961
-1.6374 2.0403
-11.5267 -10.7248
-8.6210 2.7433
-8.4046 3.8167
-10.7257 5.9044
1.3388 5.2331
4.5529 -4.3502
2.8016 -8.6126
-9.2443 -9.7613
4.6102 -10.5499
1.0159 7.2363
-6.8103 -8.9455
-8.4147 -7.5185
4.2278 -10.7811
-8.3313 -6.1768
6.1226 -11.3448
-6.9193 -5.3890
-5.9154 6.8948
0.7891 -10.2662
2.2639 -5.4462
2.1624 -8.4938
-8.2712 -0.7543
-7.3458 1.4818
-8.6913 0.6442
-9.4591 1.2008
5.6086 5.6408
-9.5553 -8.2995
-10.7269 -8.6765
-8.9653 2.5392
-11.4653 -8.3729
-4.7087 4.8707
4.2027 2.5215
-10.5646 -3.2589
-8.0060 -4.5705
1.1869 -6.9684
-0.1168 3.0476
6.5379 0.7647
0.1812 -3.7674
2.3778 -9.1483
-8.5685 -8.6016
-8.4152 -2.2856
2.8109 1.2501
-8.8621 -9.8674
-10.9004 -8.6269
-8.3400 -10.7090
1.7352 5.1483
6.5500 -10.5302
7.0372 1.4935
-0.1766 -7.2903
-10.9402 2.2693
-8.6639 4.8033
5.0746 -13.3451
4.7747 -11.1458
4.4118 -5.0256
-8.8108 -12.3824
1.9903 -8.4041
1.9690 -8.8706
2.4558 3.6320
1.4299 -10.7781
-6.1621 -9.8661
-8.3621 1.2596
2.6575 0.3544
4.2697 -9.4102
-0.3289 5.1780
3.8144 -8.4171
3.0735 -8.7002
5.6541 -12.0725
-0.4732 -8.6149
-9.3095 5.6619
5.1359 4.5528
4.2690 -8.5245
3.2245 -7.4772
-10.2130 5.0160
-9.6211 1.2988
4.7102 -8.6225
-4.4796 -8.5598
-8.5050 -5.9196
5.1721 -10.5659
-9.9122 5.8075
-8.3847 -0.3536
1.2165 -10.5996
5.4609 -8.4753
0.6560 -8.5797
-8.4061 -10.4450
-10.3331 -11.0950
2.9719 7.9866
-10.6676 4.3510
7.7777 -9.2325
-7.0981 -3.8949
-7.1532 -9.8861
7.0068 -10.7298
0.7482 -10.0667
-8.0421 -7.6194
5.6274 -10.1658
-8.7093 -8.2753
-7.5514 -9.2451
-8.5461 -9.5387
-11.1712 0.1094
-8.6096 -7.6104
-6.1783 -1.7183
3.1461 1.1807
2.3407 4.5676
-7.6514 -8.6698
-9.8779 3.5177
-11.0156 -9.6633
-7.5315 0.5617
5.2446 -8.9335
-8.4271 -9.0717
-9.0293 -7.4968
-10.3075 2.2138
-8.2304 -8.3284
7.8439 -9.6219
1.3518 -6.5837
-5.0012 -12.6825
-4.7801 2.7632
-11.3039 6.7916
3.5997 -7.9133
-11.2435 -10.0683
2.5542 -6.7239
11.1889 -8.0416
-7.2478 -9.6035
-8.5755 4.1994
3.8210 4.3519
-8.4803 2.3533
-0.1580 2.3727
3.4859 -8.9235
7.7180 -8.6766
-8.3550 -4.9771
3.9980 -8.4216
2.9246 -9.2631
-7.8789 1.5261
6.7808 -8.4397
-7.9995 6.2364
-11.7035 3.0859
-11.9615 4.4423
-5.4165 3.7122
7.4014 -8.2847
1.9741 -11.4676
2.0103 4.6827
-8.4302 -8.2030
8.2649 -8.7724
-9.0460 7.4541
5.2208 -9.8368
-11.6645 -11.3057
-8.4989 2.4707
6.5031 -8.8978
-8.4000 -5.6714
7.3654 0.2361
6.1970 -11.6794
-8.5668 5.5079
-10.3360 2.6553
-1.6609 -8.3898
-5.0731 5.1537
3.3768 -7.2049
1.3342 -11.4226
-11.5629 5.9589
-9.1203 -8.4714
-7.9605 -7.8646
3.4440 -4.6530
-8.3422 7.7060
4.4184 -8.6393
-8.5231 -8.1515
-8.5640 2.0923
-5.8472 4.7760
3.7916 -11.4747
-9.5883 5.7586
-8.4028 -7.2600
-7.1686 -1.4483
-8.4985 -11.0640
-7.5827 -9.7120
3.6721 -4.6765
4.7341 -8.4159
-7.8773 -6.4776
-8.5296 -8.1075
3.3052 -6.1469
-6.3682 5.1738
4.0842 3.4075
-11.1279 5.6787
2.2466 -5.0935
-1.1139 -7.9308
-8.5133 -4.8308
-11.7223 -4.1226
-10.0878 -7.2465
-10.5885 -8.4123
4.9789 5.3002
6.5116 2.5713
-9.9692 -8.4880
1.9073 -5.9482
11.4912 -7.3112
0.9127 -10.8976
-9.8440 6.3831
-8.9014 -6.2737
2.7853 2.9422
-8.3983 5.5292
-8.3288 -8.6136
-5.6851 -11.4417
1.7632 2.7298
-8.6224 -5.1241
-12.0845 -8.7800
-7.7080 -9.3338
2.0545 0.5042
-8.7098 4.6825
-5.4484 -3.5433
0.1891 5.5896
-7.5231 -9.1470
-8.2029 -8.5867
2.7842 -6.2043
2.0376 -8.4047
-6.2817 -5.1995
-10.6449 -12.8780
-8.2115 -6.1666
-5.3160 5.7007
-10.3388 -10.4025
-8.2309 -13.7288
-9.3120 -8.5850
-7.2893 -8.1767
-8.4590 -6.7602
0.3081 4.4649
4.8220 -8.6691
5.0129 3.2075
-0.9461 -5.7789
3.9225 -8.2910
-10.0443 -9.5342
2.4431 -9.3122
5.0450 -8.6067
3.2720 -8.5478
-9.5826 -8.5186
0.8123 -9.2714
-8.4037 -8.5422
1.9765 -5.5953
-8.5347 1.9859
2.3044 -4.8887
6.0717 0.6779
-10.1022 2.1151
-8.7323 0.4356
-9.1831 8.1573
8.9232 2.4438
1.3481 2.5795
-11.9444 -3.5132
5.7601 -8.5890
-6.2606 -6.2130
-12.1082 -10.9247
-11.0242 4.8001
-12.6494 -1.0483
-6.2242 -7.8454
5.0013 7.0365
2.8364 5.7122
6.7309 3.0130
-11.0242 -11.5677
1.9110 1.8990
-6.6542 6.7562
-8.4675 3.6401
-8.5083 4.2821
-8.3269 0.6601
-8.0563 -11.0090
-0.5033 2.7353
-6.3657 4.0505
-8.6687 -9.7296
-10.6807 -8.6975
1.8846 -8.3494
-8.4118 -9.9114
-7.1625 2.6449
-3.6659 -8.2144
5.2818 6.3746
-7.1469 -6.2103
6.3232 3.8177
-10.2665 5.0971
-8.6508 -1.2037
-0.3435 -10.4344
-8.5106 2.5509
-9.6453 -8.4900
-5.2041 -8.5989
6.0525 -1.2888
-7.5903 7.0223
-9.8696 4.3455
1.2037 2.6824
-10.4933 4.8044
6.6196 -8.7091
0.7371 -5.5370
4.6834 -11.4147
-8.5343 5.2237
5.8319 5.0841
3.0511 6.5668
-8.2777 2.1761
-8.6414 -9.2094
-9.8853 -4.3960
4.3028 -10.7617
2.6643 -7.3077
-8.4315 2.8023
-8.5352 -8.3716
-11.4467 -4.9973
-2.7464 -8.5045
2.5255 1.6468
1.3208 -11.0267
4.3666 5.1648
-11.3634 4.3736
-8.6806 3.8640
-7.3981 -5.6401
-8.4166 -12.4512
-8.5260 1.1019
-3.8295 -8.9802
-12.7007 -8.4863
1.3361 0.7036
-9.6725 -0.1472
1.2332 3.3884
-8.7256 3.0912
5.0223 -8.7163
-3.9594 6.4959
1.6772 -7.9779
-8.4829 4.5809
4.4195 4.2089
5.6896 -7.7532
-8.7747 -8.5955
-11.4512 -8.8403
-8.0733 -0.8820
-8.6187 -9.7838
4.2733 -5.3908
-10.4791 -11.5989
3.8570 -8.2464
1.3906 -8.6468
-9.5405 4.9694
-10.1932 -3.8806
-9.8029 3.8165
-9.1117 3.9203
-7.5759 -4.7390
-8.5330 -5.7860
-3.0613 -8.5333
-6.2014 -10.0237
-8.3641 3.0662
-8.3737 -8.3452
-8.6816 -9.2576
-8.6099 0.4777
-8.4749 -11.0703
-9.8661 -7.8157
2.1745 -10.1432
-7.2429 3.7072
6.2703 -4.3223
6.4878 0.3612
-8.3420 1.8585
-8.2593 4.7304
-6.2772 -5.9979
4.6678 -0.8441
-8.5440 1.3076
-3.5030 -9.5447
5.7998 -9.6046
0.8617 -8.8837
-9.8528 -8.7102
-10.3486 -8.7069
3.2437 4.8345
6.8697 -5.8834
-7.8528 8.5460
-8.6509 -9.7287
-3.1395 6.5658
-10.5778 -7.7987
-8.3758 4.1924
-9.2362 4.1554
-3.7467 -2.3308
-11.4334 3.2949
3.4993 -0.5506
-0.7704 -7.8737
-8.7038 2.6448
-10.0283 -9.7362
-8.3707 1.2680
2.9929 -8.6260
-5.6898 2.6475
2.7075 -5.0779
5.9019 0.3871
5.7114 -9.9249
-8.2511 -7.2436
4.2852 -8.5603
-11.1700 3.3561
-10.4962 -8.7108
-8.6292 -8.5007
3.8331 -11.9461
3.9814 -4.6107
6.3446 3.8809
-6.7177 -5.0083
-8.5308 -5.8610
3.1416 -9.9873
4.2939 0.3478
-8.3222 2.6970
5.1425 5.7280
5.3317 -8.3527
1.1541 8.8043
-10.0143 3.7661
-6.8331 1.3007
-8.8118 5.8550
-8.4875 -8.8275
-8.5058 3.3193
-8.4348 -9.6083
2.0564 1.6056
-8.1137 -8.7706
-8.5501 -8.6060
4.7389 -7.5649
6.3836 -10.7689
0.7461 -7.6704
2.0648 -8.5140
3.1423 6.8992
3.1940 -11.3218
5.5915 4.5632
0.9197 2.3605
6.3483 -8.4174
4.7758 3.2134
-4.6124 3.1027
1.6615 -8.2201
2.5074 -8.6918
-9.9561 2.8530
-8.2286 -8.4115
-8.7163 5.6522
-11.4752 -9.8088
-10.3587 -0.5338
3.0758 -9.6469
-7.4484 1.4679
2.1520 2.2046
-10.6569 -9.5812
-8.4850 6.0364
-6.0318 4.2088
-9.0180 -9.8902
-8.7183 -7.9437
3.0051 2.7890
8.4049 4.5017
-10.5554 -8.3880
-7.5582 0.7158
-8.2246 3.5098
-8.4316 3.5747
-8.8671 -8.5701
-8.5388 -7.2026
-8.8254 -8.4239
4.3297 -10.6906
-8.5854 1.7066
3.3109 -9.0817
-8.1731 4.1446
-8.7769 -3.5195
-8.3135 -8.6468
6.9373 1.4871
3.9883 -7.7458
-6.2479 -9.1915
-3.9706 5.8878
2.8308 -3.4490
6.2896 2.1430
-8.8639 -8.6862
-8.5561 -8.3754
-8.8713 -7.3894
-8.6558 -2.8453
-8.6840 -1.1210
3.5864 -6.9242
-8.5956 3.8797
-0.3365 -8.3128
4.4261 -10.2092
4.5942 3.7506
6.1523 -4.0550
4.6402 2.5904
3.0384 -4.2299
3.7965 1.7815
4.0868 -7.5806
-11.1028 -9.4002
3.0827 4.4720
-6.9390 5.1567
-0.4369 4.0255
2.6722 5.4320
4.2821 -9.7397
-8.4555 5.2683
3.9359 -10.5852
-8.5972 4.2307
-5.7796 -8.5033
-1.0673 -8.6801
-8.9382 2.0757
10.2465 -8.2695
-11.6815 3.1370
-8.4205 6.2469
-8.3133 0.2544
-8.3312 3.0168
-8.3643 -10.6029
-12.5595 -6.3619
-8.6296 -3.4215
5.4985 -4.0480
4.3120 -8.3469
3.4887 2.6300
-8.1685 -8.9087
-8.1506 6.6243
-8.3699 -8.8525
-9.8518 2.3773
0.1667 -8.5869
-5.3000 5.3223
-1.1019 1.9265
5.3380 2.3138
-8.7511 2.6296
6.0182 -7.6494
2.3143 1.8453
5.6008 4.4250
3.8154 -8.5951
-2.1225 3.7049
-5.8969 -8.6523
-9.0420 2.5783
-12.2164 5.3091
4.6248 3.7952
6.5258 -8.8914
-12.5317 -6.3654
-8.4099 -8.6601
-5.4804 5.7070
-8.4784 -8.1974
-8.6614 -4.9620
1.8123 -10.4006
-11.3814 -0.6433
-5.6856 -1.4081
-9.0559 -7.1792
2.2704 -7.6249
-3.5354 -8.7635
-8.7179 6.7278
-10.3137 -8.0723
-8.4176 -0.2549
6.3887 2.6020
3.9274 -0.0554
6.8325 -1.2245
-8.3350 -8.4078
-8.3458 -8.3912
-8.4844 -8.5878
1.1748 0.8493
-8.6227 3.7482
-7.7780 8.3228
-10.3634 -3.1407
3.5100 -4.8603
5.1304 1.2224
4.2647 -11.1202
-9.0855 -1.4050
-8.2752 -8.3257
-8.0553 -3.4648
-8.1066 5.9815
-8.6739 -7.0577
5.6235 1.0324
0.9051 5.7989
-9.7415 -6.8800
3.3057 -0.6514
-8.6959 -6.3020
6.3332 -8.5947
-8.4523 -9.9050
-10.8680 2.9920
-9.6483 -2.1401
2.5786 -11.0725
-7.0888 6.5616
1.2884 4.3552
5.1319 -8.5271
-9.1800 2.7366
-10.7396 -8.5234
5.2888 -0.6428
4.0530 -8.3339
-8.4619 -6.4630
-2.8418 4.0860
-8.5110 -8.8740
-8.6509 -0.5560
5.5949 -8.6866
5.5290 -10.0216
-7.1096 -8.7594
6.0013 -8.5715
3.2683 -8.9223
-8.3071 -10.8558
4.6133 -7.9798
-7.6571 5.5982
2.3074 -6.9044
1.8558 -8.9878
-8.6757 -1.2814
2.9255 -11.6763
-11.8667 -8.8113
-12.5464 -7.4707
-8.5741 4.5699
3.5019 3.8595
-8.5862 -11.3021
5.2727 4.6818
0.9667 5.5322
4.0307 -8.6852
-8.7086 -10.4383
-8.4331 -8.5964
0.7956 -8.0648
-3.5628 1.0244
-9.2537 7.9067
-10.2292 -8.9829
-9.9492 -8.3964
-5.7067 -5.1301
3.4400 -10.8371
2.6783 -5.6874
6.0439 -7.2023
-0.7122 -6.7754
-9.2086 -9.4566
-9.7318 1.3221
-10.9347 -8.4916
-10.7939 -9.5793
-10.2041 2.1347
2.3754 3.9276
3.2049 1.2814
2.5699 -8.5800
3.3597 -8.3631
2.2246 1.5675
-8.4192 -6.2603
2.9504 -4.6877
-8.6331 1.2512
-6.7972 -8.8458
3.1140 -11.2264
-8.5650 -8.7232
-7.4122 -8.4372
-11.9877 6.0643
-11.1568 -9.1872
0.9544 7.8672
3.3763 -8.6347
-8.7452 -1.5730
-8.6252 -11.9932
-4.0988 -11.6529
-7.2310 -7.9880
-9.7408 -8.3279
-7.2688 -9.9997
4.7809 -4.2643
-12.3289 -8.4555
-8.5795 -7.5553
4.4950 -8.7377
-8.3350 -8.5890
-3.7609 -10.6177
-9.2557 1.6792
3.8770 -10.0765
-8.1847 2.0303
-8.6989 -8.1523
-11.5146 2.5832
-11.1454 -8.4230
-5.8691 2.0293
6.2731 -9.9174
6.4006 -6.6451
-8.2186 -8.8552
-8.5146 -10.6564
-8.2085 -1.6423
4.8655 2.6211
-8.5098 -8.6185
3.7292 -11.2896
6.9254 -8.2585
-9.2256 0.4993
-8.6431 -8.3195
4.7864 -8.2519
5.5200 -11.0005
-8.3144 4.3509
0.4697 5.4404
4.7318 2.8741
-2.1493 -1.7796
-6.2855 -7.6551
-1.1927 0.3026
-3.2971 -10.8374
-6.3894 3.5069
-9.2844 -8.4831
-8.2396 3.0904
-10.8433 -9.4865
2.5237 3.3948
-9.9754 3.9006
-11.0963 -4.7848
-5.8161 1.1361
-5.7757 8.9708
1.4840 0.2208
-8.4476 -10.2657
3.9951 -6.8570
-3.6999 -6.4543
1.1090 4.5340
-9.3221 -11.1750
4.9585 5.7859
-8.4255 -8.5832
6.8935 -1.3800
6.5437 -10.8534
-8.2999 2.3756
-8.9777 4.2324
7.3439 -8.2803
-11.1770 -5.9749
-4.0031 -11.2012
-8.5138 1.3957
4.2469 3.7671
0.5643 6.3369
-8.5287 5.2506
8.6563 -8.2177
3.6980 -5.9892
-11.1660 -8.6700
-8.9566 -8.5939
3.4473 -9.2531
-8.6955 -11.0279
-4.7266 0.1542
-1.4750 -9.1209
-8.5932 -13.8972
-4.4960 2.6807
5.3399 -10.4055
-8.5407 -8.4603
2.5641 2.8167
6.1806 -7.3718
-9.6641 -8.9049
-8.4159 -10.9497
-5.4888 -7.3862
-7.4786 2.4841
-1.3863 -7.3264
2.6486 -8.3225
-8.2256 -9.4580
5.7978 -8.2799
-0.1208 5.9588
-11.0078 3.0378
-4.0116 -11.3636
2.1538 3.9730
0.5039 -9.3318
3.7890 -9.6209
-10.5903 1.7327
5.1338 -11.1027
3.4071 1.6221
-9.5729 -8.2582
4.0095 -8.1360
5.9061 -8.3378
-8.4195 -8.4655
6.0191 0.2280
-10.2369 0.7722
1.7433 -7.7720
-11.5252 -8.5835
-9.9741 -10.8721
-8.8270 4.2817
-7.2599 -8.1986
-7.6501 -10.9520
-8.6168 -6.3397
-8.5081 -5.8961
0.4891 4.0605
-10.2202 4.1823
-8.4344 6.3432
-0.4240 -8.9561
-2.3577 -8.6686
-8.7110 -8.6096
-3.6729 4.5512
-8.2799 -4.8511
3.5832 -8.6173
-2.3093 -0.7830
1.5842 3.0765
-6.6984 1.3501
-10.8576 -8.6903
-10.5312 -7.3072
-4.1734 6.1166
4.0584 5.4121
0.6084 2.6310
-9.6408 5.4750
-8.1398 -1.1478
-8.2308 3.9107
-2.1362 -8.3468
3.0660 -10.6612
5.4851 3.2552
-5.4981 -8.3395
0.7762 5.6133
-6.8913 4.3278
-0.2705 -9.5106
-10.7751 -10.6203
1.5599 4.6778
-9.5434 5.6587
-11.9578 -8.0793
3.1430 -7.1818
-5.5208 -11.8868
3.0257 -7.3124
-9.1466 -6.5657
3.6013 -9.7660
-8.4937 4.2579
-10.1638 -9.5491
-6.2040 -8.0640
-8.4611 -6.8777
2.4679 4.8335
-9.3446 -9.2693
-8.0171 -8.3868
-8.5838 -8.9090
-9.2448 4.3430
2.3711 -7.9617
-7.7187 -7.5691
-11.4640 -9.7054
0.0368 -8.2359
-8.5111 -8.0717
2.9448 -9.1111
-9.7351 5.3394
-11.4373 -4.3436
-8.8346 3.9025
3.3619 4.8506
-4.5927 6.2502
3.0872 2.4297
-8.6428 -8.7630
-11.0450 -10.3030
5.5781 -8.7696
0.7497 2.4196
6.6299 7.6189
-5.9715 4.8052
1.1606 -6.7351
-9.8778 5.5729
-8.5724 2.8534
-11.7226 -8.2413
6.7495 -7.5279
-10.9006 1.2792
-7.3170 -10.3753
-8.1864 -8.3401
-9.4917 5.6528
2.9644 -9.9395
-9.3712 -8.5365
-8.5629 -10.5244
-10.8561 -3.7744
5.8008 -10.6713
-9.4114 -8.4829
3.9665 -9.2532
-7.7520 2.5014
-8.3235 -8.4618
-8.5249 6.1354
-9.8748 3.6753
-8.1466 -12.8699
0.4486 -4.8560
-8.4364 4.3121
5.2576 -9.7673
3.8845 -10.3625
-8.7865 -6.7300
5.0462 -7.0282
-8.4120 -8.6038
-10.5035 -8.6691
-8.4576 8.1645
-7.5528 -8.0658
-8.7464 -7.8696
-3.9523 -4.9122
4.6702 -9.0005
-8.3729 2.1747
-4.6967 -9.3758
-2.1010 2.9953
1.2106 -10.3955
4.1869 8.3093
4.3873 3.4332
3.1140 3.6791
-8.4004 3.6577
-8.9948 4.0169
-8.1266 -6.0023
3.6540 -8.6318
-3.0413 -9.1526
-8.5052 -7.2076
-8.7553 4.2572
-10.0075 2.2123
-8.8547 -8.1903
-6.9924 -5.6784
4.5340 -9.0640
-8.5428 2.3614
2.6437 3.5820
5.6577 5.7093
-7.8652 4.0373
5.5309 -8.6347
4.4955 -8.3196
-8.3778 -7.1002
2.1532 -8.3492
-9.7744 4.8503
-1.6522 -3.0964
-8.0067 -11.4694
3.6296 -3.1141
-8.3056 -9.2172
-8.4795 -4.3347
0.5590 2.7597
-2.8922 1.7428
-9.9145 5.8192
-9.3929 -8.7258
-8.4092 -8.5841
4.3086 4.3382
-10.7229 -6.7487
-8.7321 1.0584
1.2753 -8.4950
-8.2955 5.7328
2.5008 6.7223
7.5512 -8.5153
-10.8677 4.2594
8.2078 -8.2504
1.3616 1.1965
2.9495 -8.1312
8.0167 2.8395
-8.6795 5.4212
-10.8465 -8.3087
-8.1799 -8.4815
-8.5527 -3.3351
5.0667 -11.9217
-3.5010 -6.7597
-0.0638 -8.6570
-8.5786 -4.5348
-8.3768 -8.2784
-9.9313 -7.2205
3.1991 7.6327
-7.2274 4.8745
-8.8966 4.4421
4.0889 -4.6129
-8.2057 -7.3220
-12.0688 6.6911
-7.1192 -6.5278
-0.0974 -4.2737
0.5972 -8.3130
1.3974 -8.6027
4.4088 0.2275
-10.2709 4.1771
7.1107 0.8031
-2.6552 1.2803
2.4337 -3.7326
-3.6401 3.9616
-0.1868 0.4189
-8.5878 -9.9348
-8.4637 -8.6311
-8.2271 -7.9252
1.0395 5.4859
-10.4199 -5.3096
4.7133 6.8528
-8.7572 2.0655
4.7989 -8.5763
0.3400 -8.1749
-8.7386 -8.3693
-6.7605 -8.5469
1.4978 -6.2196
1.1871 0.4216
-8.2814 -4.6181
-8.2107 -11.3870
-6.6721 -8.7770
-11.2669 3.8786
6.1894 -8.4183
-10.4947 -8.1040
-6.1246 -9.9371
6.8472 -8.3822
-7.6662 -8.5480
1.3483 3.8004
0.6075 -5.5539
-9.2691 -8.5644
-9.8201 3.9849
0.5977 -8.3825
0.1430 4.6977
-9.6768 6.6276
-6.3341 -8.8732
-12.1043 -7.5829
-8.8123 3.1130
-8.9783 1.4016
4.1659 -7.8289
-8.1823 5.1726
-1.4022 7.6939
-6.8096 -8.1823
6.2115 2.7619
-7.0275 -12.6534
-8.9980 5.2657
-6.4371 -11.8528
-2.6049 -8.3444
-8.1627 2.7689
2.3695 -11.2096
-12.2996 -7.3069
2.4060 -8.4459
5.1862 -0.1636
-2.3357 -0.2480
-7.0317 -8.9302
-8.4474 -8.5549
-11.1446 2.1067
-10.4555 4.5481
-9.7331 -0.8748
5.3650 1.8524
-11.5445 -8.4172
-8.3365 4.2772
-8.5110 -8.7520
7.1291 -9.8203
-8.4842 -8.6541
-0.7879 -8.6051
4.7188 -7.5311
6.3618 -2.3954
-10.0927 4.5875
1.6915 4.5165
-8.3901 5.5049
4.2789 7.0710
-0.8789 -8.4666
-7.5565 4.1638
-8.4543 3.9106
-1.4916 -11.2929
-9.3956 -8.1077
-8.5846 -9.5317
-8.3727 -8.4640
4.7781 5.7995
-8.7409 5.1589
2.7671 -8.3602
-8.6362 2.6619
3.3625 1.2443
-7.3682 6.6768
1.5925 -10.2369
-9.0751 3.1769
-8.6699 1.3457
1.8109 -10.0332
-5.1042 0.1584
-8.2910 -8.4871
-8.6952 -5.6464
-9.9644 1.5087
-8.4329 3.3528
-8.4681 -8.6271
2.0258 3.6422
-7.4931 -8.1247
-10.1680 -10.5497
-6.5362 -9.8866
-7.1907 -11.7509
-8.3974 -8.4547
-8.6418 -9.3146
5.7794 -8.9778
3.6926 -7.2228
-9.9316 5.1355
-9.2721 -8.6472
0.7340 4.9425
-5.6040 -8.5954
3.3592 -8.8355
0.5329 7.0467
-8.8293 2.1611
7.4567 -8.8401
1.3719 4.6263
-8.6900 -7.6004
-12.4962 -8.2160
2.2481 0.9936
-8.2825 -8.4406
0.1684 6.2872
-9.0708 3.8154
-10.0818 -11.1316
1.3218 -8.3209
5.0262 -8.2952
7.6112 2.9313
-8.7460 -8.2357
-9.6642 -8.1887
5.3879 5.2501
2.6587 1.8688
3.9869 -9.0556
-8.7936 -6.1374
-7.3850 6.1427
-8.3611 -8.7909
-7.9927 -6.0607
-7.2256 -8.2866
-8.6395 -10.3803
2.8717 -8.4341
1.2187 6.0516
3.0415 -8.8189
-6.0970 -8.6005
-10.7697 -8.6357
4.8663 -0.0918
3.8945 -0.2812
-5.8727 -8.1315
-4.2171 -10.1952
2.6171 1.2650
-8.5400 6.3172
-6.3802 -8.2738
6.0244 -8.5676
-8.5386 -5.5274
-6.3352 -8.8722
-8.3581 -6.3012
-11.1478 4.6801
6.0052 -8.4277
-0.0127 -11.6787
-8.3985 0.9009
-7.2149 -5.4589
-8.6516 -8.5325
0.5316 -10.9309
1.8706 -0.2670
5.3434 -8.1692
4.3011 -5.9587
-4.4280 -11.5014
-0.0667 -8.4738
-1.9967 -6.1061
4.0928 1.1674
1.8755 -8.8246
3.8939 -8.1040
-8.7437 -8.4039
6.8824 4.8371
1.9132 4.5023
-7.0578 1.6798
3.3735 2.8138
1.3956 3.5720
-8.7773 -10.7082
-8.2952 2.7603
-8.2568 1.5048
-8.5199 -8.6317
1.0185 -8.2739
-9.1261 -10.7155
-13.4490 -2.3818
-9.9743 -8.5056
-9.2986 -10.3672
-8.6360 -7.4255
2.4559 -6.7682
-5.0712 3.6815
4.2912 4.8839
4.0550 1.9623
1.2629 -8.6038
-8.3578 -8.1347
-8.4473 -10.1651
-6.1342 -8.6382
-13.6707 -12.2411
-10.7138 4.4227
-8.5963 -8.8063
-8.5593 -10.5880
3.5842 6.0568
4.2908 -8.2199
-8.3489 -8.4729
1.5395 1.7116
-8.4061 -5.7387
-5.7087 -8.8241
-6.7502 -8.6319
6.5792 -9.2196
-8.5078 -8.6584
-8.4083 3.3911
-8.9554 2.9125
-8.5287 4.6492
3.5017 3.0484
-8.3626 5.2017
6.6830 -11.0791
-4.6404 -8.9147
-8.5652 1.8901
0.8759 -4.9485
-8.4950 -0.5646
-12.6030 4.2852
0.2062 1.6383
-8.4745 -7.1263
1.9271 -8.8188
-8.3803 -8.7218
-13.5543 -9.3230
1.7665 2.0347
2.8439 -8.9640
-8.9733 -8.1674
2.7894 -8.7330
-9.1005 -8.2659
-9.4004 -8.4139
-5.9829 -11.0812
-3.4056 -8.6448
-6.4020 6.4455
6.4615 -11.7481
-9.8579 -9.6089
-12.1511 -8.5450
-8.5415 -6.9737
4.2171 -8.3987
-8.6427 -10.9861
6.3645 1.9933
-10.0550 -10.6824
-5.6763 1.7019
2.5401 -8.4386
-8.5271 -8.7186
6.8419 -10.9924
6.2544 -7.3973
-9.9842 -8.4360
-8.4547 1.2908
-6.5108 -8.2825
-8.4768 -8.5640
1.0238 7.1524
-5.3385 -8.3405
5.7526 -8.3722
6.3856 1.5327
-7.9884 -12.0093
-9.9797 -8.3720
7.5900 -9.9102
0.2562 -5.3196
1.1652 -5.5700
0.0242 -12.1456
4.2554 -8.7353
-8.4767 -1.1460
2.0933 -8.5193
4.7687 5.0325
4.5843 -10.0976
3.9551 -3.1378
-3.2270 4.3527
-8.6471 -8.5048
-8.7620 5.2889
-10.9188 -2.7753
2.5249 6.1052
-8.7810 -10.4823
1.8186 -9.7051
-8.2959 5.9252
3.1014 2.5783
5.2039 2.6851
3.9749 -8.7415
-6.8198 -8.1469
-10.0554 -1.5542
-7.8781 -8.6228
4.0359 1.6118
-6.9748 2.1088
4.7654 -8.7914
3.2577 0.7473
3.2466 -8.2226
-8.3776 -5.2878
-10.7579 -8.3095
6.6147 2.0666
4.7407 -8.1176
-6.2600 -8.4272
4.3098 -11.2258
-9.0127 -6.2489
-4.3939 3.9165
1.2652 -8.8162
-7.6800 -8.6557
-8.3209 -8.5725
-8.4406 -11.8276
5.8613 -8.5339
6.1514 5.7755
-11.1150 3.1136
8.3129 -11.1491
-11.5876 4.8797
-8.1849 -7.0525
-8.2449 1.8117
-6.4942 -8.4161
4.9547 -9.6106
-10.4920 4.8686
-10.4603 5.8647
3.3440 -8.4576
-8.7149 2.2233
-9.9123 5.5374
-8.7016 -2.2763
1.3956 6.0311
-7.6052 -5.1274
-10.7479 -9.0510
2.6619 -8.6116
6.3622 -6.3824
5.2057 -10.1292
-8.4704 -11.5967
6.0040 -6.1955
-8.1154 5.3610
6.7615 3.1178
3.1302 -8.5684
5.3274 7.5886
3.0016 4.1229
-9.5746 4.2736
-8.1618 0.1657
0.7778 4.4426
-8.5552 4.0303
-8.4190 -9.5069
-8.5561 3.2880
-7.2942 -8.6252
-9.3303 1.8360
1.3523 1.4208
-8.5972 -8.5472
-8.5233 -0.8383
-7.0594 -7.3787
3.6201 -1.7231
-0.3354 2.2727
-8.6394 2.1876
3.9341 -8.1200
-12.0136 -8.6741
-10.3625 2.2508
8.9444 -8.2343
-9.9073 0.9225
-10.2270 4.0745
4.7757 3.1772
7.4294 5.7299
-7.1980 -9.6225
-9.3573 -7.6385
2.8107 6.7339
1.4726 -8.4054
7.2805 -8.5474
-4.8464 -8.3891
-10.5499 0.8085
-8.7516 -10.4652
-10.4558 6.5768
2.8970 5.1181
-9.3766 2.7120
4.0939 6.2251
4.4062 4.8642
-9.3112 0.7140
-5.4145 6.1180
-9.3068 -1.4442
-8.6732 2.6362
4.3024 -7.4014
-8.3078 5.1991
5.2735 2.7186
-9.0405 -11.1624
-8.2528 -9.4097
-11.4976 -1.0827
-8.3491 -8.3970
0.7168 -8.6833
2.6504 -8.8836
2.6578 -9.9684
-13.1901 -8.2994
3.2736 -8.5434
2.5302 2.1253
-9.5281 -0.2843
3.4835 0.8090
-7.9803 -8.4891
-8.1699 3.1640
-9.6156 5.5082
5.0717 5.7991
-8.5108 3.3226
-8.5211 -8.1599
-9.2940 0.7105
-7.8940 -8.7748
-6.9872 -11.5568
2.5492 -8.4363
-0.2110 4.5364
-8.3161 0.6173
-8.4339 -8.4540
-8.7340 -8.3160
-8.3928 -8.6747
-10.3303 4.4711
-8.6696 3.4863
-11.2728 6.5687
-9.0175 -6.4634
-8.2006 4.9989
8.6078 -1.0682
5.8529 5.7975
-8.6258 -8.1512
-10.9045 -10.6993
3.3975 -8.4170
6.1321 1.0891
-8.5100 6.5706
4.8990 4.0694
3.7896 4.9593
-7.0272 -8.5266
-5.5345 -8.6983
-8.7794 -8.5503
2.1082 -7.9241
7.8553 3.6868
-11.6444 6.5360
3.5734 2.7461
4.1297 0.7626
-7.6414 -4.3456
-8.6276 -8.0993
2.6271 -1.3230
-0.4700 -10.9189
1.5559 -10.7019
-4.2001 3.5633
