5
6.1301 2.4019
7.6304 7.0343
6.0699 5.1181
7.9229 3.1776
9.5417 0.0357
8.5156 7.9103
6.5546 9.9718
3.3661 6.4137
0.3179 11.8086
4.1452 2.1182
3.6710 6.6046
8.1252 5.4365
9.5581 4.6762
8.2776 8.6401
3.8404 4.2536
5.2965 1.7870
3.8933 0.2021
7.3259 12.4265
9.9673 6.6006
7.9947 6.1990
6.5121 9.5695
5.1547 8.1824
3.1660 13.7268
8.7164 6.2440
4.6627 5.3184
7.1474 4.3854
0.9275 6.4587
2.8498 4.6623
11.5023 7.6883
4.0710 3.5327
3.7702 -1.2223
7.9082 11.0704
5.2643 3.5834
5.6998 2.5118
6.2108 6.4643
5.7135 2.2539
11.8415 14.7534
4.9639 6.4826
6.4508 3.8101
6.7885 3.7672
3.7519 -1.0352
8.6179 5.1352
6.9522 2.0654
2.2655 3.0181
5.8383 13.7149
5.3350 4.9594
10.2613 6.5825
3.8724 6.2241
-1.1925 5.6812
4.6834 9.2091
4.8857 7.1996
5.0944 6.3806
7.1564 10.6109
8.9317 6.2501
7.4795 6.3757
9.0413 2.7269
3.9525 -6.9696
5.0930 9.2057
6.8302 8.2665
6.7041 9.1107
5.8628 10.4772
3.9628 5.5399
4.7495 12.4354
6.4262 5.8491
6.7769 6.3126
4.4440 2.8476
11.8506 0.7652
6.7478 5.9446
2.2271 1.8089
5.6356 2.9925
6.1711 8.1344
7.3128 4.4161
5.4369 7.1318
2.3878 6.2282
-5.2743 7.7213
1.6733 6.5460
7.8631 6.7385
11.8832 5.8586
4.4044 6.5633
7.5185 5.6840
6.3427 1.9337
12.4473 5.7803
0.0641 5.5264
6.0258 5.6155
5.4327 4.3142
8.7358 7.7879
5.8864 5.5799
7.4489 5.1333
2.4362 6.0477
9.7035 5.4738
3.8211 6.0522
4.0743 6.1027
7.1332 -4.8258
5.4198 3.3936
11.5385 6.0466
8.7816 9.4432
6.5279 5.9561
6.2256 11.7112
5.6032 11.1774
6.8315 5.7739
9.2395 2.9521
6.4857 4.6011
9.3379 5.7412
5.8322 -4.8304
3.8105 4.8373
9.5955 9.3633
8.2271 9.2979
4.6386 1.3724
0.5601 7.2228
10.5359 7.2110
12.0922 10.5545
6.9552 6.0145
4.7656 0.4451
2.8620 -7.2028
7.2543 1.1131
5.5727 3.4998
11.1868 7.1154
11.4738 8.1909
3.0126 10.8188
6.4779 3.2775
6.4541 5.4461
3.9156 7.0708
3.9312 6.6164
1.8756 6.1347
5.3146 11.0335
6.0544 5.5548
2.4162 11.8414
3.5431 5.4120
6.9786 10.9585
4.9282 5.6269
7.4802 5.4197
1.4199 6.0212
4.0439 1.7450
10.2338 3.9054
8.4265 5.1238
3.3662 4.0229
-1.7486 8.1545
10.0718 6.8321
4.8324 4.9916
4.4395 4.9178
6.6367 3.9447
6.0520 3.9416
4.2605 6.9042
5.4592 15.2044
10.8283 9.2595
7.0500 2.0513
6.6998 6.6312
2.9524 5.2717
3.5666 7.8849
6.7392 10.8807
6.1524 1.7820
3.9448 2.0196
4.0808 8.1979
6.2855 7.5678
6.1357 8.7268
14.1564 4.6924
2.0030 14.3632
13.1348 6.8113
4.0187 5.8804
15.2092 6.0158
2.9231 8.8899
-1.9506 6.0707
9.6209 9.4776
1.8393 5.9604
3.1276 11.9779
5.1189 4.2257
6.7276 5.7332
-4.7426 10.6969
12.3767 4.1403
5.9016 3.6733
4.1731 2.0621
5.8287 7.8393
6.2767 5.4507
6.0071 8.7236
6.6539 4.2106
11.1368 9.0390
5.9380 5.9347
6.4221 6.5606
9.3079 5.6448
7.4199 6.2852
6.6764 2.1835
5.7927 8.5243
2.3074 3.1225
6.6343 6.6181
14.5372 3.7138
6.5616 8.5657
11.6568 5.1565
7.8912 6.9323
4.4097 5.1187
4.2227 10.1447
7.4209 4.6505
3.9448 6.1206
6.8842 5.2959
5.4457 0.4218
9.8767 3.2196
1.7931 3.9793
6.3297 9.3308
6.3714 9.6702
4.7998 6.1117
11.8896 2.2920
8.2119 5.9421
5.0897 6.6536
6.3900 9.2166
5.0324 3.8401
4.8025 2.7570
6.9026 5.3829
8.3672 4.3679
5.2672 12.1744
3.4518 5.8636
10.9892 6.1396
3.5865 3.7289
4.9540 9.9292
1.8536 5.1686
15.0041 6.1611
9.1801 -1.8185
11.6796 7.2743
5.5122 -3.9241
8.9839 8.9559
4.8400 5.5594
5.1406 6.7396
6.2283 5.0307
10.2570 2.3707
9.7177 6.5662
9.0416 6.1034
4.0640 5.8998
6.5691 5.9176
1.5485 5.6115
8.3594 5.7705
6.0416 6.9706
4.6389 2.9230
6.8319 4.0106
6.8841 8.6743
4.0320 11.2054
5.5993 -8.1285
6.8503 -2.2158
10.2684 5.8098
9.0727 9.1036
9.0813 8.0471
8.4690 9.0221
6.2840 11.0841
8.9243 6.8477
4.8472 6.2446
10.3184 9.2153
4.3780 5.8210
2.6746 6.9090
5.7879 7.2148
9.9150 11.1713
6.6961 4.2897
5.1162 5.1502
6.8421 9.4682
8.1857 10.9316
13.7391 6.4238
9.7664 6.5053
1.9985 11.0814
13.8676 3.6889
8.2282 7.6271
4.3187 4.5164
4.0194 9.2066
5.9883 5.6123
10.0424 2.4972
5.4780 2.9224
9.5237 10.4669
5.6935 6.4622
4.8325 10.0755
6.0061 8.4844
-2.7808 7.8165
11.4595 3.1591
13.4353 5.7384
3.7368 10.2446
9.3806 2.4564
7.7314 5.8863
8.0027 12.3475
6.1459 6.8477
-4.1093 3.4271
6.3048 2.7323
5.8032 8.6844
5.7659 9.3850
5.2342 10.5206
6.0618 5.7693
5.6147 6.0493
4.9067 8.1228
4.5826 5.1025
6.0429 8.9878
8.9662 3.7890
6.1274 7.8949
7.7536 6.2422
10.4890 2.5985
5.7781 9.7623
1.5877 7.4938
4.4410 3.6937
9.0467 3.4620
6.9532 3.9008
5.3118 -0.2970
8.1443 3.5864
4.0872 4.9174
7.4987 4.1706
7.8331 13.5619
-2.4032 7.9400
10.2726 6.6123
3.4704 5.5559
3.2452 3.3539
8.7041 11.0141
2.6833 3.7161
7.4509 7.5144
5.9302 11.5269
8.2044 5.7643
5.1531 0.8072
8.0902 6.5727
8.9216 4.0276
5.8087 10.3686
10.5075 5.5883
15.0226 5.5365
9.0879 6.6795
10.5334 3.0424
6.0293 8.5166
7.5342 5.9871
5.2396 10.5364
11.8640 4.9381
12.4484 9.9154
6.2573 11.0650
5.5424 5.9491
3.0777 6.2835
11.3845 6.0251
2.3770 5.6677
16.1235 6.4339
5.9407 5.3096
6.1672 2.2969
1.4766 13.0343
2.6512 -5.2499
1.8800 7.7312
6.1541 6.8988
13.0587 2.5919
8.9547 6.2039
9.9677 5.7661
8.7843 5.6492
13.4885 1.4747
7.1553 3.0686
8.9289 -2.1413
1.0117 -7.5134
5.7697 8.9172
14.3638 9.2231
2.6514 5.4599
-4.6374 8.2694
5.8821 8.3158
6.6334 9.3711
-1.3982 5.2618
9.8152 4.0051
9.8913 4.8745
1.8188 2.9501
13.2051 6.6269
5.4450 6.1122
6.4591 5.9546
4.7592 2.0631
8.1836 5.3549
7.3208 5.1536
13.0597 6.8179
11.1217 12.2030
5.3503 2.1345
11.0280 1.5001
-1.7186 10.3456
0.1276 14.1003
5.6213 6.6241
7.2580 6.4232
4.6103 4.6352
5.8438 11.3298
11.6311 5.8319
3.9827 6.6983
2.3708 11.7271
9.3473 8.7871
10.6788 7.2249
2.6442 6.0880
2.7219 5.4990
8.1569 11.4313
11.0351 11.8755
9.1863 6.5149
5.5649 2.4397
5.2804 11.7953
2.8244 9.0522
13.6846 6.6344
5.9269 -0.1179
3.2768 4.8275
6.2100 6.8743
12.2248 9.4324
7.1008 6.6236
14.7348 5.5637
1.7534 2.7970
6.3876 6.6135
6.0782 6.0913
6.3978 10.2450
6.7227 3.8861
11.9127 2.9068
6.9644 6.0576
11.4527 3.2899
6.3262 9.8566
7.6858 -5.7636
8.8860 4.8060
7.7476 10.5368
4.6574 8.7269
5.8547 10.1610
8.1413 4.6801
8.7985 5.5837
11.5128 6.3309
5.3337 1.5156
3.2172 8.5172
3.8512 5.6546
10.7859 6.6464
4.9710 8.0629
6.3813 5.9737
4.2427 6.0920
8.2704 6.2195
7.3344 8.4422
1.3108 2.2854
5.8904 -1.6570
2.4616 7.8266
5.9460 2.2289
2.5014 2.7483
2.9346 4.2833
6.4854 6.1717
1.3912 7.0229
12.4961 6.9615
3.5303 13.6476
5.4216 1.8680
5.3453 5.8709
10.5073 0.3865
9.0950 2.8885
2.1978 3.7365
8.6973 2.6210
3.1431 7.4938
3.6508 8.8385
6.4635 2.9654
6.4542 4.0380
11.0777 6.6176
5.7102 6.4712
5.1592 5.7999
12.9395 7.2929
3.3910 5.8113
5.6064 7.1962
6.1026 5.3869
12.1662 6.2925
10.3404 8.7855
-0.6139 11.5300
9.8188 15.0985
2.1805 6.2498
1.6019 4.0614
10.2006 7.4889
4.8288 3.2137
7.5153 4.5212
10.6899 5.7600
2.5591 7.4624
-3.5743 10.0430
6.0688 6.0445
6.4958 3.8749
7.4090 6.3789
9.9145 3.3428
4.2605 3.9565
7.7588 12.7702
9.8840 12.6782
11.2681 2.2578
4.8936 6.7747
6.3479 9.0416
5.0527 10.6418
8.1475 6.9264
4.6707 11.0561
2.3596 6.7217
5.1652 11.9317
6.1983 1.4932
9.3811 11.3642
6.1535 8.1651
4.2437 7.3586
8.2240 5.8995
6.0998 9.7577
-4.4730 4.7667
6.1609 6.5129
9.9564 11.0433
6.3691 6.1253
9.5498 12.7512
8.5017 10.1466
5.2546 5.5345
4.7005 10.5645
6.3760 -4.5234
8.3341 4.0111
5.9875 4.0574
5.6684 0.2382
5.7977 4.3081
10.7785 4.6649
6.1148 5.6475
3.5681 11.2594
-1.3668 6.6189
2.9515 6.1613
14.8894 6.7437
8.3506 8.1445
10.7442 10.4028
7.8350 6.3194
4.5003 6.3751
9.6993 12.4256
6.2900 7.2116
9.0387 6.8920
6.6636 8.6121
12.7123 6.9366
11.5844 6.6758
5.6710 0.9828
5.8847 10.6018
11.8717 6.7615
10.7625 5.2557
4.5137 4.3729
6.2316 6.1718
7.9037 13.3817
5.8258 6.2117
6.0954 7.0938
2.5312 8.6499
-2.9898 9.2074
1.4406 13.0441
9.4894 8.4622
6.1124 0.7360
3.0403 5.8421
9.3602 2.8949
4.0734 9.9877
1.5135 6.1987
6.2104 4.2829
8.5581 5.7715
1.2396 6.8647
11.2667 1.2639
5.8832 5.7954
3.8615 5.5083
3.3176 6.9683
6.0367 4.7155
6.6363 5.6649
3.3253 7.7931
5.0067 5.1562
6.9792 8.1722
4.9742 6.3319
4.2196 6.8356
5.2634 6.0681
6.1103 7.9932
5.8677 5.8097
6.4499 11.6849
6.0326 6.1923
4.0788 2.0574
6.3716 6.6136
8.6836 8.8719
4.6143 6.6394
15.5420 4.9465
5.5744 5.7380
8.8778 3.8706
8.4839 3.4869
7.0526 6.3428
8.6466 6.1855
6.9712 8.8019
1.0457 9.9582
5.6098 7.8955
10.0467 7.1010
5.6928 6.2203
5.7857 7.9666
4.3670 10.9502
2.8811 9.9351
5.6977 5.5804
1.4729 5.7591
8.4770 3.8590
7.3583 7.8293
7.0918 2.9290
12.4369 6.2502
5.3870 6.4196
6.6879 10.4307
8.3254 5.2871
5.0934 3.9369
6.7222 5.7865
-0.2604 5.9051
5.9740 5.1371
4.5105 12.5164
7.0840 11.1065
5.0389 1.2716
4.5659 1.6583
5.9689 0.5555
3.7736 8.5441
7.1128 6.8041
6.7721 5.7765
6.3299 9.3401
7.4120 7.4457
5.0821 6.0662
6.5776 7.4626
6.9037 11.7067
1.4793 5.1323
14.0515 6.3417
6.8447 1.4479
7.5346 5.6662
8.0994 6.4062
1.7351 2.4407
5.6288 3.8068
8.1961 6.4086
2.0667 6.7402
1.8583 4.0095
8.5148 4.6881
6.8093 4.7292
14.6909 8.8131
-4.0751 13.4118
9.4985 5.4746
8.8735 2.6867
4.7682 8.5478
3.3032 3.1696
7.9537 6.6234
10.6017 2.0135
12.7071 11.1893
12.0190 9.7392
6.2961 4.3005
6.1645 5.8489
5.7386 7.0391
7.7536 6.0669
4.4365 6.5820
10.3586 7.5780
8.3404 2.3443
7.0533 10.0621
6.6769 3.1970
10.7660 2.8148
6.1246 7.7838
6.4418 8.0263
5.5971 6.4764
14.6784 5.6836
4.9381 5.7794
10.0345 10.0205
5.9200 9.6086
4.2534 6.3550
1.4654 1.1259
12.7452 3.8013
-3.1403 6.6926
1.4718 1.9884
4.8041 9.7155
9.3975 10.9793
6.0674 2.5705
2.9224 1.7958
8.6434 3.6902
10.2650 6.0897
5.9030 5.6548
8.6846 7.2317
11.8704 5.1396
4.1777 7.3262
6.5983 7.1446
4.2454 6.9168
2.3137 5.9271
6.5025 6.4738
6.2428 5.7938
9.6432 6.7521
3.3584 6.9624
5.9476 4.3585
8.6546 5.7981
4.2170 9.8377
9.5016 11.3997
6.5370 4.8006
8.7184 6.3187
10.4600 14.1597
5.4873 7.7463
9.2460 3.2774
6.0326 7.6491
6.5263 -6.3831
8.5483 0.5612
6.8624 7.8663
-0.2731 5.4915
7.0281 7.6045
6.3511 4.0786
15.2573 6.3116
5.3425 5.2706
4.5346 4.8144
13.2650 3.3673
8.8516 8.1931
1.7230 6.5052
11.0707 8.7224
3.8389 -3.6947
2.8738 6.8856
2.5735 2.6019
2.0923 7.1368
5.7880 7.4859
6.4822 5.2593
8.1757 -0.5468
6.1807 5.5721
-1.6669 5.9328
2.1389 6.0657
8.8202 6.0196
6.0505 5.9908
6.7013 8.1702
9.2569 9.6885
5.4119 7.6456
5.2079 6.4644
6.3462 3.9232
8.9411 1.7292
4.8125 6.1263
6.6089 2.8404
10.8012 6.7709
9.7973 6.9167
7.5316 9.1216
6.7377 5.8950
9.1632 3.1360
8.9805 5.4688
8.6477 6.4957
6.4526 9.0826
3.7011 4.1292
12.4874 6.0964
9.3133 2.8973
3.7105 1.7177
5.5808 7.0738
3.5574 2.0360
7.8608 6.2579
-3.5447 8.0271
3.7223 7.8973
6.4543 5.9541
6.1573 6.5568
8.5567 8.5436
7.7371 12.8314
3.7835 10.2203
1.8483 7.4095
2.2014 5.9957
4.9192 7.6418
5.5168 5.9992
3.7242 5.0289
5.9704 5.9086
12.8711 6.9104
5.6289 6.0578
10.8310 9.5375
10.2561 5.5707
10.5611 9.4452
2.3354 5.7391
8.1850 6.7655
8.6491 4.7899
5.8709 4.9694
6.0219 6.1088
7.0819 6.3759
10.6502 8.9647
9.1776 5.9133
7.5299 5.4525
12.2931 5.6063
5.7777 6.2918
4.8455 9.9828
12.0187 6.6092
11.0039 4.4862
4.1680 3.1956
4.4060 9.7574
13.4401 8.8609
10.1842 5.6337
-4.0790 7.2344
10.8952 11.5467
9.9137 6.4395
2.3756 9.5197
12.8764 4.6210
4.1747 10.2723
5.9951 7.8232
10.3693 7.5416
4.7173 4.1782
8.2832 3.2312
6.3894 9.1495
4.1161 4.2281
5.9736 11.4132
0.0274 6.6695
7.2690 3.5002
7.8272 4.4478
7.8271 12.1798
12.8751 3.1698
5.3356 6.1507
0.8893 7.7964
4.0307 11.5897
5.4428 5.4547
6.9763 -6.2603
5.6701 8.1025
4.3767 5.9273
6.0014 9.8152
8.3251 7.7729
10.6869 6.0203
10.5393 11.5578
4.2110 6.2874
13.9865 9.1559
5.9339 5.4499
4.6184 5.7886
9.5477 5.8029
10.7136 10.2615
6.1691 6.5595
6.1099 15.7530
5.0351 7.8285
7.3499 7.9476
10.2251 -0.3591
10.4325 11.9755
9.2137 7.2072
4.8157 10.2369
12.2781 5.1290
5.8733 5.6411
3.0738 9.5425
-0.0255 6.1882
7.7021 6.6890
5.0878 3.3743
15.3477 3.3052
8.2877 6.6084
12.4935 6.2027
8.6304 6.0587
6.7925 4.8921
7.2524 6.2885
6.0114 7.3387
3.4609 3.8386
9.4869 5.9665
-0.9402 5.3922
10.1854 6.6812
4.7261 7.4584
5.8103 4.4821
6.0004 12.4365
2.8686 5.5368
1.2483 3.9461
11.2077 17.0656
4.3299 4.9888
2.3272 10.7245
12.2135 8.0627
6.8166 3.4568
10.2833 5.6872
4.9682 4.8172
6.1411 5.8316
8.0662 5.8874
8.1910 2.3291
3.7107 5.6395
6.1265 12.3013
8.9091 8.1229
6.7591 2.6699
14.9828 3.9888
11.5069 6.2168
6.3110 1.9127
8.8505 6.0937
5.3628 5.2868
9.5014 4.8338
11.2278 6.0932
6.7702 5.7744
0.0702 7.1655
4.5755 6.6083
6.6864 8.1402
-3.2092 1.9589
9.4897 7.7817
0.8840 14.7706
10.3197 8.8473
7.4853 1.8965
11.3958 3.6552
4.1597 8.7826
11.5014 8.2905
3.3203 11.6502
3.7334 3.6297
5.9595 1.9450
2.6356 6.0272
8.6121 6.7134
6.3036 5.5815
4.5513 5.2279
9.4067 5.9497
6.5159 0.1372
12.5268 10.9161
0.8125 9.8914
5.7954 9.5412
5.3126 6.9677
2.3849 6.1003
9.8387 12.3459
6.6904 -2.4979
5.9766 10.3530
8.0270 5.3363
10.3553 5.1925
10.4954 4.8384
3.5961 5.9526
7.5880 1.8781
10.7744 3.4533
3.4125 0.0806
5.1597 0.1365
6.1591 5.7009
-5.1483 5.9902
6.9999 5.9864
5.9481 7.9998
7.5627 6.3734
3.5000 5.7396
1.7753 5.6956
3.1285 2.0106
5.2459 5.5780
0.2531 0.5907
5.4037 2.8317
5.7492 7.6272
4.6453 5.0835
6.2242 5.9425
12.2925 -5.0176
5.3799 1.5210
8.0519 2.3848
6.3098 5.0521
4.7741 4.5090
3.7883 1.8932
7.6092 12.3760
5.7598 6.2182
2.6387 10.0903
10.5710 5.0114
13.0613 3.9157
5.7701 10.9572
12.0225 8.5761
6.3869 5.7114
8.2342 6.2783
6.0414 6.0651
8.8591 14.6106
3.4867 4.7945
5.6316 10.6658
10.0011 7.2745
6.4674 6.2369
9.3008 2.4258
6.1564 12.5397
5.7662 5.7531
1.0550 13.9458
5.5827 8.4532
6.3301 2.3451
4.7988 4.9985
5.3651 7.8529
5.2794 7.7308
2.8591 3.1548
5.4610 11.3874
5.1240 8.3314
8.5095 8.6997
10.6925 5.6856
5.3641 15.3285
8.3167 10.3920
6.1733 6.6339
14.1234 3.4976
-4.1786 11.9080
5.8548 1.8727
10.8880 5.6856
5.5965 10.9209
8.4234 11.2269
1.3770 5.0301
3.2231 7.1159
12.8093 5.7209
5.8896 4.1115
5.2454 5.1882
14.4974 8.1966
10.2389 13.2809
0.6019 4.1384
10.8444 -0.1949
7.9174 5.9468
2.0686 8.0950
6.9768 7.5551
14.8767 11.2263
8.4744 9.0307
7.9429 2.9817
5.1881 5.6600
8.1024 3.9670
5.7454 13.2767
8.3649 6.9093
6.4310 2.7825
5.3796 4.8106
3.0388 11.5933
11.6425 5.7538
1.6095 7.2089
5.5878 6.6714
7.9761 5.2243
4.6914 8.7379
10.0204 6.1868
3.9720 7.1239
2.8045 7.8378
8.0857 -1.3292
13.6248 10.8437
14.2181 -2.5425
0.7074 8.9011
7.0543 6.2253
2.2934 3.6945
0.5384 5.8189
11.2948 1.8214
11.3662 5.6313
6.6115 5.8897
11.8898 9.3285
13.7164 5.5676
11.3790 5.9109
5.1218 11.7065
5.6994 -6.2116
6.2820 5.8060
7.9278 6.3942
4.4015 14.4622
11.5073 4.0395
5.9645 10.6564
6.7529 3.5206
9.8359 5.3707
5.5085 8.1287
12.9432 2.3528
6.6399 8.2821
6.8456 5.7221
7.0704 5.2164
5.8519 5.2561
5.4395 7.2916
7.9750 14.9456
6.2376 5.3529
7.1261 3.4632
6.3189 5.4331
6.5254 6.2562
5.9572 -1.3679
4.2541 4.4460
8.0010 5.0705
5.9454 4.6663
7.5284 4.9143
4.4650 10.3415
13.3957 8.5400
3.8479 11.8240
6.6273 3.5318
6.6726 0.9245
-5.7584 6.8149
5.9503 2.5223
4.3512 3.5738
9.4090 4.3940
6.4956 2.9554
6.4835 9.7726
8.4812 4.3649
6.1327 4.5209
2.4091 6.2385
4.8575 6.3409
6.8366 12.7165
6.1635 -2.4448
5.3278 5.6603
4.2356 7.1891
6.5018 -3.4616
6.5680 7.3118
11.6230 6.3095
3.1891 2.6251
3.3707 5.6346
5.7580 7.2297
6.7160 5.6503
4.2498 2.5139
11.0667 12.9865
11.2830 6.6552
3.7833 3.0834
6.6646 9.5456
4.3107 7.7072
11.0375 6.2423
1.3343 6.3232
3.1641 8.9247
7.3325 2.3956
1.8271 9.4284
4.6332 9.0076
7.6030 -0.2671
6.0909 8.2781
4.3972 6.5807
1.6131 9.3445
7.1292 6.0866
6.8344 5.2839
9.6303 5.9253
6.9202 9.3658
9.6146 9.4531
6.3395 4.5130
0.8312 10.5905
8.6566 5.5599
8.1453 6.1736
9.5911 1.9838
5.5283 9.0165
0.7962 3.1275
5.7479 6.6089
6.2003 7.3303
4.3025 -2.2536
7.9660 5.9835
9.2063 10.2965
4.8793 6.7313
8.9692 0.2670
5.7026 3.3807
8.9289 0.7698
8.8548 5.6071
11.9671 6.6043
6.0219 5.4939
4.3368 3.2075
5.4863 5.1720
6.3271 6.1391
13.3488 10.1887
10.8847 6.9290
6.3728 -1.3875
8.4312 5.0769
5.7926 1.3475
8.5589 3.0446
5.9609 0.0930
7.6400 3.7098
9.3014 8.0487
6.5162 -0.5402
13.4446 8.6052
14.3355 8.0370
9.8488 6.6920
5.6548 5.3783
11.2488 5.4556
13.9611 6.1518
9.5539 4.2673
10.6507 8.9982
8.7050 9.4632
6.1395 6.9700
6.0631 12.5259
6.4732 -4.7320
5.9734 6.7290
5.7634 6.7330
6.3129 -2.9013
11.4783 6.0670
2.6703 8.3618
14.5759 8.0072
-5.4433 5.7289
4.3981 6.1676
6.0025 3.3249
3.8532 10.0738
5.1001 5.2164
10.3100 6.7143
15.1868 13.6598
6.0925 12.9887
8.6043 7.6482
5.5228 1.7895
11.3070 8.3189
5.8913 8.0477
3.4290 8.1369
6.5893 4.2672
8.7770 6.2280
2.8754 7.9670
10.6354 5.7525
9.0814 2.2219
5.4496 7.8842
6.9101 5.3451
14.1259 4.6874
6.9228 6.3518
2.0572 6.3301
8.7396 1.0768
5.2403 5.9840
4.9857 5.5978
7.7131 6.0281
9.2842 6.3820
9.6073 -3.9006
7.3511 7.4347
-1.0226 6.3211
5.4078 4.9627
5.9798 8.7306
3.7248 0.1019
1.2325 8.7544
3.8344 7.5447
3.8963 5.9360
6.2365 6.8572
5.8427 6.2685
6.6929 4.5938
1.7456 1.5111
9.2331 5.4384
4.2879 3.1539
8.6732 -3.7595
11.5510 7.6721
4.5350 4.3786
6.1685 6.2490
10.2404 9.6800
10.2411 5.1140
13.4814 5.7155
7.5848 3.4542
4.2206 7.4866
8.2732 13.0035
2.3645 4.1744
9.2635 4.6070
1.4324 4.3573
-0.5986 5.3175
0.3241 6.1309
2.8480 5.8191
8.6603 1.6248
7.1169 7.1586
6.9318 5.7578
15.0936 4.9539
4.4642 7.8966
9.5768 -3.3960
6.0847 10.4096
6.3763 8.6863
11.2482 5.9821
8.3806 11.0508
10.7306 6.0787
7.1339 5.7581
4.6131 8.1699
9.4685 10.9922
7.0037 0.2353
5.6483 14.3146
2.8327 7.7485
7.4553 5.7870
4.0143 11.1426
8.0041 15.2001
1.0891 6.6322
0.9716 11.3256
2.5119 9.7336
8.4854 9.7109
11.1617 5.4004
11.6865 4.1310
8.3877 14.1673
-1.4147 4.7847
3.5399 7.8293
6.8208 6.3621
5.2099 5.4848
9.4526 4.1481
5.7413 2.8090
-6.0459 5.8806
14.4184 16.7512
3.2728 5.7919
8.0846 5.5275
6.4140 6.7102
-5.7452 11.3005
5.0811 5.8688
5.3882 5.8762
8.1220 11.5383
-0.1945 5.9805
8.1462 8.0759
6.8387 8.6313
4.0157 -5.0569
5.8220 5.6431
7.5740 9.4663
2.7890 5.0187
6.0522 -1.1148
9.9610 6.9903
-6.2997 9.9271
2.8797 9.0594
8.6816 7.5754
13.6447 9.4661
8.7291 10.6045
5.5887 5.6323
6.0508 6.4148
3.5293 9.4879
8.9703 5.8262
9.2790 3.7643
7.1742 4.5238
-3.3146 1.9351
6.9329 2.7639
9.8711 1.8142
12.7056 7.5354
5.6429 6.1733
5.1217 8.6984
4.5547 3.6778
0.5597 6.6927
4.8572 4.7196
9.1144 4.3452
6.5142 6.8705
8.5815 9.0598
1.7723 5.4236
5.1001 7.5797
9.0141 8.8971
6.7119 7.7337
6.1700 9.0955
7.2895 5.5236
-3.6381 3.0790
8.9012 8.1496
5.3337 8.7415
8.2687 5.6761
10.1535 6.7541
1.9905 10.2482
8.2834 8.2975
7.4089 5.9432
10.7810 5.5150
6.5275 -0.0892
13.8582 2.9125
2.4430 1.4687
6.2250 0.2335
5.8007 4.9802
8.0805 10.0094
5.9102 5.5719
5.4902 13.2180
11.1279 4.9210
4.3852 6.3956
3.0704 5.1692
6.0903 6.0008
6.2128 9.1496
10.9976 6.2699
8.7872 6.0889
2.4571 7.4907
2.8077 4.2631
7.6401 10.4010
5.4196 6.3208
7.1248 5.7589
5.1537 5.6682
8.9018 11.2581
3.0548 4.4169
5.6652 11.4168
6.9185 4.2327
6.3673 6.1626
7.5999 5.9438
6.7301 6.5440
2.3792 8.1119
4.9511 5.7125
6.4006 6.6848
8.2101 6.8423
8.2909 8.5592
8.1343 5.6530
3.3989 4.3502
9.4210 8.7320
5.3031 7.9040
9.6224 7.8546
6.2475 7.2906
9.3202 6.4187
5.9980 12.9585
3.4551 8.2146
11.0805 3.3721
6.8655 12.7551
3.7076 8.9114
5.4224 -2.2911
10.2489 7.9496
6.4241 10.6236
-3.1006 7.3377
10.4774 6.7541
0.2903 6.5846
3.3434 6.1969
6.4061 4.7560
6.4273 4.7606
9.6756 10.5269
8.3185 4.1377
12.6993 4.7123
5.8795 10.6967
3.8876 1.3946
8.5149 10.3756
5.4213 8.0599
5.5767 10.2203
-0.3265 9.8750
6.2657 6.4512
3.3533 9.5679
6.4455 2.3084
5.7791 5.7587
7.4967 8.4090
9.9543 5.7766
5.1437 11.3759
6.5182 6.5340
7.8019 2.1023
7.8516 3.9855
-7.8989 8.4311
6.0996 4.9977
0.4265 4.6103
13.1900 8.7393
-4.6292 5.1316
7.2628 6.2339
-3.4976 5.8973
5.7143 5.8397
10.9885 6.9934
5.8588 5.7976
14.5669 0.9431
5.9774 13.0846
9.4116 0.9326
8.8424 6.4230
8.7234 5.7277
3.9999 2.1901
9.1151 12.7645
9.3085 5.3345
12.5246 3.9613
8.6858 7.1234
6.7878 11.6269
12.4016 4.7358
7.4003 5.3576
1.0134 11.8074
10.6657 6.1757
5.6284 4.9819
9.7648 4.8539
-1.1729 11.6656
3.2092 5.9377
8.3448 5.9645
5.8184 7.7747
6.2000 9.9592
7.4688 5.8112
6.4849 5.3428
5.0336 5.7373
3.7954 1.6041
9.1924 10.9086
6.2325 10.1627
0.9939 0.5678
11.7530 5.5085
11.6361 7.3457
11.3527 13.9630
11.5021 9.0618
5.6070 12.5199
5.1236 6.7276
6.2355 6.7193
6.3614 7.3295
3.1375 6.4602
-5.6859 15.4127
13.3303 0.0199
8.3685 12.4972
5.4140 8.6477
5.1480 6.4154
3.8698 6.9058
5.7790 2.5961
4.6851 9.7985
11.8238 6.4748
9.6619 5.7657
10.6053 -4.3123
11.5175 5.5149
6.8996 6.1323
4.4747 0.7590
2.6587 5.2048
6.7400 8.5779
3.6796 11.5814
4.7922 6.1831
8.7874 3.7327
6.5917 4.1130
11.1568 6.4644
2.6879 10.9647
12.0835 1.3707
7.0221 6.1602
10.4497 9.9504
9.2082 10.0111
4.3413 5.1414
9.8537 5.5815
11.1151 3.1275
9.2832 2.3818
5.4630 7.7848
5.3432 5.4714
5.2522 10.3802
-1.8506 7.9565
5.3147 1.0334
5.7223 3.9630
5.5722 6.0166
8.6358 6.4466
3.0092 1.1024
6.0383 15.5461
9.2805 6.5806
2.4660 4.7350
6.2662 5.7848
8.7102 11.3333
2.6917 7.3319
8.9896 6.5709
12.9957 5.3640
4.3881 8.4888
5.1025 6.6312
6.5790 8.4701
4.6948 5.4130
12.0712 0.6490
7.9263 1.5529
6.1985 6.1630
2.5472 12.5393
5.7632 3.2741
3.9188 9.2798
5.6500 5.9204
9.4907 5.0545
7.9678 9.7489
11.3270 6.9099
5.4142 8.3331
12.1941 3.1453
0.8857 -2.0154
16.2328 4.7862
4.9425 6.0761
7.2325 5.7906
10.9308 6.5981
8.6766 6.0821
10.2924 3.7388
0.7193 6.2580
10.3048 1.6095
1.4792 2.7048
4.2448 10.3116
11.2075 7.6021
5.4899 8.6333
2.0636 8.4683
8.9556 9.0238
9.4206 5.0507
9.2647 7.0168
5.5543 3.9242
9.1719 7.2179
8.5315 1.6738
7.5098 6.7630
5.8648 5.5427
8.3152 10.0512
5.8277 6.0549
6.6490 10.0142
10.1345 6.8253
4.8059 -9.2248
-10.9601 -13.6640
6.6234 -7.0658
7.9188 -15.6056
8.0949 -8.5867
-7.6819 -9.3079
8.0258 -6.3682
-7.9184 8.3177
-5.4202 8.3406
-8.0593 -10.6895
-5.8182 -8.5343
8.4913 -10.0990
7.6486 -6.3791
8.0816 -8.8995
-7.3536 -10.9124
8.3598 -11.5162
-8.3797 -5.9901
-12.4851 8.0106
8.0095 9.0719
-9.1171 6.5089
10.0377 -6.5934
-8.6792 8.0405
-11.8750 7.7630
-10.5714 9.7624
-6.2282 6.5349
-9.0523 -5.5466
-7.7242 7.4581
-9.3941 -8.3306
-11.6492 -9.5437
-8.6237 -7.7061
-7.1253 -8.4582
-8.2084 8.2987
-11.8535 -8.6440
5.9949 -8.6264
7.9541 4.0334
9.4907 -12.3541
7.8699 8.2702
-7.4778 6.7135
8.8380 -7.9365
-11.2794 -8.4601
-9.3337 2.1904
7.6424 4.2783
-11.4118 -5.3072
-10.1589 -5.5263
8.1073 7.8965
-12.5797 -10.0374
8.0753 5.1839
-7.6397 -10.0515
-11.2194 5.6397
-10.4485 7.5764
7.8291 7.2212
-7.3565 6.6550
-3.4244 7.9925
-10.8058 -12.0402
7.9087 7.5066
-11.0396 -12.4985
-11.6263 2.3610
-6.1338 8.1871
-9.8240 7.9038
-11.1600 8.2106
8.9199 8.0792
-9.4743 5.7921
-10.3386 7.9914
7.8444 4.4215
-8.9843 5.7739
-6.5308 -10.4703
8.0916 2.2417
7.7311 5.4300
-10.9713 -8.6185
-6.6154 -9.4634
-8.3014 7.9676
-12.7773 7.4454
5.4838 -5.4832
-9.6832 7.4272
2.2508 -14.0052
-9.9440 -7.7382
8.2981 -10.7925
-13.9293 -9.7972
-7.0281 8.0388
7.4256 -14.4836
8.0323 -11.5810
7.7803 -9.5146
-7.2663 7.9720
5.7562 4.1043
-9.0184 -8.0429
-6.9014 -10.3973
8.0063 -9.0458
-6.6736 -8.2328
-13.3486 4.1548
7.8365 9.2785
-7.4485 6.5350
-10.5226 6.9729
-10.6580 2.3395
-10.0378 -7.1173
7.6308 -13.7805
8.1757 -10.3971
6.0008 4.6406
9.8481 8.1946
-8.9597 7.9542
-8.3132 -12.6518
7.9283 -9.6702
-7.0023 -9.5084
-8.8222 6.0760
-11.8237 2.0402
-11.7157 -8.0653
8.5601 -10.7395
-10.2403 8.0513
-11.8866 -7.6464
-10.4998 -14.2868
8.4456 -7.9794
7.8979 8.0398
7.9534 8.0631
-9.7043 -6.5879
-12.5130 2.2651
-12.7228 -11.8404
-10.5185 -10.3073
7.9115 8.3773
8.1368 -12.6550
-8.2649 7.5238
9.0976 -9.6981
-9.2779 4.5103
7.1137 -8.2858
-11.0595 5.8750
-14.3517 4.8462
5.7015 8.1108
-7.4493 -10.0978
-9.4805 7.7403
-9.0125 -7.4600
-10.0482 -11.6329
-8.4061 7.8995
7.6439 -11.0746
-7.6805 6.4266
-11.3784 -8.7936
7.6756 -7.4602
-7.9249 -8.1618
-12.6689 -9.1070
2.1314 8.4260
7.6324 -5.6252
-11.8695 -10.5600
-8.6852 -10.6357
5.7822 -9.6752
7.9777 -10.4610
-8.3450 7.3080
-7.8708 7.8512
7.7894 7.7111
6.5609 -10.4780
6.6325 7.2204
-11.0525 -8.9517
-8.7239 -9.3810
-11.8720 -14.1666
-9.6213 -8.2949
7.4285 -10.9661
-8.0601 7.9502
6.4277 8.1845
-11.0579 7.3888
8.2756 -10.4010
-9.2564 7.8707
7.6309 -11.1772
8.0781 7.1364
7.7768 5.8176
-8.9024 7.6943
-10.8686 -9.2301
-6.2406 -5.4094
-11.4836 -8.7556
-12.7563 -11.5325
-6.3664 -8.2776
6.0248 7.0100
2.1866 7.8932
7.8148 -9.9484
-12.7728 -9.7672
-7.2497 -8.2036
5.8786 8.0236
-8.6525 7.9881
-10.4033 7.8170
6.7026 -8.6962
7.5971 -11.9545
-10.7321 4.8102
3.1270 5.3388
-11.3656 10.9928
-3.3886 -8.8027
-13.9087 -8.4469
-10.9515 -10.5746
-12.9869 -8.3233
-12.0245 -11.3806
7.9774 -10.5572
-9.7786 7.8907
8.0131 5.3529
-9.8168 5.5531
-8.8956 -10.2963
-9.8523 8.2400
-10.5066 -9.8022
-10.8579 7.2210
8.1148 -11.1979
-9.7620 -11.3647
-7.2863 -6.7175
-10.5966 -10.4265
-9.1612 7.8236
-9.3935 -9.5114
8.1120 5.3066
7.9380 -6.7688
7.8225 6.6097
-9.0141 4.6124
-7.4839 8.0447
-9.8575 -6.0566
-9.5765 -11.0769
-10.1299 4.7620
8.2901 -8.6984
-6.7696 7.9781
-7.0780 -9.1542
7.8078 4.9449
-11.3887 -14.8027
8.0022 8.1048
-9.7487 -4.8997
8.1120 4.0846
7.8983 2.3793
8.1930 7.8236
-12.9067 2.1116
-7.7688 8.0632
-10.5784 4.9850
-4.7088 9.7814
7.4305 4.9617
8.5627 -10.1993
7.8161 -10.2597
-4.4914 -10.4616
-10.6061 -12.7890
-6.2115 -14.3635
-14.1558 -12.6385
8.3612 -10.7946
4.3253 7.8606
-12.6851 -10.9222
-9.7104 -4.4794
1.9559 8.2274
-5.1761 7.7653
-8.9750 2.2516
7.5282 -12.2014
7.5707 4.2160
-8.0931 7.8327
8.1045 8.0260
-9.9555 8.0440
3.6359 7.4274
7.8842 5.6642
-10.5477 7.0561
7.9149 7.3413
-5.4043 5.6416
-7.8259 7.7189
-11.4373 8.5586
8.1878 8.0069
5.8418 -9.3660
6.6719 -6.2098
6.7416 7.8427
-8.8629 -9.7778
8.1358 -7.9878
-12.4606 -15.7385
-5.6813 8.2050
8.0598 -6.6301
-11.8021 7.9339
-12.5388 -8.3085
-10.9760 -6.6960
3.7400 8.0943
7.8213 -7.6398
6.9857 -12.9674
7.9536 -6.8014
8.1872 -9.6749
-8.5598 -9.2686
5.2368 -7.7211
-6.8403 -10.0558
7.9234 -7.1205
7.6545 -11.8229
-7.6570 8.0371
7.8937 -10.0505
-11.6062 6.8281
-11.0386 7.5685
-10.6607 -9.1981
2.1252 7.7292
7.7991 -7.9575
-10.4293 -9.5780
-10.7395 8.3755
-11.2624 7.6756
8.4570 8.3523
7.8162 -9.0007
-7.0478 -14.1310
-9.9466 -9.6622
8.1430 7.9152
7.5478 -8.8177
-12.1173 8.0873
7.9602 -12.9031
8.2292 -10.0997
5.8566 -8.5476
-8.4770 -10.9113
-7.7601 -10.0858
-9.5308 -10.5037
7.3905 -9.6394
-9.0450 -11.4924
7.9547 -10.2405
8.1877 -9.9317
-9.6156 -7.5583
7.9132 8.0547
2.2084 8.2616
7.6604 -7.0202
8.5960 8.2173
-11.4991 -6.8410
7.7549 -11.4961
-8.9691 -4.6886
7.5162 -9.4042
6.5928 8.0642
8.0541 6.8574
-7.4613 -7.5309
-8.9783 7.8545
8.2024 8.1203
8.4228 -5.9204
-6.9679 6.8709
7.7727 8.6546
7.6262 5.9755
7.9385 -6.3357
8.1967 7.9009
-9.2349 -11.6528
-9.7242 8.0158
7.4910 -7.8906
7.5627 7.6404
-11.6196 7.6283
7.1026 -6.7390
-9.9449 5.7479
8.1776 4.3116
-11.6867 8.3163
8.4924 -5.7164
-13.5582 8.0552
5.6801 -12.0714
-12.7902 7.7994
-11.3969 2.2096
-5.5809 8.1313
6.0585 -6.8264
8.3636 7.7795
8.5380 6.4635
7.9128 7.5553
7.9620 -8.9342
7.5548 -8.8381
-11.9161 -8.6040
8.0418 2.1267
-11.1152 2.2864
6.5591 -6.6653
8.2061 8.3008
-10.6703 -11.1404
2.2076 -11.2229
7.4812 7.9766
-12.2455 8.3580
2.2009 10.6150
8.0759 -9.3279
-5.2030 -12.0617
-11.3842 -6.3738
8.1083 -8.6330
-6.1724 -9.6674
6.5080 4.3616
-6.9636 8.3336
-9.9877 -10.9523
-9.0047 -10.0266
8.0641 8.9183
7.8246 7.7950
-10.1780 -11.5983
7.7674 -11.9465
2.3130 -3.1572
2.2359 7.8821
5.7526 6.2441
-6.8712 -9.0017
-7.5499 8.3596
-7.1643 7.4064
7.8852 -10.6370
-6.4975 -9.6954
-5.6259 7.7684
8.1870 -8.1193
8.1605 -10.2273
-10.2858 8.8023
-11.1156 -9.1859
7.9084 7.9796
8.1420 8.0124
8.1207 7.5314
5.6929 -8.1996
-9.6535 7.9191
-8.6553 7.3682
8.1556 -8.8471
10.0809 -9.1726
-7.1669 -8.3299
-11.2134 8.4588
8.1280 -9.3365
8.1296 6.5656
8.1728 -12.3858
-6.0372 -6.4211
7.2494 4.1642
5.6009 8.1662
8.0049 8.1884
5.5167 -12.1877
8.2417 -7.3317
-8.9234 7.9457
7.2573 -5.0323
6.9551 -7.3318
-10.8236 2.2186
-10.8079 -11.3684
-10.6743 8.1908
-9.1705 8.0409
6.1495 -13.4702
-8.6683 -5.4279
-9.4419 9.2344
7.9869 4.0040
-8.4057 -8.6703
-11.0046 7.6513
-12.2642 6.8907
-1.0077 4.9656
-6.8563 8.0102
4.2462 -9.4276
7.9976 6.9959
-11.2102 9.7687
8.0011 -6.9139
-10.8586 -13.2499
4.1935 -8.1958
-12.3825 -4.9536
8.2295 -10.8858
-10.2297 -7.2244
-9.6480 -13.5407
6.0510 -8.3302
-9.5846 7.7244
-8.5738 8.2487
-10.4824 7.7946
-11.1836 7.7757
8.1312 -11.7062
-12.0451 -13.3440
-9.4115 -9.6433
-8.0235 -8.5026
-9.2088 -6.2024
-10.6241 -4.9840
-14.5039 -7.9458
9.4181 -6.7948
-10.6763 -9.4918
7.9748 4.6489
6.8261 -7.4801
-7.4967 -9.3264
7.8422 7.9893
-15.0750 7.6320
-5.3986 8.2902
7.4020 -8.3132
-9.3255 7.8855
7.4037 8.0601
-9.9128 7.7191
7.9197 -8.8353
8.0540 8.7299
-9.8765 -8.4094
-16.0809 -9.0536
-10.7179 -12.4466
7.8278 -10.6422
7.9742 5.7351
-11.1299 -12.3673
2.2433 7.8789
7.9736 -9.2633
7.8060 -10.0656
-7.5043 -3.8984
-10.9013 -9.1616
7.6080 -8.7196
7.7179 7.7154
8.1916 7.8877
7.8487 -11.3513
4.5064 -10.2884
-8.2139 7.9385
-9.1449 8.1505
8.2846 4.0816
-6.5929 7.8848
-7.8405 8.2903
8.3496 7.7797
7.4181 -7.5407
7.6733 8.2167
7.4422 8.1118
-10.5005 8.2705
-7.3568 7.0923
-7.9223 8.3371
2.1755 7.7983
3.6316 5.6878
-6.8986 -6.6996
7.0793 5.0992
8.2424 7.9492
-10.4142 8.1732
8.4369 -6.7920
-9.2178 7.7459
-4.2226 2.2476
-8.7130 -11.1305
10.0658 -10.1821
-1.4668 -10.1629
6.0425 -6.5857
8.3199 -10.1584
-9.2376 -7.6211
-13.2219 -8.6913
2.2513 -11.3977
-9.9916 -10.4692
7.9653 7.8018
-8.6283 8.2215
7.9543 -7.4050
-7.7702 9.5742
-11.1134 5.7365
8.1619 7.9016
6.7996 -7.6203
-13.0196 9.7674
-11.5169 8.5035
8.2786 -8.3945
-11.9750 4.7107
7.9613 -9.2666
-11.8725 7.9301
8.0833 -8.8052
8.1246 3.4369
-9.1643 8.2807
9.2402 7.2089
-9.8936 7.4054
7.8351 7.9625
6.6180 -11.2151
-7.3287 -10.5762
2.2737 -13.6532
-9.8855 7.8747
-13.1789 8.4008
5.7869 -10.6552
-4.1750 -9.8054
-9.0445 -7.8894
-7.2207 7.9865
-7.2079 9.5106
-12.9644 -12.4389
7.8956 -13.0404
-5.7460 -11.8070
7.5908 -11.8226
9.6685 6.5886
-9.8063 5.6101
-15.2618 8.6771
-11.6942 8.0201
7.5929 7.2989
-7.3192 -14.8242
-7.3463 -8.4399
-13.0408 -10.3090
-7.8962 8.7419
8.2641 7.0124
-6.6675 -8.3192
5.7301 7.8808
6.7964 6.9961
2.9623 -10.0068
5.5442 8.2011
-10.5928 -11.0711
3.3966 9.4277
-10.0379 -11.2638
-7.4958 9.4950
7.6058 -10.3368
-10.8861 6.1293
7.8479 -9.2134
7.9860 -12.6730
-14.2440 7.6932
-8.1636 -12.4249
-9.1621 -5.6966
-4.6431 8.1608
-9.1952 -8.6591
7.3397 -11.7056
-12.6891 8.1527
-9.2681 -12.0683
-14.4046 8.1429
-12.6862 7.7823
7.8059 -9.8945
-7.8486 7.7745
-10.7589 -11.6707
-13.3181 8.2305
-5.3633 -6.3868
8.1066 8.3373
7.6612 7.5760
7.8819 8.3569
-6.3187 10.7348
-10.3904 -5.7169
7.6058 6.8419
-13.8724 7.9100
5.8577 -10.9423
-11.4423 8.0211
7.5939 8.1796
8.1265 -12.1099
-9.4164 -11.8412
6.9876 -12.5493
-9.5137 -11.5778
-9.9833 6.7183
8.2612 2.2418
8.7643 -10.6476
-11.0030 -10.6536
5.5997 9.3053
8.5161 -11.3808
9.6036 7.8912
-9.9875 -8.8526
8.3005 6.1002
8.3741 -9.8620
-11.5084 -13.0618
7.6501 3.9770
-11.1028 -6.6000
-12.8700 -8.2645
-10.2841 -9.6705
-7.8339 4.2046
-8.8402 -8.1815
7.8845 -10.8455
8.1991 -5.1794
7.6188 7.5369
2.0455 8.0719
-9.3013 3.0697
7.7225 -10.8093
7.9083 8.2072
-7.6185 8.4008
-9.9673 6.1414
7.4853 -7.4998
7.8073 8.0382
7.9639 7.7468
-10.3509 -10.0514
6.5046 4.9860
8.8287 8.1266
-13.0919 -11.9074
-5.9077 -9.8474
8.5325 -10.1822
-7.4863 -3.5415
8.0444 7.1666
-10.1060 -13.1038
-4.9036 -7.2769
8.6460 -11.5215
8.7647 7.9434
-10.1011 8.2229
7.8735 8.7321
-7.1963 7.9111
-9.6034 8.0498
-10.5177 -11.5915
-6.7482 -6.5002
-9.1734 -8.7484
8.2381 -8.8663
-5.5402 8.3849
-11.5054 -7.7728
-6.5489 7.9033
-7.8442 8.5932
-10.3919 -11.1921
7.7481 -5.9153
8.2611 -7.8887
-6.8295 5.1008
7.4398 11.2693
-9.2164 -11.2859
-10.1472 -10.8449
-7.9941 -9.2583
7.2951 -8.6279
-7.5219 7.8793
-11.2668 5.7669
4.6823 10.1675
7.9746 -7.1561
-8.8878 7.0422
-10.1743 4.9269
5.7404 -10.1111
8.4067 -6.6688
-12.8437 -9.5561
8.3822 8.2229
-6.4236 -14.4124
7.7095 7.8802
8.0379 -8.0800
8.2132 -7.6419
-10.4874 8.1205
-11.6638 -11.3761
-10.6233 2.2160
7.5324 -12.5722
8.1952 -12.8541
2.2628 6.5178
-11.6147 -4.6660
7.1461 -11.9755
8.0765 -7.0215
5.1446 -10.3517
-12.3879 -14.1392
7.5629 -5.5352
-8.2492 -10.8978
-6.8052 9.6366
8.1188 -7.7349
-7.7126 2.2803
-7.9520 -7.9057
-9.1364 -11.2730
-7.2479 8.6422
6.7061 -6.2644
8.0021 -13.8536
7.9040 -10.9104
9.8612 5.6285
-10.4128 7.2389
-7.1683 9.3764
7.6998 5.2986
-9.7293 6.8646
-9.4960 -11.5105
8.1719 8.2702
4.7886 -14.8422
8.5079 8.3933
6.8352 -6.5995
7.9524 -9.0118
-9.3608 5.3897
6.1328 -10.6614
-6.4588 8.9110
-6.6572 -4.8915
8.2743 8.2314
5.5166 -10.8335
-8.7377 -6.4544
8.3752 8.6377
-9.1811 -8.1016
5.6176 -8.1703
-11.7847 -11.1594
8.0251 8.0017
7.7610 -15.6794
-7.7605 -8.7508
9.3948 -13.5638
-6.0974 -13.1582
-9.4593 6.2339
2.1525 7.7627
-7.4370 -8.5730
7.3964 8.0575
-9.4449 10.4327
7.9080 -9.7076
-9.0175 7.9933
-9.2035 7.4210
-9.3807 7.4715
-5.7406 6.3780
-9.5616 7.8160
5.0633 7.5737
-12.5516 7.8741
4.4910 5.5701
7.3662 6.7366
6.5773 8.0839
8.2094 7.6723
-8.6679 -9.9201
8.1098 7.8245
-7.1614 -9.1934
-12.9062 -7.4858
8.6425 -6.7511
-11.9901 -11.5590
9.8553 7.5301
8.5308 6.4019
8.1499 8.1310
8.1531 6.9495
-7.0021 7.8781
7.7873 1.5350
7.5188 -7.1753
-14.0548 8.0912
-13.1952 -10.1649
8.0275 -10.5088
-8.5264 -11.7703
-12.9994 8.3449
8.0321 -8.4848
-9.7595 6.5697
2.1924 -10.9605
-7.9753 8.1636
7.4268 5.1299
-12.5027 8.1879
7.6710 -10.4100
-10.2883 7.6526
-10.7787 -9.9972
-10.9089 7.8874
-9.3632 -12.1707
-7.6671 -12.7362
5.8492 -10.1509
-7.2777 -11.3961
8.3423 8.5472
-12.1303 6.9130
-8.0257 -6.7534
8.2052 -8.9177
-9.8150 8.6378
-10.7749 -8.3561
-6.7036 4.8127
-6.8707 7.6315
-11.0319 8.1945
-11.8429 -14.2581
5.0322 2.2614
5.0213 -9.3890
-8.5283 6.7722
-8.6628 8.0484
-11.3554 8.3553
7.0720 -8.6749
7.9958 7.8021
-7.7399 7.5047
7.8657 8.1519
7.9709 -10.5290
-5.8978 8.7476
7.5805 -9.8364
8.5104 8.2113
-9.3313 6.1493
7.3844 7.7670
7.8556 8.0777
-11.5941 8.1619
8.1214 -10.0738
7.6203 7.7822
8.0687 -13.3802
8.0661 7.9051
8.1704 5.4203
-6.8958 -10.6165
-9.5342 7.8966
-14.3215 -9.6712
8.0927 -9.0385
-12.3095 -12.6819
8.1482 -7.6690
7.8263 -12.3088
7.9388 4.9051
-10.0862 7.4264
2.5929 -12.0833
-9.8713 6.1747
-9.7941 7.7061
-10.0020 -11.0062
7.7383 6.2279
2.2327 6.6629
8.3196 6.8504
-13.4017 7.7615
7.7525 -7.0630
6.7909 8.1202
-10.7592 -10.1492
-10.0688 -6.5457
8.0010 7.9778
-6.9204 7.6839
-11.2695 -10.7111
8.3546 -8.9286
8.4486 -12.4756
7.7250 7.3068
-8.5817 -5.0812
-11.0617 -9.9296
-8.1338 -5.6258
-7.7720 -3.8395
7.8177 -9.2433
6.9123 -7.7965
7.8494 7.8917
8.4794 -6.0599
7.8574 -8.5783
8.4314 -8.8000
-9.3023 -8.4803
7.6934 8.6686
-11.4314 -8.7193
-9.1894 -6.8711
-11.5429 4.1684
6.2486 9.4491
-8.4446 -9.7769
-5.5755 5.3069
9.7746 -11.8250
2.2910 -7.1403
-11.4977 -8.7551
-9.1019 7.5539
-8.7877 -9.0078
-9.1204 -7.0473
8.2895 -12.5095
-8.9643 7.9694
7.9895 -10.4249
-9.3280 7.7265
-11.4340 -9.7655
-13.5614 -7.9321
-11.6071 6.0602
-9.6382 -13.3874
-12.8221 -12.4160
-12.0493 7.6850
7.5861 3.8660
-14.2176 -9.0925
8.0537 7.8825
-6.3184 -12.3285
-13.6874 -6.9879
7.7645 -6.4495
-10.6230 7.3600
7.8121 -13.5138
7.4468 2.1961
-6.8806 7.8996
-7.5897 -9.4134
-11.3514 5.8509
7.8136 -10.8750
-5.1419 -7.0867
8.2561 -9.3916
8.0410 -10.2551
-5.5967 -13.7025
-11.9383 -5.7105
7.5253 -10.0734
2.3489 5.2864
7.8230 4.5527
5.7480 7.5522
-11.1926 -11.2550
-9.1341 5.5371
-10.4384 -10.2854
-8.4918 -8.3115
-9.1935 -10.2067
-9.7758 -10.3664
8.4506 -6.1506
7.4368 -9.1877
-7.8232 -12.1439
7.2631 5.9033
7.8081 2.4122
-9.4945 -6.4671
-9.7107 -6.9615
-12.2466 -9.7824
-7.8253 -11.3148
-8.2029 -10.2623
-10.4064 8.2588
5.9703 7.6200
-11.2776 8.2962
8.3310 -8.2448
7.5114 -2.6877
8.1956 -6.4661
8.0599 7.8173
5.7135 6.4757
8.7331 7.4321
-10.6546 6.6189
8.2879 8.1530
-4.5389 -10.5012
-11.1050 8.1853
8.3480 -12.7399
4.5759 5.9639
7.8635 -11.8773
8.4988 8.1670
-8.3457 5.1942
-6.3190 7.6488
8.0462 -12.6412
-6.7495 -10.7244
-7.6761 -5.9406
-8.7363 8.4893
-9.2031 7.7915
-10.7937 -9.4402
-10.9404 7.8800
-7.7556 7.6629
7.8509 -10.3581
7.7534 7.8452
-9.3209 8.2708
-8.6295 7.8727
-8.0815 -8.2955
7.5875 7.9296
2.1639 -10.9376
-16.8686 -11.4625
8.0953 4.8299
3.7381 7.4547
-7.8026 7.8387
-10.4860 -8.8769
-9.2830 -9.2713
8.0779 6.2711
-8.7449 -8.5599
4.4284 -12.9064
7.9431 -7.9912
8.3657 -14.1286
-8.4542 -9.2730
7.9439 -12.4502
8.0838 9.3104
-11.0286 -7.1775
-7.9729 7.9800
7.8660 8.1934
-8.8309 8.0521
-7.7982 -6.8210
-9.5977 -6.9109
-12.6807 -9.8988
3.9795 7.9003
-12.4344 -13.7027
6.9606 -8.3443
-7.1410 -9.0060
-9.8043 8.0035
8.1100 9.4958
-7.8874 -13.6409
10.4782 -8.8173
7.9432 -9.2002
-6.7316 -7.0664
8.0468 4.7184
-8.1053 -11.5618
-11.8086 -11.6143
-9.8571 -7.9467
-5.4839 7.9460
-12.9533 2.1984
-11.9888 8.1724
-7.7578 7.7907
-11.0845 8.4121
-6.1572 6.5498
8.0042 -8.8745
7.6010 -9.0509
-6.5596 -5.0971
7.7337 7.9521
7.9914 -10.3579
7.6156 6.1806
-8.7963 8.0294
6.9185 2.2206
8.6635 5.2479
7.5385 7.3825
7.5704 8.0513
-12.8378 -12.5939
7.3448 8.1070
-8.9595 -9.1900
-7.2144 -10.2979
-8.2495 -10.1507
8.0680 -13.3333
4.9574 -14.2651
7.7271 -6.9663
-9.8487 -6.9230
5.3511 -11.7254
-10.4242 7.7502
-10.4082 7.9051
-6.4628 7.8908
5.5005 -10.8206
7.6912 2.4298
5.3996 7.5277
4.2639 -9.3782
-10.7605 8.1129
8.0536 -13.4967
7.9068 -9.6829
7.9256 9.8509
-13.1962 8.3393
7.9738 -8.7282
-7.5604 -9.8744
-5.9814 -5.8506
7.7947 -7.3108
2.1909 -8.3684
-8.6274 -7.6615
-11.6855 -8.7690
7.8835 -11.6292
-11.3775 -12.9648
-13.7060 -10.4007
-8.6340 -9.2280
-10.3671 -8.9525
-8.0679 7.8050
-8.7840 7.7245
-7.2088 8.1118
5.1207 2.4031
-8.8950 7.3478
-7.8844 7.7169
6.7293 2.1415
-9.4636 -4.5316
8.2835 -7.0232
-11.2068 7.8981
8.1516 -14.5576
-8.1443 -10.4049
6.8638 -9.5149
7.8629 -11.8687
-6.2344 7.9898
8.0321 7.0143
-10.2364 -7.1306
5.3864 8.0896
-7.5688 -9.4476
7.9879 7.9555
-7.8973 5.7610
7.9725 -6.4015
7.9554 -7.8580
-8.9429 7.8887
7.7028 -11.0905
-6.0855 -11.8131
11.0066 -11.4999
-8.0089 8.1631
-8.9695 -11.6391
-8.5072 -3.8000
7.9571 5.1318
7.7301 4.7862
-12.0484 -13.4110
7.9990 8.2534
8.6377 -9.6037
-7.6698 -5.9692
8.1328 6.2956
7.8288 -5.0258
7.8388 -7.6263
-9.3731 7.8395
-11.2969 -11.6847
-10.3463 5.6519
8.5981 -11.7145
-9.0173 2.1354
-7.9890 7.7233
-7.4725 -11.3741
-7.9490 -11.0524
7.7522 -10.8822
-8.2849 -9.5302
8.2238 -9.6132
-9.4632 -6.3643
-11.8204 5.5966
-5.7569 7.5976
-10.3584 -9.3569
-10.4290 7.7114
6.6425 -10.9263
8.3114 7.7125
-7.3470 6.8883
-8.3005 2.2924
7.6165 -10.1852
-9.2748 -12.4732
-8.8177 -8.6154
7.0197 -11.0155
-10.6143 -6.8429
-8.1533 -9.2659
-10.8633 -12.0703
8.3127 -10.5503
7.7723 8.0885
8.4806 6.9991
8.2106 -9.2788
8.3478 -13.9567
8.0123 6.4963
-11.5002 -9.2820
8.2848 7.6669
-9.1172 -11.9984
7.2058 6.4010
8.7267 7.8749
-8.6351 2.2115
-11.1699 8.0174
-11.7473 -8.0116
7.6958 2.1881
8.2952 -10.1105
-6.8686 -10.1842
8.1345 -14.5638
2.1660 8.7380
-9.5259 12.1722
-6.1118 -9.4881
-10.3385 7.8325
-8.6144 -8.4514
7.9719 -11.4059
7.6820 7.9188
8.7275 8.0945
8.1078 8.3263
7.9089 -8.2791
8.0963 8.1951
5.1509 -11.4144
-7.3784 -7.9734
5.4107 -9.3420
-9.0519 -11.6166
-11.7621 -8.0297
7.5539 4.3793
-8.9696 -12.6230
9.3319 -9.3390
-10.5089 -5.6020
8.2927 -10.4834
6.6361 6.4201
-11.4261 -11.3678
-10.3023 -12.5325
-6.5848 5.7773
-10.6444 -10.5714
8.0754 -10.2385
8.2247 5.2109
-13.6896 -12.9557
-11.1036 -8.8087
-8.6174 -11.4723
7.6265 -11.6916
8.0185 8.0192
-5.9540 -10.0192
-10.4139 7.8621
-7.0911 7.7463
-14.4121 -12.8755
4.2639 -10.8283
8.3728 -11.7847
-9.9082 -6.8743
-11.0151 -11.0518
7.6400 -10.4423
-10.9482 -10.5882
8.2025 2.1253
-11.6773 -8.8397
-12.9194 -8.7145
6.9845 8.8785
-3.6651 -9.5676
7.9532 -13.8797
8.0685 -13.4596
-10.9023 -8.8802
-8.9272 -11.6279
-11.1950 7.9744
-5.8197 7.9419
-6.4565 -11.9706
-7.8782 -7.2447
-7.5311 -9.4526
-11.2025 -9.1324
-8.6837 4.5749
-8.0149 -8.2769
7.5285 -9.1585
3.2948 8.9387
8.1584 4.0455
-10.4218 -9.1907
7.9423 2.2942
7.5539 7.4491
9.3911 -10.9257
7.9244 -7.5942
7.6145 -7.8115
-6.1817 6.6321
-9.2359 -10.6566
7.6744 7.6595
-9.4416 7.9047
-8.9114 -8.0269
-8.6676 7.8534
-10.7374 -7.8563
-14.0511 8.5531
-7.2457 8.0581
-8.5879 7.8675
-7.8464 -10.3689
-6.9292 7.8935
-8.7737 -11.4632
-7.6824 -11.3844
8.0709 -9.6008
7.8227 -10.9434
-6.7293 8.2040
-10.0538 -8.3689
-6.0017 -14.2904
-6.3405 -12.8270
-11.9625 4.8383
7.3395 -6.7573
3.0447 -7.3039
2.1460 -13.2110
7.7911 7.9604
-9.8696 5.9856
8.0783 -14.2843
5.3535 -10.4653
2.1570 7.6252
-11.0571 -8.9849
3.1365 5.4872
8.8905 8.2016
-7.3011 5.4632
-9.0319 7.8642
-8.6852 -11.4385
7.5279 2.2377
-7.6826 -10.9631
8.1809 8.3047
-10.0749 -10.2976
7.8449 2.2524
7.5052 6.0921
2.3102 7.3540
-10.2655 7.7197
8.0626 -9.2267
8.0405 7.5427
8.1889 8.5260
7.8707 4.7011
6.2302 -9.2301
-10.3015 -9.7240
8.1746 7.0988
7.9966 -9.8817
8.3684 -8.6278
2.3689 -7.7650
-11.1423 -7.9822
-10.9021 -10.8342
7.9340 -12.6168
-8.0576 -9.1043
-8.1155 -5.9902
-12.2104 -10.3048
-8.9228 7.4526
-6.1372 4.0871
8.2953 -9.1966
-6.3996 7.6619
7.7456 -12.4371
-7.8499 -10.8555
-8.2345 -9.2192
8.0656 -9.4783
-12.5130 7.9799
-5.9208 8.3144
-13.9960 -6.0900
2.2727 -10.5770
7.9757 8.3067
-4.7064 -10.1463
7.8054 -9.9022
8.0459 -8.1959
-10.6955 8.3991
7.8986 -10.1459
7.8033 8.5088
-6.9767 -9.3039
-9.3601 -7.0744
7.9705 -13.6068
-8.2025 -7.2492
4.4444 -7.1581
4.9787 6.7734
-10.9133 7.5995
6.0865 4.7362
-10.2741 7.5467
8.1382 7.0758
-9.2555 7.4119
-10.7025 -7.7922
6.6011 8.4622
-7.9285 7.8109
8.0924 8.4644
-11.6130 3.3423
-13.4733 8.3667
-10.8662 -7.5011
-13.3390 7.7831
-8.7164 9.4056
-11.2478 7.5400
-5.4512 11.3167
7.9251 8.3630
-9.1077 -9.1165
-7.4930 8.2256
7.5231 -10.2081
-7.0291 5.3435
-14.8790 7.0946
3.7838 -9.4097
-4.2897 -7.8963
9.7968 8.6266
-9.1151 -10.3392
7.8039 7.5945
-9.8418 -9.2908
-9.3302 7.6860
-10.6697 -9.7933
-12.6814 7.6278
-9.0420 -7.0618
7.8817 -11.9979
4.6238 -9.2135
-5.9727 -8.6128
5.2366 8.0327
-7.2361 -11.9101
-8.0605 -10.6521
7.8573 7.6054
-8.9004 7.3779
-10.3576 2.3284
8.0077 -13.8349
5.7312 -11.1715
2.1721 8.2810
7.2833 -9.3305
-6.2513 7.0831
-8.2624 7.9193
6.3944 -11.5959
-10.2263 -14.6802
7.7834 -8.7232
-13.7594 -11.1584
-9.0364 -8.6296
3.0874 -10.4088
-11.8877 -5.1908
7.7829 8.3434
-8.8224 -6.1936
-11.2414 8.0828
-6.3026 7.8490
4.6421 -10.9606
-10.9732 7.8355
8.2722 -7.4281
4.1216 8.0135
-9.7880 7.9766
-6.6350 -5.8074
-7.5812 7.6858
7.1928 8.7813
-10.9029 -3.6644
-8.2076 -8.8422
2.2731 -9.8703
7.6165 -9.7453
-5.3548 -6.9480
7.7900 -9.4992
2.2968 -10.7214
8.0973 6.4783
2.2353 7.6296
-9.0706 4.4908
7.8398 -7.0664
7.7834 7.0881
7.7398 -10.4795
8.6560 7.7948
7.8792 -9.9309
7.8274 6.9194
-9.0810 9.5062
-7.0078 -8.8247
-12.1426 7.9145
7.8684 8.9929
7.9695 -6.0154
-8.7637 -7.0048
9.1675 8.2515
8.1290 -9.7680
-6.3122 4.8891
-6.4895 -8.9801
7.9215 -8.1315
-11.1585 -5.4491
-10.7179 7.3481
-6.2678 7.7353
-7.4700 9.7069
8.1981 -7.4424
-12.8527 -8.7790
-9.5083 -9.8060
8.0545 -9.5320
-9.8494 6.0381
-6.4567 4.0819
-8.5447 -9.3012
8.1232 7.5364
-10.3809 7.5879
-12.0097 -8.6096
7.8805 -9.2739
7.7247 -10.8204
7.6422 -9.5929
7.5719 8.5872
-8.2326 8.0236
7.7132 7.8826
-9.3156 -15.6222
9.6285 -7.5076
-16.3135 -11.3326
2.3200 7.9088
8.1624 -8.8358
-13.3769 7.5240
7.1835 -10.6802
5.9245 7.0316
-11.2134 -8.0115
4.2652 -15.2859
-9.7888 7.8330
8.1827 4.1008
7.7462 11.6079
8.0707 2.2055
8.3344 4.6866
-12.3210 6.9793
-10.1681 -10.2011
-7.5161 -13.1148
-6.9117 7.7647
-6.1736 -7.2793
-11.3741 5.1897
8.1134 -13.3316
-6.1586 -7.5716
7.8097 -11.0591
-12.2498 8.2301
8.3884 -13.1394
8.1122 -12.7934
8.2776 8.1003
-7.2684 7.8523
-12.2880 -7.5405
-10.4370 -11.8824
-11.4853 -8.7521
-10.5756 -6.9024
8.5873 7.9250
-9.8408 7.6261
-10.3133 -13.7666
2.1856 7.6719
-10.2968 -10.1783
8.6181 -9.7237
6.3984 -10.9837
7.8471 8.8355
-13.4273 -9.5840
3.8747 7.6471
-7.9905 -14.0887
-11.1751 -7.7942
-12.4635 4.6431
-7.8813 7.5552
-11.1435 -11.6342
-12.0750 -9.6625
8.2699 -9.8730
-4.1084 -6.7053
-9.3558 8.1954
-12.3761 -13.4970
-8.6836 7.8043
7.8866 -8.2711
8.3271 -7.6621
6.8783 -9.9083
-9.7251 7.7742
8.0499 -11.1019
-10.3142 8.2197
-6.5283 4.2075
8.7944 -9.6852
-12.2389 7.9458
7.7163 8.4786
-9.7085 -10.1695
7.8532 -9.6519
-7.2544 -7.8749
7.8683 -12.1859
-7.3441 7.2243
7.8530 -11.5739
8.3533 7.1009
-12.4442 8.3732
8.1410 -9.3080
2.2467 -11.3135
-8.9736 -10.1346
-6.4891 -7.9811
-15.4854 8.2448
8.4874 8.3055
-9.9906 7.7928
-6.4261 -9.7235
-10.7275 7.6601
-9.2529 8.1204
-8.6782 8.1524
7.5137 -10.0169
-8.1563 -9.7776
-7.8979 -11.9838
-9.3115 8.9246
8.2558 -13.4761
7.9186 8.0355
7.5989 6.0607
7.6335 7.7244
8.0171 8.4037
