5
4.0756 7.8259
7.7873 7.7975
3.2203 1.9127
2.2610 4.7673
7.7615 3.5026
7.7533 7.7486
7.7679 1.8337
4.4819 4.9233
7.8511 3.8840
3.5779 7.7672
4.3354 3.2281
7.7476 7.7331
5.5314 7.7908
5.6821 3.5893
3.2178 1.2416
4.3317 7.7481
3.9016 3.7934
4.6689 7.7266
1.9233 5.0328
2.2068 7.7539
7.7431 3.8265
7.7643 1.7617
3.3088 2.0855
7.7846 2.9994
7.7715 3.1000
7.7421 3.6550
2.7242 1.7408
4.2635 4.8854
-6.5867 7.7368
7.7524 7.7756
4.8469 1.1899
7.7952 3.7483
4.1773 7.7619
7.8168 2.5684
7.7467 4.0908
1.9863 2.2028
5.0186 7.8309
2.7688 3.3669
5.0711 5.1383
7.7997 4.7245
7.7847 3.5847
3.7653 3.7097
1.6420 3.0341
7.7860 3.6174
3.0738 3.2912
1.5739 3.5546
3.0211 1.6942
7.7424 7.7554
7.7446 3.9512
1.3733 3.2453
6.9137 4.0741
3.1556 3.4262
4.1407 1.8355
7.7713 5.7697
2.2681 7.8239
1.0673 2.8442
7.7358 4.3421
4.2899 4.3213
7.7683 3.5862
3.1331 7.7614
5.1989 1.7143
7.7780 1.2439
1.5515 3.8346
2.5818 2.4905
-7.4717 3.9195
7.7745 2.5625
3.5131 7.7429
3.4897 2.4651
2.0542 1.5298
7.7342 7.7753
1.4317 7.7674
4.0403 5.2387
-12.8749 7.7462
7.7589 3.7403
1.5800 7.8049
2.1042 2.9932
7.6944 4.6772
7.7635 7.8265
2.1123 1.7898
-12.0552 1.9622
1.2480 5.2851
1.5516 4.8512
7.7387 2.8201
7.7091 2.5786
-5.5477 7.7738
3.2177 3.4866
7.7668 7.7481
7.8015 3.5375
7.7497 3.6315
1.5392 4.6261
7.7483 3.0926
2.0024 7.7527
1.7445 2.9366
2.9521 1.3584
7.7651 7.7700
1.7672 4.2602
7.7859 7.7387
2.3648 2.5283
3.2957 2.9324
1.8451 4.6354
7.7774 4.5132
4.6445 7.7023
7.7993 6.1114
1.2791 5.1195
7.7099 3.4068
2.8315 1.5624
7.7355 2.9588
4.6738 4.5552
7.7412 1.2172
7.7555 3.7305
1.8121 7.7459
4.4294 4.5296
5.1034 1.7636
7.7369 2.8912
5.6667 7.7640
7.7630 7.7367
4.4428 7.7566
2.5012 4.4296
7.7712 1.4192
5.1646 4.6797
7.7175 1.6485
7.7562 -15.0287
5.2059 4.7980
4.0156 7.7728
7.7529 7.7202
5.1507 3.2972
5.1409 2.3031
7.7714 4.0131
5.0967 3.4565
1.4878 3.5910
5.2932 4.7338
-12.8514 1.3788
2.9347 1.3622
1.8904 3.5343
7.7768 1.8288
3.1746 4.6106
3.7128 7.7121
7.7534 0.0901
4.3583 1.1833
7.7573 5.5332
7.7563 2.3675
2.3857 3.6586
7.7407 7.7707
2.3414 3.4318
7.7419 2.9868
3.9270 4.7337
2.6270 4.9963
1.1402 2.1291
2.2051 7.7708
7.7683 7.7820
1.8997 7.7443
4.4612 3.2120
1.5411 3.7559
4.3412 7.7492
7.7355 7.7403
2.0431 3.7392
4.6132 1.2826
4.5022 3.9247
7.7967 4.8127
7.7897 1.7541
1.4567 4.5940
5.5366 7.7933
-6.3836 7.7658
4.7687 5.2392
4.6958 7.7674
3.6235 1.5029
1.3194 3.4762
2.8581 7.7415
2.7489 2.8812
5.6581 0.8213
1.4804 7.7917
4.8236 4.4534
7.7215 1.6801
4.9262 4.1452
7.7388 6.1150
7.7298 4.6351
2.5358 1.7283
1.6715 4.5824
7.7652 4.4507
5.0724 3.4923
7.7176 5.1127
1.7287 4.2996
4.7024 2.6675
4.4303 7.7592
7.6820 5.1007
7.7614 3.7331
4.8314 1.7245
1.0488 4.6426
2.0060 1.5373
1.7191 3.7048
3.2054 4.5454
7.7115 2.7555
7.7821 1.9416
3.2994 1.4746
7.7246 3.3447
7.7430 1.3785
7.8040 1.6305
7.7548 1.8328
4.7479 7.7113
4.4814 7.8237
4.2171 1.3712
2.6897 4.2950
4.6006 1.4995
3.7346 1.7284
1.3042 2.5220
3.5945 7.7411
7.7469 7.8066
7.7715 1.6466
3.8429 4.2994
7.6772 7.7905
7.7329 -12.0886
4.1273 7.7722
7.7651 2.8663
4.2129 3.9050
2.1744 5.0116
3.1989 7.7978
2.5923 7.7470
7.8113 4.6096
5.4290 3.3166
7.6874 7.7616
4.4441 3.6966
6.5332 2.2035
5.4861 2.0826
4.3841 4.5397
7.7951 4.6064
7.7617 1.6457
7.7370 4.2745
4.4771 5.7568
1.6328 7.7448
7.7250 7.7434
7.8198 7.7768
7.8055 3.9039
-12.1970 7.7393
7.7905 7.7420
7.7718 1.4166
3.4310 7.7884
4.6379 5.3297
7.7569 1.6188
4.5152 2.7597
3.9457 7.7525
4.2940 1.8925
2.3849 5.8193
0.8558 7.7420
2.0256 1.7162
4.3479 4.7678
7.7642 7.7600
7.7787 7.7941
7.7301 6.0888
7.7542 7.7449
0.5588 1.5477
2.9367 4.6478
7.7608 2.9385
7.7616 1.6014
7.7616 7.8130
7.7194 3.7479
1.2789 7.7231
1.9512 7.7240
4.0986 5.2540
7.7016 4.9155
4.7971 1.8233
7.7278 7.8105
1.7512 5.4198
4.1629 2.0424
7.7709 4.0494
4.2498 7.7025
7.7865 7.7325
7.7603 7.7525
7.7829 2.3314
1.6160 2.0813
5.2973 3.0909
3.6357 1.6886
7.7286 7.7187
4.5175 1.9755
7.7036 3.1574
4.4814 7.7595
2.6273 7.7284
1.4992 7.7429
2.6103 1.8078
3.2464 7.6839
7.7881 3.9763
3.5240 5.1341
2.5850 1.9465
3.7911 6.1657
5.1465 2.8006
1.5943 7.7185
7.7094 3.3657
7.8010 4.4503
4.0990 1.3404
4.8284 7.7846
5.5113 7.7126
3.3450 7.8177
4.1235 1.5106
7.7683 4.9218
2.8634 1.3510
1.7073 7.7639
4.2843 3.3320
4.8539 4.5069
4.9010 3.0523
1.0177 2.2584
5.9350 -3.4459
2.0148 3.7218
1.5003 7.7750
4.3933 2.2044
4.9490 7.7925
1.8114 4.7262
7.7568 4.7111
4.4229 7.7596
4.1740 4.7708
0.9119 3.5358
1.4768 3.9827
7.8167 7.7511
7.7192 1.1836
3.2408 7.7213
7.7182 4.0559
7.7788 -8.8555
5.5071 7.7759
1.7928 7.8032
2.9668 4.1428
4.9231 7.7597
2.7517 1.5152
1.7974 1.7844
0.7847 2.7706
1.3691 4.6383
1.6192 7.7806
1.9774 7.7568
3.9075 5.0337
1.7998 7.7590
2.2990 7.7312
1.4733 1.8514
1.8723 7.7646
7.7951 4.9242
2.9110 7.7273
7.7138 1.3623
7.7303 3.6245
2.0384 7.7705
7.7613 4.7303
2.1013 4.8415
2.0087 1.9342
7.7983 7.7834
3.2399 7.7743
7.7140 7.7702
7.7769 3.4257
4.7666 0.9092
3.0210 7.7650
3.5273 2.2999
3.8126 2.8478
7.8209 4.0076
2.0143 5.7931
4.3764 7.7744
7.7426 5.1686
3.0318 7.7367
4.4069 7.7654
4.9202 4.2164
5.4771 5.3077
7.7813 7.7929
7.7546 7.7748
1.3394 2.8787
4.5458 1.4926
4.4738 2.0468
4.2619 7.7684
3.3629 3.1826
-7.1875 2.2933
2.4298 7.7763
5.1897 5.0646
7.7833 1.5944
4.3996 7.8087
7.7669 7.7537
7.7716 3.6065
1.5698 2.3825
7.7729 4.0173
7.7682 7.7201
4.5123 3.3731
7.7962 2.0087
4.3938 1.5676
1.9340 4.3797
3.1470 2.0414
2.1703 7.7484
1.7168 1.2102
5.0176 7.6914
-2.9959 1.8755
7.7117 3.0088
5.7007 3.2112
7.7366 7.7987
5.3011 7.8018
7.8150 5.1747
4.8802 2.5317
7.7616 3.7269
3.5976 1.5194
7.7267 3.3792
4.6504 7.7752
1.5322 7.7977
3.9938 2.1889
1.0941 7.7134
-7.3008 2.7019
2.0168 3.2127
7.7324 3.4515
3.4486 5.1480
1.6844 1.5562
4.1263 5.3592
7.7762 7.7016
-5.8280 2.0975
4.9564 5.2178
7.7898 7.7884
5.3492 4.1305
1.6804 7.7228
4.2896 4.3752
5.3976 1.7480
7.7857 7.7579
7.7101 7.7492
7.7994 3.3907
3.7157 3.5068
7.7260 4.7127
1.5706 2.0001
2.2253 0.3071
3.4308 7.7749
2.3807 4.7854
4.0639 3.2694
7.7258 1.5720
2.2933 7.7685
2.5552 2.3424
7.7794 1.8368
7.7789 7.7862
7.7948 7.7579
7.7877 3.0650
7.7698 7.7273
4.4166 2.3129
7.7298 5.0752
4.7882 2.5526
4.2701 1.0583
1.3379 7.7661
4.1270 7.7246
3.9450 4.6789
7.7587 7.7291
2.9767 -6.6211
4.5750 1.8423
5.1264 7.7047
7.8007 4.1212
4.8067 7.7865
1.9332 3.1463
7.7587 4.8489
-7.9284 1.1674
7.7372 1.9022
1.3344 1.8386
7.7553 4.8525
2.0591 7.7701
7.7689 3.5659
7.7678 1.2972
2.3229 5.4728
7.7561 7.7571
3.0026 4.8990
3.1892 7.7821
7.7923 3.7712
7.7250 2.3712
3.4329 6.0774
2.0664 7.7800
2.3024 7.7360
7.7728 3.1571
3.3806 7.7971
5.0420 7.7634
7.7584 3.7028
1.0958 4.7685
7.7610 7.7825
2.0580 1.9527
7.7573 5.0960
1.8937 2.1999
7.8062 1.7561
2.4650 1.5084
4.9251 1.8040
1.5082 7.7218
7.7761 3.5155
7.8217 4.5489
4.7591 2.6723
4.5227 2.7381
2.6843 5.1496
0.6510 7.7695
1.7456 4.0196
7.7169 7.6876
1.4661 4.3788
7.7373 1.2771
0.9644 4.6621
7.7571 4.2418
7.7308 3.6599
1.8017 7.7747
2.9407 5.0008
7.7980 7.7725
1.4301 2.9187
7.7936 4.4722
7.7569 7.7957
4.7177 4.4454
4.9543 7.8022
1.0661 2.2874
3.3314 1.6548
-9.6901 7.7347
1.3740 7.7613
3.6242 5.1987
1.4209 4.3289
7.7666 1.5374
5.7876 7.7657
4.6456 4.2055
7.8023 7.7444
4.9235 4.4829
2.9906 4.1786
2.1372 1.5224
-6.7683 7.7393
4.8317 4.4135
7.7902 2.2529
1.8684 2.0761
1.5127 6.6485
3.4369 1.5775
3.4125 7.7315
7.8167 7.7763
1.4432 1.4613
5.5525 1.7197
3.1304 2.6151
7.7488 4.5973
5.0240 7.7720
2.5816 7.7518
1.6056 2.0266
1.8612 1.3762
7.7652 4.5347
4.6282 1.6940
3.3501 7.7614
3.3489 7.7744
3.7277 7.7474
3.7256 1.9708
7.7958 7.7314
2.6537 4.7704
4.4828 1.7811
5.5668 3.1238
1.3504 7.7266
3.7547 3.6459
3.8641 4.2408
3.4448 2.0721
2.3289 7.7736
7.7572 4.6224
1.6328 7.7804
4.4525 2.7610
1.9805 7.7489
1.6080 3.0868
7.7068 7.7212
5.2730 1.9429
1.4818 1.3499
7.7058 7.7760
5.0209 4.8801
1.6634 2.2197
7.7834 1.9061
4.0519 3.6256
1.7036 2.6928
3.1947 3.4407
7.7889 7.7769
-8.7222 7.7921
5.1220 7.7295
7.7292 1.3617
7.7324 1.7296
3.5591 4.7402
7.7498 2.5974
1.8529 7.8234
7.8172 -3.4746
7.8166 5.0791
4.5338 3.8949
3.0150 1.7883
5.2549 7.7649
5.5384 7.7439
4.4393 7.7851
7.7759 7.7601
7.7850 1.7681
7.7697 2.0996
7.7352 4.7086
1.2259 1.2567
3.4083 7.7348
3.8642 7.7493
3.7141 7.6541
7.6919 3.8333
1.7039 1.1603
1.7638 7.7230
7.7633 7.7419
1.5689 3.8437
7.7547 2.0161
7.7371 1.5096
3.7838 7.7786
7.7641 5.6259
1.9065 2.5683
1.7069 3.3739
1.7740 4.7593
1.7529 7.7933
1.2056 5.9125
7.7674 5.0231
2.5219 1.9270
3.9031 2.4440
7.7691 3.9643
1.6267 0.3895
-9.6667 2.4712
3.1305 7.7456
3.4231 7.7609
2.3959 3.8941
1.2871 2.3779
2.8983 1.9068
7.7591 7.7874
7.7459 6.0704
3.3750 2.6042
1.6316 1.4112
5.4824 4.7821
3.6656 7.7755
3.6637 7.7985
7.7161 3.5180
7.7655 3.2871
4.7674 7.7218
7.7879 6.1500
7.7562 1.5154
7.8136 -10.2732
3.5601 4.6591
5.3262 4.9695
7.7647 1.7670
4.0144 5.3107
1.9862 7.7678
2.9334 7.7758
3.0761 1.4445
2.9047 7.7344
3.6184 7.7664
2.1558 7.7484
4.8249 1.7612
4.1916 1.8736
1.4380 2.9442
4.3414 4.8699
0.9454 4.2082
3.0975 1.8529
7.7648 3.4626
3.1915 4.0788
1.8130 2.0031
4.8641 4.8832
7.7357 7.7880
3.5822 0.8305
3.9974 5.3598
3.3901 7.7861
7.7585 7.7829
4.9284 1.7880
7.7408 7.7434
2.0165 1.6098
5.9011 1.6589
4.2942 7.7578
3.8316 5.7190
7.7543 5.2974
3.7171 7.7206
7.7395 4.6226
4.8676 4.8415
4.1229 2.9714
7.7909 1.6662
3.3341 7.7504
2.6309 7.7584
3.4449 4.2861
1.8975 1.0523
7.7191 7.7167
7.7931 7.6874
1.1427 5.1288
2.9264 7.7948
1.7029 7.7613
2.8064 4.1424
7.7213 2.0173
4.1455 5.0753
1.5831 5.1525
4.2618 7.7510
7.8035 7.7540
7.7403 7.7253
4.7114 3.4100
4.0134 6.3855
1.8926 4.4117
1.4096 7.7759
7.7929 4.4428
2.9760 4.0650
3.1542 1.8358
7.7405 6.2875
7.7428 2.0074
5.4147 7.7482
3.7130 7.7351
7.7946 1.1470
7.7748 5.6806
7.7394 3.0431
7.8185 7.6920
7.8101 1.4905
7.7608 1.8283
1.9974 2.7748
3.9299 7.7573
3.4767 1.9355
7.7432 1.0358
3.5966 3.3032
2.2391 3.0303
3.6130 2.4958
7.7582 1.5519
7.7597 4.7526
5.0352 4.1407
7.7319 2.7437
5.4070 7.7467
4.3408 2.5106
7.7685 7.7415
7.7961 3.8934
7.7538 3.9911
6.7535 1.7462
4.0100 7.7744
5.1404 1.9379
3.6068 4.3332
4.8837 7.7502
3.5682 7.7444
1.6395 1.2174
3.3921 2.0535
1.3563 3.5973
1.7245 0.7963
1.9255 7.7397
2.6398 5.0423
3.2371 2.3222
7.7803 5.3726
5.7089 1.6302
7.7732 2.4412
7.7129 2.0007
4.1359 4.4192
2.2500 4.4974
1.0398 1.5638
7.7596 7.7567
7.7572 3.5289
7.7725 1.7620
7.7532 7.7834
7.7157 4.4486
7.8042 7.7289
7.7359 7.7683
7.7703 7.7789
1.2744 1.7063
-6.5033 1.9036
4.4909 7.7695
3.8304 4.6604
5.9900 7.7864
7.7655 3.2892
7.8072 7.7441
3.9821 7.8021
2.2909 5.1750
1.9505 3.4519
3.1498 4.7110
1.0855 1.6148
7.7951 2.5713
2.2084 7.8051
7.7493 7.7657
2.5195 4.1351
1.6867 1.5987
4.7551 3.4805
4.5560 7.7924
1.5702 7.7925
4.3253 0.4365
3.6679 7.7536
1.1472 7.7728
7.7631 5.8789
7.7888 2.9282
7.7895 1.8606
7.7463 2.1388
4.4353 4.5317
2.8251 7.7398
3.2220 2.1748
1.9534 4.3153
-0.5958 7.7876
5.9477 4.9196
1.5790 7.7366
2.8294 7.8158
4.3746 4.8688
7.7402 2.1823
4.6486 7.7705
7.7509 2.2560
1.8688 7.7507
7.7475 7.7715
1.3069 7.7379
1.5000 1.2623
2.7563 6.3152
3.6803 4.3429
1.1758 7.7616
7.7275 1.4048
4.0668 7.7976
1.0765 7.7406
4.9585 7.7404
7.7165 3.5778
1.5173 1.3358
3.7482 1.7295
3.8507 2.0532
7.7776 2.1115
5.8190 1.4292
7.7522 7.7083
4.3682 4.7300
3.3032 2.2619
7.8029 5.1250
7.7536 3.2728
4.2704 7.7644
7.7944 7.7660
1.4381 -9.5343
2.4295 7.7634
4.6061 7.7689
4.4224 3.5387
4.3697 5.0636
4.9281 7.7556
6.0097 7.7217
3.8702 1.0016
3.6438 2.1860
3.0285 3.1314
1.6285 1.5959
7.7807 3.3006
4.6994 3.3539
7.7458 4.2769
5.0578 3.3547
2.6220 7.7103
3.6746 -12.3296
4.6672 7.7809
7.8159 2.0340
7.7380 3.8515
1.9760 7.8178
4.5124 4.9484
7.7910 7.7247
1.4912 3.8104
7.7060 1.5212
1.9321 5.5646
4.4517 6.2328
4.3751 1.9320
3.4379 7.7830
4.1550 1.5888
7.7789 4.2116
1.8419 2.8216
7.7484 7.7625
4.2310 4.9734
7.7629 1.8866
1.5504 7.7340
1.6386 7.7344
7.6875 1.9109
7.7347 7.7433
7.7472 4.7794
2.4287 4.1001
7.7506 7.7464
4.6710 3.8693
1.4956 2.9989
3.0303 5.0643
3.6767 7.7711
4.5312 7.7927
5.6166 7.7693
3.8825 1.1692
4.7346 7.7477
7.7785 3.7840
7.8029 5.8627
7.7269 2.1817
7.7630 7.8139
7.7524 3.4425
1.9563 1.8973
4.4901 7.7711
1.4166 7.7720
1.4049 2.4150
7.7472 1.7422
7.7726 4.3784
3.7023 2.9379
-10.2260 7.7937
4.1832 1.9608
7.6862 7.7490
7.7660 7.7678
3.9282 1.4787
7.7431 1.6254
7.7419 7.7733
7.7962 4.7863
4.6698 7.7980
4.5989 1.0103
2.9141 4.3156
1.7304 5.6477
2.6657 7.7088
7.7750 7.7238
7.7852 7.8407
1.2285 7.7743
4.7140 7.7283
7.8019 6.2112
-8.1653 7.7556
3.2351 2.1466
1.8615 2.1198
2.2429 7.7330
4.9529 7.6930
4.4612 7.7138
7.7786 7.8083
5.2388 7.7351
7.7759 7.7945
7.7904 7.7710
1.5195 7.7012
1.2502 7.7832
7.7833 7.8026
5.3651 2.5513
5.4264 4.6468
7.7470 4.6695
7.8024 7.7870
7.7678 5.4363
4.3500 1.7863
1.9850 1.4943
2.9909 7.7405
1.0104 1.3212
7.7406 5.1345
7.7722 2.6948
4.8638 3.1579
7.7339 4.9691
6.2289 7.7156
7.7297 3.5718
3.3098 4.6017
2.6970 7.7299
2.4070 7.7760
1.8457 1.7440
2.8576 1.7935
3.2196 1.8002
1.0615 7.7104
3.6845 1.4772
1.6299 2.1831
1.3855 2.7104
4.8004 5.3886
3.9945 5.4904
1.7751 7.7587
1.6546 7.7782
1.6575 7.7497
1.4609 7.7804
1.7102 1.1367
5.1548 2.7308
7.7483 7.8151
2.0399 7.7550
7.7150 1.4197
5.2166 7.7370
2.7157 4.2765
1.7423 7.8076
3.4214 7.7771
4.5640 7.7383
1.3077 7.7570
7.7590 5.4023
4.1447 2.8559
4.3002 7.8219
7.7116 4.2946
1.6588 7.7690
7.7456 2.0288
7.7631 2.0944
7.7463 -6.1418
4.4247 7.7885
1.4534 4.5025
3.6028 7.7294
7.7443 7.7312
7.8332 1.5341
7.7422 1.6576
5.2137 3.5916
7.7795 7.7496
4.8898 4.7228
1.6768 1.7919
1.1631 3.7671
7.7324 1.7233
0.9352 7.7409
7.7500 1.1593
1.9317 3.8661
4.2728 4.1231
7.7800 6.0562
5.2095 1.7804
7.7455 3.3997
7.8245 7.7257
1.7561 4.7624
2.2085 2.4695
1.9106 2.8163
7.7176 7.7767
3.7980 4.8318
2.2881 2.3714
3.7077 4.1050
7.7857 3.8274
4.0972 7.7899
7.7873 5.0456
7.7504 1.6256
3.9350 1.2471
4.2885 7.7516
7.7077 3.6409
2.6514 2.8679
4.1435 7.7164
7.7322 7.7664
3.1266 1.7902
1.8486 7.7438
7.7265 2.5266
3.4515 1.4553
7.6945 5.0501
7.7693 1.7561
6.6883 5.6697
4.6384 7.7532
4.4045 7.7912
5.7919 1.8431
7.7534 4.8415
2.6134 7.7095
4.1559 1.8829
7.7940 4.8660
-5.8451 2.5051
7.7692 2.1986
4.3229 3.9325
4.9031 1.4455
1.8389 7.7806
-6.7907 7.7799
7.7446 2.7316
4.3776 7.7382
7.7613 2.7352
1.7514 7.7617
2.1247 7.7238
2.9477 7.8146
1.5548 7.7489
4.3102 7.7587
5.3831 2.1693
1.5249 1.6138
7.7723 2.4497
4.8066 5.5458
7.7678 2.7696
7.8230 4.0749
1.3759 5.4994
7.7526 7.7537
3.0929 5.9884
3.9264 7.7467
7.7393 1.0891
1.6905 7.7616
4.2512 2.3170
4.6996 7.7694
7.7006 4.0169
7.7515 2.6077
3.6602 7.7684
7.7580 7.7542
5.2436 1.9308
4.1326 7.7687
2.0546 3.1022
7.7480 7.7387
3.3416 2.7239
7.7475 5.2044
7.7295 7.7923
7.7572 1.5686
2.0928 2.4783
1.1932 4.6381
5.5302 1.0623
5.2660 7.7746
4.8079 7.7584
2.0220 4.0480
5.0250 4.1547
1.1264 1.5822
2.9835 1.7566
2.8078 7.7657
7.7533 1.2953
5.1517 7.7445
3.9276 7.7505
2.6099 7.7335
7.7449 4.4653
7.7676 5.2045
7.7189 4.0728
1.3353 7.8241
7.8073 1.1306
7.7332 7.7748
3.9710 7.7656
7.7723 4.2120
7.7952 7.6998
1.6392 4.4821
4.3145 6.9949
1.9158 1.6660
7.7216 3.6581
7.6942 7.7342
1.2838 4.7095
6.9965 1.4368
2.0247 7.7839
4.1544 4.0536
4.1584 3.8593
3.6776 1.8834
1.2312 7.7512
3.9491 7.7297
1.4492 3.2213
-7.9436 7.7131
1.7620 7.7418
7.7749 7.7571
2.5794 4.4561
7.7273 2.3260
1.6205 7.7938
7.7327 3.6297
7.7757 7.7065
7.7340 7.7838
5.0802 3.5474
2.8138 7.7231
1.8540 2.2472
0.9288 7.7422
5.9427 4.0307
4.0773 7.7491
4.3933 1.6388
7.8038 1.9536
3.0987 -5.9777
3.8486 6.2430
4.8052 4.3400
1.4807 7.7003
1.8738 1.9323
7.7582 7.7873
7.7138 0.9054
2.9414 4.5998
5.3834 2.9615
2.9723 0.4766
7.7465 1.1867
7.7770 3.7308
7.7765 1.7372
1.2475 1.9744
0.5836 7.7803
7.7222 3.8347
2.0047 7.7573
2.7010 7.7813
3.8130 7.7673
7.7917 7.7722
3.7042 7.7889
4.4722 7.7692
2.0032 2.0353
7.7467 4.4392
5.0222 5.0702
1.9761 7.7766
7.8033 -7.5103
7.7153 -11.5415
1.4390 4.2799
1.6138 4.1956
7.8087 2.6048
7.7574 4.8009
7.7199 7.7350
2.1505 4.6199
1.5261 4.7172
1.6231 7.7649
3.1238 7.7773
7.7285 7.7581
7.7283 4.7943
7.7091 3.7337
7.7006 1.8477
4.5303 5.9694
2.4808 7.7358
3.5716 7.7586
3.7162 7.7702
7.8319 2.3790
3.7328 7.7935
5.0687 3.7756
7.7466 5.6754
2.1666 7.7602
1.8656 7.8010
4.1230 4.2871
7.7527 7.7353
7.7461 3.5564
7.7924 4.4256
7.7659 4.7727
2.4080 5.2693
1.1960 3.3444
7.7557 4.5507
3.4686 7.7885
7.7422 7.7343
2.1408 7.7601
4.0893 7.7449
2.9875 3.8071
7.7796 7.7867
7.7735 2.8423
7.7904 7.7522
7.8099 7.7409
7.7536 7.7552
4.7836 7.7406
3.1019 5.7151
7.7371 3.6052
4.6639 1.9576
3.6120 7.7500
7.7115 7.7557
7.7523 5.3274
7.7394 -8.2073
7.8074 1.5692
1.5012 7.8023
7.7940 1.3870
7.7241 4.5915
5.0322 7.8241
2.3432 7.7656
7.7660 1.5727
3.9571 -9.5878
1.4244 7.7885
7.7117 7.7583
4.1764 1.5710
2.8697 7.7766
6.9103 7.7086
7.7195 1.8766
7.7539 7.7686
7.7390 7.7622
7.8105 -9.0947
1.4693 7.7547
3.9390 2.6779
1.7634 1.1898
1.5731 4.6707
7.7548 2.4622
1.0928 2.7218
7.7011 7.8332
7.8177 7.8042
7.7345 7.7456
3.6240 7.7649
4.4283 7.7810
5.2482 4.4224
2.5057 3.4168
7.7658 3.7520
7.7368 3.6194
2.0714 7.7642
1.1541 4.7428
4.7909 1.9543
2.5589 7.7320
3.1304 7.7572
4.4559 4.6239
4.1015 7.7971
1.9668 6.2041
7.7762 1.7941
7.7122 1.0885
4.3853 7.7857
6.0973 7.7500
-8.9207 7.7771
2.7087 7.7924
7.7437 7.7135
2.6208 4.8631
4.4086 7.7479
5.7794 1.9862
5.8956 7.7936
1.6687 2.1023
7.6602 7.7820
1.6940 1.7427
4.0526 5.4375
2.0302 1.6933
7.7709 5.5503
7.7661 4.0107
1.7404 1.1184
3.7081 2.9220
1.1066 2.8483
4.4735 7.7226
3.7784 5.2406
3.5623 7.7855
2.4531 7.7206
7.7585 3.6273
2.7169 4.4860
1.4545 7.8011
1.4536 7.7559
2.5769 7.7386
6.1149 3.5133
7.7911 7.7270
4.2949 2.2066
5.3317 7.7492
7.7320 1.9597
3.7369 1.9655
4.8549 7.7769
1.5241 7.7403
5.3916 7.7568
1.4723 1.8476
7.7338 3.6937
7.7325 4.8764
3.0934 4.9014
7.8163 4.1546
4.4172 4.3778
1.6063 1.7917
2.1559 7.7652
1.4966 2.0123
7.7756 2.9955
4.5582 3.1092
7.8046 7.7349
5.0575 3.4557
3.2811 7.7596
4.9303 5.1889
-5.8346 4.0443
7.7669 4.1798
7.7689 7.7579
1.7592 7.7346
7.7622 3.4731
1.8497 1.9628
1.7076 1.9998
7.7324 7.7752
7.7168 7.7576
1.1808 7.7117
7.7700 7.7437
7.7969 7.7239
4.5869 3.7213
1.7603 7.7599
7.7778 3.5444
4.6450 1.8104
1.4525 7.7735
7.7821 1.4017
0.9623 7.7790
4.1921 1.3732
7.7360 1.4846
7.7566 7.7799
1.7096 1.8900
5.2563 1.7271
3.2167 7.8231
5.3971 7.7836
1.4743 7.7885
1.5593 1.6792
3.2429 3.3574
4.1001 4.0643
7.7638 7.7202
7.7503 3.0290
3.6114 2.1307
5.1097 7.7000
1.5807 7.7136
7.8210 3.5841
2.5182 7.7134
5.1952 2.5167
4.6896 7.8135
4.7422 2.0711
0.4818 7.7108
4.3402 7.7230
2.0406 7.7210
7.8154 7.7774
1.5895 7.7264
1.8560 1.4116
2.9056 7.7642
1.5193 3.9676
3.6771 7.7457
3.1381 2.6628
7.7870 4.2450
2.8900 4.3223
7.7365 1.8385
3.9005 5.5079
5.6299 7.7487
7.7648 1.2925
7.7614 4.6871
2.5010 7.7722
7.7703 4.9608
1.5784 3.4741
7.7335 7.7362
7.7507 7.7914
7.7862 4.9375
7.7679 2.0277
7.7494 2.1581
3.8486 7.7543
2.7499 1.7395
5.7058 3.5317
2.7539 5.4925
1.2814 4.0754
1.6664 7.7583
5.5434 7.7335
7.7902 1.3986
2.0933 7.7415
2.7528 4.9356
7.8095 7.7892
4.2085 1.4256
1.1743 1.5897
7.7887 3.7850
4.5976 3.3954
3.9052 4.1989
1.7355 7.7386
3.2873 4.3433
3.4861 3.5536
1.8093 6.6917
7.7942 1.5606
7.7428 7.8269
7.7921 1.9176
2.9104 4.3314
6.2239 7.7441
1.0321 7.8175
7.7610 7.7935
4.5115 6.1072
1.6012 7.7903
8.1403 2.7872
7.7453 7.7718
7.8044 1.2099
7.7723 7.7051
1.3691 3.5721
4.0570 7.7360
1.6115 3.2152
2.2372 2.3540
3.9033 1.1714
7.7835 7.7681
4.7683 7.7885
1.8650 7.7789
7.7066 3.3994
7.7791 3.8421
7.7626 2.1351
7.7610 4.8321
1.5419 2.8401
7.7482 1.9696
4.6708 7.7707
3.2535 7.7163
1.6024 4.9156
7.7399 1.6790
1.0038 2.6755
2.8280 7.7367
-9.3101 1.1385
7.7419 7.7666
3.9532 2.7768
7.7940 7.7672
-8.2859 7.7862
4.2192 3.1494
7.7471 5.0445
7.7229 1.9108
7.7943 1.0126
7.7997 1.6606
4.2882 3.8041
5.6925 1.8185
7.7137 2.6115
5.2053 7.7483
7.7449 7.7594
3.2421 3.4489
4.9645 7.7332
3.4231 7.7950
7.7582 3.6084
4.2757 4.4152
5.1489 7.7903
6.0608 7.7381
3.3168 4.5187
4.2382 4.8160
4.1366 7.7261
1.1377 1.5413
1.4251 1.6545
7.7077 1.5419
7.8093 1.9221
1.2298 2.6241
1.4467 3.4623
7.7747 1.7227
2.1477 3.5221
3.1438 3.8113
6.8799 5.9864
7.7960 3.5653
7.7524 7.7254
7.8244 3.7022
5.2189 1.9163
2.8563 2.1214
1.8013 3.9403
1.6993 7.7882
3.3910 7.7186
2.5485 7.7565
4.0296 4.4872
3.5777 4.1066
-6.3593 7.7611
3.4936 1.2846
7.8272 7.7594
3.4625 7.7919
5.3969 7.7685
7.7405 4.5800
7.7357 7.8007
7.8299 7.7775
2.0539 7.7976
7.7981 2.6418
2.4477 5.1456
7.7403 7.7546
7.7168 -5.9572
4.9053 7.7494
7.6960 7.7275
2.6242 5.7136
7.7868 4.0469
1.7920 7.7799
5.0473 7.7275
3.7307 7.7497
1.5052 4.8735
7.7448 7.7404
7.7974 4.6948
2.4255 4.8488
7.7681 4.9416
7.7769 1.2137
7.7264 4.1990
7.7434 3.3151
4.1080 7.7438
7.7576 1.0588
1.7689 7.7445
4.8106 1.7905
4.9056 2.1428
4.8890 4.8102
4.5340 1.4145
3.3059 4.6679
7.7706 4.9315
3.6045 4.3567
5.5423 2.0202
4.9415 1.8076
1.6882 1.5706
2.0099 5.8107
1.1435 7.7547
4.3963 3.2868
4.8540 1.3212
7.7749 3.0215
1.2301 4.5864
4.3087 3.9108
5.1330 2.5131
1.5152 2.5605
0.9633 2.0509
1.6028 5.5732
3.9272 7.7874
7.7546 1.5209
4.5073 7.8209
1.6674 7.7715
4.0491 7.7875
7.7772 3.1469
4.2357 7.6974
4.0708 2.6231
3.5956 7.7419
7.8029 2.7515
2.4895 3.4275
4.8379 7.7914
4.3187 1.4058
1.5717 7.7954
7.7533 6.3253
7.7702 4.8902
6.0949 5.3820
3.6780 7.7253
2.8918 3.9719
7.6939 1.6500
4.1188 7.7699
3.4298 7.7491
3.7992 4.2881
-7.0429 5.0508
1.5857 5.1597
4.5007 2.0273
4.3530 5.8629
7.6956 3.6236
1.4434 4.1272
2.7706 4.3187
7.7586 7.6835
4.1302 7.7721
7.7608 -8.8598
4.6872 5.2553
7.7844 -6.8686
7.7161 5.0679
1.5172 1.0308
7.7935 4.1733
3.9814 3.9173
7.7480 7.7897
4.3769 7.7472
2.5191 7.7579
5.6454 1.7363
7.7589 7.7009
4.3599 2.1214
7.7515 4.1396
5.1263 1.4567
7.8018 1.7077
4.2209 3.4705
7.7231 1.8262
7.7765 2.7734
1.9571 7.7568
3.5513 5.3189
3.8389 1.4601
1.5490 5.1601
7.7459 4.3426
1.5716 5.0971
7.8046 7.7850
5.5986 4.4097
4.1972 5.2306
4.0427 7.7430
3.3136 7.8058
1.2090 5.4509
3.7296 2.6984
7.8088 4.2058
3.7743 7.7761
1.2326 1.3684
1.5499 7.8299
3.8979 3.1367
2.5004 4.3386
1.2610 7.7362
4.6376 4.1064
1.6775 7.7496
5.4653 1.8333
1.3704 7.7650
3.8285 5.6071
2.6617 5.1351
7.7508 3.8857
3.8974 4.2654
4.3200 3.4588
3.4175 4.8624
7.6888 1.3338
3.5270 6.1267
1.1839 2.5987
1.6755 4.6863
2.9003 1.8797
7.7357 4.1042
-8.1624 7.7751
3.3028 2.0391
3.4400 4.8293
7.7345 7.7183
1.4827 1.5659
1.6263 1.4919
3.2932 3.5695
3.5189 7.7967
5.8168 2.5609
4.9171 7.7645
7.7104 2.1573
2.0118 7.7644
7.7993 7.7794
3.9276 3.0736
1.3539 3.1118
4.6273 2.7874
7.7624 3.8465
3.2968 7.7491
3.9866 7.7587
7.7790 3.6297
7.7724 1.3031
5.1431 3.5052
1.6552 7.7535
2.5869 1.5054
6.3496 3.3798
7.7245 5.5348
2.4576 3.4940
1.3829 4.0709
1.3618 7.8022
3.9943 6.3349
7.7937 0.1287
1.4217 7.7505
3.9344 4.7419
3.4330 7.6864
7.7531 5.3937
7.8153 3.0083
3.3627 5.3707
7.7116 3.6090
4.2028 3.6364
1.3260 4.8081
7.7284 1.8582
1.8528 4.3144
3.1600 7.7466
7.7194 7.8279
4.8579 2.1382
0.8920 7.7270
7.7963 7.7600
1.8027 1.7488
4.3856 4.2177
1.5199 4.1065
7.7734 2.4696
4.1149 1.6670
3.4763 7.7715
7.7147 7.7771
7.7773 7.7591
1.8979 4.5148
4.0139 6.2335
4.2964 1.6049
2.7139 4.2717
1.2132 7.7587
7.8085 7.7791
4.9541 3.7552
1.4915 3.4770
7.7468 4.0639
1.6044 7.7230
1.7363 7.7540
1.9185 1.9321
1.9849 4.8121
7.7852 5.1123
7.7520 7.7284
7.7648 5.0890
7.7756 7.7718
1.8608 7.7571
7.7547 7.7818
-6.4383 3.9576
-11.7945 7.7545
1.7950 7.7412
4.8457 5.0672
-9.6139 4.1851
1.6085 7.7398
7.7038 1.4376
1.7802 2.2473
4.1843 7.7827
5.0262 1.1460
3.2467 1.3598
3.3272 1.8071
4.1044 1.8204
1.7414 7.7490
1.3397 7.7774
3.1246 1.4724
4.4086 1.2524
5.3590 1.4423
3.5280 5.0213
7.7714 2.1276
1.5896 5.0153
1.6404 7.7848
1.8702 2.4018
1.4490 1.9678
-8.1553 4.2109
7.7915 3.5840
1.9277 -6.9511
2.1927 4.9701
1.8474 2.5144
4.1765 4.5650
7.7689 3.8900
7.7338 4.2135
7.7563 3.8024
7.7616 2.5166
5.8857 1.6888
7.7452 1.6263
1.3743 1.8729
2.7672 7.7697
1.1586 3.1922
4.0376 7.7636
7.7253 3.2230
7.8117 7.7391
3.9776 2.1613
2.9508 7.6855
3.5629 7.8142
2.7143 7.7648
7.7396 3.8569
7.7084 7.7780
3.4539 5.3951
5.0132 2.0162
1.8868 7.7769
7.7392 7.7424
4.0154 7.7731
-12.0127 1.6290
4.7705 2.7632
4.8839 4.4965
7.7270 4.7730
3.4430 5.8427
6.6169 1.6564
7.7760 7.7662
4.6837 7.7095
4.1984 1.1614
1.8730 1.8224
7.7665 -9.2844
7.7895 3.4393
1.4355 4.5549
7.7666 1.8177
5.9971 3.9612
1.9390 3.9881
3.5055 7.7363
7.7837 3.8270
1.6309 3.4801
1.7012 7.7752
3.6056 3.7010
4.8639 7.7569
7.7861 3.7175
3.6209 1.8805
7.7392 2.8891
3.7577 1.7437
1.7468 4.6102
4.4318 5.5502
7.6951 2.9197
7.7309 7.7012
7.7142 7.7914
4.2540 4.6686
7.6784 2.2967
1.0309 6.8831
7.7716 3.0907
7.7670 2.2393
1.8209 1.6948
0.6192 7.7399
7.7495 3.4706
4.5944 4.1622
3.2822 7.7801
7.7508 7.7865
7.6959 7.7667
7.7896 1.8834
1.6755 7.7885
7.7522 2.8444
1.6621 4.1720
7.7616 6.2548
3.4443 1.9126
4.6460 6.7091
5.7970 5.3487
2.3475 7.7471
7.6761 7.7674
7.7816 7.8019
4.2554 7.7276
4.7332 3.2795
7.7717 1.9066
4.9716 1.7476
3.4503 4.7144
3.0334 3.5846
7.7849 7.6827
7.7684 7.7377
3.3865 4.7438
7.7491 -9.6952
7.7313 7.7733
2.3193 3.4285
3.4282 7.7063
3.0347 3.5771
1.6942 2.0417
7.7735 7.7626
3.5109 4.3696
1.7985 1.6374
1.5746 1.3689
3.8925 7.7554
3.2678 4.8388
7.7630 7.7300
6.7243 2.5779
7.7604 1.6544
4.0637 7.7214
7.7332 7.7750
7.7440 4.1960
4.5907 3.7215
7.7679 4.1864
7.8003 -6.9019
3.7906 1.6044
1.5188 3.6218
5.8033 2.0809
7.7927 7.7776
7.7109 7.7476
7.8005 7.7842
4.1574 7.7669
7.7551 5.9434
7.7069 7.8118
3.3971 7.7684
2.2984 2.6288
2.7388 1.7157
4.2069 7.7497
1.1327 4.5574
1.6877 2.6068
2.0801 7.7461
3.8814 4.2523
3.7623 7.8131
7.7750 4.6764
2.2615 7.8033
3.9362 4.7406
4.7002 3.2143
1.9047 1.2346
5.1745 1.8992
3.7466 1.6690
2.6193 7.7427
6.2532 1.4439
1.4517 1.4988
7.8173 3.9845
7.7197 7.7430
7.7981 1.7036
4.5247 2.5263
4.6457 4.1800
3.9500 7.7625
7.7193 1.6761
3.2014 3.8751
7.7329 7.7472
5.9488 7.7770
4.3416 4.9992
7.7727 7.7365
7.7102 7.7245
1.1383 5.7425
7.7784 7.7115
4.0511 7.7980
3.2168 -10.3544
3.2030 1.9150
3.1742 1.4399
2.6696 7.7329
3.0573 4.5457
7.7666 1.3945
2.3026 4.8353
2.1095 5.0006
7.7554 7.7932
4.2008 2.0120
5.1489 2.5597
7.8101 7.7808
1.6874 1.5000
3.8237 2.2951
2.4755 1.6074
4.2722 7.7493
7.7356 7.7056
7.7547 -7.3484
5.0532 7.7360
1.8859 4.8482
3.0221 3.3716
5.3144 7.8117
4.1481 1.6424
7.7388 4.1629
4.9378 2.7068
4.3057 3.7644
7.7594 7.7969
4.8424 4.4052
1.7633 2.1283
2.7240 2.4212
3.4912 1.6335
7.7846 4.9166
5.2587 4.2251
1.8194 4.1481
4.5971 1.1624
4.5332 4.1533
7.7005 2.0021
7.7735 4.6233
2.6032 3.3503
1.6117 4.6875
4.5967 1.8858
1.8641 7.7802
3.3255 7.7280
1.8891 7.7122
7.7743 1.8810
3.4147 3.4680
1.5584 7.7188
4.4748 3.5064
2.9238 7.7567
7.8039 7.7792
1.2277 1.8262
3.4714 7.7726
7.7406 1.7338
2.2481 4.1817
7.7564 4.9561
5.3857 2.0498
7.7775 5.4193
3.7840 2.5453
7.7435 7.7668
1.5052 1.8684
4.6346 7.7592
1.7112 1.1690
2.4402 2.8502
3.7626 1.8558
2.1023 7.7602
3.5461 7.7593
3.5744 7.7664
7.8022 7.7752
7.7540 5.4026
1.2178 7.7569
4.1087 7.7294
1.8768 7.7300
4.0932 5.3999
2.0279 1.2408
1.0173 6.3005
2.0399 3.2335
1.9721 3.6415
4.0545 -7.2434
7.7476 3.5999
7.7652 7.7567
2.9117 5.5941
3.6632 3.9016
4.9246 5.2802
4.1771 4.7356
2.5832 3.4186
1.6541 7.8430
3.9214 7.7437
7.7793 1.6229
1.2259 1.9359
3.6365 7.7729
1.0239 1.9079
7.7759 1.6524
3.1800 7.7426
3.0969 5.0822
7.8094 3.9944
7.7868 2.1029
7.7247 7.7545
2.4451 5.0968
7.7222 1.6390
2.0618 1.7506
3.7529 1.6230
3.1479 7.7794
1.9601 1.8730
7.7826 7.7563
4.1538 7.7663
7.7678 7.7948
7.7729 7.7645
3.5304 7.7561
7.7276 2.4611
1.9497 5.1482
7.7525 2.8229
7.7660 1.3735
7.7280 4.9029
7.7388 4.1858
4.6397 -8.1412
3.6131 7.7443
3.2699 7.7654
7.7437 7.7478
1.8334 3.6139
2.3503 1.5949
7.7360 5.3421
7.7918 7.8120
7.7739 7.7961
1.4499 7.7801
3.7705 1.5904
7.7397 3.3079
4.4023 1.7086
1.7704 4.1938
3.7951 4.5858
4.6799 4.1562
7.7330 7.7742
7.7287 1.6202
3.9034 5.2989
2.0913 7.7862
4.3502 1.4911
1.6527 5.4056
3.7693 7.7652
7.8025 7.7678
2.8255 1.7982
1.6109 1.5881
1.8905 7.7690
-0.2434 7.7204
5.2728 4.9784
-11.3325 7.7549
1.2511 1.3015
3.0710 7.7935
5.0664 -13.0983
2.7427 1.8707
1.8781 1.1993
7.7372 7.7229
4.9299 2.2800
7.7277 0.4783
7.7740 3.2767
5.9225 4.9373
7.7651 4.6399
3.5792 7.7772
7.7321 7.8060
2.8975 2.7560
5.4103 4.7846
3.2643 4.5220
7.7354 7.7343
1.9976 4.1167
6.0593 4.0869
7.7148 1.3022
7.7756 1.8594
1.7644 3.9809
2.2762 2.0952
7.8065 3.4934
4.8465 7.7554
3.7833 2.0445
7.7798 4.4242
7.7485 -7.4945
7.7780 4.7824
4.7428 3.7704
1.7671 1.5267
7.7892 4.8411
3.9225 7.7307
6.7358 6.2805
7.7613 5.5779
3.5060 7.7415
1.8636 3.8677
1.5566 7.7562
1.2921 2.8092
6.8560 3.6536
2.0122 7.6898
5.4752 1.6921
7.7460 5.4624
7.7742 5.4319
2.9139 7.7806
1.4290 1.6466
2.1149 7.7358
1.8344 1.7753
4.3415 4.1550
1.5032 0.9100
3.7750 3.0895
3.6571 2.9055
3.6959 1.8077
5.1273 1.9266
7.7781 7.7731
4.7753 6.3566
7.7999 7.7560
4.0009 7.7793
1.9262 4.2047
3.7360 7.7213
1.4304 5.0594
7.7919 2.6498
4.1092 7.7465
2.3602 7.7031
1.4702 3.2545
3.9877 1.5466
3.3163 1.6361
3.2976 7.7696
4.3162 1.8285
3.8935 7.7325
5.4505 4.0471
4.1211 4.7477
3.5847 5.3485
3.2321 7.7910
7.7170 3.5351
3.6170 3.0758
7.8004 1.6409
1.7432 7.7220
7.7574 7.7526
3.1131 7.7579
7.7508 2.8973
3.2505 7.7561
7.7329 7.7740
7.7569 7.7763
2.2227 3.9037
7.8322 1.7899
3.6369 7.7121
4.5578 3.6162
3.0684 7.7542
1.7267 4.8551
7.7519 7.7343
2.4812 2.6290
1.5825 4.7725
-12.8857 1.6138
7.7663 7.7782
5.3068 7.7566
2.0899 4.7870
4.6595 3.3224
4.2987 7.8189
7.7758 7.7476
4.2915 1.8779
4.8392 7.7632
-15.4063 5.0529
1.7334 7.7834
7.7241 -13.1369
7.7864 7.7372
7.6948 7.7397
1.7057 7.7358
7.7278 1.5022
2.9594 7.7168
7.7305 3.2681
2.1947 1.6720
6.4612 4.7132
1.7592 3.2766
1.9464 1.7218
1.6401 6.2682
3.9658 0.7817
5.3849 7.7001
1.8503 4.2190
7.7374 2.4549
1.9406 7.8083
2.9070 5.3521
7.7400 7.7821
7.8092 7.7465
7.7889 3.3962
5.2127 3.8540
7.7333 4.6415
1.8180 3.2565
7.7698 1.6644
0.9064 7.7848
1.2323 7.7751
2.0374 7.7721
7.8376 5.3782
7.7451 3.8369
7.7874 7.8078
3.0024 5.2409
1.4601 4.7646
3.0302 4.4687
7.7752 1.6529
7.7680 7.7984
4.6520 1.9342
4.6466 3.0516
3.7957 3.8921
1.6320 1.5647
4.0230 7.7750
-10.4576 7.7075
-12.4661 3.3487
1.4581 -6.5772
1.4105 -6.6241
4.1978 4.4696
4.4348 1.7403
4.8467 3.5485
-6.0312 4.3758
5.3147 1.8370
7.7777 4.3091
4.2777 7.7653
4.4484 5.1128
7.7789 4.0713
3.6683 7.7830
5.1556 3.9557
7.7569 7.8578
7.8070 3.7292
3.2664 1.7673
1.6515 3.2809
7.7604 1.7433
5.7552 1.6740
7.7570 2.5841
7.7471 1.9411
3.0743 -9.3634
4.8443 7.7217
1.7022 7.7745
4.8995 1.6250
1.6524 3.0918
3.4938 3.9316
3.3318 3.7302
3.5958 1.9849
3.9795 1.4494
1.6004 6.0162
7.8331 7.7599
1.3594 4.5499
7.7621 7.7946
1.3649 3.7320
7.7814 1.8131
1.5585 4.4154
5.5135 1.0439
4.2630 7.8060
3.6660 7.7517
3.6420 7.7774
0.9674 4.0707
1.9088 7.7265
1.3414 1.9290
5.8125 3.0259
-12.9976 4.7127
7.7193 7.7413
7.7317 2.3652
3.9204 4.3701
1.7375 7.7582
7.7691 1.5414
1.8747 4.2346
3.7349 6.1635
4.7885 1.5147
-2.6021 4.6309
7.7296 2.7019
2.1352 2.4713
5.6309 7.7707
7.7413 7.7775
4.6147 1.4887
2.0739 3.5919
1.7897 2.4944
7.7776 7.7407
7.7891 3.6282
2.5437 2.0151
3.4536 1.8408
7.7667 4.1538
1.6457 1.3603
2.2764 7.7280
7.7762 3.9362
1.9412 4.8006
1.9301 1.6324
4.3213 7.7694
4.1795 2.3730
4.9332 7.8022
7.7700 7.7775
3.6646 3.3383
5.7774 7.7867
1.6634 7.7891
4.5328 2.7505
4.0672 4.3766
7.7712 3.7701
3.2943 5.3011
-4.8154 4.9008
7.7644 1.4399
1.2563 4.4137
2.2635 4.5000
4.4106 7.7884
1.8615 7.7595
4.5301 7.7520
7.7845 1.7154
2.0333 5.3874
7.7566 7.7876
3.3125 1.9389
1.3461 1.3133
3.1057 4.0203
7.7751 -14.8703
3.6032 7.7726
4.4624 7.7408
2.0210 4.6460
-7.8522 5.5060
3.6467 4.4538
5.3854 2.0092
1.6307 1.5518
7.7750 7.7407
7.7596 1.7304
2.3486 3.0009
-12.7290 2.5213
6.9142 4.3355
2.8713 7.7648
3.1250 7.7910
3.4779 5.2541
1.9873 7.7204
5.0835 7.7272
3.9090 7.6750
2.2208 3.6725
4.1588 1.4528
7.7901 7.6869
7.7636 3.6381
3.5780 7.7920
2.0410 2.6316
7.7636 3.7369
7.7893 3.1069
2.7581 1.7098
7.7538 5.7696
4.1198 1.8015
7.8156 7.7560
7.7382 7.7173
7.7860 4.3331
7.7407 1.8036
4.2713 3.9411
4.4181 1.5883
4.9783 7.7629
7.7545 1.5807
1.7009 5.5529
1.7237 7.7716
7.7194 1.5663
7.8228 7.7477
4.3273 5.1991
4.9563 7.7443
7.7366 3.9309
4.7388 3.8465
7.7554 1.7717
4.1507 5.6236
2.6301 3.0057
1.4818 5.0357
7.7438 7.7738
2.0013 3.2064
5.6354 7.7960
1.2643 4.3844
7.7717 4.8709
2.8881 1.7770
4.5423 5.2764
2.9282 3.7465
3.8885 3.5537
5.0694 3.8852
7.7560 7.7636
7.7438 1.7521
2.1323 5.1773
5.5982 7.7314
7.7943 5.8851
7.7779 3.0562
7.7524 3.6925
7.7250 2.9470
7.7750 2.0777
2.0425 0.9536
1.9517 7.7631
5.5406 7.7922
7.7329 1.7775
4.6933 6.7245
4.1272 4.2486
3.7507 4.7526
7.7321 7.7824
1.4978 4.6487
3.0937 4.8915
7.7931 3.2286
3.0798 4.0207
7.7228 3.4401
1.8837 4.5759
1.6954 3.5454
1.6338 3.6418
7.7632 3.2758
4.1487 7.7643
4.7951 1.8149
7.7409 2.6760
7.7592 7.7289
7.7462 4.7349
7.7620 1.6325
7.7582 2.2028
4.3967 2.9402
4.2383 5.3114
7.8139 1.9430
1.8038 2.6948
3.2567 7.7493
7.7746 4.3471
7.7436 5.1280
5.0857 4.4669
5.1547 7.7379
1.8029 1.5512
7.7614 2.7156
7.8183 2.9598
3.1767 7.7244
4.5035 7.7617
4.8525 3.7797
5.0599 3.3191
7.7769 7.8420
7.7810 7.7479
4.7770 2.1973
3.7562 4.0337
7.7785 1.6136
3.1606 7.7691
5.9098 3.3526
7.7839 7.7847
5.0653 4.3036
5.2143 7.7869
1.7913 1.9871
7.7737 4.2021
7.7418 -11.2042
2.8167 1.7345
4.9983 7.7473
7.7395 7.7586
5.7766 3.7678
1.8092 -10.6058
3.3501 3.2709
4.1628 3.4687
3.4149 7.7743
2.5197 3.1091
4.3551 7.7835
4.1831 3.2954
7.7347 7.7465
2.9556 5.8287
7.7678 1.8528
7.8114 7.7636
5.3060 7.6991
2.1949 5.8118
3.7130 4.9153
7.7682 5.2374
4.0744 3.1987
1.4594 7.8158
2.9903 3.8202
7.7669 3.3023
7.7806 4.7971
7.7520 7.7638
7.7277 7.7429
7.8176 4.6619
7.7481 2.1388
2.8717 5.0543
7.7791 7.7327
3.7702 7.7325
7.7642 1.8271
7.8233 4.9344
1.7005 2.9871
3.3493 4.1288
1.5458 4.0654
7.7169 2.9210
7.8074 4.9523
5.8119 4.8016
7.7700 5.1982
5.2909 3.7948
3.6571 1.6769
7.7310 7.7887
3.7225 7.6973
7.7459 4.6749
1.8377 7.8163
3.8007 7.7553
2.7440 1.9924
7.7330 3.3150
1.9833 2.8964
4.8708 3.6646
7.7451 7.7676
7.7308 1.6066
7.7485 3.7682
7.7628 7.7584
2.8277 7.7245
1.4906 1.4569
7.7469 2.8214
1.3202 4.3451
7.7284 7.7568
5.5796 4.4387
1.8673 7.7757
4.4999 7.7653
3.9416 3.1450
7.7795 1.8703
5.0936 2.1550
5.5810 1.4098
7.7254 7.7910
7.7901 5.1105
4.3908 1.3507
-11.1361 5.0470
1.3434 5.9226
2.9965 4.1868
3.3674 1.3125
7.7584 1.4201
4.2613 1.8209
2.1030 7.7955
1.6875 6.2488
3.1733 1.9025
1.7690 -9.3486
3.6110 4.0259
7.8024 7.7758
4.3505 7.8068
3.7800 5.3080
3.4047 7.7486
5.3794 1.3357
2.4798 -2.5645
1.5175 7.7508
5.1440 1.6238
7.7376 4.1281
5.6331 3.4337
1.5321 7.7203
4.1811 2.8152
7.7682 7.7925
4.1575 1.2177
7.6958 7.7020
2.5958 4.8512
1.7976 3.6858
1.4894 5.0043
3.7007 7.7879
2.2242 7.7670
7.7865 3.7998
5.5329 1.4042
7.7521 4.2464
7.7800 2.7130
7.8079 7.7406
4.0848 7.7872
2.2425 7.7445
2.0555 7.7117
7.7219 7.8067
7.7996 7.8062
5.2651 4.6910
7.7255 3.3702
4.4237 7.7372
5.1728 3.2163
2.0841 7.7655
1.3860 4.3205
3.1881 5.1848
5.5147 7.7559
2.0865 1.8386
7.7698 7.7541
7.7357 5.5811
2.3168 4.0906
3.3257 7.7474
7.8058 1.0948
7.8076 7.7893
2.3193 1.5698
3.0560 7.7447
3.7507 4.9656
1.0536 2.1681
3.7162 7.7231
7.7738 5.6918
4.8028 3.7839
7.7714 2.9341
3.0375 1.6010
5.5157 4.9867
2.4798 5.5753
5.1270 1.6578
4.2430 3.7953
4.0152 5.6455
1.2466 3.9765
7.7879 7.7874
1.9221 7.7586
7.8116 7.7286
1.5438 7.7579
7.7715 3.7151
1.6824 4.2302
7.7981 1.9346
7.7941 1.4539
2.6078 7.7406
3.7495 2.5169
7.7140 7.7839
3.5473 1.6434
7.7604 4.7536
1.4842 7.7178
3.5424 1.8133
1.5405 3.5330
5.5586 1.5367
7.7617 3.1635
7.8051 1.7448
7.7678 2.8619
4.1856 7.7427
5.0805 7.7790
4.2243 2.3813
7.7536 4.6160
7.8036 7.7397
4.5641 1.2994
4.4258 7.7471
7.7416 7.7673
1.4349 1.5768
1.5283 4.2939
7.7627 7.7975
1.4389 4.7721
7.7159 1.5212
5.4670 5.4758
-9.0648 7.7950
4.0697 6.1600
2.6297 3.3459
-9.7619 2.8888
1.9256 7.7521
7.7311 2.7448
5.3470 4.1194
7.7156 5.6802
7.7528 7.7048
2.0693 1.3917
7.7483 1.6677
7.6927 6.7379
1.8465 1.8223
6.2124 1.0912
4.3616 3.7583
1.8155 7.7456
3.2765 7.7761
7.7620 7.8247
5.4279 3.3032
2.0772 7.7730
-12.7098 3.8870
4.5168 4.1922
4.5800 1.6994
3.1717 4.9962
7.7437 1.8247
3.5791 3.7409
1.9895 7.8490
7.7633 3.7959
3.9800 7.7624
7.7639 5.4711
4.4240 4.9732
4.7577 4.8265
7.7469 7.7796
2.0585 -6.3685
1.3095 4.2043
5.4290 6.8017
7.7998 1.7303
2.1384 7.7814
1.4031 1.8227
4.1378 2.9164
7.7729 3.0263
7.7164 4.7069
1.6760 4.3245
5.4087 3.7229
7.7305 3.2700
7.7890 6.1367
1.8905 4.9209
7.7921 4.0649
1.8559 7.7517
7.7760 7.7019
1.8019 1.4462
7.7736 1.6061
7.7309 1.4324
7.7799 7.7689
3.7191 3.0092
1.3272 7.7539
3.8618 1.7417
1.9945 2.9511
7.7953 7.7861
3.7131 1.4070
7.7834 2.0141
0.7775 7.7888
1.7775 7.7193
1.6567 2.3740
7.7812 7.7829
3.6154 5.1611
3.3691 0.9588
7.7794 4.0815
1.5947 1.9604
3.1530 3.9813
1.8301 2.6369
2.1039 1.7277
7.7738 7.7668
1.6623 3.1857
1.5370 7.7857
5.0928 1.4212
1.7938 5.7400
7.7902 4.3004
7.7600 5.8931
7.7284 2.3206
2.7566 4.8922
5.3903 1.2616
7.7567 7.8250
3.3754 2.1416
4.4604 2.9016
1.4018 3.2515
7.7734 1.7398
7.7120 6.1024
7.7105 7.7786
7.7600 4.2166
1.7732 7.7674
5.0054 7.7364
4.2982 3.5413
2.1625 3.5213
2.1864 3.1037
7.7245 -9.3833
4.6412 2.9230
3.5027 5.1788
7.7506 7.7193
7.7674 7.7788
4.0634 1.6582
3.2966 3.3461
3.5747 7.7386
7.7692 3.1679
3.7523 4.7959
3.2900 3.6764
3.9963 2.8779
7.7838 4.3306
7.7653 5.4947
7.7543 2.2149
2.8693 7.7699
4.1222 2.6675
4.5849 1.4702
-9.4505 7.6975
4.9986 1.1600
7.7389 4.2927
7.7481 4.6762
7.7295 7.7456
7.8122 4.5324
4.2911 3.9882
7.7359 3.6682
5.3334 7.7753
4.2390 7.7734
3.0775 4.6059
7.7914 1.3530
7.7711 7.7535
7.7384 2.1585
3.0830 4.4907
3.3812 1.8415
5.5868 1.7710
7.7255 7.7750
2.6952 2.3545
1.7142 5.1492
7.7695 1.9375
3.4565 7.7573
1.6822 7.7955
5.1550 4.2178
7.7855 3.6832
7.7684 7.7739
4.1803 3.6284
4.5864 7.7584
5.0406 1.3865
7.7384 1.3662
1.6717 7.7292
4.6097 7.7633
4.6381 -9.1413
1.8372 1.5756
3.7526 7.7371
1.9495 3.4385
7.7816 2.6058
3.2092 4.3735
7.7352 1.4791
7.7452 7.7534
7.7493 5.3147
1.5095 1.1299
4.8046 4.8944
1.8448 1.3044
4.3736 2.2212
4.6869 7.7232
2.1674 7.7331
2.8050 7.7596
1.1862 4.2850
1.8625 1.6704
1.5123 4.0180
7.7850 2.7017
7.7497 4.6975
1.5582 3.9735
1.7531 7.7362
4.4080 7.7808
7.7909 4.3891
1.7404 6.8811
7.7868 3.9571
3.4109 1.5757
7.7371 7.8009
7.7456 5.4134
3.7252 7.7411
7.7178 5.7851
2.0168 1.3593
4.7061 2.5887
2.2223 1.4460
0.3300 1.5104
7.7073 7.7551
3.9240 7.7918
1.5350 7.8014
2.0699 2.0312
4.4228 7.7624
5.1332 7.8008
3.4160 7.7438
7.7661 4.6860
7.6878 1.5009
5.5887 7.7673
7.7477 1.4148
2.1875 7.7427
-10.8040 3.3720
7.8176 5.8296
3.6632 1.7848
3.4197 7.7392
1.5313 4.0209
-9.5613 5.0341
1.5179 7.7559
5.5516 3.7233
2.8367 7.7414
3.9570 4.0599
4.6803 7.7267
5.3284 1.9812
7.7273 7.7546
7.7353 7.8003
2.4194 4.4739
4.6466 1.1017
1.3741 7.7442
3.6463 2.6423
7.7713 1.1677
1.7761 7.7713
7.7402 7.7343
1.9121 4.1852
7.8047 7.7091
1.7190 5.4391
3.6500 4.4412
1.1122 7.8039
4.5915 4.2083
7.7918 2.9759
1.7218 1.4304
1.8942 4.5364
7.7626 7.7943
7.7720 4.2111
3.1605 1.1399
7.7879 3.8327
4.0699 2.7802
4.3703 7.7566
7.7712 7.7308
1.7905 -6.4142
1.4607 3.3412
4.0508 7.7720
7.7663 3.8186
7.7927 1.7767
7.7405 7.7647
7.7647 1.9227
3.3215 1.7400
7.7604 4.8231
7.7179 4.2758
7.7610 7.8204
1.8146 7.7984
7.8077 7.7944
7.7637 3.2764
7.7405 7.7576
4.4116 7.7630
2.0231 5.7115
7.7330 5.2743
1.8706 4.2610
1.6752 7.7782
3.2509 4.3756
7.7841 7.7140
6.2919 7.7729
7.8007 1.8022
7.7183 3.6411
7.7683 3.7475
7.7490 3.5410
7.7935 7.7686
5.1071 1.4894
-8.9656 7.7588
7.7166 7.7711
0.7588 1.4824
4.2235 2.8577
7.7610 1.3869
-7.1120 4.4588
1.5678 3.5618
7.7525 5.2727
7.7867 5.5212
1.5672 3.8837
7.7446 7.7327
1.8879 7.7349
6.6741 7.7775
2.0779 4.1701
7.7987 7.7259
1.1819 6.2244
7.7209 7.7847
3.7483 1.8022
3.1152 7.7788
7.7662 3.5376
1.1882 7.7617
2.1723 5.0543
3.2418 7.7642
7.7701 6.2371
1.0194 7.7661
7.8142 4.0023
3.2151 3.3526
1.6735 1.8530
7.0669 0.5915
1.0363 0.9819
6.7153 10.9199
-4.9696 6.0534
-3.1709 6.5197
-0.5339 -0.5834
-1.2000 10.6681
7.6278 -1.8860
-1.3887 2.2167
7.3607 -2.9115
7.4234 8.3693
-0.1774 -0.0987
-2.7473 2.2353
-7.4015 -0.9980
8.9807 12.7196
9.1923 -2.4532
8.3810 7.2497
8.8925 -4.3873
9.4109 8.3256
9.1643 -2.2273
3.2487 8.5534
2.1066 8.2682
0.2120 6.9543
-2.3133 0.6633
3.7848 4.7002
-0.1212 8.2011
0.1711 6.7383
4.5611 4.3284
-5.4624 0.7496
-2.1017 1.7182
7.0352 6.2922
-0.5926 6.3534
10.1805 -1.7375
-0.7051 7.4663
-1.2036 -2.3985
7.7521 -4.0087
8.0538 -1.7080
6.6810 7.7157
-3.3934 5.4997
-0.9056 5.7004
-1.1635 -3.6179
7.1035 7.3600
13.4128 -2.1652
0.6249 0.3891
-1.6962 -2.3236
12.9558 -3.4780
5.6769 14.2626
-2.0881 -1.1472
-0.2155 10.1029
2.6650 5.2347
10.1941 8.8195
-2.4809 8.8834
7.5286 12.3112
-2.7259 7.1091
-2.3333 -0.3199
7.2346 -8.3571
-1.5671 8.4123
-2.8599 7.5140
0.1056 -6.8353
-7.6222 -0.8354
7.7096 8.7503
-0.0209 5.9466
12.2846 -1.9123
-3.0375 4.2337
-11.3285 -6.5089
0.3383 -11.3409
-0.6030 0.6670
8.5174 -0.7773
-6.9608 14.0366
-1.6593 3.3837
8.1450 -0.5257
-2.4017 7.8532
-10.5599 -2.2995
2.2446 11.3653
9.4733 -1.2814
-3.0318 -1.2923
-1.1046 -3.5768
-0.3293 1.6346
-4.6021 14.7594
-7.7744 8.3484
-1.5513 5.7764
2.8296 6.3372
1.5054 5.7173
0.2899 9.0408
-6.8393 0.0716
-1.8862 6.3782
-3.1453 0.4467
-3.5031 3.8572
0.2751 -5.0196
4.8925 -4.7000
1.3971 -7.6316
7.3490 0.1367
13.7269 -2.3868
-4.4519 5.5010
0.4132 -1.7899
8.5939 -2.6239
0.4164 -2.7398
7.1668 -3.0842
5.9313 -2.7071
12.8447 6.4203
0.8667 5.6841
0.6346 1.0966
-2.6506 9.8626
-1.0434 8.4165
1.0345 -4.1377
-4.2907 9.2780
-0.1501 5.7632
6.0210 -4.7256
-3.3728 6.6222
2.0781 -3.9972
12.4500 -1.0093
8.6687 5.5140
1.0395 5.1040
1.1552 5.6533
8.4144 0.5001
-0.4812 0.7266
7.6047 -2.5164
-2.9904 5.5740
-0.2073 -3.2709
7.5135 8.2095
-0.1245 9.5779
-0.8870 -7.4563
5.7630 8.5697
7.9705 -2.2546
-2.2915 -1.1237
9.8450 -3.2167
5.6328 -3.9702
-2.8096 5.9586
5.6582 6.8262
12.0173 -5.3098
6.6408 6.5604
-8.4526 12.9884
-4.8977 11.3107
11.1830 -2.6434
-0.5743 5.7452
-2.6081 7.8207
6.8919 -0.4579
-2.1014 -3.6594
8.1372 7.4989
-1.6688 5.9695
-0.6107 8.0929
7.1371 5.5777
-2.6327 0.2815
-0.9479 -4.7509
-2.1354 0.5482
8.1862 6.1917
0.4760 8.4149
-1.3023 3.8270
15.7147 2.2433
-0.6898 -0.9582
8.7881 -1.3092
7.5132 9.6687
11.9650 -3.9624
-5.5301 -1.3868
-0.3530 2.9438
-5.3864 -3.7335
7.6976 11.2996
4.6255 4.9768
1.4688 -3.4982
-0.7305 8.0696
13.6102 5.1031
7.2935 3.5155
-11.7887 -1.2205
3.3707 7.5287
6.6493 0.0889
9.9172 3.9337
5.2796 -5.0791
6.3841 -0.7877
-6.8312 10.0368
-3.0913 -3.2280
6.0792 -1.9616
7.8889 6.0528
1.1169 9.5906
10.1025 8.8832
-1.5583 8.9509
0.3524 4.9807
-2.4956 12.7864
7.5707 -0.8585
-0.1166 8.5592
5.7716 3.3132
1.5968 6.2272
10.4853 6.6490
7.0794 -2.6353
7.5848 -1.5804
0.5380 6.9459
-0.6965 7.7715
4.3235 5.7929
13.1363 6.8138
10.5437 -5.5091
7.9557 9.6364
-6.6670 7.9782
0.1124 8.2012
-1.5831 12.4944
-3.0833 9.7868
-1.2826 5.9816
-3.0732 7.3953
-0.1359 17.2910
0.7876 0.8725
6.6093 1.5602
9.1130 -0.0152
-0.2681 4.2752
-2.1494 -1.3474
-6.0865 3.7389
4.6292 11.0559
7.0080 -4.1947
6.3767 1.7542
-0.0440 -0.5177
-0.9302 7.3437
7.4195 -1.5348
-2.0353 -3.5167
-3.5782 -12.3533
10.2403 -1.8675
0.2604 6.5102
-7.2733 4.3221
5.8273 8.4372
2.0934 -0.9847
-1.4760 -1.3872
-0.2022 7.8964
7.7985 -0.3468
-3.2963 1.1327
5.4462 7.7998
5.6934 -2.0591
8.1313 8.7067
7.0796 6.8763
-2.6938 6.1569
0.8532 9.9260
0.1944 -2.2455
-6.3033 4.6970
6.1146 -1.3322
0.9237 1.5964
-0.9141 -1.2464
-0.6842 6.5801
-9.4891 -0.8870
3.6699 -1.2192
-3.6370 11.2173
5.5642 -1.0541
5.8955 8.7603
1.0626 7.9853
7.3965 -1.2186
-2.4969 -2.6287
7.6892 9.2391
-3.8587 7.5801
10.2811 0.8002
7.6073 12.9980
7.2991 4.4385
3.2427 -0.5306
-3.5842 -1.8827
-3.7489 9.8891
-3.2678 -1.9747
1.8238 -1.1780
6.0254 5.9514
0.1168 -0.9249
1.3082 4.9830
-1.9769 -0.9613
0.1516 -1.7616
7.9195 -4.1509
5.7641 -0.2121
6.5427 5.7153
1.1881 5.5646
7.8473 13.6107
-0.5829 1.5175
12.3325 7.3216
5.9645 6.9203
-3.0511 -1.9054
5.8105 -1.0724
-0.3440 -1.4866
2.4916 1.1633
-2.0159 -6.4831
12.8192 7.8736
7.8277 4.6318
-1.8107 10.8533
-2.4782 0.4907
-6.9308 6.2662
-0.5901 7.0529
3.6058 -0.3832
7.8462 -0.4353
5.3425 -0.4147
-2.3239 9.5372
4.7135 0.7734
0.8003 8.2795
6.4473 -1.7146
2.7691 12.1107
7.4102 7.4269
7.8000 -4.0034
6.3056 -1.2494
0.9256 1.6126
-3.1952 10.3414
7.3471 4.2067
-0.3978 0.4982
5.0866 0.4876
8.5756 1.5839
8.8688 16.2292
0.1840 4.8309
-5.5562 11.5523
6.8030 -2.0925
7.9950 0.3057
-5.0474 -5.0984
-7.1261 7.1247
2.5904 -2.0765
-2.8487 -13.5629
9.0297 -1.2478
7.3169 1.5433
6.9345 10.9149
5.7026 4.5353
8.4759 6.1353
0.2786 9.3840
2.9919 -1.0599
-6.9144 8.6887
4.9146 -2.7697
13.8613 -2.7342
-1.5769 -2.0827
-2.4642 -2.1864
-3.8413 -2.1713
-2.7542 7.2170
-1.8257 -8.9864
-4.7466 -0.3512
10.4468 0.3160
3.8613 -2.6405
4.4301 1.0653
-4.1570 10.5410
7.4239 11.5557
6.7833 6.9613
3.9229 8.8787
12.3232 2.5923
6.9683 1.3485
8.6472 -6.3613
10.3606 0.7564
9.7811 -1.8776
12.9249 12.0755
14.8240 -2.7505
-1.9314 7.4034
-10.2197 -0.6107
-2.1051 4.8169
-0.3333 8.5641
6.8400 -2.4267
0.7989 8.5853
7.7395 7.6041
10.3202 7.2423
0.1684 -3.8772
-2.0298 0.3841
1.2661 -0.7175
0.9324 9.8065
-1.8996 7.8331
6.5963 -1.0626
-0.9439 -2.5600
-5.8473 -0.4214
-1.7751 -0.4240
-0.0183 6.7674
-6.0182 -1.1275
1.3823 7.1586
-4.7924 -3.9546
9.4246 -1.8145
4.6152 7.3900
8.5333 7.6057
-1.4325 2.1162
-0.8494 0.3524
11.5500 -2.0796
7.1234 7.9162
7.7091 -4.7285
4.7452 -3.1666
-0.6193 -0.4761
-8.8331 -0.1420
-2.4147 -1.2082
8.6769 5.3996
-1.8420 -2.0193
-1.2148 1.2423
-0.2487 -1.5065
-2.2260 -5.5905
8.7791 -0.9348
0.0790 4.1393
0.7824 1.1140
-4.4498 -5.4993
-2.6395 11.3013
-0.3925 12.6408
7.4716 6.7614
-4.2459 13.6943
-1.4094 1.2795
1.5227 10.2486
6.5616 0.3800
-7.1926 -1.2020
-0.0292 -1.8836
4.3197 9.6952
1.3649 -0.9297
5.9521 -1.5152
0.4763 4.6396
4.7746 1.6858
-4.4866 9.4661
-4.7608 4.0926
-1.7697 -0.4509
8.6034 -2.5885
13.1441 -1.0718
5.4922 2.9374
-0.4372 -2.3043
-7.6313 -5.1419
-4.0805 10.2427
-0.7218 9.6947
6.0488 7.3342
8.2356 11.4733
8.4894 7.7958
-0.3609 0.3674
-8.2453 -2.4881
-4.3326 8.6528
-1.8420 -1.9652
7.1459 -7.8418
8.8440 -0.9386
5.6987 8.2186
7.5435 13.8090
-2.5332 -2.3581
-2.0596 2.2146
-1.5830 5.2347
4.9694 8.5256
-0.0285 7.9347
12.6249 5.7760
8.0656 -2.2465
5.0967 -3.2166
9.4423 7.2751
7.9234 -0.4009
2.2039 9.8364
-5.8926 -3.6597
-6.0335 -4.5936
1.8805 13.1320
1.4141 0.5443
-0.3497 0.9697
-1.7002 8.1412
-1.6270 -3.1513
-1.8746 -0.7856
-0.6727 -9.3667
6.7311 9.7072
4.8194 6.5298
1.8407 -2.6306
1.4483 -2.7367
6.3717 4.7860
0.2039 -1.4714
-3.3480 -7.6355
5.4369 10.8810
8.9646 2.9997
1.5141 4.7190
-3.7612 -0.6450
-0.4697 4.8895
-0.9802 6.8647
-6.9395 13.9006
-0.3200 12.4390
8.9822 9.2324
-4.3639 6.5287
8.7580 -0.4698
-2.7256 -7.3331
3.9849 4.4013
-2.0749 -3.5057
-1.4097 -1.2884
7.9383 -6.9951
-0.7384 -1.1854
0.1490 8.1541
-2.1338 -5.9919
10.1179 7.3797
15.9068 -1.1223
-1.3646 0.4191
-0.1568 -0.7890
4.6682 -0.0855
7.7248 -0.7552
0.4514 5.0595
9.2548 8.2934
-0.3136 -0.7375
2.4692 5.1449
-0.1072 6.5915
9.4645 -4.2480
2.4699 10.4475
7.2814 3.2211
4.9855 10.9286
6.0535 -2.8903
-1.9432 8.0652
-1.0099 6.6540
-2.2315 -6.0459
-3.6913 -2.8858
5.8460 12.1206
-9.4149 0.7527
8.1198 7.0480
-1.1874 2.3103
8.7404 -1.7667
-0.4212 8.5882
9.2091 7.4026
1.8662 8.1811
1.5199 -6.0142
9.4864 -0.9220
-9.8280 6.0257
-1.2592 -2.5031
3.5658 -4.4736
0.7096 6.6235
-3.7460 1.9350
8.2454 9.1324
7.9338 -0.6062
-5.2989 -3.7207
2.0848 10.5829
-7.5796 -2.0103
6.9086 -1.1971
6.6716 7.1419
11.9304 7.0924
0.2922 4.3008
7.9661 -2.2382
4.1663 -0.2702
-0.1661 1.9742
6.7552 6.2805
-5.3378 9.3168
-2.4384 18.1539
-5.1993 0.4682
3.3309 -0.4833
0.1683 9.8317
9.0005 -1.1710
10.5205 8.1058
-4.8195 14.5204
-4.6932 0.0179
-0.5367 2.4838
8.7147 8.1258
-2.8576 9.3055
-4.1160 7.6841
0.9038 0.4820
4.0059 -0.9483
-3.0425 0.4263
8.3303 9.0031
13.9164 4.8727
-1.5637 6.3155
7.7629 8.1340
-5.0757 -1.2403
-0.2038 -1.0416
8.8264 1.2292
9.5495 11.8018
-1.6288 2.1833
-3.1481 -3.2741
8.2815 10.4377
10.3774 6.9718
14.1303 1.5273
10.0628 6.7874
-6.7915 6.9531
-3.1992 -4.4268
8.7703 0.9768
-1.7583 7.4288
11.8630 0.1397
5.7858 -4.1022
7.7677 1.8920
13.0584 8.1424
1.0928 -0.5708
7.9686 8.9232
7.0203 9.4105
-0.9940 -1.5462
6.7278 6.5734
5.2060 9.2833
-2.8345 9.6468
8.3973 -5.7735
8.4195 -4.6550
8.0454 -2.6564
-2.8039 3.8635
-8.8729 -2.4328
6.1197 -0.2544
-0.7277 8.8076
2.4365 6.8094
6.3584 6.5224
1.8944 -0.2800
-4.3914 2.3590
-1.7416 -8.3553
2.0815 -4.6151
8.0220 7.0301
0.6447 5.5781
8.3557 -1.7050
8.1207 0.8346
8.3450 1.0827
-1.5886 -3.7585
0.7967 8.0565
1.3442 9.6573
-1.8079 7.3875
8.6147 10.0587
7.6020 -2.7308
-4.4672 2.4018
-1.0593 -1.0965
-1.2263 8.0837
8.8283 10.7905
-2.8978 -3.7422
0.8932 -0.7499
12.2299 -1.7841
-0.7083 -3.3180
-0.9166 3.6380
-3.3849 -2.4488
1.1145 -4.7272
-6.7738 -1.0747
10.7781 -2.5627
11.5477 -3.6022
13.6677 1.5057
5.5679 -4.1778
1.4222 6.3103
-4.3641 -2.1242
5.9116 7.1550
1.3475 6.6731
10.4488 -1.5284
-9.1733 -6.1291
10.5241 0.4083
4.9520 -0.2271
5.9613 9.1558
1.2579 7.0803
-3.1874 7.7810
-1.3001 -0.5214
-0.1192 6.8477
2.5924 4.5649
9.5383 9.0314
6.1423 7.2860
9.2600 -0.2964
-6.3453 -1.3337
1.2980 -3.6565
-0.2300 -4.6286
9.8468 -0.6949
0.2123 8.6885
-0.2898 11.7598
-2.2851 -11.9945
-4.6386 -5.2864
-3.1199 8.5152
0.0098 13.1637
6.7536 6.0214
5.0257 -1.9692
7.1703 0.5155
6.7788 3.0984
7.6563 5.7677
-4.1340 0.9373
9.9450 0.2863
9.0909 14.3798
8.2373 9.1255
4.2551 -1.1164
-2.8960 6.7427
1.9743 -3.4210
1.7620 8.2008
-1.4017 8.4419
-5.0845 7.8777
7.2559 8.6505
6.7033 -2.1460
1.1739 -0.0081
7.3037 -0.9523
1.0810 7.3562
7.8747 2.4713
2.7148 2.0205
8.4863 7.3056
-2.7922 -2.0936
-8.3270 9.1297
6.3404 9.1456
7.7677 -2.1070
-6.8452 -3.4441
2.2356 7.2448
4.6891 -3.0907
-0.8378 5.6620
5.8979 8.8074
6.4763 -0.2443
0.9542 -6.8891
8.6964 2.1044
-3.2880 1.6716
-4.2158 8.5948
7.5062 7.6402
3.5030 0.4188
-1.1861 0.9226
3.4795 2.0328
4.5769 3.5326
8.3011 0.9441
4.1284 6.3467
-0.4249 13.3550
6.5279 -2.8600
6.0160 -0.5124
7.1517 0.9522
1.9509 0.1437
-1.8167 1.6716
10.7968 -0.7338
-1.4267 8.8201
6.0864 6.6520
9.8978 -4.0248
1.1525 -4.9854
-6.3015 5.4085
7.3967 11.5393
-3.3881 9.1549
-3.8542 14.4295
-1.5423 0.3599
7.4326 1.8496
-1.6633 9.5723
1.4895 7.4936
0.6158 7.4071
1.7050 0.2046
0.8116 11.2101
-2.0977 11.0821
4.3917 6.8945
7.3437 0.1239
8.1201 8.2203
0.1433 -4.3882
8.1725 6.9379
9.1958 6.0386
5.2458 6.9313
-0.6274 6.2063
2.1755 6.4169
8.4177 -5.1753
-2.0297 9.5303
7.4088 0.7303
-2.8566 0.7440
-0.7590 -3.0920
0.6447 -0.9205
-2.0025 9.1069
3.5786 4.6305
7.8075 2.4054
8.9332 13.7699
-6.1442 6.6931
-7.2297 -1.1236
7.8244 -1.4343
7.6008 7.3244
6.5502 7.9379
-8.0740 -0.4103
6.3560 -3.9851
-3.3123 -2.0787
-3.1589 3.9012
8.2134 -3.4309
-0.2719 -5.9240
7.8443 8.7629
0.3382 1.4479
1.2707 -5.8007
7.4233 7.2228
10.4985 -2.3431
7.6385 9.8554
1.5902 -1.6910
0.1995 8.2306
0.3249 5.1633
-1.4451 -3.9940
2.8976 -4.3098
2.2791 1.1923
-1.5126 -1.7257
1.0023 -0.1810
9.7140 6.7458
-7.2207 7.8532
8.9527 -0.2942
-5.5866 5.9649
7.4568 0.6909
-1.1561 4.5126
-0.0645 -3.1740
-4.6918 1.7085
3.3763 9.2131
-5.3492 -5.3159
0.1904 -0.4992
10.0863 13.7438
-0.8176 -0.9839
-5.5254 -0.9881
-1.0364 -1.2363
7.6401 7.4949
6.3128 1.6255
-1.6397 6.8353
8.4178 1.8480
19.3801 -0.5049
5.7653 -2.1850
7.1545 2.3776
9.3492 0.8666
3.4817 7.7887
0.1184 6.2231
-1.7278 11.6269
2.2449 6.1213
7.7218 -5.2548
7.3402 -2.7659
10.0699 5.5382
9.7573 6.6812
-4.3136 -1.4785
-5.3947 -5.8810
5.2706 -1.3438
-1.7149 -2.4354
-3.2752 9.3669
5.6411 13.0761
9.2027 2.7102
-1.1792 3.9972
7.0619 -1.9564
-3.5985 0.5945
6.2856 -1.0945
-5.7755 3.2062
6.0612 3.9046
1.3781 -2.5347
8.0426 1.2029
-1.1978 3.9267
6.9327 -0.3732
-4.4725 2.2487
-3.2614 -2.1955
0.1135 5.6638
-0.4372 12.5519
7.6244 10.6042
-2.5794 7.4874
-0.9514 -0.4093
7.2975 11.1139
0.3237 -1.7892
8.4824 8.1850
-4.6715 -2.3179
-0.1234 -2.7483
2.6004 8.3145
7.1074 0.8583
-0.8959 0.2706
7.0964 -11.0766
8.0663 -0.4056
10.0416 -1.7432
7.2601 8.3535
-3.9387 6.0272
4.9267 -0.4018
7.2137 3.4697
9.9117 0.9474
6.3780 10.9684
-1.6277 -5.3381
12.7139 10.2065
2.2105 -4.7646
7.9743 6.8215
-0.7849 -2.8823
-6.7080 -4.8907
1.9597 2.8224
6.9590 -9.8843
-3.6923 0.7785
-1.3965 10.4988
-0.9940 -3.8947
4.6815 2.0036
-1.9700 7.2418
-1.7786 0.5529
8.3398 6.2217
0.4515 9.8495
10.1405 5.7942
-1.6737 4.5729
9.6537 10.7543
8.1080 1.6444
-2.6125 7.7097
-0.2743 6.9897
-8.5577 -2.8437
0.4145 0.6376
-2.5390 7.8429
-0.2759 10.3930
12.4666 1.0101
11.3984 0.2296
-0.1618 12.0045
0.6763 -4.7336
0.7161 8.3404
-3.0563 5.7033
1.8474 -3.0960
5.6562 7.9820
7.3142 7.7811
-4.6209 -3.8962
5.1239 0.8439
7.3489 0.4481
7.5835 -4.1012
5.1687 11.9965
6.2261 -0.9179
0.2791 6.5274
-2.1326 -0.6887
-0.5837 8.6949
-2.1576 -0.7204
-2.3392 -3.0562
-7.0815 10.4065
-4.2199 1.1854
8.1339 -1.9968
8.9179 -4.6836
-3.8725 10.6771
-3.2268 -6.0438
6.1122 -3.4664
-6.2628 -2.1992
-3.1887 -1.7481
1.2086 0.7834
-1.7194 3.4975
7.5017 14.6018
-3.1895 10.1362
-1.5316 -0.9052
-3.8260 7.2380
6.0931 -0.9606
-5.1140 8.4336
-2.4541 9.3144
7.7178 8.8581
7.3964 -1.1037
2.4736 -2.8177
-1.0741 -0.9905
8.6690 -2.1806
9.2983 -2.8301
0.5270 4.6306
-11.1868 -0.5516
7.2127 8.8082
4.7490 1.1458
6.3729 -0.7183
8.1001 2.8882
5.6966 -1.1466
-1.4370 -0.5931
6.7977 -0.5146
1.4106 -0.1840
-0.2940 -4.8140
12.7214 -1.0546
12.8108 -6.1444
-1.6853 0.0410
9.2622 9.1234
6.8723 0.4196
0.1304 5.3282
-1.8457 0.6427
1.4217 5.6825
5.5853 11.2453
-2.9639 9.4352
-4.6925 -2.1429
10.3613 9.5279
-0.9467 -4.1783
-1.0742 -5.2043
8.9427 0.4437
-2.4223 6.8293
7.2702 0.2444
1.3330 5.6129
-0.9533 9.5444
-2.4235 0.5840
-3.2905 2.3320
8.9659 13.2925
1.1242 11.8276
-4.6776 3.9723
6.5843 -0.8953
-4.7732 7.7177
6.9190 10.8475
3.3201 -1.7990
8.2311 6.7913
4.1810 7.5176
-2.6450 -0.2732
15.0498 -0.8139
8.6578 0.0386
12.4879 -3.2326
14.6383 16.2463
7.7274 -4.0154
-4.0534 -1.4899
-4.5451 -3.6810
1.4747 7.8563
6.1457 -4.2292
-0.4301 6.9455
7.5701 0.7745
7.3975 -4.9176
5.7256 -2.4151
6.0249 -0.2391
-2.0364 -0.5026
-5.5065 -1.5717
6.9843 -0.1805
0.7718 -4.9877
14.7055 -3.1819
0.3911 4.5593
-3.0679 -3.1384
-2.1387 -4.2389
-1.3464 0.5615
8.7835 3.9283
8.4436 4.3249
0.3804 -0.7693
0.2780 8.6356
-0.8474 9.9074
9.1681 7.1570
0.9294 -0.8509
8.7935 7.1368
11.5925 7.9316
11.4797 -3.1467
-1.1866 15.5174
0.6135 1.6297
-2.9485 7.7715
14.2225 9.2898
8.1388 -5.9071
-0.6134 8.5641
10.0767 9.1369
-2.9495 -2.4388
0.7667 -0.3242
15.0563 -2.7187
-4.8725 -2.1941
12.1154 5.9576
2.4467 1.5676
-3.9259 -4.8923
-0.5816 16.7375
-3.2885 8.1528
1.5148 8.2193
7.3806 -3.4539
3.1889 4.6509
0.2688 9.1239
-0.5408 -0.8615
-5.0917 -1.8353
-0.3865 7.1498
-2.6591 -4.1291
0.1424 0.8828
-1.3621 1.2038
6.9398 6.4054
9.4403 -0.1425
1.4499 -6.2756
-4.1659 -6.3673
-1.4501 9.0551
-1.2302 9.3131
8.5645 1.5162
7.8419 0.9947
-4.1201 -0.7427
8.5888 6.8069
1.2654 6.6656
8.4343 -1.9161
-0.8493 -8.8946
-0.7173 7.5829
-8.7347 -6.5626
-1.5708 12.3134
4.6370 7.5351
8.7763 10.1512
9.0219 0.4071
-10.7613 -1.2031
1.8060 6.3937
3.8594 1.1874
-2.7088 -4.4357
11.2006 -3.2097
-0.4473 -0.5443
0.0766 -2.1961
7.0991 1.9833
6.3223 -0.9237
-1.7555 6.2009
9.4191 11.1244
-0.2383 -0.0284
5.4721 5.7032
-0.6412 -2.0944
-0.7959 6.4497
9.0244 9.6858
-1.9837 0.5057
-0.3891 8.2337
-5.2799 1.0459
-4.2934 9.4731
13.7708 1.2223
-2.6207 -5.2398
6.3875 -2.1539
-3.1657 0.1329
2.9327 -0.6861
5.4930 -0.4461
-0.4651 0.9930
6.3389 9.9649
7.3660 -2.7910
13.9243 -0.5946
1.5705 0.0414
1.2461 -5.1785
-4.8011 9.7177
-0.3695 -0.0816
-2.9634 4.9273
9.8821 8.1039
7.1633 -6.0559
6.4350 5.3693
9.4926 -0.0361
7.4269 1.7112
13.0081 -3.1573
-1.5786 -2.4573
11.3667 10.7740
-3.4298 8.0698
6.1473 -1.3264
1.2469 7.9760
-1.0393 -0.4170
0.3422 -3.4354
8.9698 -1.6051
0.2999 8.7041
0.5152 8.4923
-0.5636 -4.4709
8.5371 -2.3592
-1.6878 9.4298
-0.2043 1.3820
-5.0491 1.1954
-1.0017 4.1430
-0.0601 -1.7111
6.4972 7.1243
5.8556 -2.3562
8.1507 6.9900
-2.0181 -2.6818
1.8464 -1.6647
7.3932 8.9665
9.5289 6.5382
11.0419 2.1019
-3.4424 8.8078
7.3570 9.5148
7.8009 6.8650
8.1299 3.2504
-7.0085 -0.4287
3.4784 -3.7681
-11.1992 -1.4831
10.4819 -0.5216
1.3984 0.6564
-4.5997 9.4575
-1.7673 -5.3461
8.3416 -1.6528
0.9594 9.1750
-2.8086 1.0800
-2.8733 -1.0426
8.7769 -0.8630
7.2788 -0.7843
11.7882 -4.8704
-0.2113 -0.4516
6.7448 -1.8952
7.6585 -2.7660
-3.7267 0.6435
-0.4352 8.8510
-6.7760 -8.1215
-2.8899 5.0176
8.4423 7.1310
8.8989 1.4374
11.2811 14.3078
-1.3552 5.1357
-0.1036 -0.8977
-4.3700 -2.0839
9.1663 -0.5830
4.8048 -2.1239
-0.5611 13.8185
1.8222 8.4966
0.3005 10.3162
3.4405 11.9988
2.2710 -2.0960
1.8176 -3.3597
10.5378 -0.6189
-0.9180 -1.3127
6.5732 4.2696
3.9694 -0.3434
10.2624 -2.0115
9.9715 -2.7417
7.0136 7.5925
-1.3032 7.0909
7.1795 7.8064
9.5899 -0.0888
1.5758 -8.5674
-1.4581 -12.2964
6.3008 7.4168
11.9356 5.0719
-0.4655 10.7677
-2.5834 -1.0576
1.5194 0.1259
-0.2023 7.5660
7.5747 5.6197
9.2412 0.1919
-0.7072 -0.7427
-1.0039 0.7966
-1.2948 -0.4065
0.0909 6.2897
2.4150 7.7218
6.8343 8.6707
16.7078 -0.4038
-0.5765 -0.4766
8.2718 -0.9553
0.6614 10.9392
-5.5610 -0.4089
0.7447 8.3027
1.5565 -4.3955
-0.2651 -3.0809
-8.7458 0.8824
9.3014 7.6927
0.1404 0.0754
-1.8835 -0.9436
-1.2288 9.4053
2.8869 5.2761
8.1530 5.4200
9.0036 8.8310
-2.3703 6.4704
9.3628 2.0690
1.3152 -0.4867
7.4717 -2.0701
-3.5437 -0.3121
-0.5359 5.8922
-3.0115 0.1582
1.2617 0.5903
-2.5100 -0.5133
0.2256 -1.3683
0.9782 -0.5748
-3.6266 -1.3827
6.4883 7.4676
-0.9888 7.8393
-2.2554 13.1582
9.6543 -3.0018
-2.6472 -2.3436
-1.7271 7.2279
-1.0363 -7.2155
-0.2469 5.1159
8.0909 1.0670
0.3329 8.5885
0.7728 8.2864
7.9264 0.5538
-1.1676 -1.7141
-1.4725 11.8431
7.0025 -10.0809
-6.8868 -1.4015
-4.2605 -0.0538
-2.5170 12.0669
-1.3940 -2.9684
10.7118 -2.9131
1.2419 9.7802
3.4906 -1.6212
-1.0844 1.2498
0.1287 -8.6714
12.9418 0.5516
5.7155 7.8107
6.3806 6.9315
5.0845 9.7900
-0.0676 9.5194
10.8733 -3.7449
-0.1308 0.7202
-0.3652 1.5374
-2.8911 -0.8749
-8.6312 0.9967
5.9746 0.7041
5.8813 4.9752
-5.1285 9.1359
-3.0844 6.6736
-2.2752 -0.9822
8.6917 0.9096
6.9922 7.8845
7.8709 12.4634
-0.8548 3.1222
-5.3771 0.5054
-0.5674 8.1012
-1.5450 0.3296
8.4776 7.6217
-0.4876 9.6780
-1.3801 0.8623
7.1992 -0.9986
6.2594 -0.2991
-5.2686 1.4642
5.5728 -1.9089
-0.1425 -0.8589
-0.5967 7.3034
9.6293 -1.0737
6.5354 12.9866
7.9767 -1.2737
5.4539 6.8862
-2.5487 -3.7942
10.5825 11.1220
7.5369 7.3330
-5.4079 6.4515
0.9096 6.2854
-1.0104 6.9492
9.4473 6.8193
-0.3249 -2.4075
4.7026 6.5667
6.9445 -0.3881
0.1818 7.0955
7.2730 -3.2329
-2.4157 -4.1506
3.3439 8.5447
-4.9022 6.4453
13.1680 -0.5152
8.7635 -2.4687
-6.6986 -1.3332
7.4497 -2.0878
-0.6310 -0.2198
7.8204 12.4421
10.1571 -0.8561
0.8665 6.2248
7.4253 -0.3562
8.2039 1.8330
13.5937 -2.0100
7.4096 0.5444
8.6104 8.7824
-1.7093 -5.0615
0.8107 6.0312
-2.2518 8.0120
-0.7687 7.2013
-3.5345 -4.0487
11.4464 16.1830
5.5278 -2.7946
6.2668 10.6786
-0.4220 -0.2053
5.9375 -0.8981
2.1811 -0.3260
6.4266 7.8413
-3.6571 -3.0402
-3.0525 7.7728
-9.1296 8.8202
-0.6523 7.7411
-0.2880 2.3999
-6.4470 0.8673
0.1552 3.6565
6.2103 9.6567
6.4828 8.2955
0.8956 -3.6460
1.1226 1.2460
5.0454 0.2173
-2.9916 0.7106
-0.9172 1.8899
-5.3107 8.9822
6.8414 -1.1067
1.8731 7.0707
7.6879 9.9827
8.7517 0.8489
-2.5169 10.7918
7.4342 -1.0739
6.4555 7.5869
-0.3696 9.2809
-0.8946 1.4696
15.1459 8.9582
7.4377 10.3803
-4.3811 -0.3769
6.0002 -1.9588
7.7024 -0.6610
9.7709 8.4197
9.5277 -6.2917
0.3123 6.9257
-3.4058 -1.1839
2.7448 -2.8625
7.4905 7.1714
7.3839 0.1995
9.7477 -2.5623
-2.4316 8.1433
-2.8393 -2.4770
7.5982 6.6631
9.2958 1.3754
6.3322 7.6701
-2.0656 -1.8709
9.7081 0.6736
2.1834 0.7632
-1.2605 -4.2528
9.1374 -0.7546
-4.7027 3.0174
6.8390 -1.3269
12.7615 5.3391
-2.0272 -2.1067
-2.9724 -1.7092
1.5083 7.2316
-4.7016 -3.6186
0.2838 13.9027
8.6060 6.9217
5.7064 0.1340
-3.9830 9.8788
-2.3506 7.7627
6.2146 -0.3865
-0.4334 7.4281
13.4789 -3.6407
-1.9640 -0.9843
-2.7968 0.8630
-2.1193 5.2094
-1.1456 4.7887
-0.7071 9.9469
6.3398 1.1600
-1.6584 10.3565
8.5561 2.3157
-7.5955 8.6789
12.2068 7.8259
7.8722 -1.5750
10.1104 0.7318
3.4674 10.5047
9.7723 -3.2358
8.5069 7.7224
0.3793 -1.3816
-7.0202 9.9997
0.4712 14.4579
0.5534 6.9436
9.4565 8.4703
5.3859 8.7488
8.3098 2.3472
-3.2672 6.0007
6.2371 1.7903
8.2853 8.9131
0.2695 13.9586
-0.9104 -1.2538
1.2312 10.5711
-4.3364 -1.4690
7.6850 -2.5953
8.3849 -2.0309
-0.2923 -1.0525
-6.8427 8.8325
6.5529 2.8204
-4.6637 -7.3894
-0.3945 -1.3904
2.6368 -1.1530
0.5261 -1.3936
6.1919 -6.1386
-4.9287 -0.1008
9.0879 -3.0947
-6.3441 6.7243
-6.4221 -5.0388
-1.6416 -2.1414
-4.2682 -1.8286
12.9458 -1.4408
1.3343 8.5902
1.2965 8.1235
-3.6367 9.0776
-0.7838 -1.4145
12.6273 -2.9640
-2.3674 10.3653
-4.1555 0.8074
10.2795 2.5828
12.1687 7.2956
0.6726 7.0068
7.3709 -1.0729
7.0358 -1.8821
-8.8182 10.3488
0.1438 -2.2307
6.7303 12.5436
1.1907 1.5979
-6.7316 1.7250
4.7674 -3.1950
-1.8486 9.9149
0.4386 8.1621
-0.0325 -4.1907
-2.2398 10.3477
8.1931 6.4749
-3.6473 12.3121
-1.1787 -2.4134
-2.1224 2.7963
4.5985 -1.6368
-6.6425 -1.5483
5.6864 -0.7255
-3.4751 -1.0964
0.6553 -0.0774
8.8353 7.8367
3.9500 0.6448
-3.2409 2.1223
9.0709 -2.5566
6.1265 6.4223
5.7912 -0.0802
9.0919 10.3866
10.2021 7.9135
-2.7198 7.0351
-3.3396 11.0184
8.5374 -1.9447
6.0742 -4.5269
0.0843 11.0046
8.9821 -2.4391
7.7216 5.7654
6.8495 -2.4231
3.1042 -4.8477
-1.5094 -2.4844
-1.5731 -0.2270
-1.1180 8.1719
9.1517 5.3928
9.6282 -6.5036
12.0809 0.1564
-1.1438 -0.6136
-3.1983 -1.7637
0.6478 8.1298
-0.4512 6.6386
-9.6734 0.1577
1.2837 8.0475
-0.2075 -1.6480
7.1469 -2.1895
8.6000 -2.9854
-0.5218 7.2878
-2.0926 1.9907
-0.6588 1.5874
-3.7960 1.2577
-1.8455 2.3918
-3.5086 6.4810
0.8583 -0.1999
-2.4917 -7.0979
0.3323 2.0817
0.5317 -2.6654
-4.2306 7.5327
-5.6979 2.0878
12.2818 -2.4983
6.7459 -0.9414
7.1898 -1.3194
8.9833 5.0458
2.3625 -2.4485
-2.3521 8.8527
-2.8231 6.0015
0.4644 -2.7863
-1.4633 13.6898
-1.0090 5.0094
-1.7593 9.4926
4.6708 -2.9565
-2.1454 -0.9480
5.1205 -0.7007
8.2215 10.3322
7.5128 9.2411
6.5707 6.6786
7.4790 12.0189
6.9278 6.9266
-1.2254 8.1039
10.7740 4.9811
9.6612 8.8791
8.7475 7.5780
9.9333 9.1393
11.0833 -7.3611
7.2093 -0.3719
7.2754 -6.7677
9.0480 6.5944
0.7768 0.7825
5.0024 -3.2881
6.3283 -1.1502
9.4939 -5.5210
8.8586 -0.6073
5.5840 10.2568
5.7040 8.7086
7.4050 -0.8560
0.2664 -6.1220
5.8299 -1.3489
8.3156 1.1419
8.6523 0.3985
0.1508 9.5627
0.1284 1.0284
-5.2085 -4.5632
7.7953 1.2645
-1.7517 -7.3405
-3.4848 6.4936
6.4491 -0.7898
6.3701 8.5599
-0.1426 1.0056
-1.0029 6.9224
1.2765 -0.8660
5.5418 5.0383
-4.5256 3.3103
-7.2689 5.8247
1.4824 9.3968
-2.1486 0.0699
7.1352 -1.6041
6.7361 8.2693
-11.0521 -5.8979
10.1215 9.2097
8.1309 10.5018
7.7155 7.6631
2.0010 -0.1715
12.7658 7.0948
-1.9951 10.2307
0.9574 -0.4654
8.2717 2.7353
0.3374 -6.4564
-3.2033 9.7159
2.1444 -9.7044
0.3430 4.0815
4.9987 12.5763
-0.6514 7.7512
-3.3984 5.0599
-0.2192 -2.4774
-3.9809 -2.3168
-4.2252 -1.5239
6.4620 -2.6017
-1.8744 3.7040
8.8980 7.6283
-1.6859 6.4685
-3.5445 13.1229
-1.4073 8.1757
8.5398 -3.6063
2.6504 -2.1285
-1.7898 7.4280
3.2564 1.2323
5.2807 -7.8538
-0.9883 1.0170
6.5797 8.2364
1.3262 7.3052
8.9094 8.2401
1.4753 0.4268
-4.0787 8.4431
4.5991 8.5779
7.5332 0.1275
7.6417 0.6932
7.5467 -3.9197
6.4553 1.7552
-0.9848 0.9082
-2.3152 0.8689
-4.1643 7.3995
10.5942 0.4395
8.5954 0.2066
8.0415 5.3006
11.7462 -1.0087
9.0558 5.3983
6.5302 -2.8708
-2.6637 13.3407
7.8357 -0.9652
3.8535 6.5817
6.9157 6.5513
3.2033 0.4211
5.9806 7.2347
5.8760 -2.6224
-4.0030 8.5010
-0.9156 9.2485
-4.9925 7.0195
8.9539 3.0801
8.1361 6.0443
-3.2675 -1.2237
0.4077 2.4729
-6.9440 -0.4982
-0.7156 8.3756
6.8977 3.6025
-2.7415 0.3587
5.3347 -1.9778
13.3688 9.7132
0.5142 7.7514
5.2887 0.8971
3.2249 7.2471
7.1953 1.2080
-1.0955 4.4340
4.7082 0.2982
-2.1542 0.8705
4.7593 6.9199
9.0540 0.0237
5.4526 6.4273
0.2203 -1.6504
1.1475 -0.0296
-2.4634 -1.4760
-0.8541 5.4430
-0.0689 9.6600
8.7753 6.0177
-6.6039 -5.8020
-3.6302 9.7044
7.8570 8.9271
-0.2176 -5.0999
-5.8577 -0.3001
11.4664 7.3468
-0.0716 -0.7552
-3.3171 9.3224
0.7037 -1.7406
9.2213 0.9109
-0.9918 5.7729
-0.2544 -5.0688
0.4504 8.8635
2.0573 0.5661
6.9052 9.2689
-0.5677 8.0649
-2.5214 -2.1911
13.8060 4.8413
0.7350 13.2314
10.9000 0.2632
-2.3361 -0.1862
1.1129 -2.6079
6.7702 -7.8262
11.8241 -1.7225
-1.1227 -0.6217
7.0646 11.0494
7.0456 -6.0454
9.6867 -8.4178
-3.1200 -3.6147
5.8810 8.7012
-5.8396 1.1416
0.8802 -0.3797
1.1639 -1.5544
6.5595 8.2352
3.1683 6.8309
11.5518 -2.5540
-5.8499 7.7624
5.3282 -0.0199
1.2120 -0.5667
8.1868 5.6167
4.6630 5.4507
0.7019 5.3228
10.8614 1.0695
10.6242 -0.1779
10.3679 6.2186
0.5082 -7.2437
1.2298 9.3720
1.4502 -3.6912
-1.6678 7.4688
-2.8139 0.9866
5.1634 -0.6345
0.7278 0.2183
-14.1602 7.0044
-9.6596 0.5101
10.4653 -1.1924
6.3439 5.7939
-9.7302 7.5078
8.5381 1.8934
-0.3478 10.7149
10.1944 -4.2809
8.2562 -0.7403
5.4032 0.2454
6.3826 14.0557
-1.3773 14.0603
-6.8682 9.6022
13.5810 -1.5172
9.8808 -0.1931
6.3033 10.3465
10.4916 -2.7192
8.2889 15.8737
6.0370 6.2292
2.0873 -6.8103
5.4437 -3.8610
-1.2845 0.0518
8.5611 -6.1257
5.4827 7.5287
-8.5431 7.9852
-0.4771 -4.5617
6.5150 -10.9348
9.2539 5.5415
8.2511 0.3235
-1.9482 -4.8927
3.8261 -2.9248
-2.6115 -5.9685
1.1692 7.3900
-3.0991 -11.0685
7.3961 14.6661
1.8396 9.7376
13.2741 7.6757
-1.1712 -1.7915
8.7906 -5.0606
-6.9949 -0.6110
1.7998 -3.2740
-3.4573 -0.2411
9.3129 -1.6068
-1.2413 3.9401
6.6550 0.9356
-2.4177 -1.1335
-0.8649 6.7723
2.9257 1.9069
4.3197 6.1905
8.8796 9.9601
11.6708 -2.7095
0.4343 -0.5755
7.0737 0.2786
-10.7014 2.6956
7.8292 -3.5574
8.2731 6.0766
0.0606 -3.9602
7.2017 7.5350
4.7102 9.7440
1.7605 -1.0976
4.2945 -0.4935
8.5775 6.7820
-6.5258 2.7999
-2.4054 -6.1318
-2.1608 9.9733
10.3161 -1.2279
-2.2201 6.8532
5.0378 4.1720
6.2540 6.0181
7.1121 1.8229
0.3509 -3.6625
5.1535 -1.6981
10.7617 1.7958
-1.1827 0.9047
0.2120 -1.7439
-1.0719 5.5841
-5.7440 12.1539
-1.6360 -3.3856
7.2485 14.0301
5.4163 8.0153
-1.2457 -5.6597
0.0143 0.4176
1.2463 -1.6148
3.2395 0.2262
7.7261 7.6071
0.7553 -6.0146
12.4373 6.5930
1.3014 -2.3542
2.0039 0.6619
4.7115 7.3732
-3.1402 2.9996
-0.2140 9.4077
5.9443 -3.1070
9.3014 -0.2997
-1.8266 2.4954
-2.1330 -2.0631
-1.5714 10.7201
9.3128 -1.3379
-1.8333 -6.5240
13.5078 -1.8269
-0.4404 6.7427
-1.7326 -8.1117
6.5388 8.1267
5.7331 6.6339
-1.5852 3.9839
-1.5851 0.4186
-2.0755 -0.6205
7.7980 3.7767
7.0320 7.6545
0.8449 8.9371
5.4513 4.4905
6.9376 2.0547
-4.3817 -1.2597
1.2719 -3.8153
-4.1593 -0.6253
-6.1287 7.9999
1.2937 -5.1684
-1.3360 -3.4362
-3.7357 -4.1836
7.0068 -3.4874
6.6197 0.7958
8.3481 -2.4451
-2.0133 1.4497
1.2902 -3.9591
8.8618 5.4606
10.9885 6.8792
-3.3805 1.2541
-7.6415 8.4504
0.9647 -2.4381
-3.1018 0.6743
2.2799 9.8288
6.4866 -0.8607
-2.4038 1.2289
-1.8482 -0.8675
-4.5006 9.4680
0.8712 5.4244
-0.8635 -3.9447
-0.6238 11.5380
6.8704 10.5481
10.1908 10.0568
-1.4875 -2.7827
-0.0880 -2.4330
-0.8021 1.0043
-9.6386 -1.2914
4.3566 6.7519
-0.4766 2.0146
-1.5174 0.6521
0.0441 -6.7355
-3.5169 -2.5095
4.2590 0.6566
-5.8669 8.0034
13.7846 -0.6045
7.5528 3.5904
-4.1856 5.9341
8.7350 -0.5781
3.5136 5.7333
3.1337 -0.6176
5.8006 -6.3280
-0.2266 9.1311
0.0006 -6.6313
6.7065 10.0654
-5.0527 8.7866
-5.6151 -1.6374
6.0646 5.7142
9.4501 11.7324
-0.5486 5.8843
-2.8843 1.0501
-1.0604 10.6127
7.3786 -0.8893
4.8339 7.0745
9.8279 -0.2272
-1.5466 9.3156
5.9543 -5.7292
-1.4960 -0.4845
11.2361 -0.7338
5.7834 6.1698
0.5853 0.3049
-0.6944 -0.9667
11.2987 -4.2434
-1.8385 -0.9567
9.3129 0.2593
8.1040 -9.0848
9.9889 -2.7355
-5.0497 6.3135
4.9759 0.7057
-2.3723 -2.5390
-0.3988 7.1198
-3.4180 7.2745
5.2341 9.4058
0.7338 -2.0817
7.9563 8.2939
7.1473 -3.7401
0.9837 -2.2204
9.5981 8.5571
-1.4456 -2.0220
3.8794 6.9405
-2.7617 -2.4205
-0.6602 -2.2736
0.1734 -10.7537
9.0112 -2.0183
12.7737 7.7751
-1.0780 -4.2775
6.6713 2.1554
8.7947 8.9030
-1.0157 7.4260
9.2723 5.8559
8.1319 -0.9363
-1.4231 0.1523
5.9849 9.6659
13.6164 -3.2820
-3.9923 -1.0769
6.9218 -1.0213
0.2541 7.1595
6.0114 6.5856
9.8200 7.8030
7.0461 -4.7816
6.5927 -3.6451
-1.8523 -1.6909
-1.0480 -5.8572
-1.6833 8.2599
5.5745 9.1335
-8.1053 5.9962
7.7261 -3.4326
-4.3407 2.3086
9.6651 -0.7486
2.5998 -7.5370
5.7343 6.5135
11.3694 -2.7020
-5.9899 1.4321
-3.8413 1.9625
-2.2710 -1.3005
10.7359 -5.5048
7.4130 -3.5338
-0.6530 0.1067
6.4980 7.5762
2.2356 7.2673
7.0438 9.2429
3.2580 -3.2753
5.8568 -0.8189
-1.3154 3.1491
-2.3071 6.4669
9.1088 -3.2610
8.9362 10.3020
5.2051 -3.0910
7.1327 12.8743
4.8240 0.3339
9.8838 0.0392
6.8289 -2.3697
0.2222 -0.2966
-1.0249 9.1660
10.2534 -1.5803
-2.0301 1.1739
12.2663 2.8293
8.2090 0.8736
9.5703 6.8043
12.5182 6.3644
8.7440 -4.4269
10.6371 -2.7602
-1.0294 -9.1616
0.5355 6.9341
-0.3312 0.2311
-2.4907 -2.7602
0.0689 -1.3263
-5.6377 9.5284
-5.8593 -1.0428
6.7444 8.0476
-6.4743 3.3528
-5.1911 2.2403
-1.0133 -0.4132
5.6639 6.9770
6.4199 -0.0354
13.4293 10.1729
4.0513 10.1691
7.4726 -0.7291
-6.0867 -3.6196
-2.6546 8.1218
3.6428 -2.4009
0.6965 1.6178
8.8949 6.0549
-0.2439 10.3699
11.8794 18.0418
6.4789 11.3373
9.8450 0.0135
9.2737 11.6074
-0.8613 -3.4270
-3.4876 -5.4584
0.9578 0.3124
-0.2872 -1.2778
8.0171 -0.4008
0.6143 -2.9234
5.4842 6.3429
2.1966 6.1858
3.4196 -2.2988
4.1745 7.9450
0.1688 -1.9662
9.4093 -8.8458
9.9329 0.8208
7.6064 -1.6691
1.0127 -1.7227
12.0880 5.7822
-0.4079 -9.4970
-1.4323 8.0763
-0.4259 2.3029
-4.6926 0.5526
6.6192 -0.0980
-1.5987 6.6069
-2.4963 8.8888
5.4439 9.9485
12.1810 -0.6419
7.6953 7.4318
8.8014 -2.1301
-1.4635 -1.0075
0.8318 9.9579
4.7994 7.7516
9.7087 -0.9116
5.5853 6.4658
10.0874 8.0697
-4.4130 1.2690
-0.6056 -0.3499
-0.6709 10.3556
9.6854 14.4277
9.5125 0.2324
-4.8440 0.7868
6.6442 8.3767
-6.0839 -3.0001
13.5596 10.5382
7.1065 0.8786
7.3095 -10.0855
1.2494 9.6727
6.5829 -7.9074
-2.8559 -3.2348
9.7018 11.5061
-0.5254 -6.4770
0.7382 5.5551
-2.6094 -3.2652
-1.4751 7.7042
-0.6785 -1.0176
-1.9224 -1.7786
-3.0720 5.1967
6.8759 8.9646
4.9986 6.7589
0.3281 -2.2773
8.2220 7.8260
9.1312 7.7241
-1.3296 -2.4007
-0.6255 -3.0524
13.0384 7.4263
5.6831 8.3060
0.2688 -1.5301
-3.5715 -1.9416
6.7846 13.5869
-0.0651 6.4647
0.0518 -8.2762
-1.0073 8.5124
8.2981 8.1687
12.0661 15.1067
-2.7026 -4.1247
7.2508 -0.8665
6.5279 6.6742
0.0974 9.2627
11.8830 -2.6636
6.2412 -1.9838
3.4910 -1.4482
11.0032 1.0636
7.7112 8.5758
16.6456 0.5350
8.4521 4.3493
-1.0556 8.5542
-1.8256 8.6065
6.9491 -0.1034
4.0026 11.0070
8.7276 1.3646
10.2076 8.8732
-0.7223 6.1123
12.0285 6.5833
7.7576 -2.6121
-0.1743 -4.9648
0.2167 -0.3758
6.5860 8.3650
0.4728 -1.3133
5.6173 8.1336
-0.4419 -0.7457
6.2823 0.5118
16.6049 -4.3168
10.0857 -2.5217
-3.5681 7.9369
-0.2634 6.0230
-4.2205 -1.6430
-7.0682 -1.9082
12.6592 6.5354
-5.4740 -4.0911
-3.0274 8.4776
7.8168 -1.5668
9.3093 4.0714
-2.6801 2.1129
12.2975 6.1003
-3.4659 8.2466
0.0445 7.4685
1.1763 -0.3853
-0.5872 7.4858
-3.4535 -5.8675
2.1258 14.8211
12.0259 1.2641
-0.4465 1.9049
7.2765 -0.9788
-0.4251 -4.2374
7.9728 1.0795
-0.2578 0.3914
-3.2992 0.2111
4.6233 0.3450
2.1275 13.1258
7.5760 1.9977
7.3330 -7.3082
5.0771 0.9753
8.6908 -0.2840
-2.5987 -1.1256
-3.9230 6.8106
2.1316 5.8078
-14.2200 9.5675
1.0480 0.8354
7.8833 -1.6450
10.7553 7.2824
5.9707 -1.3788
8.7017 -1.7817
-1.9851 0.6653
6.6914 7.9123
7.8328 -3.6850
-8.5394 -3.0258
9.1162 -0.6577
-0.6592 -7.0026
-1.9107 2.2689
0.3168 -1.3642
1.3476 1.7970
-2.0323 8.7419
8.7849 -2.8207
0.4596 -5.9286
14.5209 -5.1114
3.0064 7.8055
11.3815 -5.0015
8.1149 10.1450
7.3616 8.1201
7.3423 8.4393
7.4563 -3.5834
15.0279 5.4521
-0.6321 10.0881
11.4775 -2.2933
-3.0508 4.3524
-0.8592 1.1406
0.4033 1.0371
-1.6048 5.6842
8.8010 -4.9676
1.2433 4.9530
7.8127 5.2011
-1.0952 11.5627
-4.9209 -2.2684
6.8234 3.1107
5.0984 -1.4330
-0.3254 5.4679
-0.0221 7.4147
1.4363 -1.6071
7.1432 8.7604
14.6153 7.3000
-1.3927 -4.3144
-0.1066 10.7013
-2.1222 3.5787
-1.0750 -8.8047
7.4894 9.5680
6.5654 -6.7806
11.3584 9.6302
8.5298 -2.6262
-12.3996 1.1229
-9.7462 -1.4740
9.7303 -10.4440
5.6835 -7.9510
5.5192 3.2058
-3.9033 11.5872
4.8420 6.5643
-7.7611 5.2167
6.8378 9.0195
-1.1288 6.7096
-3.0325 -0.6097
-1.3247 7.5604
2.8934 6.4012
6.3577 -2.9290
-0.4438 5.8895
-1.6733 -1.6495
-0.5667 -0.6209
0.3665 14.0189
8.3239 -1.2249
-0.1554 -5.4975
6.1888 8.7089
-0.6409 -4.6090
-2.1180 7.0118
6.8767 -4.7733
9.6094 -0.1033
7.9870 -2.3024
7.2635 8.5241
14.8184 6.6968
-0.4256 -1.7361
6.5286 7.2289
-0.7146 6.1431
-1.0387 8.3943
14.5123 6.8717
1.1289 -2.0996
10.7607 0.5569
3.0838 1.4560
4.7719 7.7846
2.2599 -6.9256
6.8938 5.2953
8.6133 8.6214
1.5622 -1.3508
8.2532 -0.4295
7.5022 -2.3310
6.8550 4.9611
11.3262 -0.9671
7.8626 16.8537
6.3197 -4.7716
-5.5311 6.1911
-1.2149 -0.3699
-0.3333 -2.9915
1.8249 6.1880
5.6411 0.0124
2.7528 9.4040
15.7281 10.2238
-5.3516 6.3082
5.2312 7.6394
-8.1803 -1.9529
0.8967 11.0209
9.9363 9.2422
7.9269 0.8028
-1.6293 -3.7379
5.9164 8.6050
-3.2983 -0.7874
9.0573 -6.3156
2.1734 0.5733
1.6823 0.1846
-0.4823 9.4806
-6.3329 4.2008
0.4713 -4.7934
7.6911 10.7075
-7.5226 -1.0630
-0.0020 8.2993
7.1797 8.2233
8.0728 7.7377
7.8846 0.7636
5.5942 1.4111
6.5224 1.3958
-0.3346 -3.3103
-2.5986 5.8961
6.2273 4.1321
8.3164 1.4143
6.4085 0.5569
4.9745 4.4288
-0.9459 0.1020
6.1615 4.4546
-12.2719 7.3119
-1.4901 10.9951
11.5142 4.2413
-6.2493 7.4075
4.6970 2.3339
-3.4499 0.8702
5.8024 -0.1645
2.7108 7.6100
5.6042 9.4983
1.6817 -0.2712
-8.6717 -2.5470
9.4809 12.6679
-2.7605 9.6011
-1.0232 -6.9384
5.8065 0.5435
8.4186 -2.5626
-0.2961 -2.2981
-7.0488 7.6601
8.8952 7.9242
7.4639 10.2828
10.2162 6.7009
1.4382 -0.5846
2.2109 8.4247
-3.7404 -4.7847
-7.5130 -1.0442
8.0189 5.6674
6.2845 0.0958
-2.6280 0.6642
8.2411 8.9554
-11.0875 0.3075
5.5408 -2.0952
7.7760 -2.7612
-3.1803 -4.9558
6.5413 10.4905
-0.1649 -0.4851
2.6704 6.6351
-2.7808 0.8709
-1.5488 -3.7376
-0.8611 -5.1760
1.1474 9.4404
0.2657 10.1095
-1.4548 11.4283
4.8774 6.7859
-0.2214 -0.4348
-2.1369 0.5781
-1.7129 6.9997
-1.3083 6.2421
-3.0756 6.6417
8.4303 12.2209
5.8672 2.4107
-3.3369 14.3323
13.5240 6.5103
13.4913 -2.8748
1.3205 6.5570
-1.7877 -2.1067
-5.5507 -4.9738
0.7917 -1.7770
1.6464 -3.5356
0.7316 7.1779
2.4835 8.1336
9.2095 8.0850
2.2916 -7.1324
6.6989 -7.1657
-0.8424 -1.7283
7.2288 7.2167
-5.3579 -2.3572
9.9940 -7.9725
-0.8480 7.7968
-3.2836 9.4391
4.8283 6.7700
7.6362 -3.8293
-3.1331 -7.0866
8.6456 -1.7103
2.3953 -0.2719
0.0945 3.7354
7.5908 7.3318
8.3114 -2.3529
-1.0575 10.3563
-1.5230 -3.4777
-2.4953 8.0645
-1.3476 1.9913
2.6229 6.5409
10.9312 9.9599
-1.1317 1.8062
5.6680 -1.3778
2.3039 -1.5710
10.6630 -3.1510
7.8228 5.7932
-3.2024 -1.1147
-0.5174 1.5986
13.1611 7.0762
-5.1508 7.4259
-1.4323 -2.2246
1.3542 8.7714
-0.0146 6.6973
10.3730 0.6980
6.2597 4.7952
11.2343 7.4042
0.4352 5.7514
-4.7642 3.1907
-2.7118 4.6364
-2.6081 -3.2375
-2.3777 -1.2761
-1.1759 5.4871
-4.5326 9.2529
-1.4207 -6.4105
7.2307 8.3522
-7.2752 3.9728
-2.7572 -2.1099
6.8110 -3.2829
8.0694 -0.8338
0.7674 7.8024
-0.6865 6.7272
8.3939 6.1270
-7.2858 1.0145
7.6009 9.5401
-0.8329 -0.2576
-0.0875 -4.3111
-2.3595 -4.2560
6.0342 -0.6762
6.0776 6.8397
6.7888 5.7928
1.1978 -0.1361
-2.5927 0.7718
-7.3311 -3.0653
6.3492 7.5395
0.6669 12.0599
-0.8418 0.8347
9.2478 4.8503
-2.6392 -0.8421
7.6323 -4.1281
10.0837 1.6111
8.9513 11.9338
0.4607 9.3391
-0.5011 -12.9718
-9.5517 6.3691
10.5382 -2.6800
-2.6226 2.6351
9.3981 -4.8492
8.5270 -10.5118
4.6084 6.9757
8.0062 1.0115
-2.9787 0.1157
-5.0980 -1.5694
-3.1670 0.0872
4.8037 9.8553
1.0076 4.0686
6.5966 -3.2266
-2.5285 -0.4564
2.3505 1.4513
-0.1988 2.3596
9.2592 8.2262
-6.9934 -2.6781
-0.4721 6.2006
7.5120 -2.4109
-4.4248 -0.0032
8.1626 8.2627
1.1193 8.4184
-1.6894 -6.7586
-0.9457 -1.8258
-1.4712 -1.3924
0.9741 6.6269
-2.9077 -6.0880
8.8635 -3.3942
-1.0890 -1.5789
7.8126 1.1458
1.2677 9.4474
0.2826 3.5511
8.5429 7.0148
-6.5532 9.6444
-3.3685 -4.6120
-0.1015 -2.8709
0.3070 5.7059
5.9424 -4.3861
-0.4268 7.4627
8.8812 6.5897
2.4339 9.6304
-0.1647 2.3335
6.1758 -3.6992
-0.4452 7.6909
11.6812 -0.9458
8.5604 0.4491
-3.2753 9.9035
-1.8473 -6.4847
-4.0286 -2.3085
4.1358 -3.1255
-0.3569 0.9662
-1.1462 9.5652
-1.1847 6.6824
-1.7289 -1.3244
5.6856 1.7953
8.0365 14.1676
1.6577 9.0126
14.6981 -3.5785
-2.3904 -0.8930
6.8291 4.1584
9.2083 2.6814
-5.8578 -1.2420
2.6096 -1.9689
2.1290 10.2032
1.9081 9.5063
8.0828 9.3989
0.8873 -2.7500
-1.7504 7.8464
3.0648 6.0142
-6.7757 6.5374
11.4523 7.4776
11.5467 -4.6105
-1.4788 5.5199
0.3379 7.1875
8.9413 8.9896
12.3546 2.1816
8.5920 7.7661
-5.3324 -1.2185
6.3115 -7.7781
6.3726 7.8669
-1.5761 -0.9525
4.3824 -0.2285
6.2790 -6.1323
4.8844 0.1690
6.1817 6.7172
-4.4193 -10.8794
-1.7329 -3.6918
7.9569 5.4323
2.3316 -1.5105
6.5695 6.1660
10.6700 -1.2126
8.7225 8.5663
2.3728 -1.9771
-6.6660 4.2402
1.8610 0.4648
-3.2517 -2.0325
16.7114 5.1067
13.5988 7.4177
7.7024 -0.7074
5.9209 0.2257
-1.2910 4.6582
8.2495 15.4385
-3.3630 7.0974
-0.8244 -5.7555
4.9217 -3.2683
5.8935 -1.7314
-3.1966 1.0112
-8.0227 1.0982
-0.1743 0.1002
1.2381 0.4887
7.3162 -4.9482
-1.0745 -1.8138
7.0471 -2.6227
8.2906 7.6787
6.3280 -0.8676
9.3141 7.4171
6.8477 7.6645
9.7550 -0.5690
-4.3505 14.1326
0.4051 -0.9005
-1.7964 6.4268
9.2715 7.3992
1.0653 -3.5771
-0.9784 13.3947
-4.4410 0.7113
6.6393 10.6750
-2.4685 -0.2971
-3.6502 -2.8261
9.0884 11.4368
8.5487 -0.3702
-0.1563 -3.0074
5.9775 1.2694
-0.2874 8.3611
-2.5638 -3.1480
-1.8041 8.0422
-1.8377 9.3475
5.5447 11.1781
5.2472 6.6135
-7.1673 9.7277
4.9090 5.1399
-0.4912 -3.3378
10.0772 -0.5097
-3.4270 2.9761
-6.3541 0.6288
-3.3646 8.0306
9.1755 7.5177
-1.4763 1.6820
0.5277 9.5956
-0.3911 -0.3396
-5.3147 -2.9356
0.9818 1.8607
1.1454 5.6913
-0.2626 5.9477
9.2675 1.4754
6.3953 11.5479
10.6910 -10.3265
-3.0482 0.9510
3.1123 8.4127
-0.0261 10.5059
-4.3479 -6.6645
-2.6012 -0.4322
5.8108 2.5966
8.9101 -0.7632
-1.5647 6.6229
-1.5271 -1.1286
7.2968 -0.7486
-7.7803 1.8754
-1.0010 0.7491
6.8890 7.8442
11.8207 6.2223
1.4359 -2.4358
11.4714 11.3378
-0.6897 5.6791
7.6221 5.5658
-8.7216 1.8041
10.4290 6.5816
-3.4610 -3.3268
-7.1347 -0.8886
11.3881 -0.6126
-0.3681 -2.0552
-1.7246 6.5432
-3.9128 6.4360
1.3064 -1.9515
7.1421 11.0370
-0.1286 0.5393
-1.8112 7.9921
6.3056 8.8933
6.9768 5.8421
7.0733 0.2079
5.0242 1.7569
-4.2144 -0.8559
-0.8864 -3.3689
6.9397 7.7271
-1.7829 3.9264
-10.7210 5.8810
0.6913 7.8160
-2.8131 -3.8284
-6.3252 8.8544
1.8975 10.0431
-1.3196 0.2421
12.0363 -2.1724
-0.1093 -4.0983
8.7187 0.1023
1.8607 5.6227
11.6577 -5.0340
-1.9681 9.9463
-0.6519 -1.1533
5.9719 -9.8752
6.6989 6.1685
-4.4479 9.0166
-0.8583 7.1730
11.6525 0.0293
7.4345 8.5913
5.0094 -4.8896
1.1750 7.9162
1.7734 6.6032
10.0942 7.4041
8.1897 4.9710
1.0309 -1.9040
-4.3881 6.2686
9.4817 4.7307
-0.0810 11.5373
-6.7845 0.3277
-1.2772 0.3458
2.4234 11.3162
1.9704 7.8982
1.3224 8.1484
0.5367 -2.4190
8.5539 -6.6819
6.4223 0.5404
7.5445 13.3362
10.8324 -2.8510
-3.1395 -0.7648
-6.6393 6.2754
-0.3267 11.5339
5.9653 -2.4370
12.8958 1.2138
5.5995 10.2973
1.3271 -0.4718
-2.7061 3.6473
-2.1386 9.6185
1.1715 6.1536
6.6455 -0.5467
5.7186 -2.5529
7.8765 -6.4995
-7.0637 5.6439
-0.0218 1.5590
7.9799 7.6289
6.7762 0.1545
9.5217 12.2517
13.0353 8.5867
-0.4593 -0.9959
0.1833 8.3875
-2.1589 1.6092
5.5907 10.7648
7.2823 -2.4876
0.0155 0.5635
-6.3465 -1.3633
6.8022 7.8685
4.6367 9.1211
-3.5865 7.0529
-1.2325 8.3274
-2.7466 0.2203
0.8342 -0.9547
11.1269 -0.3246
5.7498 -0.9838
7.8376 6.9931
6.4378 -1.7282
0.8376 -5.3376
1.0992 -13.6757
6.8856 -4.4016
-4.0400 6.7984
-2.0476 -3.0313
1.8206 -3.4536
7.7614 -3.0546
-2.6931 10.3755
-1.3524 -0.5538
2.3861 1.7306
-4.4430 -6.1496
8.1739 -2.5986
8.3186 6.0849
-0.5073 -0.8314
1.6466 7.7675
3.4421 6.7336
-5.6632 -3.1527
8.5996 10.2385
6.2524 10.2055
-10.0071 -1.2122
-2.1155 10.2571
-0.5961 9.7608
0.9532 6.0306
0.3017 -1.2311
-1.8032 -2.5685
-1.6181 9.6709
-4.2316 6.7154
6.4834 -3.2823
10.0001 -0.0431
-4.4256 8.7798
0.5358 6.3215
0.3735 -4.9718
-2.7595 -5.8283
7.1889 7.6325
-2.6645 5.0402
-3.8239 12.8454
-0.4004 -1.7863
-4.6378 2.1517
15.7793 9.1285
-0.1237 9.3831
-0.4794 3.1065
7.5910 1.5518
6.7844 6.0133
-0.9431 7.6660
-1.3274 0.5575
-2.5024 -0.9404
6.7586 -1.5178
9.6148 7.4907
0.7145 8.2839
8.3711 -1.6769
-2.6672 0.7829
5.8694 -10.0706
5.5797 7.4505
4.9818 -1.4117
-5.4167 -2.7804
-2.4195 5.4717
9.1993 8.2355
-1.9438 13.9681
-1.0943 -0.8206
-2.9841 6.8689
4.7137 5.7190
5.8147 -1.0161
9.3972 4.7513
-0.2198 -2.8339
-4.6403 1.0984
10.1162 -1.2328
-4.7307 -1.3244
9.9212 7.1135
6.0964 7.6143
-3.1369 7.5080
1.6059 -5.4650
-0.6146 5.8119
8.1928 5.9878
6.8304 -3.2170
5.8979 -0.7603
-1.6250 -6.3823
10.2914 7.1237
-3.5263 6.0940
8.1121 10.3317
-0.0708 -1.2132
-2.7563 9.0263
-3.4979 -1.6280
-2.0763 7.5713
-4.0849 -0.3384
-1.0639 -1.4207
6.8797 9.5267
-3.7483 -1.9440
1.7860 0.7894
4.4637 -1.6195
9.3419 -0.4884
9.0863 5.5685
-1.2337 -2.4309
2.3606 -2.6780
5.4092 -0.1853
2.2236 -8.6730
-1.4074 14.2867
7.3280 -1.8720
-2.6909 12.2608
-3.5024 -1.8735
-11.7215 -4.8389
-2.7199 -4.6889
7.5261 5.0556
-4.0910 1.5929
3.1043 -1.0364
-5.8080 8.0250
14.3311 -0.9113
6.7135 -3.4770
-4.3823 0.4396
-8.5033 -3.8799
8.2068 -1.6625
7.5351 6.6745
-2.4782 -1.1559
1.7362 0.2936
0.2377 4.3810
7.4923 3.7574
9.3360 1.6924
6.3404 -6.7256
0.3062 8.1911
-0.2481 -1.3513
-1.7031 0.5888
8.6686 2.7217
0.7901 1.1574
3.7995 7.8756
4.1682 8.1980
-3.7916 -1.3387
8.5816 5.2556
2.2564 8.0368
9.1239 7.3328
5.5588 5.2948
-1.3033 -1.9016
-1.9273 9.0168
-4.1426 13.4950
1.5394 -2.8003
7.1247 -3.3135
7.9867 -1.2103
-3.8251 -0.9641
9.5200 -6.5569
1.0014 -7.7463
-5.1639 0.8341
1.8700 -3.2786
-0.3227 11.8456
3.1911 -0.8686
0.6344 -0.7711
8.1471 4.3045
-0.9446 6.5286
2.0953 0.4711
-1.7713 -1.9519
-6.9246 0.1202
2.5597 -0.8867
-0.6535 -1.3688
2.9489 -1.0368
10.0856 2.0408
-7.3815 -7.3692
-2.7891 7.4536
-1.5829 7.7080
6.7271 -3.5900
-2.5502 -0.9927
-1.8984 -3.7396
8.1549 -3.2256
1.4539 10.3353
-0.9625 7.9860
-3.9685 1.7743
0.7321 7.2979
-4.5672 0.2372
5.4856 4.7290
-8.7451 0.7451
-3.1304 0.1377
9.5450 9.3785
6.9337 -2.1378
-1.9745 2.9174
-7.1803 9.9640
6.9364 5.6067
-0.2209 6.6584
-2.5345 7.2599
10.9289 9.9332
-1.3311 -0.7361
8.5727 -3.2489
0.6377 -0.3400
2.7281 7.1991
-0.6378 3.4466
11.8977 6.9500
0.3300 0.2932
-4.8486 -1.7833
7.5041 -1.2358
1.4463 4.7311
10.0091 -0.9804
-4.5381 7.3813
-0.4733 -0.0869
-0.4560 9.7051
14.9865 0.1225
2.1005 -2.4678
-7.4766 8.6276
9.8616 6.8595
