5
8.0349 8.4218
7.8561 7.8877
5.0344 6.9083
3.8073 7.8976
7.8741 7.2800
-9.3357 7.8719
7.8829 7.8505
7.5405 7.8827
3.5151 7.8944
6.5678 4.9503
6.3961 7.2170
-9.3984 6.8861
5.9301 7.4383
3.7344 0.1796
8.0872 8.1528
7.8683 8.9141
-11.2371 -12.0032
7.0891 4.5435
7.8942 2.6560
-2.5829 7.4887
6.3796 7.8741
5.9912 -1.6428
7.4604 8.4442
4.9564 7.8923
-5.7066 -4.3853
7.8449 7.9163
5.9181 7.0667
6.8445 7.8854
7.2939 5.4794
7.8786 7.1515
3.4482 7.2533
7.7980 7.3268
8.3161 7.8796
8.9551 7.8986
7.8883 6.6308
6.2984 5.2596
7.8575 3.6784
7.2769 6.1954
7.8919 -7.8678
7.8602 7.1741
7.8905 7.9161
7.8790 7.9771
6.5142 4.8445
8.2412 7.8810
3.8342 4.7342
1.6128 7.8080
7.8049 8.4746
8.4768 5.7434
-2.8835 6.4232
-9.1138 7.1179
7.8591 7.2350
7.6153 7.7414
3.3447 8.7715
7.8928 7.8838
3.1436 7.3000
7.8217 7.8940
7.8930 7.8777
8.6550 3.7600
7.1884 7.3368
-1.8299 7.8967
6.3746 -10.5322
-2.8396 5.1652
6.9106 -10.1495
3.3300 6.5247
5.6803 7.9054
7.9054 4.6384
7.5072 5.7334
7.7215 -0.4940
4.2290 7.5061
7.2696 7.1777
5.7864 -6.3163
8.4653 2.8047
7.2385 5.0982
7.8952 7.7471
7.9340 7.8734
7.8634 7.9197
6.5931 6.9896
9.4998 7.1453
7.5151 -9.4597
2.3206 7.8586
5.7342 2.6179
6.4850 -1.6956
7.8547 7.8694
7.8718 7.9122
3.2675 8.1919
7.0569 7.1251
7.8922 7.8781
5.2451 7.8781
7.8922 7.1324
8.8120 7.8947
3.9147 7.9847
2.5839 7.8607
4.2692 4.9879
6.2198 7.0171
4.0339 6.1174
7.8445 7.8110
5.7859 3.3450
6.0595 0.5546
7.8979 6.7350
3.5387 7.9266
5.4309 3.2684
6.2433 7.8813
7.4119 7.8189
7.8783 7.8607
2.3373 7.5859
5.8442 7.8978
7.8844 7.6373
5.5780 4.3785
7.9332 4.7024
5.5956 -14.9299
5.1285 7.4168
2.9802 7.5600
7.8644 7.8576
4.7022 2.6753
3.6910 7.2277
6.8680 7.0372
7.8616 7.8442
6.7153 4.1121
5.4080 7.9379
4.3894 6.8311
6.8519 6.5797
6.8182 7.2890
7.7715 -3.8882
6.9100 7.8662
6.4669 4.8419
7.0151 5.6075
-6.9205 7.0601
7.8880 7.8009
3.0217 4.8276
7.8489 4.6433
5.1112 7.8689
6.2062 7.5231
7.5204 7.8841
8.1694 7.3307
3.2123 3.2969
1.8540 3.3833
6.7592 5.6916
-1.0666 6.3322
7.8455 4.4978
1.1290 7.6485
3.4007 7.8835
7.8997 6.3449
6.6795 7.9069
-2.7063 7.5878
7.8840 5.6129
-9.4158 5.9639
7.2379 6.3778
4.8374 9.0914
7.9086 7.9119
7.9120 7.9003
3.0979 5.4428
5.4188 6.5391
3.0914 7.6629
7.5695 7.3304
4.7694 7.8957
6.4742 7.0244
6.2728 -0.4469
6.2790 7.8789
6.1840 6.9714
7.7991 7.8427
8.0276 6.0368
7.8950 7.8343
0.5799 7.8737
5.8094 7.8590
7.5369 7.6502
3.9141 7.8883
-8.4611 7.1812
7.8554 7.0807
2.7894 3.7460
5.1805 4.0091
6.4267 8.2038
2.3765 7.8704
-2.3009 6.7142
7.3361 7.8848
8.2339 7.8714
8.3932 6.3436
7.3758 3.9273
7.9093 7.8749
7.8999 7.8734
6.2352 7.8945
4.0458 7.8638
3.3712 7.1716
2.8027 7.8754
-2.1988 7.3458
5.6700 4.9277
6.8119 6.4013
8.0039 4.7488
7.8958 6.9299
6.6704 3.0463
5.4721 7.5043
9.0878 7.0333
7.2175 7.8979
7.6191 5.6304
7.8644 7.8826
7.9012 7.7141
6.6558 6.7682
-12.1414 8.6499
7.9341 3.9424
5.2149 6.9402
6.1505 7.8828
7.8924 1.2973
6.0777 7.7137
7.9113 4.6272
6.3842 7.4147
5.9583 7.4393
4.5307 7.8911
-6.8464 7.2888
5.3192 4.1434
7.8986 5.4635
7.8776 7.8506
7.8998 3.4600
3.3190 7.9217
6.4312 7.8987
6.6642 5.3537
6.2324 6.1500
7.8931 7.8869
7.8808 5.2541
6.1506 7.9026
5.3488 7.8722
4.1262 7.8680
7.9071 6.7058
5.9715 5.6838
7.1204 7.8877
6.5465 7.9732
7.8781 7.8542
7.1984 6.2558
7.8843 4.1327
8.1833 5.6926
5.6694 7.9385
7.8312 6.6837
5.8175 7.9592
4.6376 7.8834
5.7787 -2.3585
6.7792 5.1197
7.8957 7.8639
7.8066 5.7931
7.6241 5.8926
5.6788 7.9007
4.4237 7.1958
6.3952 7.8715
-3.9274 6.8504
4.3156 7.8489
5.0514 2.9137
7.1753 7.8863
6.8631 7.8788
6.7668 5.8130
7.8933 6.0082
7.3116 5.4850
4.0793 -3.2604
8.5321 7.8799
5.2616 7.8866
6.9821 6.1076
7.0174 4.5372
7.5928 3.7492
2.6497 -9.4066
7.0631 6.9657
6.8046 7.9170
7.8722 6.5206
7.3342 7.8856
7.8556 5.3501
-11.3054 4.8190
7.8893 7.8961
7.8794 5.3602
6.7533 7.5670
6.9628 5.5109
4.4190 7.1318
7.9188 7.8822
7.8513 4.8358
6.6199 7.8845
8.3959 7.9090
7.3184 5.7586
-5.0601 7.3966
4.8342 4.2974
7.8533 5.2604
9.7814 7.8851
8.6627 7.8649
6.1607 7.6524
7.8982 4.8029
1.7031 6.0385
6.5262 7.9013
5.4331 7.8465
7.9006 7.8983
6.0201 5.5202
7.0072 3.6649
3.9774 7.5216
7.8555 4.4191
4.3472 7.7644
6.1482 7.8524
7.1981 3.8626
6.0993 4.7803
5.9306 5.4768
7.8839 7.2664
7.1658 7.8799
6.9276 7.6854
7.8046 7.8831
7.1039 8.2334
6.4768 -1.4380
7.8831 7.0324
-3.3879 7.1932
7.1578 7.8528
6.5643 5.4707
7.0339 4.4246
4.8189 5.3532
7.9047 7.8890
7.8482 2.4800
6.8701 6.5707
6.7006 6.6753
7.8983 7.9008
6.2723 7.9180
7.8531 8.6170
6.1365 6.5074
7.9050 7.9140
6.9824 4.3442
6.4049 7.8392
-3.2402 7.3927
7.2895 7.8664
7.3154 4.7249
3.9284 7.8760
7.8822 5.4152
7.0481 5.0253
7.6594 7.8612
5.9202 2.8917
7.1397 5.9370
7.8706 6.2556
5.2741 7.8734
2.1381 7.5639
7.9007 7.2315
7.9153 6.9730
6.7484 4.9550
6.8712 -4.0768
7.8620 3.8080
7.8614 7.4601
3.3175 5.6337
7.9899 5.0515
7.8613 8.8525
7.8804 -6.6868
7.8949 7.6572
7.8870 2.4023
7.9089 5.6648
7.8480 7.8507
7.8879 7.9024
7.8919 2.4321
3.9121 7.8556
4.9951 -1.1814
7.8602 7.8466
5.3921 3.9323
8.1559 6.5662
4.9953 6.4871
8.0361 7.5049
7.8980 7.2760
7.8791 7.8622
2.0082 3.8578
7.9034 7.8686
7.3545 7.8736
1.4210 7.0697
6.0694 3.5120
-1.0506 7.8286
7.2607 1.9187
5.5777 7.3984
7.8671 5.0358
7.8399 2.9770
7.1916 5.0749
7.8568 7.8470
5.7821 7.8679
7.3295 5.4870
6.8189 7.8634
7.8891 5.2473
6.4740 7.6035
6.0628 7.9080
-10.9573 6.7658
7.8992 7.9291
6.7574 3.1845
7.8978 8.1390
7.0995 6.1010
-0.0659 6.9024
7.1862 3.8552
3.3485 5.9179
4.8127 3.5251
6.5919 6.8008
7.5322 7.8601
-2.8949 7.1756
5.1595 6.6358
7.1207 7.8894
5.4121 6.3756
6.3893 3.9716
7.1301 7.3242
5.1422 7.8643
5.1918 6.5087
4.3768 8.6867
2.6073 7.8655
6.2219 4.4722
8.5729 6.9708
7.8647 -8.7957
6.3592 6.1423
7.8741 5.8169
7.4312 5.9067
7.1420 8.4431
8.0786 7.8575
7.7590 6.8924
8.1224 6.3886
4.9276 7.3506
7.8756 7.2857
4.8571 6.9848
7.1449 6.8660
-3.0979 7.0603
7.8876 6.3220
4.3798 7.8717
8.2212 -7.9649
4.7582 7.8448
6.5665 7.8753
6.5941 6.6785
7.8823 7.4788
5.5558 6.9853
7.8367 7.8513
7.8512 4.1122
5.2121 5.8023
7.8579 3.7695
4.7656 8.0998
7.8872 7.8759
4.8425 3.4570
6.7095 7.8576
7.8547 7.9118
-3.7657 -2.1898
6.2717 6.0894
-0.0545 5.4791
7.8487 5.2469
7.4767 6.7548
3.2698 4.2253
7.9234 7.2299
-1.9588 7.8947
7.8789 5.2645
7.8617 7.1635
3.0443 7.2903
-0.3530 -4.4848
8.2505 7.1789
3.5493 6.4009
7.0137 7.8814
7.8192 6.0426
7.1055 7.8618
8.4054 7.6891
3.8763 6.8434
7.5182 2.9130
4.2549 6.2149
5.7180 -1.0831
7.2408 5.8346
-2.8605 -9.8689
-9.4646 6.0451
7.8969 -1.4945
2.3765 3.9798
7.8949 7.9312
7.4491 3.8907
2.8285 -7.3366
7.0849 4.3524
7.8680 7.9088
7.0158 7.8476
6.3555 3.5203
-0.1997 5.0811
6.5088 7.8848
7.8757 7.6973
7.8763 7.8771
6.2710 5.1284
4.4891 7.8547
-9.8271 6.0863
7.5691 7.5194
7.9306 6.9225
7.1148 4.8514
8.5254 5.5850
4.5634 7.8837
6.4960 7.8907
4.1864 1.9735
4.0315 7.6480
7.8819 7.1465
5.7147 3.3607
7.8437 6.2527
7.0158 7.1253
-3.2004 7.8920
6.7697 7.8678
8.5860 2.0231
7.9169 7.5211
7.8912 3.3019
6.6343 7.8316
5.3241 3.2055
6.6957 5.6698
-1.3943 7.8408
5.0132 6.8319
5.6628 7.2018
7.9329 7.9177
1.4681 5.4808
5.8216 6.1690
7.9118 7.8841
6.5308 8.8267
5.8149 7.2957
5.3258 -8.6463
5.0091 7.8696
6.7660 5.0182
7.8374 6.2989
4.0735 7.8627
-12.1566 7.8918
6.9515 7.1339
6.4600 7.8795
-3.7355 7.8529
7.8569 -8.2115
8.0539 7.8388
2.4130 7.1519
4.1224 6.0732
3.0045 7.8741
6.7268 7.4606
7.7767 7.8777
6.3659 -11.7571
1.6592 6.5897
2.6855 7.7151
7.8703 7.0397
4.3839 7.9034
3.3039 -1.9427
6.2648 5.6261
6.4900 7.8809
5.2194 7.7038
5.9046 5.2912
-11.5460 6.6670
7.8990 7.8594
7.8826 7.8814
5.5427 7.0862
5.0913 7.8625
6.8047 6.2390
7.9054 6.4419
-0.3606 8.7491
7.1256 4.2678
4.5130 7.9074
7.8642 7.9304
0.8242 7.6917
7.8570 4.2143
6.7175 4.9397
7.8551 7.8263
7.9264 6.9274
7.8562 3.8796
7.4977 5.2890
7.7470 7.8663
7.8836 7.8645
8.0918 4.0957
7.3212 3.2695
6.9508 3.3052
5.6223 5.7563
3.9311 7.8735
4.3997 7.8566
6.4142 7.8650
8.7713 6.2062
3.8921 3.9474
2.8363 4.7731
7.8714 7.8938
4.2638 8.5907
7.2405 7.8822
7.3036 5.9171
-11.8668 3.9787
5.8312 8.1846
6.7805 7.8735
4.4701 7.6607
7.3390 4.3074
7.8750 7.5287
-10.1591 3.3281
7.8825 7.3482
7.8966 7.4182
-2.3312 2.5763
6.7050 6.6392
5.7566 7.3195
-4.7585 4.8878
6.3761 7.5518
7.8918 7.5054
7.8464 7.8759
4.4107 6.8157
7.8845 7.8375
4.5254 7.2939
-0.3361 6.7876
5.9101 7.5011
6.5299 7.5987
7.8755 4.8959
7.8641 7.0116
7.1098 2.6798
8.7148 -4.3680
7.9331 5.1712
7.8714 5.1707
3.8663 7.2643
6.2381 7.8838
7.3178 6.9513
7.9423 7.1197
6.8451 3.3305
7.9187 7.8737
7.4696 3.2493
4.3544 7.8471
4.6582 7.8394
4.3159 7.9022
7.2584 4.9342
7.3232 7.5758
7.6818 7.4916
-3.6421 7.8803
7.3273 7.8627
7.8548 5.1215
7.6160 5.7450
5.0619 7.9252
7.9155 6.7980
7.2560 7.9163
7.8765 7.8895
5.1272 4.6651
8.2619 6.3828
7.8548 6.6171
7.4417 5.7328
6.9631 5.2040
7.0735 7.8827
-2.3857 6.2548
5.1046 6.2410
6.9793 6.4504
7.8458 7.9496
7.8578 6.5045
7.6063 7.8950
7.5083 -4.6514
7.8709 7.2589
6.4675 1.3599
-10.7120 7.9204
3.7944 5.9688
6.3277 7.1552
-3.1623 3.9024
4.6465 6.1409
4.2929 7.8450
1.8785 4.4698
5.2671 7.8551
6.9320 4.0779
4.8577 8.8961
7.1705 -3.6223
6.8063 7.8564
8.0855 7.9049
7.8660 5.9287
7.8727 2.3376
3.7087 5.7739
7.8947 7.3640
2.7105 3.2563
-3.9911 7.8782
7.4944 7.8732
5.4279 4.9572
7.8740 2.7398
7.8982 7.8807
5.5533 8.5191
7.2359 4.2339
4.2068 7.8719
7.2728 7.8542
-13.4266 6.5600
7.8845 -3.8783
7.6353 7.5076
2.7283 -8.5366
-3.9847 7.8825
6.8622 -9.0079
7.8655 7.9260
3.3817 4.6165
7.9119 8.1354
-4.5701 7.9153
7.8959 5.6288
6.1273 6.9748
7.8702 6.9228
4.5771 -6.0940
7.8598 4.9021
7.5207 6.5274
6.6549 7.8464
7.5044 7.4217
7.8599 7.9782
7.8877 7.9207
7.6148 -1.4322
7.8836 7.8444
7.8821 5.5822
-1.1837 8.0985
-7.7427 4.7786
7.9040 7.9290
4.5263 7.8679
7.8515 7.8505
7.8742 3.0427
7.4444 7.8442
-0.0193 3.6853
7.8672 2.6681
-9.4529 7.8526
5.1755 6.1554
7.8547 5.3559
7.8871 7.8524
7.8794 7.8466
7.8476 6.7418
-1.5291 7.8807
7.0679 -10.8390
4.6031 7.4893
3.9610 6.9616
4.9868 7.8725
7.6248 8.4168
6.5865 7.8892
4.1636 6.7981
8.0066 6.8139
5.1619 4.4095
8.0118 7.8537
7.8627 4.4741
6.1000 8.1440
7.0294 -8.3823
4.7751 3.6933
7.4107 7.8882
5.5128 1.3699
7.9800 -4.2778
4.4381 -14.5014
5.4962 7.0201
4.4596 7.8685
7.6895 -2.7552
7.8699 6.1877
7.6406 4.4076
7.8885 6.9666
7.7245 3.4256
7.9089 8.2286
7.0502 7.8823
4.3188 6.9369
6.3810 3.3192
6.2601 7.8482
7.9009 8.1306
4.8510 5.3386
4.2399 7.8743
7.8889 7.8493
6.7899 5.9329
5.2133 7.6228
3.7238 7.1985
7.9014 7.8569
5.8180 5.2589
7.2067 7.9072
3.6968 7.6905
6.4328 7.9193
7.3253 7.9155
-0.5419 7.8755
6.0083 5.5460
7.8797 6.2430
7.8643 5.9328
5.0814 5.3428
5.3698 -0.6993
7.8641 7.8749
3.2348 7.6800
6.1058 -2.9365
2.3541 6.5093
5.8750 6.8649
-2.4928 4.0401
4.8631 8.6073
7.8734 7.8677
5.1574 7.4493
7.3076 5.1925
7.8737 8.0335
6.5080 4.6587
7.5299 7.6589
-1.8945 7.8838
8.1756 7.8723
5.6799 -2.6756
-2.1992 7.8617
7.7412 7.5635
7.8842 5.5434
7.8641 5.8599
5.1835 7.9284
-2.7159 7.9181
6.1551 -2.2043
5.5849 2.7735
4.3399 6.3885
4.2555 3.5860
7.8880 6.4685
3.6511 8.1981
5.8459 7.8800
8.5169 -10.1734
7.8758 4.8808
5.7691 6.5663
7.6494 7.8657
8.1954 7.8992
8.5187 5.1852
7.8750 5.7191
7.1602 7.8998
3.7478 5.9173
4.8043 5.3541
7.9060 7.7871
4.6265 4.0448
6.7359 7.4111
6.3840 -4.8110
6.8127 3.4655
7.0561 7.9056
6.4389 5.4563
7.8469 -1.8167
5.3870 -6.3465
5.7083 6.5152
5.3631 3.4482
7.5830 -2.2954
7.8784 6.0142
7.8478 7.3736
7.8487 5.7837
6.4496 3.8300
-1.9297 6.7693
6.6823 7.4974
7.9106 8.5321
5.6930 7.8577
7.9227 8.1167
6.6337 8.1209
7.8620 2.9618
6.5988 7.8623
-1.9776 6.7731
7.6376 -2.9599
6.7988 4.1366
-4.7579 7.0093
7.3862 7.8750
7.8565 5.3230
7.8719 7.8919
2.6942 7.8722
-2.3893 -1.0253
6.4326 7.8889
6.0757 6.5688
7.8780 7.3263
3.0619 7.8932
-4.1680 4.9265
7.9449 6.2927
7.8924 4.7371
7.8061 5.8838
-10.9293 7.2640
6.0032 7.8660
7.2125 7.0973
7.4843 3.2808
7.8607 -1.0798
7.1015 5.3764
-2.4265 7.8548
7.8403 6.6954
4.5383 4.0305
8.0264 6.5893
7.8339 5.1285
7.8438 7.8831
7.8786 8.1716
6.7535 7.8970
7.4521 5.6749
3.5076 0.7259
4.2922 7.4071
7.8575 7.8974
2.9951 4.6226
3.1818 6.4537
6.8652 7.5621
6.5330 6.1717
4.4171 5.6965
7.8745 4.6807
6.3909 8.1808
6.7189 6.1948
5.5324 6.5558
5.5223 7.8763
-7.9007 6.9832
9.0105 6.6996
2.5975 -2.8095
1.3501 5.1562
7.4690 -0.0048
5.5635 4.9524
8.1139 7.8937
4.1014 4.5416
5.9350 7.3539
-0.9889 8.2962
4.4535 6.4230
7.4500 2.6396
5.1344 -2.9948
4.2049 7.1217
4.9135 7.8705
7.6315 7.7684
7.8811 9.0233
6.0661 8.1365
3.4998 7.9375
3.5516 5.2343
4.6807 6.0910
8.3265 3.4767
6.5741 3.5840
-8.4898 5.3749
5.7164 7.9066
6.7503 2.6880
7.9177 6.1955
3.8383 5.2834
7.8862 -10.1383
6.8000 7.8895
-11.7801 5.6985
7.4272 7.1046
5.4510 4.1820
6.7506 7.8672
7.8534 -5.7936
7.8865 7.8741
7.6468 -3.8442
5.6468 -11.2196
5.3833 8.3341
6.0223 8.3385
3.7100 7.8710
4.6380 5.6608
6.8703 7.9067
2.7870 7.8884
6.7141 6.0763
5.4698 4.3367
7.1528 3.7868
7.8547 5.4188
6.4804 7.9024
7.8742 5.4874
7.8985 7.6334
6.6148 5.1753
7.8857 -4.0102
6.5383 7.8620
5.6887 7.8704
7.8471 6.2283
2.2502 6.9432
6.7518 7.8714
7.8657 7.8758
6.8714 5.3553
7.9125 5.3570
5.8299 4.3121
5.5813 6.6774
3.8889 7.8656
7.5604 -12.6054
5.4398 4.2082
-1.9515 6.7794
7.8750 6.5500
7.8924 3.9116
2.8639 2.9796
7.8848 5.0959
4.9302 7.8904
7.1394 7.8914
7.0998 7.8695
-8.4323 7.3663
7.8671 7.5025
7.8777 7.9292
7.7598 3.3568
7.8239 4.2241
7.6815 7.8658
7.3641 4.2190
6.4954 3.3175
5.7909 8.0644
6.6573 6.8631
-2.7836 3.9605
-10.1612 5.7454
7.9032 -1.1412
7.9021 5.7776
7.8851 9.0812
5.6920 7.8770
1.6022 7.9213
7.8831 8.4287
7.9340 7.8338
7.9074 7.8616
7.6913 6.4799
7.5767 7.8811
-2.7460 6.5156
5.8559 7.8699
7.3734 2.2689
7.8553 7.8717
7.8533 0.9658
0.8041 7.8855
-1.2756 7.2713
7.1220 7.8604
6.4566 7.8810
7.2868 -4.2983
6.7540 7.8341
5.2147 6.3167
7.8792 4.1719
7.2133 7.8209
6.9288 7.1639
7.2451 7.8344
7.8879 3.9813
6.7455 5.8663
5.3111 4.8692
7.0137 7.8767
1.1168 7.8747
6.4519 5.0657
4.3800 7.8771
7.3667 6.9819
7.3649 7.7842
6.1377 -4.0464
7.8900 5.3532
4.2848 -7.7333
4.6289 4.9995
6.2967 6.8881
7.7775 5.5458
7.1396 8.1338
1.7345 7.9033
7.2150 -9.2707
7.8913 4.0990
5.4064 7.8945
-3.4114 5.4572
8.3684 3.6663
7.6776 7.3769
4.6722 5.7380
8.6596 7.8571
8.3593 7.1018
6.4053 7.1822
7.8848 2.6441
7.2728 7.4187
7.8847 6.5596
3.3098 7.2595
7.9152 -2.2693
7.5871 4.7926
6.6239 5.5970
5.0184 5.9826
7.8699 2.1461
-0.7809 6.7201
7.9014 7.0859
7.8611 7.8798
5.2816 -8.2982
7.8781 7.8521
7.8479 7.8794
7.8732 7.8759
6.6166 7.5811
7.8853 7.3978
5.5404 5.1526
7.8777 7.5263
6.7288 7.9226
7.8726 7.8425
6.3530 7.6108
5.5011 3.3920
7.8661 7.8474
7.8936 7.9237
7.0328 6.8353
7.9504 3.8058
4.1753 7.1258
7.2812 -1.8620
-3.5801 5.2544
4.1766 5.6276
3.1513 7.9065
0.0499 -11.9889
7.1835 8.0432
6.8038 8.0179
2.7695 4.2237
7.2686 7.2013
7.8953 7.9015
-12.6752 7.8868
7.9873 5.2969
7.8808 2.3782
-1.6337 3.6442
5.4629 7.8728
2.7073 -2.3488
-4.9796 7.8550
6.7380 5.3319
7.9975 7.0521
8.1772 6.8137
7.9053 7.8550
7.7861 6.3929
6.5643 3.1452
5.4281 6.0028
7.8772 7.8878
-2.6908 7.8985
7.8868 1.8265
6.5490 7.3193
3.0415 8.1570
3.4575 5.0855
7.9073 2.0368
7.8668 7.5754
5.4502 7.5611
3.3690 8.4922
7.3259 7.5269
7.8671 4.4015
5.8238 6.5886
-10.8233 8.6291
-7.2700 -10.3959
4.6151 7.5079
8.0064 6.6949
6.7416 7.9052
6.6807 6.2090
7.8888 7.3733
6.2613 7.8792
4.9346 6.2441
6.8589 7.8643
-3.6217 7.8366
-3.1557 7.9008
7.8800 7.8542
6.9040 7.8716
7.8580 7.8716
7.8894 4.5263
9.4858 7.8787
7.8868 7.8846
7.3310 7.8487
7.2114 6.4686
5.8467 1.9841
3.6967 3.4366
4.1412 9.1834
7.8693 6.8260
-5.3332 1.4151
4.2277 6.5303
7.3158 6.9423
6.7275 7.4813
7.8685 6.6913
7.6703 5.7917
7.5180 7.8862
7.8264 7.9136
6.3889 7.8786
2.2198 6.8708
7.9097 7.8731
4.2211 6.9918
5.3630 7.8595
-8.9464 7.5687
7.8626 6.1974
7.7685 7.8537
5.3607 7.9959
4.9397 7.9153
3.1167 8.1896
8.7399 2.9832
5.3387 7.9093
7.9124 7.8394
7.8547 7.5613
-5.4155 7.1568
-2.9348 4.5595
7.0099 4.7358
4.1862 1.2627
5.1926 4.6645
6.5005 5.4332
7.8668 7.8534
3.8858 7.8524
7.8641 7.8923
3.9723 5.6664
6.5736 7.8377
8.3470 6.5551
6.8331 6.6974
7.8845 7.8457
2.6079 3.0053
7.3722 6.4278
7.5410 7.8765
7.8717 7.8908
7.8597 7.8734
5.0124 7.4277
6.9503 7.9148
7.8738 3.2054
-0.0783 7.8497
5.1827 5.4357
7.9179 4.6689
7.7621 8.2655
4.9388 7.9094
7.0872 7.8650
7.3064 7.8941
7.8635 7.1319
7.5384 5.8866
7.8722 5.7172
2.8534 7.8977
7.6280 9.3691
7.8717 7.8838
8.0374 7.8845
7.8780 5.8374
7.9097 7.8655
7.8901 8.5503
6.3388 5.9509
7.8898 7.9533
7.9075 2.4300
4.1198 6.8570
-1.1905 3.7808
7.8654 6.0650
7.9140 6.3425
4.3675 3.4460
8.7227 7.8340
4.2898 5.4500
7.8761 7.8918
7.8779 5.1124
0.8302 6.2647
3.5157 7.8818
6.2250 7.8586
7.9055 6.5560
7.9813 2.8035
7.2381 7.8146
7.8854 7.8791
7.8878 7.3654
4.6422 8.0846
7.8628 2.8791
7.6680 7.8969
-11.7098 5.0221
7.8951 7.8692
7.9147 6.3024
7.8698 4.1204
6.4834 6.9522
6.6112 5.6286
7.8799 5.9205
7.7437 3.3398
7.8588 6.0580
9.0122 7.8681
5.3545 -8.8456
2.7325 7.5311
7.8623 6.7145
5.6289 8.3343
4.2667 2.5635
3.7833 6.1279
7.6982 6.1986
6.4979 6.9394
7.8805 7.9064
5.1239 7.3374
7.8252 7.9162
2.4353 1.8096
6.3845 -2.4558
3.6645 6.2513
8.3103 7.8407
0.2422 3.8923
6.5033 7.9024
4.3694 7.9071
-2.4109 7.8878
5.9571 7.8870
8.0357 7.8890
7.8794 7.8403
5.1502 6.7949
6.2231 7.6737
5.6365 4.2368
7.8667 5.2278
8.1969 3.3520
7.4852 -4.3537
7.1685 7.8901
6.4759 4.3262
7.2811 7.8955
5.5441 7.9223
6.3077 7.9187
6.7820 7.5846
7.9120 7.8887
6.0616 5.6425
7.5441 6.5995
4.4905 4.9299
7.3403 6.5097
6.9023 7.9019
7.1702 -8.6824
6.7660 4.1838
6.4812 3.6822
2.9379 7.2091
6.2460 7.9072
7.9167 5.8323
7.3943 4.4171
7.9094 -6.8579
6.3910 7.0687
7.8642 5.5906
6.4866 5.3146
7.8630 6.7720
8.1710 -1.4568
7.8754 6.3408
7.8902 7.8805
7.9127 7.9452
-5.1740 3.4452
7.8698 7.8552
3.4990 6.7158
-11.6267 5.8633
7.8871 7.0338
7.8716 7.8766
7.9073 5.9088
5.4536 3.9694
5.7837 7.5053
5.7492 7.9106
7.8190 7.8502
7.8778 -12.2348
7.2469 7.9019
6.8824 6.8486
5.3100 7.8924
6.9173 7.8821
1.5695 2.6393
2.9264 6.7313
7.8571 7.9114
4.1761 5.5772
7.8871 5.7954
7.8641 5.1440
5.2381 7.0610
4.2282 1.8899
5.4616 -12.3486
7.1096 -10.8426
5.9960 -2.2083
7.8756 7.8705
2.7832 1.4208
-3.4046 7.8979
4.2164 6.4995
7.5817 7.5437
8.7727 7.0817
7.8596 8.3998
6.3010 3.6632
7.4624 4.4700
6.8134 5.0686
3.8809 7.9077
6.2812 3.8147
3.2047 3.1682
6.3847 7.8634
6.8615 6.9367
7.8603 6.6623
7.8229 6.8715
7.8823 5.6619
7.2930 7.8758
7.8551 -1.5513
7.5381 7.9119
6.8969 -14.8431
5.8411 7.8477
6.1971 7.9451
7.9015 -0.5785
6.0063 4.7586
3.8432 -1.0221
2.1396 7.8531
7.8965 3.5548
4.8986 7.8455
6.8710 7.8710
7.8738 4.0953
-0.8253 7.8748
7.8383 6.7537
-3.8138 7.8949
5.9660 7.1219
5.9069 7.8752
7.8973 -0.9499
7.8428 3.4011
7.8283 6.4896
8.1974 7.8902
6.3424 8.2923
4.8672 3.3746
8.3115 7.8495
7.4026 6.8829
5.4350 -11.5574
7.3180 7.8390
2.6111 7.8916
6.9722 8.3178
2.9413 3.7347
5.2674 6.8878
7.4119 7.9041
4.2672 -3.2628
7.2106 7.8819
6.8695 7.8589
-2.0439 3.9220
7.0985 -10.2021
6.9554 6.9234
5.6580 4.5670
7.8733 7.3218
6.8605 7.8702
4.5003 7.8838
6.5917 2.8783
4.7342 6.8640
7.2828 7.9097
2.9989 7.8695
8.0785 7.9026
3.7329 7.8926
6.7462 5.6563
6.9970 7.8990
7.3174 7.5250
5.1056 -0.1778
7.8698 6.5417
6.1111 3.1320
7.3507 6.6286
7.8553 7.8935
5.6340 7.2348
7.0285 1.7894
5.5203 5.6201
7.8988 4.6811
3.3456 7.8838
7.8987 -1.4051
7.8677 6.0448
6.3799 7.6342
7.9049 4.8644
7.8753 7.8592
7.8905 6.6106
6.7367 2.9271
3.2072 7.8974
4.9217 5.1720
7.8593 7.9010
7.4865 7.8884
4.4366 7.8591
2.9542 6.4706
7.8783 3.7273
4.6431 8.0026
6.3458 5.6813
7.8506 7.5285
-1.4921 -1.0316
-1.8465 4.5996
6.4773 7.8493
2.5661 7.3743
6.8295 5.4491
8.2030 5.3859
7.8597 1.1803
8.2670 5.7097
5.6812 2.7385
-1.5786 7.8630
7.0272 5.4177
2.0421 7.8461
4.4673 6.6660
5.7804 7.7341
5.5349 5.7234
6.8769 7.8715
5.6537 7.9150
7.9083 6.1822
3.6491 5.3827
7.9925 7.1880
7.8386 7.8439
5.0188 5.5133
7.9093 7.2256
6.9885 7.9023
3.2806 5.7079
7.0731 4.7817
7.8858 7.3765
-2.7072 2.0228
-0.4046 4.3254
7.8916 2.3773
6.0657 7.8827
5.0564 7.3892
7.8796 6.9339
6.9318 0.6158
7.8780 3.1009
6.4155 7.8424
7.9239 7.8685
4.1013 5.3496
7.8861 7.9074
7.8557 6.5073
5.8468 7.2445
4.4074 6.5154
7.8871 7.5811
7.8595 1.2657
5.4800 7.4825
7.8831 6.9383
6.8273 7.8996
6.5300 4.7436
7.2857 7.4196
7.8865 7.9026
4.4318 7.8808
7.4171 7.1545
7.8427 6.0008
7.8809 6.4706
6.8656 5.9787
5.7513 7.9255
7.8912 7.8784
7.8727 7.8718
3.1528 -1.8913
4.8195 4.9309
7.9026 7.8678
7.1070 4.8892
7.9023 6.1082
6.2056 6.9423
6.6226 7.8634
7.9142 7.9099
8.0833 7.8422
8.1494 7.9285
7.8571 8.8139
7.8392 -0.9752
8.0389 4.1492
7.9055 8.1112
8.9865 6.6461
5.9521 6.2571
7.3313 7.8982
4.1632 6.9419
7.1544 6.0999
7.8725 7.9155
5.5331 7.2574
4.7187 2.4387
8.1578 2.5043
7.5692 7.9256
7.9084 6.5202
7.8625 7.8824
6.0168 7.8700
5.3049 6.7991
-1.3398 7.6157
7.8664 7.8967
5.9135 7.8587
5.2006 3.6550
6.8261 7.8463
-8.6263 7.8666
2.6194 6.9813
8.5903 6.4231
3.0987 7.8464
3.7178 7.0575
3.4309 7.9013
6.3546 5.8456
7.1552 4.7634
7.8722 6.4455
4.7263 5.8475
6.2194 6.7124
5.0983 4.4285
7.7940 -4.6758
6.7575 7.7115
6.4538 7.4057
7.9098 7.8739
7.8737 5.1233
5.4618 6.4267
6.9594 8.3204
3.0962 7.0439
7.0561 7.8736
6.9731 7.1771
7.8595 7.8726
2.9623 2.9076
6.9002 7.9039
7.8214 7.4320
6.1667 -11.3462
6.3393 6.7748
7.8794 6.8049
8.4779 7.2709
7.8587 7.8522
6.9948 7.4806
7.8827 7.8815
7.3459 4.0705
4.0647 6.3057
8.3839 8.1995
-7.8359 6.7282
8.1964 4.7262
7.8914 5.9883
-3.0883 7.9377
7.4208 3.1403
4.2232 5.6890
7.9156 -2.6848
5.7473 7.1503
6.0574 6.6079
7.8654 7.0208
3.9111 4.2952
7.8876 9.6263
7.8717 7.9174
6.5710 6.8531
5.1604 -3.1566
7.8753 7.4771
4.1743 7.4164
7.5237 4.4915
-7.6802 5.4054
-2.2167 2.2358
5.9581 7.8892
7.8821 4.3071
7.8605 -3.8672
5.3737 -3.0497
7.8818 6.3618
7.8835 6.7440
4.8106 7.9205
-0.8216 8.0500
7.0830 6.4853
2.8797 6.9166
7.2865 4.5841
6.2191 7.8930
7.8988 7.8786
2.4215 7.8875
7.5994 5.3724
3.9419 7.8450
7.9035 7.8759
8.3267 6.6475
4.4086 0.5883
6.7504 8.1359
3.3335 7.8819
7.8751 3.0759
7.8884 4.6629
7.1958 6.8815
3.6207 7.8836
8.1271 -1.3487
3.0793 6.4306
5.1465 4.3781
6.9056 7.3144
6.9550 7.8513
6.8972 3.8819
3.6791 7.1495
-3.7696 3.8481
3.4444 6.6440
2.1127 7.9055
-7.1858 7.6165
7.8819 7.6362
5.5142 5.6738
2.6073 -2.1358
5.9669 5.7793
-9.7246 7.8566
7.3207 7.8943
4.4116 7.2128
7.1683 -12.7107
4.1293 5.6826
4.7244 4.2415
7.8777 -12.8047
7.6478 3.1678
5.0355 7.9203
-2.2003 7.0420
7.2254 7.5183
3.8318 5.1450
5.2514 5.5294
7.8756 6.2422
7.8760 8.4292
6.4825 4.5708
-9.5455 4.5669
4.5271 7.9255
7.4566 6.9718
7.8791 7.5298
6.3552 6.0245
7.5537 3.2999
-12.0471 7.1056
6.6563 7.2378
7.8731 8.0979
4.4233 7.8591
7.8901 5.0150
7.8280 4.7852
7.8781 7.8554
2.9957 7.8479
6.2798 5.6953
6.2301 2.5205
5.8118 4.6593
7.8615 7.8888
6.9259 6.9016
7.0503 -2.0665
6.9003 7.2844
7.5596 7.9434
6.4968 7.5723
5.4477 7.8526
7.2945 7.9006
7.8971 4.2465
7.8540 7.8600
7.8893 6.6072
-2.4669 4.5706
7.8500 7.8967
6.9915 -3.4502
7.7134 7.9123
7.8842 7.8995
7.4850 5.2489
-3.1754 7.8944
7.8876 5.4544
7.8286 5.8950
7.8938 7.8864
5.8096 6.6624
8.1055 3.3998
7.0016 7.8926
6.6278 7.8863
7.8768 -2.2142
3.9273 -3.7115
-10.3648 7.3652
7.8146 4.5926
7.8225 7.8631
6.3702 7.8612
7.8732 6.1057
7.8985 7.9313
2.7448 7.8708
7.2733 3.8648
3.9378 7.8838
7.4172 -4.5970
6.8912 7.8580
6.1212 7.8986
5.2725 7.8228
4.9526 6.5129
7.9019 7.8108
7.9237 6.6883
5.2339 7.9020
4.6124 6.5390
-3.6704 7.2937
7.8538 6.2116
-3.3065 6.5431
7.9333 0.1298
4.5741 7.6418
4.8291 6.6784
-2.5847 4.5231
6.3668 4.9989
6.2843 4.9156
7.8684 5.4949
7.8747 7.6524
4.7243 7.3154
7.8235 6.8588
7.8827 3.9803
6.5352 7.8566
7.5068 6.2994
7.7452 -4.1404
7.8800 2.1981
4.4336 7.5544
7.1800 6.7779
7.4190 5.6425
7.8508 7.8781
2.5035 4.2008
5.6089 6.0711
6.1812 7.8524
5.7075 7.5986
7.8528 7.8661
-4.2640 4.9867
7.8749 8.0756
8.0770 5.8869
7.8992 5.0835
7.9300 7.8543
-3.1850 -2.6372
7.5162 3.4988
3.0634 -9.0234
6.9501 4.6044
6.6913 7.9281
4.5107 -0.4946
7.8804 -4.1372
5.6898 6.4654
7.2342 3.7233
7.8425 3.4724
-9.8602 7.9012
7.9217 7.8750
7.5961 7.8601
4.0831 4.9323
7.8879 6.7291
-6.5244 3.9957
7.0108 7.4533
7.8859 8.1752
7.8698 7.8445
4.7426 7.9016
7.1541 4.8066
8.4187 7.8323
6.3504 8.7124
4.9019 8.2798
-2.2759 8.3293
7.0291 8.6840
6.8425 2.2473
7.5614 7.8297
7.8849 7.8603
7.4888 7.8476
7.8505 5.4748
7.8664 7.8285
7.9193 7.8566
7.8792 7.8490
5.0278 5.1017
7.8846 7.8876
7.8712 5.9107
7.8947 7.3118
5.6634 7.9163
8.0063 7.5239
7.8633 6.5460
7.8706 7.8784
7.8784 4.9980
7.3398 7.7298
3.1411 7.8647
6.9932 7.8797
7.8844 7.8914
5.6598 7.9118
7.4167 7.8778
7.8367 -11.1394
2.9849 7.7822
4.6641 -2.8075
3.3197 8.6044
4.5408 8.7749
5.8938 5.5691
7.8748 6.6310
6.9239 7.8768
7.8384 -4.3948
8.1605 6.3249
7.9219 8.0118
7.8607 6.0469
5.3652 7.8831
8.0769 3.5508
6.2929 5.9873
4.1651 7.8834
7.9261 7.9023
6.7366 7.6082
7.5279 5.1945
5.1965 -2.2779
7.7778 6.1019
6.8980 4.6129
5.6535 7.8488
4.7193 5.5868
6.4477 6.4073
5.7237 7.5664
1.2007 7.8790
5.4348 6.2417
2.7482 6.5638
-2.3359 6.0561
4.8459 7.3024
-4.4537 7.8640
4.2394 7.3323
8.4309 -1.2415
7.8992 6.5995
2.6418 7.5990
2.4158 7.3135
7.8248 7.8679
7.5347 7.6864
6.3879 8.1400
6.6305 7.8901
5.4840 6.8989
7.1253 6.5044
7.8786 4.5752
5.9678 5.1779
7.6614 7.9000
-0.5121 4.5760
6.7333 7.7436
7.0909 7.1919
6.6595 -11.2358
4.3213 6.2489
6.1328 4.1190
7.6334 6.7466
2.1083 7.8671
6.4095 7.8761
7.9009 7.8482
7.9793 7.8991
6.9117 7.8912
4.1491 6.3129
6.2753 -3.4365
4.0739 7.2656
7.8683 7.8875
7.8712 7.9092
6.2952 6.6921
7.8821 7.8865
7.8661 7.3182
4.8688 7.8809
4.4626 7.8886
4.9711 -2.6313
7.3799 7.8801
6.0920 -2.7112
7.8685 8.6922
4.2157 5.2143
3.7010 -9.6605
6.8448 7.0881
6.5735 7.8869
7.5485 7.8384
7.8809 7.2187
3.6504 7.0857
7.8726 7.4226
3.0839 6.6839
7.8405 6.1150
6.8504 6.3861
7.8627 6.7304
7.9462 7.7334
5.6071 7.8909
7.8603 7.9019
-2.8521 -2.4706
-1.2054 5.0513
6.4354 7.8662
1.0933 -12.2892
7.9005 5.2484
8.1283 1.6364
6.1678 4.1727
6.3579 7.8736
7.2616 7.8552
3.6333 7.8861
7.8895 7.8966
7.8517 7.8770
-1.6672 -0.7706
7.8787 7.9103
7.8502 7.8557
8.3343 2.7850
7.8851 4.7731
6.5680 6.5710
6.7652 3.2178
7.8890 7.4455
-8.4438 6.1807
-1.0477 7.9259
2.4983 7.3615
6.8257 7.9227
4.0485 -1.5549
3.2197 7.5594
-11.7861 2.4222
3.2253 -9.6746
7.7748 7.8968
7.4788 5.8534
-6.8417 4.1407
-0.8463 5.8032
7.0460 7.1005
7.1358 7.8733
7.3827 7.0574
3.9748 6.7034
7.8699 2.9057
6.4354 -3.9650
-4.1506 -2.8987
7.8871 7.8354
7.1488 7.8762
7.8695 7.5851
6.6464 5.0355
5.6535 9.0907
3.8460 6.8870
6.9595 -9.4006
7.5181 7.8614
3.4799 3.4659
7.4149 5.7526
8.9148 7.8399
5.6034 5.8878
7.8524 6.1823
7.9091 7.7565
-12.1234 7.8824
4.0603 7.8797
8.7267 7.8565
6.4308 7.8955
2.5366 7.4984
-7.6126 7.8653
2.4643 4.6677
7.8754 5.4149
8.3058 6.0970
6.7196 3.6345
7.8638 7.5369
6.7545 2.5011
7.9056 -10.4225
7.8918 4.3169
7.4834 4.8610
7.7156 7.8992
7.8697 3.3955
2.8479 6.6537
6.2404 2.5958
-10.0468 5.4294
7.8751 6.5987
7.1372 7.8407
6.8366 7.8639
7.2445 7.8651
3.8925 7.8998
7.8792 7.8946
-7.3967 9.6050
7.9084 7.8488
5.3201 6.8845
7.8210 7.8878
-9.1354 6.7041
7.8866 7.8753
7.8782 6.9016
5.4939 7.8832
7.0643 7.8603
5.2918 7.8610
4.4296 2.7786
7.4023 5.5046
8.1792 9.1153
6.9591 7.9245
7.6946 7.6074
7.9012 6.6617
7.8687 7.3674
7.8691 -0.1372
6.9055 7.8908
6.5918 7.6877
7.8957 6.4623
4.2389 7.8722
1.7530 7.8982
5.8247 7.0119
-1.9985 7.6119
7.9220 6.9566
8.3399 7.8624
3.3094 7.8573
7.8691 7.8717
4.3712 7.8721
6.3938 7.9120
5.3253 -7.9164
7.8970 7.1832
6.0813 7.2340
7.2673 -7.6247
5.6472 3.3597
3.6091 6.1635
7.8908 7.8893
7.8904 7.6777
7.0968 6.1882
6.5433 7.8794
4.9330 7.4219
7.1722 7.3726
5.5080 7.8711
6.7601 3.2370
7.8641 -3.1660
8.1972 7.6638
7.0431 8.7258
7.8884 3.1468
6.5723 6.4637
6.9853 7.8432
7.5273 7.0564
7.9328 6.4500
4.3706 4.0812
3.7750 7.8716
5.8355 7.5482
7.1229 6.6388
4.9849 6.6169
2.8784 2.8630
6.9907 7.8741
4.2132 7.9034
7.8885 7.8616
3.8731 5.5829
6.6552 6.0907
8.5052 7.3590
5.5463 7.0565
6.5388 7.8686
7.5600 6.9837
7.9056 7.2103
3.9874 7.8227
4.1493 7.7430
7.9068 5.2391
6.7496 7.9129
7.5065 6.8524
7.0850 7.4150
7.0778 5.3107
5.0014 -3.4501
7.8862 7.4091
7.8832 5.6665
7.3355 4.3271
2.8875 7.8411
3.6237 1.9236
-9.2417 7.6445
6.6300 6.1458
4.3453 4.1671
7.8224 3.9925
8.2280 7.5069
6.5974 5.1993
-7.1188 7.8596
4.9776 5.6086
7.8802 7.8998
7.3895 7.5097
7.3823 6.8368
3.4755 7.8962
7.8879 8.4746
2.7597 7.9424
3.1135 7.8501
-14.2763 7.8924
5.8267 2.2142
7.9239 6.5047
6.1568 5.4949
6.7215 6.9104
-10.5412 7.5071
6.9865 5.6047
7.8602 6.8435
4.3775 5.8894
6.8618 7.3145
1.9706 4.4161
7.8998 6.7434
2.6089 8.0064
7.8707 4.4937
4.2401 7.8644
4.4894 3.9681
6.7965 4.3620
7.1703 6.6494
3.3900 4.0215
7.3562 6.0922
2.4327 7.8909
-10.5359 4.1656
7.8671 -10.1985
5.2105 4.9113
4.3573 5.7710
7.1699 6.3840
-9.6578 7.8882
5.6773 4.8059
6.6293 8.0352
8.1699 -9.4722
5.2250 7.5351
7.3542 4.5012
7.8797 7.7610
7.5299 3.7257
5.5726 7.8732
2.5864 7.8879
4.4691 7.8471
6.1224 7.1829
-0.1246 6.8035
-3.3313 5.8508
7.9103 6.7888
7.8694 7.6507
-13.1279 3.6197
6.7264 8.2322
6.8116 3.8245
6.7487 5.7252
2.4524 7.8617
7.9013 7.9183
8.1344 7.9177
2.9635 7.8831
7.8827 7.8815
7.8858 7.8950
7.6823 7.8906
7.8566 3.6856
-2.5180 7.8313
7.8855 6.7214
7.8844 6.5133
7.9104 7.8801
7.8774 8.3742
7.8431 5.7741
-1.8051 2.6064
6.3789 7.8916
7.8700 7.8645
7.8582 5.5144
3.4421 7.9154
7.8600 7.4484
7.8772 6.4794
7.8582 7.8533
4.5333 7.8652
5.7248 7.8834
2.4449 7.6977
4.5074 6.8694
7.8466 -8.3226
7.3948 7.8656
7.4019 7.8831
7.3253 7.5556
7.8744 5.3107
7.7869 7.8402
5.1899 3.1790
7.6951 7.0624
-6.0624 6.7553
6.5107 7.8937
6.2376 5.5563
-11.9199 3.5256
7.8838 6.8540
6.4506 7.8762
4.8871 -8.1169
7.8899 8.2633
-0.7440 3.1335
7.8385 3.2057
7.8757 7.8578
7.8533 7.4872
6.6782 5.0301
6.7542 6.7693
7.9176 7.8933
7.8815 5.8538
7.8729 7.8740
5.7543 5.4773
6.5840 8.3358
-11.9407 7.8752
7.1508 7.1220
4.8082 5.8454
7.9217 8.0116
5.3430 5.2023
-4.2912 7.8356
3.0094 1.8521
2.1536 5.7332
2.2472 6.8808
5.0428 6.7938
6.8545 -11.0725
7.8450 1.6116
7.8750 7.8818
6.8462 7.5544
3.4964 5.5448
7.9157 6.3783
5.9784 7.8591
5.5611 6.7743
6.4497 -12.6232
7.2219 6.1051
5.1639 3.7897
7.8727 4.7418
7.9059 6.2444
6.4728 5.3782
7.8269 4.0899
4.0189 -1.8767
7.6184 6.9708
7.8663 7.1529
4.2552 8.0795
7.8389 7.9172
5.4336 2.5786
3.4063 6.7084
7.3533 4.4669
6.8633 2.9782
2.9770 7.8895
6.4153 7.8712
7.4702 2.6835
7.8621 2.2757
-11.7528 7.9092
7.8312 7.9427
-10.7691 5.9479
6.6034 7.9423
4.8657 8.9117
7.8854 5.0088
5.6124 4.0387
7.8451 7.8647
4.5538 7.8411
6.4355 9.1846
8.8577 9.4663
7.3362 3.1906
8.7420 4.2810
4.2432 12.0592
3.1688 -0.5503
3.1821 5.4515
9.6290 1.9051
8.3893 4.5373
3.7138 8.7985
-1.1284 8.8194
8.9513 3.2632
9.2581 5.4256
8.2727 2.6198
-4.2133 4.5411
9.0212 4.8548
8.5239 0.7158
1.2849 2.4588
0.0915 6.7968
3.8775 4.8109
8.3376 8.6197
11.5124 4.6217
1.6001 8.6753
8.4257 5.1880
8.3835 5.0439
0.9780 6.3322
3.0208 3.1717
3.2740 8.2914
4.1198 8.5410
1.4938 4.2623
-0.0539 0.6491
8.8258 3.3861
8.7029 8.2019
6.2089 5.7635
5.3042 5.7233
2.5146 8.2027
2.1208 4.1690
4.0337 8.2707
0.3859 9.7193
0.6778 8.4778
8.4252 7.3968
3.9871 4.5823
3.4434 8.3680
1.6763 8.9293
7.6016 1.9009
5.5528 4.0312
8.5843 7.2882
8.7895 7.8583
2.5453 1.4381
7.8857 -0.6988
8.4698 9.3833
8.7115 7.9275
7.9610 0.8398
8.8105 10.9954
9.4364 0.6945
4.1847 8.4791
8.2194 4.9805
6.0405 8.8905
-1.3331 8.4555
8.5999 -0.3088
7.9763 8.3107
-1.3782 1.2326
3.2424 2.1143
2.7756 5.0842
9.0682 3.7311
7.5957 8.3740
4.2248 2.1320
8.6922 8.5700
1.0201 0.7620
8.5373 8.9903
8.4646 8.7900
-3.9045 2.7486
2.4078 9.1405
1.4587 5.9826
8.2154 3.2145
6.6229 9.2507
7.1227 8.1128
4.6593 4.6398
8.3240 8.3740
1.2535 2.7099
4.7484 0.3720
3.1286 8.6449
0.3215 8.1315
9.6592 4.9579
3.5799 2.0554
8.2311 8.2011
8.8088 2.7053
8.0229 3.6967
5.8974 4.5150
8.3388 8.3217
5.6418 2.2979
8.1676 4.0252
5.6772 0.8657
7.3740 4.0843
8.5712 4.5405
2.4639 8.2741
8.4636 2.1995
6.1414 2.2413
1.8109 6.4954
8.3769 3.9897
8.6842 4.1107
4.6362 5.8580
9.5739 1.6305
9.0306 5.8359
8.6602 4.4184
7.8679 0.1850
7.4084 7.4540
8.0426 3.1009
4.5673 6.0431
3.2110 1.9674
4.4265 0.8965
3.7035 6.1671
8.2840 6.9503
6.0242 0.5273
2.7467 -0.6591
8.7310 8.3707
3.1492 4.2126
9.5951 8.3019
4.9883 4.3082
3.8841 4.1086
8.9633 8.4612
8.7551 8.6335
1.8747 8.2194
2.2920 8.8454
5.5084 8.4325
4.3608 1.1653
2.2975 2.2148
8.0059 7.0085
3.1855 0.3061
3.5304 8.1809
2.4836 4.2252
8.7035 2.6675
8.9716 4.1845
6.8620 9.1106
7.9687 1.7755
2.9401 2.2008
3.1312 8.4661
3.9214 3.6636
8.0766 7.8725
4.6502 0.4105
8.4095 2.1512
7.2851 5.0953
8.7766 8.6937
6.3049 0.2826
3.1262 8.5786
4.8894 -1.1207
7.9899 8.5290
8.7759 5.7923
8.2295 7.3955
5.8171 3.3914
7.9888 4.6187
1.5001 8.2058
2.3213 1.5786
8.9182 8.1155
8.3948 2.1285
4.2585 0.4560
8.5014 0.0944
-0.8242 2.3542
9.9588 8.1434
8.1781 9.1163
8.6665 8.2357
2.4566 3.9912
10.0163 1.2921
8.1883 2.0039
5.2648 8.9840
7.9801 1.9172
7.1959 4.0874
8.3259 6.2641
8.0956 2.3525
4.4135 1.6015
1.7843 9.2016
0.6195 3.8408
4.5736 0.0315
-0.2169 8.2685
3.4774 8.7735
9.9084 4.7632
4.7197 8.4458
4.3814 6.5232
8.2392 3.6955
6.8377 3.2220
5.2889 3.7283
10.6207 2.1716
9.1350 2.3422
5.4049 1.2256
8.7665 3.1870
5.4784 6.5846
8.3254 9.1185
2.1777 7.2120
7.8709 8.2856
5.6537 0.8778
8.5239 4.5891
8.3241 9.1063
7.7477 8.3876
0.9332 6.5883
4.7028 5.6723
7.6641 2.6637
8.6651 2.7256
8.5907 8.8045
4.4936 -0.3956
5.4031 6.7653
10.8579 8.6832
-1.7484 4.0633
8.5006 5.4880
4.3861 8.8221
8.1658 7.2630
8.5929 0.0151
7.5423 3.4137
1.7470 0.1812
-0.1999 6.5182
2.9880 7.3277
7.8468 8.5763
3.3278 4.7020
6.7009 7.9155
4.8453 3.3390
3.1212 7.8681
4.3513 3.8431
9.6748 8.0262
3.5102 4.2702
2.0797 1.8812
3.9308 2.1127
4.3927 6.6447
8.9326 2.3528
8.1626 3.1417
5.9995 2.6393
8.0263 5.7197
8.4998 8.3434
6.2951 8.3646
2.9155 8.4782
8.3486 5.0836
1.3247 1.0895
7.9998 -0.1488
6.3805 3.5171
4.9319 6.3848
-3.7820 2.7407
1.4554 10.9404
6.1447 9.7768
2.7958 8.4438
3.2267 4.7684
3.0527 3.0860
3.0998 8.4071
10.4255 4.2567
7.4884 4.0105
6.6418 3.2951
4.7054 8.2818
6.2340 8.1123
6.8141 9.2507
8.9753 6.3722
8.7070 7.8488
3.2711 5.7951
2.7509 8.5285
5.3340 2.2101
6.2951 8.1314
8.2414 8.7631
3.9679 8.1685
1.2224 2.0418
5.1346 8.4619
8.1134 8.1869
8.2021 7.2646
2.6944 8.7835
6.5250 8.6531
4.5473 0.4454
4.3585 8.7104
3.7187 10.6103
2.4059 8.6677
5.3061 9.3986
1.4788 0.6270
8.5452 6.7227
11.0876 8.2361
4.9138 8.1051
10.4591 8.6855
11.7063 8.7433
6.1821 -0.1221
8.4399 2.6779
1.5197 9.2400
0.9775 -0.2383
8.3115 8.6351
5.8577 8.7197
8.5819 3.9507
2.6077 2.8634
8.6213 8.2588
7.4542 -1.0729
9.2496 6.3179
8.3140 7.8603
4.1206 8.1992
5.3468 1.6410
9.1030 3.5177
1.6436 3.5456
8.4230 8.5868
7.5820 8.6137
2.6244 2.5465
2.9555 4.7654
3.1148 8.1134
8.8477 1.1947
6.9971 2.4118
4.4162 8.0192
6.4341 8.1049
1.8919 8.5601
-0.6490 10.3072
3.2715 1.4087
8.4949 8.5454
9.4781 8.5239
4.9617 8.5948
3.6419 2.9486
6.1141 11.1438
4.0700 7.1316
0.4408 8.2042
8.4749 7.8820
1.4628 3.2508
8.2885 9.0183
11.9368 5.0288
8.8187 3.4949
0.6451 7.6447
11.9503 8.6912
2.6852 8.4516
4.0290 1.9889
1.6124 8.6843
9.3544 8.4637
4.0579 4.5723
10.1288 6.8248
0.6409 8.9650
4.7670 8.1130
8.5928 3.2887
0.6883 7.9433
3.1825 7.3662
2.0597 3.8996
7.6256 2.7043
1.4910 9.1768
8.8617 7.2267
4.0409 7.2368
5.0054 8.4172
-0.5112 10.1078
3.7694 3.4952
8.0909 1.0412
8.4493 8.4541
2.9770 5.4840
1.9294 6.8397
4.2888 3.5906
8.4790 5.4729
3.6186 8.1466
0.1334 3.5306
5.3000 5.9958
9.2929 7.6864
1.5030 4.9708
8.7274 5.1340
-1.2561 8.6930
11.0415 2.9315
3.0498 8.6749
2.9824 2.2426
2.7501 8.2896
8.3730 4.0214
3.8571 4.0184
3.7271 1.7165
0.1741 7.7566
5.0618 4.8645
7.8221 4.3734
8.8856 3.9746
0.4210 -4.4731
6.9403 8.5153
2.7441 5.1417
3.6475 7.0690
2.6799 8.6559
7.1375 8.0681
3.5465 7.3298
6.8867 8.9512
7.9510 8.7499
4.5913 8.4813
4.1664 6.1833
1.0714 1.5212
8.8231 8.3287
8.4711 -2.4536
8.8947 6.2726
4.1173 8.5083
3.9430 8.3936
8.0428 8.4656
8.6777 -2.1053
8.2379 8.8414
2.2164 2.2326
1.2407 2.5139
4.4860 5.2104
8.2762 8.2443
7.2705 0.4769
4.9634 2.6202
8.8945 9.0477
8.4236 1.8318
8.8883 8.8543
3.7881 8.1479
8.8353 5.8379
7.8809 3.4806
8.7214 5.5329
1.9451 3.1231
7.2136 3.8166
2.4249 8.3382
-0.1149 4.2388
0.3671 3.1552
2.8789 6.9244
8.5945 2.4986
3.7812 8.2816
8.2418 7.9651
6.6915 8.7713
7.4356 7.5791
8.3820 6.2373
3.8779 5.9774
8.5160 3.2636
8.7541 9.0853
9.6085 -2.2868
8.3454 4.5096
7.7708 1.8425
6.0581 8.6973
2.5374 3.0062
4.1022 9.0245
7.4678 2.1589
5.3148 7.7701
1.0978 3.8893
1.8256 4.4913
8.2208 8.0045
3.0078 2.8140
2.7482 8.4780
2.2653 4.5138
8.1674 8.8082
10.1999 5.0657
2.9764 8.4594
5.5992 6.4147
6.7888 -3.3422
-0.8308 8.9204
1.3424 0.1527
2.2486 8.6453
4.7632 8.6466
8.8972 4.2833
-0.3666 5.1410
1.3937 -1.4018
5.6568 9.3179
1.6109 7.2225
9.0480 0.4830
8.1540 -0.3016
-0.1420 8.6192
8.7032 2.1503
8.3908 4.1405
9.2309 7.4769
4.6806 8.4629
7.2058 8.8521
8.5806 2.2372
8.8427 8.5594
5.4731 3.5823
3.1009 3.3632
0.1611 8.3799
3.7196 -2.3016
4.5301 1.7115
2.9077 5.8124
-1.8650 3.2197
4.0329 6.5770
9.3601 8.7726
1.0675 6.5978
3.8905 8.9428
-0.0558 1.6937
4.6019 -0.8824
9.4940 4.9440
2.4140 -0.3612
3.8112 8.3201
6.7686 8.0074
4.1941 7.0026
8.2529 8.6758
2.6019 1.4622
6.3919 4.5267
5.2870 8.2674
9.0086 4.9944
8.2947 9.0604
5.8217 8.7642
8.3977 1.4448
12.8041 -0.1575
8.9893 3.6539
2.9107 2.1264
8.5084 5.9027
8.3711 2.6795
3.7416 10.0306
2.3337 8.5532
4.4942 -2.3063
5.5642 0.7576
4.0827 3.8051
3.1694 8.9750
8.2693 7.3182
4.9109 8.0789
6.2565 0.5379
4.8447 0.8418
-0.6076 3.4238
7.3020 0.8627
0.7758 4.6856
8.3545 10.7793
11.8121 2.6463
4.1704 5.4540
8.4994 5.3121
5.6365 7.8822
8.3689 3.1597
8.8435 4.5422
1.0942 3.2293
5.9689 3.6653
1.9261 5.5342
8.5725 1.3131
9.1703 4.3333
4.9454 4.3659
9.0863 8.4042
6.0814 0.7728
8.3726 7.5643
-0.6760 8.4116
7.4337 4.7282
7.7171 2.0395
4.9124 2.2771
5.4740 0.4250
2.6147 1.2303
3.6468 3.6480
1.2887 3.7906
8.2179 3.6200
2.3909 4.6019
5.6609 0.8116
6.2370 5.5684
1.1473 8.2837
3.4999 8.2018
4.3948 3.0528
8.1802 3.6728
3.2782 -1.9886
2.8600 10.0172
7.8369 1.6678
12.1261 2.0718
8.1628 2.7753
8.4643 4.4928
3.1512 4.5394
2.1220 -0.4239
3.7404 8.8507
1.7662 3.8467
10.7886 12.8118
5.2695 3.8521
8.6942 11.1926
3.9647 3.6237
3.3061 7.6555
5.6810 8.3407
7.9681 8.4393
2.4927 8.2872
4.2090 8.5805
3.1598 6.1415
5.7136 8.3517
2.2708 8.2169
5.9399 8.3018
3.5141 -0.1618
8.3726 5.8156
5.7559 2.5468
-0.9393 8.7262
7.2668 0.7550
2.5988 2.0821
2.8782 3.3873
1.3159 7.7691
7.0586 0.8157
0.7985 8.2358
11.2919 4.0662
2.8524 3.3447
6.6947 4.6009
8.0441 8.8736
5.6301 3.4484
8.8085 8.1247
2.0369 10.4087
8.2969 2.5925
5.0816 5.6355
8.6346 1.6804
8.6220 -1.3849
1.5483 8.3411
8.2590 3.8008
8.8063 1.5245
1.5630 1.3368
4.5263 5.0618
8.7890 7.3924
7.7075 1.4508
8.4758 6.7317
6.7799 5.1403
8.1788 -1.4385
4.1939 8.2744
9.0526 8.9062
8.1372 6.2769
5.5441 9.0117
8.6903 8.5429
4.8480 8.5860
0.2213 8.1729
3.7572 11.8705
1.6290 4.4555
0.4359 8.5362
8.6298 1.0360
8.2534 9.1849
8.2803 8.6832
0.8047 7.8046
6.4994 8.9711
0.6602 1.5142
5.4433 3.8748
8.0522 3.9547
10.2790 4.3957
3.7085 9.2503
1.9226 7.7573
8.0835 -3.7676
10.2922 8.6970
8.1754 6.3180
2.5377 1.5574
8.6015 4.6035
7.8872 6.2593
8.0358 1.8033
3.0448 5.9265
10.5308 3.3514
6.5107 7.6407
3.4441 8.1998
2.7126 8.4456
3.7502 8.3825
2.7920 8.1504
7.2572 3.0204
1.4770 3.6536
8.1171 8.6266
8.4059 8.2681
5.9576 7.0238
8.1111 8.5496
7.0992 9.1797
-2.5687 6.9943
7.8355 5.3843
7.9289 0.0678
7.4556 3.2614
8.3504 2.6477
8.4432 -0.7094
3.5723 3.9282
0.6648 4.5611
6.5581 2.5173
1.5347 1.7529
8.0798 8.9757
5.4303 1.6975
8.9173 2.3227
4.3486 8.0206
6.2888 8.5949
5.9735 10.1631
8.7997 6.8408
4.2080 4.0201
1.9621 8.5403
8.9105 2.4087
4.4072 -0.6530
8.9493 9.0716
8.9422 2.8150
1.9071 6.4551
2.5962 3.3071
5.2950 3.8261
8.7923 8.4677
3.4999 3.7451
6.4285 8.5919
7.7241 0.5373
8.1612 5.0592
0.3342 3.2172
8.0158 1.6905
0.9267 2.2806
7.9637 8.7863
0.5829 6.6538
8.6062 2.4976
4.3802 7.8007
8.5072 3.5500
10.6106 3.4340
8.2970 1.6204
6.8021 4.4052
9.0950 4.5587
1.1476 7.1545
4.0977 7.8824
2.0700 8.2782
2.9991 8.5055
8.6783 4.9572
8.4570 5.9283
5.0945 8.1848
0.1110 8.9079
7.8090 6.0202
2.4079 0.4297
8.1383 1.2195
3.1569 7.9735
8.3779 0.7807
9.2387 3.6117
5.3280 7.8997
1.4843 8.0324
8.1288 5.2550
1.1808 8.5136
2.1640 5.5975
6.3736 3.8784
8.7633 6.5612
4.3008 4.2599
10.4421 6.2335
10.6558 5.1051
8.9479 0.5545
7.6513 8.5451
5.0244 0.7622
8.8263 5.9071
9.1948 3.0272
3.3595 8.6961
8.0536 8.6001
6.2054 3.8934
8.4128 8.9316
8.7229 2.4767
5.1314 8.4030
11.7811 6.4216
2.2612 8.6164
1.4712 8.2515
-1.8001 6.4686
0.7523 4.4881
7.5289 2.5558
5.8966 3.1357
4.2400 2.1864
-0.6083 0.1755
8.1143 -0.0339
4.7510 8.7833
3.1587 4.5948
1.3895 8.5756
0.3594 10.5391
7.7943 8.5819
0.5400 2.9651
8.4585 8.3372
3.5168 2.9544
8.6597 8.5157
3.8133 2.6145
10.1503 8.0189
8.4980 0.5725
2.3562 5.8198
5.1748 7.4667
4.9919 4.0030
7.9527 6.0415
8.2652 0.8949
8.8103 3.2814
4.9138 2.0018
4.1514 8.4354
4.3785 2.9460
3.1059 2.1483
6.4895 6.0518
6.9366 1.4583
5.4578 3.7079
5.4318 8.4608
8.3460 9.6241
8.0193 1.1647
5.6837 4.3945
-2.3531 5.4849
9.0259 6.1183
8.1064 8.4545
-1.2461 0.4657
3.0212 7.7879
8.3246 3.2549
0.5721 4.8351
8.9373 5.6800
5.9471 0.7072
3.7413 8.4229
2.0552 8.2610
8.2774 8.6142
-0.7536 8.0434
8.3326 -7.1915
5.1277 8.6947
3.6660 0.4138
-1.1851 -5.5852
4.3164 4.0367
8.2935 6.1563
4.0734 8.8055
1.3269 5.6229
7.5984 -1.2461
6.3270 2.1053
-1.0125 1.1374
3.3070 2.5285
3.8353 3.7174
2.9128 5.5253
7.8812 3.8155
8.2008 2.4844
4.8336 8.4122
1.9394 9.5231
3.7318 -0.4225
6.2016 3.0713
5.8798 8.7359
5.8191 8.2524
3.4356 3.8519
3.0816 8.3976
5.6588 1.7881
1.9720 5.4280
3.3954 10.1068
8.3218 1.9103
3.9801 8.2692
8.6046 1.6107
1.8493 8.4495
-0.7285 2.7347
8.7304 8.6080
9.0785 9.6374
-1.1281 1.7439
2.2956 3.3930
8.1131 3.8746
4.3591 8.4159
-0.2692 9.9258
8.4489 10.6643
8.9980 7.3358
4.5315 3.8049
2.0695 -0.4721
8.7853 7.8274
8.5600 2.9484
9.1418 3.0937
4.7842 7.1262
1.6063 8.4781
8.7726 9.8880
0.0857 8.6062
6.9367 -2.0369
8.2439 7.9590
-0.6075 8.9024
4.5776 0.4255
8.7991 8.2107
6.4796 7.8736
2.6007 6.0205
5.5713 4.1366
6.9738 0.0369
1.8942 8.0693
11.6335 8.3053
8.5084 8.0530
8.9738 1.6357
3.0700 -3.7891
0.7233 6.5417
8.3637 6.9740
4.9702 8.4780
3.9679 1.9793
8.3121 5.9940
5.9143 8.2722
1.9843 2.7834
6.1338 6.2293
1.7180 0.5951
3.3074 -2.2017
7.4267 12.2097
8.2972 4.8383
2.9716 8.8191
7.8605 7.3843
4.0124 6.8152
11.0297 12.1519
3.9157 8.3850
4.9341 5.0483
2.2225 2.9594
5.3526 4.0179
8.2177 6.3775
7.7302 1.4057
2.2563 3.2672
8.6426 8.2429
8.5382 5.0673
5.1125 3.8912
7.2477 4.0095
1.4530 6.4858
8.9629 7.7426
1.7979 4.7449
8.4080 5.4829
10.1617 -0.7023
3.6321 3.5383
2.7604 1.4240
2.6829 3.3472
3.7333 8.5729
-0.8740 2.3885
3.2116 8.4363
8.1007 4.3388
5.3066 5.9329
8.7201 4.4240
0.8673 0.2344
8.5910 8.2319
5.2091 3.7859
-0.3969 3.5430
8.5655 3.6098
7.0095 8.2817
9.3634 5.3784
8.6457 7.9996
7.9734 3.0184
8.7345 3.1563
8.3117 1.1203
5.2692 6.5186
3.2368 3.2593
5.9883 1.2412
0.6322 4.3086
6.5411 3.5624
3.5335 8.4761
5.2999 2.8403
2.0626 5.2765
6.8071 8.3363
6.2964 4.4121
4.4894 0.9016
8.3413 1.4255
2.4093 8.2814
3.8227 6.2136
-1.7976 9.7431
3.7942 8.4206
0.4931 0.6667
1.4382 1.3773
7.7652 3.2657
8.2487 6.2975
3.5564 0.9289
7.7568 8.5272
4.7362 4.6364
9.2233 1.2545
3.8317 2.8424
2.7859 8.3742
1.5109 7.7697
1.4822 8.4106
8.2393 3.9213
3.2688 8.1071
8.7250 8.7918
5.7244 9.8052
3.9696 8.3289
5.6518 5.7291
8.4144 5.2889
3.3567 0.3468
0.5057 8.5164
7.8361 9.5705
11.0825 3.5021
4.0958 11.1749
3.3520 2.6470
2.8567 2.3113
8.5029 2.0048
8.5936 1.3863
5.9310 5.6012
5.9478 5.2021
8.5558 7.3510
7.9048 7.1067
5.0112 2.7325
5.4325 5.5981
2.1414 3.0945
6.7649 8.6476
3.6609 8.8130
12.7689 2.2514
8.4564 9.5640
8.2473 6.9909
7.7692 8.3716
1.8050 8.3490
3.5816 7.6238
7.2332 8.3665
2.4790 8.8545
-0.1827 2.2839
8.6158 8.3164
4.2826 -2.4093
3.0017 1.1447
2.0027 8.7727
-0.5951 4.9224
3.6641 9.8886
4.0399 4.4152
7.3216 6.3593
6.1163 7.6380
8.9010 3.6905
8.6888 6.6038
7.1235 8.0807
2.3680 8.8384
3.5453 -4.8617
2.8933 -0.1033
7.1205 8.5764
2.8459 3.4787
6.4677 4.6259
1.1118 3.6872
11.1493 -2.2820
8.3186 8.5551
7.9309 8.6540
4.7662 4.9583
1.1885 8.3251
8.8925 2.1801
2.8563 8.7847
3.9504 8.0653
8.4665 4.7564
9.2378 1.3183
5.9131 6.7353
6.2115 8.5552
1.1572 3.1041
4.0235 7.8325
7.7785 -1.5123
8.8781 9.2102
1.7663 4.2315
6.6232 8.6678
8.1871 8.6534
2.1111 1.2381
-2.7514 5.6854
3.7803 3.2353
0.5520 3.7201
1.6881 2.2631
8.5859 8.3248
2.5438 8.7336
8.8536 2.5588
10.1637 8.3786
1.6153 7.8177
5.2895 8.4852
9.5957 2.2461
3.9448 8.4347
3.0590 8.4999
7.8704 -0.0889
-0.1833 7.6848
10.0080 7.7789
8.8175 2.0189
8.3956 5.8320
4.6034 8.9124
0.4149 5.4498
3.1736 2.7976
8.9819 6.6939
2.9905 8.4698
2.2365 8.7702
2.4677 3.1282
8.4495 9.2092
-0.0529 0.4317
0.9448 7.3541
8.2777 8.2346
10.0110 1.0089
-2.3709 8.6076
8.3429 6.7038
5.1205 8.7211
7.2458 8.8207
9.1137 8.9090
8.2346 3.1842
4.9902 9.1722
8.6863 8.5334
5.6731 6.5148
5.1523 2.1981
8.8071 4.1810
2.4464 5.3162
6.9940 6.9478
7.4579 8.2738
8.0160 8.9427
4.7350 0.7140
8.8537 9.0320
1.9861 1.7261
3.9250 1.9314
1.3295 1.5779
6.3194 -2.7272
4.0115 1.5391
8.8983 8.6570
8.7605 2.4274
0.5017 8.6116
8.4365 6.1401
7.6203 0.1354
8.3636 8.4128
5.5809 4.5002
4.4797 -4.6676
3.3650 1.4972
6.7324 1.1922
-4.7189 3.0785
6.3557 3.5170
3.5719 3.3373
8.2653 8.6840
3.4858 8.3834
8.3570 8.1048
8.0576 8.5637
1.6836 3.7994
8.3511 7.9606
7.8986 6.4541
10.4368 6.6470
3.5774 2.3027
8.3257 4.0191
8.6026 3.3867
1.7424 9.0338
2.8666 5.8428
8.1236 8.8215
7.8897 3.5812
8.7040 2.4883
8.4463 3.4559
5.0520 8.7727
7.7114 1.6943
0.9863 2.1646
3.0360 5.2652
5.6624 4.0577
8.7435 8.5668
7.4074 3.6708
3.8514 7.2458
1.9651 0.7121
5.7649 2.5733
2.3985 8.6716
5.5687 -3.9689
13.4240 0.1452
9.6674 5.0319
5.9456 9.1423
6.7294 7.4355
7.3793 11.7915
1.4565 4.2495
6.7776 10.7892
6.9424 8.3411
1.9083 8.6339
2.3634 7.3734
3.8556 4.5249
3.7547 5.9854
4.0391 7.1162
9.1701 -2.6451
0.9519 0.6013
5.4998 8.1236
5.0359 0.9236
8.2560 7.2319
8.6001 8.4093
5.2044 3.1553
5.6440 7.7731
2.5198 4.4181
10.7150 3.5056
2.0136 6.7276
7.6864 6.0968
4.5000 0.2137
10.2052 5.9490
8.4893 9.6029
8.6294 7.7469
8.9846 2.5997
8.4129 1.8364
10.3442 4.7019
7.8892 8.3548
0.3360 1.3646
5.2046 9.1409
8.2444 7.3826
8.8823 -0.7409
8.3354 -2.4687
1.0151 0.9359
2.9981 1.3759
4.9232 5.8753
3.6328 7.9965
4.6490 3.8207
5.2578 5.5667
9.5676 8.6886
10.5875 3.8240
3.9004 2.1587
9.8482 8.0419
7.9556 7.8630
4.8481 6.2692
10.0680 1.6774
0.9490 8.3577
8.4021 8.5101
2.5996 8.3794
12.2193 6.7155
6.8410 4.6130
8.3253 8.3881
7.2513 2.9929
5.8677 -2.2852
9.5662 3.2858
-1.2100 5.5294
3.3264 7.8415
3.0298 3.6077
5.1433 8.1876
6.7959 8.4295
4.7233 6.4502
8.5180 7.9332
2.9085 7.1128
3.6259 3.6430
9.7707 8.4913
8.8433 3.3300
4.6368 7.9723
6.5737 7.5727
4.7752 5.4143
5.1124 7.5098
0.4935 4.7969
2.4128 5.7840
8.2113 5.0071
2.2970 2.1449
8.5606 3.1541
1.5534 3.8806
0.8443 5.5906
8.6357 5.0625
2.2375 4.2564
7.6431 4.3857
4.1253 6.0017
1.4256 7.6565
7.2181 3.0368
3.3516 4.9905
3.1107 5.2937
10.5364 9.7254
8.7080 8.2500
6.0617 8.7003
7.7438 9.3548
3.8255 4.5697
5.0906 0.4366
8.6304 6.1137
2.0101 4.0356
9.7937 -0.3761
3.2246 4.1071
5.0520 7.2894
8.3790 2.5791
1.0866 8.8610
9.1008 8.1132
4.1555 6.3244
2.5719 8.8674
4.2082 5.8462
0.1068 8.1606
5.3139 3.0531
-0.8765 2.4704
8.2929 10.0442
8.3021 2.5664
7.7689 4.5020
2.0964 1.8591
-0.0231 -0.3132
2.1114 8.4756
8.2494 8.0542
10.2759 4.7264
8.4319 8.8429
8.8308 3.9204
3.4694 8.3401
1.5855 0.4172
2.3152 8.4683
9.1909 -5.1272
2.2100 2.3834
7.6581 1.2647
8.2441 -1.5134
6.9684 3.2474
8.3117 8.5844
9.4599 6.3197
9.4903 3.2888
8.2162 2.5557
8.8512 4.4169
0.2372 6.0420
3.7681 8.4749
5.7636 2.7748
0.4098 8.6953
9.0377 8.2013
-0.9150 8.6931
7.2306 0.9102
4.1053 8.8829
5.5728 8.3285
2.3437 6.2431
7.1369 8.6054
0.1941 0.7173
7.9754 3.2509
1.1970 8.5763
1.2448 8.4091
6.4180 8.7379
0.8094 3.7193
2.5860 4.5394
2.8034 4.3078
6.3794 1.5711
6.1204 5.3052
4.1993 8.3195
3.0654 10.9082
1.6253 7.5470
7.7179 3.4635
4.0853 8.4397
4.8166 5.7980
3.2077 8.7729
-2.2902 6.1261
3.2252 10.7742
5.7499 7.4971
0.1395 -3.6698
2.3886 9.2891
5.9570 5.6840
8.6774 0.0334
2.8344 5.0313
8.0202 7.5007
6.5018 3.5412
-0.7747 3.8710
3.8386 -0.0608
5.1385 3.6813
8.8747 8.3244
8.7584 9.1306
3.2932 8.9639
7.3089 8.3792
8.0348 2.1990
11.1958 8.2593
9.0015 1.9718
1.6173 3.5605
8.2326 8.6325
5.7376 1.7527
4.8188 5.9998
3.9556 4.4059
1.6802 5.1243
8.3945 -1.7065
3.8739 2.9709
1.6668 8.3835
1.0517 6.0527
0.9701 4.2915
6.3851 4.6909
6.4871 -0.8042
3.1048 3.5610
1.7186 8.2920
8.2178 5.2912
8.5878 5.6649
8.5339 8.4524
3.0936 7.5967
7.3500 6.7198
0.9762 0.1495
6.3577 8.7229
2.6510 2.9876
4.4058 8.6545
7.3384 8.4088
8.0801 4.8474
8.7328 4.1992
8.7231 8.7709
4.7103 8.0365
5.6949 3.4094
3.4727 9.1113
4.4723 8.4961
-1.5748 8.8873
4.0571 8.4761
8.8411 7.6591
2.9498 0.2848
5.2482 3.9415
4.5020 1.8401
8.4989 8.2705
5.4916 2.8638
8.6372 8.0095
12.6110 5.4257
4.9492 1.4070
6.5842 1.1776
3.0617 2.0445
6.0323 5.9276
1.2117 8.3353
5.7902 8.0628
-3.9845 6.5108
2.8316 11.0500
3.1352 7.9104
9.9452 7.9588
8.4447 3.8677
3.3048 8.2089
5.0817 8.9195
8.8563 1.3771
-1.1926 8.4529
11.9317 3.2914
7.8905 1.7676
8.4752 5.3364
3.1680 2.5256
2.3282 8.9677
4.4181 2.5892
-0.1377 8.3417
7.8939 4.0032
6.3676 0.5971
2.3671 4.5942
0.2117 8.5006
4.5037 3.5240
2.7934 7.6230
8.7211 8.8511
6.4720 3.0346
6.9008 8.6572
3.8379 3.0164
8.8336 8.4648
8.7617 0.8607
8.5919 8.1387
9.3969 4.2465
4.4890 8.7925
4.8408 7.6128
6.1391 5.7683
9.4866 3.7404
-2.4178 4.4974
8.4956 5.9517
1.6535 7.9362
9.2487 5.5138
5.1935 2.3336
8.8678 8.8261
4.4574 8.5951
8.5546 6.1509
4.5844 4.9058
6.4594 5.6391
-0.2311 8.0462
9.0538 2.3712
8.6531 8.7130
3.7519 6.4007
8.3805 2.6857
8.3117 1.2636
1.3415 2.3758
5.2249 3.2982
2.7074 7.7902
3.6680 8.8348
6.6677 2.4910
6.4748 3.1979
8.9200 6.1624
0.9985 2.9454
7.7695 2.2877
4.0221 11.7476
7.9801 -3.5138
-0.2273 -3.6256
3.1519 8.2457
8.5420 4.5939
8.3067 2.9750
2.8746 8.7808
3.4503 7.5668
1.8364 8.6163
1.9070 2.5244
2.3001 1.8743
7.1651 2.9528
5.5824 5.7299
4.4547 1.4120
-0.1784 5.3796
9.2272 2.4618
1.4588 8.4459
7.2358 0.7538
6.6059 2.6379
2.5460 1.3081
2.8015 8.7330
8.2102 8.7115
7.5732 5.0188
0.3340 8.8891
7.8498 8.3522
7.6586 2.8206
3.3486 9.1367
2.2486 9.5170
8.6247 -6.7133
2.1762 -2.0672
0.6823 7.5030
-0.3353 1.0941
5.2160 5.5276
8.2301 7.3109
1.0324 8.7168
-1.6040 2.6407
2.3706 3.1733
8.9802 5.2393
9.8515 5.6201
1.3410 5.4356
13.2692 7.9035
3.6842 3.2665
8.1912 3.0626
8.5136 10.1028
8.7844 6.1135
3.9214 2.7932
8.5598 5.4389
0.5257 8.2769
7.1982 2.5942
3.2937 8.4381
8.1819 5.6141
10.0426 4.1529
7.7447 8.4326
7.7300 2.5606
1.6234 7.7387
8.5739 8.6105
1.5577 4.6834
8.5268 7.6358
8.8662 6.8294
2.2814 1.5549
-4.1043 2.7440
1.8402 7.9080
6.0942 1.4172
0.0053 9.0114
8.5297 -0.5878
8.2243 1.2529
7.5396 5.6557
3.4851 2.3889
4.5691 8.4069
10.0565 8.3183
3.5118 2.4616
-4.2774 7.7464
3.4256 5.2440
8.6270 8.1572
8.6302 8.7159
4.4682 3.3838
8.9170 3.6591
1.5742 7.9604
8.0518 7.6600
8.9905 0.8966
8.3847 1.9220
0.7760 8.8720
1.7570 8.3665
8.2139 6.9419
5.9505 6.9827
4.0801 3.1538
6.2204 2.8661
7.5719 4.0844
8.2738 1.8445
6.8810 2.6569
7.9546 3.6156
2.2541 8.2492
8.9325 4.1966
1.5999 2.7680
0.5478 8.6173
9.1940 5.0804
8.1981 0.8079
4.9606 3.1667
9.7879 8.4602
0.0449 8.5680
5.0899 5.1710
8.3272 3.5034
8.3132 8.8149
7.7893 0.1383
1.6255 8.1072
2.5101 3.3195
8.6529 8.0257
8.2431 4.9760
7.1369 4.8258
4.7454 1.4173
8.4026 8.2726
8.3201 5.3552
8.5607 8.5488
7.6795 8.9146
7.7503 5.2169
10.8469 3.6189
5.2193 4.9120
8.8016 10.9324
8.5269 4.3458
-1.8825 8.7627
1.2848 4.1136
8.1394 2.2277
8.8326 5.4128
5.1996 8.5603
9.0436 5.8492
9.9292 8.2567
2.5199 2.0598
9.2109 9.0944
8.4062 0.8787
1.2664 8.4797
0.7547 12.0624
7.7870 4.7355
5.9013 8.1826
4.9154 3.3638
2.5466 4.4045
0.2772 -0.4115
8.2707 5.3242
8.0702 8.4473
8.8136 -1.0025
5.4232 0.6499
1.6102 6.4572
7.8480 8.4246
8.2954 4.0113
1.3752 6.7372
8.5265 4.9617
8.2285 8.0254
1.0084 2.7484
2.2691 2.1295
0.5956 1.7952
8.5416 6.8676
1.6797 7.4526
-2.0247 1.3846
2.5582 4.2764
7.8048 9.7497
8.9845 4.5509
4.7586 -0.3579
8.3716 9.0450
3.3268 4.4320
8.5674 8.6691
2.5616 8.2182
12.8346 5.3712
8.8867 2.8498
4.9005 8.8969
4.1673 1.4265
5.3340 2.5710
7.2378 8.2389
0.5200 2.7077
0.7708 7.7891
8.6142 2.2880
7.5757 7.4102
-1.5595 5.5506
2.6231 8.6327
3.2430 3.2892
9.6572 8.8952
0.9363 3.1861
9.1515 6.0856
3.0916 8.8013
2.6654 8.7904
7.7817 8.1507
3.6688 -1.0263
8.7199 -2.4216
2.1330 4.2370
2.6900 4.0916
7.1200 -1.9831
8.3185 5.2061
8.8435 1.7632
1.8243 1.0272
1.5664 1.9251
8.1804 5.5412
8.3351 8.0181
8.6456 3.9464
8.9331 8.5764
-1.2631 3.8676
1.7328 5.9247
3.9568 4.8148
-1.7400 1.2091
3.1713 4.4631
7.2964 -2.7121
5.1529 8.5525
8.7978 4.8111
4.2626 2.1111
1.7322 5.3540
8.5690 9.7145
6.1561 7.6788
6.0639 -0.4296
3.6569 2.6667
4.7487 8.6944
4.2231 8.4197
8.9919 8.2026
3.0390 8.1284
2.4020 -0.7933
8.1927 4.7605
8.4111 7.1971
8.8768 2.5523
9.3786 6.9905
3.8986 4.3795
6.0108 9.3559
8.4215 2.2959
6.9432 8.7224
5.9077 -0.8348
5.7247 2.9906
3.4050 4.9894
3.9896 8.1396
7.9127 2.3726
1.5257 8.3685
8.7759 3.9220
8.4170 1.8079
8.0498 8.7007
10.7249 8.6547
1.8720 4.6678
3.4503 5.5143
6.6771 8.2433
8.2610 -0.0575
5.0616 8.2363
9.6051 8.1219
2.4033 1.9348
4.5629 5.7751
5.2851 8.5614
2.3762 2.5277
8.2721 8.3034
2.1980 5.9337
3.9260 10.0941
11.0558 4.4585
5.9843 9.1967
1.0749 8.9338
6.6553 3.9485
3.6066 4.6807
2.8557 1.7378
1.0622 2.8264
8.5920 0.5143
2.3573 11.0826
8.6745 0.6477
2.8570 5.9292
1.1961 3.5100
7.4251 1.2682
5.3521 8.5575
3.1573 4.5532
7.1050 8.2859
0.5612 9.0162
7.2251 8.3131
8.6335 2.7681
8.2897 2.9966
8.7384 5.8673
3.1347 7.4145
2.6673 3.3858
9.0140 1.8263
9.3757 -0.1828
1.9158 10.0425
3.5548 -1.2477
8.2632 8.0162
2.1771 0.1995
8.8186 2.0740
8.7061 3.4980
4.1671 8.6777
3.3073 8.3128
2.9364 6.7387
2.7904 4.5702
5.8750 6.1785
8.3571 6.4486
8.3357 8.9623
3.3277 8.3818
11.1808 2.3172
2.5653 2.6934
0.9501 10.6118
2.8219 3.4119
3.5987 8.1756
8.1586 8.4898
2.4244 5.8378
5.4568 6.1500
3.1470 0.9123
3.6965 0.7995
9.5826 2.9683
7.9022 3.7819
3.0595 -0.1975
3.8586 7.1125
5.5367 8.6345
2.5273 10.6157
2.1656 7.5402
6.2552 -0.6744
0.2253 8.6378
2.1092 3.2103
2.3608 8.1858
5.8240 4.3025
8.6783 2.7538
0.7281 9.1687
0.4458 4.2265
8.5382 7.9113
2.9743 8.4567
3.2521 3.6504
7.1818 7.8217
8.2647 4.1157
6.8743 2.1621
3.6792 9.8306
8.4652 0.3049
1.2810 8.2311
7.9304 6.4374
6.7870 12.2365
12.9143 4.3108
3.4012 8.8729
2.9876 1.4522
5.2350 8.4066
8.1370 6.8834
8.2940 -0.7889
1.9610 8.0490
9.1976 0.8584
2.3561 9.3271
7.4314 4.7906
10.4834 3.6203
7.6308 9.4113
2.7654 8.0305
5.0312 8.6378
4.8664 10.5230
8.6165 2.1674
3.9850 8.8498
2.9089 5.9044
8.0710 8.3208
1.2103 8.3191
4.2778 8.0567
8.3730 9.9843
8.2012 3.6453
10.3252 4.1417
3.5244 9.2390
8.2589 1.4285
2.2290 5.5099
6.4660 9.0920
7.0516 0.2506
5.7229 2.2207
5.7541 6.1139
1.0672 4.1979
8.7385 5.3116
-0.2306 3.1292
0.8277 6.1225
3.3851 5.9976
3.0587 7.9454
7.9367 8.9661
6.0324 10.5971
0.7817 8.0407
7.2987 7.1265
8.1864 8.9646
2.2270 4.0143
6.4697 8.0842
5.0270 8.6316
8.1801 -0.7977
4.6037 8.0851
9.3385 8.6363
8.7687 8.2732
3.0514 1.9792
-3.8689 8.4858
1.7160 0.6711
3.3275 0.8934
9.3175 3.3672
5.3582 8.4738
2.7336 3.6135
7.7920 3.2667
3.2230 4.2320
2.8626 2.9389
8.3929 -1.1872
3.9842 2.9560
8.3202 0.0166
8.9793 4.7361
8.3680 8.9643
-3.8428 4.3805
4.2104 3.2718
8.4404 3.1504
7.9622 4.2365
3.7269 8.2098
7.9336 4.8218
7.8732 8.5963
8.5672 8.3052
8.2929 2.1591
8.6201 6.1726
6.4511 0.8132
-0.0729 8.3184
4.3642 0.4564
1.6704 8.4057
0.4777 8.4384
8.2224 8.6993
-1.1798 4.1167
1.9896 8.6309
7.4840 8.1681
7.9654 2.3246
5.3416 3.9213
8.5467 7.9102
8.2193 2.8860
7.6305 1.7037
9.4937 3.4622
2.5695 8.7653
1.3156 2.0027
8.1810 3.8313
7.4020 5.5466
8.8997 5.3244
2.8360 8.3330
4.3149 8.9040
8.0656 0.8001
8.9372 3.0915
7.4006 6.5912
-1.8350 8.3593
3.2729 -0.2849
-2.9922 5.4865
1.2855 -1.4762
3.0950 5.7474
-1.6181 8.4292
8.1848 8.1584
8.7228 8.2207
6.9564 3.6215
8.7288 4.0313
8.2836 10.9007
2.9407 7.1250
4.3281 5.8758
8.8329 8.8736
0.8659 5.6089
8.3553 0.7505
1.5473 1.7717
5.4763 7.9437
6.2334 -2.1640
-1.9662 -0.1579
0.2334 1.9619
6.6636 2.5402
-0.4744 5.9323
1.0675 8.3197
6.8279 2.4606
3.8944 8.9155
8.8583 8.3036
7.8232 1.4036
8.7642 12.3420
6.4272 9.4070
5.6057 -1.0521
1.8795 11.0287
7.7337 11.1015
10.2260 8.6142
2.7402 4.9830
2.2696 8.1595
6.2001 8.1686
5.7908 6.4195
0.9125 1.2389
2.4416 4.3056
7.2414 4.4826
8.2202 8.2383
3.1564 0.1672
4.1199 1.8670
8.5290 2.8846
4.9807 0.5180
1.0252 8.6533
7.2719 4.0315
2.1496 0.1346
3.5548 1.4249
2.5554 8.5805
8.5833 9.2558
6.6423 8.7428
8.3380 3.9441
8.6761 2.3157
4.9505 2.2585
1.7868 -3.7168
1.6732 7.1285
9.1162 8.0263
6.7852 5.8568
9.0089 8.9326
2.2202 8.2134
7.9643 0.1420
8.3234 8.3691
1.4842 3.3442
7.8893 1.5064
1.6752 8.2883
2.8290 2.5485
7.9034 0.7190
0.4958 6.9132
8.2298 4.5526
7.8270 1.3338
7.4232 1.2272
8.0629 1.7133
6.5015 8.6739
7.4192 6.5370
7.9003 2.3313
7.9880 4.5369
6.4501 8.6713
8.5130 9.0683
8.5814 9.0045
-1.1563 2.9040
8.3925 8.5523
1.4358 4.0227
1.4949 8.9611
2.8841 8.8454
2.7570 3.8987
6.9970 6.6652
0.6196 2.4774
8.4516 2.1451
2.1230 1.8844
3.7744 2.8878
8.1865 8.7552
5.1889 3.5690
8.9087 3.8178
5.6585 1.3619
7.0912 2.5372
5.4580 1.2932
0.3961 7.3182
10.7815 1.4740
8.4138 7.8872
8.5555 2.3007
8.8029 4.9366
7.2612 5.0772
8.8332 6.4242
6.8055 3.3012
4.3989 2.5886
7.7299 2.7021
3.7993 8.6975
3.6832 2.4545
6.1991 2.2871
8.5474 3.2789
8.2505 5.1633
8.2822 8.3283
8.3205 6.0954
2.1894 8.6312
9.1780 8.5295
8.4206 10.7458
8.3556 0.7664
9.3829 5.0381
8.0176 2.2290
1.4971 2.1802
1.2566 3.1376
8.8548 3.1509
2.6900 -0.8932
7.4235 5.9704
6.7785 0.8038
6.1423 5.0179
9.3789 5.4829
-1.1474 7.8307
8.8056 3.9067
8.9322 8.0652
1.3701 4.4947
3.0041 2.7151
2.3743 8.0183
8.0813 7.8231
8.4999 7.9091
7.4773 8.6475
10.5771 2.3331
8.8827 8.4889
8.3394 0.2611
4.6506 8.3853
4.1940 3.0474
0.0762 8.3321
7.9801 8.2475
9.1332 8.6882
4.3302 8.2226
7.8260 8.4917
10.9294 8.8655
8.7035 3.4100
8.6901 5.3110
4.6347 2.1114
4.3345 7.6603
8.3855 8.5439
7.8822 1.8648
8.7611 2.8364
3.5842 5.8358
4.3872 2.7148
5.0720 10.1368
7.0071 2.8901
1.1879 8.0532
2.3255 1.4638
8.0137 0.4246
8.2059 5.6282
0.9549 1.6232
7.8366 3.8458
8.3241 2.5279
6.0475 3.0305
8.7034 7.8494
2.4685 8.5095
9.3893 9.0686
8.3481 8.2945
8.8196 7.7410
4.4951 2.8835
4.6138 4.9372
8.7947 6.1769
3.5924 8.6611
0.5323 2.2622
7.8382 1.0156
1.2059 -0.6612
8.4812 8.8044
1.9737 1.2952
0.4234 5.9662
3.4115 8.3074
8.3670 8.4352
2.2889 3.5413
8.3802 4.1955
6.2985 9.2349
10.7289 8.3194
8.8321 8.6868
8.2671 6.7278
7.1456 6.7630
2.6613 3.7983
7.4728 3.2288
5.2536 4.1258
8.3704 2.6772
3.2758 7.1653
8.1022 3.5797
3.6451 8.9161
8.9362 -1.9895
8.5551 9.1355
0.7396 6.4885
8.2986 0.3782
8.4334 1.5189
8.0055 2.3674
1.9406 6.0462
8.3047 4.6802
8.3573 4.2689
3.8707 0.4840
7.1462 6.9067
1.8372 8.2750
1.3244 1.4255
0.5045 0.6974
0.5015 8.3561
8.0920 2.0166
3.9931 0.1012
4.7517 11.3434
3.1901 1.5379
1.7560 3.8564
8.6873 8.4648
7.9043 3.0936
6.9485 1.5796
2.8350 8.2816
7.5916 8.5264
1.0996 4.9014
8.8367 0.6623
1.0746 4.1063
2.4853 8.2256
0.3184 3.4983
10.0235 4.3062
9.1760 1.8873
6.0213 8.1080
8.7150 -0.9932
2.3913 -1.1790
2.3406 8.6089
8.2184 5.5037
0.0736 1.3175
2.2796 2.9187
8.0492 -0.9845
1.9168 2.3248
2.1452 3.7437
5.2372 9.1905
10.8210 8.7048
6.8942 2.0477
6.8701 6.5371
6.7250 10.3030
4.6486 9.1693
8.3992 5.6109
4.4733 -0.3816
8.5075 10.5279
8.5790 6.4392
8.2541 8.9391
4.3617 8.6428
8.5798 10.3987
2.1719 -0.5028
4.3665 8.0129
6.0433 6.4201
6.3093 8.6035
2.4464 4.8632
13.0700 8.3820
8.6635 5.4422
7.0629 9.3192
10.1006 2.5621
6.7583 8.5360
7.6735 3.8889
8.9879 2.7023
9.2392 8.0409
-4.1338 8.2604
11.1454 -1.2335
7.7255 8.6961
-0.0044 6.6244
1.4563 8.2848
8.7375 4.9425
-1.5944 7.8428
8.4355 0.4840
8.4428 8.9809
5.3092 4.6633
3.2571 0.9791
2.8183 5.8535
8.5405 3.3675
5.5375 3.8750
2.5350 8.0605
8.5460 -0.4363
3.3291 3.3769
5.2382 5.9349
2.8649 8.9431
8.2764 4.8996
3.9436 8.2860
7.7687 7.9314
10.2054 6.5441
-0.8510 3.3913
9.1921 4.5052
3.6329 8.6838
3.9631 -2.6819
6.1448 1.5788
8.5128 4.2355
2.1115 5.6629
8.4861 1.4966
1.2179 -1.5869
5.9550 7.4945
4.4975 1.1348
8.3223 2.9592
7.6885 4.0375
3.4940 8.9002
1.3910 6.8856
1.2475 7.7041
8.3948 2.4588
8.0374 3.4547
2.0923 6.6963
3.5421 6.6470
8.0650 3.5800
3.9747 8.2504
3.1893 8.5148
8.1855 2.3643
2.6671 11.3298
5.3552 6.2223
3.0123 8.2953
3.4480 4.7510
3.4844 1.7805
-0.6514 0.7584
0.4050 5.8162
8.5851 2.5067
8.6608 7.7075
7.3760 3.1641
3.3438 0.7179
9.0151 8.8130
2.0468 2.3246
4.2210 3.3530
9.0783 8.7552
4.4151 8.4504
3.7142 8.4478
1.2505 0.3604
7.6547 7.7094
8.5404 -1.5178
2.2979 8.8299
11.8005 0.2747
2.9426 7.6802
3.8062 2.5011
5.0138 11.9437
12.2226 3.3178
8.7542 1.4492
