5
-2.3520 5.5330
-6.0699 -2.0311
-6.0789 -3.9534
-3.1887 -2.5236
6.4344 -1.3736
5.6531 -4.6169
6.5366 -0.5212
6.2654 6.7910
-6.0249 5.6617
6.3347 -9.7308
6.1109 -9.6986
-2.2261 -9.7611
-8.7391 -2.1449
1.6901 -9.7860
-4.0615 6.4868
-10.0587 -0.0425
5.9144 -1.9702
-1.4984 -8.5406
-8.9763 -9.2923
-10.1762 -2.4947
-6.8847 -2.6298
-10.3635 -8.2689
5.0060 -2.5054
-9.8161 0.8470
-3.9315 -2.8005
-9.4689 -2.9584
6.9358 6.2183
3.1342 6.3109
-8.6323 -1.9679
-9.6961 6.3551
-3.6216 -2.5885
-10.4709 -1.8378
-6.0930 0.8530
-2.4629 -2.3878
-2.2878 -4.5675
-1.6988 -9.6932
-9.3480 -6.0717
6.9574 -9.4900
-1.8707 -3.0027
-6.9451 -2.7894
5.9688 6.2850
-4.2123 5.7191
-2.4757 -2.4001
-4.7541 6.4230
-2.2758 -2.5646
-4.8048 -10.2522
-2.8436 -9.9215
-8.4609 -2.2644
-1.7585 -2.2822
-10.5042 -9.7252
-9.7094 -3.1668
-5.0939 6.0657
6.1109 -5.0085
-9.7580 5.9123
-2.2759 -10.8027
-2.5520 6.1452
-7.1416 6.2346
-1.7112 -2.2718
-9.6797 -1.9326
-1.8111 -2.2061
-1.8163 -7.7173
5.9741 6.5964
-9.2219 -5.4469
-5.6206 -5.0559
-2.6024 -2.9371
-1.4593 -1.6679
-2.4576 6.1113
-1.7232 -1.9276
-2.7432 -1.8963
-1.3874 -2.0042
-6.4825 -4.0409
-2.0766 -3.1934
-9.3238 -6.6977
6.5791 6.0574
-11.4065 -1.7501
-10.1355 6.4660
-1.8133 -9.5562
-10.2863 6.1231
-1.9463 -6.9555
-2.0071 6.2123
-9.7950 -2.6810
-9.2618 -10.7698
-4.7151 -4.2716
-10.5054 6.0827
0.5998 -2.2415
-4.7839 6.0081
-3.6345 -2.4563
-3.2522 -9.8044
-2.4666 -9.5718
6.1784 -5.2051
-9.1067 -4.8670
6.5313 -9.5835
5.5928 5.9921
-9.4591 6.5086
-3.8878 -2.8266
-4.7550 -10.5311
-1.7212 5.7278
6.4535 -2.0807
-5.5766 -9.9725
5.6071 -2.3463
6.5912 -9.7775
-9.7414 -4.2872
-9.0784 2.4994
-9.4950 -10.0587
-2.4786 6.0813
-9.5231 -5.7656
-6.2821 -3.0187
-9.2722 6.5846
6.5137 -9.9734
-2.5444 6.2875
-1.1232 -3.3244
-2.3963 -2.0409
6.0090 -5.9903
-5.1840 -2.2165
-6.1643 -3.0577
1.4208 -6.6723
-1.8902 -2.1126
6.2545 -2.1644
6.0447 -9.8388
-10.6060 6.4291
5.8724 -2.5128
-9.8355 6.2523
-9.1755 -4.4574
-9.3877 6.2418
-8.6694 -10.6104
6.7991 -9.6801
-1.7733 -9.4813
-9.4305 -5.9330
-10.6494 -8.9905
5.5326 -4.6902
-1.7850 2.3366
-9.6344 6.1970
-4.1068 -1.9518
-9.6464 -1.3806
5.9221 -9.8841
-2.5652 -6.4412
-9.7180 -9.2459
-10.1806 -9.6950
-2.1186 -2.3854
6.0241 -9.3464
-2.4218 -3.1475
-1.6057 -8.6981
-7.1330 -4.3192
0.7966 2.7899
6.2120 -5.0937
0.0583 -10.2715
-2.6537 5.8437
-8.7961 6.4002
-2.7864 -1.8693
-7.5092 -7.2413
6.5237 -2.0284
-10.2724 6.3141
-9.8770 -9.5252
-2.5408 -9.4169
-2.0780 -2.5811
-2.2933 -1.2466
-2.8551 -10.2294
6.1807 -9.7432
-2.3250 -10.1071
-9.7170 -4.6777
-3.3215 -6.6791
6.3946 -4.5494
-4.7365 -9.1849
-10.2231 -10.3327
-10.7874 1.0570
3.2672 -9.9650
-2.2131 -9.5623
-10.2873 -2.9172
5.7738 -9.2288
-9.7099 -0.9811
-9.8219 6.2289
6.2476 -1.8595
-5.8335 -4.9500
5.9068 -0.2944
5.9037 0.1949
4.7677 5.9970
-2.5387 -9.4729
-5.2053 -1.9243
-1.7262 -0.8663
-2.1203 -1.9056
5.2419 -9.6611
-1.8298 6.1566
-9.8707 6.1493
-9.6296 5.7298
-6.9267 -8.7831
6.2373 -1.2095
-6.4084 -2.5911
-2.8862 0.1420
-1.7847 -9.9756
-9.8459 -2.5026
-2.1020 -10.7754
-2.3305 6.2133
-8.8889 -1.8926
-8.9580 -4.0001
-10.8657 -2.3521
-5.8022 4.5976
6.1560 6.2961
-3.2317 -4.9006
5.9479 -2.8849
6.5669 5.8626
-9.3019 -2.0807
-6.8585 0.5309
-10.2601 -5.4038
-2.7381 -10.1326
-2.1684 -10.1370
-4.7596 6.3468
-2.1596 -10.0021
-1.9170 -2.1198
5.9724 -2.7660
5.7419 -6.7750
-9.4277 -3.5293
-1.9353 -3.3882
3.8137 -0.8122
1.1364 -2.2569
-2.5260 -2.2678
-10.2059 -10.4275
-1.8465 6.5716
-10.4608 -5.6236
-9.3284 0.3404
-9.3615 6.0734
-1.0613 -1.0695
-2.5925 -5.1771
-10.5943 -9.5261
-9.8078 5.7305
-3.7184 -1.7240
-9.7623 -10.3556
-10.4657 -0.0836
-10.0659 -1.9803
-2.4398 -2.3456
-10.0154 -2.2688
5.8673 -2.5532
-9.6123 -2.0700
6.2150 5.8909
-10.1771 -9.2891
-8.4860 -2.6259
-9.1386 -9.4290
0.5376 -10.1401
-2.1218 2.2087
-2.4871 1.4599
-2.1255 6.1902
-5.4840 -10.2678
-3.3193 -5.5074
-1.8886 -2.3640
-4.8173 -9.1141
-5.1298 -6.8502
-9.5177 -6.8197
6.0868 -8.8071
6.3459 -2.2398
-2.1851 -0.4661
-10.0506 -9.6629
-2.6188 -1.9416
0.0082 -5.0577
5.8722 -9.4989
5.8730 -5.7192
6.2286 -1.4657
-8.7592 5.6608
6.4987 -2.8600
-10.3400 -9.0804
-2.5178 1.3837
-5.2335 -8.3670
-2.2314 -1.8732
-2.1158 -8.9830
-1.5427 -2.5134
-2.3226 -2.5950
3.1210 -5.8041
-2.8954 -1.9070
-9.4671 -7.1491
1.4000 -7.1574
-2.0103 -2.1829
-4.1735 -8.1775
-7.0101 -5.2967
6.1225 -1.4341
-3.7827 -1.8317
-2.0859 -1.5750
5.7660 -9.9605
6.2366 3.0747
-5.0240 -2.4565
-4.4500 -2.4443
-3.5196 -9.3410
-1.5892 -4.8087
6.8536 -6.6212
-1.8319 -6.7595
6.0818 -2.9353
6.2114 3.3020
-3.4050 -9.9758
-1.8315 -2.7887
-2.5885 -4.1728
5.2756 -10.0931
6.6857 -9.1841
-10.0292 -9.1096
-9.6402 -2.6800
5.0387 -9.2340
-2.4347 -10.2706
-1.2392 5.9015
-2.3631 -8.3711
-8.7075 6.1682
6.4406 -0.4206
6.5011 4.0688
6.0628 -4.6927
-3.5622 -9.8289
-5.2633 -2.4879
-1.7865 -2.1639
-2.7449 -1.8763
-1.9896 -8.8878
-4.0650 6.2703
-5.9126 -4.6300
-3.7643 5.7272
-10.2353 -10.2339
-3.1109 -9.3944
-9.8165 -2.4156
-3.8310 6.2390
-0.6909 5.4012
-6.5162 0.5497
0.3534 -2.8586
-9.5967 -9.9204
6.0263 -9.9156
5.8055 -2.3030
-1.8386 -10.7905
-1.5391 -10.5862
5.7488 6.2301
-1.7270 -2.5159
-2.1164 6.3567
-2.9515 -8.4328
-1.6991 -2.4637
-1.7285 -10.4018
-7.0222 -9.2711
-2.0385 -6.8304
-7.6941 -3.3159
-10.5160 6.0490
-1.5765 -5.4488
-4.3497 6.3479
-4.9965 -2.6173
-9.6341 -10.2866
5.9122 -10.6896
-7.1249 -6.6805
-10.5941 -7.8360
-10.4169 -9.5782
-8.9505 -6.2803
-6.9701 -9.7651
-1.1739 5.9319
-9.6038 6.2196
6.3086 6.3396
-4.9138 -9.8794
-2.7140 -10.8898
-10.0613 -5.7283
5.7609 -2.6489
-3.5233 -7.4180
-1.8444 6.6660
-2.7207 -11.1218
-9.9437 -2.7237
2.0331 -10.3913
7.0049 -3.7116
-1.8971 -8.3483
5.9342 5.8538
-1.6521 4.5074
6.0477 -10.1437
-9.7730 -3.6996
-4.0759 5.9896
-1.8333 6.3005
-1.7452 -1.4748
6.1786 -3.6112
-2.9856 -5.6352
-8.0001 5.7268
5.7542 -3.2935
-9.2862 -0.8143
-6.0201 -9.5428
-9.7749 -10.6419
-4.1620 5.7822
-2.2678 -1.8140
-5.8819 5.8454
5.9230 6.3076
-7.2185 -10.2766
-2.2990 -1.1689
-4.7324 -10.2460
-2.9039 5.8943
6.0115 0.8487
6.2521 -2.2472
6.4135 -9.4508
-2.6331 -2.3816
-4.0250 -9.5508
-9.5956 -10.2897
-5.6562 -5.3963
-6.4420 6.1889
-3.3126 6.1748
-2.0207 -2.2496
-1.8507 -2.1063
-6.8762 6.2589
5.9193 -6.7823
-5.5204 -3.7263
-1.8240 3.2999
-0.8123 -9.2290
-8.8601 -1.1734
-2.2150 -10.5126
-9.6907 6.6114
-10.1673 -6.6929
-0.5001 -2.7310
-2.1600 -9.5695
-2.2781 -2.2666
6.4351 -0.6600
-2.5630 6.1265
-1.6796 -3.8082
-4.7255 -9.5277
6.3973 -9.9849
-9.9073 -5.1298
1.5383 -5.6727
-3.1626 -5.5613
-10.6939 -5.4921
-9.7668 -3.8741
-3.7026 -1.7011
-9.3476 -4.2590
-1.4709 -9.6450
-3.4418 6.4355
6.1065 -9.8416
-3.1722 0.9595
-3.4723 6.1159
-2.0160 -1.7238
-2.1791 6.3546
-9.1997 -10.1087
6.0289 -10.3105
-9.0480 -9.4451
-2.2873 -10.0683
-2.3214 -9.7154
-9.6443 -3.8596
-2.2196 -10.2074
-5.5008 -1.6539
-9.7692 -9.9239
6.2303 -8.0388
-2.5521 -4.2756
1.0451 -2.6991
-4.5542 -9.6159
-1.4356 0.5897
-2.0917 -9.7238
-2.3550 -4.3446
0.5906 1.0992
-9.4335 -9.5886
-2.2641 -10.5666
-1.7489 -3.2536
-7.7626 -4.6726
-3.8896 6.3461
-2.1256 -6.9104
-10.1005 5.7785
0.1894 -2.4324
-7.1125 -5.9317
-10.1170 6.1876
-5.8093 -1.9267
-2.3282 -6.5849
-4.3009 -2.4362
-1.9055 -2.8163
-3.0777 -10.3355
6.0548 -1.9738
5.7088 -2.8960
-1.7653 -9.4423
-10.9030 0.3897
-2.1169 -5.7739
3.2739 6.7781
-2.1250 6.8528
-4.1227 -2.6172
-2.7364 -2.4018
-1.8106 -0.9747
-2.8541 -2.1349
-6.2549 -10.5692
6.2340 0.1397
-2.2702 -10.3831
-1.7996 -9.5557
-1.5097 -4.6540
-5.3776 6.1560
-0.6636 -2.0906
-10.7454 -9.1740
-0.6266 -3.2379
0.9965 -10.1184
-10.2293 -4.7221
-9.4889 -2.7028
-2.1657 -1.8628
6.4639 -2.2519
-1.5435 -6.4381
5.9561 -6.9674
-9.9097 -9.5309
5.6887 -0.3945
-1.8534 -9.7030
5.9645 -0.6405
-3.3698 -9.9089
-7.4696 -10.7358
-2.0816 -10.2706
1.6686 6.8933
6.3718 -9.8690
-4.9064 -1.7636
-1.2985 1.8421
-2.4677 -9.5474
1.8401 -8.3747
6.1358 -1.7730
6.4156 -9.4194
-9.8032 -2.4646
-10.5716 0.6347
-2.8290 -6.2368
-10.9811 6.4435
-3.7505 -2.7667
6.0536 6.2328
-4.5920 -1.7175
-1.7130 6.3873
-11.2651 -1.7525
-10.3055 -9.5733
-9.6907 -1.7755
-4.3647 5.9857
-5.4759 -10.7049
6.3997 -1.7065
6.1573 -0.9616
-2.1033 -3.6539
-5.0895 -2.5255
-2.3126 -6.1025
-1.6064 -2.1614
5.9245 -2.6262
5.9868 6.6113
-9.7907 6.0481
-4.8306 -2.6364
-1.9863 -5.2561
-5.6682 -9.2821
-9.4278 -7.8591
-8.0545 6.1266
-10.9445 -4.1929
6.5519 -5.3164
-3.0361 -2.5823
6.2219 -2.4497
-10.3987 -4.0188
6.6884 -1.8821
-4.9699 -2.0191
-10.0958 -6.5327
-3.0808 -2.5159
-0.0574 -2.5940
-8.9390 6.4253
-3.5865 -2.2470
-10.0348 -6.0257
-2.2670 -2.9395
-2.1691 0.5711
-10.2629 6.3283
-6.5961 -4.6243
-4.9732 -1.1623
-1.8409 -2.3748
5.6455 5.7307
-0.5081 -4.6344
-10.0300 -1.4680
6.0101 -0.1683
-3.4109 -9.2143
-5.7848 6.4342
6.1231 -5.5229
-10.0196 2.3457
-2.9374 -1.5425
-3.4106 2.5652
6.4612 1.4544
-4.6292 -2.8375
6.5337 5.7529
-9.6012 -10.3141
-8.0982 -5.5586
-1.6203 -1.7025
-9.8767 3.7633
-1.1098 -10.0034
6.3685 -1.2388
-2.1968 -10.1023
-9.8996 -9.7062
-2.8663 -2.4024
-9.6218 -2.5609
0.1216 -10.3470
-2.0885 -5.3243
-2.2050 -7.5735
-6.0075 -9.9957
-4.9952 -2.7715
-3.6548 -9.3609
-10.3937 6.4776
-9.0389 -2.8692
-0.0797 -3.2180
-5.7368 7.8977
-10.6316 -9.8370
-8.5534 5.4495
-9.8010 -3.3138
-9.8558 -6.2283
-2.4191 -1.7502
-2.7916 6.3183
-4.6283 -1.6588
-9.2527 -4.9262
-0.9726 -9.9768
-9.5279 -2.3732
-2.0656 -3.1396
-1.3544 -9.2353
6.0495 -2.2621
-2.8644 -1.8596
-9.2933 6.3582
-9.7847 -1.7372
-2.5713 -11.0951
1.9550 0.3979
-4.7578 -5.2960
6.0716 -3.1307
-5.2229 -9.5767
-1.8981 1.0959
6.0427 -5.2047
-6.8156 -6.3459
-3.1810 -9.5437
-5.3816 -4.3594
5.5582 -9.8547
-1.0571 -2.6767
-4.6155 -9.5310
-5.2949 -2.9383
-5.9411 5.8542
5.8274 -1.3557
-10.0858 -5.1406
-1.2807 -3.1996
6.1826 -2.0980
-1.4387 6.1581
6.2780 -1.4362
-2.5074 5.9040
-9.9027 6.3180
2.3445 -3.4464
-6.3173 -2.0626
-1.8469 -4.8875
-5.3696 4.3383
-2.6890 -1.4684
6.0543 -8.0951
-10.0329 -9.3080
-5.5624 7.3324
-2.5423 -8.6633
-3.9724 -2.5503
-4.9312 -5.2258
6.2796 -2.5536
-9.4952 -2.1328
-9.6206 -8.8256
-2.9714 -1.0643
-7.1392 -9.7634
6.5046 6.4236
1.2622 6.4325
-2.4713 -3.8431
0.4606 -1.5869
-2.4506 -9.3424
-0.1696 -11.3787
-4.0206 -4.2896
-10.2037 -10.1303
6.3286 -9.6537
-8.4043 -9.3782
-9.6515 -9.6041
-9.9525 -10.5957
-9.2867 -9.8314
-9.1625 -10.4948
-9.6196 -11.1281
-9.6307 5.5138
-1.5710 -9.7925
-9.8609 -1.0551
-10.5864 -3.8417
6.3804 -3.2961
-4.5405 -9.0842
5.9839 5.8016
-2.2880 -5.2563
-2.4384 -9.9594
-1.4058 -9.3969
5.9865 6.2841
-3.2980 -9.2022
-5.6176 -5.1855
-0.7382 -4.8662
-7.4621 6.1767
-1.9097 6.6561
6.2479 -8.9905
-6.2280 -6.1539
-10.0993 -0.9555
-4.2471 -1.6291
-1.0089 -5.1537
-4.5790 -2.2854
-2.7475 -2.3422
-2.8794 6.6199
-8.8872 -1.5793
-10.2761 -2.5741
5.9656 -5.4144
-8.0518 6.0365
-2.6746 -6.8910
-9.1747 -5.7342
6.5559 -2.1820
6.4225 -9.4489
-2.0668 -4.1667
-4.5757 -4.5290
-1.4909 -9.4858
2.0210 -9.8846
-2.1682 -2.1777
-2.6901 -2.1895
6.0675 -5.7826
-9.4233 -1.9871
6.0141 -10.0122
-10.5435 -5.9951
-1.6363 -9.1395
-3.8292 -4.0306
-2.4679 -1.9108
-9.2849 -2.0136
-6.4411 -2.0884
6.0972 -10.0652
-9.0926 -3.1569
3.0467 -2.6521
-4.7311 -9.7906
-9.4517 -11.0892
6.2607 5.8777
6.1326 -4.6266
5.7612 -2.0292
-9.7033 -10.5147
6.3578 -10.9040
-9.4562 -1.8291
-10.4733 -4.9113
3.6543 -9.6671
-9.6221 6.8609
5.9150 -5.2634
-1.8976 -1.8084
-10.3810 -9.5301
-9.9027 6.1370
-10.0796 -5.5196
-10.8931 -2.9059
0.5418 -10.0982
-10.0149 5.4241
6.3384 -7.6413
5.6827 6.6152
-2.3893 -1.8958
-0.9957 -4.3975
-2.0700 6.0502
-9.9840 -5.5078
5.7245 -1.6229
0.3223 -9.0810
-9.1003 -1.8111
-1.3064 -1.6810
-2.3690 6.6765
6.0063 -5.9058
-9.3104 -9.1414
-9.5046 5.9485
6.6142 -1.1262
6.2743 6.5280
-1.6422 -9.4298
6.0603 -6.5050
-9.6426 5.5836
-9.8609 -10.3612
6.2173 -10.5024
-11.2274 -9.8058
-3.7447 -2.1980
-4.1514 -4.8809
-2.3011 -4.8770
-1.4841 5.8032
-9.8709 -1.3244
-1.9719 -9.7487
-4.5167 -9.7935
5.7765 -4.2775
-7.9204 -1.2901
-1.9694 -9.5456
-0.2285 0.3807
-8.9131 -10.1940
-9.6112 -10.5582
-1.9968 -10.0142
-3.7980 -5.1452
6.1781 -9.4209
1.6145 -4.2167
3.0287 -2.4461
6.2769 2.0668
6.3066 6.6453
-8.9716 2.3138
-3.5911 6.1268
-2.0283 -9.4916
-2.0288 -3.3846
6.6012 -0.3914
6.4835 -2.1998
-2.2449 6.1680
-2.2430 -2.1514
-9.8745 -2.5469
-9.3691 6.2791
6.3447 -10.8897
-7.3963 -4.4128
-9.5902 -1.8626
-9.4209 -2.4464
-3.3781 -7.2907
6.0900 -2.5241
-4.3746 -9.7295
-1.8744 -2.1973
-6.9207 -3.4148
-3.8808 -2.8067
-2.5144 -10.1402
-4.5909 -9.3211
-3.1580 -9.9596
-5.6905 -10.3311
-9.0071 -2.5164
-2.2205 -1.8591
3.7679 -2.7609
-2.5907 -8.0072
-7.3760 -2.2719
-9.5090 5.8612
-1.7480 -1.7489
-9.5835 -2.1775
-2.4632 -5.7724
-7.7044 -9.4719
-1.9927 -5.0006
-9.5157 -1.6683
-5.2439 -2.4390
-2.5383 -9.2158
-2.1233 -6.0343
6.3418 -2.4154
6.4214 -1.7073
-10.6330 -1.7305
-10.8454 5.6835
-4.3632 -10.7861
-9.9375 -8.7938
0.4126 6.0260
-1.9541 -0.4139
-4.4814 -3.2720
-6.0971 6.0796
-5.4005 -4.1058
-10.4056 -2.3172
-2.7540 6.7593
-2.0895 -10.6604
-6.3153 -6.4039
-4.1441 -2.7030
1.2048 -9.1348
-0.1300 -9.7402
-4.5430 -2.6731
-8.8871 -4.8238
5.9348 -1.7298
-9.7494 -1.9975
-2.6290 1.0451
-10.1234 -1.7269
-9.7750 -10.2472
2.9857 0.9702
-1.9932 -2.3394
-10.2446 -6.0304
5.5605 -5.7565
-9.9819 -10.6152
-9.6287 -2.8116
3.1461 6.2073
-2.2692 -0.1270
-9.0983 -9.1311
-4.9808 -10.3358
-1.6181 -1.4726
-0.1530 0.9666
-5.6668 -1.8082
-2.5811 5.5570
-6.1871 -8.9773
-4.2598 -9.6789
-2.9356 -3.5951
-2.1802 6.2533
5.9628 6.3747
-2.6368 -6.0446
-2.4356 -1.9204
-6.5555 -2.6110
-5.2814 -6.2639
6.4905 -8.5578
-2.2154 -9.7517
-9.5604 -2.7151
5.9272 -10.1694
-1.5613 -2.1440
-3.8842 -9.7558
-2.3278 -2.4720
0.8616 -10.0860
-5.0841 -5.5861
-4.5741 5.8481
6.0020 -3.3166
2.8057 5.3871
5.9275 -9.6471
5.9266 -1.7821
-1.7857 -2.3951
-8.2174 -4.5916
-9.2647 6.1448
-1.4427 -2.2357
-3.2258 -9.5397
5.8140 -10.3984
-10.1291 5.8031
-1.6830 6.0683
-3.2294 -0.3685
-7.5396 -2.8069
-3.1973 -10.6000
-4.5664 -2.5496
-10.7472 6.3950
-8.1187 -4.1988
6.1219 -5.2383
-10.4592 -1.8310
-9.7009 -4.2458
-2.5606 -1.7164
-2.4811 5.8049
-2.5084 -1.7572
-1.8009 -1.7711
-1.7266 -10.5370
5.8317 -2.8574
-4.5448 -6.4312
6.0194 6.2398
-9.2396 6.6566
-9.1464 -9.9032
-6.2356 -10.1016
-5.0651 6.2417
-10.2165 -3.0140
-4.1641 -9.9237
-10.2308 6.0860
-4.9212 6.7486
-1.7794 -10.5011
-10.2526 -10.8651
-2.5058 -2.7742
-3.6457 -9.7093
5.7415 -2.6659
5.9027 -1.7784
-0.3478 -1.7095
6.5201 -10.1323
-1.2853 6.6139
-10.4563 -1.1274
-10.0386 -3.6124
-10.2180 -1.0672
-9.7075 -2.0568
5.7006 -3.9865
-10.4274 -0.9099
-2.0982 4.2144
-0.8462 -3.2039
-9.4782 -3.5560
-3.6369 -9.1914
-1.4538 -1.7077
-0.2901 -3.1199
6.0455 6.5430
-3.3527 -2.9599
5.9016 -5.4131
5.6444 -5.0341
6.0944 -2.3698
-7.6623 6.4911
-1.8288 -9.7855
-1.1768 -9.7696
-1.9324 6.3112
-9.5834 -3.0360
-4.0463 -2.4250
-2.6145 -9.6704
6.4023 -8.7780
5.8115 -8.7286
-2.4743 -2.0650
-9.7617 -2.0465
6.0638 -2.2082
-2.1562 -9.8847
-2.2886 5.8961
-2.1113 1.2894
-9.9871 6.4962
-2.3300 -5.0232
-10.4174 -3.0452
-9.6781 -1.8996
-9.9146 -2.3665
-2.4226 -2.2086
-9.9156 -1.3993
-1.1830 -9.1440
-6.4779 -1.9183
5.5570 -9.5601
-0.2244 -2.0253
-10.8779 -1.4245
-2.9834 -2.1953
-4.1329 -9.8362
6.1362 -2.4337
-1.1832 -10.0955
-4.5114 -2.7391
-4.0754 -2.0559
-2.5597 -0.3790
-6.9041 -10.2014
-9.2443 -1.2797
-4.4089 -2.4893
6.4921 -1.8846
-1.5788 5.5442
3.2052 3.1436
-9.6406 -9.6477
-0.6627 -2.0314
-9.4635 -9.9185
-2.2612 -2.6900
-2.1136 -2.2276
-9.6044 6.3490
-3.0002 -9.3305
-6.4956 -1.7827
-2.1315 -4.8393
-1.8363 -1.8862
6.2290 -1.3663
-0.5719 -3.6218
-3.8774 -10.8487
5.8066 -9.4986
-2.9009 5.9169
-5.8756 6.1332
-2.1935 -9.5319
6.2697 -9.1127
-3.5780 -3.0091
6.1966 -9.9510
5.8627 6.1779
-5.5918 -1.9985
-2.1720 -8.8810
6.3637 -10.3910
-2.6541 -1.7193
6.2573 -9.2980
-2.2737 -9.2908
-2.4942 6.6875
-1.5207 -11.0538
-3.7170 6.6529
-9.2198 -7.3741
-5.2635 6.1636
-2.1348 -3.7739
-10.5128 -1.9290
-10.0142 -2.9709
-9.8079 -10.8487
-2.9381 -7.2203
6.4841 6.6140
5.9575 3.5630
-8.8036 -8.4514
-2.7581 1.4512
-1.8843 -10.3892
6.5818 -1.1244
-3.7769 -6.1541
6.1050 -5.9336
6.1178 -2.3408
3.1545 -1.6903
-1.6370 0.1334
-9.8821 6.7085
-9.4692 -0.2674
5.6989 -10.3537
0.5408 5.9738
-1.8231 -0.2637
-3.0380 -2.8535
6.0248 6.1450
-2.9477 -3.7954
-4.9860 -1.4550
-2.0111 -10.3602
-2.2241 -8.9004
6.4109 1.9047
-1.8497 -2.4860
-2.8821 -10.0999
-9.3182 6.2412
-2.9491 -9.5549
-9.6868 -1.8494
-2.1844 -1.1819
-2.4603 -2.3539
-2.1028 -9.2855
5.9999 -2.1779
-2.0880 -5.7176
-3.1031 6.4773
-3.9972 -1.8449
-1.1489 -10.2324
-2.2451 1.1628
4.3421 -2.0180
6.3445 -3.7786
6.3392 -9.9448
-7.0312 6.1008
-1.3882 -2.2632
-7.2093 -10.0521
-1.5161 -7.1009
-2.4969 6.4993
-1.7936 6.3963
-3.9600 -1.0699
-11.1941 -9.4519
6.7220 6.4215
-1.5812 -2.5384
-9.6271 6.2940
6.3117 -2.1150
-2.5366 -4.2483
-9.2400 5.9338
1.7002 -10.0921
-3.9635 -1.4550
-2.0733 1.6439
-5.3882 -2.2028
6.6304 -3.8143
-9.8443 -9.6898
5.3716 6.1079
6.2002 6.3234
-2.6518 -1.1626
-5.4516 -4.0170
-9.9407 -2.5671
-3.4636 -9.6724
6.5407 -2.3045
-9.5759 -10.4271
-9.0313 6.5076
-4.4152 6.3570
-7.2086 -2.5283
-9.4615 -6.5053
-2.4494 -10.1372
-9.2460 -2.7454
6.4944 -1.6250
-2.6650 -3.7938
-4.3706 -2.6190
-3.8090 5.6395
-4.8193 -5.2299
-2.9211 -4.3173
6.2777 6.1943
1.1446 -2.4466
6.1873 -9.9025
6.9673 -3.6872
-2.5557 6.7975
-6.5847 -2.2953
-6.2002 -2.7049
-10.1820 -2.7746
-5.0185 -3.0105
5.8264 -5.1664
-1.9463 -8.1503
-9.9358 -5.9631
-9.6328 6.2850
-2.1246 -2.2054
-9.8796 -10.1442
-9.3284 -2.2255
-1.9424 -10.1731
-8.9869 -10.2607
-9.5233 5.4735
-0.6011 -2.7888
-9.9749 -3.0354
-1.7938 -3.2859
-8.1257 -1.9112
-4.7131 -2.2219
3.5224 -2.3363
-4.9691 -4.6073
-9.5955 -2.0585
-10.4604 -2.5641
-10.2535 -2.4525
-0.4882 -2.1101
-2.3874 6.0164
-2.6357 -9.5149
6.2315 -2.6851
-10.2643 -9.6765
-10.2631 6.1230
-2.8183 -2.3237
-1.2426 -1.8761
6.0197 -9.8489
-2.0448 -2.0248
-10.2158 -2.9188
-2.7587 -5.6328
-0.8800 -1.6345
-9.0808 5.6258
-2.3122 -8.8989
-2.1821 -2.8005
-7.8951 6.5095
-2.0918 -10.3046
-4.4579 -10.2633
6.1011 5.8061
-5.0985 -6.5976
-10.0728 6.0804
-1.8211 5.8628
6.3884 -4.6732
-0.4523 -6.7477
-9.7515 -8.3907
-1.7021 -6.8494
-10.4384 -1.6408
-1.1434 -9.9336
5.4180 1.7949
-10.1465 -9.3967
-1.8168 -1.3662
3.1465 -1.5557
5.8757 -9.3152
-1.3052 -2.2886
-2.5699 -2.6869
-3.1780 -3.3877
-10.1159 1.7523
-10.0547 0.3513
-1.8933 6.0501
1.3077 6.4412
-1.3873 -1.8932
6.2675 -9.6963
-2.1096 -4.2182
-9.0078 -8.8332
-2.4565 -9.4167
-1.4771 -2.7034
-5.3509 -9.6364
-2.4277 -2.4750
5.6740 -6.5506
6.4830 6.5202
6.0024 -9.8259
-9.1440 -4.2278
-1.3053 -2.4985
-6.9415 6.0869
5.5865 6.1651
-10.0182 -2.7486
-2.7511 -10.3572
-2.5300 -9.6414
5.9688 -1.8815
-2.3319 6.4314
6.0422 -6.6782
-0.8428 6.3056
6.0246 -2.1044
-3.8937 -5.6756
6.6525 -3.5825
-2.0301 -2.3155
6.2768 1.4038
-1.5733 -10.1807
-5.1031 -10.3119
-5.8451 -9.4540
-1.5848 -6.8001
-10.6750 -1.6865
6.6097 6.4316
-2.1264 6.4413
-9.7604 0.2010
-1.6223 -9.0126
-2.5027 -0.2490
-2.0365 -3.1480
-2.4931 5.8615
-3.6634 -7.3788
-10.2735 -9.5345
-9.5713 -6.4659
-1.6017 -2.4489
-2.8896 -4.9752
-3.6036 -2.7685
-3.0980 -1.2973
-6.0335 6.2286
6.2264 -1.5815
-1.8018 -11.0193
6.3495 -2.5436
-10.1046 -10.0681
-2.8731 -2.1582
-6.8449 -9.9721
6.6264 -2.3279
-1.8175 -9.8714
-5.0356 -1.8992
-9.7526 -6.5341
-2.0022 -3.6589
6.2321 -3.4868
-10.1907 -10.0463
5.9557 3.0513
-9.8564 -6.6106
-2.4193 -1.9438
-9.9302 -9.0248
-2.0903 -9.8116
-2.6512 6.5508
-1.4894 -2.2527
0.5877 -10.1795
6.7839 -2.3592
-5.4272 -5.3473
-4.6936 6.1286
-9.4606 -4.4812
6.3216 -9.2983
-9.9696 0.3616
-2.4582 5.9519
-4.3435 -6.6180
5.2599 -8.8155
-2.2926 -9.6578
-9.7971 -2.0490
6.5636 6.4809
5.7856 -9.9316
4.7497 -9.4614
-2.3441 -8.1793
-1.8316 -1.9369
-4.3163 5.8831
-9.9697 5.6641
-9.6061 -3.0449
-3.2158 -10.3710
-1.9795 -3.5294
-2.6083 -5.3245
-9.4674 -9.6269
5.9297 -3.1628
5.5830 -2.7994
-9.4310 -9.0153
-5.9462 5.8332
-9.7893 -10.2188
-10.6045 -10.3643
-9.7931 -6.2177
6.0437 -10.0510
-3.3663 -2.7665
-9.8653 -2.6902
-7.8108 5.7576
-2.7321 -2.9904
5.6594 -10.1490
-2.5991 -4.0855
6.0182 -2.0680
-2.0494 -0.0697
-3.8657 -7.2872
-1.6466 -0.9451
6.1641 -2.4515
5.9301 -9.5322
-5.0853 -2.2566
5.9026 -2.6130
-2.9243 -5.1676
-3.0091 -9.6630
-0.4555 -2.1864
-5.3872 6.3733
-4.3156 6.2558
5.8206 -8.8578
6.1771 -9.7274
-4.9064 5.7106
-7.6927 -2.8454
-5.2220 -3.5085
-1.9315 -9.6740
6.1269 6.6791
-0.9534 -2.9706
-9.0372 -2.1647
-5.4514 -7.4301
-1.5128 6.2022
6.3144 -5.4460
-2.6052 -3.8559
6.1933 -2.4620
3.2800 -1.9373
5.7201 -6.2670
-3.6350 -9.9734
-7.5764 -0.6136
-1.9723 6.5379
-10.1584 2.3116
-1.6961 -5.1508
6.2730 -7.2155
-9.4443 -9.9694
-10.4083 -3.7340
-2.9012 -2.6947
5.0759 -10.0123
-9.5682 -2.7483
-2.8521 -2.5066
5.9487 6.2656
6.1089 5.4185
-2.9811 -9.5704
-5.8574 -1.8979
-1.9014 -4.8997
6.2006 -2.0685
2.2699 5.7715
-9.9346 -4.0129
-9.8021 -10.1431
-3.7948 -10.0664
6.0662 -1.9310
-3.5078 -5.1874
-6.0377 -1.1821
0.5276 -2.2492
-8.3683 -9.2248
-2.7134 -2.3304
-2.3909 5.3447
-4.8747 -9.9002
-4.3713 -9.2153
-4.1825 6.0807
-3.5595 -9.7312
-9.5756 -2.3002
-2.2101 7.7274
6.1963 -4.5589
1.6025 -10.4657
-4.4292 -4.4702
-2.4351 -1.8277
-2.2755 6.6006
-2.3308 -0.7114
-1.5482 -2.3288
-2.3437 -2.5909
-9.9041 0.4778
-10.2125 6.4008
-9.6585 -10.4200
-5.1986 -6.2634
-10.7963 -3.6155
-10.3837 -7.9179
-2.0048 -10.2188
-3.1531 -9.5695
-9.7738 5.7231
6.3849 0.8218
-9.2500 -1.7995
6.4751 -0.1203
-3.4441 -3.5668
-3.3626 -2.1290
-10.6319 -4.8939
-2.4438 -2.9001
-10.2580 -2.1250
-5.0835 5.7399
-2.0527 -2.2823
-2.0528 -3.4121
-10.2436 -2.1701
-10.4081 -5.5625
-9.5411 -9.0220
-9.2869 -9.9992
-5.4455 -2.7079
-3.8851 -9.4484
-8.6152 -2.1955
-1.7825 6.0947
5.8636 -1.8433
0.1511 -2.4013
-9.9030 2.9595
-2.8624 6.1235
6.4340 -10.6215
6.0451 -4.4249
-1.2552 5.9755
-2.0094 -7.1040
-2.3895 6.3772
-5.6584 -6.3601
-5.8393 5.7148
6.7232 6.2046
-10.9155 -1.7468
6.8095 6.1678
0.7470 6.0547
5.5801 -5.1015
-0.0972 -7.9490
-2.6598 -1.5152
-2.9477 5.8315
5.7833 6.2729
6.2006 -2.1282
-2.1730 -2.7167
-9.1654 -9.4983
6.5673 -2.7163
5.9719 -9.1123
-2.5904 -2.3263
6.8530 -9.0435
6.9453 -5.5623
5.8864 6.1026
-9.8148 6.2290
-2.7719 -10.6094
-1.6562 -2.1635
6.4480 -2.5301
-5.3894 -2.5999
-10.4812 -10.6042
-2.1966 6.2593
-1.6774 -4.5328
-4.7773 -2.5237
-2.3953 -9.6523
-4.3112 -2.3309
-3.0939 -1.9282
-6.9115 -2.1440
-7.4176 -9.6282
-4.3464 -0.3274
-1.9833 -1.7953
-1.4715 -10.0036
-9.4187 6.6715
-1.8498 -6.7295
-4.0039 6.0680
-0.7605 6.0421
-8.9848 -10.1107
-1.5265 -1.5850
6.2965 -1.8249
-2.2051 -4.2694
-9.0402 -1.8399
-1.9628 -2.3986
-5.8761 -9.8781
-10.0800 -0.0941
-5.7778 6.5522
-1.7764 2.9165
-2.8394 -2.7832
6.1729 -10.0606
-7.3800 -2.1246
6.4510 -10.3387
-2.0261 6.3464
-2.1619 -6.1418
2.5769 -0.4845
6.3581 -10.8592
-1.6093 -2.5551
-2.3524 -2.1752
6.1072 6.7046
-9.9535 -3.3497
6.2300 -1.5960
-5.8770 5.9929
-10.2815 -2.4092
-5.7164 -2.1266
-5.9046 -1.9228
-1.6083 -9.5002
6.1390 -2.1385
6.1737 -8.8859
-6.8941 -10.3591
5.9177 -6.7139
-9.1736 -2.6930
-5.9553 -9.6787
-2.2158 -10.4318
-3.9832 -6.0203
-2.4332 -9.9383
-9.3496 -6.2170
-9.5083 -2.8094
-8.1191 -0.7907
-1.8555 -10.5487
-2.5362 -5.9505
5.8914 -2.4203
-0.6014 -9.3762
-3.9902 -2.2598
-5.8698 -4.3960
-9.1513 -9.9745
-10.2402 -9.6732
-1.8190 -1.9270
-2.7814 -9.8597
-1.9863 -2.0793
-0.3633 -9.6089
-1.9413 -10.1030
-2.7012 6.3746
-1.8922 -10.2245
-8.6864 -2.9460
-9.5058 6.0882
-1.9415 -3.0241
-7.1820 -2.9132
-4.0875 6.6027
-4.0429 -10.2385
-10.4919 -1.7503
-0.7374 -10.3223
-10.2058 5.7842
-1.9132 5.9742
2.6145 -9.9432
-9.8237 -9.3584
5.8176 -6.7694
-9.4076 -3.0018
-2.5462 -3.0492
-6.6885 -4.6036
-9.5192 -1.5694
-10.5605 -3.1607
5.8409 -2.1262
-2.9533 -10.4451
-4.5983 1.4214
-9.8939 6.2431
-7.1328 -5.2576
-2.4783 6.1264
-4.2442 -3.9240
-9.8958 -1.8778
-2.7641 -2.7143
-9.9046 -10.4073
-9.3364 -1.7652
6.2233 5.3559
-9.9995 -9.7757
-2.7702 5.7331
-6.6580 -1.6812
6.5264 -1.3101
-3.8065 -2.1271
-9.3519 -10.3958
-2.3689 -2.2344
-4.3421 -3.5316
-10.1976 -0.9275
-2.4062 -9.6320
5.9202 -9.2665
-2.3693 -5.9831
-9.5093 6.4889
-2.5600 6.3131
-6.7513 -6.8830
-2.1683 -2.6368
-2.2152 -9.8108
6.3037 -1.7797
-9.8091 -9.1884
-9.2308 -5.3068
-2.3867 -9.1783
-2.8986 -2.5690
-6.0914 -1.9786
6.4583 6.3041
-1.8798 -8.9472
-1.5317 -9.4269
-3.3933 6.1210
6.0371 -2.2891
-8.2528 -9.4586
6.4015 -2.5498
-5.0696 -5.5862
-2.5010 -10.6690
-9.9309 -9.9056
-9.7326 -10.3112
-9.7406 -7.3766
-2.0833 -1.4544
-4.4926 -1.5552
-8.5319 -3.1386
-3.9630 -5.7980
-2.3901 -4.2492
-2.1259 -8.8525
5.6647 0.4729
-2.1860 6.2595
-2.3473 -3.0159
-9.4159 -10.0285
-9.0219 -1.7493
-10.4576 -3.3542
6.9519 -3.8312
-4.3092 5.8024
-10.0814 6.1455
2.4338 -1.7393
-1.7991 -1.2930
-6.6335 -10.0095
-9.7215 -10.2283
-9.4309 5.7658
6.5857 -4.9003
6.4447 -0.8191
1.1756 -9.1994
-3.4691 -1.1748
5.4905 -6.6562
-10.9100 -1.7665
6.3830 6.1292
6.2995 -2.1077
-2.4421 -1.5488
6.2541 -3.2872
-1.2157 -1.7835
-10.9831 -9.4653
-9.7454 -9.7505
-2.5877 -9.4500
-3.1379 -6.0504
-2.2375 -1.7763
6.1905 -2.8270
-10.0564 0.5653
6.8291 6.0897
-1.9685 -9.2800
-2.0575 6.1517
-9.4457 -3.9224
-3.0841 -2.4243
-9.6386 -3.3818
-1.8604 -1.7534
-10.3413 5.9218
-1.9304 -1.6308
-0.6488 -5.7006
-1.7298 -1.9412
-9.6775 5.9748
6.2205 -1.7373
-2.4793 -1.6253
-9.1616 5.9742
0.5266 -8.7695
6.0955 6.1643
-1.8196 -1.7976
-6.2621 -2.6399
-10.0687 5.9338
-8.1499 -0.3845
-9.6569 -2.0422
-4.1830 -2.8217
-2.0941 -2.9964
6.1244 -2.1427
-1.7828 -9.5718
-2.4499 -2.3119
-10.1382 -9.5380
-7.7213 -5.1151
-2.1635 -2.4701
-9.3222 -2.4758
-3.5715 -2.7705
-10.1756 -10.1553
-9.9471 -3.2713
6.2602 -0.8395
-3.3548 -2.3978
6.1936 5.8878
-9.8617 -5.0104
6.0207 -2.2471
6.0599 -2.9027
-5.4669 5.8984
-4.0509 -2.9129
-10.5919 -2.7743
-10.8067 -3.6709
6.4221 -2.0310
-9.5200 6.0584
-2.1807 6.3469
-2.4275 -3.8097
4.0257 -10.0356
-3.1369 5.9844
0.7448 -2.1086
-6.5036 -10.4970
2.1321 5.9463
5.8730 1.2758
-6.6825 -4.6782
-9.2636 -4.4567
-1.6208 6.0068
-5.5236 -2.6145
-9.1863 6.3293
-9.7081 5.7462
-2.2260 6.4880
-9.8942 -2.0523
6.2849 -2.1760
6.6459 -6.0934
-0.2617 -5.8103
6.0384 -4.6672
-2.3079 6.2027
-10.0079 -2.7445
-1.4953 -4.9285
-3.5678 -2.0145
-8.1117 -2.6191
6.6340 -2.3624
-10.4170 5.6458
-9.2171 6.4536
-6.8588 -3.0181
-1.9347 -10.7411
-9.5006 -9.4671
4.6815 -9.4769
-8.1267 -0.0438
-2.2961 -2.0097
-2.4875 -1.7413
0.6450 -2.5687
5.9338 -0.4230
-2.4039 1.4779
-2.0943 -7.5153
-10.1228 -2.0390
-8.9067 5.9654
-1.8592 -4.9926
-9.4369 -2.8409
-2.9992 3.8428
1.3884 -2.0312
-6.1071 -9.6816
-3.8688 -2.6225
-10.4135 -3.7200
-2.3665 -5.2499
-3.1638 -2.9123
-2.1159 -1.7146
-3.2423 -0.5776
-0.9845 -2.0256
-3.2703 -2.4212
-11.7061 -10.1736
-3.4446 -2.7800
-2.3760 5.2711
-7.5596 6.3328
-1.2404 -2.2006
-1.8777 -5.8058
6.7304 2.2733
-2.1398 -4.7478
-2.2062 -3.9673
-2.3832 -5.2783
-2.2710 -10.1239
6.3831 -2.8772
-9.2555 -0.5168
-4.3449 6.3868
-9.4598 -1.7397
-10.1124 -2.2632
6.3387 2.0892
-9.1086 5.8481
-4.0337 -2.9961
6.2951 -0.2023
-7.6313 -1.5985
-9.8358 -8.1205
-10.1874 -1.6101
-2.2693 -3.0321
6.1663 -1.5906
-7.1058 -10.2120
6.6298 -9.8804
-1.9765 -1.8075
-10.4031 6.7490
-2.1422 -9.6442
-3.9342 -0.0692
-4.0413 -1.3454
-2.2985 6.1824
-2.2370 1.2650
5.8883 -8.7134
-10.2286 -5.0278
-5.7108 -9.4944
6.2977 -7.5218
6.3457 6.5007
-2.2825 5.5477
-9.0799 -4.2904
-7.4362 -2.8585
-2.0421 -10.1503
-9.2519 -9.3755
-6.5053 -6.9277
-8.3631 1.3441
-2.4522 -10.6081
-2.5430 6.2535
-3.5888 7.3469
-7.8438 -2.8911
-4.5171 -9.9135
-2.3339 -9.3180
-2.3902 -10.4233
-2.8867 4.1380
1.4588 -1.9902
-9.7339 -3.4333
-10.4841 -9.9897
-2.7409 -4.0599
-8.2172 -1.7022
-10.5361 -4.8452
-3.5536 -8.8748
5.7045 -4.3150
-6.1875 -1.3149
6.2642 -4.0176
-3.6288 6.3184
6.6478 -1.9743
-10.3821 6.1092
-10.2656 -2.8243
5.7409 -4.1610
5.7013 -8.3366
-10.0949 -1.9234
-2.3738 1.9852
-2.5774 -3.8351
6.7911 -9.6966
6.4067 -1.5932
5.8164 4.7819
-9.8142 -1.5984
-2.5749 -3.4347
5.7271 -10.0066
-4.9024 6.2674
4.2882 5.6682
6.4049 -2.4588
-1.2716 -10.1109
3.8980 -2.7481
-9.3783 -5.2077
6.0256 6.6481
-8.2232 -9.7377
6.1488 -3.6922
2.0185 -3.7713
-10.7225 6.0721
-2.3037 -4.8491
-0.1770 -2.3295
-2.6827 5.8205
6.5673 -5.9024
-9.0271 -1.6438
5.4521 -1.8447
6.1592 6.3186
5.9854 -4.5360
-2.3279 -2.1497
-0.9889 -0.9934
6.0244 -10.5675
2.7844 -9.5485
-9.0413 -10.5359
5.5558 -6.3159
6.2819 -7.4591
-9.3561 -1.6371
-9.7288 -4.7794
-2.1727 -3.1067
-10.2593 -2.5480
-9.3441 6.4189
-4.1150 5.9905
-1.8307 -9.6086
-10.0834 7.0403
-9.8287 -2.0190
-10.4487 -1.1667
-1.6889 -1.9162
-2.5372 -7.0206
5.7565 -4.5165
-4.9729 -2.1307
-9.8502 -5.3309
-10.6158 -2.3505
-2.0633 -0.5877
-0.6977 -10.1528
-7.2619 -8.8212
-1.3307 6.3600
3.7829 -10.1180
-9.5767 -3.8358
-6.3970 -2.0225
-9.5542 -9.4096
6.3319 -2.6935
5.9507 6.2141
-9.3878 -1.0967
2.1030 -4.1682
-6.3643 -2.3424
-1.5263 -9.0541
2.0795 -9.5444
-2.8347 -9.7007
-1.6719 -4.5806
-8.4722 -9.3214
-9.6403 -2.5881
-8.4795 -1.8531
-1.8190 -5.6274
-2.3388 -1.5706
-9.9957 -1.8471
-2.7295 -2.5459
-1.6194 -10.2667
5.9064 -1.2216
-5.9549 -1.8450
-6.1899 -2.4751
-4.7311 6.3202
-7.6836 -3.4349
-6.6344 -2.3932
6.3116 -4.7118
-4.6986 -2.9253
-1.6747 -3.2023
6.1251 -1.8725
6.5920 -3.8925
-10.2507 -9.9233
2.7650 -2.9142
-2.0401 -4.2204
-8.7588 -9.5258
6.1099 -10.0707
-9.5165 6.2923
-9.6897 5.9960
-10.3116 6.7170
-4.7878 -9.4474
-9.8961 -2.5207
-2.1507 -1.9956
-10.4804 -7.0405
-2.6348 -5.8171
-3.6627 -2.1548
-1.2572 6.3542
-2.7441 -9.9131
-5.2917 7.7816
-2.7161 -5.6967
-8.0125 -9.3055
-2.3951 -1.4898
6.0398 -4.6956
-0.8500 5.4161
-9.3447 -6.6535
-2.5097 6.0209
-2.2029 -4.6166
-2.0563 -11.1837
-10.2671 -3.4986
5.9380 -6.5011
-10.0070 -2.5949
5.8360 5.7003
-9.8409 -3.8402
6.1952 6.5275
-10.2735 -2.0061
-2.3128 -9.3477
-6.4540 -2.9113
-10.0956 -3.3823
-8.8923 -9.7104
-3.0089 6.5142
-8.7072 -9.2725
-2.0296 -5.2753
5.6933 -2.7084
-1.8834 5.9625
-5.7060 -2.0399
0.4483 -1.4598
-0.2213 -2.3640
6.1466 -3.9748
3.1050 -9.4045
-8.7075 6.2483
5.8340 -2.0159
-6.5615 -3.2933
-2.5614 -1.8724
-5.8440 -2.0892
-1.4716 3.6119
6.4447 6.5632
-5.4006 5.5006
-4.5462 -1.7599
-10.5311 6.5497
-2.0549 -9.1386
-6.0820 -3.9664
-1.1646 5.9152
5.9783 -6.4609
-8.7877 -5.0724
-10.5047 -3.0378
-5.9499 -9.9828
5.7372 -2.7588
-4.2108 6.6206
-2.2514 -0.4982
-7.0187 -6.0353
-1.4668 -5.8352
-2.8645 -5.5856
-9.6685 -2.2946
-1.9452 -2.3393
5.7467 6.1095
-9.7444 -4.9273
-9.2235 -1.8992
-9.8690 -2.2391
6.3295 -9.8845
-9.2680 -10.0737
-5.8715 -1.7879
-1.7281 -9.6589
-1.4723 0.2703
-2.4931 5.8487
-4.7395 -1.9367
-2.0346 -5.4535
-4.2829 -2.0641
-2.6809 -2.6084
-9.7870 -7.3044
6.1162 -9.9144
5.8724 -7.6007
-7.7458 -6.7169
-2.4357 5.8365
-4.6323 -1.9255
-5.2525 -3.5381
-9.9184 -5.0730
-5.3881 6.1944
-1.6662 5.8964
-9.8421 -1.1811
2.6144 -9.9254
6.0172 -2.0533
-7.0812 -9.6519
-6.3798 -10.9247
1.8411 -9.2353
6.0311 6.6783
6.7564 6.0847
-1.9150 5.3531
-4.4372 -2.0220
-2.0665 -6.5265
2.4281 -1.8344
-2.6049 -3.0009
2.4701 -6.1429
-3.1583 -8.9549
-10.4502 -9.9312
-4.1328 -2.4204
-9.9088 -2.4649
6.0598 6.5478
6.1919 -9.4710
-4.0893 6.1701
-9.4305 -10.0421
-9.3964 -9.6283
-5.2626 -2.6238
-2.3462 -3.7384
-9.5292 -2.1390
-10.5481 -5.8277
-3.0726 -2.1266
-3.2073 -1.7733
6.0892 6.2201
-4.8996 0.7154
-2.5615 -1.9980
-9.6069 -2.1213
-9.0664 -9.9165
6.2753 -9.4454
-2.2068 -2.6131
-6.4058 6.4435
6.1226 0.7144
-3.4318 6.0154
-6.1419 -4.2368
-9.6012 -4.9287
-9.6190 -2.6189
1.4456 -3.1116
-2.5357 3.7909
-5.9917 5.7685
-3.0037 3.0144
-2.8929 -9.3511
-2.4277 -2.8552
-1.4146 6.2812
-9.7155 -9.6047
-1.9768 -1.9463
6.5468 -2.4364
-1.8721 -9.6059
-2.1192 -10.2287
-4.0391 -10.8510
-2.1362 3.2481
5.8303 -3.9727
-4.4598 -2.9413
-1.3002 6.4089
6.2891 -5.9644
-10.3005 -10.4272
-1.6123 2.4990
-4.3473 -1.6115
3.6251 6.2753
6.6901 -10.0494
-3.8933 -10.4786
6.1697 2.4590
6.0838 -2.1638
6.0421 -2.2555
-7.2801 6.7286
0.8227 -2.4934
-3.6927 -9.9448
-11.0725 -2.9839
6.7261 -9.0408
-5.1049 -9.2995
6.2801 -1.9141
6.5129 6.1432
-2.7733 -4.1349
6.6212 1.4395
-3.0731 -4.7508
-0.2387 -9.5352
-2.7850 -0.5454
-10.5495 -2.1339
-9.1991 0.2784
6.3855 -9.6327
-3.1570 2.3553
-3.0021 -2.6443
5.5940 -11.5835
6.4531 6.7355
-9.9299 0.1033
6.0765 -4.9015
6.3067 -1.9317
6.2330 5.8723
-2.2142 6.2117
-1.9562 -4.8353
-9.8458 -9.9121
-2.1036 -2.3483
-9.7660 -10.4175
-2.0093 -9.8409
-2.1400 -1.4576
-9.7258 -10.0538
-9.6876 -2.1111
-5.3555 -9.0064
-2.5183 -3.9693
-4.9604 -9.1001
-10.5614 -9.0939
-9.5638 -2.3806
2.0334 4.2376
-5.1077 5.8132
6.6878 -9.0931
-2.3429 -10.4097
-2.1834 -4.6045
-2.1770 -2.7582
6.3774 6.4462
-9.2793 -2.5815
-4.0489 -2.5204
-4.8235 -2.4047
6.3858 -10.0568
-2.2247 -6.1021
-3.9190 -9.7004
-10.1745 -3.6177
-2.2093 -2.2531
-2.7705 5.9150
-5.8305 -2.0701
4.1059 1.3714
-2.3554 -3.3417
2.8106 -3.7493
-1.8620 -7.5195
6.3123 -2.3027
6.2600 -10.0307
-1.6617 -2.4483
-10.7971 -4.9833
-2.1441 -9.6482
5.7941 4.6222
-0.5197 -2.7175
-4.3791 -3.2266
-10.1140 -4.2132
-10.1391 -2.1048
-2.7158 -1.6457
6.0279 -2.2987
-5.5230 0.8655
-9.7410 -2.0674
-9.8437 -3.9423
-7.2244 -2.5060
-10.1034 -2.5488
-4.2971 -2.8665
-9.7510 5.7942
-2.2800 -2.1078
-4.7792 6.1874
6.0959 6.5844
-3.0953 -5.0485
1.1135 6.6380
-5.5741 -5.6542
-10.5332 -9.9012
-2.4350 -3.2953
0.4802 -9.9364
5.8504 -3.1190
-7.7889 -1.9075
-10.0210 -3.2856
-9.1444 -0.5863
-1.6201 -9.7488
-9.6530 -2.6044
5.9237 -9.4847
6.3546 -5.7339
-2.1912 6.2156
-1.9311 -9.9320
-2.4705 5.9967
5.8656 -2.1626
-9.4528 6.6689
-9.1616 5.7114
-3.9363 -10.0125
5.9152 -10.1074
-2.3833 -9.9760
0.9403 -10.1181
-6.8926 -6.2914
-5.5761 -2.5592
-2.9425 -4.0348
-0.4896 6.0184
5.9625 -10.1973
-5.1890 -1.5889
6.3928 -9.8332
-1.5586 -2.0345
-1.5310 -1.9438
3.2688 -2.9541
-2.7407 -7.8273
-1.4844 1.7931
-8.9529 -1.9078
-1.0669 3.5496
-10.0008 6.1931
-9.6088 3.0642
6.3696 -5.6367
-7.7323 -9.9274
-2.7071 5.9836
-1.9340 2.0535
-9.5430 -9.1927
-4.6953 6.5719
-2.6678 -1.3987
-10.1021 -3.1156
-2.4344 6.0811
-1.6670 -2.1781
-2.0258 -2.1823
-1.0358 6.2184
-9.2983 1.1739
5.9465 -1.9173
-9.8343 -2.6684
-5.8144 -9.3727
5.5654 -5.9446
-2.1708 -6.9184
-7.2966 -8.3449
-9.2059 6.0788
-1.8776 -2.1311
2.8014 6.1534
-10.1688 6.2181
-6.3732 -9.3782
6.2916 6.3666
-1.6684 6.0020
-9.3678 -9.9548
-1.9893 -4.2400
-10.0892 -3.0329
-10.7422 5.9160
-2.3850 -3.3265
-6.3879 5.8923
-2.2459 -7.5451
-4.2471 6.0514
-0.5314 5.6104
-5.1258 -7.6283
-11.0440 6.1410
-2.3726 -4.4941
-9.1832 -2.4286
-9.6962 -2.3181
-8.8617 -2.1596
-10.2373 0.5254
5.6378 -2.1513
-2.1639 -9.4743
-2.8185 -6.5410
6.7498 1.1517
6.1485 -1.8811
-2.1614 -2.3546
-9.6518 -2.4664
-6.1440 -5.8675
-1.7457 5.8432
-2.1126 -9.4846
6.1761 6.5338
1.9666 5.7917
6.3525 -2.8010
-5.0256 -7.7294
5.8033 -2.0482
-2.6497 -1.7670
-10.4556 5.9342
-2.0590 5.6642
-10.3811 6.5948
-0.6717 -6.0761
-3.1847 0.7863
-9.6082 6.4279
-9.7710 6.4042
-2.6625 -9.5624
4.9104 6.2298
0.1021 -1.8452
-9.8746 -3.7295
-9.4000 -9.2951
-10.3606 -9.5696
-1.9445 -4.1338
2.3024 -11.2877
-2.1157 -9.9405
-6.5367 -10.3587
-5.1265 -4.7226
-3.6916 -1.5547
-9.1114 -2.4488
-5.4315 -2.4772
-1.6948 -4.2183
-10.3279 -6.8504
-2.9857 -1.7059
-2.1265 -6.6758
-9.9573 5.7632
-0.9408 -1.2300
1.9426 -2.2315
-9.8144 6.0461
-9.4339 -10.0586
-9.6154 -0.7570
-1.2762 6.0450
-9.5277 -2.6232
5.7573 5.7382
-2.1430 5.6789
-9.8868 -4.0075
-2.0437 -9.8460
2.5240 -4.9003
8.9938 -3.3627
-5.1997 6.1094
6.5331 -1.6625
-4.4148 5.8976
-4.4806 -5.6805
-2.2782 -5.4583
6.1073 0.0362
-3.1083 -2.4689
3.8481 -9.3946
2.8541 -4.2190
-2.9932 -2.2132
-5.1301 -7.5711
6.6036 -9.1900
-2.0220 -5.3008
-7.9438 -8.6795
6.2377 -2.2541
-10.3610 6.1554
5.7155 -10.3299
-9.8915 -9.8597
-4.2810 6.1924
-2.3759 -2.2242
-8.8435 -10.3732
-10.0046 1.6040
-2.7087 7.5455
-8.9015 5.6948
6.0543 -9.9041
-6.4530 -10.0563
-4.6766 -9.7179
-4.5139 -4.1362
-1.7555 -4.2655
5.5715 6.1318
-9.4796 -10.0198
-9.9286 -1.8423
6.2215 5.7466
4.4663 -9.8563
-1.7384 -9.7599
6.0253 -2.2325
-4.1528 -1.8009
-5.9047 -2.3029
-4.1812 -9.4415
-0.7405 -9.4794
-9.4104 -1.1582
-3.3404 -3.7235
6.1695 5.5862
-2.3460 -8.9793
-10.0772 -2.2366
6.6453 6.3416
-10.6801 -4.2732
-3.8246 -2.2086
-3.6513 -1.9588
-4.9072 -2.0074
-10.5412 -9.3142
-10.2391 -10.1282
-2.1138 -1.4241
-10.2552 -5.8341
-8.6362 6.7269
-2.5195 -3.1937
6.6519 -10.0246
-8.7767 -4.9117
6.2045 6.2676
-4.8730 -10.5997
-7.7351 -5.7591
-1.4756 5.9503
-0.9743 6.4568
-1.8726 -10.5146
-1.9940 -4.4144
-2.7384 -10.0354
-2.4965 -6.3664
6.2014 -9.4973
-2.0927 -9.7458
1.3907 -2.1242
-1.5742 -7.1073
-2.6235 -10.0516
-1.2870 -1.5944
2.1118 -2.0278
-2.1643 -9.4177
5.8039 -2.4715
1.3084 -4.4297
-9.6214 -9.5237
-1.2266 -0.7407
6.2063 -9.1182
-6.0807 -2.4718
6.2410 -2.6429
-9.7744 -2.4333
6.4376 -3.4355
-1.4274 -2.0906
-9.6591 -5.5040
-2.0596 -2.9846
-4.5391 -10.1405
5.9746 -1.9058
-3.8555 -3.8365
-9.7851 -2.8919
-2.2455 -4.8810
-8.8938 -2.3452
-2.4522 -1.5159
-9.5732 5.9809
-1.8954 -5.1843
-2.0799 -1.9818
-10.0531 -2.9580
-10.7137 -1.8959
6.3470 -10.0265
-1.6982 -2.9229
-5.0224 -10.1565
-0.8274 -10.6321
2.4353 -3.5449
-9.5361 6.0903
-9.6445 0.3434
-2.5489 -9.5008
1.7444 -9.1986
-9.6443 -2.7801
-2.6695 -2.3126
6.2065 5.4472
-7.2896 -1.4839
-4.7519 -9.5495
-9.7451 -9.4874
-9.5371 4.4153
-2.4976 6.0509
6.1850 -2.2655
-9.0945 -7.0928
-4.7577 -3.8808
-4.1157 -9.7732
-2.5819 -7.4982
-3.0623 -2.3393
-6.1806 6.3549
5.7579 6.1177
-3.3627 -10.2581
-10.9430 -4.7067
-1.7521 -1.7093
-3.5368 -2.2108
-1.9484 6.6299
-2.2202 6.0429
-2.5320 5.5668
-6.4626 -2.0149
-4.0607 -10.3368
-3.0007 -2.3039
-2.5276 -9.5771
-9.9053 -2.6818
6.3386 6.2024
6.6900 -2.0506
-3.1442 5.0454
-9.6312 -2.6121
-7.0805 6.0018
-7.6879 -2.3751
0.7740 6.0342
-2.7904 -5.1993
-1.4023 6.5797
-3.3427 -2.5257
-3.5841 -4.1076
-0.9393 -4.2947
-9.4949 -9.4454
-2.5506 6.8963
5.9673 -10.0767
-2.0723 6.1646
-6.2132 2.1700
3.6037 -9.1056
-8.1946 6.3773
5.9156 -3.4233
-2.5086 -9.4363
-10.2702 -6.8642
-2.0116 -2.4447
2.0905 6.2779
-6.9075 -9.5806
5.6117 -9.7569
6.1536 -9.1624
0.1411 -9.1844
-4.1891 -4.8761
6.6889 -3.0718
-9.2277 5.7811
-2.7596 -3.5213
-1.8214 -2.5527
-4.8844 -9.4163
6.2296 -9.0404
-1.9639 -9.7713
-5.0326 -5.4502
5.9949 -2.8311
-8.4414 -3.6331
-10.1697 -9.1841
-3.6094 -4.9980
-3.5361 -4.9262
-9.9803 -3.8017
-6.8778 -4.3659
-1.9659 -2.1463
-10.3485 6.5351
-9.7406 -0.8926
-10.4753 -2.2818
-4.7982 -10.7087
-2.1158 -3.1000
6.3845 -9.9979
-1.7705 -9.8536
-9.6537 -9.4421
-9.8931 -9.6741
5.8663 -9.0067
-4.0890 -1.9272
-1.6416 -1.9143
6.3246 -9.4771
-9.7095 0.7567
-3.6745 -2.3116
0.3932 -10.5193
0.0220 -2.4946
-1.6229 6.3080
6.3364 -10.2857
-9.4283 -9.7324
-3.2979 -4.3001
5.9456 -1.7333
-2.3994 -10.7392
-2.6998 -0.7816
-6.5478 -8.9411
-9.0963 -4.5953
-10.0082 -8.2591
6.1345 1.2020
-2.0622 1.9723
-1.5426 -5.2709
-4.7118 -1.3829
-10.0538 5.8589
6.1723 6.2067
6.2831 -1.1316
-2.6729 -2.2867
-2.6067 -9.6965
-1.2650 -2.9197
-6.3493 -1.6982
-1.6874 6.6687
6.2738 -5.7861
-8.6835 -3.5302
-9.6969 -10.2419
6.5947 -3.2384
-2.7246 -9.6428
6.3456 -1.6115
-4.9376 -3.5858
-2.3815 4.8154
-5.4138 -2.1252
6.1600 -2.3872
-2.1101 -2.0504
-2.8292 -9.7031
-5.5889 -8.2417
-7.1748 -1.7731
-9.7079 -9.6682
6.0117 6.6690
-2.1100 -5.0791
-3.6886 6.1606
-5.1891 -9.2777
-4.7091 -1.6552
-9.9795 5.8223
6.3471 -1.6468
5.6305 6.0984
-9.8005 -1.7834
-2.4728 -3.8728
6.2985 -4.9888
-1.3025 -3.9879
6.5206 -10.0577
-1.3641 -2.4490
-9.8977 5.6645
-8.0041 -9.5561
-1.6065 -7.2970
-9.2879 -1.5380
-4.0072 -2.2354
-4.3533 -2.2855
-1.3377 6.2398
-5.8319 1.9586
-1.6990 -0.1016
-10.1568 1.4600
6.4124 1.6916
-2.6109 -4.8524
-9.3386 -2.3428
-9.2051 -9.9128
-4.4834 -10.1491
-2.5819 -3.7010
-2.3061 -1.5871
-1.3607 -1.6077
0.9287 -9.4675
-5.9704 5.7654
-3.9543 -1.7827
-5.4282 -10.5811
-9.5951 -9.3864
-2.8106 -9.8079
-9.5092 -3.0262
6.2888 -1.5608
-2.2864 -2.4848
6.6257 -6.0547
-9.1561 -2.9181
-1.6057 -3.1104
-5.9881 5.8449
-1.3716 -0.9536
-10.2342 -4.7744
-9.7701 -9.5397
-2.6805 6.4644
-2.9173 2.0050
-3.4801 -8.4949
-1.3087 -2.6289
-2.0647 -2.7185
5.9660 -5.5302
-6.7196 2.2349
-10.5782 -4.7122
-1.8531 6.0714
-10.2471 -2.0379
-1.8539 6.2718
-10.8341 -2.0137
-2.6990 -10.2602
6.6237 -2.6060
6.0864 -9.8663
6.2964 -10.0852
-1.9218 -10.1638
-10.6562 -1.9156
-10.4551 5.8447
-5.4904 -2.3278
-9.6329 -10.2796
6.0572 -2.6550
-2.9780 5.4784
-2.2517 -4.7827
-4.0695 3.8471
-2.1968 -2.7015
-2.6880 -2.2112
6.3652 -4.1521
-9.1009 -4.4804
-3.3565 6.0930
-10.0138 -1.9674
6.4175 -7.0044
6.5751 -1.2909
-9.7710 -2.0319
-2.9249 -1.5366
-5.9137 -9.3217
6.0124 -9.1829
-0.6516 -1.6349
-9.6327 -9.8010
-9.4199 -8.7551
4.5557 6.6380
-2.4630 -9.2412
-10.0782 -6.3218
5.9823 -1.5468
-0.3038 -1.7945
-1.6042 -4.3685
-1.9602 -2.1592
-2.8075 6.0340
-2.0065 -2.5103
-5.0597 -9.6739
1.1834 -4.9752
-9.9866 6.3286
5.8181 -10.0064
-9.8857 6.5955
6.9740 -9.9334
-2.4233 -1.9504
-9.5565 -2.7418
-2.3095 6.5686
-2.3608 -2.1347
6.4881 5.9349
-3.5081 0.5407
5.9069 -9.3377
-5.0608 -6.8232
-5.3713 -4.5922
5.4531 -10.1887
6.3907 -4.7218
-9.7470 -4.1909
-2.2041 -3.4393
-10.0571 -2.4829
-9.4985 -1.8585
-9.5550 -5.0939
-4.2942 -9.7229
-9.9310 -1.2247
6.4362 -9.3076
-2.0600 -9.7636
-9.6285 -9.9100
-10.5447 -2.2813
5.6916 1.9749
6.1135 -10.5183
6.1389 -4.3340
-9.9415 -5.3730
-9.5073 3.9438
-1.4535 -9.5894
-1.1572 6.0838
-2.1736 -9.5994
-2.8215 -9.5438
-2.2093 -1.8640
-4.4272 6.1648
2.2255 -9.7883
6.5418 -2.1614
-9.9788 -6.8238
5.8231 -5.2562
-4.2904 6.3317
6.4195 -9.3318
-1.0341 -9.1888
-3.4751 -3.2487
-2.7819 2.2290
-8.8049 -2.6941
-2.3331 -9.6668
5.7717 -2.4355
6.3549 -1.1873
6.3608 -2.1130
-2.5723 -1.7363
-2.1247 -2.6577
-10.8331 -10.3254
5.8368 6.0779
-2.4352 -4.8543
-4.2212 5.5785
-4.0521 -3.0444
-3.2829 -1.8358
-3.5358 -2.2698
6.3648 -2.3911
-3.5301 -9.1796
6.2036 -1.8963
-8.6865 -3.2240
6.6451 -5.2536
-9.4864 -3.8692
2.5913 -2.3194
-1.4500 0.5514
-3.1227 -8.9362
-8.9626 -10.4286
-7.4324 -10.3311
-1.9700 2.7101
-1.8751 -10.5310
-2.7400 -1.9580
-9.9504 6.5924
6.8167 6.2749
5.6077 5.9056
-10.5021 -4.3711
-1.9399 6.1745
-10.8809 -2.2869
-10.0353 6.1127
-2.6339 -9.5868
-2.3343 6.3549
6.2661 6.0393
-5.4183 -9.7659
-10.6528 -3.0730
-2.5481 -2.9407
5.6676 -2.1799
-2.3303 -2.7762
-9.3553 -8.1363
6.4227 -9.2112
6.1917 -4.1406
6.0678 -10.2631
-4.4956 2.9406
-2.5780 6.6573
-9.3820 -2.7060
-2.1734 -10.1989
-2.1235 -3.7074
6.0227 -2.5214
0.6511 -1.9110
-10.4143 -0.2475
6.3747 -2.4120
-2.0429 -10.1343
-10.1137 3.8949
-2.3305 -2.3581
-1.6568 6.8787
-2.1395 6.3534
6.1643 6.1135
-10.0968 -2.2607
3.4085 6.0916
-6.1166 5.6273
-2.4718 -9.7161
-1.4992 -2.2218
2.3213 -9.1754
0.7970 -5.5002
6.0324 6.0646
-9.6502 -2.5544
-0.3125 -1.7700
-9.4067 6.2966
-9.7065 -2.9358
-2.1217 5.9467
-9.0693 -3.3582
6.6505 -1.7326
-9.8168 -5.4777
-1.7565 6.3594
-0.4508 -6.1869
-2.7025 -5.1218
0.8698 -9.8810
6.4787 6.1977
-4.5452 5.9757
-3.0084 -1.4094
-2.3889 -5.4924
-8.7622 5.4157
-9.9805 -0.7652
-9.7461 -9.6726
-1.9844 -8.9350
5.8234 -1.7245
-5.2054 -0.6401
6.1230 -2.2565
6.4843 -1.0818
-5.1302 -5.6164
6.3207 -2.3556
-1.9068 -2.2855
6.2015 6.6349
-5.1827 0.4640
-2.6503 6.7575
-9.2497 6.4799
5.8553 -10.2653
-10.6607 -6.5323
-3.4576 -9.0931
-2.5976 1.2259
-5.4598 1.6288
-9.8194 -2.0310
-4.1241 -7.6959
-3.5596 -9.7062
-4.0879 -4.3474
-1.8360 -5.0473
-10.0784 -4.3376
-3.7352 -1.5210
-9.3270 -4.7411
6.2465 -3.5690
-9.8979 -6.0741
-8.7840 -5.3209
-1.7008 -2.2308
-3.0116 5.8776
4.3970 -8.6151
-1.5670 -5.0442
6.4674 -2.7851
6.1075 -1.8651
2.0080 6.4366
6.2981 -2.4174
-6.0635 -9.7171
-3.9791 -5.2853
-5.4270 -9.5176
-1.0329 -10.4841
-9.7702 6.1458
-8.6485 -8.1454
-3.3150 5.8886
-2.7207 -4.7079
-5.6583 -10.4523
-9.3389 -9.8752
-2.1369 2.2044
5.9956 -0.9430
2.7482 1.2810
-9.5991 -1.5196
6.0586 -5.2566
0.1765 -2.1166
-9.2354 -4.8007
-10.3860 -9.5964
-2.4902 -5.9650
-2.5417 -5.2602
-3.2879 -1.1668
-6.2375 6.0349
-2.1252 -9.6818
-2.6196 -6.7027
-10.1305 -0.6314
6.0016 -9.6221
-8.3296 -9.9931
5.0129 -5.2454
-9.5230 -8.8169
-2.0362 -1.5779
-4.1042 -8.3546
-4.5450 -9.9005
5.8811 -4.8572
6.6095 -4.1966
5.6340 -2.4858
-10.2782 -7.7524
-3.4155 -1.9337
-4.1325 -2.8425
-6.3433 -5.9117
-10.5216 6.2629
-9.6055 -3.1280
-1.9883 -2.0708
-9.5809 -10.2595
6.7721 -10.5167
-10.3811 -2.6684
-4.1956 2.5925
-2.4664 6.2584
-2.2899 -2.5142
-2.9735 -4.0152
-10.3120 -2.4798
-0.9573 -0.2863
2.9805 6.8780
-5.0047 -1.6859
-6.2137 -5.2056
-9.3322 -2.0822
-3.2782 6.5453
2.2832 1.3448
-9.3937 -2.8311
-9.8437 -2.1713
5.6086 -5.3904
-7.2415 -2.5312
-4.4969 -9.4548
-3.4828 -0.6825
-1.1383 -1.5384
-4.8855 -9.6466
-8.7569 -7.6831
-1.8391 5.5632
-4.3556 -1.9438
-7.9153 -10.7777
6.0705 -2.6882
-1.0902 -10.8746
-2.5711 6.0267
-1.8445 -2.9985
-6.3631 -0.7070
-10.2114 6.5548
5.7440 5.8978
-6.3646 -6.7973
-7.4370 -1.6318
3.7633 -4.7790
-9.1508 -10.4774
-8.6473 -6.8970
5.6366 -2.1464
-9.8868 5.9628
-4.6575 -9.7889
-2.6929 5.5762
6.4117 -9.6807
-7.9754 -10.2123
-4.7668 -2.1594
6.1746 -4.4676
-3.2413 -2.4682
0.4667 -9.7425
-1.9417 -2.5902
-8.8609 -2.6374
-2.6535 6.7926
0.3281 -2.1349
13.1846 -11.1393
-5.3701 -2.0325
10.9952 -3.0232
9.1342 0.1672
-8.0021 -0.5995
-1.6129 0.3942
-0.9538 4.9144
-0.8607 0.1340
-5.9218 -0.4093
-4.4125 13.9543
-4.1051 -5.7811
10.6896 -6.3259
-5.9347 -1.9363
0.0126 -6.6189
-4.5405 -0.7137
5.8606 -5.3436
-2.9767 -4.9426
-2.5405 -6.8809
-3.6182 -5.3408
9.2354 -5.3324
-2.4438 -6.2287
10.9408 -5.6422
-6.9000 -5.1174
-5.5429 -4.6745
-7.2078 -1.2227
-0.7379 -3.2249
-0.5615 -7.8313
9.2049 -5.3012
-1.0656 2.3715
11.1588 -7.3058
-8.9227 -2.2205
-1.7936 11.4206
8.8210 9.5449
-2.6012 7.9549
-4.6124 -6.5093
-7.9883 -0.5481
-6.3301 -2.7574
13.3609 -4.5406
7.9938 0.1047
1.0628 -4.4347
-0.0113 7.3551
9.6417 -0.8793
-0.6338 11.5077
8.7184 0.0710
-4.8496 13.3904
-6.0377 -5.2900
8.6632 18.7989
9.7527 -3.1590
-7.3894 -6.6945
-5.5924 -2.5327
-0.4361 -0.1391
-0.8356 -2.4499
-0.0147 8.3666
-5.1676 4.3402
0.0489 -3.6650
-0.0447 -4.9709
12.4626 -5.7534
7.8752 11.9178
9.6393 7.3213
-5.9425 -0.9660
-0.6742 -1.2398
-5.0502 -7.2460
-0.7264 13.8091
10.4561 4.9249
6.6617 6.6623
0.0201 7.7819
10.5497 -2.9485
5.8608 13.1690
7.4369 -1.9061
-7.4381 8.1128
8.0921 -4.7605
-6.0328 -0.1958
-0.9583 -2.0402
11.8289 -2.6507
-0.3706 14.4900
-6.2085 -6.3127
-0.4264 -5.2330
-0.4897 12.4976
-0.4819 -7.6559
-4.0063 -5.9252
-5.6050 -3.1037
-3.3910 -6.9827
-1.1799 -4.2333
9.4962 -4.7086
-0.2730 -2.1218
14.8025 10.8690
-4.7534 11.0296
-3.9872 0.1374
-0.8034 -5.3687
-0.5333 -3.9247
-7.5539 -0.8243
-0.1756 -4.8061
-0.1225 -6.6608
-3.6327 -6.7619
-4.3196 -8.3197
0.1793 -0.8439
9.7673 -6.0294
-4.7319 -0.8572
12.5445 0.1757
-2.6136 -5.6775
-0.8006 -5.7519
-6.0627 -7.3605
-4.9247 -2.8363
-0.4766 -7.2161
-6.6072 -4.7585
8.3447 -5.2709
-0.3506 -1.5489
-4.0790 11.5441
0.5717 6.7865
-8.1539 5.2910
4.7540 -0.8032
-7.1462 -9.5026
8.5686 -0.4885
9.2763 -9.0490
-1.9104 8.6212
10.1898 0.5895
6.6430 0.3459
-6.2574 -5.0087
0.2935 0.0857
15.2624 -5.7358
0.6482 -7.6574
-7.2995 -4.8492
-1.1279 -6.0186
-4.2402 -0.2954
-3.9978 7.1626
-8.4532 -5.3774
-2.9791 -5.1855
-5.1112 0.4173
-1.9545 15.3805
-1.8004 -3.5097
0.2145 -7.7647
11.6009 -8.0373
-5.2434 -0.2458
-5.7789 9.9757
-5.3894 -3.5455
-2.0347 -4.5215
-5.1761 8.9259
8.3334 -0.1327
-2.4314 -4.3358
-1.7861 10.0674
-7.4677 -5.8749
-8.7990 -8.3772
-8.4538 0.9171
-1.9146 -1.8659
-5.5479 -4.1822
-0.2513 -6.6749
0.3175 -1.4635
9.7632 -6.6135
-3.1878 -0.3037
10.4130 -7.7660
-0.6200 -4.5209
-5.2372 10.4029
-3.8101 11.4254
10.1788 8.9689
-5.9688 -2.8952
-5.2696 -0.1919
-5.4142 10.7645
-5.6559 -1.9114
-5.7709 6.2460
-6.9011 0.6388
-0.2383 -4.9479
-10.2232 -7.2877
-4.7088 -2.7814
-1.6715 -4.6763
-5.7605 -8.6520
-4.5191 -6.4146
-6.0217 -0.8208
-5.8765 -3.6905
-6.1972 -6.3384
-0.3662 -0.1421
-4.6995 -3.2426
-7.9153 0.6502
-7.5645 -0.3715
-3.1124 -2.7383
0.4977 10.4147
-6.6643 -3.3221
11.1881 11.5578
12.9412 8.9394
-6.4130 1.0593
-3.1861 -10.3639
0.2851 -6.6279
0.4905 -2.5350
-0.9266 -1.3463
-3.8418 0.5193
12.2429 -5.0843
9.7122 8.3389
-1.6558 13.8875
-4.8254 -3.4645
-5.7818 6.6695
-2.7028 11.2275
0.0965 -4.7937
9.7631 -3.6376
-1.6486 -4.3859
-2.7958 -2.3745
-5.8028 -0.8851
-0.8170 10.3120
-6.9052 -0.4350
-1.4696 -0.9830
0.8373 -2.9922
12.3768 -14.0377
-3.0919 -5.8266
-7.7392 -7.1431
-3.1253 10.7767
-5.6726 -6.5905
-0.4946 8.2457
-3.8478 -3.8040
12.1965 -0.4396
11.8651 -0.6173
-2.2005 -5.8099
-1.3647 9.5570
15.2114 -9.6362
-2.7080 -7.4085
12.6912 14.2786
10.1223 -5.1095
-7.8486 9.0273
-0.0282 -4.9277
-2.4808 -4.3259
-6.3103 -5.1944
-0.3901 -6.5824
-9.0258 9.7380
-2.7633 -5.3328
-5.2454 -7.6202
1.0853 -7.5323
-3.5862 -10.0415
-2.9076 -2.4839
-6.3206 -5.4471
7.5237 6.3994
12.1027 -5.1080
12.3365 -0.5779
9.7634 -4.6904
11.2963 -0.1352
0.2019 -4.1993
-2.3041 2.1555
10.5886 -6.3276
-7.8220 -6.2698
-5.1019 8.7481
-10.5982 11.3215
-7.9914 8.6806
-0.4516 -0.0793
-4.0946 -2.9263
-6.3723 14.2530
9.3341 -5.6670
-4.3661 -10.4355
-2.6925 -5.0766
-3.3164 0.7377
-5.9227 -0.2293
10.7420 9.3445
-8.8905 -4.7012
-3.5194 8.8426
7.6065 -3.0452
-1.7249 -0.9922
-6.0614 0.3904
-3.5345 -0.8764
-3.3451 -4.7468
-0.0451 -0.1145
15.6886 -4.1588
-0.7249 13.8074
-6.6563 -2.8561
-7.0912 14.4039
9.5498 13.9934
-5.7458 9.0192
-5.8278 -0.2576
8.5915 -4.3157
-1.5892 9.9366
8.8199 -4.7077
-0.6035 -3.2258
-5.1070 6.2861
7.2103 -4.7332
-1.0385 -3.7710
-4.5601 0.3316
7.4250 -3.4678
10.9496 9.7533
7.4473 -1.2696
-5.3512 0.6720
-2.6936 0.9350
9.6846 -3.1565
-3.5876 -2.9955
-5.8305 10.0125
-5.4113 -0.5720
-1.3360 10.1688
-5.9443 0.1713
9.9377 -0.7788
-3.5475 7.7493
-3.1218 11.0924
-7.0955 12.4042
-9.5459 -0.3164
-6.8069 -0.3323
-6.8017 -3.1849
-5.3009 -3.6042
13.7884 -0.3818
-6.1316 9.5279
-3.0396 11.2803
-0.7430 10.5187
-6.2613 -5.9692
-0.3725 0.4970
-8.8515 -0.2716
-5.0053 -0.1316
-0.4769 -2.1544
-5.6551 -5.8059
8.0313 9.7993
8.5036 7.3573
11.1476 13.3282
-3.8032 -4.3582
0.0811 -5.0426
-4.2295 -4.3896
-0.2986 -5.0450
-6.4405 2.4160
-7.9488 -7.2676
12.5220 -3.5965
0.2298 -9.0791
-0.7629 -0.0460
-3.8694 -8.2372
-0.3344 -3.6233
-3.3190 0.9074
-5.6638 0.2925
6.6619 10.3772
-5.9390 14.2945
-3.4765 -4.8983
-0.4403 7.8305
-2.5506 8.6123
0.1574 6.9610
-6.6326 13.8507
11.5672 10.1067
-3.4891 -0.5818
-3.4157 12.4809
-1.8621 1.2038
-2.9432 -3.0043
-0.2113 13.4821
-0.7722 -7.3786
-1.1262 -4.4837
8.5982 -5.9121
-5.4018 -0.2183
-5.1660 -10.0283
-2.8647 -6.6078
-5.6285 -4.7807
-6.3375 -3.9133
-8.6277 -5.7681
-3.8447 -0.8457
-0.6953 -3.5248
0.5079 0.7501
-0.4435 -2.9291
-4.1284 8.7941
-2.3080 -6.0556
-3.1259 -0.9651
5.6059 13.8970
-7.9738 -8.0824
-0.9577 4.5832
-7.8936 -5.1512
6.3121 -4.3561
-3.7631 -9.7794
-8.5779 12.6250
-3.3933 -4.8114
-0.0780 10.4940
-1.0345 0.0582
-6.1040 -5.9074
10.4868 -13.2411
-1.2927 9.5254
0.3902 4.6025
7.9851 -0.6160
-3.7343 9.1704
-0.7826 -7.8425
0.1831 -0.4846
-2.1744 -5.7141
-3.4214 -1.9526
-4.2878 -4.9615
-5.1491 -6.4417
0.2091 10.7041
7.3094 -2.8711
0.7755 -1.1479
-0.0659 -5.7091
-3.9094 6.7393
-3.5340 -2.9751
-5.9450 9.8363
-0.4596 -0.9158
-6.7663 -0.0424
8.4596 0.0767
-4.4968 -10.1662
9.3318 -4.9822
-4.0279 -3.9517
-5.5181 -5.9715
-4.8533 -5.3017
0.5756 -6.5838
-0.2318 13.9156
9.3236 8.5532
8.0680 -2.2961
-0.1226 -0.5110
-3.4072 -7.1093
-4.6050 -2.9849
-5.3282 -4.0852
-4.4521 -3.6169
-2.7148 15.1389
-4.6958 -5.9073
-0.8604 -6.6065
-5.9035 -7.1321
-2.7634 5.7476
-5.1770 10.8474
13.7003 -0.6466
-9.0330 13.3530
0.6315 12.4781
0.2422 0.4085
-5.6265 0.1772
-4.2241 -6.4826
-8.4445 -6.0103
-0.5996 11.9421
-2.8944 -2.3892
-7.0992 -2.4734
-0.6577 -5.1195
7.3457 -8.0010
-6.7677 7.7469
-7.2489 1.0024
0.0010 -0.3933
-3.9035 -3.6044
-5.1048 0.4106
-0.5785 6.9298
11.8460 6.0512
-0.8878 -3.5238
-3.4817 0.6780
-5.6030 -4.5858
-3.5310 8.2258
-3.4997 13.6031
-6.4588 -5.4450
-1.8160 7.8672
-3.3675 -6.7184
9.3487 -6.5068
-7.1356 -0.4245
-4.6024 8.1313
-3.7254 -4.6567
12.3826 -4.7038
-5.0087 7.6760
-3.3829 10.1908
-7.4033 15.0898
-7.9774 -7.3204
-5.0439 -2.9071
-4.6137 9.2405
-4.0326 12.9080
1.4252 -8.1020
-5.8369 -5.0201
-0.1880 8.4575
-2.0598 -5.6999
0.8662 -6.9218
-3.1436 -10.1816
-4.7298 -6.6458
-0.3261 -4.6227
11.1051 8.0622
0.7646 -5.3857
13.0743 -0.6605
14.1620 -3.7587
-7.7697 -0.2976
7.6844 -0.5325
-5.0120 11.4837
-8.0497 -3.7636
-3.5495 7.1598
-10.5019 -3.8149
-0.6651 9.6182
-0.5700 -6.1278
4.1614 14.4044
10.6436 14.2300
-3.6163 11.0368
-7.2049 -4.8189
-5.3854 -0.1421
-5.1486 7.5213
-5.3029 7.2667
-6.2669 6.5373
-4.3608 -6.2404
-0.7549 -6.0176
-6.8153 -4.9666
-6.1660 -6.4180
-5.9288 -8.5176
-2.6485 -4.7300
-2.3448 -5.6666
12.2527 11.5527
14.7570 -0.3643
9.3402 4.8917
-6.6888 0.1459
-8.0219 -2.9976
-3.6676 0.1927
-6.5816 12.7400
-2.4947 -0.5963
-7.5371 -1.3663
-4.8066 -2.6840
-8.8029 5.9184
-3.6339 -2.4325
-1.8829 -0.9719
-6.1080 -4.5284
11.0663 -5.3959
-2.5274 -5.0563
-7.6029 -7.5122
-2.1641 -1.1745
15.6673 -1.3080
-3.4321 -2.6347
9.5348 -7.2237
-5.0253 12.7063
-7.6494 -3.3505
-0.6186 -5.5861
0.3831 -1.4986
0.2409 -3.4288
7.4467 -4.7214
0.2079 -6.0474
6.9622 -5.9202
-7.7113 -3.5090
13.8504 -3.6301
-0.8009 -2.4122
-6.5343 0.2723
13.6816 -0.3821
-6.2484 10.3180
-0.9458 -3.0121
9.6337 13.3425
-1.0474 8.4477
-7.3196 -0.5764
15.1425 -4.4086
-0.2361 -3.8489
-0.6400 -2.4052
5.5227 11.4508
-0.8861 -6.2944
-4.0555 -6.0059
-4.3616 -6.8300
0.7952 -2.3033
-3.9597 -0.4432
0.2488 9.2254
-6.1105 0.3897
10.5714 -4.3853
-5.5780 0.0162
11.7911 -1.2138
10.1852 -3.8772
-7.5973 -5.4650
10.2290 -4.4276
9.8158 -6.5467
-0.6295 -4.7740
10.7168 -2.9717
-2.3040 10.3978
9.3301 11.8384
-3.2147 -8.3414
-0.2862 -7.1672
-5.2411 -1.1042
-5.7712 8.5063
-5.3422 0.4464
-1.1196 -9.6868
-8.5649 -6.2324
9.3065 -0.0075
-2.7530 -3.8798
-5.0723 -2.0321
-0.1545 -0.6329
-6.3906 -5.5925
-6.7946 12.6051
8.3586 -7.8999
-2.6778 -0.6857
-4.9594 -5.0944
-5.4159 0.7871
0.0727 -6.5881
-4.9049 -4.3779
-6.4187 5.6045
6.9760 -4.9629
-3.7349 -4.1120
-5.2626 -1.1166
-6.1792 10.0013
-4.1132 -6.0261
-5.0114 11.3649
-3.0281 -6.0847
-3.9734 -10.2957
-4.6657 9.9388
-2.9092 7.6870
-6.0626 -3.3815
-3.4992 -5.4005
-1.1154 -1.9820
-1.7414 -3.9615
0.7366 -6.5464
6.3578 -5.1748
12.8213 -7.8167
-5.8499 -3.4293
-4.7246 -2.3707
-0.4568 -2.7427
5.2280 -7.7301
-6.6708 6.1152
12.0066 8.0221
0.3865 -8.0398
-4.9306 -8.1870
-8.8731 -4.9748
-2.5549 -3.8287
8.4640 7.3067
-7.0621 -6.0338
-5.9594 -0.1263
11.7443 4.0718
5.6429 -3.1422
0.3571 -3.8952
10.8386 5.0328
-6.8854 -2.9073
-2.3514 -5.2044
1.4801 -0.5023
-2.9066 -3.2164
-3.6245 10.5891
-4.9605 0.7683
-2.9630 -2.0024
3.0735 7.5714
-5.4085 -5.9102
-6.3070 -0.4107
-3.9861 -4.4253
8.3328 -4.8686
-3.6821 -0.5951
-3.6685 1.2801
0.4097 0.2917
2.1712 -5.3425
3.0534 -4.2929
-3.3514 -1.0040
7.6910 8.5376
0.7819 0.5860
1.2635 11.3171
-1.2291 -2.9986
0.7770 -4.0058
-6.5173 -3.4237
10.3913 11.4256
-6.2880 -3.2414
-7.6480 -6.1462
-3.1635 -1.2145
6.5968 -2.8899
-4.2322 -1.6969
0.2195 15.4482
-1.2626 -3.9536
10.4912 -6.3998
-3.5955 -0.7521
13.9510 -7.2251
5.1655 -4.0613
-6.1838 -1.3405
-6.0329 -3.9491
-4.3525 0.2458
-0.2010 -4.5466
-0.2198 12.0260
-1.2982 -6.9290
-5.8818 7.7560
-5.9512 -2.2712
-4.3456 7.6687
-6.2506 -3.8114
-4.8914 1.0265
-7.0597 -4.6220
-1.2187 -3.9761
-6.5044 -3.7278
-5.3004 -5.2464
-3.8648 -4.9829
-6.4554 -5.8511
-7.1886 -9.1227
-0.4464 6.8197
-5.7248 -4.4489
-6.2209 -6.4232
-3.5009 -0.0197
-5.4325 -8.5859
-4.9681 0.7870
-0.3302 8.2677
-0.4004 10.3461
-4.3900 -5.0365
-7.7776 -0.0383
-0.5678 -0.7342
-6.1413 -4.0329
-5.2294 -2.1671
-7.3154 -9.5805
-0.9918 6.7040
-0.1271 -0.7627
-2.3255 -4.4854
-3.9183 -3.3708
-8.3041 -3.8645
15.1259 10.1944
-3.8294 -3.0191
8.1145 10.8691
15.9984 13.2905
-0.5002 -5.9142
13.5509 -2.9715
7.3811 -0.8750
-0.1519 -6.7303
-1.3798 -8.8246
-2.9147 -5.3130
-3.8989 0.5371
7.3617 -0.6306
-8.3346 7.4103
-7.5124 -1.5381
-6.0698 9.1137
-4.7172 -2.5813
-7.1476 7.2422
9.9618 -8.7179
9.4462 -0.4190
-1.1248 -1.5533
10.3685 -0.1881
-9.5573 -5.2864
-7.9314 10.1223
-7.4959 -5.6979
-1.8762 13.9780
11.5156 -6.8549
9.7019 2.5044
10.8450 -0.0252
-8.5123 -3.4538
-0.4025 -2.3510
8.9947 -1.7000
-5.5346 -3.1449
-4.8197 -0.8513
0.3535 -0.1190
-3.8087 -0.6228
7.5892 -5.9498
-4.1156 -0.6882
-4.9597 -3.4551
7.9632 -6.2611
1.2023 -1.7290
-6.1825 -4.6481
-0.0080 0.2258
-1.5966 8.9251
6.9889 -5.4037
-6.3013 -3.8446
-0.3109 -4.5551
-3.5490 -3.9301
-8.2187 -6.0004
-4.6633 -7.5838
-3.4783 0.0383
-3.7992 1.2779
-0.2795 7.9819
10.6525 -4.1735
-4.7647 3.5041
-0.7367 -7.1197
-3.9643 -0.7213
10.1195 -7.4401
-3.2433 -2.9990
-8.0582 8.7168
10.2283 -7.8144
-0.4617 -0.3602
-7.7242 -5.0838
-2.1202 -3.1637
0.2563 -0.2017
-6.3255 0.1517
-1.2104 11.6679
-6.6894 0.2733
-4.5513 -4.9585
0.1086 -4.5360
-8.3723 -0.5456
-7.1273 -4.7931
-2.9250 -3.1748
9.6174 1.9062
-5.6471 0.8458
-2.3489 -6.1769
-0.5493 -5.4574
11.2841 5.1723
-4.1935 -4.8906
-3.5471 -0.5323
-8.3143 -3.1861
-3.0159 3.6043
-4.5067 -6.1968
-4.8362 -2.7384
-3.7156 -2.9998
-3.8483 11.4896
-1.9447 -4.7464
-6.2999 -0.3639
-5.0426 -4.7699
-2.7842 -1.9349
13.1772 -0.7090
-3.0716 -0.3117
-0.6155 -1.3402
-4.5263 -4.2310
0.3005 11.3835
-3.3093 12.8584
-3.5390 0.8753
-8.0041 0.3081
13.3570 10.1218
0.1436 9.1220
5.8664 -4.7943
-0.2550 -4.4562
0.5218 -0.1172
-4.0101 -4.3485
-5.5066 -4.2307
13.7179 -3.0597
13.7260 2.0826
-5.3957 0.9402
-4.1579 -0.9622
-2.7433 5.3467
9.8981 0.5130
1.1209 -8.9317
11.2028 11.1779
-5.1632 -3.9046
-2.0635 -8.6327
-2.3438 -1.8406
-2.9471 -3.4731
11.3610 5.2284
5.6125 -6.6990
-3.1477 10.0713
-3.1591 0.3531
11.0598 -5.1708
0.1099 14.7552
10.0096 -5.1630
10.9947 6.3929
1.1395 -3.6329
-1.3362 0.3685
-3.4668 -3.7776
8.0713 -2.5147
5.6040 10.9038
-4.5375 9.7046
-6.3273 0.7616
13.5688 0.8489
9.8705 -6.0314
6.1679 -4.0865
0.1309 -2.8880
-3.5101 -2.0520
-0.8192 -3.4664
0.1724 8.1528
-0.5645 -7.2361
8.8775 -2.8697
0.6035 -3.6465
0.5716 -6.3726
-3.2401 -2.1725
-0.6854 4.8214
-7.8067 -4.4377
-1.6174 -5.6855
10.2787 -4.1335
-5.7070 -8.1044
-2.7099 -5.1288
13.0151 -8.5527
-2.1597 0.3998
11.4540 -5.1575
10.1898 9.3598
-7.5297 -3.9961
9.1715 -5.6388
-6.4774 -6.1375
-4.2027 5.4159
14.2867 -7.8997
-4.7154 0.3577
-2.4551 -5.0825
-5.7113 -4.0424
13.8720 -0.5987
-0.9671 7.5305
-8.9840 -3.7122
-5.5286 -4.0467
-5.3155 11.7220
9.4112 -3.2273
-3.1592 -8.1321
11.9102 -5.7316
-0.4910 -3.1245
-5.5655 -8.2227
-5.5043 15.0316
-0.2878 -7.0257
-0.7317 -0.4917
-0.9739 -2.4296
-5.4211 14.4540
9.4591 -7.0159
13.0287 -4.3878
-2.7856 0.1888
-3.0453 13.4070
-4.3277 -4.1293
11.1798 -0.1395
-2.6371 -6.0486
5.9981 -2.7009
-7.6369 -2.2222
12.1939 -5.9711
-4.6329 -7.1989
-6.9098 -3.0514
0.0484 -0.4015
-6.3393 -5.1258
-0.1200 -0.4300
-4.0175 -0.6944
14.8009 9.3543
9.7676 -4.2249
-0.8974 -8.5026
-0.3011 -5.1752
12.7851 -4.5239
-6.1417 -0.2623
-5.4419 -5.3726
0.5600 -7.2086
-0.9170 7.0879
-7.5824 -5.6279
15.2134 -7.4662
-4.9495 -0.2764
-2.2242 -6.2203
-0.2132 -0.9287
-0.0653 -0.9643
-3.0448 -4.7920
12.4384 -6.2774
-1.6059 14.9915
0.2864 6.7422
-0.0426 14.6662
11.0290 8.2721
6.7127 -9.9641
-7.5775 -0.0053
12.3586 -1.9740
-4.6125 0.1618
0.4733 -5.0639
0.1899 -8.2008
-4.5260 -10.8129
-4.8144 -6.4247
-1.6100 -6.4311
-3.9871 -3.5322
-5.2899 -4.7214
-0.1397 -1.0233
-0.1008 9.7422
-5.1351 -6.9659
-7.4118 13.2951
-2.9109 -9.1445
-5.0964 -0.2251
-3.1039 0.7956
10.2693 -5.3921
12.5228 -0.3208
-3.3653 -0.2229
0.1963 -1.6106
-4.3791 -7.3186
-3.6519 -5.1058
11.6453 -4.9121
8.5500 0.5081
-3.9084 -4.2233
-4.0872 8.8888
-7.8629 5.9189
7.3935 -3.9494
-2.4754 -9.3282
-6.0357 9.8096
12.4011 -6.2050
-6.0997 0.2954
-0.2097 -9.9454
-0.5557 -1.2858
-2.9827 -0.8522
-3.6373 -1.0965
8.2488 -2.6764
-0.5873 12.4904
-4.7746 -8.6621
-5.6529 -3.9860
-0.1497 -4.1052
5.1958 -2.3609
6.9000 8.7554
-5.7260 -0.0029
-4.7373 -0.5482
-3.3188 6.8702
-3.0539 -1.0526
8.7152 0.2462
14.8593 4.8880
-5.6633 4.2043
0.6193 4.5550
-5.2103 -3.1266
0.0815 9.3028
-2.6093 -4.7277
14.3394 -2.3361
11.8161 -6.2196
10.0972 10.6362
11.2701 -2.2920
-3.6670 11.9942
-6.5595 -9.1351
10.5790 -0.4417
-7.2419 -3.8821
16.9950 -5.7086
13.9417 11.8528
10.5793 -4.6236
-5.4271 -0.4855
10.0824 -4.7291
-3.8388 -7.3476
7.4080 -0.5717
-3.3163 4.7183
-2.5453 -1.4482
-4.4249 -5.6080
-2.8869 -7.6900
8.3222 -0.7711
-4.5101 13.2917
0.1728 -5.7801
-1.9490 -7.1195
-4.7423 -2.8702
11.4352 -3.1833
-3.9279 12.6514
11.4595 7.3287
12.4032 -5.1527
0.5613 -7.0385
-4.9297 -4.5445
16.1459 10.3227
0.6953 10.0740
10.9172 -0.8267
-7.4008 -4.3838
-3.7148 -1.9621
-4.3383 0.7177
-1.1678 8.9338
0.2928 -1.0183
0.3981 13.1638
-3.9358 -4.4078
-5.4935 -4.3855
8.9772 -0.4163
-3.8889 0.1157
-0.1011 -6.4384
7.6310 9.7795
-6.3713 -0.7078
-5.2669 9.4238
9.8747 -0.1170
-5.9444 14.7211
-5.7540 7.6374
-0.3677 13.5577
-4.3530 -0.1574
-0.3910 -8.7653
-0.9369 1.4757
0.6390 12.7365
-9.4903 -3.7814
7.9630 -4.7907
0.0900 -6.0290
-6.8687 -2.6810
-1.0389 -0.5989
-0.2635 -0.7607
-5.2907 -5.8498
-0.1822 12.5715
-6.4887 9.4457
-2.6625 -1.1257
7.7790 -3.6745
-1.5176 -0.0901
-0.6469 0.4246
6.1010 -1.2901
6.7502 -5.8355
-4.5528 -2.8313
0.2462 -2.7591
-3.7851 -0.5612
-5.0429 -6.1503
0.5122 8.6003
-0.6579 10.0129
10.9227 0.1375
-0.5171 11.1828
0.4043 0.2162
11.5286 13.0121
-5.2624 12.3854
-3.4644 -0.2444
-7.7968 10.3550
9.5338 -0.5702
-3.6934 -7.0812
-0.0006 10.1591
-6.8215 -4.0167
-4.4308 10.9975
11.9474 10.2419
-1.7571 8.6956
-6.0538 -0.3559
7.9720 12.9255
-6.8794 16.7112
-0.4430 -9.2020
-7.3727 7.9978
-5.0049 8.0754
-6.2510 -5.6874
10.9774 -1.1670
-1.9730 -0.5186
-4.3962 -2.2018
0.2860 -4.8212
7.2026 -6.9059
-6.6190 9.1541
-2.6926 5.1290
0.1261 13.7930
0.2093 -3.6761
-5.7501 -5.6467
-5.9984 0.5171
-0.2020 9.7795
13.1268 -6.3911
0.1203 0.6063
12.0839 9.8045
-0.4479 -3.6025
-0.5307 -8.7038
-3.7766 -5.6527
11.9191 9.1111
0.0683 -4.1608
6.1872 -0.7164
-2.1046 -3.9301
-5.5354 -0.2198
-0.5960 -0.9741
-0.1553 9.0795
6.0676 2.2468
-3.4107 -8.8567
12.8275 -7.1827
-3.6940 -1.1903
-4.7866 -4.5470
-2.4058 -5.4456
0.0841 1.9559
-0.9586 -11.0110
12.4199 -4.7424
-1.3693 8.3048
-3.1079 -6.9059
9.9055 -0.1600
5.8644 6.3411
-4.0359 -4.0130
-4.2807 -2.2230
-0.4203 -1.0901
-2.7256 8.2430
-3.7006 -0.0025
-1.0938 -7.5781
6.6981 0.3008
-5.1913 -0.0615
0.3260 9.0283
0.7585 -4.0611
8.0060 -7.8228
3.5340 -2.1589
-10.7747 -6.7615
-3.9339 -0.0364
-4.8531 10.2923
-2.1466 -2.8427
-5.6485 -7.6798
-0.3849 8.5226
8.0660 -7.8450
-2.5956 -3.5650
11.1781 7.3482
-7.1363 -5.5642
-7.1641 -5.4906
-0.8754 -4.7882
15.6567 -8.8567
10.1316 -2.9590
-2.4797 -4.5294
11.9397 -2.7035
8.5870 -5.0930
10.1873 -1.0467
-4.8906 -2.7933
6.6059 -3.6482
7.2090 -3.7982
13.1564 -6.3269
10.0162 12.8028
-0.0844 9.4640
-2.7935 -0.2216
8.8646 -5.1129
-9.3719 -7.0327
-0.2627 9.3435
10.8900 -9.1305
9.1269 0.2400
-5.2064 8.9549
9.2470 -7.4638
1.4236 10.0757
-2.7022 -10.3409
13.2911 -4.4992
-0.3005 0.0958
-4.8566 9.2969
-1.6856 -1.5760
-0.9708 7.8617
-6.3590 -6.8328
-6.2735 -0.6475
0.5250 -2.3867
-6.9522 -2.9020
-0.1655 10.4673
0.3054 0.5010
-0.9912 -6.9247
-9.6387 -7.7509
-7.5365 8.3485
0.4611 -8.0648
-4.8095 -5.6248
-6.2174 -2.1280
-6.3053 -6.1248
-5.4050 8.4022
13.4202 -7.9368
13.2098 -0.6808
-5.5800 -4.4735
-7.2134 9.9586
13.1951 -1.0534
-2.8448 -4.6533
-7.9947 -3.1699
-7.3236 9.7081
-0.0832 -3.4224
0.6342 9.8627
-3.9478 0.0118
-3.3851 6.0345
-8.3436 -5.9260
-4.3625 7.5314
-5.3213 9.2570
13.1029 -6.4290
-4.1341 7.8050
14.0076 -0.1875
-0.0231 0.0680
-0.3743 -0.4396
-6.2156 -4.0664
-1.8749 9.1752
13.4175 -5.6210
-0.5435 0.6817
-0.1817 -3.0820
12.5340 8.7409
-4.7224 -5.4998
-6.2596 -0.3959
-1.2454 -0.3764
0.0945 -0.4610
-5.4836 -2.8115
0.0247 -0.1484
6.7598 -4.7443
-4.2741 -0.9353
-7.7374 6.6085
8.8997 -0.2586
-9.7998 9.6025
-8.0556 -2.3425
-7.9927 -3.4303
-9.2315 13.0708
-8.5492 -3.0638
12.6680 0.3346
0.6725 6.8993
-0.6094 -5.1240
-4.2621 8.3985
-6.5642 11.6352
-4.1632 5.4970
-4.3212 -0.9887
0.9646 -6.2059
0.4037 -2.9051
-6.8618 -6.0076
-0.2635 10.7805
11.3657 -2.5601
-4.1252 -4.9332
-3.6090 8.5330
-6.4390 -2.7334
-1.1781 -0.1006
-6.7690 11.1286
-5.6923 -0.6905
8.4108 -6.7554
-4.2638 8.1325
13.0424 -6.8867
-6.9595 -0.0580
11.9281 13.6370
-5.7832 -1.6393
9.6629 -5.7430
-6.3369 6.7030
-3.5795 -0.1391
-4.5556 -4.5653
-3.6058 -0.7525
-8.1796 -4.3939
-7.6296 8.9578
4.2704 -3.2532
-6.1718 12.3356
-7.0675 8.2228
-0.7922 11.5996
9.7498 -1.3386
-5.0423 1.1160
7.5020 -5.5182
-3.6496 -6.3712
0.3734 -5.1697
-0.5978 -0.2927
-1.2056 -6.0479
-2.9061 10.6922
-2.5607 -3.1938
-5.5925 -0.0197
-6.5711 9.5560
-8.6265 -6.4432
-5.9825 -0.4651
0.1205 -0.6142
-6.4954 -5.6966
-4.4893 12.6720
-5.4775 13.1168
14.0363 -2.4297
0.3909 -6.2334
-0.1930 -2.6265
9.1437 -6.6979
-4.3380 9.1980
-2.0559 9.1481
-2.6699 -0.5712
-4.0037 -0.6068
-4.7268 0.1668
8.6178 -8.7346
-5.9782 -10.6109
0.0467 -4.0525
-5.9852 -3.4385
-5.4998 -3.9010
-6.4885 -1.0895
-5.5798 0.1458
-4.0530 -6.6647
-6.2824 -1.0130
-0.2668 1.2347
8.7334 0.1939
-4.1420 8.6619
-2.1628 -0.9330
7.7344 11.2073
-2.0822 -2.5604
-3.6775 7.6067
-6.3837 -1.0890
-7.2997 0.4033
0.1343 -5.9666
13.5604 0.0912
2.9979 -2.5869
-4.1599 8.6462
-6.1695 -7.5600
9.3762 -8.2204
-1.3800 -4.4822
-0.2813 1.0155
-7.2638 -0.8361
-4.2056 -3.4339
-0.3993 -3.2625
-6.7622 -5.4597
-0.4999 8.4255
-4.0267 -0.4821
-0.2188 0.9850
-2.2581 -5.3887
13.7086 -5.4347
-2.5194 10.2510
-0.3551 -0.2628
-6.4421 13.7685
-3.5934 -1.0884
9.7516 -7.0500
8.8902 0.1943
-1.6959 -3.0367
-6.9451 -5.9541
-1.0473 14.9291
0.3908 -3.9299
-6.7306 11.2648
-2.0118 -0.1570
-4.0947 -2.5334
-5.5704 -4.0233
-3.9948 9.9512
-7.0139 -1.6186
-5.4236 -5.1458
-5.2816 11.3716
11.9461 -0.0462
-1.2911 0.3454
0.8750 -3.5540
-5.5164 -3.5598
8.9183 15.0625
-5.6483 0.3345
12.7549 -9.4932
1.2182 -4.9882
-0.0218 -4.6354
-6.4001 -10.8369
-6.3055 0.2842
-2.8546 -0.1947
-0.2877 -5.9549
-6.2098 -3.5315
-3.1592 -2.3795
-3.2516 12.5341
11.7523 6.4002
-0.2246 -7.3937
-1.2016 -4.8818
-5.5853 0.3214
-1.0241 -3.1332
-9.1189 -4.3122
12.2413 8.6644
-4.3081 0.8477
-6.3141 -7.2188
-5.9213 -2.9946
-3.5608 8.5012
-8.9779 10.5487
0.0566 10.2943
-4.4265 8.5207
12.7976 9.0413
11.0861 -3.0097
-2.8895 -5.1289
-0.1842 -2.8170
-5.7253 -4.9281
-1.1776 -3.1417
-7.4179 -3.1252
-8.3430 -5.3379
-4.5187 4.3684
-4.9610 -2.7624
0.4186 0.1282
-6.2898 -7.9690
12.9676 -0.5275
-3.3526 -6.3964
-6.5530 -1.4074
13.0180 -4.4346
-2.2320 9.3587
8.6601 -3.5301
-5.5636 -9.0198
-1.1441 6.9161
9.6296 6.5147
-3.6229 -4.4867
8.2880 -4.6585
0.0682 -4.1922
-7.7900 -4.9472
-1.6712 -10.0887
9.4662 -0.2208
-4.5159 -4.6655
9.6965 5.8790
-0.8022 -0.6419
5.7275 -4.6669
9.7608 -5.4201
-5.1823 -1.3771
0.2984 -0.7305
-4.5221 -0.8384
-2.0933 12.4386
-1.0347 9.1709
-7.6489 10.8610
0.5406 -2.5242
-6.8892 -1.9440
-0.2439 -6.4285
-0.3382 -6.5618
-3.1225 0.2392
-0.2915 -3.9131
0.1682 -0.3958
-5.2139 0.4397
-6.0451 7.7836
-8.1804 13.1514
0.2404 -0.3777
0.0069 -0.6046
6.9081 9.4644
11.2170 -7.7539
-1.7300 -0.0176
-6.3523 0.5095
-1.8797 10.4026
11.4087 -0.6233
-6.5625 0.1101
0.3583 -0.1168
-0.8412 -3.3822
0.3963 -3.4070
-3.3081 14.4557
12.1598 -0.3509
9.5089 2.2406
10.3646 -7.3825
-6.0637 13.5607
-1.1853 8.8291
-6.5910 -4.0986
-2.3435 8.1795
-6.6058 -4.6141
-3.4712 12.6577
7.0718 -6.8806
-5.0886 -7.7914
-1.7474 -6.5666
-4.4291 7.9584
-4.8431 6.3972
-5.8087 -3.0758
-0.3745 10.8150
-1.6905 -3.4905
-0.7120 -3.6729
-0.5306 -2.3661
-7.6242 -7.1740
-1.9634 -0.3046
11.9937 10.8135
-1.5475 -2.3978
-0.6167 9.6427
-6.2250 -6.9110
-3.2264 -7.4403
-2.9816 -7.0338
-0.1988 6.0755
-5.3706 10.2662
-6.5220 -0.6567
-0.4825 -1.3677
12.9789 -0.3460
-7.5613 12.4739
-0.2649 -0.4706
-5.1919 -3.9186
-8.1015 -0.3740
-4.3333 9.0848
-2.2918 0.9842
12.9566 0.2987
-0.4272 -3.4687
-4.4479 -0.5105
11.9979 -2.3803
-0.2326 -8.0916
9.3652 -5.8638
10.8649 -9.1959
-2.3485 10.8986
-2.7841 -0.4216
8.0145 1.1557
-9.9136 -2.4124
-6.7359 0.6507
-3.0517 -2.6657
10.1884 -5.7308
-3.0152 4.6568
-6.7970 0.2252
0.2780 11.2223
-1.6517 -3.7456
-3.3222 -5.1091
11.0260 -6.1829
-6.5941 9.9245
-6.1435 5.1101
2.4680 0.8176
14.0723 -2.0824
-4.4108 -1.3818
7.0877 -6.8727
-6.5597 -2.1791
-5.6282 -6.4175
-5.8423 9.8288
10.2268 5.0370
-7.1377 13.9895
9.1418 -4.5794
-4.7926 12.5468
-6.5656 12.2843
0.0365 9.3272
-5.6119 -6.6715
-8.1519 -7.3298
-0.8628 -4.8543
-7.2692 -4.8892
-4.7834 -7.2654
-0.9467 -3.3795
-6.3992 -4.8280
12.2381 -3.5133
-5.3091 -8.1937
-0.6987 7.6317
-0.0607 -7.4329
-4.8714 -2.1012
-4.8866 -0.9068
-3.5185 -5.7474
8.3006 -6.1176
-3.3277 -7.0118
-6.6376 -4.4392
9.8364 -3.2350
-5.8556 0.3581
11.1334 13.5539
-6.4614 -3.3005
-6.9956 -5.2463
0.0582 -0.9108
-6.1682 13.7799
-0.0570 -5.5030
-3.1288 -3.7264
8.4884 8.6769
11.9080 -5.8421
-4.3687 -5.8749
11.7334 0.9559
-4.3010 -3.8789
-3.5932 9.6469
0.1555 -3.6484
8.7579 -0.1874
-5.8623 -5.0338
11.7359 -3.8251
-3.3068 7.0560
11.6233 -5.7165
-0.2858 -5.4026
-7.9669 9.6217
-1.6879 -0.2581
-3.1754 4.6447
1.3562 -4.1018
-0.2480 4.6841
-0.0558 -3.1866
-4.0214 7.9222
10.4934 9.4485
-4.1369 0.0807
-2.5217 -4.1725
-2.8024 -4.4466
-3.9944 7.3245
-6.6228 10.6438
7.6442 -7.9941
13.3058 -0.6929
-0.6083 11.3399
1.4160 -2.4485
-5.5557 8.6389
0.5793 -0.6214
7.4913 -3.7020
-2.7416 -0.1175
8.3750 -5.7505
-4.1587 -3.2979
-8.3785 -5.5361
-6.1663 -5.7435
-4.1385 -2.4126
-5.9477 7.5177
12.2760 -7.8352
15.0471 -7.5198
-0.8525 -0.6201
-0.8647 8.1186
-8.2083 6.5844
-7.6688 0.9487
-5.8407 10.2793
0.4322 9.2441
9.6659 -2.5150
-4.8767 -0.3098
4.7382 -7.4132
-4.7514 0.0647
-5.3479 0.8601
-0.9770 -4.2354
-0.7052 -6.8560
-1.8214 4.5896
7.3071 1.4175
-3.7059 -3.2216
-6.0633 -4.8222
-0.4762 0.8898
-9.7062 -1.0392
-6.8942 -6.7300
-4.0853 -6.6644
0.7065 -0.8311
0.6006 -5.9114
9.6215 -0.4079
-0.2338 -0.8486
9.1324 12.3934
12.9302 0.4832
0.9846 10.1236
8.5928 -5.1194
-5.8971 -0.0982
-6.7781 9.2250
-3.3405 -4.1956
2.4731 6.4878
13.5305 -0.4568
-4.3930 -2.6946
-3.6828 -0.8459
-0.9549 -1.8879
-2.3938 -3.3958
0.2562 -3.2514
-5.7639 -5.7624
7.8737 -4.3046
-11.9123 10.8155
10.8240 -4.4766
-0.2923 9.2454
10.4499 -3.4547
-1.6169 11.9261
12.2187 -6.7096
1.0199 0.9330
11.0646 12.4492
-7.6046 -2.6740
0.2393 -5.2036
-3.5712 -1.0356
0.8485 10.5026
10.6441 -4.6257
12.4546 -4.5484
0.1661 -0.6551
-3.8807 -5.8317
-6.4718 -7.3939
11.2699 -3.6504
-1.3309 0.8100
11.7767 13.3290
-4.5557 9.9422
-5.2332 -3.9035
-4.7186 -4.2860
-9.6150 13.2698
12.4064 -7.4569
9.4587 -6.8446
10.1989 -4.7203
-6.6140 -7.0607
-0.8149 0.0197
-8.2778 12.6897
6.8494 -0.2751
0.6380 -4.7191
-4.0126 -0.0552
4.0796 -0.8502
-1.3771 -1.7692
-0.6895 0.1166
11.5540 -6.0534
9.6121 -4.0887
-8.2794 -0.2255
5.3316 -5.4100
-0.1112 4.1142
-0.2562 10.8382
-9.3587 -6.8262
-3.6019 11.2716
-1.4025 -5.4638
-5.5255 -5.0393
-6.3364 -4.9672
-0.0473 0.0386
-2.5163 -3.2644
-3.3447 -1.5996
-6.4951 -4.1249
-0.9779 -12.2908
13.7513 -5.1475
-1.1796 -6.0854
-0.6726 16.2083
-0.3904 -2.9558
12.1382 -0.9096
10.5200 0.4478
-4.5933 -3.6000
-3.4298 -0.1613
-3.0931 -1.9221
0.8400 -6.2637
4.8039 -2.4408
-0.2319 -8.9217
11.1212 -2.1785
14.6893 -0.5980
-4.5447 -4.0615
-0.0639 -3.1330
0.1061 -2.9181
-8.8112 11.6940
-3.3415 -6.0219
-6.0197 0.3984
-5.5488 -3.0038
-4.0202 5.4108
9.4766 12.6858
11.6437 -4.1243
11.4580 -0.8004
0.0023 9.2291
-11.4485 9.9200
-5.3442 -7.2916
9.3436 -1.3018
-0.2259 5.8544
-7.4564 -6.2646
8.7078 -4.7685
-6.1893 -6.1847
5.8351 -2.3641
-5.4503 -4.7369
10.9694 -4.6229
-3.1881 10.6159
-4.9523 -4.8354
9.3364 10.9014
9.6962 0.7992
-3.8266 -3.9436
10.9780 -3.4311
8.9579 -3.0645
-9.4055 -3.6590
5.1667 6.7515
0.3191 -2.7080
-0.6636 -5.2519
12.1341 -3.9078
-7.2774 -0.7085
-6.0184 11.6249
-4.1440 6.3416
-7.8757 12.2177
-4.1646 15.5063
-5.2865 -0.8440
9.9774 -6.2312
-8.0857 -5.4515
0.6225 -6.9664
10.6451 -7.2096
12.5082 0.0221
-3.9093 -4.5091
-0.9957 -1.9906
-5.9259 0.2872
-6.0043 -7.4716
12.4267 -3.4765
-8.5950 -6.2899
7.0971 5.7794
-4.9534 -0.1500
14.8609 -4.0938
-5.4969 -0.3248
-4.2211 10.1798
10.7449 -3.7322
0.5647 15.7241
-2.6704 -1.5914
-4.8976 -5.2422
15.8895 -4.8805
-0.3994 13.8241
-3.5945 -0.8840
-1.0453 -4.4046
0.1559 -2.3182
-4.8433 -0.3913
-3.1489 -0.2789
-0.3173 10.5436
0.3017 -8.3737
-2.4237 -7.2915
8.0109 9.6056
-4.1412 -6.9700
-6.0349 -3.7416
-3.0173 -5.2209
-3.3448 -5.2712
-7.0418 9.8086
-1.0667 -4.6340
-7.2125 -2.9563
-5.2068 -4.0036
-5.2398 5.9441
-6.8572 -2.0565
-7.8396 15.4695
-8.0003 -2.6771
7.8536 -6.4142
-2.5373 -2.3981
-2.8060 -0.0019
-3.8852 -5.0373
10.3236 -7.0969
-3.7114 -5.6895
-4.5968 -0.1010
-4.5202 -3.5485
6.8883 -0.1357
-3.0539 -6.8287
0.2420 0.0882
11.9163 -5.0015
1.1234 -5.6445
10.6772 -0.1689
-5.0044 0.0288
-3.4905 -4.2603
-5.5567 10.5162
-4.9103 -2.1414
0.9072 0.3395
-1.6287 -0.3826
12.5226 -0.9263
-5.9756 -2.0216
11.1520 8.7772
-5.6400 -3.5548
-5.6701 -2.2041
-1.3324 -3.8011
-0.6885 -0.6888
11.2455 -10.8172
-3.6721 -6.1810
12.8885 -5.4991
0.9506 -0.5613
-1.0429 0.6454
-6.4935 0.6407
-4.2668 -1.2407
1.6773 -5.3858
-0.6298 10.2129
-3.9253 -6.3924
-7.8161 -8.5433
-0.2974 -0.3874
-9.6500 -2.3749
-6.4314 0.0966
6.3526 -0.2624
0.2082 -1.4506
-7.6211 -6.6456
-7.5567 5.8038
-5.9761 -0.0966
-2.8567 -5.3571
-5.2323 -5.3196
-3.5822 0.2527
-5.4199 -0.6849
-2.2146 -5.5254
12.4341 -4.5011
-5.7130 6.4810
-3.8422 -4.7954
13.0916 -4.4376
-0.4551 -8.8819
-0.1493 8.8758
-4.5656 -5.2209
-0.0205 -5.7487
12.9355 -4.1312
2.1992 10.4497
7.1592 -2.4081
3.2238 1.3268
-2.4605 -3.9080
10.8531 -5.2501
2.0248 -7.0418
12.8502 11.0199
-8.1700 -3.4712
-6.5172 -3.6932
-3.3323 -0.1156
0.2789 -5.2423
-5.9744 -0.6129
-2.0834 -3.8891
7.8616 -4.0206
-5.2216 -1.1631
12.7832 -0.8418
0.5301 -2.4512
12.9821 -0.1311
-5.2921 -3.2285
3.5026 12.0891
-5.4605 -6.7738
-5.0841 -1.9993
-4.1651 12.2800
1.0748 -1.4270
-6.8621 -8.0414
12.0476 -3.2205
11.0782 16.6291
-5.8721 7.8014
-10.9429 -5.6563
9.3395 11.4886
-7.0766 0.1937
-5.9647 -0.0427
4.9546 -3.5873
9.8427 -4.1629
-2.8773 -5.0074
-0.2437 -7.5104
-5.0240 -4.7105
11.9085 -0.2645
-3.3243 -9.9704
14.3167 12.4191
-2.7999 -0.2576
-2.5296 -0.4307
1.8085 -3.3132
-0.3153 -5.1126
-2.4837 7.2949
-6.5045 -7.1079
-2.2839 -0.7189
-5.2965 -6.9351
0.4269 -3.9961
0.1837 -5.5966
0.2752 -4.9185
-3.3551 -2.0707
-3.1388 8.3070
6.1522 -3.9048
-1.6149 -2.1578
0.7413 -4.8061
-3.8321 11.8571
-0.0792 7.2612
-2.5303 -4.2691
-4.8966 5.3272
-3.7654 -8.7569
-4.0018 -2.5801
7.0076 -0.1305
-1.0951 1.1946
-0.2258 -5.1576
-2.5377 -3.8473
0.5799 13.4592
-6.4046 8.6485
-5.1805 -5.1203
2.7183 -0.1749
0.1117 -3.1824
11.8481 0.1457
0.5767 -3.7204
-3.4353 1.1578
-0.3813 -3.0912
8.2095 -5.1790
-7.7655 -5.5699
-7.3732 -5.5664
-1.8333 -2.8242
-5.4647 8.0539
-1.1929 -3.1328
-5.8712 10.2392
-11.1927 -0.4731
10.3248 13.7618
-0.2890 -6.3042
3.2742 -7.8808
13.7864 -5.1238
9.0488 -0.0839
-0.2002 -6.7161
-9.2638 -8.1357
0.7410 -0.7942
16.8264 -8.0124
-3.3232 8.9398
-4.5035 -6.0215
8.3014 -4.8121
-9.5546 0.0395
0.1353 -2.6906
0.5139 -7.5312
11.2659 -6.0856
-0.3629 12.4889
-5.2572 -4.0083
-4.9524 -5.5798
-0.5991 -0.5449
-4.6953 -2.2329
-4.6324 -3.9322
-7.5103 -6.4456
-8.2722 0.4168
8.6170 -0.9765
-0.0097 10.3751
-3.1550 -5.9477
-3.0788 11.7766
-3.2505 -2.6124
-1.0047 -4.9507
4.7846 -2.9752
1.7572 -1.1226
0.1656 -7.8981
-4.8739 -4.6958
6.4436 -5.0218
11.1844 -0.0658
-7.1108 -2.7842
-9.5803 -1.7835
10.0134 -6.8432
-3.3819 10.5851
-4.8691 7.8066
-1.0808 -6.1677
13.1061 14.5217
-1.6348 -8.3738
5.6510 10.5164
-1.9057 -4.2338
-4.8487 0.1986
-2.1956 -0.5871
-2.7834 -1.7492
-6.7002 9.7258
1.0126 -6.4918
8.0006 -5.8388
-3.0351 -2.2399
-6.1249 -5.0483
-0.7133 -1.9273
-1.2792 -5.4463
-2.4436 -5.1773
-5.1813 -0.2804
13.1635 -4.0471
-4.3453 -2.9949
-5.5126 -6.2392
-4.4576 -0.7790
0.9516 -0.3375
-0.2231 10.1280
-1.0822 -2.1749
8.1808 11.5947
-3.3919 -9.5869
10.9154 7.4683
-3.5674 -3.2669
-1.0736 12.9120
-8.2418 -7.7758
-5.0534 -6.1201
13.3408 -6.5281
13.4269 0.5590
-1.1610 0.2761
-8.0014 -6.5529
0.3600 -4.7691
-4.7403 -7.2706
-5.8216 -3.8699
8.4511 8.7881
-5.2448 -6.0904
11.3908 -9.4186
-3.3651 8.0279
11.2481 12.2451
11.0023 -0.8750
0.3762 -6.1530
-5.2099 7.9450
6.4393 -4.2767
12.2467 -5.1059
-4.9253 0.1133
-4.1771 0.6218
8.1859 -1.6220
0.3778 -0.2466
-2.3539 -6.6630
-0.9095 -3.2775
-5.6604 -8.7985
0.7989 -4.5324
-0.7384 -3.6160
9.9610 12.2442
-5.7053 -2.7833
-0.1219 -3.7961
-5.4986 -3.5599
-5.0195 9.9991
0.2912 12.9133
-0.4220 -4.7006
-3.4130 9.7675
-5.8021 1.1024
9.2470 8.7904
-3.2478 8.5495
-4.2307 -5.2414
-3.3921 8.9346
-5.4495 -0.5598
-9.4200 -1.4515
-2.1347 -7.5469
-0.6702 -0.6928
-3.8972 -3.2866
-7.1145 11.5715
-7.4101 -5.5558
10.9579 -7.2232
0.0589 -0.5258
-4.3888 -5.2034
-6.2377 -0.3458
-7.6415 -0.5430
7.6920 0.2590
13.3677 -1.9994
1.0064 -0.5117
-0.4710 -6.5741
-4.0134 -6.6650
12.5254 -0.2605
-4.7110 -4.1002
-4.9452 -0.0464
7.9528 0.6780
1.0543 10.8278
-5.5224 0.0267
2.5362 16.2912
-2.1633 -8.2494
-5.9003 7.5937
-3.6936 -5.0197
11.3398 -5.1155
-8.7760 -0.2255
-5.5193 -1.6355
-4.3871 -3.3662
13.9046 -0.3473
-4.8515 0.2869
0.6901 -3.2954
-7.0376 0.1827
-1.4759 -0.4282
14.3760 -0.9700
0.3253 6.9299
-0.6057 11.0460
-3.9239 -3.0747
-2.1306 12.6221
0.1780 -5.3065
-1.5795 2.5126
-5.2382 -1.6781
-6.1093 -4.1641
-7.0487 -4.7697
6.7524 -4.8152
-6.3554 1.7147
-6.8655 0.2731
-6.1973 -5.6657
-6.5535 -4.5866
9.7831 -5.3590
-4.3377 -3.8148
-0.6389 0.2989
-5.9404 2.2688
-3.8816 10.1105
-4.7313 9.7156
7.8503 0.0245
0.4677 -4.4695
10.9238 -4.6853
8.4854 -6.9457
6.3313 -0.1110
-2.2109 14.2613
-1.5742 -3.5921
-7.9724 -5.3918
-1.3009 9.5053
10.6534 8.7662
-5.8227 -1.8030
8.6882 -10.5017
-3.0200 12.8525
-2.6505 -5.4714
-4.1931 12.2835
-8.5583 -0.2988
6.1810 -1.4578
-6.6251 -3.5199
9.0791 -3.4315
-3.6468 13.7786
-4.4075 0.5348
-4.5108 -7.3530
-7.0339 -5.0084
1.1115 -7.9218
-0.4537 -6.3770
9.5452 5.7098
13.3971 -0.1070
5.6265 -6.5319
-2.3343 -4.3113
12.4893 -1.1674
-3.0391 -3.1429
8.0845 -5.4917
5.2101 1.9243
10.7774 -6.4890
-0.4564 3.3837
9.4306 -6.0807
0.0979 0.5232
0.2456 -6.4910
-1.4479 -2.6938
-0.2696 -0.8908
-4.3010 -3.5836
-6.3887 -4.6918
-5.8848 -7.9270
-6.9485 -0.5257
-2.2493 -7.4205
-9.6370 -5.3729
-6.1570 -6.1620
-6.9841 -3.2036
-1.9278 -4.0622
9.9837 -0.5939
-9.6490 -0.0245
-9.8060 10.6130
-0.0667 9.8921
-3.3217 5.6248
0.3859 0.5511
3.9052 -3.6711
0.4834 -7.5144
-0.1642 -8.1656
-4.6629 -1.4053
-5.6024 -0.7759
-5.3710 -3.8458
-3.4438 -4.6912
-4.8351 -3.9576
-2.1783 7.4742
-3.9233 -1.2376
0.5196 -0.6492
-7.1284 0.8767
9.5910 -0.9133
-7.8167 6.9283
6.5287 5.3410
-5.1692 -3.0357
6.7638 12.5529
0.4953 10.3606
-5.3208 -4.9453
-5.4670 -8.6669
-6.0790 -5.7705
0.0898 -4.9606
-4.0361 0.2363
-4.0564 -0.4496
-3.1275 5.4517
-0.8169 10.6325
-3.5114 -4.3762
-7.1638 -1.0544
-0.3120 11.6372
11.6285 -3.2625
-2.1676 0.0185
-0.1883 5.4039
11.9226 8.1166
3.6567 -5.8543
-0.0303 -6.7731
-6.8817 0.3339
12.4879 -4.2795
7.1817 -0.4392
-5.8233 -1.2781
-6.2696 14.6377
-4.3877 -5.7548
-7.1345 -8.7452
0.6663 10.0773
9.9837 -3.8129
-1.4640 -4.1040
0.3517 -1.7269
-5.8756 0.2708
-0.4182 10.1910
0.5519 -6.1191
-4.5411 10.4968
-0.8551 -7.5846
-5.1757 -3.7065
-0.2931 7.3563
-4.4230 -0.3061
-0.8158 12.8170
-5.5446 -2.1981
0.3196 -2.5426
-0.1210 0.0520
-3.6556 -3.0479
0.0373 8.0995
-2.0052 -4.5811
-8.4795 -7.1623
-4.9622 -4.1387
7.1325 -5.2402
-0.3952 -4.0449
8.6510 9.5437
-6.1619 7.8294
-4.6933 0.1924
-3.6235 0.2344
5.9570 6.0843
12.2697 -6.5085
10.0794 -3.3828
-4.1030 11.1251
-0.5243 6.7368
-1.8209 -0.2763
0.0977 -5.0696
0.1593 -0.2430
13.9452 -6.3621
-0.5708 -0.4261
-6.4056 6.3731
-2.5364 -5.1091
0.2203 12.3130
-0.8733 -6.1183
0.7370 1.0770
-4.7679 -5.8831
-6.3111 -4.7348
-0.6804 -5.1257
-0.2043 15.1075
-5.5966 -6.4515
-0.5218 -4.7688
10.9591 -8.3706
-5.6385 -3.1993
-2.2641 -4.3893
-1.9462 14.2290
-3.6926 -5.6685
-4.9350 6.6593
-6.4584 -9.1925
-1.4956 -3.9296
-4.9615 -5.6944
8.5901 -4.7605
9.4923 -1.0909
9.9253 6.3347
4.6282 -1.0850
-5.0811 12.5138
-0.7624 5.3309
-2.1877 -4.6491
0.2655 -4.5020
2.7206 -7.0141
8.6849 -8.8666
0.9789 -5.6993
-2.4334 -6.2159
-4.6496 15.9547
-0.8837 -5.8036
15.2312 0.7029
0.2599 -3.1324
0.2547 -5.4582
-0.2062 12.6343
-5.9279 -6.8439
-3.5368 -3.3996
-3.7599 -1.0605
-0.3083 0.0166
8.5678 -0.6317
-0.5129 -0.7507
-0.1035 10.0875
-0.7768 -0.4880
-5.8180 -3.7270
12.8667 -4.0974
-6.3177 -6.7198
2.1423 4.3142
7.8645 -0.0431
-7.5965 -0.7629
-5.5390 8.0400
-6.9560 -6.9908
-6.5871 0.4737
10.8949 -5.4955
-0.2132 0.5453
-5.7268 -5.6259
-1.8539 -7.7792
-0.6326 9.7012
11.2374 -4.2792
-2.5498 -3.5735
-3.3206 -8.0456
-3.4100 -4.7694
-0.7998 -0.4558
-2.6583 -3.5201
-4.3352 -2.0075
-7.3784 -0.8340
1.4260 12.6978
-2.2556 -0.4071
-0.5142 -2.0570
-5.0905 -6.3267
12.4389 0.1129
-0.3383 -5.8037
-5.8877 8.8786
-4.8698 -0.7573
13.8036 -3.9617
13.5063 -2.4429
9.1737 -4.2763
-2.7458 -5.7802
-7.3874 -6.8797
10.1452 -6.4622
-7.9583 0.1075
-0.1605 -0.5608
-2.0997 -5.9546
11.6687 -0.5149
-0.4488 -4.5003
-4.9757 -3.7619
7.8281 -6.5429
5.7401 -7.7521
-6.6448 -5.7490
-7.3782 -7.8261
-4.9748 13.9823
-4.2845 -8.7751
-5.0311 -9.0540
-3.1524 13.5226
-1.4119 0.3759
-4.4787 -5.7542
-6.1144 0.3322
-0.1826 -13.0827
-2.7139 0.5463
-5.8921 12.2143
-0.8218 8.5184
-0.7169 14.0054
-4.1480 7.7904
-2.2952 -4.8166
-5.3422 14.1499
-4.7175 0.4257
-4.1342 9.3522
-4.8606 -2.2809
8.0875 11.0940
-8.7470 -2.7195
-5.3439 -0.9715
1.8820 -7.7182
9.5576 7.5838
-2.6089 -0.5081
16.2847 -5.1031
-4.6615 -4.4407
-3.2719 -4.2841
-6.5813 0.4395
-4.2121 -4.8015
11.0911 -0.8058
7.8894 -6.1557
10.9169 -0.0396
-6.2414 -8.3557
10.6586 -4.3185
-9.7985 14.1306
-1.1924 -8.4475
-4.9588 -1.2420
14.8380 -5.5729
-3.7042 -5.8702
12.1182 14.6706
-1.5680 -5.3824
8.1764 12.4374
7.6080 -0.6515
0.0052 12.8074
-0.1389 5.6074
8.4114 -6.9644
11.0502 -4.8353
10.4935 -0.5518
-5.4912 8.1674
-2.5147 -2.1503
-4.9978 -7.4364
-1.6534 -3.5689
-1.6149 -2.7496
0.9052 -3.3841
-1.4509 6.4940
-4.6661 -5.5032
-5.9544 -5.0678
-5.8835 8.0115
7.4503 0.8279
0.0856 -7.1452
12.4478 -11.6525
-8.2627 -6.8319
-1.6861 -2.3931
-9.7112 8.1669
-0.3599 -0.8249
-5.9738 -3.6564
-3.1509 0.6940
-8.7194 -2.9689
-4.0058 -6.1419
-2.6255 9.1232
11.7344 -1.5147
-0.2635 -0.3077
-0.2370 0.8266
-6.4718 -4.8848
0.5540 11.7410
9.2355 -5.7648
14.8719 12.7274
0.1399 9.1060
-0.3451 -11.5972
-0.7936 -3.2920
9.3140 -0.8435
-3.1055 13.2909
10.2446 -5.0898
-4.6709 -1.9927
10.3222 0.4067
-0.4855 -0.5447
-8.8037 7.6112
-2.8626 -3.6092
11.9880 -1.9306
0.2181 -2.2298
7.0398 -8.7394
-0.6660 11.9721
-3.6158 12.5402
0.8892 9.8587
-1.6608 -1.5532
-4.6458 -0.9670
-6.6464 -6.5087
-6.5724 6.0168
-0.6959 0.2380
-1.7503 12.5268
-0.0608 -1.8548
-4.3302 -3.8424
-6.1498 -1.2973
-1.0062 0.4960
-4.6498 9.1398
-4.8369 -4.3497
-3.3354 -5.7723
8.7469 -4.5277
-0.1393 -8.2589
-4.2087 -0.3181
-3.5355 0.6025
-7.1212 -3.1405
-3.1997 -7.1427
-5.1668 -0.3365
13.7486 -5.0365
-0.0361 6.8188
-3.4344 11.3879
11.7933 -5.1291
-3.5035 -0.0611
-5.4271 10.2889
-3.5369 -4.6717
-0.0790 -0.5703
9.6856 -6.6303
-5.5606 -4.6278
-2.3873 -5.1447
-5.2388 11.5720
-4.7364 -9.0375
-6.6106 -5.9983
-4.0467 11.5355
8.3498 -4.9687
-0.6304 -5.5349
12.2080 -2.4621
15.3798 -0.5782
-2.5881 14.0865
-5.6742 -0.2975
-4.4934 13.1369
-6.7808 -6.3975
-5.4154 -3.1849
-7.1432 0.6069
-3.8389 0.0761
13.1744 -5.0144
14.3172 -0.4471
-6.4061 -5.4354
-6.2279 -10.5080
8.6727 -5.4919
-3.8506 -7.3974
11.5178 11.4182
0.0814 -0.1777
-7.2188 -3.0080
-3.0572 -3.2664
-6.1615 0.5763
-5.2013 10.0357
-5.0270 11.2745
0.0627 -6.1994
-5.2764 -8.2531
-3.5633 -5.2915
-3.4501 -0.2033
-2.5066 9.0672
-4.9668 10.7156
1.8817 -3.1582
-4.0632 -5.1986
-0.0819 -1.2255
0.8265 -0.2877
-5.1736 19.4615
9.4480 10.9499
-5.8397 -5.0018
10.8540 -3.7302
9.5061 -8.2118
0.0416 -0.1443
0.2568 -2.0918
-1.3609 -6.5714
-1.2924 -0.4726
-0.7815 15.7157
-5.8086 0.4888
12.0404 -6.4007
-2.8719 10.2480
-6.4323 -3.0199
12.2051 0.0442
-5.4461 11.2709
10.0510 -5.9876
-8.3017 -2.3280
-0.3072 -2.0503
7.3665 -5.8034
-4.4592 -0.2789
-0.8859 -3.5658
-7.0833 0.1770
-0.5560 -3.2523
-6.8351 -1.7951
5.0934 -4.7040
-0.3619 0.1072
-6.3420 -0.3295
0.1457 -6.4842
15.3602 7.1935
-5.0005 0.4147
-5.2531 7.8701
-2.4832 -0.3418
-3.9392 -3.7938
7.2845 -5.6875
0.1311 -1.1024
-7.2168 7.1948
-9.3015 -4.9169
9.6794 -2.5086
9.7296 1.4280
10.2370 9.6893
-0.4728 0.4383
-5.2100 11.6163
-4.9260 -3.3558
-5.1262 -0.3278
-8.3848 -4.5443
-3.8531 -6.7875
7.5474 -6.8867
-4.5604 -8.7579
-3.4199 -4.2522
-3.6088 8.6528
11.3566 8.1918
2.1686 -5.1085
-9.6972 -1.4563
-0.4587 -3.2341
10.8143 -5.5637
-2.9171 -4.9750
-11.4812 -5.1246
-4.1118 -6.7713
-6.8120 -1.0989
-2.4918 -4.5027
8.7694 0.4440
3.9751 -5.9508
1.0023 8.8643
-0.7587 -6.6794
-0.1984 -3.0087
-6.8984 -3.2001
-5.1619 -3.9133
-2.4241 8.0174
0.0235 -0.0916
-3.9663 -5.5077
-8.2345 -2.6604
9.1068 4.4379
7.1984 0.4300
-6.9726 -5.2373
-4.5772 -1.9093
3.7073 4.0030
0.0419 -5.4407
13.1517 10.5530
0.4448 -4.7126
8.5037 -2.2574
-2.7651 -0.4472
12.1798 0.0497
-3.6776 0.5586
-2.7457 8.1354
-5.5062 -7.5932
9.8778 -1.2265
-0.9518 -2.4741
13.6608 -5.4522
-5.2951 0.1614
11.6160 10.9356
-0.7063 13.4587
-4.2893 -6.9004
-2.7440 8.6740
7.5823 11.8357
0.1295 0.3152
-0.8954 -5.1925
-4.0131 -2.0062
0.2803 -5.6591
10.5903 -0.0095
-3.4601 0.6199
15.6495 -2.3198
-1.4445 -8.8514
10.9806 -5.1679
-4.6487 0.2317
-4.1385 -3.0789
9.0682 -5.1035
-6.7118 -6.0266
-1.0920 -5.0964
-0.3693 6.8681
-4.9528 -1.1427
-4.9898 0.5098
7.5357 -3.2360
12.4217 -1.7906
-0.0971 -6.6251
12.1549 11.6596
-0.2642 -7.3284
12.5564 -5.0073
-3.7668 -9.5948
-3.9991 -6.3023
0.1994 -0.7319
-3.0723 -5.9692
-0.8478 -0.3834
-5.0949 -0.0016
7.8798 -4.3481
-4.2344 12.0736
0.2925 6.1409
10.8211 0.3187
0.7249 -4.9479
-6.0921 -0.3604
-4.0269 -5.8927
-5.8100 -0.0199
-8.7855 -0.1822
-6.5105 -0.7180
-0.7267 -4.0273
-8.1295 8.6268
-6.2454 -4.7375
7.2132 -2.6242
12.0409 -6.7644
-7.3171 -6.9858
-4.2656 -6.2228
7.1474 -0.0937
-3.3977 1.3834
-5.7335 -5.3776
-7.3200 -6.1439
6.3802 -0.0933
-6.9964 -1.3721
-7.3130 -0.0966
-3.4591 -5.7892
0.8568 -6.8889
-8.8577 9.3324
-3.6861 -1.8166
0.1237 9.6681
-6.3419 -6.6560
-8.2170 11.9460
-6.5778 3.3500
0.5201 -8.8671
-0.8044 0.2141
10.7878 -5.2358
-3.7275 -0.1744
-6.6256 -1.6273
-0.5237 -0.1475
-4.4690 -4.5096
-6.2765 -5.8213
-2.7046 13.6615
-3.4138 -1.9815
5.5061 5.1351
-5.8821 -0.2675
8.3955 -0.2148
4.2120 -0.2567
10.8219 11.9909
6.2369 9.0405
14.5132 -7.0286
-5.8574 -0.3162
-0.5918 10.3233
-3.9687 -0.4102
-0.9008 -0.4409
-3.3427 -1.1966
14.0202 -7.5396
-4.2959 0.0352
-2.0156 -5.4194
-3.5250 -0.8077
11.5730 -1.7589
10.2568 -1.0056
-9.2200 -5.9403
-2.2359 -4.2872
10.9848 -6.0528
-1.4018 9.3763
-4.3461 -5.5839
-3.4123 -5.3485
-3.6816 12.5208
-5.1234 7.3351
-7.0838 5.4822
13.3124 -5.6072
0.2218 -1.5034
-0.6552 0.3927
-0.6838 -6.4445
-4.0237 13.2998
0.1304 -4.6767
4.2902 -3.8345
0.2817 11.7107
-3.7366 5.8603
-0.5637 -1.0405
-0.9394 1.8844
-4.6587 -2.9079
-1.1871 14.4516
-1.6353 0.6149
12.8852 9.9685
9.3276 -9.5848
-3.0508 -0.9361
-5.1136 0.1311
-1.5646 0.0588
-4.3246 -4.0126
-4.6472 10.4132
-0.2026 -2.7727
13.8750 5.8952
-4.1202 12.7006
-2.4590 -0.3453
12.2293 -7.2359
-1.7928 -7.4258
-4.9855 -0.7449
-4.7471 9.3255
-3.5681 -2.2056
-3.0255 13.1855
12.7391 -6.8307
-1.1206 10.5611
-1.2980 -0.7228
1.1325 -6.5635
9.8703 -6.9091
0.4088 -5.6995
-5.1770 7.9065
-5.0950 9.7688
9.9490 -2.8350
-0.6989 -5.7381
1.3679 -1.2630
-1.0053 -4.2803
4.3332 -5.2115
13.3675 -9.6442
-0.4700 -5.6323
11.1842 13.2015
-0.4001 -6.0847
12.0807 0.7419
11.0589 -4.1539
-7.2466 10.0293
-0.1196 -2.2228
-2.4620 -4.7989
-2.1200 -1.2429
-5.9316 0.4066
0.5562 -6.7692
0.4862 -3.3106
9.1539 12.2551
-4.4795 -6.9362
0.7111 -7.1042
-7.2327 -7.2581
-1.7414 12.6260
-4.4621 -0.5004
15.2059 -8.7759
-5.5312 -0.8220
13.9588 -0.8436
12.1639 -3.1649
-1.7054 -0.3566
6.9350 8.1117
4.9338 -0.2934
-0.4738 -1.7332
-8.7326 10.2001
-0.5166 -3.5681
-0.4147 -0.8652
-5.7958 -6.3371
-2.9380 -0.6914
-5.7151 10.9122
-3.6209 -5.3269
-4.9787 -7.0819
-5.4018 -7.6120
-8.3815 -4.6172
-7.3728 -3.1759
-8.4317 8.8275
-2.5019 -7.2831
-3.1738 -1.9551
10.4422 -7.8233
-1.1549 -0.6656
-3.6688 -0.9661
-6.2378 -5.1357
-4.3932 10.1488
10.9309 8.6385
-0.7943 -7.4685
-4.7289 9.9133
-5.0432 0.3415
11.3683 -0.7290
12.2839 -4.9508
-0.7946 -0.0816
12.7115 -6.2616
-3.7031 -2.6984
1.6909 -5.1309
-9.9974 -6.3201
-2.8108 -4.9994
-0.1067 -4.7623
-1.1761 -7.3298
-0.9447 8.9484
-6.1689 -2.1182
-7.0435 -2.6656
-6.2725 -3.0219
-3.8420 -0.4861
-5.3536 -4.5939
-5.7659 -5.5530
5.2315 -0.1192
-1.2102 -11.8030
-11.4248 -2.4083
-4.3980 -6.3550
-4.0815 15.0715
1.5364 14.8542
-7.1240 7.2135
-4.1586 -0.9931
-0.3526 6.1202
-4.7498 1.2406
-6.5085 -3.1296
-7.9073 0.0501
-2.3846 -3.1794
-5.2607 -8.4526
-3.0136 -4.7846
-4.9952 9.6048
10.0893 -6.1931
-6.2131 -3.3334
-5.1146 0.0639
-3.7599 -0.1350
-1.5725 -0.6369
9.9477 -4.2283
-4.5703 -5.8067
15.9574 -3.7626
10.8428 -5.3246
-2.2737 -6.6305
-0.6006 -0.1597
-5.6680 15.1058
-8.8122 -3.7929
-2.8816 0.2089
-3.0703 -0.8863
7.6648 -6.2617
-3.2663 8.5878
0.1622 6.0799
11.1240 1.4250
-8.0925 -6.9500
-6.0836 -1.2780
-6.3494 -10.4600
0.2204 0.3659
6.5603 -6.1162
-6.2776 -5.3639
11.0895 2.1086
0.7552 -2.2901
-6.3670 -5.3509
8.7628 -5.7387
15.1170 -0.6497
-5.5952 -2.2288
11.3542 -0.5882
-3.0597 -5.7558
-2.0824 -5.9496
4.3948 -3.7701
-3.8361 -4.4475
-0.3858 8.3570
-7.6600 -0.7349
11.3952 -4.7555
-4.4092 0.1193
2.4072 -7.0231
-2.8156 10.0924
-0.3369 9.8760
10.1289 -5.9957
-1.5839 -5.1104
0.5621 0.2014
0.0007 -6.8360
-7.7031 -5.6906
10.8398 -5.3211
-3.8122 -4.9842
-3.4438 -10.8827
-6.8005 0.1126
4.3038 -4.0901
0.1833 -1.6103
-5.9574 11.6027
-0.2670 -0.0538
-4.0684 -9.7935
-3.9193 -2.4288
9.2168 -0.5409
-4.9745 15.8858
14.5617 -5.4710
-0.9617 5.5420
11.5269 -4.9011
9.4286 10.4263
