5
2.4791 -9.0156
-9.0766 5.7171
6.0713 -9.2026
3.7751 7.1744
3.5233 5.9357
5.6041 5.6406
3.9807 5.1042
5.3261 3.7460
5.4207 5.7562
-8.8933 -8.5925
5.1575 5.3813
5.5018 5.1191
5.5702 -8.3838
5.5393 5.7167
3.8126 5.2716
5.2591 4.3295
4.0479 4.5833
5.6333 5.5356
5.5716 -9.3330
-8.5593 -8.7161
4.1189 -8.9924
5.9039 -9.5181
5.7691 5.3815
5.2379 5.4097
3.6859 5.6413
3.8679 4.3038
5.4593 5.7408
4.3329 4.0753
5.8515 4.9257
6.7375 -9.5837
-9.0285 -5.6134
-8.8319 5.5516
3.0006 4.7073
4.5501 4.6072
-9.5081 5.1630
4.1121 5.3966
5.7180 -9.1876
4.6199 5.1655
-8.9510 6.3073
-9.0714 5.4220
5.5764 5.1869
5.2689 5.3937
5.2865 -2.9068
5.0741 4.7501
-4.6954 4.6789
-8.8186 6.7526
5.4805 5.7534
5.5758 5.6182
4.5809 5.6295
-9.3400 -9.1134
8.1948 -9.2147
4.1969 5.2591
5.6601 -9.3973
3.7011 2.0769
5.4810 3.1646
-9.1591 4.3929
5.6386 -2.6445
5.6620 3.8954
6.5393 5.7042
5.7720 7.4638
4.9797 5.7729
-9.2522 5.5031
3.8599 6.3192
-0.5402 4.3688
5.6104 5.2017
3.8526 -8.8477
5.5157 5.5479
-8.9114 4.3442
6.0076 5.6109
5.7700 4.7381
-9.2698 -1.3005
5.6766 5.8913
4.1560 5.4804
4.0136 5.6409
6.5714 -8.9369
5.3371 4.2273
7.2623 5.1107
-9.1812 4.0214
4.4502 7.1492
4.2215 5.7399
5.3752 -8.7190
-8.6829 -6.7609
4.4598 4.0062
4.7704 5.5400
5.6054 3.3620
5.2691 5.4286
5.7681 4.0600
5.4846 -9.5039
5.6156 5.3257
5.7174 -9.1067
5.9317 4.8212
6.7369 5.3548
5.2907 -9.1426
-8.9748 5.1421
-1.0190 5.8004
5.5725 -9.7509
5.5151 3.8594
5.5423 -9.0233
4.2376 5.6051
-0.7999 5.7778
5.6430 6.5795
-5.8042 5.3472
2.7158 -9.3438
6.0519 -2.6855
4.1835 -9.2256
-8.6262 5.4466
4.0601 3.1838
5.6603 -1.7186
5.7462 -9.3397
-9.2413 4.1312
4.1983 -9.3487
-5.0926 4.4253
-1.1034 5.3994
4.4640 5.3584
5.5829 5.6600
6.1500 5.6833
5.4842 3.4209
4.2898 -9.3755
-9.8993 3.8838
5.1670 5.4302
-8.9669 -9.0581
6.7053 5.9109
-9.2265 5.5409
-8.2293 4.7279
5.7412 3.7535
5.6182 3.6948
5.3596 -9.3442
-9.0868 5.0257
0.9438 5.0563
4.0796 2.8621
5.8441 5.3455
1.1006 5.5737
-5.7727 -9.4304
5.7234 -8.9680
-6.0584 4.0121
-5.8518 5.0928
-8.5416 3.5436
5.4488 6.5426
5.6568 5.2383
7.5427 3.8909
-8.6638 5.6389
5.5723 5.8933
5.6205 5.3658
3.0374 5.6281
4.8825 5.4506
5.5269 5.3326
3.7550 4.4656
3.2216 5.6127
5.6366 5.3371
-9.4522 -9.2515
5.7439 4.1206
5.5344 3.0638
3.5271 5.4208
3.2601 -9.2581
5.3408 3.8693
-8.4503 5.7981
-8.5362 -9.1241
5.5524 -8.8695
-9.2087 0.3204
-9.1473 3.7657
5.3899 -0.7479
5.2212 4.5015
4.9195 4.5444
5.4885 5.6331
-9.3373 5.5098
3.0700 5.8601
-9.4836 3.2519
6.2708 5.6260
-9.3658 3.6264
5.2067 6.1530
4.4241 4.6427
4.8717 5.5100
4.2256 -2.7157
-9.1037 4.8853
5.7699 -9.2636
-8.8861 5.4325
4.3234 5.7949
-9.2831 5.0864
2.5559 5.3717
4.8890 4.3146
3.7932 5.4314
-8.6302 5.6163
-9.5516 4.8991
5.3130 5.5908
2.6872 -8.6346
4.2643 5.4012
5.4067 3.8136
-8.7279 4.3716
-3.4135 1.8610
5.7824 2.6343
5.2673 5.5508
4.4691 -9.5404
7.2736 3.7215
4.6010 -9.0041
3.7583 5.7092
5.5882 5.6481
4.1150 4.6212
-9.1127 5.3061
-9.0809 -9.5006
-9.0181 5.3449
5.6445 -9.7680
5.1898 6.1861
3.5256 -9.1187
5.4185 -9.0765
5.6784 3.7465
2.3424 4.3702
2.1313 4.3799
4.5518 5.3950
5.1215 6.0082
-8.6898 5.4518
5.9518 -9.1090
5.9259 5.3039
5.2487 5.5098
5.5235 -8.8964
5.1129 4.4955
6.7194 5.6516
-9.3554 5.5193
5.4906 3.1217
4.1147 5.5201
2.1963 5.6276
-8.6895 -8.7082
5.6104 5.5484
3.5889 -0.9913
-9.0940 4.2297
2.0300 4.3221
5.5700 -3.8598
5.5176 4.9981
-8.8752 4.3211
5.3559 4.2112
5.3512 6.0234
5.3320 5.5537
5.5982 5.7320
3.1986 -3.5288
-8.4782 -3.5333
5.4942 4.7498
5.7051 3.5745
5.4760 -3.5939
4.1751 -8.8583
-4.3600 5.4284
-9.1355 5.7779
5.5055 0.4351
-9.2046 -3.3200
4.6682 5.6676
4.1201 -8.4460
4.8680 5.4276
-9.4791 6.0576
-8.8880 4.7420
4.2002 5.7738
4.4574 2.9164
5.5754 4.7499
5.7292 6.5630
5.2927 -9.0805
5.8628 -4.4514
3.0722 -4.1240
5.5411 6.1487
5.7314 5.7591
-1.6290 4.7245
5.0858 -8.8244
-5.6117 -9.3291
2.0617 -3.3165
5.2375 5.2613
6.6198 -9.8539
4.9548 -1.9196
5.4738 4.9548
-3.8289 3.8632
-8.7565 5.3909
5.7516 5.7101
5.3740 2.4639
4.6109 5.2281
5.6434 5.0517
5.1617 5.6506
-8.9578 -8.3278
5.1838 5.8099
2.2093 -10.0526
4.8126 -9.1076
5.6827 5.2506
3.8517 5.6514
4.5754 5.7290
4.5940 5.8200
-9.3828 -9.4063
5.8252 6.5970
-2.7964 5.7689
5.9014 5.6524
5.5250 -8.7335
5.4654 5.5612
4.9446 -4.3976
4.6514 5.6634
5.5419 -9.4549
3.8233 4.4498
-9.0166 -9.4419
5.1635 5.4450
5.9237 5.3847
5.5341 5.3278
5.5630 5.3142
4.6613 3.2525
5.3138 4.3553
-9.7087 6.0787
6.6876 -1.2192
-9.2773 5.3775
5.2641 5.6691
3.1915 -9.3059
-9.4584 3.5928
-8.9801 5.3237
5.2981 5.1119
4.8217 -9.4973
5.4895 3.9167
-1.6191 3.8668
5.5084 5.4723
5.9328 3.3283
4.1119 -8.6079
-4.8344 5.6858
4.4165 4.2637
-8.8550 3.3880
2.8806 4.0986
4.1185 5.2684
10.2649 5.4410
-9.2577 -5.7207
3.3244 -8.6850
5.4014 0.8035
-9.2307 5.2958
5.4454 5.1030
6.7420 7.2314
5.6383 1.5168
5.3690 -2.1370
5.4545 -9.5600
5.4251 4.7257
-8.4334 5.4151
5.6811 -3.3823
5.3851 4.1028
7.6003 5.2621
3.6949 5.8289
4.2180 4.8101
4.7895 2.4135
5.2531 -8.8249
5.4915 5.3907
-8.7068 5.2833
5.3466 5.8109
4.5317 -9.5428
4.4474 -8.8291
-8.9376 5.5063
6.4385 5.0497
4.3578 5.6660
-4.1043 2.9137
5.2250 4.2958
5.2334 -9.2736
-2.7038 5.4906
4.5325 -9.0106
5.1501 5.8183
5.4476 2.7003
-9.2654 3.4895
4.1132 5.5876
-4.8623 3.9413
4.0948 5.3243
2.4999 4.8982
5.6879 4.0430
5.5216 4.1054
5.4040 3.7487
5.3140 4.2493
5.7339 5.6979
5.8269 -1.2075
5.7900 -0.6818
5.3240 4.9654
-9.2249 5.5901
-9.5233 -9.0787
5.2102 -2.4968
3.9143 4.2570
3.3974 4.2540
2.9637 5.5831
4.7605 -8.5561
6.1702 5.4540
5.7823 5.6260
-3.7295 0.7409
3.8266 -9.6734
-8.4654 -9.0721
3.7187 4.3001
4.3144 4.6605
5.2953 3.6741
-5.1614 4.5738
4.0655 4.7246
-9.3085 5.4672
5.3224 5.6760
-8.5841 5.3645
-8.9886 5.6373
4.0144 -8.8041
5.2744 5.1898
2.7369 5.7232
5.1155 -9.0939
5.8199 5.1240
-9.1010 5.1953
5.4440 5.8479
3.7791 -0.8797
4.4040 5.3320
5.2211 5.6619
-3.5657 7.0036
4.2973 -8.6446
3.3182 -8.9239
4.7062 4.5048
-4.5360 -6.2111
4.7467 5.0033
5.4394 5.9250
5.8921 4.1914
6.3338 5.1833
-6.5060 5.3856
4.9932 3.3266
4.6205 3.2174
5.9812 5.1342
5.3953 2.3831
5.7067 5.4655
4.7534 5.6119
4.5915 5.3737
5.5726 2.6186
5.4900 5.4360
5.8431 -8.8219
5.2211 6.3559
5.0872 3.4082
5.4035 5.3142
4.7568 4.1170
5.3973 3.5533
5.0694 5.5981
3.5329 5.5440
-4.0921 4.9540
5.3140 4.9677
-8.7206 -9.4701
2.3263 3.6258
5.9193 0.3727
-8.8051 -3.1221
-8.8376 4.5360
4.0573 3.3135
5.8276 3.8273
-9.2478 5.3964
-8.6271 5.6178
-8.6450 4.9978
4.3059 3.8679
5.6744 4.8221
-5.4822 5.4886
5.9443 5.3436
5.5817 4.0412
-9.3488 6.8320
5.5056 5.1830
5.5012 5.4647
4.2845 -9.1904
4.8254 5.7859
5.6163 -9.0736
4.1572 3.5865
-1.4032 -8.6848
4.8246 -9.0381
5.5439 3.3923
4.1498 4.4489
5.6984 2.3438
5.4087 -2.8422
5.4266 4.4055
-9.2147 4.8146
5.9223 5.4708
4.8758 -8.5676
4.1352 5.4187
-8.4505 5.8651
4.9269 3.4770
5.3908 0.1715
5.5985 5.2998
5.6593 5.3939
4.9946 3.3766
-8.8334 4.2124
5.8822 5.3381
-6.2529 -9.1287
5.3098 3.0474
4.4087 5.9252
-1.0373 2.8329
5.5007 5.7056
-1.4526 -9.3378
-9.1128 5.6290
6.8524 -7.6522
5.9258 5.0552
5.3992 -0.7673
5.2545 3.5408
5.3487 -8.6928
6.0807 1.4490
5.5811 5.5907
2.7169 -9.3442
5.2675 5.5394
5.7736 -9.1624
-5.9850 5.0732
5.3834 3.5868
5.1716 5.6605
5.6980 5.4387
-8.5766 4.2161
4.7025 5.6945
2.8195 5.5439
-9.2712 -9.2615
-8.6452 5.7671
5.7641 5.6975
-9.3124 5.5403
-8.9578 -9.2003
4.0939 6.0738
5.6061 -9.6452
3.2499 -8.6639
5.4624 5.3626
4.3479 5.9824
5.1505 3.5246
5.8161 -9.2231
5.6489 4.7243
5.3888 4.8872
5.0526 4.8722
3.0487 3.3078
5.5720 5.4041
5.2239 -9.2928
5.9258 3.7204
5.6436 -5.5851
5.6555 4.9469
5.4821 5.4557
-8.4574 5.9292
-8.8787 6.0708
-9.0579 3.4805
-8.9188 3.0595
5.5446 5.2353
3.8284 5.6084
5.7575 6.1699
-8.9914 5.4651
4.3658 3.9100
5.5335 7.6025
-8.9865 3.3747
4.4971 5.2694
2.9430 7.3585
-8.2765 3.3751
5.7127 2.2976
-1.7029 5.7188
-9.5362 1.7801
-9.3439 -9.3453
5.5947 5.2283
4.4084 6.0762
5.0897 4.0923
4.8737 -8.9810
5.2813 5.4954
-8.5584 5.7086
-9.1691 4.1108
3.0423 5.5516
-9.6066 3.9170
-8.9652 3.4814
5.5854 -9.5577
5.0777 6.1060
4.9649 3.6433
4.5611 -9.4578
-9.2890 5.2155
-8.9183 -8.4519
5.3529 4.2271
2.2846 5.4404
5.4735 4.6349
4.9328 -9.3066
5.5223 5.2898
5.4772 5.7923
4.5509 5.3439
7.5394 3.4946
5.6727 3.0297
6.0992 3.4346
5.5376 5.5377
5.4088 3.0667
-8.9074 5.7976
-9.3740 4.0733
6.5225 -9.0932
-8.6101 4.3298
3.5965 5.4235
5.3027 -3.5919
5.9714 5.1468
2.4219 3.7584
3.4929 -9.2553
5.4075 3.9246
5.5897 5.8535
4.1911 -8.6171
5.4223 5.4149
4.5732 -9.0219
3.1527 4.6906
5.5953 4.0586
3.8730 4.0031
5.0923 4.4139
6.3071 5.1472
-9.0936 5.6214
3.8164 4.9645
5.6466 -7.6147
5.4450 -8.9202
5.8367 5.4034
5.3175 5.5517
5.3254 5.3056
5.4450 6.8291
-8.9262 4.0086
6.1198 -8.7517
5.4567 4.1319
2.5957 5.5747
5.4473 5.3234
4.2649 5.0507
3.8273 4.2363
5.4398 5.8270
2.8802 5.3498
5.2612 -9.0219
6.2241 5.3177
6.0256 5.5137
4.3500 5.4622
4.7555 -9.6099
3.7199 -9.0721
3.5587 3.8986
-8.5897 5.4909
5.3677 5.5105
5.7924 4.5486
5.1013 5.5328
-8.6215 5.0347
4.1043 3.7292
6.6911 3.5519
-0.0527 5.4722
5.3172 3.7466
5.3156 5.1638
5.7184 5.0083
3.8293 5.4409
5.8270 5.5990
3.7536 -8.8765
4.1327 5.1969
4.1465 -9.1980
3.5645 5.7033
5.6997 4.7255
4.2816 -9.0589
-8.8943 -7.6124
5.6205 -3.6124
-2.0935 5.3121
5.4389 1.6646
5.3336 5.0241
-9.2879 4.8089
4.2404 5.4368
-9.2929 4.4059
5.2700 5.8621
-9.2490 5.9335
4.2647 5.0879
4.0968 5.3050
5.5224 -9.1347
-8.6846 3.9295
5.5778 -9.3838
-9.0110 -9.3565
5.9265 3.8220
5.3361 5.5214
4.6976 3.7170
-8.9106 2.8804
-3.7147 -9.0276
5.5097 -9.1628
5.4285 5.6495
5.5117 3.2488
-8.5981 -9.5335
3.7716 3.1163
5.6111 5.2810
-9.3567 5.9715
3.3700 -8.9609
-9.5065 -8.3075
5.8394 4.7068
-9.2171 -9.0768
5.4661 -8.8706
4.3474 4.8720
3.5728 -8.9085
3.0805 5.5611
3.8542 5.5935
5.9084 -5.7421
5.6787 4.8755
2.2997 -9.0723
5.5959 5.5447
5.7935 4.2234
-9.2109 5.6434
-8.8744 -0.7071
4.0268 -4.0702
-9.1286 -7.4875
4.4889 3.0257
5.4971 6.0707
5.9494 -8.6087
-9.4905 5.5542
-4.3338 -9.5505
-8.7507 4.8312
-9.0582 -8.8636
-8.9457 4.3556
-8.4006 5.9546
5.5419 5.5774
5.1636 2.6179
-8.2728 2.1631
-0.6617 5.3712
5.2577 3.9245
5.3937 5.5106
3.9879 4.5072
-5.0423 5.2519
5.6453 6.4323
5.4459 -9.4326
-9.0636 3.8327
5.4305 5.6733
5.4919 -2.8270
-9.1955 5.9158
-8.9751 5.5002
5.4723 4.1541
-9.2608 5.6557
-8.4517 4.9607
4.7602 2.6807
5.3248 5.9641
4.2001 -8.8061
4.2176 5.8733
5.4373 -9.4097
3.3662 -8.7812
5.5610 3.8763
5.2864 5.3799
5.1088 4.5437
4.9897 5.8906
-9.2225 -9.5805
4.6812 5.0103
3.2028 5.4607
3.0635 4.4693
3.9117 5.8911
-9.1525 5.2226
-9.1805 -9.4569
4.4619 5.0570
5.1846 5.0249
5.5280 -5.0450
4.1912 5.3795
-5.4993 -2.4476
-6.9755 4.6651
-3.2461 5.2465
5.2334 4.6596
-8.6767 4.2273
3.9914 5.3617
4.4523 -9.6543
5.7407 5.9806
4.3629 4.6443
-8.5188 5.5368
2.7927 4.9215
-9.0097 -0.9504
4.8702 7.1945
0.5948 -0.1672
5.3135 5.5643
-9.2968 -8.7973
-9.2420 5.7338
4.6276 5.5974
3.7749 4.7177
-8.9039 5.7245
4.6129 5.6755
5.4265 4.3767
2.4535 5.4897
7.4724 -8.7910
5.7815 5.7029
5.6831 -8.8475
-9.3659 4.1032
5.7207 1.0416
0.6441 4.0471
5.1248 5.7040
5.5127 5.0635
-4.1892 -9.2613
-8.7088 -8.6415
5.1003 6.1118
-9.2153 -8.8332
-9.3366 5.8107
5.3711 -8.7276
5.6249 -1.9954
4.3208 5.3353
4.5972 4.6032
5.2615 5.5584
5.7193 -3.4265
5.4604 5.4699
4.4235 4.5851
5.7139 3.9480
5.5453 6.0084
4.1505 -8.6849
-8.8568 3.9375
5.8274 5.2346
-1.1391 -9.4412
-1.8138 5.5499
4.1605 5.4706
4.7963 5.7597
-9.3648 4.2780
3.7414 4.6390
-9.4677 -8.7120
-4.1487 0.6394
4.7955 4.9875
5.4565 5.2954
-9.2497 5.3286
6.9281 6.5457
5.5013 -8.6036
5.5047 3.4485
5.4014 4.9788
5.2348 -8.9254
-9.4691 -9.2753
5.4157 -8.7451
1.8160 3.9970
-9.0784 5.4292
5.2384 -8.1893
8.1802 5.4208
5.1588 5.5556
-8.9863 -8.8963
4.9611 4.3759
-8.8905 5.3486
3.8584 -9.1035
5.7235 5.4314
-8.6414 3.4437
5.6566 5.7621
5.9718 -9.3263
-9.4175 -9.1242
5.5794 -9.1009
5.5786 -0.6529
5.7684 5.5350
5.5916 5.9288
5.2450 3.9088
5.4449 -8.9520
3.6174 -8.9431
-6.0180 5.2799
4.9253 5.7120
6.1114 -5.1104
5.5726 4.1106
-9.4914 -9.0527
7.4904 5.6007
5.2525 5.6313
4.4210 4.3538
5.2180 -8.7190
3.7274 2.9560
5.6711 -9.1717
4.9499 -8.7199
-8.6870 5.4903
5.4702 5.4730
5.7120 -9.0593
5.6112 4.7659
5.4286 -9.0158
2.5285 5.3807
5.4671 6.1854
4.2914 3.1092
-9.2681 -8.7385
5.7885 5.5745
5.1327 3.7909
5.5414 4.4409
3.6803 5.3189
-8.9331 5.2698
4.4833 -9.4731
-0.7696 6.3342
7.8970 5.4591
-1.9352 5.5164
4.8546 5.5085
5.2131 5.9347
5.8265 -9.2748
5.4752 -2.6240
4.9341 5.3629
-8.5928 6.0144
-4.6173 5.4746
5.4070 3.2445
4.7995 -9.0519
-8.9067 5.4695
5.9862 5.3772
5.4662 5.4584
5.6184 3.5517
3.7672 5.6251
4.3127 -0.6551
5.5951 5.7542
3.6823 3.8154
-2.5723 -2.7836
6.6387 4.8608
5.6725 0.7398
4.8670 5.7105
-9.4367 4.4589
-1.4375 7.5120
5.7903 5.3301
5.3159 5.1670
3.7823 5.3373
5.5227 -1.5367
6.2712 5.7553
4.0896 5.1062
5.7837 5.6491
5.4571 -8.6662
5.6894 -9.2051
4.7487 3.5382
5.6963 -6.9541
5.3362 5.1662
-9.0024 5.3325
5.5812 3.5977
5.7040 5.4598
5.4352 6.0575
5.4904 4.6863
5.8107 6.3762
5.4579 4.2339
4.2959 5.3400
6.4229 5.8169
6.1054 5.1169
-9.2586 3.2629
3.0858 5.4949
5.4413 -9.6212
-9.2809 -8.3274
5.4891 5.7487
-8.8930 4.9114
3.5640 -8.8930
-9.8561 -9.0898
5.8204 -8.8783
-9.4000 5.4667
5.9272 -8.8580
6.1903 5.1977
-9.6630 2.9137
5.3290 5.2380
5.4173 5.3785
3.4689 5.0469
5.4766 5.2642
4.1187 9.0490
6.1076 -9.2615
-1.2311 5.9243
3.7759 4.5485
-5.1776 7.1340
5.5301 3.8284
5.4731 5.5473
3.9670 5.6466
5.6392 -8.9511
6.2819 -9.3996
5.7134 5.5483
5.6064 -4.4881
6.2613 -8.6280
5.4987 -9.1124
5.4502 -8.8860
-8.7947 5.4770
5.8030 5.4754
5.4577 -8.2144
5.3804 -9.2628
5.6802 5.5628
-9.0782 3.0694
5.7717 -8.5752
-3.2781 -1.7997
5.2869 4.3368
5.2684 4.0089
5.4394 4.0869
5.6361 5.4746
-0.1500 5.5839
6.6574 3.8814
4.8166 4.9249
5.5479 4.8716
5.7402 0.1547
-9.4936 4.0194
-9.4686 5.5725
4.8621 -9.0061
-9.4411 3.9550
-1.9292 -9.0965
-8.8142 4.6481
5.8882 -9.2661
-8.9226 5.5875
-8.5276 3.9591
-4.7753 5.4217
-1.9339 5.3499
5.3545 5.2209
4.7146 3.8042
-8.4788 -8.7580
4.0632 -9.1663
5.3609 -0.4431
-9.4876 -9.0914
3.2722 4.3141
5.5501 -9.3114
5.7183 -9.3970
5.1086 3.4530
5.8342 5.3382
-9.7935 4.3358
-8.9747 5.3982
5.4967 5.4951
-9.0439 11.1118
5.5517 3.1956
-0.2397 4.1387
4.0326 4.3491
5.3796 -8.6191
-9.2522 -9.2699
-3.0393 -4.6811
5.6006 2.8479
5.1198 5.1135
-8.8848 10.3394
5.3379 5.0411
-8.7584 1.3468
4.4866 5.4585
5.6975 5.2133
-3.0189 -9.5530
5.4005 -4.7288
5.3019 -4.9097
4.3773 5.8662
5.2540 5.3067
4.8784 5.2610
3.1527 7.1848
5.6304 -9.1261
-8.4711 -9.3675
-2.0353 3.7545
5.5990 -9.1758
4.9748 5.6027
5.7360 4.7952
5.5625 -9.1691
6.1491 -9.3612
-9.4549 5.8503
-8.7665 5.4690
-2.2487 3.8108
5.4104 -9.1056
5.4614 5.2915
5.1038 3.6898
4.7239 5.5790
5.5963 -9.1224
2.4097 3.6149
5.5891 -5.1652
4.4529 5.4346
-8.7577 -8.8741
5.6912 5.5823
5.3562 2.6345
3.3587 5.4778
3.0498 3.7297
3.7813 6.1451
6.4669 4.4222
4.1040 5.3569
-9.3017 5.0430
5.3793 5.5512
5.9252 5.8458
5.8113 3.7735
4.1715 5.6398
5.3443 4.9847
-0.8244 3.3826
6.4555 5.6480
-8.9441 5.7108
5.4964 5.3209
-3.1069 4.8931
5.3034 5.4342
5.5167 5.5503
5.7354 5.4246
5.1946 5.4068
3.2815 5.6389
5.5585 0.9237
-9.1564 4.9846
-0.2976 3.2931
3.7257 -9.3871
-9.0558 2.8867
-8.8156 -9.3867
5.5496 5.0482
-8.5634 4.8227
2.1999 5.2312
5.2417 -0.6171
-4.3029 4.8456
5.4479 5.6028
5.5307 -5.7150
4.0039 5.2176
3.9830 4.7410
3.0828 -9.1349
3.1625 4.5121
4.3382 4.2866
5.2090 5.4208
2.6006 -9.0589
4.4164 5.4681
5.3075 -9.0769
5.2741 4.5119
4.8097 5.6458
5.4873 -8.6882
-9.4541 -4.4152
2.5736 5.5425
5.8421 -5.3089
-2.3874 4.7442
6.3582 4.3218
5.4876 3.5863
4.9397 -8.9691
5.8866 5.5709
3.8904 3.7884
-4.6092 5.2506
5.5939 -9.4585
1.0240 5.6261
-9.3184 3.1941
2.3705 5.2537
4.3091 -8.7346
5.3676 5.5021
-0.6316 5.5667
5.4690 5.4999
4.1072 3.6458
3.1161 -9.1144
-9.1039 5.2481
4.1159 5.3197
5.8280 5.5866
5.4947 5.8501
5.7013 5.8183
5.5577 3.3302
3.3818 4.1866
5.0190 -1.2658
-8.9048 -1.2720
-9.1138 4.5064
5.3569 5.5999
5.7080 5.2183
-8.7299 5.4174
5.4246 3.6669
-0.3414 5.1355
8.2384 5.0784
3.7454 5.4936
6.4951 3.8936
8.1008 0.2955
5.5050 -4.5299
4.5580 5.0843
5.1656 5.3164
4.9420 5.1469
-9.2586 5.3829
5.3960 5.7022
4.6278 5.5985
4.0855 -9.3839
5.2212 5.2050
-8.8035 5.5429
5.4860 6.0102
5.7290 5.4509
4.2911 5.4381
5.3190 5.6390
5.3281 5.2068
5.7926 -2.8664
5.5371 -8.7032
-9.1571 -8.9864
-9.0797 5.3034
4.6304 3.3102
5.7788 5.2896
5.6836 -8.9722
-9.0313 6.1935
5.4104 -3.6699
5.7956 5.5565
5.7498 -9.2381
-8.9597 -8.9107
3.3367 -1.2502
3.5613 -9.2958
5.4913 6.2313
-9.0873 5.5659
6.1045 4.1361
3.5972 5.3802
2.8003 5.3343
5.3639 5.5378
5.4862 5.5479
5.3826 -9.0996
5.5986 4.9702
5.9143 5.3270
-2.3434 5.3134
4.3748 5.6434
5.3822 3.6586
-8.7323 4.6025
3.9106 -5.6299
-8.6935 5.6304
5.4963 5.8938
8.2117 5.5038
6.0130 5.5107
5.9661 3.5821
5.6966 5.3111
-6.7463 4.0183
-9.3318 3.6326
5.1665 4.7518
5.5956 5.2083
3.2354 -9.1869
3.2151 -3.6544
-9.0595 -2.1667
5.3865 -2.9754
5.2884 5.5248
4.8463 4.8433
4.6080 -9.2532
-9.1890 5.4749
5.4585 5.7392
5.8833 5.8716
4.5728 7.0064
-1.9808 4.3192
5.3313 5.5758
-8.7417 5.3887
-8.9488 3.5336
5.2554 5.5341
-4.3612 4.4985
7.2291 -9.2755
5.3097 4.5776
4.1060 5.4982
5.3439 5.2398
5.5068 5.7106
5.6856 -9.4039
-2.5320 6.4379
5.2671 -8.9291
-3.3224 4.4955
5.3311 4.4889
-8.6933 -8.9884
3.1564 4.0460
5.0893 2.7872
4.2415 3.3876
5.0139 -3.3842
5.6936 3.4519
-9.1103 3.6982
-8.6812 2.0613
-8.9341 5.2775
-8.9110 4.7683
3.4465 4.4726
9.3359 5.3337
5.4142 5.4958
3.8172 4.4302
5.4173 2.8144
-2.3581 4.1803
5.6098 5.4888
5.2943 -9.1836
4.4973 -4.5022
4.2977 -8.8758
5.5610 5.5341
5.2331 3.4151
5.6278 -1.3434
4.4816 5.4641
4.4530 -8.6623
5.2412 5.2303
3.7988 5.5023
5.4910 5.4707
-8.6133 4.8356
-9.0309 5.0955
5.4894 4.7938
-3.2262 -9.3536
5.8413 5.5804
-4.6571 3.6971
4.3137 5.0686
5.3583 -2.9724
5.5359 5.3961
-8.7712 -4.6538
5.3218 5.6336
4.5016 5.7088
5.6587 5.2464
5.7904 5.4638
4.1241 4.3368
4.2098 5.5256
3.4201 -9.0387
3.3729 5.2323
-3.2774 5.1827
5.3136 -9.1029
6.4872 5.8910
4.5835 5.7294
5.5059 4.8266
-9.3210 5.2744
3.1473 4.0938
0.9161 5.4170
5.3780 5.3286
5.8118 4.4125
5.5312 -8.5966
5.0592 5.4229
5.5065 5.6119
5.5364 5.5093
5.9970 5.5071
4.5436 5.5917
5.7410 9.0081
5.0053 5.4985
5.6226 3.5652
3.6064 5.6262
4.7334 -9.3419
5.4907 7.0548
4.2155 3.2590
5.4625 5.3809
5.1451 5.4219
5.4710 3.0595
5.4274 4.0211
-9.1552 3.4538
-8.8113 5.2007
5.9827 -9.2475
4.2674 7.3265
-9.1714 5.1472
5.3568 5.9842
6.2942 5.6180
5.0877 -9.2170
4.8908 4.1465
5.2633 5.6878
5.7133 5.1934
5.1067 2.9844
3.7572 5.5884
4.0445 5.0805
5.5178 -8.4617
1.6544 3.9553
-9.2163 5.3789
9.4753 -8.6398
5.6466 5.3466
4.7909 5.4723
5.6527 4.2663
5.3609 5.7010
2.2335 5.2729
-9.7225 5.4636
5.4541 5.7498
3.7150 4.7535
5.3320 5.5414
3.3165 5.5386
-8.6196 -9.1706
5.3071 -9.5032
2.9642 -5.6548
5.9914 5.0000
-7.1809 5.5179
4.5630 5.7903
3.8064 5.4086
7.0521 -8.9605
5.3158 4.3571
-1.9486 5.3670
6.2565 -8.4221
5.5270 4.1451
-3.6537 5.1956
-8.6391 -5.4980
5.6141 0.2047
4.6275 3.4028
3.6777 5.2222
5.2871 5.7258
-8.4015 5.3356
4.5286 4.9185
5.2502 5.2701
5.5151 -9.1027
4.3260 5.2117
-4.0326 -9.1820
5.7743 -2.9130
5.0283 3.9862
4.4900 5.5462
5.1871 5.4818
5.5780 5.5770
3.8570 5.2086
3.3802 5.2106
-1.4729 -7.9882
-8.6122 5.2073
5.2938 -8.9408
-9.6437 5.1827
5.8281 2.1957
5.4242 5.2255
5.3248 5.0654
4.1556 -1.7945
5.3896 4.9749
5.2861 4.4751
-9.0076 -2.9089
5.5289 5.2488
2.8571 3.9403
5.6126 5.4901
4.8519 5.4944
5.1127 4.5493
-8.6325 -8.8057
5.5826 4.0040
5.0630 5.6140
-8.9528 4.2600
-9.3574 4.7369
5.8440 3.5841
-8.3514 2.2921
4.4060 -8.6437
-8.7046 -8.7895
5.6934 6.1248
3.4919 12.1853
5.5653 -8.9959
4.1759 5.5225
5.6526 5.7428
0.7367 4.4893
5.8524 3.7143
5.2246 3.9756
3.7075 4.3221
6.0006 4.0013
5.8669 0.5290
5.5490 5.0980
3.6082 4.9510
5.4397 -9.2829
-5.9356 4.5064
4.8425 3.9804
5.0340 5.6874
5.7282 5.0249
3.7514 -8.8954
3.7023 -9.3874
5.4462 5.0190
3.4406 5.3208
4.4447 5.0181
3.5965 6.0942
4.2825 4.0282
4.7779 4.2087
5.4251 4.6649
5.4485 -8.8255
2.9733 4.1508
5.6047 6.0077
-8.5393 4.6461
-8.9960 -8.9073
5.3081 0.2194
4.8185 5.6151
5.6484 5.4868
5.5210 -8.9046
-9.1426 5.4489
5.7280 5.8570
4.1642 4.4303
-9.0441 4.8575
-8.6821 3.3802
-8.5736 5.1454
-8.4006 5.2633
-9.5004 5.5551
4.0168 2.9403
-8.7944 5.6013
3.8680 4.5428
-2.7097 5.1693
4.2713 5.4143
-8.7794 -3.5790
-9.3452 5.1207
5.5373 8.7712
-9.0610 5.0759
5.2226 5.6149
-9.2165 -8.9655
5.2532 3.9530
-4.7619 8.1464
-9.0447 -8.9870
5.9593 5.7217
5.9634 -8.5111
5.4382 3.6813
5.5747 5.4234
2.6886 5.7923
6.9993 5.5824
-9.6102 11.0506
5.8205 -9.4376
6.4434 5.3858
5.5551 -8.0600
3.9131 2.8616
5.5527 -8.9844
6.0507 5.2789
5.2784 5.6134
5.2642 6.4025
5.4981 5.7907
4.7677 4.4809
5.5382 4.8852
4.9449 2.9701
5.5601 5.5554
4.8149 -1.4461
5.4732 5.7108
5.3406 3.1807
4.0116 5.7885
3.6871 5.6302
4.9928 7.7196
-6.2726 5.2941
9.9192 5.3922
5.9652 4.6223
5.7287 4.5538
4.4719 8.0073
-8.9725 5.3834
5.3759 4.4866
4.0758 -8.8937
-9.0568 -1.0349
5.0717 3.0234
5.8085 -8.8369
5.5879 -3.7612
5.5509 5.0163
5.7798 5.8232
-4.2307 4.5591
4.1399 4.5308
3.5532 5.4047
-9.0744 5.5402
4.9466 7.8514
4.6333 -8.8582
-2.0952 4.9645
5.3525 5.5697
-9.3240 5.5452
-1.9879 3.7337
-9.2025 5.3083
-5.1001 5.3959
-2.4444 5.5113
5.4496 -9.4770
3.2099 4.8815
5.5793 5.1349
-8.6368 5.4775
4.9736 4.5095
-9.1132 5.3544
6.5375 5.2308
5.0429 5.4618
-4.6330 0.1369
5.4898 5.5565
6.3615 -9.1593
5.2985 4.9772
3.3317 3.8957
4.4458 -1.9146
5.4553 -8.9819
5.9771 5.7253
5.6394 5.4695
3.1792 4.8739
5.4449 4.6135
-9.4935 5.1146
-8.3640 4.5679
5.7643 -9.2399
5.2152 5.3930
3.9644 5.2541
5.3873 2.9925
-7.6808 5.5407
-0.7021 5.8645
5.3835 3.3416
1.4168 5.5131
5.5405 5.3593
-0.6742 5.1630
4.5290 5.8375
3.9978 4.9373
5.2082 5.6692
6.1777 4.1382
5.6953 5.6818
-8.8617 3.4900
5.7406 -6.0569
-8.7761 3.5338
5.6525 5.1321
5.4995 -0.9869
4.1385 5.2474
9.5068 -9.5833
4.9790 3.9554
-9.8011 5.5705
-9.5110 3.7312
-4.6130 -9.4214
5.7405 -7.0901
5.2665 5.4542
5.0063 -8.9041
3.8123 -9.2748
4.0723 -9.8849
4.2135 5.9938
-8.7057 5.2679
5.3297 5.1681
5.4771 4.4240
4.1111 5.6551
4.8677 5.4002
5.5089 -8.9474
5.3587 5.8287
5.9075 5.2371
-2.4874 4.9037
4.1553 5.5431
5.4476 -9.1253
5.4414 4.0176
-4.2764 5.7514
5.6098 -9.1547
5.6610 5.6845
5.3441 4.4841
2.2474 4.4253
5.7379 5.6140
4.5389 5.5277
4.2222 3.7141
3.3009 5.5549
2.5823 -8.3442
2.9497 4.8534
5.4009 5.5960
4.4745 -9.0796
-8.6503 5.2603
-8.7362 8.4378
4.5314 -4.9916
4.9702 4.6437
-8.8462 -9.2969
0.5007 4.3681
5.9239 6.5066
-4.8498 3.6786
5.3952 -8.6990
-9.2570 0.1157
5.2818 3.7885
4.8409 -8.9463
-1.8724 5.2167
3.0348 3.3937
2.5826 5.3327
5.8975 -6.1359
3.4544 4.7105
5.4560 5.1889
-8.9013 3.7727
3.2788 6.0260
5.5895 3.8079
-9.1588 4.9499
5.6168 5.5683
-9.4903 -1.8627
4.0249 3.5937
5.3681 4.8328
5.6776 4.2431
5.3429 3.5261
5.0292 5.3895
5.2941 -9.3737
-9.0185 -8.8314
5.4741 5.6027
3.9678 4.9223
5.2553 4.6006
5.6298 5.6055
-9.3316 4.2430
5.7352 4.8140
-8.8864 0.5445
3.5385 5.4019
5.1543 5.2891
-9.0067 5.3996
4.1474 5.4675
4.8158 5.2842
6.8117 -3.2582
5.1888 5.4065
5.5915 -3.3930
5.4755 5.4886
3.3435 5.7795
3.8393 -8.5674
-0.1936 -8.8083
-2.6906 -3.9848
5.0934 5.4436
5.6533 3.7471
5.9524 5.3129
5.3677 -3.5702
5.2739 5.3935
-8.9197 4.6538
2.9634 5.3620
3.6197 5.1965
5.8352 5.3370
-3.5675 5.4983
3.9566 3.5517
3.0893 -9.3751
-8.7798 -9.9086
5.5001 4.1680
8.0388 3.3908
4.1301 5.2364
-8.5564 2.7585
3.9823 4.9368
2.9496 3.3194
5.0681 -2.5337
-8.8757 5.8945
5.7576 5.1193
4.0614 4.1608
5.5753 5.4523
12.0889 -9.4604
5.2988 -8.9576
5.3673 2.2680
4.5868 6.6488
5.1868 2.1445
-9.0634 4.9374
-9.0484 5.1469
-1.3640 4.6370
6.0195 2.6744
-9.3477 5.5492
5.2691 0.3496
4.0644 5.4791
5.6782 2.7573
5.0457 5.5711
-9.0530 -9.4959
-9.0971 5.2491
3.7524 4.4930
-8.7525 5.8940
5.3244 -9.0586
-8.9108 -8.5151
5.4780 -0.8318
4.7465 5.4084
-5.4318 5.2249
5.7072 5.5779
-9.1802 3.5570
4.0063 -9.5259
5.1296 4.6996
5.8025 4.0895
4.2239 3.2317
-9.0473 5.3832
5.6707 5.2282
2.6830 4.0792
4.8298 -9.2184
5.5127 6.1070
3.5424 -8.5188
5.3719 3.6043
3.8820 5.6253
5.1225 -3.0887
-8.6981 3.2396
3.7954 4.4106
-8.7312 3.5806
-8.9150 6.4892
5.6321 5.6041
5.5788 -8.6813
-1.9094 5.8342
0.6438 5.7515
-9.2997 3.5573
7.5729 5.1733
-9.1528 -8.4476
3.0822 5.4824
4.9059 5.3138
4.9271 4.2520
5.4457 -0.5162
3.6955 6.7241
5.2156 5.5999
4.6339 5.4606
-1.2480 4.7843
4.3266 -9.4168
4.7691 3.8856
4.7793 5.0565
5.5005 -9.0698
5.4622 -9.2429
5.3832 4.5329
2.0048 4.0038
5.3883 3.8879
2.8771 5.5980
5.3856 5.6542
5.3995 5.7603
5.5014 2.9901
4.3118 6.2437
4.9868 2.8102
5.3900 -3.5255
5.3790 5.6654
-1.7301 4.3787
5.7359 5.5151
5.3041 5.2148
-9.0349 5.2500
-8.6933 2.7170
-2.6347 5.5345
4.2668 5.2299
4.7511 5.7434
4.5564 5.0827
5.8990 4.7183
-8.4885 -9.3023
4.7440 5.1148
-2.3830 -8.9840
5.3693 5.8340
5.5916 5.2129
2.2996 -0.6590
-8.4910 3.8210
5.8003 3.8776
3.3636 5.7607
4.1127 4.9925
-8.7806 5.4985
4.8641 5.2677
5.7855 5.6774
-9.0233 5.6305
6.0878 -8.7211
1.3420 5.0253
5.3550 5.5656
5.9428 5.8120
4.1454 -8.9333
5.2708 5.0029
-9.0529 5.6009
-8.9682 5.1475
5.4531 -9.0722
5.4763 -9.4006
10.2896 4.9559
-2.3617 -1.8647
-8.9182 4.1651
-9.4060 5.0864
3.5123 5.0925
5.4666 5.6010
4.2128 4.9242
5.5294 -9.4044
4.9108 5.8329
3.5588 -9.1779
5.2634 -9.7820
6.0011 5.5177
5.5473 5.5040
1.7422 -8.5485
8.0907 4.0279
6.5681 4.7099
2.8870 -8.6644
-8.9047 5.2277
-9.1573 5.5379
-9.1503 5.5375
3.2971 3.8879
5.3869 4.0605
6.8679 -9.1771
4.2308 5.5065
5.2071 5.7732
-3.3209 4.9191
-9.0135 5.3600
5.4967 5.8433
5.6431 -9.2246
5.7199 -8.5459
4.8167 5.4290
5.4712 0.7969
4.0238 6.1343
4.2312 5.5121
4.0055 2.7483
5.4913 5.4799
0.6900 -9.0666
5.5304 5.3499
6.2092 -8.7653
4.6188 5.2848
5.2100 4.3550
5.8420 4.7875
-8.6974 4.8938
-8.4033 5.6771
5.5215 5.1105
0.4883 5.6265
3.9708 4.8340
-9.0032 5.4141
5.4128 -0.3730
5.0099 5.2961
5.5753 -9.2752
-8.7824 4.2301
5.6272 4.0979
5.2657 5.5379
6.6526 -0.2732
4.6999 5.3054
-9.3972 -9.4351
5.2653 6.4869
6.5716 5.4680
6.4081 -8.8694
5.5853 5.3565
-0.5057 5.6475
-8.9375 -4.6929
5.6630 -3.5138
5.1209 4.0984
3.0262 5.5312
3.8240 -9.0259
3.4738 3.3826
0.6640 5.4086
6.6198 4.2543
-9.0395 4.6989
5.3584 5.7591
-9.0075 -0.0331
-8.7814 -9.0403
5.6977 5.5951
4.2828 -9.5202
5.1351 5.2896
-8.5565 5.5178
-8.8962 4.4757
-9.4997 2.4040
3.1521 5.1505
5.0258 5.4048
5.3627 -9.1655
-5.7375 -9.4139
4.6177 5.7228
3.5988 -8.5048
5.7999 3.2336
2.8452 5.7232
5.4950 -8.6095
-4.9689 -3.8151
4.8320 5.3184
1.7628 4.8372
5.5533 5.4448
5.3610 5.5864
3.9681 5.6211
4.0232 1.3116
-2.6448 4.9582
3.4039 5.6787
-9.4226 -9.0752
5.5415 5.0185
4.2452 4.3548
-9.0887 -8.6583
-8.6516 5.2505
5.7984 4.7410
4.4982 5.4921
-8.8759 5.6668
3.7603 -2.5191
2.9994 -9.5484
5.9083 5.3964
4.7639 3.8932
5.4843 -9.3547
-8.7306 3.5427
5.8246 5.7117
5.3713 -8.3197
3.8220 5.5674
5.5756 4.5988
5.0210 -9.3769
4.5643 3.9886
5.7754 5.4284
-9.3464 -8.9028
5.0329 5.3206
-9.2709 -9.1470
-4.3337 4.8045
-8.8480 5.4294
4.9489 -9.1813
-8.7023 5.5456
5.3023 4.3710
-8.8554 5.6227
4.1700 5.6705
-9.0032 3.5139
-2.7550 5.7196
3.4005 -8.4616
-1.8635 3.6980
5.3811 -8.8480
-9.3388 5.2475
6.0710 5.8152
5.5154 2.1546
5.4111 5.5387
-0.2898 5.3984
0.3512 4.3110
4.3836 3.9544
6.4540 5.3769
-3.0738 -9.6434
3.0935 5.7119
-1.9580 5.0013
-8.9494 -9.1563
-9.1892 3.4668
5.7774 -8.8908
3.8745 6.0632
5.3415 5.0785
3.5492 3.1403
3.3464 6.1807
5.5507 4.1763
4.1831 5.9488
4.5768 5.2045
5.8824 5.7040
5.6121 5.1812
5.9225 11.2214
5.8192 5.4336
6.3162 4.5974
5.7991 5.4105
-9.4826 4.9696
5.3861 4.0662
5.8142 -2.4257
-9.5977 -8.5654
-8.4650 -9.3350
-1.7206 5.5344
5.3835 3.3798
-8.5876 -3.6014
1.2289 5.3257
5.7270 5.5410
5.3365 5.5399
5.1183 -1.1308
5.4730 5.7708
5.6697 4.4993
3.9844 5.3863
-8.5576 -9.7308
5.2220 5.4775
1.7136 3.6586
3.5489 5.4934
4.2047 5.3907
-9.2339 4.6895
5.2821 -9.0931
5.5518 8.5882
4.2165 4.1021
-8.9449 5.3672
-9.0655 -9.3857
3.4111 -9.1282
5.6190 -9.0413
3.8646 -8.2896
4.2856 3.2026
3.9988 5.3097
5.2294 5.4201
-9.7163 5.7180
-9.3461 5.9333
3.7362 -0.6525
-8.9126 4.7635
5.0611 5.7664
1.3432 3.4906
3.1079 5.2538
5.7989 4.0712
-3.9242 6.2216
5.1445 5.3197
-8.3341 5.4535
5.4893 4.4279
-8.9638 4.6077
-0.7372 3.5284
-8.5935 4.4455
5.6407 5.4372
5.9607 5.6082
-9.1248 -8.8236
-9.5152 4.5838
5.3501 5.7391
-9.1214 6.3373
-8.8401 -9.2452
3.6069 3.9331
4.3488 -9.2743
3.6304 5.4877
5.7093 5.7093
5.1700 4.2110
-4.8711 -8.8386
4.5439 5.3822
4.4523 5.5427
-9.4537 -8.9513
5.4463 5.4390
5.6355 -2.7807
3.5378 -9.3106
4.2622 -9.7370
4.5742 -1.7443
-5.3324 5.6421
5.6589 4.9540
5.6588 -8.6751
5.6609 5.2326
-8.9683 5.4410
-8.8867 -9.5034
-9.1753 5.3931
5.5468 4.6779
5.6844 -9.6603
4.2899 5.3101
4.1788 -9.4772
5.4744 -8.7990
-9.5388 -8.7301
3.7582 -8.4300
5.3308 3.1133
5.4061 4.4439
2.6642 4.9921
5.0902 3.4432
-8.8338 3.6737
-9.0417 4.9130
-9.0204 5.5208
5.2602 4.5334
4.4692 5.5043
-8.9650 5.2758
5.6838 3.8578
5.7906 4.7224
4.3488 -9.5086
-8.5512 5.0263
5.8220 3.2825
4.6534 3.4572
4.7336 4.1131
-8.6563 5.4747
5.2109 -8.4727
4.5052 -9.6835
5.3749 5.6909
5.3929 4.3462
5.4877 5.7670
5.6953 -9.1249
-9.2778 5.9919
4.7830 5.5109
4.5588 5.3479
5.3388 4.3587
5.6480 5.6896
5.1225 -9.2532
5.6536 -8.7239
-9.1605 5.4048
5.3746 5.7983
4.8038 2.6397
-8.9669 -8.4239
5.4707 5.4281
4.5215 3.9157
3.9304 4.9866
-9.1682 -8.7202
4.2877 5.3843
3.6285 5.5031
5.4750 4.9470
5.5527 5.2881
-9.2978 5.5569
-8.9217 -8.7426
5.6996 3.2713
5.2140 -8.9290
4.7673 -9.0637
4.0813 4.8540
-8.1585 2.8543
5.2775 -8.9758
6.6289 6.5393
7.9274 6.7640
2.7383 5.4666
5.3692 5.2527
4.9044 5.7099
5.7465 5.4598
5.4725 3.5244
4.2855 5.3615
5.7418 5.3937
5.4003 5.1084
-9.3766 4.8548
-9.1890 5.6693
5.1798 5.1975
-9.2612 -2.2385
5.5477 5.7558
5.0286 5.2239
5.4115 5.4148
-4.1002 -9.4648
4.0903 5.5463
5.2760 5.5170
4.5328 5.1061
5.3721 2.8176
5.6368 5.1526
4.0660 6.2107
4.5474 6.3834
-9.1604 5.0246
3.4860 -8.9861
-9.1165 1.1956
8.3494 -8.8395
5.6701 5.4764
6.1257 3.6281
3.2870 5.4974
7.0981 5.3735
-9.1137 4.4783
5.3563 5.2124
5.3842 5.4760
4.1333 3.7370
5.6746 5.9537
5.6705 -8.9132
5.6145 5.3712
5.6059 5.3912
4.9761 -8.4270
5.6711 4.5546
5.3092 5.6908
4.5805 4.2815
6.7256 5.8699
4.1122 -9.0368
-9.0824 5.1911
4.3432 5.0092
5.2529 -9.0552
5.4149 4.3052
-8.5875 5.5703
5.0863 -9.6046
-8.7656 4.2503
3.3114 -9.4427
-9.0689 5.6565
4.0852 5.0105
5.5928 5.3439
-2.0000 -4.0640
4.1950 -8.8355
5.2838 5.6766
4.7174 4.2290
-1.6760 -9.1527
5.8217 3.7812
4.1628 5.6830
5.0818 3.8134
4.4005 5.4915
3.1002 3.9552
5.1599 0.0006
5.4353 4.7827
5.9508 -9.2513
4.1160 4.9774
-9.3074 5.7507
1.1359 5.0810
4.7262 -9.3279
3.3247 5.5979
-0.2099 -4.6072
-8.7811 6.0744
4.7170 5.4489
5.1932 4.8814
5.5959 -8.7592
-9.2446 5.7033
3.5747 5.6179
-9.2995 5.4716
-9.4453 5.2687
5.4991 -9.1544
4.1465 2.6742
5.3619 2.5362
3.5926 5.5325
4.1463 5.3510
5.4403 -3.0969
-9.3665 5.6242
4.6044 -9.1524
5.0757 -4.1434
4.0626 -4.9457
4.4980 -9.0663
-9.3340 5.2831
-0.1355 5.3395
-8.3575 5.4079
4.2213 4.8992
-8.8864 5.4480
4.9899 6.4897
6.0524 -8.4447
5.0084 5.6984
5.6373 5.5820
-5.5260 -5.8707
4.9274 5.4315
6.4046 -9.1025
5.0761 2.9712
-3.1430 5.7332
4.9021 3.4873
6.5073 3.9063
5.8410 5.3583
5.8928 4.9026
7.0298 5.7096
2.4598 -9.5703
-9.0208 1.7815
4.9252 2.1884
4.5016 5.4109
4.8358 -8.4892
-8.9829 6.1161
3.9877 -8.9235
-8.6089 3.2286
-8.7126 5.4302
5.2878 5.7626
5.3021 5.9087
5.4515 5.6078
4.2332 -9.0989
5.8086 4.4204
5.5334 5.4069
5.6612 5.9846
5.8139 5.6439
4.8833 -9.5415
5.6094 4.9605
5.7523 -9.6830
5.3944 4.2999
5.4200 5.2840
-8.5773 2.8662
-9.0818 3.1802
3.6330 5.8001
-9.0167 5.6500
2.6174 -9.3405
-4.8909 4.9629
5.6104 4.2118
5.5821 3.9644
-4.9128 4.2805
-9.2642 5.1343
-0.1885 -8.9688
6.6654 -9.3777
5.1277 4.8505
5.3117 4.4405
3.1206 2.8397
5.2417 5.4662
-9.0797 6.1539
2.4250 5.8355
5.6136 -8.6837
-9.4504 5.3686
5.0027 -9.0849
5.5624 5.2990
5.5833 3.2234
-8.8447 -9.1897
4.1989 4.0171
5.5717 5.6851
-8.9921 5.4600
-9.3490 4.1834
5.0593 -9.2812
5.2928 5.6160
5.2920 4.9080
5.2615 -9.0793
-8.9525 4.2345
5.3566 -8.9386
5.2444 6.1111
5.4602 3.2743
-8.6593 3.8604
3.6580 2.6624
4.1488 5.2726
3.6041 -8.7829
5.4897 4.7313
5.4115 5.4762
5.3149 5.8531
-8.6282 2.8485
5.4462 4.8761
4.9379 -5.4904
-9.1052 -8.9590
6.3371 2.8366
5.4665 5.7369
5.2288 5.2645
4.0923 3.8912
5.2232 6.0143
1.7008 5.3116
4.1001 5.4536
4.7576 5.5799
4.2985 5.3398
-9.4806 3.0675
4.3579 5.3942
5.5269 4.3470
-9.5153 4.0107
4.7985 5.6317
0.1362 -8.6336
-9.2494 -9.1800
5.5781 -9.2035
-3.2513 3.4531
4.3218 4.7478
-9.0931 4.8945
-8.6774 5.6231
5.7562 5.5415
5.7067 5.4746
6.1718 5.4054
5.3848 3.8838
5.4491 5.8122
-9.1260 5.1764
6.0322 3.8010
2.8768 5.6975
5.7706 5.2488
3.8485 8.3545
5.5836 3.6285
5.5348 5.4175
5.4409 4.8054
3.8112 3.4061
-8.5058 5.3915
-1.3832 -9.3224
4.6268 5.4911
5.8257 3.9351
-8.7859 -3.3522
5.3597 -9.5253
4.9626 3.1291
4.3548 6.1576
5.3473 -8.4890
5.5941 -2.8219
5.8335 5.3803
4.6116 5.6411
4.7951 5.5747
5.1862 5.2871
5.3101 5.5075
-3.3111 4.0839
-9.5195 5.1792
5.5565 5.1355
4.7825 2.4182
5.6705 5.4518
4.9905 5.3595
4.2950 5.3814
5.2721 5.1234
-9.5125 5.3685
4.0890 5.6419
-3.9720 -9.2610
0.6999 5.3353
5.2492 5.6804
2.6190 -3.1559
-8.5800 3.8894
5.9291 -9.0182
5.0270 -9.2020
5.1485 5.3492
-0.0738 4.8160
5.3290 5.2479
5.0590 4.6000
2.7164 -2.8111
-8.3532 5.7856
4.9569 10.4918
5.4526 5.3104
5.3856 2.7147
5.6013 5.8106
5.4172 4.3874
-8.1529 5.2735
5.4846 4.5505
-10.2132 -2.8055
6.1391 5.7933
5.2423 4.8344
5.3009 2.8956
4.2980 -9.4673
6.3378 4.0737
5.6955 5.9620
5.2747 5.4881
5.1486 5.5380
-8.8086 5.1700
-8.8036 -8.7077
5.3526 3.9053
5.7223 5.6714
-9.1327 5.4113
5.6324 5.4948
5.6455 5.5386
5.9113 5.7700
3.6107 -9.6437
3.2748 5.4290
6.3695 -8.6704
-9.5136 4.9110
5.0309 5.9063
1.6016 5.2317
-8.5738 4.8237
5.9695 -9.0207
3.9994 5.3400
-7.3394 -9.1058
5.4949 -3.4122
4.7387 -7.9396
4.5233 -2.5187
6.4788 4.7007
4.7593 7.0278
3.6924 5.6980
4.7284 5.0615
-9.3380 2.7546
5.6498 5.4099
5.6827 -8.9623
-8.7358 5.6469
-8.9677 3.6974
5.1340 5.4531
-9.3403 5.5643
5.3193 -9.1863
5.4448 -9.3329
4.5241 3.0026
3.1663 5.4803
6.1473 3.8742
5.7737 3.7487
6.7321 4.1922
-9.3713 5.7710
5.2730 -9.4744
3.8912 3.5353
-7.0792 4.8232
4.8500 -8.4013
4.1624 -8.9394
-9.5836 5.4291
-3.9055 6.9990
5.7511 -8.9036
3.1225 4.9655
4.4193 5.5738
5.4942 4.5850
5.6034 5.3255
5.4860 5.9271
5.5479 5.4021
3.5824 -9.2281
6.1248 5.6742
5.4181 -9.0896
5.2626 3.8698
4.2728 3.5647
6.9027 5.3675
2.9709 5.8486
5.3033 -8.2799
5.4815 6.3068
-8.8725 5.2994
-8.8859 5.3110
4.2256 -9.0210
4.7862 5.4663
5.5824 -3.4609
5.1252 4.1005
-8.8751 3.6485
-9.0382 5.6293
3.5474 4.6146
7.2835 4.4822
5.8804 4.4004
-9.5256 5.6803
5.4710 -6.9243
5.1277 5.3435
5.4278 -8.5169
5.8682 3.6114
-9.1972 5.5062
-8.6431 5.3386
-9.1700 5.7580
5.9091 -9.0238
5.6702 5.7893
4.4850 -2.7333
4.0115 5.4472
-0.6080 0.2814
3.2403 5.3973
5.1214 4.7779
4.2333 5.7458
4.9747 5.9213
6.4956 5.6439
4.6559 6.7908
5.1975 4.5983
5.8303 -9.3426
2.9964 5.6112
5.3738 5.8158
5.5854 -9.3849
-9.2519 5.3062
5.5856 -9.1907
5.5706 5.5625
5.2544 5.6206
5.1133 5.3832
4.9710 4.3454
4.9830 5.3984
-9.2714 5.8141
5.0942 5.7570
-8.8954 3.7578
5.2278 4.3855
6.3666 3.1844
5.6470 -9.0164
5.7775 -9.0186
5.6290 3.9203
10.4957 3.8237
5.9915 5.0077
5.7849 6.1500
5.5849 5.3246
5.6044 6.1353
4.1304 5.7543
5.4250 5.4767
-8.7507 5.4319
5.2893 -9.3194
5.6404 5.4858
3.5762 3.6270
-8.9022 -8.8275
5.6810 0.4457
4.9593 4.2353
-9.0156 5.2938
4.7294 4.4391
4.8161 5.0966
5.7543 5.2620
5.5922 -2.2401
5.1495 5.7385
-4.8460 -4.5099
5.9886 4.1894
5.5065 3.3308
3.9333 5.4420
5.6722 5.7345
5.4230 -8.8859
-8.7627 -8.6769
4.3785 5.4099
-8.9980 -9.1632
5.8050 -3.5112
4.6368 -9.0041
-9.0508 5.5908
-9.1675 5.6259
0.3069 -5.2794
4.6803 5.3889
-8.7367 -9.1686
4.3652 -9.0049
5.6080 3.9808
3.7233 5.4730
-9.0595 3.5828
5.8264 5.6546
5.5716 3.7017
-9.0545 -9.6071
-8.8625 -9.0812
-9.0252 5.6884
0.0783 0.1750
-2.1214 -3.4493
-0.1403 1.4209
0.1841 0.0672
-0.0790 -2.0274
-2.0502 -2.7199
0.6850 0.0384
0.5820 0.3753
-0.2988 -2.9858
2.0163 -0.0468
-1.8230 -3.6529
-3.6267 -3.5481
-3.1516 1.0725
-2.4789 -3.2541
0.5905 0.7369
-3.7556 0.2505
-0.2359 0.1221
-4.0261 -0.0242
0.4518 -0.6420
-2.5113 -0.4220
0.3707 4.1304
-0.1264 1.9201
-1.7409 -3.8394
-4.1994 -3.7246
-0.2556 -3.5695
-0.1860 -0.0323
-2.7875 -3.0117
-0.6528 0.0869
-3.3763 -0.2373
-0.4159 0.9964
-1.6969 2.5357
0.5179 -3.0423
-0.4149 -0.1003
0.1774 0.0426
4.5807 -0.6727
-0.0618 -2.6246
-2.6004 -3.9249
0.1095 -0.1218
-2.6020 0.3327
7.2890 -3.2576
-3.1451 -0.3567
-2.4641 -3.2924
-4.7718 2.0265
0.6122 0.1585
2.7444 -0.2871
-1.4726 -5.4580
-4.3583 -0.2183
-4.4889 -5.2758
0.4988 -3.1154
-0.2045 4.8862
-3.9819 -1.7497
-0.6447 -2.8919
-0.2228 -0.9024
0.0567 2.7312
-4.0889 0.3073
2.4381 -0.0924
-2.5958 2.7836
-2.8127 0.1469
-0.2718 -3.5656
-3.6187 -0.9234
-0.3074 -4.0694
2.4992 -3.5184
0.2517 -0.0651
2.4046 -0.5920
-3.2720 -0.5144
0.1862 6.2184
-3.8960 -2.3479
1.8354 -0.0673
-0.1388 -4.0970
-3.2157 0.0407
-1.9462 3.1516
-3.6782 -3.4619
0.0626 -3.3453
0.0738 -5.7271
0.8364 -2.4501
-4.4131 -0.0588
-0.1588 -4.0485
7.1352 0.0609
0.0438 -0.2210
0.2451 0.4566
0.0665 3.7208
0.3408 2.1657
-0.0158 -0.0560
-5.6858 -3.6183
-4.1292 -0.2333
-4.4611 -2.7418
-5.6648 0.1098
-2.6029 0.2643
-2.9661 -3.4754
-3.9097 3.0473
0.0697 -0.4871
0.3376 -2.9536
-4.2216 -2.6211
-1.4683 -3.3598
3.3920 -0.3144
-2.9436 -0.1084
-2.9104 -0.4704
-3.2780 2.6533
-0.1694 -3.4439
3.1866 -0.4302
-3.6576 -5.2833
2.5024 -2.7884
-0.1116 -0.3086
-0.4391 1.6143
-0.2305 -4.2590
-0.4911 -3.8778
-0.2553 -0.0074
-2.3185 2.6784
-1.9299 -0.2614
-0.0045 -0.0607
-0.4280 2.6243
2.4175 0.2527
2.0310 -3.3699
-0.4337 -2.7589
-3.2120 -3.1503
-0.4222 -3.4802
-3.2350 0.5397
0.3662 1.2127
4.5542 -3.4216
-2.9689 -3.3320
-3.4619 -1.7223
-0.0839 -3.6095
3.6268 -4.1403
4.2403 0.3712
-3.2269 -0.0386
-0.3156 0.1085
-2.4482 3.8014
2.0491 0.3599
0.5188 -3.1700
-0.1484 -0.5847
-0.6080 -1.6520
2.5498 -2.6791
1.4968 5.6309
-2.4682 -2.0871
3.7419 0.4131
1.8779 -3.6110
4.6618 0.1709
-4.2081 -0.2472
-2.7478 -0.3128
-4.3902 -0.0746
6.0798 0.3163
-0.4898 -0.0955
-2.7874 -4.0382
0.5545 -0.4153
0.2929 -2.9592
-3.5308 -2.7296
-0.0673 0.7311
-0.2433 -3.7209
-4.7707 0.0287
-2.2255 2.0692
-2.1608 0.8323
-2.8769 0.4556
-0.3612 -3.8717
-0.5466 1.4225
-1.8271 -0.6937
5.6338 0.0129
-0.4258 -2.3458
-3.3084 1.2784
-2.8343 2.9164
2.2500 0.2986
-2.9579 1.3853
-2.4094 0.9771
0.0221 -0.4382
-2.0950 -3.7319
1.8148 -3.3591
-0.5773 -4.1960
0.4424 0.0081
0.4136 -3.2596
1.6308 -0.2050
-2.4577 0.3649
-0.1070 -0.4505
0.0350 -2.5514
0.1803 2.4229
0.4041 -0.4603
-4.2674 -1.1179
-0.5735 -3.6793
-0.0342 -0.7432
-2.4487 -2.6793
-0.4410 -3.6388
-0.4365 0.1675
-0.3760 0.4356
2.3203 -2.1281
3.3650 0.5381
0.8344 -0.3572
0.2544 -0.6229
0.3959 -3.1312
-3.9365 0.0302
2.7924 0.0013
1.7248 2.5796
-3.1973 0.4345
-2.8969 -2.8781
-0.2325 2.2577
0.1800 -0.6750
-0.2588 0.6037
-0.0410 -3.6203
0.5522 -2.2523
-0.3863 -0.3053
-0.8501 -2.8802
0.8009 1.8345
5.1188 -4.4635
-3.9160 -1.3775
-3.0699 -0.0649
-0.2665 3.7319
-3.9266 -2.0520
-3.6643 0.1385
0.0055 0.0910
-0.0500 -4.6679
0.3404 -3.0030
-0.4233 0.7815
0.6354 -3.8056
0.3027 -1.3749
-0.3705 -3.5332
-3.9386 -3.4540
-4.3821 1.8247
-3.4143 -0.3748
-2.4212 -3.3569
1.3927 -0.2473
-4.0529 -0.5680
-0.1123 -3.7426
-0.2981 0.0306
-0.0929 -0.3488
-0.0903 0.3553
-0.3523 1.8555
3.9017 -0.1343
-3.8704 0.0331
-1.6969 2.0841
-2.7352 -0.4449
-1.2263 -0.4945
-3.7565 0.4067
-3.2321 -1.1669
-2.1927 -3.2217
-3.9484 -3.8138
-0.0009 2.5027
-2.0215 2.3201
-3.0229 0.2235
-3.5518 0.1265
0.2366 2.4524
-0.2618 -1.5024
2.9055 -3.9687
0.1004 -2.9820
-3.1087 2.5581
-0.6089 1.8674
0.5281 -3.3924
0.4671 6.1630
0.8279 -3.2506
-1.3991 -0.3063
-1.1940 0.5590
-0.0157 -3.5989
0.2448 -0.0005
-3.6315 0.6416
-3.2890 0.0511
-3.2673 -4.1778
-0.4161 2.5454
0.2516 2.8069
-3.4928 -0.2387
0.3498 -0.2056
2.1586 -0.6122
-2.5872 1.8249
2.9025 7.4811
2.5767 1.4831
-3.4803 -3.9972
0.0481 2.3205
1.2322 2.6751
-3.6384 -0.6249
3.0581 -0.3532
-1.5365 0.1783
0.3055 -4.3235
0.6019 -0.4183
0.2662 -3.3767
0.7506 -0.3935
-3.4816 -1.7725
2.8604 6.1450
-3.5534 -0.2978
-0.0732 -1.6883
0.0712 -2.1296
-3.6622 -2.6942
-0.2636 -3.3699
-0.6745 0.1101
0.0318 -0.2775
5.5177 0.7965
-3.3538 0.3397
2.2076 -3.8453
-2.0417 -3.4451
0.4548 -1.6188
-3.4581 0.2296
0.0861 2.5894
0.7412 -2.7797
-2.9019 1.5306
0.1090 0.4564
0.9428 -4.1352
0.0112 -3.4162
-1.9937 -4.0416
-3.4809 -3.7178
-3.7679 -2.9639
0.5641 -0.0194
-3.5686 0.2558
-4.4750 0.5205
0.0451 2.7714
-1.8225 -3.7355
-3.8121 -3.6676
-0.2940 -2.8928
-0.9991 -0.2586
-4.1112 -3.3108
-3.4086 0.2518
-0.8043 1.0916
-3.4507 -0.5463
2.1009 -0.3837
-0.4627 -3.5807
0.5938 0.3977
-0.4863 -1.5217
2.2311 -2.8933
0.3561 -0.2759
4.2276 -0.5379
-0.7599 0.0147
0.5545 0.1261
-3.9594 -3.0138
1.5491 2.2410
-0.0002 0.8024
-2.6514 2.5705
-1.2127 -0.1447
-4.6438 -2.4336
-1.3971 -3.0943
-3.7510 2.6119
-2.7695 2.4807
0.5594 1.5697
-2.7274 -0.4684
1.4975 -4.9526
-0.1963 2.9452
-2.1464 0.7605
-3.0430 -3.9563
-0.0194 -3.3231
0.0000 -0.3995
-0.9641 -0.0987
0.0927 -2.7559
-3.7883 -3.2565
-2.3510 -4.0827
-2.6723 -3.3270
0.3059 -2.7349
-0.0992 -0.2961
2.0563 -2.8622
-3.8366 0.0080
-0.0124 -3.1057
2.9234 0.0636
-2.2573 -0.4245
-3.2939 0.4165
1.5415 -4.2101
0.0835 0.3422
-3.4101 -2.9059
-2.2348 -0.5817
1.2272 0.0766
0.5092 -4.3755
2.3789 -0.1720
-0.2562 -3.4356
0.0889 -0.1578
-2.2474 0.3559
-3.2474 -0.1747
-2.9845 -0.1265
-4.2801 -0.0471
-2.4445 -3.2016
-2.2702 2.1342
-2.2295 1.7209
-3.9732 -0.0392
0.2692 -3.2096
-2.7073 -0.8542
-2.9675 2.4792
-0.3023 0.2154
0.2720 0.1789
-0.0294 -2.9342
0.1716 -1.4517
0.1914 -1.5180
-0.1933 -2.8314
2.6272 0.4321
-0.1257 -3.4067
2.5862 -3.0995
-0.9833 0.3931
-0.1115 -0.3057
-3.6688 -0.1287
2.7585 -0.9438
-0.1212 0.8519
-2.0833 -3.0439
-0.3794 -2.9544
-1.0787 0.3024
-0.5732 -4.4286
-0.0103 5.1335
-2.7487 -3.9849
-0.1628 -2.7941
0.0868 0.3423
-3.1388 -3.7355
0.8321 -3.8732
-4.0911 -0.2514
-0.3364 2.8020
-0.1407 -2.6854
-0.2338 0.0129
2.5327 0.1748
-0.7708 2.4920
-0.1761 3.1367
-0.4521 0.3614
3.3414 1.8193
0.2652 0.1633
-3.1139 0.0255
-0.5308 0.1734
-0.5479 -4.6901
2.7712 0.4823
-0.2621 -0.1112
-0.2806 -0.0408
-5.3973 -3.7249
-4.0420 -0.2726
-3.0601 -2.5267
0.3505 -3.7700
-1.0777 -3.0893
-3.2634 0.1240
-3.2304 -3.4630
-0.3578 -1.6025
0.0275 0.1493
-0.3136 0.4035
-5.6406 0.0738
-0.0657 -0.6813
-3.8502 0.2655
-0.0592 -3.5523
-0.5944 -4.5145
1.7457 -0.6032
-3.4557 0.4182
-0.8178 5.5450
0.4026 -0.7650
-3.1534 2.7785
-2.4172 3.1727
1.9380 0.2254
0.3388 0.0793
-3.4089 0.7567
3.5448 -4.1926
-1.2030 0.4628
6.0056 0.1570
-0.6831 0.0218
0.1577 -0.0537
2.7988 -4.1183
-3.3153 -3.1908
-4.0222 -0.5799
1.4615 -3.2593
-2.1748 -4.1592
-3.0997 -2.8836
-0.5457 1.6649
0.3414 -3.5213
-1.1507 3.2259
0.5785 -0.0581
2.5448 2.8738
-0.8408 -0.3917
-3.3469 0.5570
-0.1633 -0.0019
-2.4687 -0.0212
-0.1170 1.8582
-0.7677 -0.5184
0.7184 -0.1717
-3.1751 -4.8371
0.2952 -3.6104
-0.1264 0.1152
4.5175 -3.0692
0.2217 -0.5358
-3.6668 2.5379
0.1404 -4.4303
-3.5623 -0.2639
-2.5307 -0.2919
-0.3279 -0.2411
-0.3655 -2.6929
3.3938 -1.8471
0.2056 0.4196
0.5217 -2.7379
2.7034 -0.2716
-3.2226 -1.5039
3.4948 4.5652
-0.9031 -2.1219
-0.2829 2.8174
-3.0759 -3.7281
-3.5231 2.2982
-3.1856 -0.7241
-2.4292 2.0853
0.2126 1.7457
-4.8479 -0.6780
-1.5024 -3.3119
-3.9247 -3.7901
-4.3818 3.1028
2.3818 -0.6515
-2.9998 0.4189
-3.0851 -3.5647
-3.5944 -4.2664
4.1383 -0.0414
-0.1591 -3.9391
-4.6339 -2.9722
-1.9697 2.6896
-3.8630 -3.5650
-2.8389 -3.6319
-5.9031 -2.6723
-0.4781 -1.7685
-0.0136 0.2486
-3.9467 1.3575
-0.1145 -2.4313
-4.4461 -3.1159
-0.4834 0.3494
0.2274 0.9497
-0.0538 -6.8981
-4.2131 -1.1526
-3.8852 0.2079
-4.8393 -0.2037
0.3673 -4.7983
-4.1139 0.2031
-0.1813 0.2390
0.3121 0.0543
-0.2500 3.5157
-2.9611 0.0136
-1.4447 -3.2711
2.0026 -2.4828
1.1237 -0.1991
-0.3117 0.8262
1.0784 -0.0614
-3.6491 0.1295
0.2986 0.0130
-3.8156 0.1141
-1.1865 -3.2090
0.1892 0.1095
-3.1224 -3.3067
-3.4265 -0.3383
0.0297 -3.4496
-0.1421 -2.9407
-0.5963 -1.2454
-2.5924 0.4085
1.2344 -4.2326
4.2188 2.7986
-7.6126 3.3055
-3.6382 0.1650
-0.1351 0.1084
0.3045 0.0740
0.1567 1.3620
-0.2575 -2.4400
-4.0122 -0.3489
1.8340 0.1461
-0.3684 -2.8500
2.8035 0.1572
7.2482 -0.1160
-2.8784 4.0836
-0.5831 -0.1682
-0.2340 0.1746
-0.1392 2.3303
-5.2037 -0.4127
4.0175 0.5391
-1.4361 0.4826
-0.5417 -3.1198
0.2311 0.3659
0.1677 1.6870
-3.1967 -3.1620
-3.0908 -3.8984
-0.1672 -3.1436
-2.8085 0.2444
-3.7021 0.4079
0.3553 -0.2972
0.3420 -3.1563
-3.6773 -0.3159
2.9078 -3.0480
-1.9280 0.2508
0.3156 4.5822
2.1694 -0.5368
-0.1217 -0.5215
-3.8395 2.5604
-0.0200 -3.1426
0.1243 -1.4216
-0.0291 -2.4957
-4.0579 -0.2616
-2.8038 -4.7166
0.3764 -0.7657
-3.5930 -3.4694
0.2672 0.8140
0.1425 -4.8621
-2.3000 -0.0183
-0.1640 0.1623
0.4101 -0.2877
0.0949 -0.1055
-1.7078 -2.5008
-0.0683 -0.4713
-3.7706 2.8813
-0.2172 -3.7730
0.2458 -3.8564
-2.7090 -4.3917
-1.8096 -0.2016
-2.9666 0.0464
0.5846 0.0647
0.0571 -1.2926
-3.3332 0.1969
-0.0177 -3.4877
-3.4715 0.2567
-0.1828 -0.5033
-0.3786 0.5146
-3.9211 -3.0404
-0.0595 0.6807
-3.8370 3.9834
-0.3057 -2.7837
-4.5023 -3.4788
-0.0914 -3.6365
-0.2955 1.2328
0.2712 -0.3200
-0.1480 -0.6433
3.6301 -2.9270
-3.5255 -3.2599
-3.7677 0.3510
-0.5281 -3.1992
-1.3590 -0.4286
-0.0795 0.1324
-0.2468 0.3288
1.8582 -4.1652
-2.6348 0.0666
-4.1676 -2.7700
-3.1043 -0.0452
0.5144 -2.4443
-2.7065 -2.9407
0.6808 5.3312
-0.7268 -4.3645
-0.5804 0.2417
-0.4411 -3.6877
0.0246 0.2579
-0.4903 1.8250
4.1592 2.2876
-3.0882 2.4767
1.2038 -3.1662
-2.8906 2.2640
-4.1131 0.5221
2.1328 -0.0328
-0.0324 -4.2605
4.1385 0.0418
-2.1847 -0.4912
4.8189 -3.0255
-0.1651 -0.0622
-0.1737 0.1093
-2.3428 -4.8397
-4.7254 0.4593
-3.5753 1.2517
2.0927 -3.5175
-0.1743 0.3841
-3.4441 -3.5975
-0.7500 -0.5987
-1.6095 -0.3446
2.5108 -3.4925
-4.1982 2.9210
-2.8186 -3.2053
-4.0636 -0.1913
3.4845 -2.1445
-0.8444 -0.3361
0.1152 -3.9919
1.9663 -3.0721
-0.1402 0.4302
3.8061 -0.6713
0.1164 -0.1844
3.3131 2.1653
-3.7178 -3.1261
-0.5160 0.2382
-0.2554 -2.7188
-0.6697 -1.5133
0.3759 -3.5173
-2.9929 2.9861
-2.5317 -0.6093
0.0083 0.1602
-3.8763 -2.3757
-0.2902 0.3338
6.5233 0.1513
-0.5681 1.7363
0.0310 2.0943
0.4067 2.0794
-0.1454 -0.4294
-3.8429 -2.3841
0.3003 2.2966
0.2492 -4.9393
2.3331 0.9151
-3.0191 -0.8051
2.4770 3.0630
-5.3971 0.1254
8.3523 -5.5358
-4.7120 -2.7667
-0.0794 0.0741
-0.5171 -0.1046
1.7820 -3.3627
-4.2546 0.7544
-1.1207 -4.0934
0.2435 -0.0102
1.7425 -1.8795
0.1163 0.3145
0.1445 3.3039
1.7109 0.8559
-0.0115 -3.6456
-4.3623 1.8373
-3.6780 0.5061
1.6853 -0.4373
-3.1615 -4.9853
-0.9529 -0.4335
3.4742 -3.6572
-0.1742 -0.3778
-2.2773 -2.5554
0.2124 -3.5893
0.1482 0.4128
-2.9638 0.4949
-0.6358 3.5298
-3.0760 -0.5539
-3.4153 -3.3970
-2.9188 -0.2912
0.1122 -2.9025
-1.3137 -4.2993
-0.3237 0.1163
0.0064 -3.4161
2.3707 -0.0110
0.4251 -0.3315
-2.8138 -3.7352
-4.7511 1.4142
-0.1325 0.2296
-3.5499 0.2083
-2.2942 2.4731
0.0765 -3.6679
2.2378 2.8959
2.7018 -0.0947
2.3582 0.2861
-2.9260 0.8443
-3.5660 -0.2947
-0.1216 -0.3190
0.5519 2.8677
-2.4444 -3.6808
0.0433 -0.0710
-4.7143 -0.4948
-0.0732 -0.3552
-1.7209 2.7691
0.3915 -2.4843
1.8417 2.3412
-1.2531 -2.9145
1.0961 -2.9933
2.3565 -0.1945
-0.1403 -3.9931
-0.2680 -0.2788
4.4724 -3.9626
0.5198 -4.5410
-0.4180 0.4289
-0.2279 -2.8926
-3.9889 0.5262
-2.9495 -3.1835
0.3712 -1.5075
7.3402 0.1844
-2.9987 2.3353
3.0211 0.2224
-3.8515 -3.2689
-4.6844 0.3565
2.2026 4.4822
2.0140 -0.3604
-4.0851 -0.0511
-0.5995 -0.0881
4.4599 -6.1233
-0.3049 0.8280
-2.6944 2.4770
0.6932 -4.2380
0.5483 0.0094
0.4669 -2.3353
-2.9351 1.8738
-3.9837 -3.6770
-0.2227 -0.5504
-3.2094 0.0817
-3.7161 0.2451
0.4129 2.8182
1.1324 -0.2263
0.3266 -3.3469
2.3059 1.6637
2.1396 -2.8732
-0.1083 -3.0607
-0.1779 -4.0455
4.8218 -0.6468
0.5217 0.0268
-1.5492 -0.7170
2.5148 2.2455
0.1218 -0.3335
-2.7704 0.1044
-1.7389 -3.5007
0.4594 -0.3623
-3.4703 2.1934
-3.8169 -0.4035
-3.2174 -0.1134
-0.1995 4.9587
3.3232 5.6499
-3.3250 2.8690
-0.3154 -0.0388
2.0976 -3.7570
-2.3680 -1.4913
-4.6438 -0.6847
-3.0039 -4.0200
4.2917 1.8260
0.1481 -0.0715
4.8874 -3.6831
-0.6406 -3.1680
-3.6534 -0.0919
2.3416 -0.0828
-2.4845 -0.3603
-0.0139 0.3670
-0.0519 -0.7775
0.4135 -1.6665
-2.6673 2.9898
-3.8774 -4.3976
-2.9179 -2.7597
0.3249 -0.9723
-2.9478 0.2868
0.2417 2.4558
3.6511 -2.9665
-0.0852 -1.7703
-3.2498 2.2086
-4.0663 0.5157
-1.4654 3.5754
-0.4221 -3.1483
-0.1115 -3.1595
-0.2444 0.6368
-3.8952 -5.9441
0.0278 -0.3315
-3.3547 4.7454
-0.1769 -8.3016
0.7154 -4.1715
-0.1665 -2.0981
-2.0360 2.2213
-3.1382 -0.1976
-2.2216 3.0060
0.0265 -0.8939
-2.9598 -0.0644
-0.3557 -0.4883
3.8455 -0.0825
0.3246 -3.8548
-3.3351 0.5201
-4.3120 0.3346
0.1084 0.0000
3.3639 -2.7139
0.1370 5.6728
2.7644 -0.2967
-3.9738 -3.3385
2.9677 -1.8046
-0.3889 -3.8716
-2.4815 -0.0925
-3.6557 -1.4543
-4.1350 3.0658
-0.2862 -0.3014
4.7685 0.2186
1.9224 -3.2077
-4.0286 -0.7199
-0.4639 -1.2419
-1.3600 0.1800
-0.0745 -2.6474
0.3390 -2.8054
-3.7975 0.0262
0.2617 -4.3283
-0.3722 2.3699
-3.1529 -2.4967
-0.0324 0.0119
2.3831 2.9456
0.4172 -0.0639
-3.9413 -2.5117
0.3635 -3.5149
-2.0112 -0.2341
3.3908 -3.3498
-0.2894 -4.3500
-3.3676 -0.1100
-0.4552 -2.9825
-3.8447 2.5847
-0.6389 -3.3017
0.2670 -4.8894
-3.2064 -2.9765
-4.2671 -1.4868
-2.7907 -1.2613
0.6407 -0.2751
-4.9453 2.1179
-0.0193 -3.5495
5.6224 0.2281
-3.1327 -0.1928
-2.8251 -0.7193
-3.2435 -0.2231
-5.0991 -0.0307
-3.7806 0.0119
-2.6593 -0.2490
0.0637 -4.0101
0.1223 -4.6714
-0.4738 -0.5238
-3.1790 -1.8134
-0.1530 -0.0729
-3.3125 -4.0686
-6.0724 0.7465
-3.2834 -2.5531
1.5433 -0.3595
-0.5542 -0.3387
1.4818 -5.3292
-3.9254 0.8362
4.4845 -2.6936
-0.5279 -3.2284
-0.0608 -2.1339
0.8440 -0.0812
0.1879 -2.3784
-2.8097 0.2249
0.1613 -2.6556
-3.1465 -0.1078
-0.2497 -3.3144
0.0771 -0.4713
1.9790 0.3213
0.3965 -0.0746
2.8576 -0.0586
-3.5514 0.1299
-3.6898 -3.8205
0.3136 -3.3426
-3.8993 -0.8539
-4.2869 6.8912
-1.9733 -2.3242
-1.8560 1.6871
-0.1938 -4.5437
-3.4975 1.5772
-3.6436 1.6779
-3.1524 -2.3653
0.1083 -3.5430
0.2347 -0.1774
-3.6027 -3.1468
0.0966 -2.6479
-1.3922 0.1048
-2.5725 2.2720
1.5802 2.4946
-3.6096 -0.2229
-3.6680 -0.4096
-0.3679 -0.2766
-3.7503 -2.9539
3.0470 -2.9123
0.0565 -0.2741
0.0598 -0.0423
-3.2345 -0.0039
-2.6697 2.3084
1.0700 0.0602
4.9607 -4.0506
0.0082 -2.4155
0.5644 -0.0009
2.5865 0.0516
1.1906 -0.4187
-0.3479 1.8459
1.8734 -2.8470
-1.0043 0.0312
2.4578 -0.1592
2.7488 -4.2568
-3.3111 -3.5355
-0.3784 0.4395
-2.8996 1.4074
-0.0048 3.8322
-3.7246 1.5221
-0.4922 -6.4943
-0.1674 -0.0864
-4.1563 5.2799
-3.5677 4.7445
0.4274 -0.0326
-4.4580 -3.0125
0.1163 0.0551
-1.6305 -4.1278
-3.8036 -3.7556
2.2665 -3.8557
-3.9938 0.2574
2.6444 0.0618
-0.6534 -0.0352
-3.6493 3.3050
3.2475 -2.9648
2.1690 1.4676
-0.3197 -0.3453
0.4515 -0.1601
4.0698 -3.2202
0.0652 -3.7717
2.2879 1.6655
-0.3221 -3.5934
-3.1822 -4.3076
2.1489 1.0425
-3.6952 2.1032
-0.1724 2.6412
-0.1326 -4.5512
-1.5683 -3.8819
-0.7068 -3.9641
-0.1126 0.0362
-5.0105 2.4277
4.0563 5.2166
2.5291 -0.2222
-2.1083 3.8664
0.0512 -3.8520
-0.6583 0.1817
-2.7039 2.4121
-0.0242 4.9999
2.2577 -2.4762
4.5639 -2.7159
2.4880 -0.4411
-4.2742 0.0904
-2.7802 -0.2990
0.2294 0.3340
0.3284 -5.3553
-3.1007 -0.3119
0.1449 0.3290
-4.5463 3.1260
0.0614 -3.1914
-5.0375 -0.4162
-4.4020 -2.6179
-3.6732 0.1212
0.3315 -3.3461
-0.1622 0.0635
0.2775 -0.3667
0.3918 0.2087
-0.2318 -4.2498
2.3107 -0.0955
-4.0614 -0.6164
-2.8588 0.1237
-3.9115 -0.0517
-0.1847 -3.2109
-4.4385 0.3290
2.7157 -0.7055
-0.3381 -3.9948
0.2809 -2.7175
-3.0727 -3.8809
2.9934 -0.2771
-3.4032 -4.3846
-4.4131 -0.1796
-3.2149 -2.5792
-0.4044 -2.3726
-0.2938 -3.4206
-4.3297 -3.5691
2.1828 0.0470
2.1077 -0.2870
0.2264 -1.4661
0.9124 -0.1064
2.7434 3.8479
-3.7264 -0.3883
-4.1840 0.3315
-0.5630 -4.0333
0.5863 2.4304
1.9562 -0.2563
-3.1529 -4.0778
-3.3355 1.7786
-0.3000 -0.5074
0.8196 0.5205
0.9381 2.4975
-1.6429 0.4339
0.2316 -0.0368
-3.9218 -2.5331
2.1224 -0.1660
0.3177 -3.0917
-0.4910 2.8920
-4.3562 -0.3004
0.1545 -2.6771
-3.0824 -2.3867
-1.1005 2.4737
-0.3815 0.4559
-2.9483 3.1957
2.7296 -0.1003
-0.3332 -0.3544
-2.5093 -0.2229
0.0244 -8.1535
-2.2188 -3.2118
0.2348 -0.6012
1.9489 0.2628
-4.0727 0.5655
2.1115 -2.8408
-0.3208 -0.6736
0.2322 -2.6496
-0.1895 2.8257
-3.4639 0.1583
2.4288 -2.7132
-3.5289 0.0586
0.2347 0.3571
0.7601 3.0052
-2.0043 -3.7160
-0.7894 -3.6546
-0.5320 -3.3620
-0.5578 -4.1039
-3.9695 -3.6237
-2.2865 -0.5129
-0.2362 0.1326
0.0581 2.2085
0.8457 1.8577
1.8282 0.2412
-3.8313 -3.1562
-2.0067 -2.8239
2.9996 -2.7889
-5.0880 0.6728
2.3026 -2.6476
-5.7423 -0.1719
-0.0457 -3.1102
-0.6993 -0.3900
-4.7619 2.0347
-1.5446 2.7430
-0.1522 -2.7561
-0.4303 -4.3184
0.2802 -0.1236
-0.4029 -3.2825
-3.4032 -0.0052
-0.1879 -4.5156
0.5709 2.0214
0.2155 -0.1257
2.2116 -2.6887
-3.1420 -0.5466
-3.4729 -4.1474
-0.3616 -0.4975
-3.1826 -2.1544
-3.2399 -0.5115
-2.4998 2.4814
-2.9334 5.3255
1.2883 -2.8165
2.3193 -0.0805
0.6169 -0.2226
0.0420 0.1751
-4.2824 -0.7263
-0.4741 0.1055
-0.1181 1.9601
-3.2730 -2.1460
-3.2005 -1.3922
-6.1035 3.9159
-0.4749 1.6148
-0.1675 7.3918
-2.5533 0.6014
1.2445 -4.0967
0.2531 -0.2316
-0.3634 -3.1407
-0.1326 -3.7240
-0.1224 -4.4301
-3.6676 -4.1506
-4.1359 -3.0134
-3.0768 -0.4499
-3.2392 -3.7333
2.4293 -4.3967
0.2349 -3.6157
-3.8160 0.1537
0.4013 -0.4052
-0.3629 1.8328
-0.6537 -3.2525
-2.8045 -3.0169
-2.7621 -4.3495
-0.7178 -3.0888
-3.1764 -0.4279
-3.2598 -2.9237
2.6213 -0.3458
2.6801 0.1945
-3.6505 0.3530
-2.3737 -4.3565
-0.0457 0.0908
0.1680 2.5629
-5.0362 1.8080
-5.0505 2.3375
-1.8575 -3.1463
0.2193 0.0523
0.0732 3.5866
1.3320 -2.6955
-3.5790 -3.1768
-4.1810 -2.2954
-0.2460 0.1681
3.0583 0.1283
-3.2198 -1.1450
-2.6029 0.0951
2.2811 0.4220
-0.3601 -3.0716
2.5608 0.1808
-1.2150 -2.4143
-3.8562 0.4528
0.3131 -3.5043
-4.1942 0.0867
-3.5666 -2.4841
-3.7183 4.9482
2.1229 -0.0073
-2.8123 2.7539
2.6723 -0.3222
-2.5176 -0.3997
-0.5512 -0.4187
0.0155 -0.5320
0.0551 0.0069
-0.0619 0.5252
-3.6196 2.4300
-4.3188 -0.7058
2.2237 -0.0144
-1.0169 -0.6496
3.0412 -4.7056
9.0082 -0.7810
-0.5577 0.0941
-6.5949 -3.2397
0.3228 -0.3297
-0.0513 -0.2118
-2.6786 -0.1257
2.2827 0.4204
-3.2154 -2.6169
-3.7108 1.5061
-0.2363 1.8115
0.3673 1.5357
-3.6498 -0.5572
-4.1201 0.3653
-3.6165 2.7947
-0.1533 -4.1605
0.1917 -5.8844
-2.4901 -0.1425
-0.4454 -2.6240
-3.1467 -4.5620
2.1893 -0.1550
-1.2477 -3.1448
-3.0868 -0.4683
2.7873 -3.5590
0.3844 -2.6704
3.1250 0.0075
0.2340 0.9802
-3.5884 2.1635
-3.4434 -3.5066
0.9992 2.9615
-3.4038 0.5658
-4.2626 -3.5040
-2.7742 -3.4279
0.1942 -2.8777
-0.0798 -3.7715
0.1424 -4.0858
0.0481 3.6226
0.1825 -3.2634
2.4724 -3.4762
-3.0990 2.1972
-5.4360 -2.1370
-0.1319 -4.3475
-3.0057 0.1493
3.4821 -2.8514
-0.4346 0.0840
0.2040 -3.3677
-3.4893 -2.9452
0.0668 0.1455
-3.1530 -0.5843
-3.6085 -3.8886
-0.2110 -4.7187
0.2225 -3.2161
-0.1114 -3.1526
-0.2837 0.1396
-2.7498 -2.9029
-0.0330 -3.1065
-2.9873 -0.3959
-0.0891 -3.7846
-0.1419 5.3588
-3.9409 -0.5876
-0.1287 -0.0680
-3.0635 -4.4551
0.3696 -2.0575
-3.7643 -0.3383
-4.2972 -0.1962
-2.1392 0.2840
0.0583 -4.3675
-0.2647 -0.3970
0.1854 -2.2310
-2.7655 -0.0788
-4.1663 0.0622
-0.4005 -4.7147
-3.2259 -0.1169
0.4750 -0.5062
-4.1675 -4.0063
-4.0242 0.2344
0.2593 -0.1035
-0.8889 -1.8837
0.4747 0.3277
-3.2599 0.6682
-0.1070 -0.4449
0.0092 -3.3429
-1.9636 0.5625
-2.5321 -0.1667
-0.1885 -4.3527
-3.3402 -0.5459
-2.8421 -3.2925
-0.1555 -0.4110
-0.1179 -2.8978
-3.4318 -2.7331
-0.1547 -0.0898
0.2636 -3.5415
0.0212 -2.5417
-1.0592 0.8955
-3.1515 -1.1590
0.5712 2.5378
-3.1900 0.1097
3.0411 -2.5796
0.0540 -3.7194
-0.2102 -3.0585
-1.6748 0.6833
-3.2519 0.3466
1.7109 -2.1395
-0.3935 -3.4154
-3.6440 0.3391
2.6190 -2.1119
1.6697 2.4217
-4.1630 2.8455
0.2452 -0.1541
0.0516 -3.6073
-2.3301 -3.4866
3.5030 -3.1517
0.1995 -0.0032
0.2840 -3.1558
0.1359 -0.5505
-0.2570 -3.1215
2.8511 -0.3691
-2.6851 2.9519
0.1487 -0.9509
-0.8733 -3.6523
-3.9879 -3.4176
-3.1651 -3.7538
-6.0791 0.5928
-0.2421 -3.4335
2.5702 2.3988
5.9384 0.3435
-2.2171 6.1034
-0.6605 -3.3045
-0.3459 2.4913
-3.3610 -2.8309
-2.8612 0.4454
-0.0444 3.0200
-3.6735 0.7622
-2.0995 -0.2727
6.1429 2.2128
-3.3146 0.2789
-0.0444 0.3102
-2.0162 -2.6363
0.0933 -4.2908
-2.8108 0.3297
0.4766 1.2805
-3.9737 -0.6080
-0.5790 -4.2825
0.2239 -0.2036
-1.0363 -0.0602
-3.8512 0.3421
1.1576 0.2879
-0.2061 2.2112
-5.8254 5.9820
-2.6033 0.0419
0.6647 -3.1761
-3.0500 -4.2133
-0.1996 -5.0681
-1.9666 -3.1008
2.7917 0.4728
0.0267 0.2302
-3.1544 0.3286
-0.0632 0.3420
0.1810 -0.7093
-3.0729 3.2854
-4.3921 -3.3466
-0.2256 1.0646
-4.4906 -3.1524
2.2649 -0.0920
-0.1924 -0.1611
-3.0340 -3.4093
-0.1967 -3.8133
0.2013 3.2461
-0.0437 -2.5367
-3.7255 -0.8455
0.1459 -2.3993
0.2392 -3.0946
-0.0341 -3.2539
-0.1107 -0.1512
0.5514 0.6269
-2.1657 0.1169
-3.2813 2.1029
-0.1365 -0.6759
-0.2347 -0.0894
3.8471 -0.0673
-0.9907 2.4884
-0.3308 2.4999
-0.3443 -3.0185
-1.7588 -3.6239
-3.3746 1.5422
2.7997 -4.2294
-4.4470 -3.0514
0.0397 -0.1099
1.0442 -0.3737
2.0558 0.1446
0.3104 0.2808
0.7823 0.4494
4.0598 0.5118
0.1585 -0.1986
-3.2291 -3.2377
0.0559 -0.4011
3.3795 -4.0026
0.1146 0.6369
2.0820 2.1668
-1.7873 -2.4387
-2.7618 -5.8657
-5.7952 -3.2694
0.4138 -2.8295
0.7847 1.3173
-3.1515 -0.1448
3.7107 -2.2422
-3.4129 -1.7330
0.2443 -3.3056
-4.3250 1.5387
-3.8457 -0.1867
-3.3026 -3.4082
0.3623 -3.4459
-0.5512 -2.8307
1.6847 -4.2240
-3.2778 -2.8582
0.1875 -4.2986
-2.7052 0.2689
-0.6015 -0.1211
-3.9815 -1.6434
-0.0835 -3.6306
-3.6168 -4.6696
0.0215 -0.1617
0.0868 -0.0384
-0.3799 0.5434
-5.2338 0.2791
0.0220 3.0081
-4.1644 -3.0729
-0.6701 1.9416
-3.4919 -1.9758
-3.2258 -0.2291
0.3754 -4.6847
0.1624 -2.8778
0.2264 -2.7616
2.3693 -2.8091
-3.5119 -2.7805
-0.4152 0.3857
-0.4952 0.5706
-0.3686 -5.5915
1.8074 -2.1756
-3.8105 -0.1422
-0.3889 0.6166
0.5879 2.3232
-0.3097 0.0240
-3.4770 0.8614
-2.5397 1.1636
-2.8451 -0.1996
-3.8299 -3.9063
2.0109 -0.8367
-0.1156 -0.2298
-0.0665 -2.4922
5.3443 -0.4346
-0.4259 -0.1705
-0.0174 0.4309
2.4605 -0.4600
-3.8088 -3.8031
-1.8407 -2.9896
2.2367 -0.2047
1.4527 -2.3791
2.9454 0.7667
2.4523 -3.2125
-2.9242 4.5428
-0.2144 -0.2706
0.0389 0.2025
-0.6894 0.7089
0.0577 -2.0383
-1.6685 -3.0929
0.0959 -3.4776
-0.2146 -3.2866
1.8313 1.8223
0.4283 -4.9876
0.1909 3.7924
-3.4941 -0.2740
-0.3499 0.2375
-0.1243 2.9444
-3.6604 3.0219
-0.2018 -4.1200
-1.9562 -1.9111
0.3928 0.0243
-0.0732 0.4503
2.0820 -3.9383
-5.9288 -0.3496
-2.4608 4.9602
-0.1757 -3.8382
0.1598 -0.3305
-0.5414 0.6109
-0.7808 -2.0180
2.9176 -3.0435
-0.1446 0.1157
2.4513 -2.8433
-3.5886 -3.9463
2.2903 -0.4881
-0.0299 -3.3976
0.3285 0.7034
-2.7644 0.6086
-0.1716 0.3691
-2.7718 -2.7672
1.3617 -0.2812
0.1075 2.0964
-0.3050 -0.2317
-3.5342 -3.2117
-4.1158 2.9879
2.7259 -2.9849
-7.0415 5.1805
0.3673 0.2703
-4.0694 -3.8252
-1.3208 -0.4574
2.1342 1.5468
-2.8032 2.4280
-3.4516 -2.4780
0.0253 -2.2543
-0.0919 0.9625
-0.4968 -2.7622
-0.1071 -5.2889
1.4504 -3.5242
-1.5881 -2.3317
-2.6312 -0.0937
0.7177 0.5862
0.7159 -3.8720
-3.4585 -0.1501
-3.0786 -3.0939
-0.1746 -3.3651
2.4827 -0.5766
-0.1455 -3.1095
-3.7621 -4.0303
-1.8734 -0.0224
2.3082 -3.3214
-2.8641 2.0083
-2.5343 -3.5114
0.4530 0.1080
0.0245 -0.1173
-2.3043 -3.4815
0.0197 -3.6471
-6.2893 0.2689
0.1650 -2.6264
2.2305 1.0062
0.4109 -0.2194
-0.2902 -3.2515
0.0508 3.5051
-1.6959 0.0936
-3.5239 -1.7512
-0.3883 2.6333
0.4720 0.3569
0.7770 -0.6927
-2.4899 -0.4465
-3.3906 -0.7287
2.5451 -0.2042
-4.3086 -3.4946
4.4002 3.0524
-2.5236 -0.2753
0.0337 0.9500
1.7494 -0.1210
-0.5758 0.2679
-0.3394 -0.4841
-3.0619 2.1869
-0.3559 -1.0905
-2.7310 -3.3907
4.4572 -0.0711
0.1986 0.3819
-3.9399 -0.2331
4.8729 -0.2317
-3.3032 -3.1385
-0.5349 2.8119
0.0935 -0.0850
-3.1305 0.3780
-2.6416 0.1212
-3.3024 -0.0442
-0.1681 -2.6449
-2.1374 -1.4646
3.4845 -5.1246
-4.1222 -2.8063
0.2585 -0.6080
-0.6963 -0.3079
-3.6843 -0.0389
5.1327 -0.8004
0.6036 -0.2132
-0.2262 1.7750
-0.8352 0.4850
-3.4662 -2.8156
3.2958 -3.0372
0.3188 -3.1254
-0.0704 -3.8056
-3.9055 2.8625
-3.6732 -2.6037
-4.0380 2.5857
-4.5067 -4.7609
-0.5830 0.1407
0.4951 -2.4153
1.9267 1.8600
2.0535 3.1834
-0.0187 -2.9043
-2.3591 0.4575
-0.0953 -4.6796
-2.9561 2.6013
0.0755 -3.4337
0.3136 -0.4306
-0.3509 -3.0901
0.4431 -2.5328
-3.0473 -4.4492
2.4069 -3.9262
-0.7098 -0.5213
0.0468 2.4118
-0.3881 5.1542
-2.7637 0.6167
-4.7392 -0.4822
-0.0486 -3.5715
1.8879 -0.0815
0.1120 0.1414
0.1077 0.3930
-0.0192 2.3260
2.7183 -0.4220
-4.6063 -0.2041
0.2961 -0.0434
-3.1717 -3.2207
-2.9874 -1.5799
-3.3858 -0.7787
0.3450 -0.6334
-0.1183 0.2182
-3.6853 -0.1542
1.7505 0.2458
-1.2110 -2.7251
2.2775 -0.1634
-3.1907 -0.2350
3.0563 -3.5826
-3.3353 2.4427
-0.1739 -3.4259
-2.6993 -0.3730
-0.0995 -3.4350
4.9697 2.3601
1.6527 -2.9058
-0.3222 -0.1864
-1.7517 0.0080
-3.1853 -1.5386
0.7107 -2.7498
-3.2531 2.3234
-0.2518 -4.3503
1.6556 -0.1936
-2.8865 -1.8029
2.3133 0.0052
-0.4030 -0.9217
-0.0061 -5.2468
0.2917 -0.2260
-0.3967 -0.5576
-2.2817 -3.6629
-3.5685 0.2071
0.0857 0.0452
0.5215 0.4538
-3.2568 -0.2936
0.0355 0.7348
-3.6055 0.3334
0.2777 -3.9639
-3.8587 2.5324
1.0934 0.3575
0.0650 0.4216
-1.0348 -0.1621
4.2373 -1.9382
-2.1711 -3.7246
-4.6712 2.1585
1.7815 -2.6563
2.5781 -3.2045
-6.0024 0.0412
-0.5543 -3.0324
-0.6835 3.0633
-0.2472 -2.7799
-0.9373 -4.9004
0.0452 -0.0468
-1.9403 2.4465
-0.6320 -0.1752
-3.1068 -4.8061
-0.1099 -4.5292
2.4371 0.3487
-0.5178 0.8681
-0.0715 -0.1815
0.2879 -2.5196
-4.1482 -0.1584
-2.3996 -1.6954
-2.3916 0.8048
0.3260 0.0398
-3.3902 -0.0955
-0.0015 -3.1904
-0.2473 -2.9120
-4.7686 0.8236
-1.8782 0.0148
-0.1271 -0.1670
-0.0110 -0.2399
-2.3593 2.2869
-0.3802 0.1108
2.1830 0.1467
-4.0692 -0.0489
-3.3238 -3.7194
-0.7686 -4.3087
4.5476 0.2242
2.1403 -4.4114
-0.4873 -2.1051
0.3330 -3.8043
-0.2324 0.2922
-3.8275 0.2004
-1.2650 1.2281
-0.2427 0.5014
2.3074 -0.8890
-1.0632 -0.1367
-2.7591 0.1302
-0.3246 2.1222
4.7022 0.5792
-3.8680 -0.1991
1.1543 -3.9221
-0.5489 -1.2556
3.5027 -2.3429
-7.7687 -1.7681
-2.4851 -4.1340
-4.6683 -2.8360
0.2373 3.1111
-0.0272 -2.9098
-3.6350 -1.5272
0.2955 -4.3420
0.0254 1.1833
-3.2889 -0.8076
0.1696 -3.1048
-0.6208 -0.1901
-0.3055 -2.7205
-3.8564 2.8533
-2.0602 1.0188
1.7671 2.6115
1.2062 0.0577
-1.1660 0.2809
0.0327 -3.2822
-2.7483 -3.1339
0.2890 0.3751
-2.5002 -1.8779
0.2010 -0.1768
0.0325 1.7918
0.4053 -0.2660
0.6029 -1.6681
-0.3800 -2.8734
-0.8550 -1.6053
-2.9855 0.4024
-0.6821 -0.1964
0.8002 1.6800
-1.0890 -3.2581
-3.4574 -3.0775
-1.5669 -3.4229
0.1650 0.2281
-3.7062 -0.8055
-0.5818 -2.4130
-0.6035 -3.1413
0.0814 0.1039
2.2228 -0.7407
3.3120 -0.4892
-1.9620 -2.7597
-2.7119 -2.6223
-2.7195 1.7042
0.2670 -2.7720
-3.1036 2.8320
-3.2161 0.1284
0.5533 -3.5791
-0.6427 0.0509
0.1653 -4.3099
2.2718 1.5003
-4.5158 -4.1561
-0.2175 -1.5529
0.3196 -0.1997
-3.3442 -0.2373
0.0579 0.1639
-1.7496 0.1135
-0.7307 -0.1078
-2.8709 -6.9347
1.3840 -1.8574
0.1075 0.1361
0.1998 -4.3439
-4.1238 1.9608
-2.7520 -2.4679
-0.2539 1.5576
0.3179 0.4159
-3.6867 0.1112
-0.4266 -3.7082
0.3273 3.2277
-0.3336 -4.3541
3.5558 7.5280
-3.9319 -2.9848
-0.1679 -2.3017
-0.1349 -2.3215
-1.9558 -3.0856
2.3730 -1.7695
4.2974 2.0761
-2.7977 2.6229
-0.1055 -0.1649
0.1558 0.3353
-0.1324 -0.0380
-0.1170 0.6299
2.2295 -3.1727
-1.9629 0.1244
2.7866 -0.6020
-3.5998 -2.5815
-5.8502 1.9491
-1.4832 1.4011
-2.7688 -3.8719
0.0236 3.7553
-3.2507 -0.1094
-2.5708 -4.9358
-3.0076 0.4354
4.4043 -0.4263
0.2449 -0.1112
0.6117 -2.8373
-0.2712 0.1641
2.4144 0.9214
-0.1705 -3.5734
-0.4126 0.2810
-3.8614 -4.6951
0.0658 -2.6836
-2.0190 3.5997
2.3287 2.3434
-0.0416 -3.2439
2.1388 0.2753
-0.2019 -4.1874
0.3981 -3.4857
0.4151 -3.3929
-0.1799 3.0263
2.6735 -0.4240
-1.0064 -2.0298
4.7348 2.0201
-3.3537 -4.3992
-0.1331 0.2319
-0.5950 0.8511
1.8983 -3.2526
-0.3834 -0.1215
-0.4635 -3.4705
3.1614 -4.0071
-0.4645 2.8731
-1.1285 2.9434
-0.1404 -3.0553
-0.2211 0.3283
-0.8160 2.5074
-0.8972 0.5630
-0.0757 -3.9185
-2.5323 -2.1706
-0.2025 -3.5134
-4.0016 0.3245
0.0850 2.3547
0.1283 -0.5149
-0.1125 -3.8158
-4.4076 -0.8665
-4.2524 -3.5218
-1.7003 -3.6367
2.2398 0.1490
1.8237 -4.2354
-0.4239 -0.9386
-8.1372 -3.6524
-2.7752 -0.0937
-1.8901 -3.1433
0.1763 -3.5204
-2.5915 -0.4592
2.6203 -2.8537
0.3578 -3.2432
2.3860 -0.3290
-2.1866 -0.5661
-0.8016 -3.2863
-0.4317 -0.2785
-3.5223 -0.7401
-2.3629 -2.7547
2.1712 -3.7502
2.5080 -0.2187
-0.7225 0.1789
-0.7122 -3.5365
2.7136 1.2693
-0.4423 -2.8791
2.8433 -0.1643
0.9245 5.0252
1.4587 -0.4801
-1.6458 3.8869
-0.7029 0.4556
-3.2594 0.2057
-0.5126 0.1828
-0.4253 -0.5349
-3.8644 -0.8795
-0.3191 -3.6691
0.0878 0.1502
-2.6600 -4.4399
-3.5846 -3.8181
-3.6792 -2.4574
0.0835 -3.2590
0.5236 0.1659
-4.5123 -2.6494
1.5901 -0.2724
-4.7953 0.4942
-3.1003 2.1783
1.6371 -4.4366
1.8149 1.5836
1.6986 -2.2237
0.3214 0.1643
-4.4445 2.5311
-3.0679 -3.0135
-1.7969 0.0739
-3.2712 -0.2076
0.5273 3.1707
-3.1805 -3.4902
-2.5642 0.1734
-0.1938 -3.0569
5.2656 -7.4965
0.0703 -3.6608
0.1085 -0.3753
0.2721 -3.4008
0.4406 -4.6127
-3.1829 -0.0579
0.1428 -2.6743
-3.7445 -0.7420
-0.2734 -0.1962
-3.6133 0.2052
-2.0288 0.0833
-0.2403 -5.0050
-4.2597 -2.5350
-0.3478 -1.1626
0.3117 -0.3478
-0.2542 -1.9275
-0.2211 -3.6194
-0.3473 -2.9703
1.3478 -3.5838
-0.4925 2.4107
0.9018 0.3385
-0.1102 -2.4573
2.3286 0.2910
-0.7117 -3.3180
-3.3760 -0.3786
2.2715 0.6864
-2.4581 -3.7274
1.7899 -3.8293
-3.1264 -0.5301
-0.7818 0.5525
1.3743 0.0270
2.4443 0.0035
-2.7827 -2.8963
0.0945 -3.8091
4.1389 -3.8736
-0.0140 -0.2278
-3.8042 -3.8078
3.1359 0.1849
7.5292 1.0627
0.3505 -3.5929
0.2001 0.7448
0.0556 -3.6038
-1.5425 -3.2981
-3.0896 -0.2107
1.9902 -0.1844
-0.1650 -4.1356
-0.5539 -3.7259
-0.6786 -0.4859
-4.7889 -3.8479
-4.1673 2.3153
-0.0197 -3.6369
0.3763 0.8576
-0.0743 1.7333
2.0462 -4.9115
-4.4344 0.0298
-3.1338 3.4445
-3.1951 -0.0679
-4.2478 -3.9887
-3.4293 6.9235
0.6566 -4.5324
-3.5828 0.6650
-4.0689 5.8017
-0.1548 -2.7852
-0.5016 5.0498
-2.7825 1.4135
4.2759 1.2490
-0.4454 4.1100
-2.2347 0.7179
-3.5013 -0.1270
2.2111 -2.3464
-2.8810 0.4996
1.6209 -0.3493
2.8584 -0.1641
1.2923 -2.3684
-2.2680 0.2179
-0.2549 -3.5341
-4.1579 -4.0909
-0.2070 -0.0854
-4.6107 0.0365
0.1435 -2.3897
0.5154 0.0650
-3.3033 -0.1873
-0.1024 -0.5253
0.1198 -0.5735
-2.0656 -3.5395
-2.8865 -6.3316
0.3856 -1.5649
-3.0648 -2.4950
-1.4771 0.5119
-3.5528 -4.1604
-3.8131 0.2777
-2.0174 -0.1711
-0.8285 -3.0674
-0.3340 -3.9521
-4.1397 -0.4944
-3.9449 -3.2212
-0.3533 1.0132
-2.0135 -0.3345
2.0989 -1.8200
-2.5910 0.4163
0.4575 0.2412
2.7974 6.0286
-4.3676 -3.8435
-0.5599 -0.7445
0.0201 -0.1729
-0.1134 -4.7894
-0.0620 -3.2637
-0.1549 -2.8933
-3.4287 -0.2236
-4.3362 -4.4099
1.6259 -0.5518
0.6306 0.2025
-4.5873 0.2280
-2.9956 1.3030
-0.0565 -3.0717
0.3015 -1.9387
-2.6936 -0.1452
-3.4118 -1.7364
0.0182 -0.4896
-5.7104 -0.0086
0.1417 -2.7304
-3.5999 -3.0305
0.0845 -3.5717
-0.0567 -3.1958
-3.2241 -0.5158
-0.0458 -3.0624
-3.0796 -3.4249
-2.0821 -2.9747
-2.8911 0.0806
2.9234 -3.4822
-3.8817 -3.7591
-2.2124 2.7817
-2.1416 -2.4875
-0.0866 -2.4029
-3.1582 -3.0447
2.1495 -5.5840
0.0120 -0.2105
-3.9316 0.2694
-0.1407 0.0939
-3.0373 -0.2258
-3.4035 -0.1195
-0.0883 -0.1888
0.4491 -0.4911
-6.5549 -0.0701
-0.1463 0.0104
2.4436 2.4257
-4.5823 -3.6894
-3.2318 -3.4123
-0.3822 -0.3430
0.5240 -0.4693
0.0275 -3.1198
-0.3793 0.2951
-3.9202 -3.0906
-2.4335 -3.3161
-0.0471 0.2531
-3.8661 -3.0869
-3.5108 -0.1009
-3.3734 -0.3444
-3.4931 -3.1499
-0.3887 2.1604
-2.5698 0.1000
-2.5793 -2.6027
0.2601 0.0122
-2.4157 -2.8629
-0.0907 -0.0962
2.7474 0.1227
-0.1375 -0.2446
-0.6769 -3.1641
-4.6625 -0.4391
-5.4013 -3.0387
-3.9259 0.7844
-1.7459 0.5704
-0.2412 1.0349
3.8540 -3.8952
-0.2874 0.1781
-2.3722 -2.6726
3.0108 2.1369
-0.4224 -0.6935
-3.4725 -0.3298
-0.3743 0.0196
1.8355 -0.5787
-2.9580 -0.0775
-0.2456 -2.4861
0.0597 -0.5674
0.0960 -3.8660
-0.2241 0.2478
-0.0607 2.9081
-4.1572 0.5020
-2.3029 4.4981
-0.4613 0.0901
4.5001 -3.5769
-2.0851 -4.0589
-0.0695 1.1149
-0.3365 -2.9388
1.7118 2.5995
-0.5150 0.0428
-0.6426 -0.4406
-3.4676 -0.1654
-2.0902 -0.2706
2.0862 -0.7439
-0.2181 -2.7203
0.5848 -4.1858
4.2291 -0.0431
0.6200 -1.3276
0.2710 -0.1269
0.5108 0.0497
0.0284 -2.7476
-0.3026 -2.7076
-1.9019 2.4687
0.3302 -2.5128
0.3054 -3.4222
-0.2426 2.4126
0.3121 3.0603
-0.0340 0.8465
0.0724 -2.3322
1.7867 -2.0350
-1.5594 0.2195
0.5991 -0.2563
-3.4476 -2.8248
0.1924 0.1468
-4.3077 -1.1538
0.0625 -3.2937
-3.8948 -3.9884
2.2293 2.0819
-0.2829 -3.3905
-0.1251 -3.6476
-0.3318 -0.1010
2.9700 -0.0770
0.2922 -0.1489
-1.2278 0.4417
-2.4971 -0.1284
-0.2212 0.5794
0.0183 -2.3217
0.0436 2.8776
4.6566 2.3339
-0.5046 0.6511
-0.7828 -3.6097
0.1604 2.1404
5.4813 -0.0295
0.1033 -1.9404
-2.1932 0.2426
1.3372 -2.5504
-3.2188 -0.4239
-3.6308 -2.8930
-2.6793 -2.9186
0.4082 1.3080
-3.1644 -0.6058
-2.5419 -3.5506
-3.8602 -3.5816
-2.4843 -2.6445
-2.9510 2.5076
-0.3468 -0.2560
-2.6513 0.6309
-3.6649 -0.1754
-3.0913 -2.3435
1.7923 -0.9320
3.0374 -0.2771
-0.5215 -4.1191
6.3235 -3.4548
0.6689 1.1236
2.3693 -0.1278
-5.1581 -0.2162
-3.2225 0.5472
1.9414 -0.1173
6.1333 0.0840
1.6959 0.8691
0.3082 -1.6931
0.6099 -0.3238
0.2088 0.5642
0.1697 -0.2820
-0.2694 -2.0300
0.6481 0.0956
-0.6283 -8.2736
-0.0024 -4.0578
0.4146 -0.2293
0.8552 -3.2186
-3.4071 -4.6335
-0.0845 0.0796
0.3572 -0.0684
0.0734 -0.1216
-3.4621 -5.0451
-5.5163 -3.1549
-1.1345 0.1596
0.0361 -1.3611
-2.8806 0.2726
-2.9836 -0.3399
-2.6318 -0.5141
2.8158 -0.2582
-3.2908 -2.4649
-4.5526 -0.3493
-3.0801 0.1260
-0.6796 -0.2834
0.6650 -0.6182
0.1393 0.1397
-0.0032 4.3498
-4.3537 0.1132
-3.3733 -2.7027
-2.7499 -0.1100
1.0155 0.0455
-2.6791 -0.2820
-0.2322 2.6887
0.7988 -6.1906
0.1598 -0.3425
-3.0993 -2.8122
-3.6462 -0.6461
-0.1646 -0.0295
-0.1414 0.2041
-2.6778 -3.2867
0.0954 -4.4953
0.0166 -5.1419
-0.3491 -3.5928
0.7428 0.6838
0.1601 -2.8605
-4.1067 -0.1030
-3.2875 -0.0763
0.1784 -4.6161
2.8977 -0.5218
0.2878 4.5539
-3.6213 -1.9105
2.7789 -0.4538
0.3824 0.1212
1.0302 -0.1183
-1.1088 -2.7436
-5.0119 -2.8681
-2.4604 -2.3875
0.1432 0.6085
-3.6403 0.0289
-2.7969 -3.3897
1.2705 -4.4267
-0.1102 0.1455
1.9398 -0.0467
-4.3582 -4.1051
-0.3653 -4.6562
-2.0347 -0.3761
-3.4250 -2.9566
-3.4253 -0.0962
-4.3586 -0.2519
3.7971 -4.3994
2.6051 4.3389
-0.4398 -2.1337
-2.8660 0.1984
-0.5348 1.8775
-3.2342 -2.8461
-0.1991 0.5477
0.1255 -0.3432
-4.0368 5.5785
-3.6108 2.8105
-3.0073 -0.0577
0.0683 -3.9144
0.0218 -4.0479
-3.5256 -3.4287
-3.0886 -3.6694
1.9004 0.0051
0.6019 -0.0448
-3.3018 0.0792
-0.2203 0.1441
-2.0051 -3.8235
-3.2619 -3.4187
-0.1483 -4.6749
-3.1698 -0.1392
-2.9092 -0.1190
0.1126 -0.1191
3.2549 -0.5300
2.9669 -3.7958
-2.4393 -3.9036
0.4706 2.4295
1.0544 -0.0597
-3.3313 -4.8276
-7.2356 2.3483
0.1817 -3.9628
2.0986 0.0201
-4.2093 -0.0768
-4.4605 -0.3421
-0.2093 1.4680
3.9242 -0.7030
-0.2097 -2.4408
-3.6196 -3.0123
-2.4622 0.4294
-4.9751 -2.3707
-0.0921 -0.6081
0.3405 -3.6326
-3.6625 -0.0190
1.8525 1.9556
-0.3221 -3.4786
-4.2829 -0.4185
-4.4281 2.3953
-0.3545 -0.6351
0.2800 -0.4563
-2.4953 -2.8733
-3.3235 -1.7079
0.1036 -3.5570
1.8588 0.7322
-0.6743 -4.4678
-3.8321 0.5198
-2.3343 0.3377
-1.2058 -4.5234
-0.0635 -3.8689
-3.5463 -3.8036
-0.4883 -4.3592
-0.0048 1.3633
-0.5226 -2.8056
0.2415 5.2065
-0.1611 -0.4939
-0.5836 -1.5503
2.3255 -2.9370
-0.0597 0.5111
-0.1672 1.8986
0.3535 -3.4436
2.6328 0.7114
-4.2699 2.4350
0.0205 2.3830
0.2132 2.6453
0.3382 -0.1545
-0.2395 0.0014
0.8226 -3.4253
-0.1509 -0.3478
3.9544 -0.2402
-4.0567 -4.2254
-1.7583 -3.6098
4.1429 -4.5109
5.1925 -0.0994
-4.3609 -0.2070
-1.3086 0.5975
-0.1966 -1.6109
-3.5766 -3.9700
0.1621 0.0176
0.7139 -0.3752
0.1822 -0.4485
0.0213 -0.2565
-5.3623 -0.2935
-2.8497 -2.1801
-0.4777 -0.4262
0.1442 0.1346
2.5410 1.9695
0.5622 3.0614
0.2399 2.3916
-0.2464 -3.2916
2.1184 0.4470
0.1786 2.5634
-0.3347 0.0968
0.1742 -2.8749
-4.9461 -0.0510
-4.2016 -3.0623
-2.8077 0.1257
-0.0607 -4.7403
0.5037 5.9114
-0.3678 0.0224
-3.2883 3.3522
-2.6070 0.0139
-0.2412 -0.2615
-3.6777 -3.0335
-0.4396 -4.4341
-2.3680 2.6947
-2.3896 -1.3506
-3.4189 -3.2536
3.5157 -3.0306
-0.0156 2.0754
-0.4504 -3.2277
-3.1681 2.7978
-3.5559 -0.7913
1.4191 -0.7153
2.6484 -2.5604
-0.0188 -0.3640
-4.1161 -0.4410
-3.1157 -0.1655
1.8532 -3.6687
-2.6706 2.0120
-3.2738 -3.2379
-0.2311 1.4367
-2.6586 -0.0288
0.5531 -3.2297
2.8112 -3.2292
-5.0970 -3.0438
0.1271 1.3361
-4.4933 0.2103
-0.2082 2.7164
0.0790 -2.5938
2.5442 2.0018
-0.1641 -5.5171
0.2554 0.1419
-0.0056 -3.4001
0.1868 -2.9708
0.0029 -4.8681
0.0389 0.4205
-2.8536 -0.0243
-3.7164 1.8783
0.0608 -3.6995
-3.5383 -4.6349
-3.6172 2.4238
-1.8540 -2.4192
-3.9745 -4.3054
-2.1402 -0.2330
-3.6597 -0.0769
-0.0735 -3.4368
-3.0464 -0.1581
-0.0409 -3.5464
1.7859 -3.4088
0.5912 -3.7284
0.0140 -0.5920
-3.9705 -0.0407
-0.0013 -0.1125
-4.0957 7.8373
-0.5089 2.6167
-1.9876 -0.0353
-2.4325 0.5168
0.6144 -3.2736
-4.5049 -0.4337
-3.6219 -2.4571
-2.9960 -0.6713
-0.5759 -3.8423
-0.4241 -4.0316
-2.4842 -3.1526
-3.5498 -5.7365
-3.2292 -2.8714
0.4636 0.1093
1.3118 -2.5951
-3.2608 2.0880
0.3246 -0.5113
-1.8768 -3.7872
0.3071 -0.5582
0.3462 -0.2028
-2.7178 -4.5968
-3.5018 2.6117
-2.6338 -0.0638
2.7169 2.2761
-2.8694 -0.7884
-3.8369 -0.8537
-0.5325 0.1224
-0.0648 -3.8480
-2.9288 0.9618
-0.7342 -4.1889
0.4622 -2.7924
3.1381 3.3570
-3.4555 1.5626
-0.0435 1.1827
1.0460 -2.6105
-0.7459 -1.9910
1.8063 2.7887
-1.2095 0.0510
-0.3324 0.2111
-0.0118 5.0493
-3.9243 -0.9093
-0.1241 -2.4090
5.9709 0.2198
0.9722 -4.5185
-3.0278 -0.4032
-2.4178 -1.5559
4.3887 -4.1453
3.3250 -2.2968
