5
3.2468 -6.6499
2.4539 2.8897
3.0403 -9.1696
-4.6139 2.3710
-6.5582 2.9696
-4.3080 13.4678
-9.4808 -6.7353
3.4535 3.5605
3.4236 3.2846
-7.3880 -7.4169
-7.2003 4.0734
-7.6240 -6.1454
3.0194 3.8221
3.4917 -5.9106
2.9113 -7.3428
-4.1274 -4.8220
-5.9758 3.0127
-5.4730 3.4002
2.7926 3.1943
-7.2713 -6.7571
-7.3946 -7.3996
2.9448 -5.2139
-3.0647 -6.4148
-6.8726 -5.1175
3.4438 8.2361
3.2692 3.3373
3.7891 2.6435
-7.3143 -6.2650
3.0142 3.1663
-7.1101 -6.0864
-5.2521 9.4790
7.8885 -6.2228
-6.0281 2.8253
-6.9054 -3.6836
8.8278 3.5669
-5.2370 3.4049
-3.2817 -6.3401
-1.5366 2.9033
-5.7218 3.8395
8.0387 2.7829
-9.3498 -6.9143
-4.6070 -8.0677
3.2618 -5.5106
-4.9662 4.4217
-3.9645 2.3920
3.4406 -4.9858
2.4717 -9.3434
2.6299 -7.4635
5.9280 3.1282
3.4928 -4.8038
3.6721 -7.5820
-5.6481 3.0193
2.8702 3.5156
5.3306 -7.5219
2.2312 7.5038
-6.7490 2.5771
-5.0313 2.7897
3.9288 2.7308
4.5763 4.2829
-5.3242 3.8353
6.7686 4.3507
-5.2547 3.3779
3.2847 -6.8139
-4.3621 -5.4489
3.8591 3.5592
-4.7088 -4.6885
2.1922 -8.6732
-4.1217 -10.2336
3.0268 -7.9882
-2.1606 3.2235
3.5720 3.6278
-8.5041 -10.2502
-6.0961 2.7063
-4.2429 2.6665
-4.0707 -6.7764
-5.7962 -5.7299
-4.3146 -1.4949
3.9011 -4.5595
11.4064 3.1157
3.0534 3.1333
2.9159 3.2283
3.1462 4.7177
8.2013 3.0385
3.1637 -7.4244
-3.8932 -6.8426
-9.3990 -6.8291
3.3994 2.9500
2.6801 -4.6400
3.5397 -5.6152
3.6690 3.8472
-8.7182 -3.8373
2.6514 -6.5668
3.4915 -5.6548
7.7148 2.6135
2.9995 -4.6505
-7.3090 -7.3339
-4.8635 3.1494
-6.4372 -7.5327
6.0559 -3.0490
3.1015 -7.6201
3.5488 -3.9372
-8.0690 -4.2722
3.5788 -7.4059
2.9362 -6.3637
-4.1860 -6.3580
6.5288 -5.5817
2.6751 4.8750
-5.8218 3.5602
-7.7724 -4.3840
3.0858 3.5232
-6.2614 -9.1398
3.3358 2.6527
-7.8009 3.0139
3.0099 3.6328
-7.6652 -6.6521
3.0933 8.6003
3.4272 2.9678
-4.7861 -8.4487
-7.3060 -5.7460
-5.0333 3.6281
-8.3111 -4.3641
9.1670 -5.3618
-5.1904 -5.2005
-7.8623 -3.4161
3.9235 -4.5875
3.9114 -6.6264
4.3071 2.9808
4.0020 -5.7047
4.4769 3.0409
3.0728 -5.8985
3.5228 -6.8671
-2.2579 -5.3264
-3.7364 -3.6891
3.7852 -8.7935
3.4223 -5.8862
-12.0251 -5.0890
3.2106 3.6973
2.7823 -4.3991
-4.8402 4.0026
-7.1975 0.4631
3.6001 2.7415
-2.6940 4.1648
-5.1292 -2.4211
-7.4487 -4.5840
-7.0665 3.3544
5.1784 9.9355
3.3579 3.8879
3.4375 3.7386
-7.4692 -7.2708
-7.0730 3.3573
10.7480 -5.2779
-9.6129 -1.5290
-3.9020 -6.4113
3.5105 3.0220
1.4445 3.0899
-4.2119 6.7081
3.1964 7.4814
-5.4655 3.1877
-7.9580 -3.9621
-3.7554 -5.2658
9.4312 -2.6088
-4.6580 -5.3831
-7.1922 -5.6547
3.1586 -9.0674
-10.3525 -6.0600
-4.5569 -3.7624
-6.0772 -5.4552
3.9838 -6.3163
3.6622 7.0053
3.5157 7.3583
-6.9420 -5.5213
3.2587 3.1000
-9.2757 -6.3306
4.0471 3.5143
-7.4825 3.2306
2.4074 -6.6564
2.7423 3.3734
-3.5475 -8.1033
-5.8260 -6.6743
3.0842 2.5187
3.5830 3.4345
4.2622 2.6402
-4.6309 2.9625
0.3881 -6.1413
3.0155 -5.3293
-6.0009 -6.0200
3.3139 -7.8673
-8.2219 -7.9322
-7.1423 3.6458
3.6360 -5.8379
3.1228 -6.6335
2.9006 -8.3802
-4.5320 -2.9466
3.3826 -6.2549
2.8099 -6.0076
3.6395 3.7677
-6.1693 -9.5891
-8.3570 -8.3612
-6.3685 -7.7246
3.4566 3.0023
11.8247 6.9146
-5.3641 -4.4525
-7.1154 -5.5855
4.0193 3.5669
3.8632 -7.1205
3.0137 3.4207
-4.4145 2.4183
7.4683 3.5186
3.1742 -5.0200
-7.0573 -11.7056
-7.0950 -8.0959
3.5334 3.4436
3.0405 -7.4920
-7.4703 -6.0421
-3.1740 2.8656
-3.2897 -2.2280
2.9337 3.4077
-3.8779 2.5681
3.6208 -7.4637
-5.3610 -5.5830
3.3284 2.9879
-6.7160 -5.0844
-4.6706 -7.5897
3.0419 -2.9818
-1.1521 -4.6476
-2.2786 -4.7304
3.1007 -4.5679
3.3206 3.9390
-6.7266 -5.3718
3.5579 3.1932
-5.7098 8.7065
-5.8470 6.4436
-8.8187 2.9250
-5.3895 -9.5804
4.0939 -7.3560
3.2542 10.3132
-2.6107 -3.8727
-5.6155 -3.3315
3.8764 8.1435
-4.1383 -3.3201
-4.2914 -4.1292
10.6597 2.9845
-4.9048 -6.5833
2.8699 6.3434
3.5829 -3.2909
-6.6105 3.6605
2.4406 -4.9314
-3.8133 9.7546
3.0803 -5.6585
3.3227 5.6273
-6.7281 -6.0245
-6.6836 2.5729
-7.2182 2.7309
-6.4217 -11.9263
-5.1389 3.4556
2.7053 -6.1193
3.2988 -4.7282
-7.0604 -2.8864
-9.3102 2.9107
-9.3133 3.2274
2.8857 3.4568
-7.2445 -6.8494
-5.0962 6.2906
-6.6151 -6.6780
2.0474 3.3946
-5.8473 2.8401
-6.5454 3.1453
-5.8016 -8.2387
3.4508 -5.8841
-4.0835 -8.5870
3.4816 -5.2885
3.8719 -3.5449
3.5801 -7.5553
3.5405 3.6710
-7.4312 4.0783
3.8909 -5.6276
11.4432 -9.6117
-5.3571 3.0203
2.9829 3.7139
-6.3028 3.7138
-8.5675 3.6844
3.0051 3.2300
2.6278 3.0201
3.0924 -6.8801
3.8897 3.9653
-3.8614 2.7435
-5.5089 3.5643
-4.4670 -3.1377
3.0546 3.1449
-4.6223 -6.6601
3.3282 3.8949
-5.8559 3.7231
-6.5364 -7.8582
-6.3098 3.6009
7.5331 -4.9661
3.1090 3.9162
3.1371 4.8795
-5.8010 3.3112
3.3181 -2.6778
-5.4342 3.7949
-7.3838 -5.3098
2.8029 3.3673
3.2188 3.3994
3.9157 -7.0495
-4.4729 9.7778
3.0367 3.7300
3.2883 2.9687
3.4795 3.1140
11.8880 3.5572
-8.1143 -4.3718
3.2240 2.6727
-1.5617 -5.9259
-6.9459 -4.2326
-6.1123 3.3008
3.1107 -5.2767
3.2276 3.5444
-5.5067 -5.1024
2.9602 -6.6933
3.3456 -4.7656
3.1915 -7.0372
-2.6608 -5.0192
2.8430 -3.4793
4.3874 3.6183
-5.8343 2.7369
3.2560 -6.0259
8.9506 10.9015
6.9854 2.8527
-5.1467 1.3189
3.2813 -4.8610
-5.1130 3.5005
-5.4533 -5.2854
3.1687 3.3019
-4.6597 3.2240
3.3534 3.8091
3.3786 -3.7120
-3.5451 -5.0709
11.9583 3.3836
-5.0566 -3.7823
10.1895 3.0464
-5.5657 3.7155
4.1236 3.2141
3.2199 7.3740
-6.0883 -3.6037
3.4807 -8.6997
2.9013 3.2021
3.4845 2.9805
-5.0619 -3.4838
4.0361 -6.3549
-3.6069 7.7655
4.5705 3.5051
-6.9949 3.3018
2.7861 -2.4201
8.8667 4.1687
-7.3084 2.8287
-6.1594 3.5593
3.2713 -3.7763
-5.5594 -6.9559
-4.1636 -11.3292
3.3789 -7.5112
2.6979 -7.4460
-2.5348 2.8381
-3.9707 3.8913
-6.3221 -6.4335
2.9101 3.3366
3.1845 -3.6220
-5.2950 -4.8989
-8.8535 3.6540
-5.4099 -6.4540
-10.0456 3.4447
-6.7675 2.7661
3.6766 -4.7049
3.3864 3.4875
3.2213 3.8543
-5.7662 -6.2006
3.0800 -8.6088
3.3104 3.0056
-6.7050 10.2390
-6.6562 -3.9413
-9.3412 6.5010
-8.5929 2.9929
4.9973 10.5397
-8.1604 3.1425
3.2097 -4.8676
-3.9994 -9.0827
3.5558 12.1079
2.5499 3.4501
3.6123 -5.3046
-3.8635 -7.9761
3.2677 -6.2792
-4.9466 3.7907
3.8172 -3.8564
-5.8334 -7.8842
3.6108 3.6467
-3.4425 2.7994
-7.0732 -5.5651
8.9903 3.2980
4.0874 -7.2140
-6.1500 -2.8730
3.0600 -6.0282
3.4662 3.8906
-8.2979 3.0138
-6.5897 3.6649
3.5348 2.7543
3.3228 3.0072
-6.7830 3.1469
-8.6876 4.1557
3.0263 6.4607
-5.0920 -3.4352
3.2981 3.9532
-6.6481 3.3346
-6.7803 3.7721
-5.0472 -5.7814
7.7952 3.4041
-3.2839 3.7733
-7.3955 -6.4570
-6.9534 -9.5319
-5.6355 -2.3332
2.6781 -9.5810
-6.2057 9.9465
3.4950 -8.5938
4.2824 2.7081
3.5842 3.3918
-5.9970 -3.1981
3.3045 11.7022
-8.2784 -4.9435
4.0605 -3.8246
-7.8707 -7.9710
3.9357 3.2035
-7.6993 2.4831
-1.7226 3.0383
11.4777 -6.2101
-6.6628 -4.7115
3.7231 2.9121
3.8762 3.3063
3.3149 7.8411
3.3417 -5.5869
-8.6055 8.7531
-6.4377 -6.8625
-4.3782 2.3227
11.0168 -3.0308
-6.7372 -2.9706
2.7617 -6.7704
-5.3738 3.5142
-3.8039 -6.4957
2.8800 2.8404
-8.7603 -5.7081
-3.6036 3.7062
-7.9213 -6.6917
-7.9751 -3.8651
16.2077 3.0719
-5.3949 3.2730
3.1008 -4.3714
2.9041 -6.4887
6.8499 -4.8661
-3.9671 2.8810
-5.9598 -6.0203
-6.4721 -6.1379
3.3045 3.5954
3.2687 3.9665
10.8487 -8.0148
3.5094 3.6314
3.6774 3.5701
-5.1063 -8.3105
3.8122 2.9362
3.2157 2.5814
10.2743 3.2709
3.2605 -9.8266
2.9621 -6.0177
-5.8745 8.5392
-6.2437 -8.4730
11.6260 3.6968
2.9746 -6.7680
-3.4092 3.6397
3.7541 -7.7172
4.1777 -3.8593
8.1797 -7.2479
-3.4677 -6.5563
3.0120 3.4552
-3.1891 -5.6861
3.3330 -9.2244
-5.7923 9.0606
8.8509 7.8631
3.4229 2.7378
4.0203 -3.5213
-8.4990 -5.4247
-6.7663 -4.8653
-8.7870 2.9580
-4.6013 3.7783
-7.4657 -5.0565
2.8704 -5.9678
-4.5169 -7.6502
-10.0078 -8.0312
-6.0402 -5.0833
3.0959 3.1166
3.0281 3.5626
-4.8450 4.0225
3.8873 2.9802
-6.7068 -9.4232
-6.4569 -8.2572
3.6568 -5.7943
3.5511 8.2448
-8.8206 -6.7010
-6.8484 8.7620
-7.4291 -6.6781
-7.8438 8.1092
3.3069 -5.2842
2.5164 3.4242
3.8932 -4.2603
-3.9600 -2.9457
-4.4532 3.6926
-7.8568 3.5645
-10.2914 -6.9582
4.0617 2.8198
5.6393 5.8219
-4.3211 -5.3500
-5.8289 3.5523
7.4067 3.7060
3.1046 10.7575
2.8431 3.0970
3.6601 -3.1948
3.7086 3.7212
-7.5951 3.3766
3.5945 3.8817
-4.2139 3.3485
-3.1165 -4.0055
3.0390 -2.8263
-5.0426 3.3744
-7.7955 -8.0477
-6.7603 -2.3964
3.2496 3.3483
3.2607 3.2807
-5.9531 3.3570
-4.5672 -2.8200
-6.2196 3.0895
-6.7235 -5.7490
6.0820 -5.5030
3.9080 -2.3259
3.6948 -3.9054
-5.6864 3.6661
3.1219 -4.2124
-7.2479 -2.8434
3.8030 3.4663
-1.8634 3.4644
-8.2414 -8.8026
3.8988 3.1678
3.4996 -7.7603
-4.0544 -5.7134
-6.2491 3.0189
-10.0925 -4.1106
3.7408 3.7445
-6.2519 3.4034
2.9911 -4.2715
-8.1488 3.0160
-6.2049 2.8500
-5.7715 -5.6139
2.9758 3.0131
3.6116 -4.5738
-7.7638 3.2037
-1.9974 -4.3309
-5.3564 5.9856
-7.5233 3.6875
3.0448 2.9281
3.2774 2.8907
2.9580 -6.8478
-4.7401 3.6474
3.4328 -4.2955
3.5759 5.5841
-5.5283 -5.1969
-7.7383 -7.0782
3.7074 -9.3562
-6.7207 -8.3965
10.7455 3.5816
-7.7726 -9.9504
10.2892 2.7997
2.9596 3.8728
-8.7223 -8.0898
-4.8064 3.5961
9.7817 2.9005
3.2793 -3.5738
-9.4150 -8.2835
3.0362 3.9908
-8.0284 3.3150
10.5701 -7.0342
-5.6457 -5.5085
3.2029 9.6720
5.5486 3.4097
3.2686 -5.1725
10.4465 3.1060
-6.2680 -3.5612
3.2472 3.7222
-4.4588 3.5591
8.9326 3.2159
3.1451 -8.2885
8.7461 3.4186
3.2466 3.0532
3.4738 -6.2215
8.2238 -6.0973
3.2540 -9.6738
-1.5163 2.8522
-3.5443 -7.4923
-7.6654 3.0648
2.9375 7.5556
-6.3409 3.1635
-5.9995 -3.7379
7.5740 3.0344
-7.4650 -3.0527
3.3964 -8.2080
3.6878 4.0198
3.5288 -8.2682
3.3819 -4.2769
3.4986 3.5610
-5.6605 -3.1015
3.6020 6.5191
-5.2161 3.8026
3.0760 2.8724
-9.1535 -4.1459
9.6984 -9.2694
-6.5175 3.1016
-5.2866 3.0098
3.2739 8.8030
3.0440 2.8256
3.0185 6.9922
2.8946 3.5944
3.6605 2.9547
-5.7517 -7.9152
-4.3533 3.2053
-11.2264 -6.3856
3.0479 3.1585
-4.4898 3.1909
3.0028 -6.4547
3.1476 3.4049
4.0927 3.4982
-5.5187 3.5462
-7.1273 -10.3210
2.1291 -2.1680
-3.0934 -7.2962
-3.9773 3.5917
3.4662 -4.6711
-4.0371 -6.2082
-7.3302 2.8496
-2.1101 -4.9466
-2.6992 -8.0297
3.4586 2.7967
-6.8290 6.3168
-4.8330 -1.3068
2.7657 -4.4666
3.2843 2.6356
3.9070 4.2915
-6.0719 12.1510
-5.1224 8.6384
-5.5887 2.4759
8.2354 -7.3386
3.4354 3.4256
3.1976 -9.6676
-6.7751 -7.8070
-8.7300 -5.6202
-5.5072 -5.9935
-6.8282 -4.3866
-3.9303 -4.6638
2.5127 -5.5779
-6.9902 -7.7001
3.4590 -6.1274
3.7784 -5.5898
-7.8389 -6.8058
-4.5158 2.7858
3.4361 2.7959
4.1034 -6.0916
-6.4413 -4.4434
3.5563 -5.8079
3.2378 -4.3627
3.1909 -6.0908
-5.6745 3.1345
-8.5706 2.5664
-5.2826 -2.1809
3.4839 3.0631
-8.5328 3.3756
3.8265 2.9456
-4.2045 -7.8249
-6.4917 -10.6413
-3.9201 -6.4747
3.0468 3.7212
-8.7774 -5.2521
3.2928 -5.4332
2.4345 -7.5943
5.5437 3.4753
6.0964 3.0968
-5.4819 3.7642
-5.9934 4.0438
3.4667 -6.7133
-4.8591 -9.0077
2.7736 -5.3938
2.4739 3.4487
3.2148 3.5904
-5.6519 -12.2595
2.9588 2.6409
-4.1869 -5.3482
3.6449 -7.2724
-5.6982 3.9518
2.7417 -5.6516
-4.8435 7.0407
3.5070 2.9708
3.1963 3.5225
-3.2853 -7.4886
10.1893 4.9325
3.4480 3.3762
-4.6668 -8.0761
-8.0756 -5.6734
3.7087 -5.3360
-5.2654 3.4865
-8.6717 -3.7054
-7.2914 -5.0481
-6.7546 2.8382
3.0735 -5.0772
-7.7845 3.5693
-6.8951 7.8813
3.8774 -5.7752
3.8344 3.3635
3.6261 -5.1271
3.7664 7.2017
-1.9008 2.7250
-4.9948 3.4391
-4.7159 3.1184
3.5962 2.6500
-4.6353 -5.5708
3.2535 -1.0963
-5.6806 3.0797
-3.3574 -6.8465
3.2536 -9.9513
-4.7919 3.1592
3.3442 -8.3407
10.1636 -3.9690
3.9833 3.2350
2.5727 -7.8521
-5.3157 -8.0907
-3.6999 2.4983
7.4594 -6.4670
12.8113 -7.8459
6.8020 3.6145
-2.2069 -2.9762
2.7116 -6.2855
3.1804 3.5831
3.8450 3.1094
-6.4969 -5.7137
-7.2387 -9.4330
3.4933 3.9970
-3.5026 -6.9363
-3.1229 -4.9358
3.5226 -7.5328
-7.8638 3.3884
7.3935 -4.4497
4.0231 -8.6953
-6.5770 3.3818
3.9563 -7.2798
-6.9505 4.2051
7.5873 -5.1769
-8.6279 -6.3662
3.7943 3.3754
9.3301 -9.3916
-8.1396 3.1932
3.3288 -4.3884
-5.8159 -5.3126
3.4550 10.7282
3.4051 3.6064
-6.5821 -4.2411
-2.9175 3.7765
-4.7730 -4.5662
-4.3159 -5.4380
3.5065 13.5897
3.3722 -5.3532
6.4776 2.8179
2.6729 3.4396
3.3100 2.7223
3.5763 -7.3820
-8.6043 3.4161
-4.2428 -3.2142
3.3367 -8.6912
-6.2549 3.5657
-7.2858 9.7790
-9.0937 4.2348
-5.4362 3.5069
-4.2494 3.3186
-10.6150 -7.5667
3.2177 -5.3623
-7.3907 -5.5239
7.7614 -5.8404
3.1561 -7.0892
3.6725 3.1649
3.0840 3.0061
3.2507 -5.4960
-8.9607 3.1591
-8.2061 3.8505
3.1820 9.4095
-6.3868 2.9251
3.2701 -2.2207
-8.7237 7.1741
3.5324 -7.1223
3.1686 -6.0783
-7.6659 3.4372
3.2582 7.6584
3.2964 -5.1200
-6.9748 -5.7545
7.1314 -4.9795
3.4487 -4.2176
3.5008 -4.0684
3.6371 -4.5481
2.4989 3.7528
3.0542 3.1442
-7.4375 3.4662
-3.1518 3.2298
2.9007 -5.9097
3.3993 -4.6341
-7.3999 3.5934
3.4157 10.1767
3.7958 -7.0806
-5.9331 3.1621
-9.2698 -5.6568
-6.8619 6.0550
7.9578 -8.1282
-5.9942 3.4421
2.8795 3.4610
3.5571 -7.0555
-1.7704 -2.9543
-6.6445 3.1266
-6.8571 3.7847
3.4797 -5.6932
-6.9991 -2.8045
7.6468 3.5768
3.5014 -6.6733
3.5900 -4.3507
-7.4238 3.0177
-7.4255 -2.7080
-6.5042 -8.1075
3.4451 3.1500
-5.2334 3.9409
-9.8060 9.2673
3.0079 -2.2590
4.3537 -10.1283
-7.4627 10.3049
-6.0308 -5.7710
-7.3250 -5.6633
3.0612 3.4615
6.7537 -7.3499
-8.7189 -4.6277
3.3202 12.2683
-6.9547 -4.7937
3.3177 -6.1462
-3.8128 3.4314
3.2645 4.0945
3.7976 -7.3975
-4.1357 3.9054
8.1184 -3.7326
3.7229 3.1373
-6.1127 2.8670
-5.7654 -5.9054
3.3783 3.6208
3.8316 3.3412
-4.1922 -3.2772
-9.3172 -7.1590
3.3651 -6.5509
-5.0755 3.1229
2.9881 5.4973
-6.0362 3.2127
8.3690 -4.3953
-5.7377 3.3778
-7.8994 -5.0233
-3.4041 3.4461
3.7251 3.4910
-8.9890 -5.8034
3.2301 -2.7737
-2.3509 -7.2091
2.9095 -6.5687
3.6925 10.2190
3.6932 3.1407
3.1628 -9.2201
7.6610 -7.5743
-4.4782 5.2906
3.1213 2.9827
3.0403 2.8551
2.8829 11.0064
3.6261 2.9147
-4.2943 12.1633
-4.9497 2.6636
-9.4943 -6.9841
2.8196 3.2197
-2.9204 -8.5827
2.9318 3.2437
6.8090 3.5628
7.9844 -6.6868
-6.9223 -6.1506
-7.1582 -6.5538
3.8122 3.1362
-6.3941 3.4872
-3.3379 2.8133
-0.9104 3.1675
0.2131 -5.7315
3.5135 -5.6269
-6.6167 3.8872
9.1925 3.3366
-3.9663 3.3011
-5.6090 -3.5225
-6.7923 -5.8689
-7.7659 7.6516
3.6072 2.7570
-6.1765 3.8969
-4.9913 9.1904
-5.0854 3.7006
3.6184 -6.2481
-6.2505 2.3553
3.1395 3.9413
3.3211 1.5234
8.5962 -5.2381
-6.8049 3.3178
3.6203 -6.7306
-4.9964 3.1054
-8.3546 -3.8148
-6.3912 -3.7758
-4.9699 -7.0518
-7.4318 -3.9899
3.0659 3.0079
3.1440 4.0511
-4.1871 -7.9644
-3.2700 3.6475
3.4040 12.5579
-3.9357 -6.9046
-7.3167 7.8478
-6.7582 4.2907
3.1102 3.8933
-6.3753 3.3478
-3.4325 -6.2477
3.5770 2.8773
2.7531 3.8844
-7.9244 -4.7571
-7.7300 3.2766
6.0927 3.6060
-6.1361 -6.6700
4.2332 3.3002
-5.9776 -7.2224
-7.3385 -6.0535
-6.7878 2.6875
3.4231 2.6594
2.8524 -7.5869
-5.7744 -5.3867
5.8918 -5.7081
-4.6805 3.2308
-5.3320 -1.3123
3.1853 -0.6070
-7.5180 -3.9910
-5.4331 3.5222
7.4256 -7.8880
-2.8450 3.5898
-5.1241 -7.1372
-0.9884 3.8396
-7.6489 -5.4290
2.7372 -8.5896
3.5387 -8.5176
3.1968 -8.2950
2.9852 3.2607
6.3020 -3.2396
-6.0582 3.5122
-9.4019 -4.8355
-7.0110 3.0719
5.9276 -2.2791
-6.0100 2.6978
3.6173 9.5539
-8.4375 3.0300
3.7575 2.9584
-4.0998 3.3279
3.4715 7.9531
-8.1354 3.0553
3.1322 -5.6512
-7.9829 3.4868
-9.5736 -3.3285
3.6066 11.5918
-4.3155 -7.4249
-3.7471 -5.2655
-8.0770 2.8920
3.8455 -6.8638
-4.6743 10.9309
3.2479 3.4309
-7.7299 3.2952
-7.2564 3.3479
3.3682 -4.7708
3.2512 -7.3740
-6.9327 -8.3646
3.0499 10.6280
3.4515 3.3004
3.0636 3.4124
-6.2898 -6.1320
-7.5102 -5.5692
-6.6129 -4.9663
-4.4298 5.4127
-4.7435 3.5722
-5.8669 -4.8610
-8.1123 -1.4718
3.8338 6.9494
-7.5956 3.2759
3.0478 3.2579
-8.3193 3.4081
-3.7919 5.6573
5.6872 -8.7093
3.5874 3.4444
-2.8183 3.1861
3.5277 -4.8693
3.7084 3.3264
-9.2087 -5.4406
-7.8896 3.4261
-6.3977 -7.6036
-8.5733 8.4471
-9.1053 3.2002
-5.9909 3.1009
9.7827 3.1700
2.7612 -7.7736
10.4091 -5.0290
8.8508 -6.7688
-5.3132 3.4264
11.4875 -3.4362
3.4734 -3.9570
-6.2461 3.2834
3.4873 -4.0799
-8.5412 3.0238
2.6638 -5.1831
3.0358 2.7402
-5.6271 3.3618
3.8146 -4.0638
-4.7056 -7.2105
2.9180 -6.2281
3.7092 -5.0711
4.3929 -6.5599
3.4678 -8.3317
-4.3452 3.0410
-2.6409 3.1569
3.3220 3.4385
-5.4079 -6.5155
3.6185 2.6971
3.1718 3.5492
-4.7850 8.8378
3.0627 3.7799
-4.5424 3.5308
2.0986 2.8068
7.7056 3.0420
-6.2862 4.4993
4.5030 3.8594
-4.5379 2.9906
4.1984 -3.9267
3.4477 2.9907
-7.4292 -7.4721
3.7193 -5.5429
-6.4321 -7.6965
-8.0906 3.4922
-3.0284 3.8181
-6.2761 4.1183
-4.8509 3.4397
-4.3409 -5.6400
-2.3418 3.4237
-9.1971 -5.9402
3.0549 -5.2108
3.2347 2.9527
3.3334 3.5183
3.4167 3.5244
3.8370 -5.0974
5.1492 -6.1223
-5.3175 11.9711
-5.6099 2.9578
3.7259 -7.3289
-5.2874 2.8117
-6.4154 -7.7198
-1.5899 3.7297
-3.5458 2.9637
-5.7483 -7.3914
-3.5939 2.5519
-9.0773 7.8780
-3.5959 -5.5704
-5.8417 2.8055
-7.4159 4.2557
-6.8599 3.6003
3.7191 3.3131
-6.3063 -6.5838
2.8786 -4.8120
-4.6918 3.3671
-5.2817 3.3325
3.1134 -3.1815
10.4487 3.0197
7.5713 9.0928
-8.7009 -3.9336
-6.7900 3.6069
3.0286 3.9845
7.6592 2.9799
-6.7513 3.0271
3.1204 3.0874
3.7694 -5.6653
7.6121 3.3662
3.6906 -5.6664
-10.1497 -7.4239
3.3765 -9.8716
-6.6296 6.5058
3.3833 -8.5265
3.3045 2.8492
3.9263 -8.5321
-3.9449 -3.7112
3.4630 8.5171
-6.7244 -4.8413
-4.0278 -2.9899
3.3685 3.4849
9.1675 10.1226
11.2470 -5.9711
-10.1540 3.2273
3.4742 -5.0192
3.3445 3.0440
6.7629 6.7851
5.8377 3.6198
3.2741 -4.2222
-2.6060 2.9178
-5.6424 7.9670
3.7829 3.4922
-6.7115 7.6367
3.3029 3.6069
-5.7277 -4.0325
-5.9687 -5.1825
3.2884 2.5121
2.4874 0.5379
-6.0311 -6.7291
3.8548 3.7930
-6.4161 -3.0383
-8.2405 10.2061
3.1758 3.1698
2.9034 -6.2690
-4.7361 -3.2097
3.6181 -3.0778
-3.6631 -4.9026
-5.9203 3.3784
-8.1697 -5.6462
2.7513 -6.1797
-6.7412 -9.1865
2.8206 -2.9577
-6.6516 3.1608
-5.7788 -7.6989
3.1836 -12.2181
3.4787 -7.0162
-4.4174 2.4970
3.2604 -6.9458
3.3086 2.9764
4.4618 2.8756
3.2022 3.2582
2.5387 -4.5440
-7.1479 3.2338
2.7512 -3.2196
-3.0597 -3.8591
-7.0259 -3.5260
-5.7539 3.5480
-3.1798 -5.0613
-6.6201 -5.2746
3.2735 -5.4788
-7.2939 -6.6117
-5.5874 3.8832
-9.7494 3.0433
3.5742 -10.9572
6.5707 3.4826
3.2082 -4.9166
-5.2699 3.6464
-3.5454 -4.4042
-6.2422 -8.4199
8.1271 -3.5420
3.7995 2.9552
-6.8309 -5.4972
-5.8885 3.1436
-4.9581 5.9220
-6.0963 4.7312
3.6948 2.7011
3.3373 -2.7631
3.1957 3.8829
3.2491 -4.0900
-7.5799 -7.8983
9.0743 3.4002
3.4720 -10.6276
3.4186 8.3917
-5.7361 3.1790
3.3961 5.4802
3.3709 -8.7856
2.7860 -5.3976
3.7677 -9.7186
3.7373 3.1098
-3.5276 -4.7125
3.1509 3.4131
-6.0893 -7.2274
-8.2663 -7.5787
-3.6185 -2.3192
3.8104 -6.3013
9.0771 3.0077
2.8231 2.6484
-7.6721 12.8207
2.7791 -6.2388
-2.7494 -6.6977
-2.9638 3.0021
-5.8076 8.3043
3.2489 3.6300
3.1533 3.6782
3.2196 -2.6835
-6.6245 2.7760
-7.7191 3.3948
-8.2367 -4.7050
-6.1741 -8.2010
2.9057 3.4130
3.2452 3.0979
3.6185 -5.5516
-5.6391 -3.9871
2.4460 -4.8921
2.9504 -4.4476
3.5295 -4.3300
3.2865 -8.5436
-6.2910 2.7992
3.7555 3.8486
3.2529 3.4327
-5.2163 -8.9766
3.0470 7.1208
3.2534 -0.2807
-9.6397 -3.5331
-3.2867 2.8136
2.8580 -7.0767
-5.3977 -5.7574
2.9450 -6.3160
3.3502 -8.6191
9.4443 -3.4902
3.0056 8.7871
-7.6920 2.9999
3.7012 3.4104
3.5787 3.4380
3.2028 -2.4282
8.8406 -7.5054
-3.5568 3.1332
-4.0379 3.5567
7.7171 -6.5415
6.6820 2.3454
3.9005 2.9745
4.2753 -6.4527
-4.5101 -9.1079
3.5199 -6.9096
-6.2278 -8.1245
-6.6466 -5.2021
3.2567 2.9417
3.3888 -9.6434
-8.8671 -4.6456
3.4117 -6.9721
-8.0786 3.4238
-6.1329 3.9828
2.6309 3.4710
2.7947 3.6377
-7.5271 -5.8991
-5.5175 3.2680
-3.5871 -3.4413
-2.5057 -5.1562
-8.6861 -6.1721
-3.3127 -1.2733
3.5042 -5.1354
3.3398 -4.7517
-8.0766 3.3485
-5.9594 3.5300
-6.9881 3.4675
3.7489 3.3596
-3.2123 2.5745
2.7794 -11.9790
3.4709 -6.6126
-8.5555 -3.9143
-7.7739 2.7761
3.4621 -8.3709
2.8872 3.6441
-2.6990 -7.0351
-6.8723 -2.1692
3.7036 -7.0777
-5.2539 3.4510
3.6214 3.1469
-4.8880 -3.9262
3.4401 -5.4964
-6.1946 4.0190
-6.1689 -5.9755
11.5819 -7.3719
3.7680 -5.6952
9.3983 -5.0637
-8.8421 3.1108
-5.1455 3.7727
-9.4719 3.5305
-4.1773 3.5966
2.3850 8.5385
-9.4376 3.5170
-5.4184 -6.2800
2.1660 -4.9256
-6.3530 -8.9449
4.6301 -5.4437
-5.7589 3.2793
6.1419 3.7903
-6.5394 3.3298
-5.8828 3.6764
-4.3281 5.7448
3.3921 -5.0775
-8.9287 2.8944
2.7565 8.3949
-4.0474 -2.3397
2.8811 5.4457
-5.5530 -1.4474
-7.8319 -5.1526
-6.9995 -5.2365
2.9955 3.1267
2.9372 2.6364
-4.2829 -5.7494
-9.1198 -7.9651
3.1552 6.6260
3.4387 9.7175
-5.9452 2.9432
2.4963 2.4816
9.0454 -4.2307
2.4913 -5.5887
-7.5485 3.3615
3.5108 -9.1157
2.6066 9.1440
3.3873 -3.5200
3.7253 -6.0106
6.6524 -6.0754
-5.6963 2.3385
3.7410 3.6692
7.6564 -1.4615
11.5024 3.5593
2.7766 -5.8548
4.1754 3.9743
6.5909 -4.8431
11.8043 -6.6492
-6.1264 -7.1275
3.0031 -6.2458
-2.9580 3.6693
2.9846 2.8880
3.3737 -3.4921
-6.7243 -4.3812
3.2308 3.3106
-5.9900 -6.0594
10.5534 -0.1050
3.1724 -8.2511
-7.5142 -7.7421
3.2808 2.9034
2.9567 7.2970
3.5060 -2.9045
3.0303 2.6092
3.1802 -4.5829
3.3779 -6.2524
-8.8769 3.6440
3.8847 3.4734
3.4004 3.5446
3.9006 -6.6028
3.2131 13.3811
3.2700 2.9649
-4.5823 -5.8554
3.8954 -7.6681
7.4151 -6.3578
-5.9581 -4.2819
3.9081 -8.0324
-6.5737 -5.7868
-6.3905 3.4543
2.7630 -8.4592
3.5363 -4.1519
-6.0414 -1.5049
-7.1038 3.8081
-5.6919 3.2670
-5.9115 -1.5383
3.3705 10.3333
-5.0131 3.1092
2.7546 -8.3226
8.1256 3.2141
11.2717 3.1269
-1.7731 8.8775
3.4093 -5.1248
-8.6637 -4.6067
9.4091 -7.2585
2.8620 3.9295
2.8316 3.7853
-6.9194 3.1875
-6.7264 3.4772
3.3166 3.2845
3.6619 2.9907
4.0296 3.4476
2.6735 -3.8904
8.9121 -8.5263
-3.0686 6.0542
8.7384 -5.9598
3.2614 -4.2976
3.5754 3.7573
-6.9072 7.4193
-4.2417 2.9007
-5.2156 4.3713
-1.3209 -9.2707
-7.6137 -4.9635
-2.2593 3.0755
9.5762 -2.5261
3.2833 -8.3170
2.9647 3.2384
3.1711 8.4684
3.5242 -7.3963
-6.9036 -7.2994
-5.7939 3.2571
-5.1081 -8.4645
-2.8769 -3.5837
3.9071 3.5747
-6.4180 -7.4419
11.6548 -8.1921
-2.9329 -3.5345
3.3571 3.3776
2.6984 -4.6284
3.1038 -5.6021
9.2119 -5.2502
-8.3608 3.4330
-5.4753 3.5687
-6.5221 -5.0933
3.5264 -4.0218
-3.3561 2.8576
3.1705 3.2029
2.9824 7.4212
-4.9430 3.7038
-5.6697 3.8770
5.8707 13.9203
-3.2645 -8.7976
3.1241 -7.9886
3.6434 3.3678
-2.8629 3.7259
-6.7414 -6.8042
3.3702 -4.6907
3.1432 2.6881
3.1571 -3.0223
-5.5297 -6.9019
-2.9727 -7.4008
3.0003 3.3164
-5.9136 3.5379
3.7107 2.8229
-8.2518 -4.2938
-8.7649 3.6198
-4.3084 3.1394
3.2657 3.4174
-6.6996 -6.0344
-5.2219 3.7538
3.3614 -7.6026
-4.1453 3.1984
3.3770 13.0077
3.5051 2.7515
-7.7678 3.5533
-9.5435 3.2976
-6.0381 -3.6082
-5.7265 4.0948
-6.0789 4.0418
3.2924 -3.5524
-4.6556 2.7907
-0.8149 -3.6574
-8.6170 -8.5026
-1.9368 -6.0125
-3.6728 15.0960
7.4286 -4.5891
-4.4425 3.2294
2.8334 -2.8116
-9.4532 4.7188
-8.7488 -2.7839
-5.1320 3.4430
3.2308 -6.9384
-4.8518 -5.7321
-6.4144 -7.5953
-2.3957 3.1424
-5.3590 3.0423
3.6957 4.5325
3.2293 2.9204
3.2288 -8.3801
-4.0404 9.6466
-8.7711 3.2790
-4.1905 12.2366
3.3233 -4.3746
3.6043 -8.0802
12.8673 -7.7560
3.4449 5.0220
-6.0948 -6.4911
3.9519 3.0585
-9.0600 2.8751
-6.4989 2.8423
9.9556 3.3138
3.2709 -7.9618
-4.1049 -8.4215
2.9812 -7.3630
-8.9694 -2.9252
3.1747 2.9702
-8.0185 3.5646
-5.0302 -4.2005
-6.7439 3.2209
-5.7291 7.6068
2.9547 3.3859
3.3494 3.7795
-4.7839 -1.8246
-5.8482 3.8243
-9.0973 3.4830
3.6164 -5.5200
3.7215 -8.5591
-7.9100 -5.6731
3.5875 3.8384
3.2342 3.5624
-6.5621 -5.4285
-6.7691 3.2690
-4.8458 -6.3129
-6.4058 4.0431
-4.7295 3.2701
3.9851 -3.9421
2.6015 2.5891
9.4525 2.8251
-2.5115 3.3213
2.3464 -3.8327
3.7779 -6.6438
-6.0911 -7.0681
-5.0016 -8.6680
3.9296 -6.8987
-5.6171 -5.5349
-8.9391 -6.0658
-5.5956 2.8236
2.9777 -5.1554
-2.2601 8.9377
9.1241 4.8466
-7.8122 2.7960
3.8926 4.0030
-5.3135 3.2771
-8.8885 2.7995
8.8243 2.7310
3.2032 3.1852
3.5880 -3.9489
3.4520 3.9058
-6.6284 -3.8559
3.8029 3.1806
-7.2470 3.8349
3.3492 -5.4408
3.2551 -5.1734
-7.6983 3.3602
3.3719 2.6871
-4.4475 7.7833
-8.0232 -3.2260
-6.6111 3.0390
-5.9933 3.2328
3.4357 2.6482
4.4332 -4.4169
-3.7074 3.9405
0.0616 -3.4383
3.0510 -5.9605
-5.0413 -7.6992
-6.2461 -8.2932
3.4082 -4.0849
3.2381 -4.0570
-8.1899 2.3100
-3.6478 3.6376
3.2659 3.2683
2.7527 -4.5933
-3.5886 8.2509
3.5697 3.4083
7.4190 -8.2592
3.2726 -5.3867
-7.2106 2.9556
2.6475 3.1898
-6.3345 3.6164
3.1387 -8.5958
3.3892 -6.0612
-6.3435 3.2067
2.8786 2.6868
3.2172 -7.6034
-6.0957 3.0654
-4.2449 3.2394
-7.5775 -5.1355
-5.8300 -8.5984
-6.5307 -7.4017
-8.5796 3.4260
-2.6439 3.3928
-6.6680 4.1169
2.6795 2.8969
3.5917 3.7642
3.2542 3.5506
2.9699 3.5349
-6.7743 -7.2693
-2.3059 -6.3132
2.7910 5.8830
-3.7388 3.5738
3.4286 2.2788
3.1108 -4.8355
2.9958 -5.6214
-6.9095 9.6635
-5.0596 3.9726
-6.2066 -3.4280
-5.0440 -4.2373
-8.1256 -6.5989
7.1100 -8.4508
2.6433 3.5153
3.2278 2.9859
-4.5286 -3.1001
3.4418 -8.1891
-4.6198 -6.1901
3.6430 3.0138
2.7348 -7.3064
-4.9263 -5.2043
3.8939 3.7683
11.2968 8.1427
3.8677 6.8117
3.0769 -3.8959
-6.2832 3.4223
-4.5236 3.4091
-4.3579 15.1625
-4.9489 -7.1077
2.6830 -8.4398
12.7644 -5.2949
-9.2921 -7.9223
3.1072 2.9227
-4.6640 7.4675
7.0543 2.9640
-8.0275 -7.4084
3.0177 -4.0132
-4.9103 3.3691
-6.1655 2.5854
-5.0870 9.8150
-2.6780 -7.4977
-8.0749 -5.4024
-4.6118 3.4723
3.5145 3.6717
-6.7809 3.1536
3.3226 3.2304
-6.0092 -7.3872
3.1173 11.0580
-4.8561 -4.3056
-8.0555 9.2478
-5.7710 3.4147
4.2613 -5.3360
-6.4447 -3.8276
-7.0467 2.9842
3.8425 -6.5774
6.2442 -4.0857
3.8306 2.6934
-4.9588 -4.2007
3.8849 2.2143
-8.2232 4.0573
-3.3324 -4.9888
3.4022 3.4696
3.9919 3.3110
-6.1111 -3.3371
-7.1332 2.7583
6.1746 -7.4402
2.4137 3.5265
-6.2613 5.8230
3.6750 3.4668
3.1576 -6.9596
-6.5423 3.2947
3.4142 6.6497
-7.2701 3.5651
3.2668 -3.4004
3.7633 -6.7788
-7.5650 -7.7256
3.5240 -5.2982
3.3347 -4.4863
-6.7854 3.6516
-10.3771 3.5267
2.0878 3.3352
3.1670 -6.2838
-7.4045 3.6441
3.9534 -7.8001
-5.6948 3.5538
3.7490 -4.7521
-5.7049 -6.5196
-6.6572 2.6616
-7.0018 -6.0864
-2.9136 2.6022
-5.1993 -6.4118
-5.9784 2.6641
-6.4640 7.1404
3.8412 2.8740
3.4971 5.7129
4.6015 -1.9114
3.6288 2.6086
7.0787 3.6103
3.5943 -5.7161
7.1325 -6.5763
2.9823 -5.0079
-6.9816 4.8325
2.4659 -7.5227
3.8675 3.7422
3.1099 -7.5170
-6.2077 3.6594
3.1252 8.3319
-2.8542 -5.7947
3.7787 -2.2021
-4.5207 3.2460
3.4425 3.5127
3.2075 -7.6284
3.4229 3.6658
3.3363 3.2762
2.8790 3.3423
-6.3861 -8.2499
3.3529 -3.7012
-4.0387 -6.7202
2.9204 3.2549
8.4576 2.6505
3.5814 -6.5586
3.5740 3.0931
3.0329 2.9583
2.9946 -6.1356
-4.7289 3.0350
3.5425 3.4330
-3.5197 -6.7505
-6.2164 -6.0917
6.5067 2.6805
-5.4202 -6.9182
3.6895 2.5088
4.0287 3.6585
8.2693 -8.5514
-4.5057 2.6093
3.2733 -4.7004
-5.0538 3.8588
-3.8371 -8.0511
3.7261 -7.6749
-4.8777 6.6462
-3.8962 -7.0239
-5.8373 -5.8121
-4.2624 3.3243
3.3151 -4.8984
-5.7679 3.0038
-5.6747 3.8595
3.0929 -9.0547
3.0083 -6.6065
3.0413 -3.6363
-7.1712 -8.3192
3.7827 3.4620
4.0089 -5.3613
-9.0415 3.4681
-6.9209 3.2007
3.1404 3.2617
3.8516 2.9395
3.6326 -6.9668
6.6367 3.5503
-5.1584 -4.0429
-7.3432 2.7920
-6.7964 3.2848
8.6197 3.4057
-7.9268 3.6602
-3.2818 -7.8789
-4.6430 -2.5718
3.3960 3.2922
2.5775 -5.2898
-4.4176 -6.7594
3.1304 10.9109
-3.4478 3.4511
-4.0809 -3.2695
-4.2639 3.3642
3.0711 3.2247
11.5564 -2.9876
2.9708 -2.3037
-5.6072 -7.9148
3.0551 -1.6398
2.7517 -5.2066
7.4646 -6.5299
3.3343 5.7452
-6.0162 -7.4272
-8.3215 -4.4890
-7.5765 -7.0516
2.9616 -5.3779
2.6617 -3.8942
-4.6262 -3.0318
2.8942 -7.1753
7.8117 2.9607
3.1754 3.7722
-5.9093 -7.9445
2.8837 6.4291
-5.8028 -5.4065
-5.2796 3.6800
3.3346 2.9375
7.9437 -1.7180
-3.4473 2.4417
-6.1340 -6.7107
3.4017 3.2349
9.2529 -4.3189
-3.6588 -2.6664
-4.9665 -3.6715
7.5480 2.7458
2.5576 -6.7519
7.7725 2.9301
7.7049 -4.8666
-5.6033 -5.8207
3.4310 3.5297
-7.5341 -4.5503
3.4067 -9.7202
-5.5674 15.0381
-5.6102 -5.3129
-1.3419 -4.2411
-6.3109 -9.8485
2.6947 3.1039
3.6826 -5.9705
3.5380 -6.4835
3.6224 -8.8668
3.1673 -3.9742
-6.3618 -7.9560
-8.3592 3.3868
3.4086 -6.4225
3.1985 3.3433
-5.6065 -7.3745
-8.2749 3.3551
3.0624 2.7038
-8.0779 -0.3816
-9.3345 3.7822
2.7507 7.8440
2.8927 -1.2467
2.9922 3.6719
5.3987 -12.3554
-5.4804 3.3792
-3.0814 3.5398
-4.7247 3.6887
8.2544 -6.8490
-4.8926 -4.9267
3.3909 3.3616
-1.6269 -3.0783
-8.1561 3.5236
3.7833 3.3315
4.0798 -5.7021
-0.3880 2.8552
-8.0813 3.4792
-5.9582 3.4558
3.1463 -8.1635
-5.2371 3.0384
-5.1093 2.5864
3.1748 3.8338
3.5252 -1.0256
-5.3004 -5.8621
-4.3141 -5.6893
3.5116 -5.5614
4.0435 -4.3615
3.0203 12.5097
-7.3095 -5.2575
-2.4414 -2.5559
3.3512 -5.7297
3.1624 3.0523
3.6027 -5.1030
3.2677 3.0407
4.1355 3.0419
-2.7945 -6.0408
2.8127 -4.4592
2.7966 3.3916
6.4021 14.0614
3.1118 3.2884
2.7154 -7.4020
-8.5505 -5.0871
-11.6587 2.5700
3.8762 -3.0088
3.3919 -5.1313
3.5398 3.6474
3.1034 -6.0666
-6.7187 -6.8772
12.2114 -7.4635
-6.2782 -7.7697
3.4404 -6.5792
-5.0511 -5.1919
3.3609 -1.7484
-6.8590 -6.7743
-5.4407 -7.5805
3.8165 -4.6761
-7.0310 -6.4197
5.4624 3.0930
3.5742 -7.4798
-7.3496 -3.3068
12.1161 -5.1512
3.2410 -4.9350
3.1481 11.6596
-4.6324 1.2954
2.8863 2.8865
6.9165 3.3648
2.6831 3.9073
-8.9122 2.4409
2.8876 -2.3834
3.0019 -8.2952
-4.1281 -4.7133
-6.1568 -6.1429
-8.3140 3.0511
-7.4728 13.1392
-4.4517 -5.5426
-7.8707 3.1810
3.7963 -6.1162
3.3539 -6.9886
5.8503 -4.2823
3.7628 -5.4336
-3.3463 3.3709
-6.3294 2.9345
-4.1878 -0.5221
10.4138 3.2227
4.0471 -6.7334
-7.2729 -6.7615
7.4626 -6.1665
2.9976 -6.9186
3.3231 -6.0043
-5.9820 2.5382
-9.7328 5.6819
4.1129 -6.5025
-6.2222 -5.1846
-6.1213 -5.0022
5.0772 3.9187
-5.8575 -5.9074
3.5311 -5.4751
3.2459 -5.4989
3.7260 -9.8344
-2.2005 3.3237
-7.2347 -7.9037
3.7374 3.2469
2.9652 3.3677
-6.6820 3.0970
2.7863 -6.6187
3.7945 4.9510
-6.1367 -7.3174
3.4611 3.2891
3.4455 -7.3084
3.5486 -8.0400
-8.2512 3.1309
3.0544 -6.3747
4.2357 -8.4477
-6.3593 9.8566
-6.4072 3.6073
-8.0439 3.0721
2.9563 3.4023
3.0864 5.5612
-8.1026 -5.3592
-9.2401 2.0568
-5.1525 2.6260
3.7612 -8.4840
2.8508 -3.8540
-6.8414 -6.7062
3.5614 3.3258
3.4105 3.6387
-7.8970 -9.1442
3.5474 -1.3264
3.5761 -6.7076
-4.4409 3.0192
-8.8928 3.6562
-5.6490 -5.2661
-2.9105 -6.5083
3.2041 -5.9899
-8.0718 -6.3904
-4.9792 3.1324
5.7371 2.8994
2.9701 3.4458
-5.9328 3.1967
-4.0681 -8.5862
-7.0693 4.1057
-7.5756 3.3011
5.1940 3.1954
-7.4866 5.7428
3.5069 3.6172
-8.4952 -7.1301
-7.0288 -8.4041
-9.2113 10.3281
-2.8171 8.0632
3.5810 9.9949
3.6525 3.4167
3.7085 3.4892
-5.8661 -6.6112
-4.7823 -4.2592
3.1159 -4.6819
-10.2071 -6.8112
-7.9655 -6.5538
-6.4633 2.8587
3.7982 3.5416
3.0814 3.2791
3.9207 -7.7591
-7.3580 4.2155
2.7112 -4.6845
-5.8263 -5.4001
-4.1053 3.6409
3.7368 -6.1810
11.5155 3.3350
8.2925 -5.8371
-5.2690 -6.4241
3.3965 -5.3454
-4.4342 -6.3419
-7.4641 3.0636
3.0616 3.3128
-5.8506 -7.7547
2.9969 3.3207
4.7525 3.1997
10.0308 3.1471
-7.9652 -4.6514
15.6326 3.1472
-3.4431 -6.0155
3.2908 9.4473
3.6602 3.7029
-4.4203 -10.2327
3.2169 3.3793
-6.1038 2.7598
3.0224 -4.6410
-3.9023 -6.7910
3.2471 -2.7787
4.0238 -6.1439
-3.8602 7.5362
3.9867 3.2751
3.1265 3.6289
3.4860 -7.4611
8.1431 3.0943
3.3808 3.1108
3.2015 3.3819
4.9014 2.7538
-6.8020 -4.4726
3.3093 3.3862
-7.5098 -3.9930
-6.0237 -5.9714
3.5477 -6.4027
3.7369 -8.1684
4.6895 9.0281
3.5631 -4.6717
9.1276 -5.1018
3.0258 -8.0098
6.3076 -3.7768
3.3301 3.9312
3.8246 3.6173
-7.3933 3.3513
3.9077 3.0491
-5.6887 -6.0030
3.3522 2.8109
-6.3420 3.2259
-6.7358 -5.2769
3.3690 3.1686
3.7761 3.6433
8.4883 2.7721
3.9441 -6.0919
-6.7328 3.8559
11.7870 2.9455
2.9855 3.9370
-5.6844 3.6682
-7.6770 2.4942
2.7967 3.3885
-9.8740 -5.3130
-6.9414 9.0282
-6.8889 3.2808
-6.4239 6.1601
12.7612 3.0792
2.9968 -2.3757
-6.3314 3.1411
-6.3728 -7.1393
3.4967 3.2696
3.3878 3.2668
-3.4376 -4.3415
2.9965 2.3239
3.1607 2.7703
2.8240 2.5623
-7.0398 -0.4985
-7.8655 -4.3294
-6.3609 -8.4468
-7.0499 -6.5116
-9.1200 3.4910
3.0064 4.0907
-6.1001 -3.5153
-0.4340 -3.9559
-4.1876 -3.9843
-7.2013 -0.7933
-1.3907 -1.3062
-3.9102 -0.8787
-4.8283 -7.2103
-0.9563 -4.3740
-5.2919 -5.3069
-2.0267 -7.2037
-7.2242 -7.1824
-1.9715 -0.5425
-0.3937 -5.5112
-1.7062 -3.2874
-1.2826 -4.6087
-7.2095 -1.0096
-1.0531 -0.0318
-2.5425 -1.1081
-3.1814 -3.0413
-3.7617 -0.6313
-7.1758 -1.0639
-8.5126 -4.1446
-7.2009 -0.3643
-1.2165 -0.3643
-7.2044 -5.5176
0.3317 -3.0412
-3.1771 -2.3308
-4.2809 -7.1909
-0.9911 -3.7269
-3.3743 -7.1968
-0.9384 -7.2249
-10.1285 -10.8092
-0.7558 -0.9339
-2.9964 -7.1961
-0.7605 -3.7628
-2.0850 -0.4618
-1.9536 -0.5949
-0.7553 -1.0751
-3.5361 -7.1712
-4.9646 -4.9762
-3.8371 -1.2536
-0.2155 -7.1735
-7.1852 -5.7663
-8.6250 -8.4686
-3.8885 -0.8518
-1.0674 -3.4387
-1.2735 -2.7048
-7.1912 -3.7610
-7.2033 -4.7353
-4.8353 -3.7810
-0.8483 -3.4995
-7.1949 -0.4441
-3.6675 -4.5557
-3.4566 -3.3408
-1.0050 -4.4249
-6.2842 -1.5699
-6.3590 -0.7787
-1.6029 -8.5250
-2.9875 -3.7006
-9.5721 0.1338
-10.8294 -5.1100
-5.1921 -0.8059
-6.4390 -2.9644
-7.2252 -0.9477
0.0838 -4.7517
-4.3535 -0.5918
-0.8367 -5.0458
-7.2022 -1.4362
-7.1870 -2.6825
-0.4894 -0.9475
-2.7517 -2.7336
-3.8500 -7.1899
-7.1920 -0.9540
-3.3682 -0.9243
-4.5751 -7.2038
-1.1670 -7.1985
-0.3474 -0.8352
-1.1393 -5.0504
-7.2211 -6.2824
-2.7467 -5.5737
-4.0737 -5.8709
-3.9982 -2.9701
-9.6184 -2.3044
-4.8228 -5.1865
-7.1990 -7.1817
-1.0779 -0.4107
-0.8495 -2.6323
-2.7884 -4.4831
-7.2214 -3.5795
-1.0984 -0.6152
-5.3363 -1.2015
-1.1016 -4.0292
-0.7430 -4.0855
-0.5949 -6.1679
-5.2008 -4.2289
-0.7314 -8.3830
-7.1938 -0.5390
-4.3613 -7.1849
0.1985 -8.8329
-0.7799 -2.7621
-0.5008 -3.1574
0.0013 -1.1193
-0.0176 -3.3583
-0.3607 -3.7317
-7.2156 -1.1358
-0.9105 -2.1228
-7.1763 -3.6999
-6.4881 -1.4245
-8.2492 -0.9052
-7.1955 -5.6126
-4.6217 -0.4558
-7.1949 -1.0479
-3.1029 -0.8900
-4.0887 -3.9856
-3.0754 -7.1900
-0.9104 -4.3222
-4.5312 -2.7500
-4.7995 -1.2770
-7.1816 -1.1342
-1.3853 -0.7481
-3.8540 -7.1762
-0.6792 -2.8683
-0.4502 -1.0231
-7.2156 -0.9759
-1.6788 -5.8346
-1.1197 -3.8404
-0.4063 -7.3797
-4.0691 -4.6004
-0.5543 -5.3056
-2.7041 -5.1456
-0.4991 -3.8080
-7.2159 -0.7444
-0.4931 -7.2092
-1.1596 -2.5253
-1.3650 -2.0639
-0.3848 -0.5341
-7.2208 -2.9441
-2.4812 -5.4807
-0.7127 -0.1061
-5.2400 -0.7322
-8.1238 -4.3370
-2.2650 -0.8211
-6.7049 -7.1865
-0.8492 -0.5602
-0.9178 -0.6548
-2.2468 -4.6953
-8.6631 -3.6344
-5.4507 -2.0757
-4.9755 -1.0986
-1.2488 -7.1896
-4.3834 -8.4109
-0.4452 -0.5814
-0.8696 -0.5205
-0.3993 -2.5100
-2.9444 -5.4332
-4.6804 -0.2277
-8.4437 -3.7756
-4.7886 -7.1976
-4.3615 -0.9002
-0.8075 -0.6562
-7.1955 -9.9589
-7.1981 -0.3757
-1.1072 -7.1943
-7.2229 -4.6017
-7.2087 -0.7376
-1.0134 -0.4952
-0.7809 -0.6113
-7.1900 -10.5271
-0.7142 -4.3055
-6.5584 -2.1228
-7.0578 -1.0330
-0.8156 -1.1333
-2.5674 -7.1843
-7.2274 -3.3365
-3.7774 -0.2762
-4.6212 -2.9563
-0.8026 -2.5876
-4.3289 -0.1416
-7.1633 -7.1976
-7.2331 -2.7894
-3.1448 -5.1114
-2.9855 -1.4075
-4.1398 -0.2018
-1.6317 -1.1619
-1.4099 -3.7791
-1.3503 -0.8631
-7.1705 -3.9699
-7.1939 -0.1215
-7.1857 -7.1780
-5.8340 -2.9467
-1.6300 -2.6129
-7.2057 -3.5654
-7.2123 -1.3086
-0.5662 -3.8858
-0.7860 -4.8382
-0.7325 -2.6135
-1.5186 -1.1353
-7.2074 -7.2034
-7.2045 -1.7573
-1.3752 -5.6853
-4.4956 -5.4004
-8.2384 -7.1930
-1.3940 -0.5324
-7.2172 -3.3608
-3.4917 -5.6310
-7.1750 -2.9720
-2.8073 -0.7817
-2.1735 -9.0702
-5.6721 -2.8138
-2.0977 -7.2232
-7.2132 -7.2109
-7.1937 -2.8880
-2.7366 -5.9609
-7.1866 -7.1719
-7.1918 -1.2310
-4.5341 -0.3423
-8.3450 -1.5743
-3.5783 -7.1843
-3.0808 -3.5621
-7.1697 -0.0664
-7.1944 -1.4625
-3.1947 -1.4991
-7.2315 -1.0946
-7.1859 -4.8308
-7.1943 -0.7397
-0.6440 -0.7684
-7.2065 -2.5784
-0.1923 -2.2687
-3.6454 -7.2114
-7.1940 -4.6722
-3.7296 -7.1632
-8.1211 -0.1726
-5.2929 -7.2333
-3.8121 -0.4757
-1.0691 -5.0642
-7.2040 -3.5061
-4.9510 -0.3201
-0.9863 -0.6082
-0.2925 -2.4520
-7.4510 -7.2106
-1.3142 -1.0148
-0.9030 -3.6231
-3.0472 -0.1658
-7.1750 -2.7045
-4.4035 -2.8624
-7.1662 -1.1608
-3.7408 -5.6404
-0.0575 -0.3993
-5.2016 -4.7768
-0.5933 -5.0129
-6.9988 -8.3612
-0.5918 -0.9804
-4.6172 -0.6927
-4.0374 -7.2123
-0.9243 -7.1937
-2.9796 -3.3565
-1.0904 -3.8068
-0.7553 -0.4408
-9.1845 -1.0637
-5.4948 -0.6427
-3.6975 -3.6273
-4.3914 -1.0845
-0.0458 -0.6575
-3.6748 -8.5494
-7.2012 -7.1528
-2.3695 -0.3562
-5.1308 -1.1660
-2.5564 -0.6215
-1.0312 -3.5049
-7.2093 -1.2503
-7.1777 -6.0447
-1.6060 -4.8747
-0.4969 -2.6611
-0.4266 -5.4941
-4.4815 -1.4402
-3.0383 -5.0055
-0.5349 -4.3309
-7.2063 -0.3835
-3.6848 -3.0996
-4.6310 -7.1996
-3.4668 -0.6359
-4.0550 -5.1009
-3.8285 -5.2296
-1.5980 -3.9112
-0.9254 -3.6251
-4.4230 -1.0165
-4.1832 -0.4420
-4.1697 -7.2158
-1.1123 -4.8134
-5.9810 -0.0824
-0.8616 -3.6067
-1.4392 -0.8021
-4.0273 -7.1947
-1.1871 -1.2410
-4.3820 -3.6253
-1.2610 -5.6693
-8.0195 -3.4888
-7.6054 -0.5592
-4.7668 -2.6840
-0.3807 -7.2254
-1.7975 -1.0634
-1.2711 -4.2365
-2.4495 -2.9192
-5.3857 -1.7088
-7.1826 -0.6813
-8.3967 -2.1027
-2.9459 -2.6981
-3.0193 -3.0505
-3.9626 -5.7037
-2.8262 -0.7074
-0.3907 -8.5894
-5.3381 -0.5123
-0.8179 -0.0959
-1.6843 -7.2169
-3.2592 -3.6128
-7.1729 -4.2804
-1.5932 -0.7243
-0.6597 -3.6562
-7.1752 -7.7796
-0.9465 -3.3741
-0.4545 -0.8537
-0.4965 -2.4297
-7.2490 -5.3638
-4.8950 -7.2113
-2.4635 -4.9040
-0.8694 -5.4531
-4.9606 -2.9590
-3.3969 -0.9626
-6.9970 -4.9400
-0.5693 -1.1084
-3.7645 -7.2012
-1.2243 -3.2089
-2.3016 -7.1949
-2.8600 -4.1636
-2.6517 -3.1617
-1.0902 -0.5686
-7.1558 -6.8701
-4.8235 -1.0790
-1.2521 -7.1174
-3.9001 -0.4136
-4.0547 -3.9308
-2.7225 -2.1734
-11.3454 -0.6150
-7.1934 -3.5442
-7.2191 -1.9754
-4.1157 -3.2007
-5.3996 -7.1848
-0.3510 -2.4733
-0.6087 -0.7855
-4.1260 -7.6863
-4.2122 -0.0306
-3.8596 -3.2376
-0.5679 -8.9972
-4.5028 -0.5609
-3.6316 -7.2105
-4.7641 -5.2946
-1.6938 -0.2938
-7.1820 -7.2171
-7.2147 -4.1131
-7.2078 -4.1005
-0.3677 -0.5603
-3.6197 -0.6163
-6.0983 -1.2500
-1.2187 -3.7305
-7.6466 -3.1341
-1.1087 -0.4411
-0.8024 -7.2248
-2.3047 -0.7643
-0.8892 -7.1920
-5.1423 -0.6970
-3.1717 -4.1765
-0.8774 -1.5191
-1.9229 -1.9652
-3.6384 -0.0072
-0.8047 -3.5278
-7.2051 -1.6829
-4.3266 -0.4964
-6.6184 -0.9472
-1.2507 -7.1873
-2.8604 -7.1963
-3.7967 -8.4531
-10.0589 -7.1734
-2.7257 -4.9708
-0.6145 -0.9599
0.2965 -5.7551
-9.5505 -4.7770
-5.4251 -3.5778
-7.2036 -1.0041
-7.2083 -3.2989
-0.4892 -0.4797
-5.5783 -3.5098
-0.5837 -0.9357
-7.2247 -3.1637
-3.3879 -1.0612
-2.6662 -0.8310
-7.1863 -1.6360
-3.3297 -4.2312
-0.4572 -0.6368
-1.5793 -2.7827
-0.2254 -1.1184
-3.1300 -7.1899
-3.3687 -7.1970
-3.1518 -3.1105
-2.5867 -3.0879
-4.5789 -0.8113
-2.1169 -0.3447
-5.2533 -5.4673
-4.2148 -0.6121
-1.2264 -4.5756
-2.3119 -0.7511
-8.2138 -7.1895
-3.2511 -0.6581
-0.7140 -12.6364
-3.4638 -0.5536
-1.7665 -7.2040
-7.2028 -1.5764
-7.2083 -0.9299
-0.7674 -1.5739
-7.2229 -7.2030
-4.2253 -2.3790
-7.2218 -3.8583
-3.6644 -5.1612
-3.4266 -1.0653
-7.1933 -2.5878
-8.2623 -7.2083
-0.4900 -2.0325
0.0088 0.0361
-1.1176 -3.7492
-3.9017 -0.5486
-2.8452 -0.2548
-3.5721 -6.5256
-0.2397 -7.2122
-0.3517 -1.4221
-3.5269 -2.1942
-3.7842 -1.9035
-4.4942 -3.9826
0.0199 -7.2144
-6.4022 -1.0296
-7.1980 -0.0787
-5.7480 -5.1806
-0.7081 -0.1797
-0.8776 -2.6832
-0.9022 -7.1811
-2.6678 -0.6321
-0.8707 -0.7677
-4.5807 -7.2035
-1.3269 -0.8288
-3.7251 -7.1931
-0.7616 -0.5823
-7.2235 -5.2245
-3.2653 -0.2035
-5.5401 -4.4739
-0.2968 -1.5510
-1.1104 -5.4006
-1.1625 -0.8635
-1.9951 -0.5102
-1.2372 -7.2029
-7.1890 -4.3685
-4.1462 -3.7028
-4.4668 -6.3172
-7.1804 -5.3784
-4.4248 -2.8475
-4.4330 -0.0724
-0.2405 -2.7386
-2.7182 -3.7658
-3.5928 -3.0774
-4.6675 -3.5800
-7.2005 -1.9574
-0.1615 -0.5478
-10.9320 -0.0300
-0.9341 -5.5178
-3.1684 -2.7691
-7.1962 -0.3230
-2.8625 -2.3175
-1.0975 -3.4453
-0.4390 -6.3598
-0.6982 -0.8844
0.2197 -4.4434
-5.0447 -1.0194
-7.2021 -4.5410
-0.8376 -7.2080
-6.2266 -6.2055
-7.7478 -4.0287
-2.3546 -4.0165
-0.3124 -7.1933
-1.2266 -0.6674
-1.2487 -0.6321
-2.7131 -7.1752
-3.4131 -0.5368
-7.2314 -4.8124
-7.1947 -7.1966
-0.9553 -7.2123
-7.1673 -7.1535
-0.9749 -4.6546
-4.1979 -5.2079
-1.7734 -0.4321
-4.5251 -2.6501
-2.7122 -0.8604
-7.1957 -8.7716
-1.2758 -3.5831
-7.1836 -5.0173
-4.0669 -0.9289
-0.9115 -0.3292
-4.3738 -0.9855
-0.7341 -1.0624
-6.7479 -2.0610
-0.5016 -4.5415
-2.0711 -4.6897
-7.2220 -0.7800
-0.8647 -0.5870
-4.4488 -7.2076
-4.2396 -7.2109
-7.2122 -6.9855
-4.5011 -5.0421
-7.1871 -1.0221
-7.2140 -1.0141
-4.6064 -3.7017
-5.3205 -5.0400
-5.7957 -3.1782
-3.2226 -3.8609
-1.5143 -3.0104
-3.3226 -0.3521
-5.5088 -6.4504
-5.0713 -0.6983
-2.5766 -0.5596
-7.2054 -3.6604
0.2400 -7.1879
-2.4609 -0.4698
-7.1806 -0.8307
-0.0276 -2.1080
-4.6631 -3.6974
-4.6132 -0.7299
-3.5186 -7.1899
-0.7213 -1.4410
-2.4217 -1.0812
-0.0847 -6.2540
-8.3134 -4.0476
-7.2243 -2.4516
-7.1914 -1.6743
-3.4289 -2.0260
-0.1576 -1.6257
-0.7126 -5.1153
-4.3359 -1.0995
-4.2178 -7.2313
-1.0258 -1.6904
-5.0401 -5.4114
-7.1862 -0.7337
-0.3996 -7.1924
-4.6999 -0.7975
-7.2209 -4.6850
-2.5866 -1.3417
-5.2834 -3.2228
-0.8225 -0.6682
-5.1984 -7.1993
-3.3327 -0.4360
-0.8219 -5.7483
-3.3993 -2.9881
-0.8122 -1.3339
-0.2708 -0.8346
-0.8813 -7.2113
-1.3207 -0.6172
-3.4556 -5.0732
-3.4203 -2.0232
-3.8542 -2.5208
0.1565 -7.1998
-2.2854 -4.9808
-1.0340 -4.8233
-5.9147 -7.1997
-0.4102 -0.7712
-7.2104 -4.3423
-7.1586 -7.1971
-0.7479 -6.3371
-3.9423 -0.6670
-0.7201 -9.6024
-4.8193 -4.7504
-5.0748 -0.4535
-0.5199 0.0279
-2.9555 -8.3470
-4.3528 -3.7053
-0.9666 -7.1984
-7.1982 -4.7743
-6.5967 -0.7836
-4.4817 -2.4639
-7.1680 -0.9404
-0.9216 -3.0213
-7.1028 -5.1466
-4.4608 -2.0050
-1.1076 -6.1766
-4.3188 -0.4357
-0.6061 -0.4237
-4.6198 -0.8036
-3.7962 -5.7045
-3.5634 -2.4850
-7.2050 -5.4328
-4.9880 -3.1306
-3.0497 -1.2087
-0.2909 -6.2471
-7.2077 -5.4934
-7.1779 -0.5769
-1.1706 -8.4010
-0.5970 -0.7507
-4.8216 -3.6245
-2.6057 -0.6397
-4.0437 -1.0535
-0.7729 -4.7000
-2.4165 -0.9492
-0.9319 -4.0300
-7.2007 -1.9901
-4.3598 -4.0968
-0.5541 -4.2096
-7.1842 -4.3052
-2.6983 -0.9019
-1.1733 -1.6260
-3.7936 -0.5725
-4.1358 -4.0135
-2.3154 -0.9034
-7.2030 -5.5243
-0.1051 -0.0746
-1.7824 -1.2975
-5.0669 -2.4921
-5.8041 -2.6091
-3.8366 -3.9877
-5.3873 -5.0126
-5.2012 -4.1472
-3.5104 -1.5774
-0.7860 -7.2169
-4.2547 -0.9387
-0.4246 -3.6489
-4.1224 -7.1983
-1.9992 -2.3372
0.0402 -0.3150
-3.1037 -5.9950
-3.2383 -1.1845
-4.6349 -0.8419
-0.4240 -4.5426
-1.5207 -0.4408
-7.1800 -8.6510
-4.5724 -3.2365
-1.1919 -1.1125
-0.7469 -0.7890
-4.0337 -0.7211
-1.1368 -0.4773
-7.2187 -4.2260
-2.4270 -7.1988
-8.0006 -0.7746
0.0960 -4.0518
-1.4576 -2.8443
-2.2976 -4.3772
-3.7968 -0.4915
-9.1453 -0.7900
-5.1873 -1.0736
-3.0564 -9.4495
-0.7400 -4.1157
-3.9621 -5.4453
-1.0164 -0.3116
-0.4041 -7.2243
-0.4569 -0.7982
-1.1842 -0.3969
-8.5414 -1.0921
0.0173 -3.2674
-0.3885 0.4050
-7.1662 -4.8951
-7.1885 -3.6560
-0.6376 -0.5268
-7.1786 -0.2653
-2.3380 -5.1911
-3.0632 -2.9108
-7.2072 -0.8086
-0.9805 -4.7177
-0.1319 -5.4552
-0.8236 -2.3559
-0.7572 -1.3958
-2.6673 -7.2048
-4.6172 -0.5403
-0.9162 -6.2683
-2.7061 -7.2238
-2.8570 -4.9553
-4.1535 -0.4283
-0.5361 -0.3779
-7.1997 -0.3883
-0.9720 -4.1978
-4.3895 -0.4518
-0.8824 -5.8296
-7.2012 -2.9489
-0.0895 -6.3366
-4.6029 -4.3221
-5.0030 -1.1097
-5.2525 -7.1731
-2.1404 -3.3974
-0.8372 -0.4583
-0.9853 -4.1226
-1.2730 -3.4499
-3.1908 -3.1616
-4.2211 -0.7575
-7.2207 -4.4722
-2.5369 -7.2293
-0.7011 -2.0788
-7.1849 -0.5326
-4.0245 -4.8463
-1.1879 -7.2044
-5.2989 -5.4441
-4.9282 -6.1353
-4.1667 -0.0598
-0.6145 -7.1162
-8.0726 -4.0493
-4.2867 -0.5221
-1.0986 -0.6872
-0.6611 -3.2859
-0.5878 -0.3817
-4.9101 -0.6174
-0.6456 -7.1682
-0.1532 -1.0283
-3.4544 -2.1535
-1.3286 -0.9217
-3.1197 -1.0845
-7.8668 -10.4079
-1.0426 -3.3181
-4.7399 -2.4986
-0.3262 -1.2332
-8.6669 -0.2524
-3.7950 -7.1826
-3.3576 -7.1872
-3.4867 -2.9675
-2.6438 -1.5919
-0.5433 -0.5781
-0.8973 -1.2141
-1.8545 -1.0521
-1.1098 -3.3913
-7.1865 -1.4187
-1.6259 -5.6820
-0.5484 -7.3870
-0.7135 -8.1963
-5.4029 -3.2944
-7.1783 -0.7415
-7.2007 -1.1905
-1.8844 -5.9609
-0.4781 -6.1179
-0.7028 -4.6931
-3.3016 -0.2664
-7.2088 -3.3789
-7.1865 -3.9118
-2.7705 -3.7957
-4.7619 -0.7267
-0.9006 -0.0161
-1.2410 -4.9277
-4.4823 -0.5228
-1.2037 -0.6353
-1.3662 -3.9368
-1.1936 -7.2092
-4.6195 -7.2340
-0.9659 -5.0180
-0.9212 -0.6872
-4.3209 -4.0880
-0.7179 -0.6681
-8.3867 -7.5091
-0.3292 -7.1785
-7.2083 -3.6303
-2.2988 -4.4273
-0.9359 -1.0716
-2.2910 -4.4483
-1.3915 -0.3279
-0.8145 -3.7696
-6.7140 -4.1927
-4.2575 -0.9765
-7.2195 -8.3897
-4.4543 -0.5557
-0.2582 -7.2211
-0.6890 -3.7641
-6.6722 -3.7076
-0.6118 -8.1761
-3.6434 -4.4502
-2.8070 -3.9645
-5.0663 -5.8397
-1.0226 -7.1800
-2.9352 -1.2230
-0.5362 -3.5112
-0.4481 -1.1115
-2.6722 -0.5339
-11.3923 -7.1949
-3.6905 -0.6488
-5.0601 -0.3405
-6.1793 -7.2006
-0.7178 -3.6265
-0.2780 -7.1940
-0.8284 -5.9933
-1.0635 -3.8020
-0.7847 -4.7843
-7.2886 -3.6169
-2.7832 -5.3417
-0.8375 -1.3597
-4.0104 -0.8669
-6.6122 -3.5775
-6.7186 -0.3719
-2.8136 -2.1650
-7.5671 -0.9046
-6.3566 -8.4649
-0.9024 -2.0847
-0.2793 -7.2032
-6.2281 -3.6630
-8.6063 -2.0582
-0.0776 -7.2157
-1.3884 -5.3141
-0.9480 -4.2447
0.0285 -5.1266
-0.3696 -2.5899
-0.7296 -4.6426
-4.0536 -2.7786
-2.9938 -0.3031
-0.7567 -0.5557
-1.6692 -3.6542
-7.1956 -4.8425
-1.0410 -0.2793
-3.8808 -5.1207
-7.7492 -2.0572
-7.2045 -7.2163
-5.5020 -7.1902
0.0303 -0.9293
-9.2901 -2.2099
-0.6443 -0.6719
-3.2031 -2.8047
-2.8178 -5.7927
-0.7883 -0.2685
-1.2251 -0.2943
-3.7588 -7.2068
-5.1854 -3.9961
-7.2283 -7.2015
-0.8846 -6.3983
-3.5228 -1.8073
-0.6180 -2.6452
-0.4948 -0.8698
-2.8053 -0.6191
-1.1395 -0.7241
-0.7791 -3.5430
-4.8726 -0.9347
-1.6858 -7.1954
-8.9433 -4.9810
-0.6197 -2.3152
-7.1892 -1.3897
-9.4233 -1.0155
-0.4311 -0.6250
-0.9166 -3.4590
-4.9881 -3.6129
-0.6027 -0.7523
-0.3473 -3.7014
-4.5800 -7.2167
-7.2284 -2.7703
-0.7551 -0.6063
-5.7180 -3.8572
-5.1336 -2.8580
-7.1919 -1.1206
-3.5701 -7.5262
-1.4418 -3.2720
-4.0529 -1.6065
-4.2115 -1.0792
-0.0675 -4.4357
-3.5952 -3.5178
-3.6220 -0.2561
-1.3191 -0.1636
-1.3000 -4.2579
-0.0253 -0.3747
-2.6664 -3.6571
-8.3654 -0.8678
-2.2803 -7.4001
-7.1993 -0.8619
-4.8008 -0.4694
-1.2668 -0.8627
-2.0299 -4.2417
-1.7510 -1.1222
-7.1912 -3.2960
-0.4347 -0.4916
-1.2050 -3.0158
-7.1897 -0.6493
-4.2675 -4.6976
-1.6152 -3.0812
-7.2036 -4.3102
-0.5522 -7.1910
-4.9436 -3.3760
-3.8142 -4.1140
-3.9901 -2.5865
-8.1906 -2.8166
-1.5725 -1.3287
-5.8195 -1.3824
-4.0247 -7.2155
-7.2149 -2.0314
-3.8979 -7.1753
-0.9630 -4.8431
0.5293 -6.2013
-5.3059 -8.5873
-7.2174 -7.2018
-0.9460 -0.3880
-1.2171 -2.3808
-4.0550 -0.5530
-2.8222 -0.3165
-3.0805 -0.6166
-4.4092 -8.3427
-0.8854 -5.2988
-1.1330 -7.2058
-3.3012 -6.0719
-2.6844 -1.4217
-3.8248 -1.5186
-0.6214 -7.1733
-0.8210 -1.1687
-6.2164 -2.0018
-3.7169 -1.2004
-4.9574 -0.3527
-7.7595 -1.3186
-3.8451 -2.0886
-7.1964 -1.0348
-1.5337 -5.1502
-6.7059 -5.0836
-7.7628 -9.3730
-7.1769 -0.6124
-4.5787 -3.1567
-0.7085 -1.1609
-3.8413 -0.8242
-0.6641 -7.2168
-7.1734 -7.1987
-7.1904 -7.1932
-0.2152 -5.4036
-5.7380 -2.7324
-4.8465 -0.1204
-0.7214 -7.1910
-2.3682 -4.3316
-4.7298 -7.2229
-7.1871 -7.1684
-5.1950 -0.6939
-2.7669 -4.7913
-4.7093 -7.1534
-3.5614 -0.7558
-0.4540 -3.6500
-3.2634 -5.0281
-3.9462 -0.2604
-1.0583 -7.2320
-4.4143 -7.7122
-5.0729 -0.5098
-0.7804 -7.4040
-4.6447 -0.2161
-7.1954 -7.1956
-0.2417 -1.5042
-4.4059 -3.9118
-1.3084 -3.0481
-1.0168 -7.2008
-0.4808 -7.6240
-0.9217 -7.2065
-2.4527 -0.3117
-0.4021 -5.1490
-1.0901 -0.1009
-0.4507 -0.9283
-3.2760 -7.3174
-1.5509 -0.9502
-3.3333 -0.8034
-7.2026 -1.5622
-3.2593 -0.7014
-0.8324 -3.6519
-0.2722 -4.2476
-7.2093 -3.1164
-7.2210 -1.7843
-4.6501 -6.2626
-7.1699 -0.4635
-4.0852 -7.1830
-0.3099 -7.2147
-2.8824 -5.6113
-0.3124 -7.2052
-2.2855 -3.9148
-3.6382 -7.1863
-5.0793 -4.1012
-1.7817 -7.2090
-3.2684 -5.1059
-4.9880 -0.5835
-3.1812 -4.0672
-7.2136 -0.8308
-4.3645 -7.1882
-0.7473 -3.7856
-7.5655 -0.4105
-7.2221 -1.2511
-0.6157 -0.9946
-2.1955 -2.3347
-0.2804 -7.2437
-4.4737 -3.4047
-2.7936 -1.0195
-4.0986 -7.2034
-4.6015 -3.5253
-0.3568 -3.2990
-7.2021 -0.3831
-0.6010 -3.8093
-8.8389 -2.0286
-2.6328 -2.9788
-4.5412 -0.4802
-0.6735 -0.2540
-7.1940 -0.2519
-1.1837 -0.5978
-9.2542 -0.2900
-2.7522 -7.2026
-0.8554 -0.7691
-1.1278 -3.7678
-7.9420 -0.5278
-3.6486 -4.1071
-4.2676 -0.8051
-4.7606 -0.9765
-1.7709 -5.6231
-7.2109 -5.3253
-4.7423 -1.0647
-8.0904 -2.6583
-7.2076 -2.2013
-3.2468 -7.1990
-1.0999 -1.2742
-4.7405 -7.1998
-7.2371 -7.1838
-4.9126 -7.1993
-7.1347 -0.8971
-3.7079 -5.0173
-3.1865 -1.6445
-0.9320 -3.3106
-0.8485 -8.5721
-0.8510 -0.8167
-4.6064 -5.6120
-1.0921 -4.3130
-0.3153 -0.8926
-5.9387 -4.4083
-0.9450 -7.1970
-2.8724 -1.9601
-7.2004 -3.7292
-5.7884 -1.0507
-5.4179 -2.7756
-0.9070 -0.7191
-7.2208 -3.9232
0.0418 -2.8090
-1.1115 -7.0549
-1.0143 -4.5849
-0.7182 -0.7760
-4.2231 0.1864
-2.4693 -2.6846
-1.8907 -0.7732
-7.2008 -4.0373
-3.9360 -3.0090
-3.0876 -1.2279
-8.9030 -2.8098
-4.5315 -0.5795
-2.0411 -3.9456
-4.7548 -5.7773
-2.5515 -0.9772
-2.8594 -4.6433
-6.5146 -0.3651
-4.1129 -2.9391
-0.7086 -4.3914
-2.6230 -7.1944
-1.3824 -2.9371
-0.7955 -0.9770
-1.2823 -7.2271
-4.4223 -1.2316
-3.1191 -1.0246
-5.0211 -0.5446
-3.7823 -0.2554
-0.8509 -0.8517
-3.0045 -1.1643
-0.6947 -3.5512
-0.9848 -4.0898
-3.0050 -3.9418
-5.2771 -4.3843
-3.4933 -3.3089
-0.4722 -5.9282
-0.7234 -0.9770
-8.8117 -0.6147
-4.3537 -4.8818
-7.2079 -1.4727
-2.5296 -0.9038
-0.3092 -1.1556
-4.0559 0.2128
-0.8747 -0.4544
-7.1877 0.1731
-2.4960 -7.1922
-7.7782 -0.0848
-7.2120 -7.2113
-6.2356 -0.1906
-3.4273 -7.2065
-0.5558 -1.1729
-4.6345 -7.1732
-0.4802 -1.3116
-7.1889 -0.3551
-2.4125 -1.0239
-3.4651 -4.0318
-1.4275 -6.6351
-4.7885 -3.8060
-8.1112 0.0001
-0.1400 -0.7135
-3.0952 -4.3145
-1.1907 -7.6360
-3.9662 -0.6969
-2.3466 -2.8212
-3.0857 -4.1711
-7.2130 -7.2622
-2.7530 -3.6286
-1.0060 -7.2030
-7.1878 -3.3174
-7.2059 -0.3943
-6.1429 -3.9526
-7.2044 -4.7189
-1.2067 -3.1822
-0.8617 -1.6538
-7.1895 -4.1496
-7.0439 -0.4744
-7.1907 -1.4343
-0.6340 -2.4944
-6.0068 -8.6867
-2.0010 -2.5084
-1.1905 -0.3456
-2.7031 -4.2575
-7.1935 -3.5202
-2.0788 -6.9860
-7.4353 -6.1399
-3.5949 -4.1384
-1.0102 -0.1719
-6.1548 -7.2003
-9.5317 -5.6699
-5.9629 -0.2171
-11.1039 -4.2895
-3.1288 -7.2053
-7.2014 -0.4308
-7.2367 -5.3218
-3.8264 -4.0093
-9.0104 -0.0757
-7.1940 -2.7097
-5.2746 -7.1921
-0.6512 -0.8385
-6.0026 -3.4389
-4.0806 -1.8324
-7.1837 -7.1988
-0.9111 -4.4720
-1.3928 -7.1998
-0.3565 -7.1822
-4.3704 -7.2132
-0.9231 -3.5187
-0.7480 -0.4527
-0.5129 -4.6001
-0.6798 -0.8303
-2.8385 -0.9758
-0.3507 -5.1809
-7.2037 -3.4670
-7.1657 -1.2808
-4.3740 -4.5125
-0.8649 -5.0619
-3.2510 -7.8565
-2.4431 -4.0459
-3.7978 -4.6248
-0.3130 -1.2640
-4.9420 -6.4523
-0.4539 -7.2031
-1.0254 -7.9416
-0.2834 -0.5440
-4.5667 -1.0087
-7.2041 -0.4952
-8.1342 -3.7616
-7.1696 -0.7653
-0.8634 -0.8698
-3.7169 -1.5714
-2.6683 -2.8760
-0.2464 -9.6179
-0.8774 -1.8559
-7.1853 -7.1944
-5.1582 -8.3008
-0.3616 -7.2014
0.1082 -2.8791
-7.1966 -4.9719
-3.0669 -1.0812
-1.2607 -1.6679
-4.5757 -0.4531
-10.3190 -0.3484
-10.9902 -4.5617
-5.6852 -4.2712
-0.7865 -4.4359
-3.8936 -3.2052
-0.4062 -0.7666
-0.6259 -4.7620
-4.4046 -4.9326
-7.1775 -3.4683
-3.8499 -7.1890
-3.5479 -4.9916
-10.3015 -5.3440
-7.2261 -3.1720
-7.2043 -4.9957
-7.1869 -2.7031
-4.9553 -8.4907
-0.7746 -6.0958
-5.5370 -0.5472
-7.1978 -7.1982
-1.1097 -0.7486
-0.7760 -2.2440
-7.2156 -6.5998
0.2181 -4.2920
-2.7994 -7.1739
-5.0126 -6.0856
-7.1818 -0.0467
-0.7295 -0.4277
-3.0089 -7.1943
-5.4981 -3.9717
-2.8689 -5.7849
-3.1460 -2.9161
-1.5630 -0.4576
-4.3894 -0.5052
-2.2734 -1.0420
-0.3091 -0.8351
-7.1937 -3.3356
-2.4252 -3.2996
-3.2229 -2.8570
-0.7730 -1.1006
-0.1299 -3.5000
-7.2172 -4.4668
-7.1689 -4.0193
-7.2131 -4.1799
-0.4052 -7.1854
-6.3893 -2.3982
-2.8281 -3.0912
-2.9872 -0.5944
-0.8427 -2.3899
-6.7432 -2.9594
-8.6193 -0.5701
-0.8715 -0.9988
-4.6035 -5.2874
-0.6160 -7.1664
0.1413 -5.4025
-0.9567 -3.1546
-7.2343 -7.0924
-1.1911 -4.8788
-7.3635 -1.3626
-4.0799 -4.6275
-2.9412 -4.1443
-2.8621 -3.6538
-0.3709 -5.9404
-0.8814 -0.5212
-3.5522 -0.1019
-4.1078 -3.7027
-7.1915 -6.5493
-4.8773 -2.1958
-3.3138 -3.6384
-7.2025 0.0110
-1.3799 -3.7957
-7.1865 -7.1849
-7.1912 -0.4713
-0.3529 -4.2033
-1.8106 -4.7401
-7.1810 -1.1782
-1.0027 -3.2213
-1.1977 -0.6787
-5.0692 -0.2365
-3.7954 -3.1458
-4.1683 -3.4311
-2.3661 -0.8641
-7.1897 -7.2072
-2.3525 -7.2060
-0.1880 -0.6974
-0.3162 -7.1900
-0.7775 -0.7321
-0.7532 -2.7447
-1.1005 -1.8631
-7.2192 -7.1993
-3.7180 -0.5283
-2.7063 -0.2553
-4.0213 -4.0004
-4.3939 -0.4453
-5.3530 -3.6849
-7.2014 -3.6513
-0.4615 -0.5500
-7.1967 -0.1925
-4.6320 -2.7389
-1.3556 -4.1241
-3.3811 -0.4116
-7.2094 -1.1061
0.0102 -3.6146
-0.0978 -0.7849
-5.1755 -3.0983
-6.9388 0.3182
-0.4473 -2.1044
-0.8570 -0.6641
-5.6446 -7.1916
-0.5714 -7.0615
-0.2366 -4.2598
-0.3407 -6.5115
-7.1818 -7.1998
-4.6168 -7.2037
-1.7518 -7.2078
-2.5838 -7.2067
-2.3184 -3.0837
-8.1744 -7.2175
-4.1687 -1.0000
-7.2055 -5.4807
-7.1956 -0.4528
-0.3752 -8.7068
-7.1579 -0.6975
-4.0656 -8.3558
-4.7640 -1.0203
-5.2106 -0.9829
-2.9334 -0.6362
-1.1160 -4.7685
-7.1956 -1.2130
-3.2874 -4.7750
-5.3258 -0.9887
-0.5198 -3.0143
-6.5757 -0.4567
-7.1819 -7.2138
-0.1530 -7.1955
-0.8234 -4.1589
-4.6810 -4.3556
-3.0495 -1.7384
-1.3480 -0.5372
-0.5607 -2.5804
-8.2087 -3.0237
-10.8261 -7.1849
-2.9289 -3.1564
-4.2493 -4.8081
-0.6212 -5.4021
-7.1850 -0.7160
-4.3581 -5.9435
-0.4060 -5.0134
-5.4115 -4.4417
-0.9630 -3.2500
-0.6641 -3.8594
-0.5055 -0.7735
-2.5845 -3.7173
-3.1189 -5.4968
-0.8250 -5.8263
-6.2226 -3.2904
-0.2913 -7.2692
-7.7138 -6.0701
-0.4987 -3.6093
-7.2136 -7.2262
-0.7578 -3.9740
-1.2098 -0.4108
-2.5473 -4.1698
-3.0243 -3.2429
-0.7139 -0.7797
-0.3559 -3.9029
-1.3630 -0.6949
-1.0388 -9.2149
-7.1939 -4.0931
-7.1677 -7.1927
-1.3849 -5.6938
-4.2451 -3.3806
-9.9427 -3.2186
-1.1067 -3.3498
-2.7220 -2.6591
-0.3298 -3.7533
-0.9381 -7.1891
-4.2721 -5.2835
-1.9393 -2.7065
-4.9167 -2.6978
-0.3022 -4.1630
-6.7018 -3.3705
-4.4939 -7.1683
-0.0159 -3.6226
-7.1893 -10.3491
-0.7304 -0.7500
-1.6146 -4.6477
-7.1930 -7.1757
-7.1898 -7.2112
-5.1511 -5.8442
-0.9272 -4.6390
0.0038 -7.1912
-1.1101 -0.4493
-4.2762 -0.9498
-4.5485 -0.9345
-1.1051 -4.3007
-7.6305 -1.0996
-4.0580 -3.8008
-7.1929 -9.1653
-2.8295 -6.6132
-3.0532 -0.8427
-7.1542 -5.7390
-0.9585 -0.7373
-0.2553 -4.0944
-0.3592 -0.6988
-4.3106 -3.5502
-5.2074 -0.9002
-3.1577 -7.1579
-4.5303 -5.2220
-4.2798 -1.1741
-3.2332 -3.8161
-1.0283 -3.1816
-0.8562 -6.7200
-0.2776 -0.9203
-9.0290 -7.3567
-7.1953 -4.8544
-1.1368 -2.8396
-2.7695 0.0529
-7.6579 -0.6079
-3.3988 -7.1937
-3.7780 -0.8851
-0.7795 -7.2192
-0.8481 -0.7148
-2.0756 -4.0712
-0.9903 -3.7618
-0.8820 -3.7263
-4.1719 -4.1674
-5.1144 -4.2088
-0.9507 -0.9045
-0.6903 -1.3698
-4.0684 -0.0780
-0.9517 -7.1962
-0.6600 -0.4499
-4.2416 -8.3044
-0.9336 -5.8923
-1.4794 -0.9146
-0.7318 -3.8165
-4.1250 -4.0511
0.0660 -3.2952
-0.3064 -4.1367
-1.3364 -7.2207
-2.8966 -0.7260
-4.2368 -7.1756
0.2444 -3.8209
-0.7992 -1.1444
-4.0587 -3.7922
-2.4982 -3.5232
-5.8604 -1.1079
-4.1673 -7.1647
-5.1275 -2.4920
-6.7101 -7.2009
-7.1990 -4.2211
-0.9658 -3.0814
-4.3865 -8.3278
-3.3176 -7.2171
-0.7102 -2.9666
-5.2350 -3.8354
-6.2941 -4.2492
-0.5223 -0.5226
-1.0192 -0.5406
-7.2384 -3.9483
-3.5592 -0.8238
-3.1000 -5.0116
-4.3519 -7.1750
-0.7471 -0.7113
-3.1259 -0.7010
-3.0297 -5.6753
-3.5762 -7.2172
-0.9007 -1.0040
-1.9462 -5.8264
-1.1979 -1.2882
-4.4578 -4.1628
-12.0165 -2.8087
-4.2499 -1.1335
-4.5546 -1.5517
-4.4234 -0.5060
0.3899 -0.5411
-1.2862 -1.3474
-3.0280 -4.7787
-1.5620 -0.5904
-3.3489 -7.8403
-0.5656 -7.1861
-0.6612 -0.4428
-0.6888 -0.1527
-5.1770 -10.1793
-7.2106 -1.2968
-4.1399 -2.5366
-0.9256 -1.0839
-8.0164 -0.8052
-0.6199 -7.2036
-1.2061 -3.3991
-0.4720 -0.5799
-0.6114 -0.9686
-0.5211 -1.3041
-5.6822 -0.5960
-4.5353 -3.6555
-7.7002 -2.2624
-4.1457 -3.0048
-0.1945 -0.6243
-5.6475 -7.1891
-5.6616 -0.6443
-9.2326 -3.0283
-0.6487 -2.7706
-0.8897 -6.9326
-0.4870 -3.9758
-8.3764 -1.3296
-1.2384 -3.4880
-2.4739 -7.2006
-3.2926 -0.7499
-2.3339 -8.8287
-3.2371 -3.6443
-0.8231 -0.6804
-0.6117 -3.6943
-7.1899 -8.5721
0.0127 -3.6307
-6.1721 -7.1968
-3.2734 -0.6338
-1.2263 -1.1784
-3.6208 -0.3079
-6.9063 -4.3848
-3.9887 -3.0675
-4.2334 -7.2287
-1.1530 -1.1488
-2.9184 -7.1856
-5.1720 -1.8434
-0.6218 -4.3525
-8.8615 -0.7349
-7.2149 -4.9304
-4.0291 -6.8980
-3.8384 -1.0912
-8.2192 -0.2190
-3.6537 -1.0173
-0.8574 -0.8911
-4.2842 -0.3436
-2.0920 -2.9112
-0.5674 -5.6684
-3.9557 -7.3831
-2.2520 -1.0755
-2.5062 -2.4947
-0.8989 -4.6152
-0.5943 -7.2025
-0.6160 -1.2493
-7.2390 -5.0738
-0.1929 -1.0015
-7.1965 -7.2213
-7.1856 -0.6802
-3.0636 -4.1652
-0.6790 -0.1650
-5.1440 -8.8783
-13.9301 -7.2136
-4.6044 -4.1141
-2.7530 -0.5027
-3.3335 -0.5987
-2.9282 -7.6575
-4.0481 -2.6044
-5.4259 -3.4850
-0.8674 -3.4078
-4.0665 -0.4723
-7.1724 -2.5335
-2.2586 -0.9830
-3.8973 -5.5892
-1.1562 -0.7004
-1.7006 -1.0518
-3.2242 -5.2670
-2.3687 -1.2008
-4.4818 -0.5856
-0.3734 -0.6625
-4.8887 -0.5767
-3.9553 -5.1762
-3.8380 -2.5050
-1.3262 -0.3568
-4.9808 -0.7268
-7.1888 -4.9287
-7.2068 -0.7353
-0.9869 -0.7452
-1.0194 -1.8425
-7.2153 -5.6777
-1.2448 -0.7350
-3.4180 -7.1681
-3.5581 -3.7299
-3.1303 -3.8411
-7.1797 -7.1832
-10.7305 -2.1403
-3.7168 -10.5318
-7.1973 -2.5687
-0.8072 -7.1657
-2.7228 -1.0580
-5.1498 -1.0984
-2.8793 -4.0252
-0.0494 -4.2739
-0.8447 -0.8231
-7.9310 -3.3678
-4.4077 -2.9028
-8.1071 -7.1918
-4.0616 -7.1833
-1.6945 -7.1795
-7.2151 -8.3104
-0.5802 -0.6904
-0.8281 -7.1899
-4.6271 -7.2033
-4.9042 -7.1605
-2.6900 -5.1872
-2.5586 -5.0455
-2.8289 -4.1578
-2.5122 -2.7879
-1.5508 -0.5553
-7.2064 -0.5946
-7.2124 -4.7653
-4.6103 -1.1414
-9.2647 -2.4356
-2.0264 -4.5027
-0.2782 -4.3950
-0.6362 -7.1541
-9.0812 -7.1692
-8.3521 -0.9911
-0.8907 -1.3806
-0.8143 -7.2066
-1.0447 -5.3987
-1.0760 -1.9890
-5.5032 -3.2989
-3.4981 -7.2200
-0.7685 -4.4962
-0.7707 -0.8327
-7.2071 -5.5562
-3.3196 -3.7200
-7.1966 -0.1465
-0.8606 -1.4789
-1.9543 -5.5210
-3.0582 -3.8920
-8.8203 -3.6910
-7.2039 -1.1645
-4.1989 -0.5381
-4.9825 -0.3207
-8.2517 -7.2149
-0.6217 -2.8050
-7.2130 -8.1065
-0.6635 -7.2288
-7.1940 -4.7557
-5.5877 -0.4428
-4.5061 -5.9145
-2.6043 -1.4030
-0.4420 -4.4158
-7.2116 -1.0292
-3.8112 -8.6887
-3.6730 -0.9825
-8.6066 -0.7957
-7.1894 -1.4576
-0.7179 -1.6881
-4.2223 -4.4811
-3.9734 -0.0767
-2.2425 -2.8838
-1.6461 -0.2769
-0.0582 -4.0974
-4.2272 -7.2003
0.1196 -0.8644
-5.7523 -0.3603
-3.8376 -3.0037
-0.6550 -0.4183
-8.1963 -0.7737
-3.7814 -2.4376
-0.9885 -5.7793
-0.6716 -3.5628
-5.2793 -7.2185
-0.8030 -3.2058
-2.8299 -7.1911
-1.4784 -0.8295
-1.1819 -3.8776
-3.3231 -6.4834
-3.9035 -1.4277
-0.6103 -7.1838
-3.5315 -8.6662
-7.2285 -3.8243
-4.4288 -0.3153
-6.5708 -3.3538
-4.5865 -2.0297
-7.2027 -1.3537
-3.7942 -3.3505
-8.9813 -7.1468
-4.4119 -3.0801
-0.9958 -3.4298
-1.3925 -7.1846
-7.1898 -2.6626
-0.6886 -3.9567
-8.8940 -7.2178
-5.2070 -0.7470
-2.5893 -3.5250
-1.7801 -2.9488
-0.8502 -7.1958
-3.9825 -3.4082
-7.2119 -0.5864
-4.5452 -3.8308
-0.5783 -1.3429
-0.0066 -7.1954
-4.6960 -0.8191
-0.7273 -0.5625
-2.0570 -7.2053
-7.2043 -7.2195
-5.2976 -0.4387
-7.3121 -3.1081
-4.1332 -2.2039
-7.3962 -7.7657
-0.6192 -5.1736
-1.9477 -7.2920
-5.0216 -5.5036
-0.3862 -7.6788
-0.8400 -1.9619
-7.2114 -7.2342
-9.5605 -3.0329
-7.2107 -3.8438
-3.6275 -4.2966
-7.2277 -0.6898
-4.8086 -3.0079
-8.6723 -0.0574
-7.1994 -3.6796
-7.2247 -7.2117
-4.4281 -3.8766
-3.2790 -2.7244
-0.4708 -2.4900
-2.8833 -4.1113
-4.1556 -3.6219
-4.8674 -7.1894
-7.1979 -3.1234
-0.1412 -1.1383
-1.0593 -4.4264
-4.0442 -6.5336
-4.2090 -4.9688
-0.6656 -1.9545
-3.8814 -3.2310
-3.1016 -3.7015
-7.2049 -0.3989
-2.5738 -2.7389
-3.3816 -0.5783
-7.1803 -0.8340
-1.0973 -2.8000
-4.5280 -7.1940
-0.4800 -3.1001
-5.2466 -2.7443
-4.0804 -8.2970
-7.2089 -1.1327
-2.9541 -4.3116
-0.5356 -0.6249
-3.5598 -0.3776
-1.0672 -2.9580
-7.1979 -0.9223
-4.7211 -0.9899
-0.9198 -0.5719
-1.2203 -8.2358
-6.2029 -2.3354
-0.9989 -7.2197
-4.3406 -1.0702
-3.6939 -2.6481
-7.1722 -2.1266
-1.5232 -4.3380
-0.4436 -7.1957
-0.3822 -2.6121
-5.3458 -5.2135
-0.0836 -7.1956
-2.2300 -0.2532
-4.1488 -3.3648
-2.6514 -4.7102
-4.3190 -2.5809
-7.2015 -5.7495
-4.1525 -0.1537
-0.2238 -0.7150
-2.9671 -0.9616
-3.3187 -8.4652
-2.9854 -0.6985
-4.0546 -1.1302
-0.4361 -0.8278
-0.9346 -2.9120
-3.1998 -3.1505
-0.7929 -1.0438
-7.1868 -2.1129
-10.1788 -1.0634
-4.0324 -0.1143
-0.7651 -0.7069
-3.8282 -4.2899
-3.5530 -7.1389
-7.1943 -2.9509
0.0596 -0.5009
-7.1717 -4.7424
-1.2944 -4.2371
-0.9775 -4.7693
0.1498 -2.4219
-10.2834 -7.1960
-0.0928 -0.3433
-0.9716 -7.1924
-0.3957 -3.4971
-0.9949 -5.7534
-0.4963 -0.7534
-0.4459 -3.9490
-7.1746 -3.5921
-5.9128 -5.7399
-4.8816 -0.9649
-7.1633 -1.3716
-4.7852 -7.2115
-0.6385 -0.6002
-3.3355 -4.0986
-0.5884 -3.4794
-0.9568 -0.3970
-4.2056 -0.6219
-7.1998 -3.5300
-4.9293 -8.5629
-0.6832 -0.5812
-0.6638 -0.4014
-1.2104 -11.7847
-3.6102 -5.0910
-1.6290 -10.2243
-5.1025 -2.8263
-7.1878 -0.8665
-0.9958 -3.2615
-4.3828 -0.4923
-7.2087 -1.5666
-7.1985 -7.1853
-6.0211 -7.1892
-7.2051 -0.8720
-0.6162 -0.9276
-0.4315 -9.4483
-5.1335 -4.4617
-7.1957 -3.8192
-7.1928 -2.7551
-1.0856 -5.6957
-0.4925 -7.1990
-7.1828 -0.1621
-4.7330 -1.5158
-1.1145 -5.0324
-1.5225 0.2593
-7.2269 -0.3032
-4.1070 -3.2124
-3.1132 -7.2090
-0.8127 -0.1098
-3.0205 -3.9531
-7.6448 -3.0144
-0.6946 -3.6704
-4.8227 -10.4814
-7.2087 -0.7266
-4.1987 -1.3980
-5.8289 -0.4011
-2.6882 -8.9008
-0.8863 -0.7557
-0.0803 -3.9383
-2.4394 -1.5040
-1.1252 -7.2122
-3.0982 -1.6634
-3.4603 -2.3943
-0.7372 -8.7053
-2.7288 -0.5335
-1.6047 0.0820
-4.0612 -4.4830
-0.3421 -7.1817
-2.5929 -0.2519
-1.8944 -3.7199
-3.2333 -2.6618
-0.5211 -0.4141
-1.0075 -0.5236
-1.5368 -5.5847
-0.6586 -4.6598
-7.2125 -2.2221
-6.1523 -0.9114
-0.2080 -1.0304
-0.3281 -3.9924
-0.5124 -2.7339
-1.5362 -3.7306
-7.2224 -2.8792
-3.4225 -7.9715
-4.5156 -1.4372
-7.1858 -2.7537
-0.2365 -3.7405
-5.3212 -7.0886
-7.2996 -3.2500
-4.4172 -2.8537
-7.1831 -7.1734
-0.9201 -7.1921
-4.1166 -3.4130
-0.3406 -1.9078
-0.4933 -2.8389
-4.6026 -3.8978
-0.6321 -0.4127
-0.7655 -6.6372
-0.8592 -7.1750
-0.7826 -4.1165
-0.5417 -7.1954
-0.6227 -2.2473
-0.0001 -0.7902
-7.1905 -7.2132
-0.7285 -3.2544
-0.4090 -1.1012
-7.1817 -9.2617
-3.6724 -2.1769
0.0237 -0.4340
-7.1986 -2.7173
-1.3604 -1.7954
-0.8542 -3.0534
-8.0495 -0.8050
-6.2997 -2.0818
-1.9918 -10.7583
-3.6086 -4.2472
-6.2474 -7.1913
-3.9367 -4.3156
-7.9070 -4.1264
-7.2050 0.5802
-0.6257 -8.6198
-1.7139 -0.5212
-4.6699 -1.0284
-6.6722 -0.8941
-8.8220 -7.1834
-3.7951 -4.9917
-0.5226 -4.8506
-0.8749 -8.5594
-1.0701 -4.9961
-0.3612 -0.5534
-6.1227 -1.6263
-3.3166 -0.8926
-0.6802 -5.6715
-2.2117 -3.4533
-7.1838 -0.7055
-0.5667 -6.7695
-7.1750 -3.2493
-7.1874 -3.4479
-7.2182 -0.4468
-2.7745 -1.1954
-8.6276 -3.5234
-7.2047 -0.6374
-1.3042 -7.2161
-0.8599 -6.0800
-10.0286 -0.5483
-7.2079 -2.7490
-0.5078 -2.4323
-1.4464 -1.8174
-0.8264 -0.3963
-2.7767 -0.9527
-0.7620 -3.7219
-4.2910 -3.6419
-4.1756 -0.3247
-3.7473 -4.2448
-7.1743 -4.6610
-6.7098 -7.1979
-1.1508 -3.6421
-1.7562 -5.4468
-7.2321 -5.1349
-0.9710 -0.4757
-3.4951 -1.4467
0.2415 -3.4738
-0.2202 -0.1508
-4.5442 -1.2043
-4.9982 -1.5872
-3.2915 -4.1810
-5.3353 -2.9384
-12.0325 -0.8699
-0.4617 -7.2259
-9.1453 -0.3368
-2.7395 -4.8039
-0.0775 -2.5684
-0.3853 -1.5326
-0.7401 -3.2896
-3.0868 -4.8835
-3.6872 -0.2133
-0.8650 -3.6405
-1.6892 -5.4279
-0.3721 -7.1983
-3.0279 -7.2060
-4.1097 -0.4081
-1.1779 -0.6554
-7.2121 -5.8292
-1.0239 -1.0827
-0.3346 -0.3348
-3.4556 -8.3423
-4.1020 -2.9344
-1.0250 -7.1882
-4.0250 -0.7444
-0.6993 -0.4437
-3.4211 -7.2044
-4.6344 -6.3997
-4.1610 -1.0485
-4.2287 -4.6545
-4.9541 -7.1960
-0.5378 -7.1913
-7.1626 -0.8969
-10.6849 -0.6905
-9.0962 -3.4941
-5.8276 -2.7605
-2.5662 -3.0470
-4.2440 -0.6959
-7.1776 -7.1779
-0.4005 -3.8155
-0.4735 -1.3048
-7.2091 -7.1926
-0.2531 -0.5757
-4.3387 -3.8289
-4.4270 -5.2026
-5.0486 -3.9529
-0.6753 -0.6779
-5.5773 -4.6433
-1.1711 -7.1964
-7.2167 0.3641
-2.9979 -3.4462
-0.4988 -10.1376
-4.0778 -7.4478
-0.9540 -0.8846
-7.1864 -5.2669
-7.1988 -0.7009
-1.2510 -7.1808
-4.2490 -3.7041
-2.7143 -0.6862
-0.7314 -5.0143
-3.1487 -9.5298
-4.4039 -11.1077
-3.4934 -0.2499
-0.9430 -9.1884
-5.1004 -0.8013
-1.3722 -4.8180
-7.5354 -1.4412
-4.7815 -7.1720
-0.5412 -4.9133
-5.0747 -7.2121
-1.5574 -5.6587
-0.6858 -0.9446
-7.2360 -5.6242
-0.2408 -2.1187
-0.7596 0.0250
-10.5555 -4.2237
-2.7318 -1.5452
-2.3393 -3.9443
-1.3835 -9.9621
-6.4017 -3.5729
-4.4950 -5.6436
-3.1040 -7.2863
-2.0821 -0.9551
-0.5311 -5.1035
-5.2838 -0.9224
-0.3266 -0.6001
-0.6416 -2.1562
-0.2568 -3.8527
-1.0412 -4.5055
-9.3177 -3.6236
-7.2014 -5.0600
-7.1984 -4.5457
-7.1866 -7.5549
-1.1024 -4.9999
-3.2865 -3.9171
-3.8403 -0.1673
-4.2739 -5.4738
-3.9303 -7.2259
0.0022 -3.1045
-4.6714 -1.1401
-4.6241 -7.1956
-0.7869 -4.6447
-1.9642 -3.5323
-4.5519 -6.8042
-1.8089 -3.9090
-7.1932 -1.8577
-5.6482 -5.4966
-2.0488 -3.1836
-4.3263 -7.1979
-5.1617 -7.1952
-2.9776 -3.5925
-1.7153 -7.1924
-0.9124 -0.4269
-5.7612 -1.5634
-1.6767 0.3978
-7.4007 -7.8629
-4.4733 -4.6175
-0.5394 -7.2481
-1.3336 -0.8030
-7.2056 -3.0714
-3.2234 -4.3699
-4.6636 -1.2456
-0.8063 -5.0134
-2.3654 -2.5580
-3.6834 -2.2880
-4.4120 -7.2064
-1.2573 -0.6940
-7.2008 -1.2834
-7.1670 -1.5869
-7.1862 -7.1902
-2.1800 -5.2474
-3.7282 -7.2137
