5
-7.6511 -1.0715
-6.6706 1.9307
-5.0638 -3.4770
-5.5901 -8.1449
3.5528 5.7954
-3.4318 -4.7042
-1.7217 -4.1019
-9.1477 -3.7421
-0.1420 -4.5483
-3.8337 4.7285
-3.5967 0.9388
-1.4293 -0.9362
-5.5886 3.0042
-4.2355 -3.0552
0.8985 -2.6595
-2.6187 0.0915
-3.2147 -1.1730
-2.7792 -1.9496
1.0052 -4.1988
-2.9138 -3.0194
-2.5110 1.7298
-4.1229 0.2221
0.2153 0.9442
-5.7359 3.4475
-4.2797 -3.2834
-5.2439 -3.4006
0.2342 -2.6055
1.7333 -7.1518
-1.0876 0.4203
2.4237 4.2121
-1.5508 -0.6678
-1.4030 -2.5450
-2.0606 -2.5511
-0.6891 -0.6943
-6.3033 -7.1436
-1.0927 3.1647
-1.3889 -7.4577
-0.4631 -1.0345
-0.8045 -0.7337
-0.2971 -3.4062
-0.2955 1.4603
-2.1499 -3.9277
1.7878 3.5973
-3.3055 -2.7267
-2.8358 -0.6206
1.9203 -4.8101
0.4166 -3.3032
-4.9289 0.6713
-4.6233 -0.2314
-1.8622 -1.7827
3.7313 -3.9245
-1.6615 5.3831
1.8364 2.5526
-3.6456 -1.0318
1.0318 3.4378
-0.3548 -5.3172
-7.4352 -3.1252
0.9028 -4.4717
-1.0591 -5.7379
-4.4818 -6.9282
-3.4212 4.4638
-1.2604 1.2402
-4.4270 -5.5525
-5.0821 -1.5766
-2.4966 1.4213
-0.4520 1.8039
-3.2935 -6.2939
-0.3287 3.2019
1.0243 3.1140
-4.6069 2.0063
0.5165 -5.9146
-7.2577 1.9848
-1.3579 -6.9077
-1.1223 -7.7862
-3.3629 -4.6776
0.7611 1.7094
-8.0627 -1.4796
0.3958 -0.0627
0.8763 1.2340
-3.0802 -2.1156
-0.1299 -5.1937
-0.1834 -2.0807
2.3346 0.3560
-2.3712 -6.8697
-2.7189 -2.9182
-1.7949 -2.1158
-0.6858 -6.8167
-2.3657 -6.9736
-2.4690 -5.4952
0.9379 -1.8299
0.1333 -4.8587
-6.6298 0.0814
1.5365 -1.1873
-0.2372 -6.3951
0.8906 0.0637
-2.7019 3.1218
-4.1501 -4.3436
-4.8260 0.2614
2.6730 -7.1811
3.1929 -5.6972
2.5815 -1.8717
-0.0860 -7.8901
-5.6310 -3.5178
0.0898 1.8009
-3.0051 -4.4912
-5.2461 2.7079
-4.6523 3.3457
-3.1092 -5.1797
0.2993 1.6756
-1.9681 -1.1262
-4.2857 -5.6710
2.1253 0.8791
-5.3746 -3.8589
-5.1993 -3.8070
2.3903 -5.4235
-7.9517 -6.3639
1.0215 -2.9404
-4.8431 0.6934
-5.4071 -0.2172
4.5236 1.7351
-1.0917 2.1117
0.7105 -4.8886
-4.5710 -4.8101
2.1778 -5.7296
-3.3654 -2.0314
-1.0065 2.6368
-3.6678 -3.5156
-0.6151 5.9976
-5.2966 0.7515
-3.6693 -0.5749
4.8103 -3.7306
-4.7974 -2.1230
0.4946 6.0614
-0.2574 -5.2889
-0.7120 4.3141
-1.2886 -3.3476
4.3483 -1.5719
-2.3945 -3.2632
1.1308 -3.0258
-5.9407 0.9859
-3.0232 -4.9428
-1.3714 4.1330
-2.9633 2.0172
1.9402 0.9352
-8.5741 -3.3359
-6.0838 2.8347
-6.1305 6.2077
4.3229 -2.9691
-2.5512 -2.1482
0.2420 0.8311
-2.5608 -1.3128
3.1682 -1.4179
2.3096 -1.7373
-6.5945 -0.4724
-1.4920 -0.0359
-3.8572 1.8918
-0.0345 0.4008
2.0270 1.1363
3.7986 -4.4415
0.2872 -2.0983
0.3970 -4.6986
-7.5622 -0.2080
-3.9902 -4.4837
0.8221 -1.5722
-2.5477 -1.7035
-0.2793 -1.1017
-1.4751 4.7812
-2.9650 1.5466
-2.4307 -0.1768
-3.3058 -3.4785
-5.5877 1.7016
-1.9011 -2.0612
-3.3219 -0.4822
-0.6540 -1.9461
-2.1679 -1.0445
-4.3865 -3.3798
3.2254 -2.1920
-2.7873 -4.5192
-2.1491 3.2099
2.0948 -3.2050
-7.3323 -3.7151
-3.2175 0.5359
-6.0286 -6.6105
6.9735 2.5652
-6.6088 6.1090
-1.3715 1.4659
-2.8385 -4.3447
-3.0572 -5.1475
-0.7987 4.0219
-3.3475 3.6447
-2.5444 -1.2881
2.9349 -4.5821
3.0267 -7.1404
1.0660 0.0467
4.9848 3.5721
-4.5764 -3.3355
-1.1180 -3.6043
-1.5646 2.0660
0.1010 -0.5454
-6.1670 -3.8114
6.2146 1.4256
0.8066 -0.0658
-4.8141 3.4409
-0.6390 1.8245
-0.4593 -4.4787
2.6593 -0.6466
2.7061 -5.2608
-0.7693 -6.2846
-1.7467 3.0804
-9.2411 -1.6461
-5.8480 -5.5921
3.1614 -8.4175
-1.3510 -3.4205
3.0841 -5.0765
-2.3685 -4.5082
-4.4654 4.4056
-1.8164 -1.3913
-0.9658 -4.3210
-4.8052 -1.5057
-7.1287 2.4639
2.2421 -1.9989
-0.9997 0.8800
-5.0295 -5.0177
0.5726 2.9429
-2.1477 -4.4345
-0.5083 0.5828
-3.8936 4.1405
-1.0477 -5.8697
-4.0647 -4.2534
1.6862 -4.6360
2.8563 -5.3923
0.0138 -1.9036
-4.6467 -6.2618
-5.6404 1.9861
-4.2164 -7.4354
-2.2125 -4.2517
-4.8900 -1.5739
-4.6882 -2.9257
-6.2604 -1.5845
-2.9703 -3.1665
-0.2544 -3.9472
-0.0988 -0.6682
-4.6046 -4.2867
1.8683 -5.1224
-2.3176 2.6083
-0.9876 1.3829
-0.2681 2.8643
0.8666 -1.0542
-1.7657 -9.5635
3.9090 2.3741
-5.8392 2.1079
-1.3238 2.2827
1.4902 -3.2710
-2.2137 -1.0420
-5.2379 -1.3165
2.1202 -0.2509
-1.8265 -4.5176
-1.1505 -6.3874
-5.7297 -1.5737
1.3459 2.1011
2.5652 -4.1036
-2.1534 0.8091
1.4567 -4.9906
-2.4286 3.5772
1.9367 -3.1338
-1.6869 -5.5707
-0.0889 -3.2357
3.5217 0.2345
-0.3477 -0.4446
1.0465 -4.8439
-0.2966 -1.4579
-1.3740 -1.8732
0.0974 0.0360
-1.8034 3.1570
-1.8303 0.1746
-4.5254 1.0731
1.3881 -5.2146
-5.5435 -4.6220
-7.1830 -5.6932
5.0599 0.1388
-1.9586 -0.2980
-2.3464 0.6670
-1.0251 -7.1386
0.7996 -0.7837
-2.9029 -1.1209
-4.9363 1.1905
-0.2139 -0.1178
3.2439 0.7030
-0.2113 3.2960
-4.7019 0.7365
-4.3673 -1.5976
-0.3674 0.5095
0.7445 -3.8013
-0.8425 -2.5407
-0.8816 -2.7908
1.7950 1.2391
-0.1844 -4.8444
0.3240 0.3506
2.2427 4.1420
-2.9328 -5.4457
-2.9981 -1.0103
-2.3537 0.2751
2.8307 -3.0916
-2.0543 5.0004
2.0696 -5.3517
2.4884 -2.8719
2.2669 0.3739
-5.2184 -2.9921
-1.0572 -0.7440
3.5852 2.0298
-7.9730 -1.8529
2.9206 -3.9926
-3.9792 -2.7416
-1.5729 -2.0743
-0.4656 -7.0331
1.6438 -4.0936
1.3609 1.2593
-2.6190 -2.7847
-1.6586 -3.7476
-6.2592 -3.8895
4.5252 -2.9009
4.0985 -0.7221
-3.4478 -1.3465
0.5344 -1.7321
-0.0876 1.6778
0.1851 -1.7166
2.1204 0.8855
-2.9251 6.0584
-1.6153 1.2582
-1.2219 1.1130
-1.4358 0.8204
2.3139 -1.4140
-7.6490 -3.6836
-7.2971 -3.6302
-7.0119 -2.6615
-2.6382 -2.2548
-0.6609 -5.6215
-1.5947 0.0107
2.5411 -1.7539
-3.7021 4.0479
-5.2962 -3.9816
-0.2578 -4.9555
-4.3343 -2.9132
-7.8100 -2.7700
-1.1925 -2.6785
-1.2997 -2.3666
-0.4625 -5.7319
-4.3364 0.8128
1.4418 4.6421
-3.1935 -3.1510
-0.6395 -6.6956
-2.1324 -0.7598
3.2770 -5.1726
1.9987 0.0078
-2.9335 0.9354
-1.4249 -2.3115
3.2879 -3.0731
-4.4565 -0.2618
3.8626 -4.6908
-6.8390 0.2663
-1.4244 -1.0226
-2.0480 -0.1313
-5.0682 -2.6642
-1.9943 -2.7351
-3.3640 -5.3490
-2.6301 2.7834
-2.7739 1.2192
-4.9430 -5.9609
0.0341 2.9667
1.8610 2.6562
-1.7188 -3.1832
0.9948 4.6965
-4.7384 2.6806
1.0857 1.8943
-2.1353 -4.7679
3.3825 1.8474
-3.7734 -3.1111
-1.4858 -2.9752
0.8389 -5.4266
-4.1908 0.2317
-0.0229 -4.2055
0.1978 -5.2409
0.8359 -4.6074
-4.1274 7.0912
3.2722 -4.4930
-4.3210 1.0180
-7.4885 -2.4267
1.5619 0.4082
3.6921 -0.9934
5.3756 -1.7324
1.3932 -1.3749
-6.7137 0.2353
-4.9945 -2.3554
-6.3531 -5.0259
3.0533 -5.3658
2.0271 -1.9588
0.4239 -1.2075
-0.4703 0.5560
1.6031 -3.5534
-7.9152 -5.8923
-6.6677 -5.2379
-3.9882 -2.1041
1.2650 -3.3318
-3.3593 3.7467
4.5158 -3.1007
0.0953 -4.6212
-1.3036 -0.2472
1.5946 -3.4353
-0.2530 0.0582
-2.9215 -3.5107
1.3115 3.2777
1.8225 2.1225
0.6776 -0.4514
3.9875 -6.4423
3.6624 -5.0368
0.8430 -3.7206
1.6836 -5.8018
-6.3781 -3.9303
-4.8163 -6.0963
-2.7140 5.3318
-4.0853 -1.9188
0.0160 1.9833
-1.9351 -1.7416
1.4135 1.5440
-0.5152 -1.7017
3.0857 -0.9749
1.0073 -1.8470
-4.5461 -0.7823
-0.4983 -1.5675
-1.3028 -2.7779
-4.6948 -0.6644
-1.6313 -3.7489
1.3235 -4.3577
-3.4441 -3.4245
-7.7698 -1.4886
4.7193 -1.5028
-0.1353 2.7713
-5.3446 -1.2884
3.6841 -6.3323
-1.5433 -1.8696
-1.6012 2.6155
-3.8286 3.8656
-2.8034 -0.3711
3.1717 -5.8288
1.1759 -2.6864
-1.0287 -3.1551
4.3793 -4.3917
-4.1131 -2.0212
1.4566 2.5965
3.2109 0.5267
-1.6353 -2.0569
-3.9706 -4.8888
2.0946 -1.3533
-4.8185 -0.0232
-2.7599 -0.1117
0.6977 2.2907
-5.7425 -2.7554
0.7528 0.0585
-5.8359 -3.7274
-3.9760 -2.6150
-8.0275 -3.9861
-6.6778 -6.1241
-4.3532 -7.2184
-3.6963 1.7720
2.3905 -3.8966
1.9705 -3.4006
1.2401 2.9041
0.2590 -4.5333
1.4393 1.0386
0.5944 2.2584
-3.3609 1.4219
0.6580 -2.5787
-3.3215 0.8394
3.5196 -8.3889
-0.1226 -2.6726
-4.2132 -4.9315
-1.5500 3.6167
-1.5578 2.8452
2.1904 -3.8027
1.2884 1.6792
0.4345 -5.5156
-6.3358 -2.7362
1.1835 0.2659
1.6572 -1.2065
-9.8229 -1.8223
1.3044 -6.9166
-1.9274 0.7286
1.0947 -3.2781
-3.1480 0.4919
3.5438 -4.4721
-4.6165 2.7532
2.9927 3.2844
-1.3594 -7.6048
-3.3829 0.3384
-5.0290 -4.3114
1.3762 -0.8354
0.6487 -0.3444
-0.2769 -1.9980
-2.8467 -1.5430
-6.1792 -0.0052
7.7954 -2.5780
-4.4321 -8.3998
0.6613 2.2029
1.2890 -0.8512
1.1886 -0.5923
0.6642 -3.8666
-6.2408 -2.4514
3.5385 -2.6255
-1.6760 -4.9543
2.5644 -0.8661
0.6591 -2.2018
-1.2734 -3.5335
1.6750 5.2714
-3.9207 -2.5437
-2.6588 0.4360
3.3999 2.2481
1.6587 -4.0682
0.2496 -0.6456
-0.8518 3.2033
3.9825 1.4241
-5.7549 -3.8091
-2.3183 3.2812
2.1391 -2.2991
2.1194 0.3669
0.3465 0.8157
-5.2669 -4.5277
-4.0060 -3.2482
-0.8005 0.3631
-3.9673 -5.4509
-4.2197 -2.9943
-5.2054 -3.4859
-3.1090 0.5216
-2.2099 -6.4858
-0.0122 -1.1231
-6.6854 4.0486
2.0808 0.4952
-2.8599 -1.0636
5.4606 0.2482
0.8287 -0.2911
1.9749 5.2209
3.2812 -1.2375
0.8245 -1.7936
-4.2509 -1.4518
1.3466 -1.8917
2.5515 -4.5549
-2.4266 1.6243
-4.1724 -3.5114
4.8964 -3.2441
-5.0961 -4.3516
4.4079 -5.9522
-2.7452 -3.5118
2.2225 -1.4575
-3.6034 -5.2023
-4.4384 -1.5547
3.1119 0.0529
-8.2842 -8.4499
-3.8027 0.4348
0.7933 1.4053
3.8487 0.6596
0.7484 -4.7772
2.0781 2.2455
-3.8594 -1.8604
0.2429 0.3233
-0.4295 -2.3086
3.7144 -3.0023
4.0926 -1.5891
1.1650 -3.7413
-0.0325 -3.0313
1.2443 -0.9467
-2.0463 2.1939
-5.7841 1.7649
-3.0820 -2.7149
1.0314 -5.9731
0.6518 1.3805
1.1000 -3.5659
-1.7810 -3.6493
-2.1620 -6.7921
-3.5059 3.7908
-4.8699 5.6338
-5.2992 2.5918
-3.1884 0.9112
-4.9401 -4.8628
1.6409 -2.7510
3.9990 1.1772
-3.9932 -3.2281
0.2974 3.2004
-1.5610 4.0138
-0.3731 2.6620
-1.4010 -0.9004
2.5715 0.1576
-5.0295 -4.1766
-4.9300 -2.7314
0.8219 -2.7325
-2.5100 -3.9433
-2.3403 -2.1542
-11.9435 -2.5320
-0.3762 0.4544
0.7980 1.1420
2.0790 -2.2416
-2.5993 -0.3480
-0.7961 2.2951
1.0250 -6.0094
2.2821 1.1995
1.5845 -5.5761
1.2185 -3.4676
-0.3422 -3.5393
-0.4918 -8.1840
-3.2983 -2.7253
-2.3470 -3.3557
-4.2943 -0.5652
1.8180 1.7212
-6.3099 -4.1291
1.1277 -1.4016
3.9458 -2.5696
-1.0783 -1.3466
1.0883 4.9074
-0.2857 1.8651
-5.9749 -1.2885
-4.6768 0.6214
-0.0824 -5.0764
-0.5806 -3.2437
-3.1888 -2.2097
-4.6970 5.0871
0.0818 0.1636
-4.0171 -0.9260
-5.4186 2.8016
-5.2443 3.0450
2.1342 1.8890
-2.1909 -7.0735
-4.9542 -2.4368
0.2623 -4.8733
0.6126 -1.6492
-2.3610 2.6486
1.3896 3.4207
2.6003 -1.8485
-1.0398 -0.3894
0.7109 -2.6245
-1.6648 -5.6335
0.7113 -5.4597
-1.2239 -0.2229
-6.7345 -0.3103
-1.4456 -1.0462
2.1689 -0.9559
-7.4952 -2.8090
-3.3331 3.4076
-1.3120 1.7774
-1.8905 -6.5751
-2.0651 2.2641
0.1445 -0.5897
-0.4030 -2.9658
1.5905 -1.7763
-5.2781 -3.8483
1.4045 -2.4728
1.8851 0.4673
-1.3399 -4.7722
5.0430 -2.5433
-1.7089 -2.9235
-2.9248 5.9620
0.9218 1.2909
2.8838 -6.1897
4.8137 4.7533
-2.3509 0.7783
2.1551 -2.4383
6.5402 -4.7923
-3.0728 -2.4520
-3.4179 -7.2186
-5.3709 -3.3866
0.8281 -4.4465
0.5427 -1.1038
-1.9174 -1.2229
-7.3021 1.3556
-4.4107 0.6965
1.2163 0.4710
-1.3602 -5.0752
0.7656 2.9382
4.3341 2.5194
-1.0402 1.5411
-3.8770 -3.1608
-7.0647 -0.6560
-2.2579 -7.1261
4.9671 3.8974
4.1968 -5.2328
-5.2588 1.1470
-3.5814 -1.0903
-2.0220 0.3212
-0.7060 0.5957
-0.0736 -5.7706
-1.2519 -2.7576
-5.7210 0.2473
2.2251 -4.3325
-1.3201 -1.4923
-4.6765 -5.7997
2.4633 1.1059
-7.4059 2.2953
-3.4896 2.3320
-7.8694 -2.8107
1.5475 3.2816
-2.0973 -1.7388
-5.3249 1.6696
-3.7456 -2.9790
-2.2441 3.2145
-2.6720 8.9139
-5.4758 6.9273
-5.5461 1.9751
-2.8211 2.7904
-4.4973 2.0919
-3.5423 -3.8508
2.3732 -0.3083
0.6770 -0.4302
2.8353 2.8666
-3.0485 3.3883
1.4603 3.1872
0.7593 0.5023
1.8682 -5.4008
0.0708 -6.1104
-5.6165 -2.8335
0.8301 1.3066
-3.6041 -7.4555
-2.3520 -3.4451
-2.6869 -1.1611
1.8311 1.9482
-2.0978 2.9580
-3.8350 -4.9442
-1.7633 -3.8269
-3.7606 -2.3391
-3.4723 -1.6171
-3.9678 -2.9850
-4.3056 -3.9126
-4.0753 -4.0151
0.8417 1.0812
-0.2881 -1.3887
-1.3702 -2.4441
3.1232 -0.4366
3.8831 2.9783
-1.0403 1.6174
-2.8225 -0.1850
-4.1149 3.1142
-0.4278 -1.3068
-9.4355 3.5328
-0.5788 -5.8828
-7.5671 -5.0444
-1.5578 -0.7502
-0.4649 -0.4056
-4.3622 -0.0038
-4.9780 -3.9079
-0.8547 -3.8376
-0.4936 2.2034
0.0565 -5.4843
0.9705 0.6047
1.3014 -2.0791
-5.9893 1.4913
-2.5177 0.4563
-4.3617 -4.1856
0.7761 -1.1454
-5.9450 -3.3074
0.9247 -0.3840
-1.6662 0.0941
-5.0922 -4.7692
-3.1270 1.6587
-0.1872 0.5054
-1.9426 -3.0491
2.0681 2.4363
-4.9882 1.4204
-2.1051 0.1334
-4.0165 1.5976
-3.5019 -3.9889
3.9881 6.5381
1.7089 -2.3002
-2.2228 0.5007
-2.4698 -4.5963
-5.9240 -8.1420
-4.0712 -3.2093
1.0610 -2.5357
-2.5709 1.0281
-8.3965 1.9714
0.5720 -3.2047
1.2668 -2.0660
3.2895 2.2705
-0.1581 -8.9373
-1.8557 1.7991
-0.2737 -0.6535
0.2426 -4.0770
-5.2340 1.3359
-1.2912 0.3451
-0.2992 -3.3167
-0.4790 1.6151
1.9246 -8.1545
-3.7332 -5.7599
-1.0345 -1.5091
4.0589 -4.5515
-5.7257 0.3014
-2.2393 -3.8003
2.1806 3.3642
0.8298 -3.8545
-2.1277 -4.1083
2.9465 -7.2919
-5.4331 2.0745
1.4439 -7.1187
0.2451 0.8123
-4.0177 2.8308
-4.2386 -1.0962
-4.8131 0.4102
-1.7558 -0.7127
3.4361 -5.4164
-5.4763 -7.8690
-6.8130 1.1242
-0.5923 -1.8487
1.3250 -1.9193
-3.4910 -4.5867
-3.5552 -3.9147
0.9039 -2.6617
-0.6899 -4.2634
-2.8304 2.0347
-1.7449 -5.1133
3.0977 4.4248
5.3462 -0.9383
1.1385 1.0143
-0.2551 0.4486
-6.9797 4.5989
-7.2650 -9.0873
-4.3736 0.7511
3.8311 -0.7553
-2.5729 -3.5088
-5.9826 2.8489
0.6855 -4.8609
-2.6746 0.1829
-5.5582 1.9889
-4.0911 -3.1809
-7.3797 -6.0238
-2.8152 4.4157
-3.6538 -4.3672
0.1756 3.7575
2.5991 -3.9362
-1.4028 0.4526
-4.2268 -3.7426
-3.6238 1.6841
-2.3318 -4.5751
0.6850 -1.0830
1.5867 -4.1221
-0.5792 1.1552
0.4333 -4.3186
-9.1506 -1.3017
1.9430 1.2603
1.0399 -7.3317
-3.8127 2.3257
-6.3576 -4.6238
1.4324 -3.5051
-1.1075 -0.1744
-1.2900 -10.2301
0.2232 -1.0751
-0.0147 1.5416
-1.4412 -3.2316
-2.6631 2.1391
-1.7843 -2.8219
1.4691 -1.6296
0.8867 -4.0543
-0.5323 -0.0532
-8.9479 -1.1432
-3.5226 -3.2539
-3.5630 -0.6083
-5.1412 -1.5560
-1.5707 0.5711
-3.2014 0.0120
0.8611 -2.3874
-5.5787 -3.0466
-2.1894 -4.4752
2.9015 -3.2052
-6.2194 -4.8114
0.3919 -0.4021
-5.5213 -3.1292
2.2176 -3.5255
2.9295 -4.3262
-1.8271 -4.9994
-2.3283 -3.2474
0.8620 -0.0994
-6.5409 -0.4809
2.1253 -3.4056
2.7365 -2.4555
-4.1163 -5.9823
3.0254 0.0396
-1.3215 -6.3354
-5.4859 1.9096
-2.4227 -3.1615
-0.4864 -3.3454
0.9913 -2.0072
1.4043 -3.5109
-0.3957 1.6539
-2.5241 -6.2738
-0.3053 -0.9211
0.8332 -4.8537
1.0851 -3.9418
-5.7391 -4.3016
-3.4656 5.5051
-5.4143 4.0736
-3.5257 0.9823
-4.4047 2.4702
-5.8244 -4.2314
3.4252 -4.5019
-5.3014 -0.7594
1.3044 3.3404
-3.4751 -3.5445
-0.8437 -5.0458
0.8051 -4.0848
5.5282 1.7234
-5.7440 -0.2039
7.2732 -0.9147
-0.9007 -2.2875
-0.1021 1.5369
1.2782 -3.9891
-1.1285 3.0354
-2.1978 -2.8370
2.2762 -3.1947
1.7597 2.7533
0.4402 -6.3952
2.8604 2.5280
-1.6677 -4.5135
-8.7248 -5.1977
-5.1981 -4.8105
-2.9952 2.1017
1.8490 -3.7220
-2.6455 2.6639
-2.6262 3.4545
3.5793 -5.0209
-7.2952 -3.8573
-3.5168 -6.4186
-4.3805 -2.6437
-1.1822 -4.7075
-0.9291 -3.4710
-0.3611 -3.1121
-5.3730 2.9712
0.8926 -1.3062
1.9123 2.2197
0.8184 2.2299
-8.9432 -1.4720
-3.2219 0.1328
2.9692 -1.8677
2.5664 -3.3058
-3.3036 -2.3133
1.1148 3.3358
-2.5866 3.7985
-2.4935 3.7411
-2.8601 -6.1546
-0.4142 1.7620
-3.9477 -4.9849
1.6620 -3.7282
1.0332 2.8440
-3.0768 -2.5194
-1.5288 -1.5426
0.3754 -1.3972
-3.4324 2.7659
-0.0834 -0.6271
2.2307 -4.4193
8.2903 0.9961
-4.6682 -1.2394
2.3193 -1.8843
-1.9569 -3.4648
1.2285 1.5664
4.3607 -4.4571
-2.0683 -1.1085
-3.1694 -0.2461
-1.5849 0.2125
-4.6438 -0.2727
-1.4555 -2.2287
-2.9114 2.7441
0.8846 -5.5557
0.3437 -4.3082
-3.0407 -1.1119
3.0208 -0.4868
0.1719 -5.1806
1.4788 -2.5486
-0.4194 0.1075
2.5082 2.5410
3.6334 -1.3287
-0.8305 1.2917
-0.7437 -6.3696
1.4996 -1.5773
1.3501 1.5197
0.1511 -5.1475
1.1758 -2.7358
-3.9696 -6.5636
-3.0640 -2.5490
-3.1500 -3.5729
-4.3740 2.4551
-2.9060 -6.8367
1.8165 3.4586
-1.2227 -2.0657
3.2569 -5.4708
-0.1048 1.2473
-5.9259 -0.2071
1.3398 -3.3672
-2.3489 -5.4357
-5.5011 -3.8492
3.9853 -8.9353
-3.4831 -3.6304
-5.8166 0.4510
-0.2231 -3.3003
1.6071 2.8797
2.3271 -1.0185
-4.3486 2.7574
0.9367 -3.9816
-1.5340 2.0868
-4.1451 -0.5648
-4.0324 -4.9938
-3.1809 -4.4994
-0.0696 0.5309
-4.5119 1.2924
2.1298 -5.1364
1.2915 2.5757
-3.6210 -2.9724
0.9746 -4.2209
1.5259 -0.0964
-1.4183 -4.4558
-4.4698 0.5716
-0.0743 -2.4239
-8.3196 -0.1195
-2.9907 -2.4151
-4.2379 -0.1739
-0.8341 1.1364
-4.9924 -1.4788
-3.1072 1.4607
2.8542 1.6251
3.5286 -4.2644
3.0454 1.3707
-0.0965 -3.0317
1.4560 -1.6382
4.3750 0.4636
-3.2562 -1.2905
4.4144 -5.3544
-5.5012 -5.2253
0.3595 0.3596
-4.4486 -5.5460
0.6595 2.1290
2.0884 -3.8767
-2.3110 -5.0504
-3.5076 -4.0382
-2.4458 -1.0752
2.0638 -6.3611
1.5399 -7.0063
3.8775 0.1033
-2.7887 -2.4512
2.0379 2.4424
4.4499 1.9297
-1.1504 2.2181
-5.8458 1.1981
-2.9235 -3.7172
-1.5733 2.6305
4.1400 -1.7303
-1.8048 -5.9748
-4.5449 -4.9049
-3.1221 -7.4291
-1.8961 2.9894
-1.0585 -0.1255
1.5839 2.9013
-4.3411 -7.8730
1.0370 -5.7437
-4.0513 5.0308
-2.9248 2.7758
1.1773 -2.4958
1.9706 1.9387
0.1358 -0.0514
1.4647 -3.8301
1.1919 -4.9448
-3.1776 3.0163
-2.2384 2.6391
2.8234 0.6864
-4.2790 0.1283
-5.3261 -0.4289
-4.3696 1.5734
-2.8728 1.3210
3.1898 -4.7700
-3.1787 -2.9464
2.5464 -6.5421
-4.2582 -5.8391
-7.0314 -1.8529
-5.0571 -1.6005
0.6889 -4.9984
3.6202 -1.2941
-0.6673 -3.7417
0.0818 -4.8754
1.9347 -5.2877
-4.6973 -2.0992
0.0446 -4.2168
0.5881 -8.0320
2.8659 -1.2007
-0.4386 -2.8382
0.2603 1.6889
-3.6323 -3.7562
-5.1798 0.2094
5.4443 -2.4732
0.4002 -7.2560
-1.5398 1.1984
4.6247 -3.1756
1.7682 -6.2262
3.6225 -0.1216
-4.3325 -2.1800
-3.9489 -1.7759
-10.6753 -0.2588
2.6622 0.1592
3.6578 -3.7494
-0.9901 1.0181
-0.1733 -3.4260
-0.0679 -0.4466
2.2561 0.1644
0.4707 -4.3972
-3.4124 -4.0956
-3.1999 -1.2560
-4.7508 -2.6957
2.0556 -2.3369
-3.1129 0.7235
-4.7155 0.1325
2.8835 -1.1457
-6.4885 3.5566
0.8994 -2.3885
-3.2103 7.0294
-5.8176 -4.1874
1.2809 -3.4306
0.8545 -3.0821
-5.4230 -1.4905
-6.8316 6.6837
1.9496 -0.6463
0.0167 -3.3483
-5.6505 1.1438
-6.1858 -0.6107
-5.8502 2.3266
-1.1936 1.9929
5.8172 -2.3743
0.9775 -1.8963
-3.0515 0.3591
0.9716 1.2070
-0.6583 -0.9466
1.6034 0.3678
-0.9239 -0.6525
-4.1410 -2.4777
-0.9659 2.7470
2.3607 -0.6687
2.9298 -4.6282
-4.2783 -3.7733
1.2799 -3.9783
-0.0268 -6.8486
-2.9238 2.9304
0.2284 1.2192
-4.4270 0.4369
-3.9451 -3.7440
-8.3814 -3.9616
-1.2515 -3.6905
-4.0813 -4.5413
-4.8912 1.5995
-2.8566 1.8008
-3.1040 -5.4005
-2.1866 -4.5381
-1.0586 1.2668
3.6252 -0.5690
5.5062 -3.2155
-2.9531 -3.4534
0.3289 -1.0620
3.2226 -3.4911
0.5014 2.5236
-3.7276 1.7080
-0.9711 1.4266
-9.7158 0.7030
-2.2119 0.0429
-2.0390 1.0183
1.2938 1.6378
-7.7063 -3.1311
-3.3621 -4.7056
7.4375 2.3660
0.9731 3.3377
2.2576 -4.7460
-0.3799 -0.2986
-2.0571 -6.1543
3.0118 -6.2971
-0.9719 3.3129
-8.2201 -0.2474
1.7475 3.1495
-0.8062 0.2823
-1.1059 -0.1910
0.8957 -1.1590
-5.7695 -0.0681
-5.3941 -3.5245
2.3878 -2.7542
0.6051 -2.4243
-5.9289 -1.8965
-3.4208 0.2464
2.2952 -3.5736
-1.9724 -4.8564
3.1992 -4.2435
-2.5558 -5.9571
1.1943 -2.4962
-1.4684 -1.3462
-1.6307 -6.6594
3.6098 -2.2038
3.4808 0.0383
-3.8667 3.7256
2.4006 3.3576
2.9986 -1.3240
-1.7904 -1.4705
0.0222 -9.5248
-5.2973 -6.8100
-7.5054 -0.9308
-5.8560 -4.7237
1.8260 -5.3943
2.0643 0.6619
2.6034 -3.7340
6.0347 0.7177
-0.0220 -2.5776
-5.2196 3.9428
-7.9453 -3.6654
-2.0218 -0.5929
-2.1990 -2.4066
-3.7413 0.0002
-4.3793 -0.7198
-4.6935 -3.0904
-2.9890 2.5319
-5.6278 2.5219
-3.2731 -5.9006
1.1166 -1.2707
-4.2440 -4.4925
-5.1856 1.9543
2.3010 -3.0547
0.9472 -1.2182
-2.2896 0.5514
-5.5352 0.6036
-4.5990 3.7856
2.7878 -8.5213
-2.8570 -5.1362
-1.2928 -6.9203
-2.8275 -4.0458
-2.0275 -3.0409
-0.0865 -2.2201
-0.3345 1.1060
-4.2870 -0.7698
-2.1787 -2.6352
-3.6893 0.0483
-2.1798 -3.7170
0.7266 1.4004
-5.0569 1.7407
-3.1883 -2.2806
0.0751 -1.0979
-2.8163 -2.7415
-0.8902 -5.3078
-4.9021 1.4725
-0.1838 4.0933
1.5198 -4.3133
4.7720 7.9407
0.5215 3.3792
1.6466 -1.3363
-3.5898 -3.8285
1.5762 -3.9320
-1.5856 0.5210
2.4137 -5.8638
-3.1293 -3.0160
0.0842 -2.3802
-2.0101 2.9070
-1.5731 1.9736
0.3925 3.2039
1.0795 5.2465
-5.0011 -0.1209
-3.0623 -2.2777
-4.0923 -2.4905
-1.5991 -5.0674
0.4126 1.3097
-7.3674 -2.6728
-2.4749 -4.2805
1.9407 -5.5732
-3.7586 -2.5785
4.2815 -4.5475
-6.2000 -4.1549
1.0983 -2.7344
-3.7694 2.2620
0.2413 -2.4432
3.8095 -1.9038
-3.9537 1.5936
-2.0161 3.2212
-9.2441 -4.1224
-2.0912 0.1399
-3.4760 0.1563
-2.0868 -3.2407
1.6130 -5.5304
-2.5207 -0.0834
2.7769 -0.3897
2.7789 -7.0040
-7.9212 -4.4051
-3.9314 3.3038
-5.2619 2.6283
3.6007 -8.4061
-4.7501 -7.6941
2.1866 -7.7652
-0.5127 -8.5182
-1.6738 0.9535
-3.4603 -3.6543
3.9461 -7.9938
1.7931 -2.7041
-3.9971 -0.1055
-4.2739 -4.3005
0.0855 -3.9546
-5.4762 -4.0879
-2.1345 -3.7778
0.4948 -3.6440
-4.8391 -4.4050
1.3379 -4.1829
-4.1585 4.0140
2.1126 -1.4242
-1.1945 -0.6183
-0.1204 -6.0337
-5.4460 -7.4865
-3.3982 2.5105
-5.0290 -3.1974
-2.5104 -0.9870
-3.0412 1.6729
-2.4039 -1.4002
-1.0449 -4.6049
-5.5759 -2.6993
-1.8533 2.0503
2.3647 -8.9360
-1.5072 -5.9489
3.4823 -4.2356
-2.4612 4.7980
0.0976 -3.3349
-3.8462 1.9490
-2.3360 -6.5261
-5.2191 -3.8757
2.3262 2.0949
-6.9617 -6.0990
-0.3152 -5.5556
2.6948 -7.4865
-5.9992 -4.6847
-0.9019 -4.2775
-9.6598 -0.1596
2.4942 -4.8082
1.4278 -3.3713
3.9153 -5.0759
0.4414 -3.5386
-3.3187 -4.2712
-6.0522 1.2461
-1.7626 -0.9344
-3.2877 0.1256
-1.6447 -1.2253
-4.0082 0.9399
-1.7792 -4.6330
1.1823 -2.7697
-0.7228 2.1196
-5.4605 -2.8382
-3.5640 -3.7478
-3.7341 3.5682
3.7487 -4.9394
-2.4378 -2.9197
-2.0650 2.4505
0.8855 -3.7392
3.2921 -2.2377
-0.7986 2.7951
-6.6126 2.0537
2.1577 -5.1032
3.3585 -1.7609
-5.3294 -5.1112
-1.0339 -5.5077
5.9279 1.6572
-2.0991 1.4052
-2.4954 -3.7758
-6.9916 -2.0214
4.6007 -5.0215
-0.8115 -2.4207
4.5398 -4.1182
-2.9571 -5.3811
3.7930 0.6264
1.4275 -1.4514
-0.7929 0.4760
-0.0500 -6.7233
-3.5636 1.2852
0.9463 -6.7250
-1.9798 -2.2389
-4.8950 2.2809
-1.7261 -5.9446
-3.1414 -7.6692
0.9465 -5.8623
-2.2373 -4.6899
-1.5077 -4.1014
-4.7105 -1.1146
-12.6814 0.5320
-3.6287 1.2572
1.1985 -2.7812
-2.4844 -4.3518
2.5259 -2.4918
-2.5491 -2.0184
-2.7724 -3.7307
-2.5781 1.0367
1.1855 -3.8621
-2.5657 -4.8617
-3.2768 -4.9178
-0.0041 -2.6306
-2.2169 -6.1566
4.4053 -3.9225
-0.1017 -3.4144
-1.6867 -4.5188
-2.8020 -2.4617
2.4013 -6.2021
1.5620 -3.6546
-4.3088 -3.6650
2.0815 4.0772
0.8001 -3.0414
-0.7948 5.0319
-7.5897 -5.0601
-3.5210 -1.2309
-9.9505 -3.1560
0.0049 0.0815
-5.5995 -4.6245
2.7361 -3.8852
-4.8915 -1.9330
6.1786 -4.4300
-2.2789 -4.2373
3.3024 5.2572
2.1913 -2.5303
0.0427 -2.1174
-2.5540 -3.0602
-0.9893 -3.1616
-4.7486 -0.4433
-1.7983 0.5768
5.2929 -4.5994
-3.9529 -6.5411
2.1812 1.2262
-7.6369 -0.3830
-0.6098 -2.3609
-2.4835 -5.8724
-1.7338 1.4815
3.6329 -3.8625
-1.4548 -2.0882
-4.6701 4.8779
2.4324 -5.2755
-0.1628 -1.9610
3.1397 -3.6068
-4.8703 -2.1835
-5.5730 -2.7415
-5.1549 2.4963
1.1299 -3.1943
-4.9700 -0.7798
1.2095 -4.2840
-5.3569 -5.0202
2.3036 2.7220
-4.7058 -4.0503
-3.0196 -3.0228
-6.5015 -6.5387
-4.9084 0.6059
-5.0891 2.0490
0.3969 1.0073
-2.1829 -0.1746
-5.4833 -2.8864
3.5517 -3.1721
2.0945 1.5484
1.9078 -2.0622
-1.3008 -1.2295
2.8199 -0.7143
1.7671 -4.0905
-2.8341 1.6006
3.5140 -3.6148
-2.6819 0.2080
-1.4188 -5.4453
3.7601 -4.9263
2.0627 -0.5451
-3.5582 1.6116
3.7065 -1.6003
-4.7302 -0.4749
-4.0149 -5.4202
-1.0519 4.2658
-0.0221 1.1772
-8.5349 2.3375
4.0748 -1.8132
-1.3703 -0.4428
-1.4196 1.0364
-3.9433 -3.9688
-0.8695 0.0431
-5.3613 0.4333
-1.7151 0.7391
1.2593 -2.1055
-3.6007 -4.1753
-5.7929 -5.4150
-6.2130 -5.3222
2.0996 4.7519
-5.1402 1.2358
-0.5425 4.0662
-2.1095 0.0188
1.7778 0.9189
-3.2465 2.1883
-5.5572 -5.4269
-2.9515 1.2900
-2.5415 -4.5310
0.4380 -2.9468
0.1658 -1.4997
2.9012 -5.5228
3.9297 3.9419
-0.2777 -3.4244
-1.1324 -0.1185
-4.1063 -2.6201
0.3332 -5.8266
-0.9179 -0.5265
2.6242 -4.5265
-2.9538 -1.8558
2.1406 2.0157
3.9923 -1.3089
0.8786 0.5264
-8.3850 0.6909
-2.1366 -4.2961
-5.3071 -0.9393
-0.5311 0.3871
4.4235 -0.6213
3.1776 -1.8251
2.2083 2.5813
1.2960 1.5269
-1.4323 4.8806
-5.9625 -2.0388
-0.1122 4.2547
2.8764 -0.8182
0.9685 5.6462
3.2669 -3.2010
-0.9998 -4.0221
0.2606 -2.7523
2.9758 -6.0625
-2.0297 1.5750
4.3442 -1.9130
-0.8976 -2.9577
0.9648 -2.2478
1.1262 1.9711
-5.0465 2.8185
-4.1882 -6.5258
5.2028 0.4362
0.2389 -1.5522
-5.2690 -4.0500
-0.5634 -4.5262
-1.8266 1.9234
-4.9236 0.1628
-5.6623 -0.6234
5.8315 -8.8938
-1.8413 -5.2647
-7.5599 3.3816
-1.8180 -6.5433
-3.6973 -2.5205
-0.2703 1.7053
1.7394 -0.3342
-1.7741 -8.8273
-0.2154 -4.5345
-5.2363 3.4022
-5.6783 -7.4326
3.3994 0.3902
3.5665 0.1925
-0.8543 -3.8401
0.1498 1.1851
-0.2187 -0.7786
-2.3148 -7.0426
-5.3637 -2.2093
1.7585 -2.7538
-3.5380 -0.3554
-0.8867 -2.6915
-2.5815 1.0381
0.7716 -2.7320
-12.0637 2.6362
-4.7248 1.2846
-3.8814 -7.5770
0.7676 -6.9101
-5.1194 2.2211
-0.3543 -4.2597
-4.1856 -2.5517
-5.1717 -2.5811
-4.4035 2.5494
0.6646 -3.5510
-6.2589 -3.6261
-2.0537 5.9454
-2.4752 -3.2163
0.3759 3.3270
-4.0363 -4.2877
-3.6934 -4.1113
2.7975 2.6680
1.4508 -7.4917
1.0414 -5.2580
1.6594 -0.6278
-0.9640 -5.3852
0.0682 0.3773
-6.3595 -3.6027
-2.4868 -3.2466
-4.4916 -3.5781
-3.4339 -2.9189
-5.6467 -4.8460
-1.2796 -6.9287
-3.9441 -6.3017
-4.1261 -3.4478
-2.5948 -1.5122
1.6631 -4.1365
0.4467 -8.9108
-4.8288 -0.2079
1.5412 -5.3653
-0.0701 3.2160
-0.6072 -0.1062
0.4557 0.8752
-6.1710 -1.6369
-4.5250 -9.1746
-4.0802 -3.0567
-4.3033 -2.4646
2.7544 -3.8721
-5.5775 -3.5403
-3.6017 -4.5321
-0.1367 -0.5363
2.4541 -5.6794
-3.6285 -3.8097
-3.2419 2.0474
1.4257 0.1090
-2.8728 -3.7815
-2.3725 -3.5390
-1.9490 -0.3348
-5.7212 -0.1186
1.9392 3.0056
4.4111 2.6080
-2.2140 2.8767
-3.8164 1.6456
-0.9160 0.9904
2.6503 -2.7785
1.3447 -5.1619
-7.7456 2.6759
1.2468 -2.1818
0.0534 -0.5845
-1.0683 1.6010
-1.1719 -3.9165
1.8890 3.1478
-2.4992 3.8451
-6.7942 -6.1610
1.2926 -3.0805
-3.1343 0.2369
0.1668 2.3530
-11.6954 -0.6635
2.4002 4.0559
-1.3567 -2.7064
-2.0858 3.0991
-1.5134 -4.6016
-1.5437 -9.1785
-2.3202 -5.0432
0.5208 1.5955
-0.4343 1.3651
-4.5999 -5.7064
1.2462 1.8422
-3.1585 -0.0544
-0.3584 -3.4149
4.1042 -6.4044
-3.9922 -2.1329
-0.6039 -2.2257
2.7031 -3.2697
-3.2496 1.0360
2.2381 1.0585
-4.4333 3.8948
-1.5306 2.2490
0.5928 -8.2994
-5.7356 -2.4292
-8.7830 1.6230
-0.7015 -7.8778
-1.2661 0.2969
1.3839 -5.8078
-4.6928 5.7118
1.2369 -3.1920
-5.2687 -4.1706
-6.2571 0.0227
-1.7449 3.9708
-7.9492 0.3550
-5.8318 -0.2752
0.8884 0.6022
-0.3520 2.8698
-5.8700 -1.3147
-5.6832 4.9631
4.0126 -6.6257
2.9283 -7.1460
-3.2730 3.8677
-1.8577 2.0105
1.8617 -2.6782
-4.3821 3.6095
-0.8136 -3.6285
1.2839 -6.5012
1.8795 0.6659
-5.6578 -5.3955
-0.5972 2.7531
-4.9138 -0.5955
-0.1513 -3.5236
1.4534 2.8584
-2.1637 0.2660
2.4100 -3.1298
1.6462 -2.1806
1.9557 -2.2931
-3.5841 -5.0286
1.0800 -3.7774
3.7351 2.2443
-4.3137 -3.5350
5.3285 0.3271
-3.0686 1.4879
2.8654 -4.0270
-2.5148 0.4959
-0.8665 -4.7160
-4.6083 -2.7847
-2.8414 -4.7858
-6.9433 -3.0807
-0.5793 -4.5286
-4.3974 -3.7092
-2.5603 0.9978
0.1442 0.9667
3.6773 0.3382
-1.4291 -4.6789
1.6452 -4.0935
-2.1420 -2.4646
-4.6450 -2.0329
-4.9972 -1.2879
-5.5424 3.9043
-0.0635 -2.2939
-3.0411 -3.5902
1.1773 0.9497
1.6071 -5.3493
-1.8346 0.4837
3.9534 4.5085
1.1696 -6.5393
1.8526 -0.2239
-3.6320 -3.7254
-2.8061 0.3691
-6.2538 -2.2085
-3.8532 1.7724
-5.9648 -8.0535
0.0421 -7.5805
-2.9325 -0.1879
-2.0712 -4.1367
-6.3874 -4.5498
-1.7427 -1.8687
-1.9167 -2.5689
3.7600 -4.8488
-3.6539 -4.6276
-2.2065 6.2883
-2.6721 -3.8093
-1.3137 -5.7623
-5.3485 -2.9273
-0.7727 1.2607
-4.9669 -2.2199
-0.4827 -3.4963
2.7688 3.0100
2.4191 -3.3751
1.7791 0.6484
2.7815 -2.9870
-1.5654 -4.7515
0.0328 -6.1671
-2.9613 -3.8848
-1.6507 0.1125
2.8325 2.3028
0.0677 2.3125
1.6882 -1.2301
-3.2063 -5.6726
-3.5546 3.7370
-6.5542 2.4188
-4.0302 -7.5688
0.0658 -2.0397
-6.6147 -0.6109
-5.8033 4.4525
-3.6765 -0.6555
-6.6777 -5.0096
-2.7685 4.1786
0.4171 -0.2885
3.9174 -1.8813
5.0235 2.7119
1.8535 3.8815
1.6203 -0.5917
-0.8224 -0.6302
-0.8159 -5.3553
3.3575 0.3039
1.6640 1.6236
-5.6695 -3.9150
-2.4012 0.6076
3.1883 -6.2387
-3.4806 -0.3457
2.0122 -5.3134
0.5012 1.5612
-3.3450 -8.4656
1.6009 -0.8230
-2.3412 -1.3027
2.1651 -0.9898
-3.4928 -2.4428
-2.5328 1.4231
-1.6330 -7.4555
-1.8017 2.3506
-4.9171 -0.5408
2.6206 2.7238
-3.2515 -0.7830
2.9893 -4.1960
-3.4410 0.0222
2.0549 -5.8668
-3.6824 -5.0026
-4.7970 -3.5105
-2.8234 -5.5557
-5.6499 -1.7455
-1.7053 0.4814
3.6990 -6.7366
-4.6254 -2.2666
-7.6724 0.1106
2.0819 -1.0165
-1.8568 -2.9718
1.8580 -4.9893
3.6880 -6.7264
1.2135 1.9839
-2.9637 -2.6997
-1.9998 -3.7073
1.1844 -2.1401
-2.5934 -3.4184
0.9644 -4.7717
2.3989 2.4567
-0.6766 2.0982
-4.9566 1.4500
1.0972 -10.1886
-4.0806 -3.0746
-0.0431 -1.7843
-2.8816 5.6842
1.5130 -5.9633
1.8029 -0.3714
-0.5380 -3.6241
-7.1112 1.0072
1.6242 -0.9105
1.8834 1.5563
-0.8284 -6.6901
1.8104 0.6577
-5.5766 0.4072
0.9775 -4.5562
3.7060 -4.5879
-5.3249 -6.0420
0.7381 -3.4076
-4.0123 -4.3906
4.5451 -2.1643
2.2765 1.9028
2.1730 -5.3428
-4.0519 0.8560
-7.4368 -3.3841
-3.1710 -0.6676
2.0378 -4.8435
-7.6881 0.6276
-4.1969 -4.4724
-4.6576 0.4870
-2.6973 -0.6928
2.9028 -2.3711
-10.1326 0.8680
-3.7283 -1.9225
2.5386 -3.1834
-4.8094 -0.9651
-0.8850 -3.6676
-5.8357 1.0430
-1.8858 0.8647
2.8987 -1.4187
1.4915 2.8681
-5.0985 -2.4241
-1.8072 -1.4417
-2.3433 -3.5192
-2.1937 -1.2330
-3.8457 -3.6554
-3.3327 -3.0221
-0.3258 -2.0640
-4.7963 -5.0779
-3.6026 -2.4875
-2.0179 -2.3707
-1.3785 -1.7238
-3.9278 -3.7990
-9.6636 -7.2499
2.4881 -6.3702
-3.1706 -0.2939
-4.6133 2.4204
3.7659 -5.6980
0.3355 2.1541
-2.7253 -4.0238
-3.8040 -4.6244
-3.9182 -5.5776
2.8621 -3.9222
1.8281 -1.5701
-0.4568 -0.5732
-0.7822 0.8620
-3.2724 2.3364
1.3540 -2.0852
2.4238 2.1709
3.1445 -0.6358
0.1360 -5.4452
3.1887 -4.2348
-2.3637 -1.6184
-6.3121 -2.6329
1.6152 -4.3586
0.9499 -3.9321
-5.1678 -3.1144
-7.1081 -8.7519
-7.1120 -0.3381
2.0636 -1.4405
-3.3125 -4.5106
-1.6353 0.3344
2.6754 -8.3387
-2.5112 -5.2419
0.3303 2.2165
-2.3075 -4.0654
1.7902 -1.4343
1.2241 -7.0482
-3.5129 -2.0984
-4.0207 -4.1933
0.0120 2.1178
-3.4489 5.3346
1.1119 -1.8177
3.1672 0.6410
2.5017 -8.2584
-4.4501 3.0873
-4.7100 -1.4306
-1.5780 -1.2818
-7.7383 -0.5208
-4.7406 -4.3702
2.4009 3.1875
-1.6274 -2.3982
4.3732 -3.1694
-0.5807 -0.9903
-0.9571 2.7181
-2.6284 -3.6965
-2.0459 -6.1172
-3.1189 -1.8068
0.6800 -7.6263
1.8131 -5.1655
-1.2620 2.9965
-1.8023 -1.1930
-4.0845 -3.2687
6.6028 -2.7340
2.3332 1.0988
-3.0617 -5.3068
-1.0932 -4.6695
-0.2178 -7.6278
3.1925 -4.6631
2.1438 0.9664
-5.3097 -1.7340
3.3778 0.0237
-0.0522 -4.1391
0.1858 -1.3051
-3.0738 -2.2832
-7.5916 -1.9880
-4.4499 -2.4356
-5.5418 2.4240
-1.2752 3.4374
1.6038 -7.6481
0.3769 1.2823
-2.6434 4.2368
4.1448 1.6112
4.0145 4.0440
-3.8708 -2.6238
0.7248 -2.0462
-2.8442 -3.2635
2.4473 -3.3428
2.9864 -5.2620
-2.1936 -4.8637
3.0724 1.6565
-1.1806 -1.0956
-4.8089 -1.7294
-3.9718 0.4250
-3.2412 -2.5129
0.1090 -4.8949
0.0720 -1.4306
-0.7827 0.1739
4.9214 -5.9306
-2.2275 -4.0182
-4.8605 -3.7428
2.0123 2.5463
2.5288 0.6131
-1.1251 4.3991
-6.6117 1.4789
1.5674 -7.2799
-3.3777 -8.9514
-4.3647 0.9018
4.0594 -5.6801
2.3783 -3.1766
-4.2566 -3.0125
-0.9230 -3.7366
-4.3381 -2.6216
0.1969 -2.4058
1.5971 -1.9236
-5.4934 -1.6560
-2.3822 -4.4674
-3.2741 -2.3460
-2.0837 0.0851
2.3044 -2.3039
3.0255 -1.4513
-1.8078 -2.8743
-2.6927 2.0703
-1.7396 -3.9555
0.5826 -5.2589
3.4249 1.4876
1.6101 0.4377
4.3628 -4.3369
2.7119 -3.1760
-0.9965 -2.6106
-5.3287 1.9384
-4.1791 -3.7346
2.5902 3.9118
0.7245 -3.1926
-5.8171 0.1405
1.4544 -8.2286
-4.8892 -1.0504
-7.3291 -7.3059
-0.3094 -0.2075
-3.0752 -0.8793
-5.9452 0.2019
-5.7397 -7.9558
-5.7090 1.6963
-4.2537 0.2672
-4.9013 -3.0244
1.9797 0.7462
-2.3126 -1.4352
0.8423 -4.7235
0.6576 -5.2830
-0.3779 -1.3089
-2.1472 0.0919
-3.3141 -5.6225
-4.8607 2.9159
-5.7947 -1.8204
-5.9011 1.5966
-3.2489 4.9272
-3.0997 -0.7565
-3.4770 2.9726
-0.7833 -7.6921
0.3470 -6.0820
-4.4331 -0.2569
0.4854 0.5787
1.3373 0.1779
-0.4788 0.9972
-1.8111 2.7586
0.1716 -0.3981
-1.1839 3.8746
-2.4734 -1.1150
-1.5068 1.3361
-4.3642 2.3190
3.4084 -4.5125
-1.3915 -2.8666
-0.0539 -2.0170
-2.8150 -1.3781
-3.7537 -0.1418
-6.1197 4.0724
4.3760 -3.0652
-3.2884 3.5382
1.5164 -3.4936
-0.4164 2.3289
1.1040 -3.6628
-5.7431 -4.7165
-2.8075 -4.1109
0.9131 0.7592
2.6351 -3.5321
-2.7587 0.3960
-3.8142 -1.4179
-1.0953 -0.2564
-3.2013 2.9634
-3.2922 -2.8935
-6.1890 -6.2744
-5.9284 4.1294
-2.0287 -4.5456
-1.3075 -3.0694
0.2551 -0.8429
1.8419 -1.7859
-1.8012 -0.8612
-0.7868 5.0882
0.5855 -0.1050
-2.3459 -11.9413
-0.1782 -6.8006
-2.0999 -3.8126
1.0102 -2.6756
2.2723 2.2832
6.2913 0.4191
-0.9673 -6.8141
0.7755 -0.1289
2.4066 -6.8506
0.9400 -5.9549
1.4999 -0.6386
-3.7900 -9.6741
5.5440 3.8299
1.7083 -3.9723
3.2241 -2.1047
-2.4262 -2.7310
0.9603 -1.3322
-4.7221 -4.5300
-0.2882 -3.0376
-2.9096 -6.1282
-6.1575 2.7206
-1.4390 -0.1758
-6.6055 0.3048
0.8607 0.9439
-1.1222 1.0603
2.0033 1.7427
1.4331 -2.6427
2.9587 -4.6637
-3.8483 -5.8642
3.2697 2.1520
-3.5956 -3.2579
-2.2327 -1.6153
4.4983 -4.2107
0.9657 -4.9866
0.1610 -3.5364
-6.9478 -3.0034
-4.2229 -0.3988
-5.8852 -2.4698
-3.2493 -1.1653
-2.9957 -0.4782
-3.1541 1.5182
-1.7224 1.4370
-5.5662 3.2302
-2.7227 -7.0208
-2.9521 1.9036
0.3800 -3.2522
-4.7301 7.5180
-7.1960 -5.2662
1.9046 0.9044
3.8934 0.8504
-5.8549 -5.1285
-6.7915 -5.1976
3.3276 -3.8933
-6.0081 -2.0975
-1.5834 0.6277
-5.4032 -0.5869
2.4743 -1.8833
-1.1540 3.4949
-1.1630 -6.7866
-0.0548 4.1638
-4.6342 1.2257
0.7298 1.4160
-1.3829 3.0670
-1.8506 0.7412
-4.5491 -5.9739
-0.7228 3.3318
1.8648 0.9089
-2.9271 0.8227
-2.2937 -7.7818
1.6683 3.8276
-1.3421 0.6322
-1.0212 1.9739
-1.4134 1.4881
2.8278 -5.3949
-1.8275 1.3736
-5.0503 1.4514
-5.5277 -3.7334
-2.5479 -4.2638
-6.1523 -4.1726
-0.3080 1.0398
0.9184 -6.0519
-0.4457 1.9497
-5.0794 -0.2403
3.1285 2.2550
-2.9326 -2.9899
-2.6341 -6.7223
0.6190 -6.3109
-0.3627 3.7321
-4.0522 -1.6322
0.4240 -0.4471
-1.5169 3.2047
3.7725 -0.7860
3.0261 -5.8243
0.5620 0.9048
-4.4839 -2.7100
3.3338 -0.0918
-3.0206 -3.6434
-0.9032 -2.0998
-6.0944 -2.8230
2.0854 -3.7156
2.4343 -2.3474
-4.4959 -3.6722
0.8731 -2.6947
-4.9500 3.2356
-3.1161 -3.3228
3.4288 -5.7838
-5.0304 -3.8508
4.2018 2.7804
-1.0703 -4.8569
-2.5470 2.7721
-1.1204 -1.5705
-1.8843 -2.5082
-6.1298 0.0392
-3.4615 -8.5472
-3.5913 0.4044
2.9100 2.8315
-0.7550 -6.5422
-3.9311 1.5664
-3.7813 2.3043
-3.3260 -3.7595
0.8064 0.9764
-3.5477 -3.7714
4.9047 -3.5846
0.2345 2.5066
-0.3192 -4.4364
6.0808 2.5475
1.5491 4.4800
5.8840 -4.8346
1.4445 -3.6454
0.8090 -1.8549
0.2337 -9.0971
2.5881 -5.0406
-4.6871 -5.6439
4.0745 -0.6018
0.7536 -3.2797
2.6414 -3.8968
-1.1029 -0.8383
-3.8284 -7.8536
4.5106 -3.1815
-4.4915 -2.4858
4.4746 -4.1658
2.9583 -4.9852
-1.3085 1.6488
1.6971 -2.1760
-0.9119 -1.6547
-5.4673 2.2526
2.1167 0.1031
-5.2758 0.0196
-2.5559 0.7463
-1.7579 -5.3224
1.0533 2.6462
-6.0339 -0.5934
3.7392 0.6241
-4.5688 1.8952
1.9121 -2.5922
1.8200 1.5328
-1.1880 -3.6143
-1.5482 1.3243
-3.2546 -6.5631
-7.1285 4.0409
-3.4256 4.9649
-0.3141 -0.2288
-3.3676 -5.0269
0.7152 -1.1460
-3.1255 2.3755
-0.6683 -3.0795
3.3982 -3.0068
-4.4076 2.4535
-2.9667 1.2638
-3.0868 -2.4010
-2.9992 -7.6489
-5.8032 2.8420
0.1823 -0.6019
-1.4140 2.1831
-4.4199 2.4193
-2.1098 1.8619
-8.0025 -2.6940
-3.2934 0.1413
-3.5354 -1.4004
-1.0635 -3.3939
0.6113 2.7565
-4.5274 5.1339
2.0267 2.6762
-1.5136 -2.0492
-6.4879 2.8781
-4.2902 0.0963
-6.8580 -0.3408
-3.6796 -3.6224
-5.3416 -4.5151
-5.1147 -4.4632
-1.7302 3.4466
0.5379 -3.8789
-4.8399 2.6369
-3.5474 0.0691
-3.8581 -4.1333
3.1267 0.6112
1.2839 -3.2990
-4.2365 3.6314
-5.5030 3.4534
0.8859 4.3225
0.9660 0.0740
-4.3604 -5.2644
-4.2776 -0.7486
4.5873 -5.9910
1.1714 -5.4220
2.1711 -2.3688
1.9111 1.0053
-7.0061 -4.4720
0.8574 2.4236
-4.0543 -3.2018
1.0640 -5.2514
4.0521 -7.0746
-3.4219 -4.0681
-5.6808 -6.7385
2.0792 2.6004
-0.3357 -0.0857
-6.4463 -2.3089
-2.3737 0.5736
-0.0011 -2.7123
-1.4950 -2.4667
3.3171 -2.1765
4.0939 -1.6823
-2.9225 -9.5698
-0.6830 -1.9286
-5.5070 -4.0964
0.5004 -5.0776
-7.2575 0.0634
-1.5031 1.4637
1.3171 -3.1944
-6.9473 -5.9106
1.1456 -3.6503
-3.4922 -2.7193
-1.9377 -2.0807
-0.7786 0.1290
-2.3104 -1.2446
-1.0388 0.3764
1.6248 -5.4438
1.6829 -1.9204
-1.9334 -3.0856
-6.1332 1.6498
0.2929 -2.3851
-0.7753 -4.8131
2.4157 -0.3152
-1.9921 -3.2287
-7.8795 -10.4488
2.1225 3.1742
-1.2231 3.8607
-3.0671 2.0708
-1.0851 -6.3008
-4.0840 -5.5387
4.7180 3.8327
-5.4218 -4.5571
-3.3186 -4.8330
4.9471 1.5910
1.6594 1.4910
-4.9979 0.4720
0.0229 -4.6365
-6.1699 -2.7267
-1.3444 1.9904
-7.0961 3.3791
-0.4438 -5.9429
-0.8969 -3.3572
-2.3480 -0.2289
2.0908 -2.4177
-4.1055 -2.5198
-2.4760 0.5967
0.8972 -7.6738
0.3529 -5.4367
-0.7533 1.0317
-3.8246 1.5812
-3.1729 -5.1131
-7.3780 0.6676
-2.0801 -3.2088
1.0971 0.5833
3.4956 -3.0162
-2.9644 -3.4150
-2.4999 1.3916
-4.2719 -0.9122
-0.9777 1.4555
-2.0931 -2.3828
-2.9395 -0.2978
0.6218 -6.3279
0.6744 2.5456
2.9711 -1.4602
1.8679 -2.1594
-4.2224 -4.2379
1.7103 -3.0250
3.0818 -3.2059
-0.4568 -2.8780
-5.0218 -6.6446
-3.3497 -5.9938
7.1821 1.9726
-5.4360 -6.5000
-6.3785 8.9312
7.3516 -4.5026
5.5537 -9.8458
1.7510 6.2382
7.9959 8.0593
7.0262 -7.1526
-1.8695 9.0487
8.1417 5.1133
8.3725 6.2334
9.0947 8.4715
7.8032 5.1648
8.4671 10.3670
9.1032 -5.8739
7.2610 -1.9428
-1.5689 9.1457
11.1338 10.2789
-8.6427 -1.7880
13.9629 9.2135
7.5432 7.0140
7.5086 9.4099
-4.5313 4.1090
5.1639 -6.1690
-3.5427 -1.6384
6.6407 6.7187
7.1448 4.3942
7.2151 -5.6121
4.5276 7.9622
8.8019 -2.1564
10.5348 6.4484
6.0437 7.0463
9.5084 6.5272
7.1199 6.1716
5.6068 6.3321
-6.3148 8.4053
9.3489 4.3435
9.9117 -6.9715
12.9181 -1.3019
11.3462 -2.2120
3.6485 -1.6379
6.8996 10.2828
-9.7051 7.4930
10.0926 7.1111
6.5220 9.8279
6.9433 8.8356
6.5736 8.9999
9.4810 3.2912
8.9485 6.6080
-2.5623 8.8034
3.4511 10.0620
8.6490 8.6002
7.3106 9.3154
5.7174 -1.8829
9.3282 6.1444
9.2621 5.7884
-1.8834 5.9198
-3.2745 7.4120
9.2687 5.5477
-1.4021 6.3969
8.6561 -3.3397
5.9917 9.5415
7.2155 7.2199
7.0123 5.3609
7.3507 4.2372
8.6781 -2.2696
-7.8724 -5.2135
8.9510 -6.7112
8.2231 12.9710
-6.8792 6.6082
-3.1542 -2.5446
-1.7577 7.1693
-1.7657 -8.3063
-3.6671 7.6988
11.6954 6.8830
-8.7306 6.2893
6.1134 13.8319
-6.5499 -7.6940
9.8914 7.3758
7.5511 8.7306
-1.9228 -1.3465
11.5460 -1.8215
10.4801 -7.8773
8.1936 7.2194
11.5236 4.7887
6.2480 -1.7913
-1.2953 3.9839
-2.2591 7.9641
4.4480 8.8427
6.0714 5.9813
8.4674 11.2739
7.8601 4.4684
-0.9221 4.9830
3.4184 7.0453
4.2310 9.2070
8.3003 5.2348
-2.3066 9.4070
6.4345 -6.9658
4.5244 -1.5165
8.8469 -8.6431
7.5271 5.7588
-1.6997 4.7556
6.1849 -4.4782
8.4231 -5.5002
-2.1602 11.9832
7.7279 -4.7753
8.6792 10.8533
8.2361 9.8573
6.1651 7.2940
-2.0919 5.1323
6.6418 5.8819
7.2821 -4.8306
-6.4435 10.0678
6.4280 9.2093
7.0887 5.6236
9.6324 -0.5404
-7.1584 -2.4212
9.7893 -3.5188
7.6697 9.2166
-2.2583 11.0192
-6.7488 7.6335
4.0816 -6.5481
8.3396 8.3678
10.6459 -3.0330
6.1116 9.8964
7.3549 -1.5884
0.4629 10.1374
6.3857 5.5563
2.9042 -2.3498
6.8400 9.1806
-2.6937 5.7168
2.2064 7.8574
8.4305 8.8587
11.3665 6.2401
3.9158 5.1368
-7.6126 6.2167
-2.0706 2.4269
6.8517 8.3001
6.2841 -2.5530
6.0993 8.7650
6.9515 3.0932
8.6839 4.8791
9.7001 8.8248
5.6417 9.4813
7.1413 8.8539
-3.9294 6.8320
-2.1773 6.5936
-4.4841 8.6277
7.1818 -1.6659
-1.6637 5.3170
6.4718 9.7379
10.9074 -4.3011
8.3303 -1.4020
6.6653 -2.5463
-6.7014 10.5008
-1.6585 8.3923
-7.6787 9.0912
9.4112 12.7788
5.9197 6.2631
8.4706 7.0145
5.2325 6.1465
-1.8786 5.5912
1.7423 11.1351
9.6868 11.3706
5.7692 7.3803
-7.3242 -5.4872
-1.2692 9.1387
5.0936 6.8800
5.3503 4.6448
-2.6002 10.2648
-4.3446 7.5088
-4.7920 3.3519
7.0160 8.5280
6.3398 8.9253
9.5062 6.3452
-3.4867 10.4499
6.8056 9.7564
7.5280 5.6385
8.2566 6.2266
3.6178 6.5332
11.9706 8.9470
9.1001 -1.7788
-5.0596 7.2632
-3.2417 7.1148
11.1628 -8.9489
-8.0662 9.4461
7.5427 9.3112
6.1437 8.4972
5.8677 -2.0078
7.7176 7.8059
-8.5719 5.6934
6.8115 8.0348
4.5790 6.9704
6.8628 8.1420
14.0555 3.3659
8.4639 4.9969
8.4386 7.7380
6.0928 7.2416
6.3189 -1.7560
3.7934 6.8017
-9.9566 7.5099
4.5752 8.4932
-1.7880 9.1772
7.1754 5.4405
9.9912 7.7618
-1.9642 -1.6036
9.0795 6.3126
7.2992 -7.2520
-2.1947 8.2468
-6.0151 5.9717
-7.7679 -1.9495
6.6089 5.5279
-7.0027 -7.4344
7.9326 7.2776
7.2137 -4.5196
-1.9663 -4.1300
-2.5012 6.5872
-5.0306 7.5090
-1.5443 6.3902
-6.2449 -7.5471
-3.0705 3.7851
3.1849 -1.1120
5.5945 8.8130
8.8908 9.1236
9.1182 4.5010
9.2617 -2.7586
2.9325 2.9760
8.4768 4.9140
10.7030 8.4376
4.6158 7.8139
9.7511 0.5377
5.1631 -2.2879
-8.4405 -1.7287
6.4176 -7.4949
-2.2692 -7.0792
7.8777 -3.7350
5.0710 -1.1459
10.1729 -2.2347
7.1933 -9.9740
7.4003 -2.3442
-1.4410 6.3598
4.7156 8.1719
9.0599 -7.6610
-1.8362 -4.4602
-0.6534 5.0428
-1.6426 8.1739
-5.6081 6.8330
7.0714 6.0154
6.1233 -7.1600
-8.0866 -5.0136
7.8039 9.4220
-0.1850 6.5729
8.2524 9.2747
9.2962 7.1660
8.2697 6.7088
10.5269 -1.2446
-6.2946 -2.5212
5.6913 8.2245
7.5222 -1.0235
-5.3089 -3.0808
8.2702 4.8649
5.5968 7.4952
6.1910 5.5331
4.5737 7.8990
6.5895 3.7816
-2.1848 4.5533
8.0598 -1.4592
8.5234 5.8598
3.8004 6.8767
3.8243 8.4281
-7.4194 9.0165
7.2974 7.7238
1.0275 5.3053
-8.3848 -10.2188
6.8830 -10.3119
-2.9213 13.9907
-4.1760 -1.9893
9.2842 5.9195
4.2313 8.8333
9.4311 6.8560
7.6922 8.2739
-7.4292 13.0670
-0.2216 10.2396
5.1820 7.3685
8.6732 -3.2171
7.3899 6.8058
5.7271 8.8182
10.2594 8.6190
5.0318 4.3103
3.8659 6.8754
-1.4453 7.2730
-1.7067 6.9699
-1.1995 6.7625
7.1017 4.5058
8.0996 5.6273
5.7537 -1.7071
7.8880 8.4412
5.0400 4.5066
10.0223 5.8857
9.8241 8.4339
7.6100 7.0060
11.7111 0.7199
-7.1806 -6.0868
7.2568 -4.6360
9.0252 6.5554
10.9711 -5.9190
7.8678 5.1135
3.5745 -2.3829
-9.2630 10.4069
-0.9259 4.5805
5.3063 5.4372
-5.3174 2.6672
9.0238 -3.4863
-4.0005 7.8313
-7.2923 -1.4986
5.5085 7.2302
-6.5972 -3.6090
6.5079 7.7393
12.2514 8.2412
-2.1682 7.2329
8.1817 8.8782
5.0447 7.3806
4.2395 -2.3339
6.9421 6.4529
-9.0990 3.7577
-1.9485 -2.0706
-1.7445 8.1640
7.2608 5.8385
5.6603 9.3842
-5.7401 10.2698
8.4208 9.5414
-6.1238 12.8367
7.4013 6.7362
8.8653 6.4096
-1.4091 9.3631
-6.4217 7.1825
-5.9320 6.0610
6.7393 -4.9488
6.4888 1.8104
-1.5287 7.4999
10.1460 3.5318
6.1922 6.6738
5.5471 9.0403
8.0948 5.4119
7.1607 8.3778
5.0521 -7.0789
-1.7986 9.8707
8.4523 8.6096
8.2178 10.9442
6.5489 4.1874
10.1364 5.3567
7.9971 -1.4509
8.6385 10.4250
8.1602 6.8840
2.2168 8.7508
8.3065 -6.9958
8.2220 8.0577
4.6781 5.7459
10.4843 8.5190
8.1778 7.1425
-3.7917 7.4839
7.8928 -1.6885
8.1914 -2.3057
8.0171 6.2048
-2.1563 8.1262
7.7645 -3.5050
6.8162 8.1328
-1.6413 7.9081
-7.7491 -2.3173
6.4205 9.3419
7.5407 6.2317
7.6520 6.5176
8.4675 11.8957
9.0597 8.8370
7.6914 8.0681
-7.0442 8.2817
10.1548 9.4497
7.5731 6.4657
8.0933 -2.0989
-7.8857 7.9229
7.0725 -7.3803
3.9052 -1.3915
7.5051 6.1787
6.4587 -1.2888
8.8862 10.5313
9.4606 -1.3365
7.7415 7.9282
8.5217 -5.5969
6.3208 6.3247
9.9870 7.7327
4.7960 9.7251
5.0553 -1.8443
-4.1545 -1.6933
6.1920 9.0665
7.6276 8.4623
5.8571 7.9758
-2.1137 8.4142
4.7574 12.7612
-1.4063 4.4905
7.5431 7.8686
-0.8336 -7.5732
-2.1692 3.5210
8.5430 9.3152
9.3821 4.3008
-0.9513 5.3200
3.9010 5.4103
9.9830 5.5450
-1.5590 7.4730
-6.3259 7.6705
6.6476 -0.3234
6.5274 7.3332
12.4210 -6.0783
8.8909 13.6207
8.6576 -1.7385
8.3600 7.2205
10.2911 -4.7194
8.6907 6.2346
9.6629 9.4642
7.0344 6.8669
-2.0626 -6.7154
6.2079 5.9310
5.3872 5.9663
7.0977 8.3606
6.8848 6.4643
9.6516 5.3128
2.8613 9.5887
7.7395 7.2456
-1.6074 -1.4361
6.2046 2.6658
-1.3589 6.2109
10.6723 5.7526
7.4351 7.0390
-1.9272 3.9443
3.9393 -6.8470
7.4824 7.7635
9.2498 9.4224
6.1076 -1.8163
-1.7736 4.1422
-4.1912 -5.1927
7.2969 2.2263
5.6545 8.9056
8.7221 3.5764
-9.8361 8.4512
5.9756 7.4868
6.3580 10.3114
4.3869 6.2458
6.9302 6.1003
-8.3994 9.7607
6.0272 6.7509
3.7638 -6.3272
-10.1730 -2.0566
-2.1186 -1.5794
-1.7266 5.0447
-6.1925 9.6085
-2.9010 5.6775
6.9703 9.1747
6.0457 6.8992
4.5169 4.9252
-7.6404 9.2542
9.5260 -1.6927
6.8725 -1.7186
-5.7534 -4.3043
-4.5197 -7.7309
8.4568 0.9338
9.0758 10.8508
8.1579 9.8128
12.4493 8.7229
7.0219 6.6773
11.2478 8.0193
3.1102 4.2161
2.8537 4.3434
6.7920 9.5719
-2.3802 9.3006
-5.1886 7.6406
6.8724 -3.3812
8.8964 6.8319
5.8735 6.8794
-2.1523 11.0984
-1.9812 6.7622
7.5998 7.8272
-2.1626 8.3373
8.1457 5.7905
8.0832 8.0346
-2.1833 1.9892
10.2902 -2.0186
-1.8375 6.6158
10.5122 0.6559
-1.6329 -8.1784
5.9494 6.1376
-7.4523 5.1381
3.2094 7.5211
-1.5167 3.6196
6.6449 -2.3736
12.2193 8.6507
-1.9809 4.5732
7.5616 -3.1114
4.6746 10.3704
4.8129 -1.5412
6.6769 6.8014
-1.3979 -8.9176
7.3873 4.4037
6.4482 -2.9582
7.8913 6.4820
-1.2959 8.0858
8.5379 6.3947
8.3771 4.5209
4.1631 6.1526
6.9232 8.4962
9.5171 -2.1898
-7.9598 -8.9879
6.3479 7.9560
5.3200 -1.3299
8.5019 3.4050
6.1702 6.5129
7.8575 7.2385
8.9944 6.0474
8.5042 6.0442
-1.8172 7.0921
8.4769 -2.1769
9.7754 6.6639
7.1794 -5.2158
6.5360 6.4340
0.2436 6.8717
7.0297 9.1212
7.7680 3.4521
6.7990 9.0406
4.5318 8.2794
7.9166 -3.3694
-1.7401 2.0875
11.5019 8.3476
-1.1515 -2.0358
5.9115 8.4937
-4.5211 -2.5733
6.5596 7.2191
-8.3373 7.1928
7.1940 5.1469
8.0297 7.1653
6.5857 6.2367
6.7692 -1.6647
6.9519 7.9024
-1.5621 6.9200
5.1873 6.6121
-9.2408 5.6991
-2.1297 -6.9977
12.1975 6.3998
6.9520 -1.9743
-5.0626 6.5287
8.3341 8.3001
-5.4493 8.3875
6.3692 6.8501
-8.8337 6.6626
5.7476 -7.5951
6.3205 -1.7713
7.3084 7.4371
-1.2350 6.4309
10.4958 -1.9434
-5.2388 8.7136
3.1332 6.2799
5.7312 8.1762
11.7336 9.2637
8.4292 -1.9231
6.8992 -9.8452
-1.8475 5.8270
7.1317 4.0729
6.6042 7.6281
6.6158 9.7658
10.1252 7.3967
-1.7634 7.8945
6.9631 -1.8420
3.5477 -2.1670
5.7272 9.0387
8.0147 8.7111
6.9123 -2.0748
-8.7538 5.8153
12.0942 4.8034
8.7105 3.8417
-1.7286 5.2594
-1.6686 8.9604
4.1463 -6.6428
7.2182 7.2798
8.7133 9.7165
-8.0559 -7.4959
9.6455 8.2256
7.9417 -1.4154
9.7015 5.5990
-2.4648 3.7585
-8.2501 6.6489
-1.2344 7.6924
-8.6964 6.4068
-1.8641 1.8190
7.1983 8.2752
7.1254 7.0554
-2.0974 8.1750
7.2689 -1.6358
6.3263 8.3912
6.6892 -5.1958
-8.1076 -2.2573
-2.1058 3.7235
-8.5962 -5.2288
5.5342 8.5556
8.0235 10.6681
6.3598 -8.0325
5.7769 5.7026
10.3573 2.8728
6.8032 8.0884
5.9082 6.7876
5.6608 10.6913
-5.8044 6.0562
2.4264 -8.6651
5.1668 9.7743
8.3102 7.8791
-2.1611 10.7590
-3.3908 6.3306
9.3547 6.7238
4.5376 -7.0950
7.6307 6.1605
8.8608 7.2868
-7.7500 7.6267
-5.7495 7.6812
9.6336 7.7577
8.3527 5.0297
7.3541 7.5062
7.7011 6.2480
-5.5126 8.2322
6.8353 7.8647
7.0638 8.6903
7.0223 6.6297
7.9813 10.1846
7.0709 6.5077
-7.3797 5.9825
6.6214 -8.3942
6.9666 8.5222
-1.2207 13.0802
7.0862 7.3002
6.8533 9.2539
-1.9768 5.8860
6.5738 -2.2762
-2.3670 5.7198
-1.8336 7.1465
5.3943 -8.1174
5.4981 10.9091
8.3600 7.8470
-3.9009 6.6420
5.6351 10.6260
-2.4301 10.1697
5.0382 11.4012
-6.8554 -1.9718
-1.8016 -2.7438
-2.4884 -8.2057
8.4402 -2.2310
-1.6306 -6.5638
5.4723 7.2531
5.7846 -6.7910
13.7436 -2.0791
6.5017 6.2116
11.0949 7.1467
8.5463 9.5094
5.7799 -4.1102
7.2735 10.1366
8.1959 5.1763
-1.9076 8.2609
6.1037 6.3122
8.4256 5.6942
-1.9779 8.3280
11.3025 6.6066
4.2960 5.9987
7.8312 -5.2178
8.4953 5.9775
7.9631 7.4246
-5.1082 10.1821
6.5831 8.2636
-6.6959 4.0595
5.8903 5.3790
7.5434 5.5684
9.4208 -1.7916
10.5812 12.7814
7.1707 -2.1426
4.9752 8.8262
7.1900 4.1755
5.1403 6.0898
-1.1184 -2.7361
2.4248 7.6815
6.1277 10.5333
4.8246 5.7135
8.4850 7.8516
8.6866 6.3579
7.7449 -4.7907
3.5034 5.9726
6.0773 7.8961
-7.0994 8.4096
9.2541 -0.0178
-1.7490 0.8808
10.6035 7.8560
4.2679 6.9413
8.4448 7.7732
-6.9390 7.2361
-3.5868 6.9683
8.0671 8.5346
-3.2760 -4.2587
6.9919 7.7153
6.1129 6.3504
6.0688 8.7928
7.1458 8.1560
-3.8820 7.0699
7.4322 9.3992
8.4257 12.8059
-3.6625 7.2056
6.8315 5.0008
10.3678 8.6068
-1.9745 7.5587
4.5617 7.7200
10.0066 12.0744
-1.8657 8.7754
4.8350 -2.4096
6.1649 -3.5758
-7.0781 8.2845
7.2079 6.9949
6.0428 6.1027
-1.4271 7.4113
6.1028 5.5096
8.7390 6.4765
10.9045 9.4451
6.2981 3.8474
8.5084 -1.4143
8.4275 8.1984
6.4734 -2.0086
6.0714 8.0668
4.9177 6.0278
5.7591 0.4471
8.3376 6.8037
11.5005 5.8810
-8.3371 -1.2517
7.9302 -1.7485
5.8338 6.1554
12.7488 10.2028
-7.2332 9.8871
8.1894 -6.8654
-2.6022 7.0109
5.6603 -2.7246
-2.8659 7.1656
-8.7243 7.5112
-3.3773 -3.9741
5.7391 -1.5279
9.5543 7.6137
6.8843 9.3538
7.6063 9.7167
7.5568 -0.9159
0.9135 -5.6471
10.4618 5.5525
9.5526 8.0097
6.5567 2.8186
-7.7214 6.4424
9.8586 -7.7800
-8.1551 -4.2225
11.4848 9.2799
6.0884 6.2962
6.1936 -7.4706
5.8207 8.8853
5.5686 8.4936
7.3290 -6.0871
-9.9023 7.4164
8.1137 -2.0582
8.8423 7.4653
6.2942 -2.3521
-8.1618 7.7662
7.3087 4.1492
5.5593 -3.3506
4.0108 5.2267
6.2665 5.7001
-7.4495 -6.6813
-8.0855 6.8688
10.0452 -6.5608
7.0809 7.5871
5.6204 -2.9039
5.1008 -2.0392
-7.1476 6.5307
6.8424 4.6162
5.0270 -3.8630
7.9286 9.6992
6.8068 -5.3881
2.4875 6.8846
6.7444 -1.8310
13.7188 7.3360
7.6620 -2.4095
7.5707 6.8020
2.6140 10.1038
1.6494 5.3901
3.2320 -2.6697
7.5173 -6.2326
-2.3963 -2.3652
8.5932 9.3346
9.0866 6.1269
4.7967 6.4034
-5.9968 10.5538
9.8904 8.0106
-8.6411 6.8025
9.4289 -3.4370
-4.7347 3.0572
4.3514 8.4111
8.0238 3.3585
8.4944 -2.1487
7.3920 9.2741
8.6728 -1.6153
-2.2632 -6.2951
7.3041 -6.9007
4.3418 1.4213
-0.5311 -2.0436
-10.0188 6.8869
4.5970 -1.7738
7.2641 8.3155
-8.3028 -4.4364
7.1531 5.9971
7.0615 8.1587
5.5216 7.5467
5.4727 8.3451
9.1208 8.7743
8.2560 7.0756
4.6877 4.6657
10.6835 4.2656
-3.9951 6.0905
-3.9589 -1.4506
7.5915 10.0507
-8.7475 5.2498
-5.7310 5.4087
6.7866 5.7485
5.7503 -2.6304
6.2194 6.8801
-4.6837 6.1597
7.3106 -2.2647
-6.0138 5.8708
6.5153 7.7367
8.1427 -2.9861
-3.5848 6.5538
9.8454 6.7075
-2.0048 -1.8941
9.0070 7.3206
-2.1365 8.8521
7.6441 6.7510
7.1719 -0.9470
6.5416 8.1946
9.4977 6.9387
-6.4625 7.3075
-1.1343 -10.8808
6.5812 9.2091
7.9175 8.9059
9.3002 -7.1336
8.2712 6.7637
9.0604 -4.5795
6.0979 4.7596
-2.2318 -5.1933
-0.2045 7.4584
4.7953 -1.8202
9.1329 -2.5069
-6.2456 6.8828
-7.6211 5.7441
12.0938 5.8166
10.0700 -4.7469
11.2669 4.6625
-3.1388 6.4345
5.8343 7.5645
7.1775 8.1059
8.6569 7.0454
9.6261 11.3266
7.3071 6.3612
3.7380 6.8357
-1.6748 -6.1090
7.3398 6.1191
2.8917 5.0886
8.1197 8.7216
6.3451 2.5657
9.0390 5.3800
6.1132 8.2421
5.2340 6.2824
-2.2290 -4.5539
5.7357 8.0459
11.5953 9.9512
6.3695 -1.4497
3.6844 4.9267
6.9140 -1.5045
9.1783 -4.1708
-4.7039 11.4903
-6.5215 8.6978
8.5803 9.2197
8.3162 -3.3739
4.8028 5.9994
6.7572 7.1164
4.6731 -1.9628
7.6692 4.9437
5.7370 -1.6329
-6.1372 -2.5125
11.2470 -4.8543
6.3535 8.4460
7.5308 7.6792
9.1719 5.9027
5.4139 4.7664
9.8109 4.9438
8.6513 5.7022
7.9893 8.4698
7.0398 7.0706
-7.7986 6.6602
6.4261 -5.1634
5.7653 5.7574
-2.0894 5.9508
6.5424 -2.9760
7.7502 3.1673
-2.1448 9.5382
10.8185 7.3423
4.8013 5.9378
12.5563 5.3731
10.2854 -2.4028
7.3686 5.3160
11.4347 10.1015
7.5955 -8.1506
8.9109 5.8560
10.0348 -4.0493
11.5715 9.9295
5.5745 8.4270
-5.3811 -0.2044
4.7265 -7.2488
7.2616 -1.5131
5.9700 6.1867
-1.8008 4.0224
8.3092 10.1377
-1.4263 -8.4327
8.2801 8.1506
7.0930 -5.4214
7.4265 10.4458
-2.3910 6.2356
6.1864 -6.5015
-1.9339 4.8864
10.6590 -2.0613
6.7848 8.8267
-8.2106 6.2198
10.1026 7.7280
-5.9410 3.5311
6.0457 8.8918
9.0921 -1.1135
-8.0386 -7.5826
8.9643 7.7255
8.6465 9.3341
7.0927 6.9453
-2.5243 11.7704
3.9369 4.5680
13.4542 7.8367
8.4539 7.3410
8.3548 6.3146
6.1507 7.8561
-8.6626 7.6560
-1.2682 8.5898
-1.7188 -1.5043
4.3631 5.2939
8.9120 7.4944
9.7348 6.6773
5.1605 5.5633
7.2231 -7.8770
6.7454 -4.8953
6.7362 6.6709
6.5385 4.6195
10.8298 -10.5336
-6.9235 6.5986
10.6686 10.1806
-2.4894 -2.6724
7.7459 -1.8061
5.3736 5.4032
8.7388 8.4686
8.5452 6.1559
8.9015 8.1913
-6.7163 7.6975
7.4261 7.8115
5.9530 5.4744
1.5906 5.8916
8.2860 12.9254
6.5656 10.7531
2.5630 -1.9949
-7.2827 7.4274
11.2879 0.2447
3.6859 8.1337
5.8882 5.1053
8.5063 6.9825
10.3670 -5.0386
6.2862 9.2817
7.7428 8.3691
-1.7133 7.6184
-8.8560 11.2326
9.0166 7.0332
9.3212 3.9818
6.4194 7.8624
9.2348 -7.5930
7.7695 10.0657
8.8132 5.9237
7.5167 11.1636
6.8148 8.1014
8.9753 7.2098
12.8638 -6.3102
8.5700 -3.9912
7.8614 4.5110
-1.8298 9.1679
8.9097 7.1222
4.8513 7.0395
-6.4949 5.0354
8.0776 7.1237
-4.1583 7.2663
0.7320 -1.6855
5.7542 10.1793
5.5789 6.1776
-8.6310 -1.2285
9.4483 -5.8132
2.6953 -5.4780
8.1944 -1.9378
-2.4404 -1.4316
6.3585 9.4058
5.7914 6.0390
-1.2185 -3.9171
8.6308 4.6981
5.2188 10.1341
-5.0084 -1.3922
-5.6056 6.0881
7.6257 11.4999
6.3741 8.7956
5.5885 0.3407
4.7434 -2.7867
3.4064 7.5666
8.7009 -1.8940
10.0463 11.5275
13.2902 4.6598
10.0903 6.4368
-1.8083 8.7223
-8.0035 8.2749
7.8126 -2.4861
-2.7531 -2.7264
5.7860 10.4009
-7.3906 4.8040
7.0394 6.5589
5.9485 7.1401
6.6827 6.0069
-8.2050 7.4904
10.1658 6.7658
3.9037 7.9615
7.6207 -0.7356
4.7445 7.0801
6.7722 4.2308
4.2181 7.8688
10.3470 5.8443
8.4008 4.7527
7.1849 -2.3401
5.4745 7.4926
7.5839 8.5152
11.1982 -2.2028
5.8236 7.6713
5.3047 7.3539
8.7886 -2.5150
7.3269 4.4204
6.6350 5.6992
-2.1144 5.9823
8.8299 -6.4211
9.1238 -2.5101
-4.3302 7.3864
9.5110 4.9475
11.9695 -10.3333
9.2820 5.8536
8.6099 9.4517
8.9258 6.5529
2.5667 6.6179
5.7258 9.7641
6.5994 8.5918
4.7321 9.9625
-2.3352 2.1643
-7.3424 -6.1104
9.3280 3.6555
-0.2803 6.0192
8.0694 8.2272
6.6841 -2.0352
-1.9588 8.2382
-4.7831 7.4112
-1.5644 8.3926
6.1831 -2.2984
10.2797 6.0809
7.3596 7.8203
-1.7815 8.3993
-1.7034 6.1709
-10.4231 8.8895
4.0893 -1.7328
8.5498 6.8770
4.2806 8.0003
-2.0617 -8.0919
7.9362 5.5042
-2.3820 5.6310
10.0950 12.4149
-3.2141 6.7169
4.6471 8.3981
6.1662 -5.2206
-8.3216 -4.8661
5.6109 6.5870
8.8337 5.7634
7.3224 1.0500
7.9436 4.8272
-6.1468 7.7199
0.3076 12.5020
-9.4811 6.1097
10.2600 7.8418
-6.8559 5.2785
7.6558 6.0302
4.2177 7.4655
6.7040 -2.1598
-2.0769 9.2034
5.3725 5.4046
-8.5619 -1.6131
4.9114 5.9462
7.7473 5.7932
8.9645 10.5104
-0.8145 6.8043
6.5444 -1.8880
-2.7742 10.1139
-1.7603 7.2158
4.7012 5.0159
7.5633 8.0621
-1.4741 7.1046
7.8850 7.0203
-0.3294 -8.6813
-3.9018 3.6180
10.0592 -6.6003
6.2158 8.0174
-2.3802 7.2497
6.9290 7.0993
-2.6801 -1.5005
11.3935 4.3147
8.0842 -1.8579
5.3441 -7.9754
8.1131 -1.7460
5.0566 6.4578
3.8453 4.7778
10.1077 -1.6995
7.2146 9.3039
6.7296 5.7095
-2.0775 8.9637
8.7824 -3.7824
7.2980 4.6718
7.0603 -7.1354
5.6136 4.7294
-8.8910 1.0836
-2.6646 8.4421
9.9430 -1.8065
9.0816 5.0049
6.9071 6.5930
-3.9015 9.0059
8.4362 5.7047
8.7936 -4.1729
8.5254 -6.6136
9.6460 5.8909
7.5814 11.0694
12.2184 8.9086
-8.1558 5.0043
9.6262 -1.4232
7.0787 -1.8494
9.7239 -7.4827
4.7330 7.9067
3.5968 -2.8899
3.7605 7.6405
7.8243 6.7751
9.7212 9.7424
-4.5773 7.3261
-5.4749 1.6382
6.1710 5.7435
7.2712 5.2724
5.9818 9.8372
6.8861 -1.3946
7.2161 4.0601
6.5336 10.7404
-5.7039 8.4199
3.8035 8.0405
13.6443 -5.7855
7.4566 7.7771
8.6654 6.3754
-3.1928 12.3842
7.3409 6.4316
5.1608 9.3911
-6.0934 7.6280
7.5378 8.7227
-4.7953 7.7262
6.5782 -1.6067
6.6007 9.9152
8.4230 8.3218
-2.3209 4.9260
6.2181 -2.1356
-4.9138 8.6473
1.3817 3.7108
13.2130 -3.7595
6.4128 6.4682
11.3248 -1.6987
-2.3494 3.4997
7.1464 6.2244
8.7648 4.7113
-10.4453 7.2696
6.5254 5.0782
5.9341 4.8660
6.8460 8.9489
3.3041 -1.3089
11.8159 -2.7205
-1.9370 -5.6690
7.8227 7.4979
4.8755 8.5192
6.2271 5.8794
8.9375 7.5013
-8.8041 8.0158
12.6554 5.8654
10.1010 6.8864
3.2997 6.8728
-3.2285 8.2891
5.1087 5.1382
5.1916 6.0407
7.8347 5.1293
6.7913 -8.0139
7.7297 6.7611
6.8412 7.3780
4.9845 6.7955
6.2968 8.3604
12.7960 8.2764
8.5153 5.6500
6.8083 7.9329
-2.0224 8.1347
9.3320 -7.7712
4.7372 -7.5631
10.3156 8.7623
7.9463 7.7974
6.2073 0.5624
5.0303 -1.9482
7.8172 7.7208
6.0088 7.8187
7.1772 -8.2467
9.5432 5.8494
4.4763 9.7179
5.6337 -1.9422
-2.2257 7.4584
7.2795 6.4565
7.7233 1.8175
5.3241 5.3777
-1.4746 9.9097
8.0966 -0.3978
6.6490 -2.5736
4.6538 8.4227
-1.8000 8.0517
8.7326 11.1714
-4.2519 9.0540
9.1620 11.3702
3.9519 4.5088
5.7415 2.4904
12.5288 7.6949
7.1767 7.9638
5.2597 6.4575
9.0715 7.2362
-1.9044 -5.8663
-2.0757 6.4723
-8.0552 5.0520
7.8644 6.3274
7.5785 7.4181
10.7801 8.5861
4.2653 4.1069
4.6801 5.8372
-1.1333 -7.8678
-3.9134 -8.1593
8.3773 8.7872
8.3760 7.2004
-6.5181 7.9255
6.6695 7.7513
-2.2754 -1.2021
-5.7874 -7.2458
4.5418 10.6864
-3.7655 -8.3881
-1.7174 -2.2231
5.5479 5.1941
-9.3767 3.1466
10.1773 3.4152
-2.4418 7.2380
-1.9348 -6.4202
-6.4998 5.7496
6.8682 -2.0260
7.4980 -8.0155
-2.0081 -1.1569
12.7338 -4.5583
7.8856 -2.2180
5.9859 -1.5737
6.7348 -4.6981
-0.6899 6.4414
-1.6213 6.6479
8.2561 6.8768
9.8130 -4.9135
6.5150 -3.7981
10.5407 10.5838
8.1244 -2.5169
6.2513 6.1288
6.7872 6.9312
9.4588 -1.2219
6.5512 6.6334
-0.1366 8.6356
6.6916 4.1524
-6.7715 7.3562
-5.7326 -5.4824
5.0628 -9.0519
5.6486 -4.0080
-7.8302 7.7809
9.0670 7.7361
6.8161 8.6512
6.0470 8.4436
10.5635 5.5296
5.7246 9.3771
6.4882 9.2980
9.2590 2.5733
6.9900 5.6540
6.8453 9.5509
7.0327 5.2922
7.0740 7.6677
8.4009 9.0038
-4.6081 6.2513
-1.8624 10.0638
11.1773 -3.8366
8.8640 -4.9609
5.5001 7.0756
9.6827 10.1530
10.5871 -7.8657
5.3682 7.5094
5.8169 -1.7830
4.9705 -6.7604
6.8245 9.3921
7.3256 -7.9912
-7.0230 -2.4703
7.9610 -1.3270
-9.1437 9.0637
-3.0657 7.4816
-4.8032 -2.1132
-1.6955 5.7581
9.6554 5.6729
6.3801 9.6373
-7.3140 -7.2029
8.8356 9.2774
6.8897 7.6256
6.6334 5.7090
-1.9005 7.2086
2.9602 -5.0696
5.2966 -7.0922
7.8544 6.1984
9.6509 -1.9167
-7.1457 3.2006
4.2271 -1.0778
10.3266 -7.5807
7.0871 5.4164
10.5676 -4.3133
4.0624 1.8187
5.7076 9.0405
9.8636 -1.9515
1.7655 5.6009
11.1645 6.5561
7.7177 7.0593
5.3021 7.1809
8.4261 6.0428
6.5678 3.9140
9.6145 -2.8288
10.7308 6.9740
6.1603 10.4909
-2.5819 8.2692
-1.1738 -2.7448
5.3306 -4.7432
6.9517 -0.5250
9.6186 7.2156
7.1904 5.6169
-8.3242 8.9365
7.3438 -2.0279
9.5661 9.2004
7.1687 -4.6197
9.4282 10.6264
-9.3310 -0.3024
7.2097 -8.3117
9.6119 5.5894
-1.6005 0.0329
7.9678 8.1618
6.7420 -4.6879
5.5462 -9.2508
6.4605 6.5152
-0.7058 7.1364
-4.0581 -3.6858
6.5287 7.4296
8.0263 6.5318
8.5122 3.8765
9.4222 -1.4991
6.9672 -1.9308
-8.2453 -1.4657
7.6218 8.9497
5.7758 -2.7327
-2.1572 7.8107
3.9767 5.1588
4.4974 7.6266
5.8592 -5.6837
7.6468 -6.4818
-1.3888 -3.3988
11.7944 -5.6948
8.3808 -2.2160
8.0457 6.8450
-2.4547 6.7406
6.2557 7.8744
-1.3585 7.4143
5.3739 8.6494
4.2941 2.5771
-5.5435 5.5513
-6.5967 10.5660
-4.9828 -8.0596
12.9464 -6.5434
-1.5732 6.1578
10.2266 6.0195
6.9997 6.3759
12.0514 9.4775
-6.5674 8.3859
2.3187 8.6793
8.1338 6.9005
-2.0186 7.2081
3.4639 8.5928
8.4039 11.0004
6.9244 7.0139
-1.9160 10.0144
13.5065 -7.5101
6.8741 -4.7768
4.5587 11.2937
4.0456 -6.8707
-1.7918 -5.1133
3.9570 8.0476
-8.0960 11.5132
6.0098 7.8830
4.2341 4.8482
-1.3414 6.2010
6.0533 8.4297
8.1502 -7.1688
4.4994 -8.9039
10.1575 7.0666
7.6736 5.4967
8.4763 5.9179
-8.7479 -5.1633
-1.7735 6.8316
8.7461 10.3844
10.1471 -7.6767
-1.9085 -6.6455
7.0580 10.2939
6.2911 9.9462
6.1366 4.3074
5.8922 10.5114
7.3080 9.7029
-4.4719 9.1998
7.4608 9.0284
5.5546 3.9254
6.2538 -2.1283
7.5503 -8.0975
-2.2618 6.9006
-0.8385 8.0075
-1.3457 -1.9522
3.3864 8.5176
-1.2714 10.8613
10.0265 7.3601
8.5404 4.6118
-2.1043 8.7657
5.6741 7.0649
8.1883 6.6619
7.4236 7.6693
11.3965 10.4258
6.9977 7.6951
7.3950 7.3883
3.9405 3.7471
7.6522 9.5332
-4.5611 9.7810
11.7968 -5.2143
4.7172 7.3145
-1.6154 8.1393
6.6608 7.3428
-1.0932 -1.9477
-6.5554 8.4704
7.1155 7.4089
6.6928 -1.4074
6.3659 5.7703
-7.8199 8.4516
6.9698 4.2349
-8.4809 7.8798
8.0427 7.7293
3.9760 3.6225
8.0539 6.2780
3.1017 5.9637
4.8207 6.3136
8.5611 4.5829
7.9188 5.6932
-1.8888 8.6260
-2.0521 5.0073
9.5180 -2.0092
6.5760 7.1837
5.8453 5.9969
5.5112 8.1206
5.6037 9.5028
7.3676 7.9943
3.1918 9.4229
7.5628 -7.2709
8.4641 -3.0557
5.7306 6.6026
8.7622 7.1665
4.3000 10.4854
7.7755 5.5104
-6.2637 11.4379
4.4310 7.7327
5.6063 8.0247
0.2429 2.7106
3.4799 6.7003
7.9265 -2.0573
8.6662 -1.9565
8.8917 8.4591
7.9559 5.3986
-8.5921 7.0816
6.2964 11.6029
8.7641 5.7418
7.1057 7.5600
5.7497 2.0067
7.4058 7.8908
8.8289 7.7139
7.9771 2.3147
-9.5018 10.4931
6.9314 -2.1024
-1.4722 6.7080
9.7364 8.7725
7.9884 -5.7476
-6.7001 6.5306
7.8669 8.3682
9.1094 -2.1322
-2.2106 8.7241
-6.4641 8.6424
-1.2179 6.5394
7.8045 9.9004
-3.6203 4.7410
7.4490 5.1291
6.5010 -4.8685
11.7011 8.7596
-4.0024 -8.3557
-5.3811 -0.6251
5.6999 -2.4389
6.7475 6.7761
-6.4982 8.3022
-7.2679 -0.1393
7.3010 7.2977
5.9513 4.8485
8.9017 0.0093
9.2108 -6.6192
-10.3428 9.4410
6.4847 4.4729
7.9945 4.9406
5.9675 8.8342
-3.1717 7.3748
6.1058 -2.0268
-1.8359 7.8666
7.2595 8.0831
-2.3010 6.8833
6.4872 -1.7033
8.8730 6.9695
-6.6187 5.9822
9.1579 8.6395
6.6118 -4.8591
-2.0863 -8.8828
-7.5505 7.7246
-8.0710 7.0887
7.4007 6.9418
-6.9475 -2.7162
6.0839 7.6091
-1.5774 -2.7480
7.8490 5.7384
6.9021 3.7746
-4.6174 5.0092
4.3616 6.7243
7.5181 -2.6639
7.1633 3.3675
8.6045 5.7829
6.8985 -4.9673
-1.5831 7.8538
5.9310 -5.7968
-2.6003 -7.9401
5.1496 -5.0008
8.2701 8.0599
-2.2900 6.1966
-6.7064 4.1663
-6.0922 5.8633
6.5581 4.9514
-8.7248 8.7637
6.0750 7.6031
5.5935 6.3325
4.9867 8.6366
8.4262 6.7393
6.8666 -4.4966
-8.4702 5.0056
7.3542 -0.4419
6.2132 -7.0198
5.3565 -0.9415
-1.9548 -1.4921
6.5657 7.2783
8.7594 -0.6980
4.8729 10.6471
6.5088 3.0715
6.8736 7.2426
5.6922 5.6897
6.7475 8.2460
5.7322 6.6753
9.4338 5.6306
8.8942 -7.5766
8.9470 8.8702
7.8426 -2.3164
-9.0250 7.9034
4.6014 6.6968
5.7248 6.8439
6.0412 6.2488
-7.7626 11.2449
11.2856 3.3165
7.6581 5.2701
6.5193 6.6267
8.8103 9.7894
4.1651 6.2918
11.9867 7.1708
-2.5121 8.9653
4.6453 1.3200
6.5032 -1.8422
6.6545 7.0731
6.2373 -1.8504
7.4498 -7.7362
7.5799 8.8558
6.7466 8.8878
-1.7263 -1.7197
5.7529 6.0835
6.1231 -2.6466
-8.3057 6.5788
4.3657 7.3763
-6.7630 7.4720
12.3096 -7.2287
-7.3990 5.3409
7.2141 -5.0163
7.7508 -7.3269
11.1121 5.7601
8.3593 10.2648
6.9546 -8.1027
7.6249 4.9109
-1.6913 4.3682
9.9091 8.1174
7.2875 -2.0712
7.4183 6.3333
8.2330 -6.9564
6.0995 7.0667
7.7644 -5.8805
-1.2065 11.4793
8.3956 7.0771
-2.0187 6.0773
7.9459 -2.8835
5.2409 8.1193
-0.9934 9.6356
11.2918 -5.0781
-2.1950 9.4051
7.3380 6.1253
6.1111 6.5942
-1.9925 -1.0319
7.1548 7.9704
7.9052 -8.7323
-1.6508 9.1219
-4.6780 -1.9215
8.3447 -1.9676
10.7540 -6.5891
4.6831 6.4480
9.8242 10.3261
7.6591 6.5024
9.5375 7.1819
-2.0336 5.8682
-1.8231 6.2763
-6.8992 7.1927
6.1294 5.1849
7.4810 11.2198
6.5181 4.4264
2.7702 -2.5745
5.9449 4.7711
-3.3627 -1.3592
12.5998 8.8680
6.7218 10.8135
6.4252 -11.7950
9.6113 8.7884
8.2717 5.2118
6.9160 -8.1383
4.2491 5.2061
10.5425 -4.4157
-0.6051 8.5097
11.3897 9.0374
4.1577 2.7960
5.4991 7.1889
-5.8839 7.4931
8.9049 -2.2498
-8.2248 -5.0050
-6.6841 2.4489
-1.6607 7.3339
7.0397 6.2995
8.3655 -6.0951
5.2174 9.5818
-2.5807 10.7876
5.0978 7.1076
-7.1448 5.5240
-4.9206 4.9624
4.2345 7.4034
11.2812 8.0169
11.9209 5.7488
6.0243 6.9362
-4.0490 6.9973
-6.2636 -6.8142
5.4724 7.0974
8.8448 8.3005
-1.8496 6.4720
8.8841 -1.2524
-2.1962 7.8986
-4.9409 6.4664
8.3912 1.3274
-6.0323 5.7005
-1.6823 7.5058
6.9238 6.5607
0.1963 3.3493
-8.0234 9.2271
6.6586 6.5794
9.8149 8.2416
-6.6500 -3.6015
8.3129 6.0786
7.2612 6.6142
-2.6042 9.2629
-1.7233 -8.4716
7.1412 5.3190
5.1672 9.3838
6.3903 8.6550
7.7460 5.8951
-9.2500 -5.1115
6.4613 -3.2407
-3.5507 9.6491
-8.6261 10.8803
3.6169 -5.8335
-1.7666 8.4093
1.6488 7.1293
9.7519 9.0552
6.1080 11.1638
4.6741 6.7349
7.3005 7.8997
10.1802 7.1019
5.9366 6.1503
-1.5753 2.3630
10.0121 6.4062
-1.6805 10.9412
2.5859 10.0932
7.8662 6.7824
-3.7194 3.4190
11.6666 7.0734
8.0718 7.4589
10.9018 -2.1766
6.9139 8.5962
4.6371 6.4212
4.6930 -1.7793
6.0687 8.1072
8.4382 3.8741
-2.4927 -2.1867
13.2751 -4.9787
8.2292 -1.1548
9.6319 9.9752
5.8959 15.6127
-1.8976 3.6856
7.3392 6.9683
6.0169 12.1110
7.4478 8.7659
8.9667 4.6455
7.8502 11.1465
8.0594 6.9274
5.6958 7.0827
-1.6037 -1.8369
8.4636 -2.4776
6.2535 -5.2045
7.3437 -3.5723
5.9468 7.4335
7.0907 3.7625
7.1270 6.5436
4.7658 6.9996
-1.4899 9.8779
6.9801 -9.3137
6.9977 -7.9918
7.8226 5.5222
7.4139 -1.5102
5.4338 4.2020
6.2129 6.3837
6.6285 0.4135
-1.9445 5.2130
8.1148 7.2255
10.2715 -0.6142
-1.8773 -2.2065
3.0115 -8.4523
7.8008 7.1827
-6.2598 9.1059
-6.1153 8.6142
6.8083 5.5808
4.9107 5.8156
12.0149 9.5697
13.6405 -1.9823
-8.4908 6.6316
-1.7253 8.4585
8.6785 9.1805
6.1781 5.7572
4.2872 -3.8935
12.2693 7.0246
6.6936 9.6687
6.4544 9.6244
5.3892 8.0600
10.2559 -1.7813
8.0243 5.4459
-1.5467 2.7573
8.2200 3.5796
4.8601 -2.4257
-1.5397 5.7890
9.5715 -2.2042
6.2248 8.9840
7.6786 -4.7313
3.2418 7.2123
10.1513 7.0168
6.1124 4.5853
6.8545 6.1884
10.4796 3.9005
3.3371 5.3220
6.9174 -3.8003
8.6248 5.3596
4.8043 -7.8865
7.7975 7.8049
9.9382 4.8744
8.1495 -2.0696
9.1365 -1.6066
-3.9195 -2.3551
6.8840 -7.7539
11.8176 8.4387
-1.5444 6.7539
8.0977 7.3918
9.4881 8.1509
8.4999 4.9416
4.8793 -5.6726
-0.6617 5.3056
-1.8820 8.4550
5.9810 -1.6754
7.7467 11.6384
-2.1787 -7.2012
6.2768 -5.1035
9.6934 8.8405
9.5820 8.1981
3.8582 12.5648
5.6407 8.9537
5.9377 8.4520
4.8952 6.7102
1.3974 10.1426
6.5610 -7.7034
6.6595 7.2088
2.3419 8.0008
-1.7587 -4.2688
7.2863 2.7721
4.2332 9.0949
-1.6107 -1.6547
-1.7286 6.7438
-0.6566 9.8558
9.0355 7.2145
7.8803 8.1508
-9.0097 11.9515
3.9764 8.0023
6.9983 5.5869
5.7835 7.5407
7.8891 8.1315
7.8655 -3.7661
-7.2598 -2.0163
7.8826 -1.9846
-8.0068 6.5389
7.4988 8.6482
7.1705 4.5318
7.7096 7.5771
-8.9310 -1.6807
4.1960 -3.8713
-8.4583 -7.2979
9.6891 4.5858
6.9952 -6.8734
7.1146 4.7346
-6.7576 6.0368
10.2521 7.7947
10.5960 -6.6421
8.8912 -7.3321
-4.7461 7.1827
10.7192 -1.9581
-0.2930 11.3022
4.3614 7.1831
12.5070 -4.2474
-1.9943 6.7126
-8.7265 8.5989
6.9928 11.1525
10.0158 7.2034
5.5478 -3.5252
6.8912 7.6931
9.4570 0.7312
6.0634 11.9666
10.2714 6.0745
-5.6066 5.7260
7.9867 8.0952
9.2175 -2.4936
5.2099 8.6226
8.9585 -2.1183
4.3951 -6.3495
-3.7746 4.4025
8.8727 9.0101
4.8228 8.7763
9.2265 7.7661
6.3278 -7.0119
-2.1492 -2.0806
-8.1539 7.7715
-0.4821 6.6963
7.7456 7.8456
7.4910 7.5321
-0.9556 5.5519
7.7744 -0.4209
-1.5611 5.9682
7.8265 -5.1214
9.2034 6.9961
6.2272 -1.6178
6.9570 8.2435
7.2794 6.4038
5.4620 8.1579
-1.9864 -0.8944
7.0832 7.6771
6.3595 -1.2489
7.4824 -1.8711
11.0574 -1.4894
4.9401 7.3679
-1.3312 -1.3383
-1.9604 8.0439
-0.1606 6.7533
5.2581 6.7669
-5.4060 4.0700
4.0244 9.8482
3.7776 -2.5560
5.0828 7.9523
-1.5257 5.5691
7.8078 10.6816
1.2550 10.8640
-1.6510 7.4917
11.0969 6.4225
-2.1704 -1.7704
8.3186 -0.2588
11.4384 -1.7782
8.5443 8.4753
-2.0939 6.1555
5.8894 6.1447
3.4733 -1.5042
-0.6541 9.6330
9.2108 -9.4989
7.1122 5.0845
3.0577 6.9406
6.5663 5.4170
7.0643 -4.7251
4.8094 7.2705
-5.0590 8.9888
6.3692 4.7051
8.2282 5.8676
4.4611 9.9767
7.7832 7.1031
5.9480 4.4474
-9.4269 -2.7395
6.0909 -8.8408
7.4034 8.6956
6.2172 7.5660
8.7559 6.1283
5.2465 7.6231
10.0709 -4.1036
4.2409 -1.9373
6.5261 8.1049
-6.1723 -2.2006
6.9125 8.0315
10.0326 6.9508
-3.9856 2.5095
-6.9139 7.2329
6.4892 -7.1471
-1.9738 -1.4795
9.3695 7.3585
-1.7351 -2.3733
-2.0349 7.3825
10.4558 10.5785
-1.6618 2.8931
3.6583 -9.8135
6.6428 -6.7360
-2.1924 5.2279
7.0131 7.6326
6.8743 7.7840
5.6243 5.1286
-6.0960 8.1577
-3.8951 7.4461
7.4629 -3.1470
-6.3914 5.2976
-9.3455 7.4866
5.0094 6.1776
5.8794 -2.1651
-9.0266 -6.7792
1.4617 -3.9974
6.1664 9.4542
7.0003 7.3327
6.0161 6.2731
9.0663 8.5287
5.3016 6.5610
11.9510 9.8003
12.2805 7.6621
-7.8872 6.2816
9.1413 6.3910
7.2386 6.1376
6.7539 8.0519
7.2696 7.3505
-5.3860 -6.9889
5.9447 8.8410
7.4983 13.1019
9.2530 6.0808
-1.3394 8.4679
6.9134 1.0868
-3.3345 -7.6893
6.5227 -8.9846
1.8036 -1.7898
-1.3954 11.0293
6.6754 7.9097
7.9042 -6.5608
7.9100 -0.0651
-7.8197 8.2322
-1.9962 8.2907
6.1251 10.7558
6.7764 10.7416
5.4096 5.0995
8.5132 6.9528
7.8956 -1.8879
-1.6164 8.3932
6.4175 7.4694
6.1160 5.4989
-2.3443 -2.1195
9.0073 10.3162
11.0117 3.3363
1.5292 -1.1172
6.7798 6.0920
5.3061 -4.1994
2.4257 9.0345
8.0601 11.8547
4.8864 3.9715
-2.4286 -1.4287
7.5219 -1.6540
5.0900 9.9293
8.4417 11.6122
7.7748 5.5686
7.1139 8.6606
4.6681 8.6158
7.6732 7.4400
-1.8774 6.3644
4.0175 3.8308
7.0695 -2.0812
6.7117 8.9092
-2.0625 6.1138
-5.9509 -5.5626
4.3450 -3.8610
8.2290 6.0664
3.7463 6.8051
8.2101 8.1835
-5.9292 8.9638
7.9663 9.2691
-1.8504 7.7978
-2.2217 -1.8434
7.1593 6.0504
5.0798 11.3721
-8.1270 -2.3465
7.4395 9.1295
5.5986 9.3801
9.4015 8.4566
8.7334 7.7562
5.3771 -4.0017
7.0772 6.5498
9.3508 6.9550
-1.1225 8.8498
-1.6574 5.8698
7.5492 7.2981
-2.3052 6.9355
6.3629 -1.5052
5.5622 12.3941
4.1376 6.2941
5.8424 -1.8330
9.8860 6.4826
-3.8836 -6.8530
7.6109 7.8259
7.8756 -1.5397
-1.8817 8.1914
-6.1032 7.7013
8.4508 7.1364
11.1104 -8.5765
6.9117 -1.6978
-3.1017 -1.4640
5.3639 6.8551
8.5241 5.6265
-1.9602 -1.7140
7.0076 13.2873
8.7374 10.6181
7.8808 13.7531
-6.5023 -1.3604
5.6299 -6.6049
5.7678 -5.8599
-2.2557 5.7584
-3.5819 9.1516
5.5820 6.1189
6.5613 -7.9088
5.6260 6.1550
6.0910 5.6492
6.0325 6.5431
8.9516 7.8156
-5.9092 -2.1593
6.5688 -6.8950
6.2412 9.1153
-7.6024 -8.8129
7.4581 7.5586
9.0925 5.8046
8.6555 6.1039
6.6400 7.0087
7.3175 7.9196
-8.2226 3.9766
-3.6397 6.3427
6.9442 6.5311
-5.6211 -8.0204
-2.1861 3.1479
8.1583 -5.9550
-2.4228 6.7605
7.2241 9.2761
8.2045 6.0200
5.1870 3.7796
6.0081 7.4182
4.9073 7.8296
-1.4754 5.0685
7.0786 5.3518
-7.0412 7.0897
-7.9669 -0.4457
-2.0162 6.1084
9.5031 -1.1253
7.2114 11.5874
-0.6919 -7.0542
10.2231 6.8153
9.2626 7.3257
5.7827 -5.4139
4.4588 6.0702
6.1930 -2.4271
-1.6756 5.4959
6.5573 -1.4660
-7.7985 -7.8071
4.2117 10.2795
4.3471 -4.5115
-1.9091 6.3837
8.1227 -2.0601
7.5025 2.9724
7.9229 7.1611
-6.6099 8.2093
6.3743 -3.2157
10.4332 -1.9376
9.0303 8.3177
-1.4044 7.5857
9.3398 9.4246
6.3309 5.8327
-2.1327 10.4193
11.1291 -3.3651
7.6215 6.4611
8.8122 7.7650
7.3142 -1.4920
6.6785 5.9550
4.0354 6.6182
3.9713 2.3109
8.1871 -2.7352
6.2862 -4.2606
-2.3970 4.3196
-6.8188 8.8878
-1.4736 9.3043
10.8171 8.2835
-2.5286 -1.9525
8.0710 8.9227
5.5946 4.8051
7.4019 6.4045
9.4889 -4.3378
-8.6242 10.3809
-1.9095 7.4425
-2.0303 -5.3843
-6.3306 6.5718
6.6671 -1.9330
10.6206 6.1856
-6.3522 9.4370
11.6700 -3.5312
7.9367 6.7557
5.3990 7.6398
7.8453 -1.6002
13.2844 6.7415
5.0759 8.8204
5.7748 -0.9258
5.3600 8.4382
3.1975 4.5253
7.0181 -6.6857
5.7653 6.5916
6.2489 8.0903
9.5187 -1.8416
5.9638 6.5206
4.9144 -5.4029
6.8002 4.4602
9.6778 13.7769
6.0896 2.8707
5.2189 5.9292
6.3989 -8.2270
-2.5090 9.1917
7.1476 7.2956
4.6961 3.5767
6.5497 -8.8064
5.6378 5.7707
-1.5648 4.4496
5.7814 4.8700
9.1979 7.4474
-1.5152 -1.4219
0.3251 5.9713
5.5218 12.5474
7.3189 7.2488
8.6274 2.5461
7.0447 -2.1050
-1.9398 6.1277
7.9000 9.2644
5.4172 5.7854
6.6780 8.0720
-7.0907 3.4448
-6.9385 5.9353
5.7798 -9.0887
10.3235 6.5942
14.2256 11.5224
8.3779 4.1781
-5.2678 -7.4323
-1.8441 -8.6358
-3.6208 -9.1597
4.6050 5.2640
7.2495 7.5811
4.8991 -1.4833
7.9761 6.0633
4.5236 9.1811
-5.2890 6.3289
8.5330 7.5377
-1.5850 10.3563
7.6293 10.0010
5.7522 6.7393
5.2736 5.4482
2.2817 -2.0657
-1.9631 8.1793
-8.6141 8.4841
12.4921 5.0615
6.0153 9.8947
7.1462 9.1629
-9.2707 -6.3719
5.0324 -1.7570
5.3526 7.7624
9.2448 -2.1238
7.2256 13.3763
8.3877 5.5792
7.4982 8.1346
7.6949 8.4238
7.1598 -7.7956
-5.6531 9.2182
9.6557 -1.5714
6.6951 -2.7153
8.9124 9.9397
-6.2514 9.3683
5.4797 -1.1989
8.8275 5.0394
6.9492 5.8130
4.9414 -0.9299
7.2445 5.3237
6.9083 -4.7467
7.3397 6.6591
7.0888 7.9518
-9.1066 -8.3270
7.9514 13.2556
8.4886 6.6244
5.1025 8.7930
3.0046 6.4501
1.5142 5.8910
7.0130 0.0345
-7.8637 -2.0510
-4.7743 7.1288
-9.8700 7.8426
-5.6451 5.6379
6.5702 7.3317
4.9590 7.0444
7.9899 5.9004
6.9534 -7.3355
9.7444 8.0655
5.3956 7.9712
9.9326 6.6780
4.5280 -6.4948
6.7671 6.2523
7.6822 5.3380
5.9084 6.5123
-2.0072 6.3196
9.8951 7.0748
-5.9019 -2.9761
-2.1711 7.0695
6.4607 -1.1701
-6.4340 7.9160
-1.6490 7.2947
7.3429 4.9221
-2.6250 -10.2796
8.8000 -0.7977
-1.3248 5.7864
8.3609 5.5358
6.3612 7.4984
6.6304 7.5773
8.2113 -1.7039
8.3188 9.4488
3.3142 -7.0307
-3.5860 5.6937
5.3579 6.1621
8.1809 6.9557
4.6827 6.2554
-5.9433 7.7801
-1.7952 8.9904
4.9547 -3.2964
6.3955 6.7408
7.5572 -8.0659
6.4330 4.7439
-1.3532 4.2987
5.1219 -3.0651
9.6887 8.4500
-7.4476 8.7431
-1.9621 11.6795
-9.3105 -2.6246
-4.7049 9.3880
5.7712 8.9164
13.3724 7.0019
7.2369 -8.5265
-5.9149 8.4447
-5.7677 -7.3778
-7.1653 6.8154
5.7733 5.5100
4.4297 -1.5212
7.6934 10.5663
7.0461 9.9810
5.9191 4.9460
8.8641 6.0412
3.2806 7.2886
5.9493 6.2669
10.7107 6.6230
9.3539 8.1639
-7.4725 3.4736
6.9346 5.0113
8.7479 -1.9020
9.8827 9.3659
