5
-6.7011 4.1486
-5.6315 -3.8547
4.0235 -6.6703
-6.6767 4.3007
-5.5007 3.7545
-4.5217 -4.7977
-7.6136 3.5101
-3.4665 -5.2640
3.9352 -6.3966
8.4618 3.6362
0.9609 3.9668
-2.9048 -5.7199
-7.1126 6.2349
-3.6261 6.2801
-3.5328 -5.0784
-7.4425 -5.4841
-7.3964 9.2609
-5.6884 -6.7296
-5.0407 -3.6344
3.5919 -5.5025
11.6980 -3.8088
-4.6248 -6.2737
3.5558 -5.3250
13.6647 -2.3110
6.9494 -6.3596
4.2345 9.6300
-5.9557 4.0030
15.7499 -6.5937
-4.9571 -5.1275
3.8236 -5.7515
-6.2522 4.0628
-7.3278 4.0619
-5.9037 -1.6901
3.8919 3.4578
4.3208 3.8532
4.0183 9.7150
-5.4984 -5.2908
-8.5309 3.8632
-5.0559 -5.6619
-5.1302 -5.2868
3.9594 6.7681
4.1084 -4.7533
-6.4016 -4.2396
-3.8707 3.7655
-7.2487 -5.4779
-4.2132 5.1732
-5.5166 -2.9772
12.3500 6.8002
-6.8714 4.0070
-4.8078 -5.3636
-5.9323 -2.7884
10.4957 -3.9728
7.4082 -4.0396
-4.8670 3.9048
-5.4931 6.4888
9.6533 -4.9744
12.3260 -6.3077
-5.3715 12.9676
3.7297 -3.2562
-3.4052 -4.0941
-5.3162 9.0157
9.1769 -5.2216
-5.0893 3.7159
11.4891 -5.4084
-5.8409 -4.6016
3.5926 -4.2309
9.0029 -3.5106
-3.9269 -5.4047
-7.2573 -3.9512
-5.0122 -4.7298
-5.1065 -4.6501
-5.8650 -5.5692
6.8249 -6.1471
-3.5447 -3.8644
-7.7162 12.8738
-6.0803 11.0691
-7.3440 5.3002
-3.5255 -6.4941
6.9789 4.1105
-5.8064 -5.2319
13.2161 8.9480
-7.5449 14.5938
-5.2004 4.2953
3.2441 -5.6642
6.9317 -4.6524
-6.2317 -5.0196
11.0923 4.1863
-7.4248 -4.8332
-7.1045 -6.1932
-3.6668 -5.5016
-2.8313 -6.5444
-8.0330 -5.2463
15.4596 11.0796
4.0687 -2.7293
9.1344 -4.3836
-5.9050 12.1615
-5.3959 7.2901
3.5395 -6.6823
-7.0957 -6.0600
-4.8454 12.0034
6.0080 -7.8082
-4.3375 -9.2505
-5.7964 -3.9934
-4.1126 3.8460
-5.8034 -5.9440
-5.9850 9.2919
-6.5466 -5.2607
-6.8617 3.6136
4.2009 -5.8025
9.2973 3.2091
-5.5253 8.3953
-4.8385 3.4190
-4.0827 3.8251
7.8744 3.8302
-4.0679 -7.9645
3.6355 -5.6136
-3.2447 -9.6416
-5.8231 -5.8617
-5.0801 -5.5017
-5.6364 -6.2370
4.4917 4.0463
-6.1072 5.3007
-4.5771 -6.7428
3.5997 -5.3665
10.0569 -4.5318
8.5854 10.9522
-5.3988 3.5812
3.4530 10.2332
-3.1779 -5.5353
7.4377 -5.1096
-4.5934 -3.3012
-4.2843 -4.9291
-4.7600 -5.8825
-6.8928 -4.3184
12.0660 -2.2750
-3.1219 4.0259
2.9611 9.1238
-4.2259 3.8756
-6.2128 -2.9644
-3.5882 -6.3234
-6.7167 -6.5603
-3.7097 -2.9671
3.6328 -5.1297
6.1031 -6.4544
-6.3580 -5.2000
-3.8131 3.0543
-5.0468 -2.7584
-2.7942 -6.7368
-6.3912 -6.3524
4.0593 -5.5881
-5.9629 3.9737
-2.8177 9.2031
4.3121 4.7090
6.0252 -4.4748
3.7162 11.3023
4.9082 -6.2093
-5.2016 -4.8077
12.0488 3.6724
-3.7608 -3.8011
4.5109 -3.8820
3.1206 3.9298
-4.8748 9.0189
9.3653 3.8315
-8.7877 3.2812
3.3527 4.3681
-6.3169 3.9949
-5.3805 -5.7380
-5.1586 -3.1832
-7.7961 -6.2744
-5.2197 10.4691
-6.4254 3.6300
3.4937 -5.8035
8.3582 -4.2822
-6.0980 -5.6518
3.3673 3.6454
-7.0074 -5.1691
3.3488 8.9399
7.4948 -2.7225
8.9821 2.9774
-3.4345 -4.8429
3.8965 -4.6301
-5.1149 -3.5574
-4.9478 -3.3244
-5.4811 3.8162
3.6563 -4.1025
-3.5356 -5.2596
11.0513 2.7617
-5.6205 -7.9684
-5.5501 -6.4183
4.4265 14.2712
-5.0922 -4.5441
2.8586 -2.4038
-4.6964 -6.5290
3.5899 3.0014
15.2917 2.8342
6.1591 -4.6886
-5.3062 -2.9061
-6.4684 -6.9245
-2.8701 4.4210
-5.7155 -6.3730
9.4654 4.1150
-4.6872 8.5419
9.2460 -3.8987
-4.3121 6.5176
9.1491 9.8460
-5.6678 -7.7145
-5.4273 12.7610
-3.8144 -6.0592
7.1950 -2.5341
5.7701 3.4458
-5.2850 -2.7240
-5.5606 -4.5260
11.6114 3.4529
-1.7924 3.3229
-5.2798 9.7589
10.6202 3.1235
-4.6851 -2.3472
-5.9608 -3.1260
-5.2081 7.4460
-5.6616 3.4350
3.8624 3.4050
-3.0069 -5.3389
9.0600 6.6763
3.8061 10.2077
-5.6562 -4.6343
3.8999 3.3712
-3.7726 -4.6430
-4.5976 3.8278
-6.6809 9.9776
-3.7694 -5.9136
-3.4373 9.3788
3.3637 10.7193
-5.5207 -5.2756
10.7682 -6.0926
-5.2337 9.1191
3.5451 5.7246
3.9739 -4.8658
3.9829 3.2600
-6.2377 4.3641
-5.8705 -3.5969
-5.6657 -3.6990
6.0255 -6.4733
-6.6828 -4.8607
11.0372 10.2391
-6.1226 -3.7433
-3.6851 11.7077
-5.9972 -6.6628
-4.6269 -6.5888
10.2906 8.6243
8.2234 -5.3849
-4.7434 3.8716
-3.4822 -7.1596
-7.0149 11.3317
-5.8108 6.3340
12.0796 6.9807
4.8890 8.6568
-4.9058 -6.3031
-4.2103 -3.2787
7.9877 10.9363
7.9004 -7.3418
-4.2105 -6.0045
6.5501 13.0222
-6.0223 4.3387
8.7922 -4.6630
-5.0862 -3.7189
3.6779 -5.0551
3.8348 3.9370
3.2446 12.3777
10.2994 -4.0479
4.4121 -4.9350
8.7073 3.8259
6.4850 -4.3175
-4.9001 -6.5144
-6.4720 8.4032
-4.8650 -4.2604
3.7765 3.3920
-3.8802 -6.8444
-9.5626 -6.3268
-6.3527 -6.3991
3.0631 12.8931
-5.5273 -4.3080
3.9907 3.3702
-4.7618 -6.3674
3.2520 -6.7489
-4.7307 7.2265
-4.7603 -3.3203
-4.3478 -4.2392
7.3125 -7.1835
-6.7809 -5.9647
-7.2842 -4.9819
-4.3928 -5.2136
-2.9710 -5.8407
-3.6611 -4.0693
3.6207 3.8170
4.2684 -5.9854
-5.6680 12.6366
7.7772 -4.3981
-6.1666 -6.6785
6.6892 -5.9238
-8.1787 14.4946
3.2879 -3.2910
-3.2671 -5.1613
-4.9597 -6.2587
10.6642 -6.8174
-5.4176 3.9046
-6.6224 -6.3388
3.7876 8.4302
-4.2605 9.5890
-3.9569 -5.4915
6.6961 -4.9783
-4.0996 3.8721
4.0315 -2.9343
3.3566 9.6973
-4.7063 -2.6654
-6.5979 12.0430
3.5284 -2.4650
-3.9635 3.5041
6.4530 -2.3205
12.6218 6.6991
-4.8076 3.2522
9.0941 -3.6096
3.1094 -5.6488
-2.9042 3.2035
-5.4458 6.8359
-6.3951 -5.6826
11.1372 -2.5914
12.0262 -6.7901
-2.9635 -4.1391
-3.5849 4.9048
-4.2954 -5.4869
4.0158 11.1608
4.3150 7.3616
-6.8745 3.2564
3.4495 6.5687
7.3177 -5.2462
9.2750 -4.7426
-4.0809 3.5206
10.1703 3.5924
-3.6835 6.7817
11.2756 11.1168
3.5278 12.5283
-7.8362 8.3961
-4.0796 -4.0389
-5.2410 6.8588
15.2991 9.9347
-4.1582 3.0192
13.4739 -4.2756
-5.5547 4.9235
-5.2109 -6.7297
-3.6459 -3.8585
-6.2955 -6.2232
11.4307 3.0937
-4.4835 -3.4702
-6.4932 -3.2033
7.6667 8.3253
10.4615 -3.0951
-5.0872 6.9432
-3.1209 10.2848
-5.1458 0.9492
-6.7958 4.4054
3.8183 8.8876
-5.3592 -6.2202
3.4250 -3.0998
-4.2902 4.1821
3.7925 -6.3792
3.9877 7.5161
-4.5283 -2.2015
-6.0041 -6.3696
-3.9375 8.1560
-5.2068 3.7128
-5.0693 10.1848
-6.8978 -5.8912
-3.3098 -1.8172
7.5977 3.9109
-5.8796 -5.7174
-4.8120 -4.6520
3.5734 5.3217
8.1529 3.8336
7.4688 -5.1567
-5.2290 -3.8907
-3.2685 3.4710
13.4130 8.9636
9.8585 -3.4738
-5.6614 -6.6495
-4.6346 -4.3018
8.1749 -3.8289
-4.1246 3.7175
-6.0578 -5.8845
3.6141 -4.4448
9.6398 8.9173
-6.4621 -3.3910
7.6811 3.4817
9.2217 -6.3779
-5.3343 3.5000
-4.6875 3.3224
-6.2024 -3.9272
-7.3669 7.8950
4.3068 -5.3129
-3.4624 -7.7198
3.6993 -2.8376
-4.9643 -5.2758
13.3148 3.2664
13.5831 -6.6235
3.5380 4.0125
-3.4902 -7.7365
3.8290 4.1830
3.6973 4.1040
3.6923 -4.7890
-3.4092 -3.4070
6.2664 7.9923
-5.5111 -3.5389
-5.5315 2.5601
7.7204 3.1432
-6.0513 -3.5971
-6.4001 -5.9734
-3.3721 -6.2050
-7.4184 8.8485
-2.6610 3.8316
-6.8004 9.8644
-5.8331 -4.0598
-6.2008 -6.0659
12.3355 7.0197
-5.8936 8.5696
-5.7168 -7.4205
-5.6412 4.2228
9.0023 9.4924
-6.4713 -7.0724
3.8997 3.6473
-6.4208 -6.2670
-4.2995 -3.3550
7.6537 -3.9809
-3.7569 -4.7155
7.7034 8.6981
-3.3902 -5.2384
5.4256 -7.0266
-5.4035 -6.9935
4.1615 -4.8221
3.6232 -6.7131
-2.7899 8.1627
-5.4074 -3.1835
6.6942 -4.2003
-6.1332 -5.0154
-4.2373 8.2438
-4.0905 3.7402
-2.6623 -5.6113
7.4506 -6.5632
-5.6811 3.9225
-5.2005 8.9059
-4.4616 -5.3455
2.8026 9.2835
10.4423 -6.3542
10.3253 -2.1800
10.8405 -4.5318
-6.2497 -4.9807
2.8770 -5.4614
-2.5490 -9.9941
-4.5931 3.5382
-5.9706 -3.1643
-5.3720 -6.1198
6.1842 -5.2252
-5.4986 8.1273
-5.2433 4.6091
3.3486 -5.9687
9.4140 -4.9079
-5.2808 -3.7057
-5.6929 -4.5246
-4.4448 -6.5343
-3.3187 -3.5899
9.9679 -5.2714
-5.6648 16.0444
-5.2148 -4.5879
3.3288 3.8690
7.5051 -5.0823
3.4429 3.7567
8.9765 10.2624
-6.7042 5.3970
-5.7842 3.5925
-3.1824 10.5184
-4.5699 -5.9426
-6.1978 -3.7722
-4.9847 6.6841
3.5989 -5.4084
-5.6196 13.5223
2.7191 -5.0084
-4.6605 8.7492
4.1896 8.9358
-5.4331 -4.1742
-6.6930 -4.3153
13.3742 -3.9986
-6.1165 3.4580
12.6647 11.1087
-3.7593 6.8457
-4.5037 -2.3134
-4.8840 4.4165
-5.9947 -5.2278
3.6874 -5.3159
-5.7404 -5.1461
5.4045 9.3268
-3.1768 12.0432
3.6969 -6.3639
-6.6161 -2.3313
4.0787 4.0150
-6.2378 -3.1219
3.7007 13.3226
3.7427 4.0711
-4.1284 -5.4657
-7.6192 3.6503
-4.8923 -2.8947
3.4063 -3.6602
3.3788 -5.7281
4.0957 10.3878
9.9718 3.4417
-3.9104 -6.3754
-6.1363 3.8254
3.4521 6.8813
14.7290 -3.0831
-5.7167 3.5951
9.6373 -5.2241
3.7024 -6.7723
-3.0833 -5.3351
12.2395 7.0767
-6.9554 3.8485
-6.6162 -6.4336
3.7224 14.6539
-5.3622 11.2387
-8.5482 3.2292
7.8350 8.0780
8.4510 -6.7289
-5.8095 13.2532
3.7866 3.5276
12.2735 -7.0753
-1.7697 -4.6407
4.1933 -6.7672
10.5617 -3.2092
-1.7203 3.4235
-4.0938 3.6100
10.6162 8.9405
3.5227 -5.6961
-4.3740 -6.3789
6.6956 -3.2617
10.2292 3.2761
3.9288 3.7290
10.0111 4.2270
-2.2249 3.7155
13.2862 -3.2522
4.1381 -4.1098
6.3071 10.4116
-2.6449 -3.7484
9.2225 -5.2214
-6.6875 -6.3004
-2.3151 4.5313
3.8391 -3.4417
3.6258 10.9321
-5.5091 11.3928
5.8818 8.7739
-4.3078 -6.2330
-8.0705 6.9233
4.1273 -6.4635
-4.0820 3.5520
-4.7992 -4.0371
12.6046 3.6291
10.8073 3.3335
-4.5923 -3.6083
-6.3461 11.5296
7.2752 -6.7332
5.0694 11.3714
-5.1548 7.5377
4.5035 -3.2896
-7.0745 3.6742
11.0089 3.8400
5.1131 -3.8389
-6.4431 3.9466
-5.9735 -5.8250
-4.5207 -5.4885
-5.4773 -7.4278
-4.4892 3.8598
6.3500 -5.5789
8.3890 -3.3812
9.4877 -6.0692
-3.4164 -4.3730
-2.6216 7.3292
-6.0857 -6.3772
7.3498 -4.8725
3.0770 -4.2136
3.9123 -3.2634
-6.5263 8.5559
-4.3672 -4.4725
-1.2914 15.9271
8.7646 3.8681
-4.2551 -5.9021
-5.1066 3.9078
12.3395 3.8665
-6.2445 3.8241
-5.6893 11.1010
-6.3196 8.6056
-5.5092 4.0122
-6.1155 7.2176
5.0810 -6.0066
7.2728 -6.8620
4.1115 -5.6383
-5.4819 4.0407
9.6309 -4.8098
-3.3845 -6.1937
-3.2778 8.4222
-3.4871 -2.7908
-3.8127 -6.3891
-3.2707 -3.5847
-4.8838 -5.9228
-4.2102 4.1211
4.6818 -4.7287
-5.7715 -3.6296
-3.2193 -4.5231
-5.1781 -6.2164
-3.2903 3.6728
-2.3191 -7.1288
-2.5619 -2.7998
-6.0168 -3.8971
12.4618 -6.2246
-3.6720 3.9186
-3.3852 -6.1115
-6.1731 -6.1163
3.3080 6.2377
8.2171 7.5298
-7.3908 -5.4363
-7.0297 5.3564
-3.9414 3.1265
-4.5980 -3.1294
-4.7948 -6.3565
-1.6772 -2.9162
4.1508 3.8474
-5.5652 9.3777
-3.4458 3.5255
3.2852 3.9199
-3.9710 6.7136
11.2168 -7.7832
-4.7897 -2.9537
-4.0771 -6.7429
-5.2695 9.7369
-4.4980 9.6223
-3.9346 -3.9916
13.3616 11.1707
-4.4791 3.6307
1.0283 -5.8065
-6.8034 -5.0931
12.5050 4.0487
-5.5362 -3.0817
12.9761 8.9617
3.5045 -4.3981
-3.4277 4.1344
-6.1167 -4.7306
10.2765 -4.9364
9.2114 -5.3494
11.9294 -5.1712
-3.7751 12.6363
16.2311 -8.2879
-6.0626 6.7000
4.3680 12.4728
-4.2196 11.7701
2.9772 -6.6972
-6.7152 4.1059
7.3586 3.5492
-6.8036 -2.7517
11.0752 -5.1796
9.5063 3.2846
2.0791 8.0928
-6.6301 -7.6175
-4.6458 10.2351
-5.1093 -6.3154
-4.4389 -5.0054
-2.6784 4.0535
-6.0334 -4.7021
3.5338 -5.9314
-4.2303 8.1888
3.4368 3.6130
4.0791 -5.8436
-6.4357 3.8971
-6.4595 4.1869
2.9692 7.7533
-4.9711 -7.3326
-2.9327 -5.7178
-6.0404 3.5313
3.3642 -3.8102
4.5055 -4.7521
-3.1674 -5.9229
-6.0165 -6.4309
-6.9626 10.7166
-5.1169 8.2114
3.3384 -3.5837
-4.2484 -2.5891
5.9563 -6.4074
-4.6430 -3.8922
-5.9533 9.2157
7.1965 -6.4356
-4.1709 3.9296
-6.2170 -6.9006
-6.3664 -6.3317
11.3890 -5.0077
-6.3804 -4.9601
-5.2444 -5.1266
-4.8952 3.3522
-5.5424 -3.1091
-4.1753 9.8642
3.2298 -9.5304
-4.7412 -3.4556
-6.2296 3.7642
-5.3454 15.5681
-5.5793 11.0592
-3.5879 9.7607
-4.8648 -4.7228
-4.4315 -4.0299
-4.8095 -3.6980
-1.9813 12.6219
-4.3156 -3.2785
3.4834 3.2393
-5.1822 -6.0388
-5.1591 -5.8689
4.1395 -5.4836
-6.1859 -5.7572
4.2167 2.8696
-2.2782 -4.9613
3.0138 8.2922
-5.8722 5.0973
-7.2882 8.4049
-6.6830 -4.2690
8.1459 -5.1414
4.1554 -5.5561
-5.3039 -5.3234
-3.1770 13.8993
-3.5093 3.5229
12.7372 -4.2741
-5.1288 -7.0895
-6.2524 -2.5329
-4.2822 3.9007
-4.8183 -3.4889
-8.0628 6.8131
-5.3732 -3.2697
-6.6979 -4.4795
-2.2727 -5.8828
12.3725 -5.2952
-3.5183 -7.0073
5.7246 9.0304
12.9942 -4.5531
-6.6633 10.0500
3.9840 -4.3546
-5.4644 -5.6814
-3.5118 -5.9434
-3.4342 -4.2845
3.9308 -4.9387
9.0057 -5.7649
-1.4545 -2.9778
12.6363 -4.0299
-5.0718 10.9726
4.1631 11.8407
9.5082 -5.9395
-6.3250 -5.5066
3.9011 -3.3285
-5.2297 4.2806
3.2844 -7.0662
-8.5072 -5.1837
-6.0199 -6.4900
-5.6093 5.4068
-6.3390 3.4649
-7.2812 9.3204
-4.2908 3.6817
9.2033 11.3697
3.2668 10.6635
-3.3325 -5.3641
-6.7548 3.2285
-6.3034 -3.9131
-5.7097 -5.5075
11.2313 4.2239
-6.2116 -4.3975
-6.5657 8.7742
4.2299 -2.6207
-5.1696 -5.4862
-3.3371 15.1229
-5.3973 -5.9273
-4.8897 -6.3144
12.8317 -5.0993
-6.5540 -5.3492
-3.2612 7.2202
4.0256 -6.1769
4.2149 -3.3583
-3.5896 -4.9615
-6.6340 1.5651
-6.0288 10.2309
-6.2930 -5.7556
-5.8719 -4.2012
-5.2647 12.7264
-3.5826 5.0990
10.8710 3.5830
3.5210 -3.3523
6.5819 3.8494
-5.3073 -5.4297
8.4472 -5.0059
-6.0490 5.9563
13.5820 7.0456
-3.7656 -3.9906
-4.2393 -3.6932
-7.8276 -6.8538
11.3291 -6.0621
3.5059 9.8340
-5.3085 6.7517
3.3725 -5.5536
4.9386 11.1654
3.2206 -5.0134
-1.9764 -4.0274
9.9490 -4.4842
-5.1330 4.0020
10.0682 9.6691
-7.6232 6.0456
-7.0108 14.6545
-6.1808 8.8603
3.1153 10.5039
-5.0211 -3.7863
8.8991 10.4961
-5.4460 -3.5577
4.3898 6.7059
3.2973 -3.1790
3.6037 3.7708
-6.9028 10.1452
-5.7656 -2.5978
-5.8780 -3.8114
3.9577 11.4019
3.6345 4.4793
3.6252 -5.5734
-5.7770 10.1352
-5.5398 -6.7193
3.5890 -7.8562
9.4424 3.5760
4.1727 -2.1421
-7.2423 3.4828
-6.8227 7.0755
-6.7916 -3.5214
6.3421 -2.6869
11.2149 -6.8138
8.1896 -4.8692
-5.9572 8.8787
10.1873 10.7014
-5.0395 -5.6746
5.3197 -5.9584
-5.5943 -2.6695
-2.3458 4.0830
-6.4588 11.2449
3.5193 -5.8447
-4.3924 -2.4637
3.6554 -3.9754
-5.9924 -4.8676
-5.9396 3.7799
3.8168 4.5173
-7.5827 3.5572
-6.4053 -5.5796
-1.9115 -6.6859
-2.5518 4.3569
-5.6309 3.5470
3.4736 -5.7775
3.9229 -5.5320
4.5016 -3.0765
7.0637 -6.8372
14.2392 3.6963
-5.6394 3.8093
-6.0292 -7.3099
12.3775 -4.9272
-2.4512 12.7940
9.3297 -7.3813
4.4589 14.1557
7.6050 -2.1940
3.7913 -5.5202
11.5946 3.6692
4.6760 3.3937
-7.0172 -6.5828
3.7486 -4.3482
3.3867 10.4948
-6.4249 6.7757
-3.1410 -4.8387
-6.1209 3.4779
11.7331 3.8365
-8.7342 -5.4165
-3.2301 10.3930
-6.1161 -3.3260
-5.5986 3.8192
-4.9197 3.7185
8.0895 10.7377
-5.6773 7.4687
-4.6506 3.4703
7.2053 -2.6028
4.1290 -7.7995
-3.6472 3.3516
-6.2159 -7.7762
-3.6444 -6.8910
3.5391 -2.9853
-4.3999 -6.4760
-3.8663 -6.2249
-4.1169 10.8828
-3.1440 -4.9933
-6.5996 -3.4434
-6.7670 -6.9205
-1.9710 9.2951
2.9273 4.3407
-3.2898 8.1120
-6.2804 -4.8796
-6.6515 3.8982
11.5693 -4.9104
-2.2992 3.3908
-7.1458 -3.7466
-6.7467 -7.4570
-5.4063 -6.5366
-5.2683 -3.0729
3.5859 3.9345
-3.5099 -3.7062
3.5002 -3.9703
4.4440 3.1573
-5.7787 -3.3784
-2.5358 -3.8924
-5.0445 9.3603
3.8153 3.8532
11.4640 -5.3942
-4.4565 9.8209
-3.8690 -3.8256
10.5662 8.0084
-5.7324 -5.1867
11.6546 3.3420
-3.2838 -3.8239
-5.8410 -3.4323
-5.1142 -6.1260
13.8048 -2.8786
-4.9682 9.4028
-3.4758 3.8166
-5.7565 -5.8907
-3.3174 -5.8496
6.1839 6.9308
4.1344 -6.2409
11.4964 -5.9640
-7.5364 4.0575
-3.3096 -4.3918
7.9969 -3.3023
-5.7150 3.2750
6.9009 -5.3021
3.3904 -6.0648
-5.2960 3.4378
-2.5948 -4.9223
-4.8077 9.3757
3.7065 -4.1952
-4.4239 -3.0192
-5.4845 -3.0614
7.4150 -5.1970
-7.9712 -8.0014
13.3962 10.1709
3.5981 11.3318
3.3982 -6.6326
4.2651 -6.7941
-5.5464 2.9389
8.3137 3.7192
-5.6311 4.0348
3.0425 -6.0090
11.2572 3.3253
-3.8765 -5.3080
-5.1323 8.6052
8.9744 -6.7062
3.4478 -5.7688
3.4399 -4.5921
-3.5930 -5.6312
4.2566 -3.8948
-2.1334 7.2355
4.4958 -3.4824
-6.9826 -2.9427
-3.4046 3.6843
-7.7613 -2.6772
-1.8681 7.2134
7.8491 14.6232
-5.1698 -3.8005
-6.1056 3.3540
-8.6343 -3.9508
-6.3808 9.3204
9.7829 -7.8457
-3.5386 -2.8770
-4.3693 -6.4230
3.6324 -8.6197
-2.8907 6.4304
-2.6554 -3.9127
9.3687 12.6624
12.4617 12.2781
3.4018 3.2427
-3.8813 -1.7864
11.0813 6.2546
10.0233 4.0337
4.0386 -4.1388
-4.7044 -4.8066
9.8247 -6.2575
-6.7314 3.6699
7.0714 -4.3541
3.9497 -6.2485
-7.9131 -3.0642
12.9349 -6.6446
3.8113 8.3458
11.2511 -6.2601
-6.0730 -5.2589
9.1596 -4.4212
-6.0875 -5.0594
-5.5003 -6.6314
-6.2715 -3.7635
-6.5525 -6.0101
-3.3797 10.5699
-5.4177 10.3522
-5.6626 3.4815
-2.9660 -5.3950
-4.6397 -5.2389
-4.2370 -5.8443
-3.9326 3.9496
-5.4625 -5.7449
-2.9522 -4.3340
11.7440 12.1999
4.3122 -6.4504
-4.9555 -8.4273
-8.7660 -6.0415
-4.7145 3.5700
7.3906 -6.9299
4.2238 5.6566
-7.0051 9.1838
-5.7662 -5.6411
7.1687 -6.1306
4.5928 -6.1296
8.8539 -7.0421
4.2416 -5.3805
-4.6293 -3.8931
3.3343 -6.0460
10.9672 -4.8118
-4.6092 3.4886
-6.5224 -3.1534
3.5327 6.7400
-5.2020 -6.5223
5.3683 -5.5672
4.2892 9.0725
-6.1343 4.1964
-5.6845 4.5388
-3.5588 -3.7034
4.3518 8.6587
4.1095 -4.8149
7.2787 -4.2451
-4.8235 13.2484
-4.3077 3.8591
-5.4378 3.5526
14.1430 -6.9480
5.6061 -6.6326
-5.4818 -5.0809
10.7374 -3.0929
3.3442 -5.4765
4.1435 11.9065
-6.9640 -5.1241
8.1823 4.0790
3.7886 4.1913
-5.3942 -4.8896
-4.1117 -3.6107
5.4440 12.0881
-3.7417 -4.5253
4.0181 -3.8496
12.2297 -3.2480
3.9606 4.8937
-7.3394 5.8270
3.4513 4.0355
-4.4787 -5.4646
3.4468 -2.9753
3.0325 10.9666
-7.1334 -5.7827
8.3329 -3.8173
-7.4828 -5.5314
2.3684 -6.4557
7.9773 -4.3123
10.0653 -7.6385
-2.5350 -5.2074
-5.4935 -6.4845
-3.9523 -5.0884
-3.3669 -6.4118
-3.8876 3.6373
-3.4304 3.2566
3.6592 7.9295
-3.2283 -5.1159
4.4286 -6.0508
-3.8173 -6.9230
-3.5446 4.1241
3.8305 8.9652
-6.5529 9.2955
-4.6952 3.5015
-5.8982 3.5738
-5.9435 -3.4766
10.6466 -6.0242
10.5675 4.0812
8.6839 -5.7624
4.1996 7.3694
4.0039 -5.3850
-5.9017 -4.5286
-3.6556 7.3531
3.9760 -5.4811
3.7636 -6.4095
-4.1179 -5.5394
6.9457 -4.1918
-6.7391 6.7211
-6.1065 9.4025
-4.4912 -5.7324
-4.7236 -6.2486
10.3089 4.7959
2.7335 -4.4352
-6.0947 -3.9311
9.7179 -2.7606
-6.2399 -6.1785
-3.5373 -2.6006
3.4172 -3.9142
-4.4296 -2.8188
5.9202 -4.5573
-5.4248 -4.4774
-4.3513 -5.6465
7.4671 -3.2572
3.9361 -6.1493
-5.0673 -3.9724
19.0795 -4.1536
-5.0692 7.5032
-3.7814 -5.5793
-3.1072 -6.7564
6.2698 -3.3129
-3.6094 -7.9022
6.9532 -5.1947
-6.8555 -4.1035
-7.7941 -7.7314
14.3678 -4.0904
3.9841 4.2356
-4.7952 4.5496
-3.9573 3.3028
-3.4833 3.4371
-7.3474 -5.4343
9.4850 3.3233
-3.0574 -3.5988
-8.8213 6.1242
-5.9991 6.3591
-6.2925 10.0003
-5.4356 -6.4386
8.2131 -5.2271
-6.3275 -4.3318
3.3668 -4.3339
-3.5200 7.6939
11.5258 -2.7737
4.0333 3.7000
-6.1169 8.3157
-4.6041 -4.7421
3.7996 -5.7037
8.8455 -2.7237
2.8899 -5.3072
3.6291 3.7160
-3.4673 8.3315
10.9203 -5.3772
-4.7428 -4.8730
-5.5709 11.2038
8.6979 -5.6676
-2.6250 4.0846
13.2475 3.6673
-6.9457 9.1449
5.2993 -4.9682
-6.5515 2.5319
7.9438 5.9074
-4.1068 3.9232
3.4515 -6.0334
-3.4409 -4.3951
4.1870 -6.3111
-5.8511 -5.0612
-2.6841 -3.8896
-6.2428 9.8954
3.9526 -4.3063
-3.1930 4.0149
-5.2922 -5.6579
-3.0220 11.3336
-5.6136 -0.9666
-2.5828 -0.8686
-5.7601 -2.4584
-0.0859 -0.9803
-3.0201 -0.0922
-3.1164 -0.1786
-0.6796 -0.4659
-2.5245 -4.7398
-0.2515 -2.8891
-0.9255 -8.9990
-2.3916 -5.1928
-2.9407 -6.4487
-0.6585 -0.2635
-6.5436 -5.8605
-7.8336 -6.6480
0.1820 -0.5076
-0.7826 -0.4716
-5.3721 -0.3520
-0.8378 -0.7702
-5.3220 -2.8471
-0.9695 -5.9363
-0.5776 -1.5707
-0.6815 -3.0500
-1.4750 -7.0150
-7.9726 -8.6637
-0.2195 -2.3336
-4.8116 -0.1023
-2.6800 -7.9387
-0.3874 0.0193
-0.2941 -2.3885
-1.2794 0.5864
-2.8604 -0.6301
-2.6340 -1.0228
-9.0724 -2.5039
-2.4681 -8.2234
-2.7023 -2.8830
-7.7647 -0.2484
-0.4557 -0.7381
-2.8169 -0.7486
-1.0564 -0.1941
-0.5174 -2.5825
-7.5960 -2.6569
0.1306 -0.2462
-1.8496 -5.2742
-2.9391 -0.9242
-0.8414 -0.5730
-7.6546 -1.1417
-8.2689 -6.8989
-9.5758 -0.9081
-2.6997 -0.4831
-0.1952 -0.2654
-6.9766 -4.5241
-3.9229 -8.2868
-1.3478 -0.3266
-2.8192 -0.6621
-10.4329 -7.0701
0.1573 -6.8456
-1.1984 -1.2890
-11.6604 -2.6703
-5.1623 -2.2511
-6.3497 -1.0520
-9.7811 -6.6556
-0.9323 -0.6264
-2.3176 -11.0495
0.1172 -0.4223
-0.1897 -2.5605
-11.6969 -4.5406
-3.3667 -4.1707
-0.7118 12.3564
-1.8283 -1.1639
-1.6887 -0.2268
-7.1678 -0.8300
-0.2913 -8.8319
-0.8012 -4.6221
-6.4338 -1.0792
-5.2412 -0.8181
-9.0012 -0.4209
-8.4130 -8.1924
-1.1038 -7.4459
-2.7961 -0.8417
-0.5840 -5.9559
-7.3534 -0.1802
-7.1296 -0.6500
-2.6476 -2.7496
-0.7985 -3.2819
-1.0363 -0.6591
-3.7654 -5.9622
-2.8249 4.7632
0.0558 -0.7617
-0.8458 -9.3795
-0.9916 -4.9043
0.3399 8.0356
-0.4009 -6.7355
-5.9042 -2.8597
-5.9536 -4.5518
-0.1876 -0.5436
-7.0791 -0.1797
-13.0961 -10.2041
-0.6748 -0.4261
-0.8762 -0.9955
-10.9502 -7.6713
4.1156 -1.1886
5.4912 -0.6008
-6.5647 -7.2924
-2.7561 -0.0252
-0.3325 -1.7388
-8.5210 -0.2574
-1.3822 -0.6498
-2.7184 -2.8917
-1.3295 -6.8428
-2.6187 -0.7695
-5.7568 -0.1096
-2.7973 -7.7477
-2.5314 -2.5817
-2.7040 0.1827
8.1864 -2.5930
0.2388 -7.1580
6.9147 -1.0572
0.0789 -1.1603
-0.4983 -0.7054
-0.1934 -2.8035
-2.8515 -0.8405
-5.8118 -2.9718
-1.1136 -2.6884
-0.7103 -8.2386
-0.5766 -9.6167
-7.7696 -1.0530
-2.9742 -2.8464
-8.2796 -0.9281
-0.5956 -7.3870
-0.3224 -0.1795
-6.6982 -8.6115
-1.1206 -0.6570
-1.3756 -1.3231
-0.2644 -8.7109
-6.4442 -2.3644
-2.7466 -9.7811
-9.7621 -1.0043
-2.5741 -0.9714
-6.2421 -5.5450
-1.3991 0.1326
-0.2435 -2.9650
-7.1356 -2.6941
-1.1050 -8.6339
-0.7988 -0.5309
-0.5237 -4.6064
-2.4764 -0.1491
-5.0136 -2.7141
0.4634 -0.5388
-0.2110 -2.4840
-0.6107 -0.4587
-2.5281 -10.5037
-5.4713 -2.6876
-2.7068 -4.6374
-0.7732 -2.6134
-9.0596 -5.8986
-0.5034 -0.9002
-0.9489 -10.6314
-2.6978 -11.3857
-10.3978 -2.6690
-5.5318 -2.4132
-2.6575 0.0392
-6.2746 -3.9795
-2.2083 8.7318
-2.4820 -2.7235
-2.8705 -0.3662
-2.7654 -0.9665
-0.3863 -1.4704
-5.2412 7.9802
-0.7249 -1.3021
-5.3892 -0.9718
-2.9472 -2.7520
-0.4934 -4.9505
-0.1362 -1.4774
-0.0234 -2.7310
-2.2696 0.0566
-0.2042 -2.7326
-6.1107 -9.3030
-6.6646 -7.5078
-2.6416 -9.1892
-0.8266 -2.3542
-0.3212 -0.4102
-3.6638 -0.0433
-3.9245 -1.1091
-2.7230 -2.6382
-1.0797 -5.9699
-1.3680 -6.9158
-2.7544 -1.5921
-0.6492 -0.6686
-0.7400 -2.6546
-7.3420 -0.0587
-0.5720 -2.6417
-5.2363 0.1622
-0.8295 -2.4950
-2.7213 -7.5491
-7.5846 -9.8657
-3.3305 0.0153
0.3783 -0.9518
-0.6679 -8.1129
-2.6399 -0.0949
-0.6040 -9.2797
-2.9935 -0.7878
-11.8770 -7.1826
-8.0081 -8.3040
-7.6456 -6.0216
-10.7883 -0.1797
9.9442 0.1193
-7.8755 -4.1015
-0.0783 -10.5901
-0.7975 -8.5412
-2.9271 -0.6194
-9.2938 -1.2438
-0.6696 -6.5211
-2.8127 -8.6844
-2.5800 -0.4016
-7.1229 -7.0600
-2.5004 -0.7391
-6.0407 -0.3937
-7.3796 -0.3018
-9.3515 -0.1773
-9.4563 -2.5521
-2.6358 -4.1021
-0.2202 -9.4695
-8.1103 -2.5846
-2.4309 -1.6109
-5.7372 -2.8386
-2.6240 -4.6660
-0.4278 -0.4566
-2.6075 -0.5514
-7.9111 -7.5041
-1.0249 -6.5635
-5.7553 -2.7219
-7.2101 -0.0813
-0.6578 -11.3451
-0.1985 -0.3832
-10.7277 -2.2524
-12.4413 -2.5190
0.2501 -2.4650
-2.5274 -0.3169
-2.4948 -0.7704
-9.3836 -1.1243
-4.9362 -9.6397
-0.2125 0.1285
-0.9006 -3.4983
-7.2732 -0.1628
-4.9283 -9.1261
-6.7682 -1.4914
0.0822 -0.3612
-0.1973 -5.9081
-3.6351 -10.8161
-0.4388 -0.2051
-2.5937 -2.4853
-0.8665 -0.5495
-10.2487 -0.5449
-9.4706 -6.5903
-5.8459 -7.0523
-6.8935 -0.7482
-1.1112 -5.5381
-4.8059 -6.9298
-11.3329 -8.7216
-0.4066 -6.4426
0.0363 -6.8139
-7.3662 -0.6672
-2.6870 -9.5491
-1.1057 -0.1767
-2.7390 -2.5643
-0.7085 -2.5635
-1.7887 -2.9701
-9.1961 -6.5937
-0.4061 -2.5408
-1.6403 -7.5198
-2.6877 -10.2909
-0.1487 0.0747
-0.5028 -0.3460
-7.2390 -3.5533
-9.8029 -2.6596
-2.7235 -1.1944
-0.9976 8.2847
-0.0053 -0.5120
-1.0481 -2.7599
-9.3445 -0.3109
-0.2079 -2.5791
-2.4031 -0.2798
-1.6937 -2.6182
-0.5167 -6.3124
-6.2768 -1.2402
-6.3904 0.1318
-0.9999 -8.2822
-1.1152 -0.2730
-0.7187 12.2383
-3.7328 -6.1988
-0.4757 -7.3635
0.1827 -7.3321
-1.0093 -2.8385
-2.8666 -2.6317
-1.1549 -0.4249
-8.4933 -6.4944
-1.5418 -0.7180
-0.7032 -9.2789
-0.4749 -0.2637
-7.8407 -2.5847
-4.7504 -4.5665
-0.9752 -0.3689
-0.0731 -8.0524
-1.0353 0.1667
-2.8783 -1.3137
-0.3625 -2.7629
-9.5027 -7.3762
-5.4043 -5.4387
-0.5314 -8.5262
-1.0170 -3.8596
-2.5608 -2.8114
-5.8184 -2.6218
-7.3806 -1.6133
-1.5879 -1.3029
-6.7820 -2.6778
-7.5095 -1.2527
-2.6534 -8.5441
-0.9509 -7.3105
-7.1988 -0.4643
-2.7317 -8.7529
-4.4301 -2.8431
-0.0771 -5.8545
-2.6761 -0.6402
-6.5738 10.2254
-0.8864 -6.0356
-5.0732 -4.4967
-0.5546 -7.2734
-0.4627 -7.2244
-2.5343 -1.1754
-0.1829 -2.1716
-8.0150 -2.4670
-10.6372 -0.7922
-2.9454 -2.7410
-7.4619 -5.7910
-0.7897 -6.8366
-0.4354 -0.4650
-2.9513 -5.4565
-2.5126 -2.5999
-7.8969 -8.4371
-7.6265 -2.4433
-3.6441 -0.8998
-11.9359 -2.3669
-0.9197 0.0538
-6.6449 -9.0603
-8.3994 -0.3134
-2.7613 -4.4479
-0.0198 -0.3753
-6.8997 -1.4316
-1.8301 -5.8971
-6.4157 -0.6657
-1.0668 -7.1390
-2.8814 -3.0759
-6.6203 -0.2876
-5.7277 -5.7909
-7.3731 -7.8577
-6.2465 -0.3981
-10.4723 -7.7725
-6.6003 0.0523
-8.5331 -0.2321
-2.3434 -2.8800
-7.5243 -0.9134
-0.5094 -2.9402
-5.5074 -0.2084
-2.7007 -2.9412
-0.3561 -2.4444
-8.7012 -0.6324
-0.5029 -0.6576
-0.3724 -7.3018
-7.5637 -0.7735
-2.8904 0.2215
-7.0731 -1.2818
-0.9684 -4.6733
-4.9788 -5.2697
-2.7014 -0.2589
-0.1838 -0.0727
-0.8743 -2.4875
-7.0202 -9.2522
-2.7447 -9.9535
-1.0258 0.0806
-0.9144 -1.6496
-2.5329 -7.9242
-7.4626 -10.4559
-9.3358 -0.5500
-0.1957 0.1171
-1.4232 -10.4257
-0.6679 -7.0130
-2.6105 -0.0552
-0.2874 -2.8055
-6.3271 -7.0892
-6.7770 -0.9941
-5.9978 -5.8647
-2.8970 -7.8882
-0.6768 -0.4322
-2.9354 -1.2266
-2.7777 -0.4797
-4.4239 -0.3144
-10.2907 -8.6377
-0.9783 -0.3460
-0.6098 -2.6296
-10.2853 -0.9682
-0.3608 -8.3084
-2.6649 -5.6366
-0.0376 -2.9268
-2.4364 -6.5072
6.8967 -2.7729
-2.7071 -3.0470
-2.9761 -2.3002
-3.2498 -3.2247
-6.9313 -4.8574
-4.4320 -1.0654
-3.0394 -1.1390
-9.6758 -5.7948
-2.7697 -1.0369
-0.5119 -0.8066
-0.8173 -14.2574
-0.3827 -0.3858
-8.1576 -4.7904
-2.8612 -0.5162
-7.0586 -1.2111
-0.4502 -0.9643
-0.9982 -6.7143
-8.8468 -0.4909
-8.3753 -0.2541
-0.4644 -0.4365
-2.8704 -7.5791
-9.3129 9.4879
-0.4156 -2.6816
-2.7730 -0.6152
-0.3435 -1.0045
-3.5128 -5.7308
-5.1391 0.0065
-0.1042 -9.6549
-6.8888 -3.9699
-0.7357 -6.9550
-0.9840 -1.2958
-0.3325 -2.4944
-0.1991 -2.7726
-1.2531 -6.8860
-8.6808 -0.5982
-4.6203 -5.2603
-0.3583 -0.4541
-0.2086 0.0194
-8.5264 -6.9020
-2.8947 -4.6752
-0.7728 -5.6605
-0.8766 -0.5222
-2.8567 0.3953
-5.6638 -7.5758
-0.7785 -2.1309
-7.7009 -9.5800
0.0720 -5.0659
-8.1829 -6.0500
-0.4028 -0.0047
-1.2512 -2.9389
-0.4782 -2.2794
7.2653 -1.1326
-9.1981 -0.4660
-4.7070 0.1994
-0.4666 -7.8219
-0.3279 -0.3921
-7.6390 -0.3860
-2.7078 -2.4048
0.2927 -5.2254
-0.4199 -1.5596
-5.1617 -0.5072
-8.0490 0.3662
-1.2121 -7.3670
-7.5204 -6.3644
-0.7627 -0.3650
-6.0924 -6.7284
-0.1112 -2.7624
-2.7250 -6.5040
-0.6520 -2.9190
-2.8580 -10.6196
-8.0807 -0.1552
-4.5655 -0.7125
-2.4976 -3.5157
-10.0857 -0.9845
-0.2532 -0.2468
-8.4890 -6.8674
-7.6913 -2.6622
-0.5275 -0.4103
-9.3579 -2.4055
-0.6716 -0.4686
-7.2100 -2.7023
-6.9938 -0.3748
-0.1778 -0.4283
-1.0066 -8.1297
-0.5102 8.4215
-2.7001 -7.9726
-8.5291 -0.2882
-8.8216 -5.7528
-3.5498 -1.0488
-2.5116 -1.3621
-0.3215 -2.7568
-0.5126 -0.5535
-0.8759 -7.4797
-6.7218 -5.1096
-8.4938 -2.6838
-0.5305 -0.6644
-3.7893 -2.8633
-2.7041 0.2496
-0.0301 -2.8534
-10.6832 -2.7239
-2.8304 -6.2428
-0.3208 8.1920
-2.5589 -0.6912
-6.7056 -2.7478
-6.6764 -2.8182
-0.4206 -2.8363
-5.9663 -8.3396
-2.3770 -5.4157
-0.7564 0.0400
-2.5095 -8.4408
-7.4777 -6.6506
-8.6577 -0.4566
-2.5770 -6.6443
-0.1462 -2.4815
-1.1362 -3.6279
-4.0339 -7.2244
-7.6615 -0.9322
-2.7568 -0.8030
-0.7094 -2.7085
-9.6483 -0.5498
-6.6891 5.3228
-2.5753 -5.0999
-7.7211 -6.5680
-0.4052 -0.4172
-5.1478 -2.6260
-2.6084 -8.9295
-0.9962 -2.3731
0.0344 -2.6501
0.2287 -5.8692
-8.6078 -2.1040
-2.8870 -3.6531
-2.5820 -8.7664
-9.6491 -2.5476
-0.3587 -0.8867
-0.5707 -9.2042
-4.8755 -7.7657
-2.7148 -2.5052
-2.6607 -10.2296
-2.5691 -4.5555
-2.6857 -4.9872
-6.0545 -2.6738
-0.2865 -9.8216
-7.2921 -1.9487
-10.4829 -8.4961
-0.7156 -0.1721
-1.3099 -7.0157
-2.5910 -2.7481
-10.8555 -2.4552
-7.2260 -0.3943
-7.2555 -9.4715
-9.1844 0.1736
-0.4442 8.2981
-10.8029 -2.4595
-0.8453 -0.0293
-8.7241 -0.0992
-4.0991 -7.3559
-2.7504 -5.9969
-2.6493 0.1319
-5.8866 -0.9900
-7.1362 -5.8635
-0.9212 -8.2272
-6.7025 -4.2574
-5.1145 -7.9780
-4.9110 -0.4226
-2.6148 -7.8406
-2.3030 -6.9736
-7.5731 -1.3124
-2.7185 -1.2910
-0.4542 -0.4641
-0.0526 -0.6853
-0.8858 -5.9321
-2.3938 -5.4262
-0.7201 -6.5783
-0.9318 -8.2609
-1.1440 -5.1376
-8.4126 -6.5033
-6.4658 -1.0330
-0.4302 -11.8452
-0.7332 -2.4651
-6.6378 -2.8308
-4.7442 -0.4004
-7.2025 -0.5575
-7.5486 -8.6302
-3.5223 -5.1410
-2.9621 -7.1235
-0.5299 -0.5804
-2.8859 -8.8593
-3.1256 -0.2723
-2.7633 -0.8484
-10.5394 -1.2558
-4.3888 -0.3786
-2.5971 -1.5094
-7.2827 -9.5900
-1.4264 -8.1580
-0.9410 -2.8081
-0.0849 -1.0439
-2.6967 -7.2578
-1.2908 -7.9723
-0.0902 -6.4211
-8.6739 -8.1626
-6.3357 -4.3809
-0.3909 -0.9868
-8.2151 -0.8437
-0.2896 -0.4649
-2.7502 -2.6372
-0.8169 -0.4194
-0.7679 -4.5297
-0.5140 -0.4607
-0.4706 -6.5896
-2.7914 -4.2606
-0.9770 -2.2888
-5.5482 0.2946
-0.2023 -3.2756
-1.4174 -10.1068
-2.8675 -4.2616
-0.6333 -0.5528
-0.0861 -2.7102
-3.6281 -3.5033
-5.2079 -0.5754
0.0438 -0.1212
-7.3358 -9.8249
-2.6311 -0.5168
-2.6524 -0.7237
-0.7421 -7.8126
-7.0169 -2.4834
-2.5318 -0.0895
-4.3434 -6.3112
-2.6462 -2.4164
-2.6552 -0.1746
-7.6885 -9.5981
10.5420 -1.4581
-1.7821 -3.3794
0.0818 0.1772
-6.9510 -6.1374
-5.9640 -6.5036
-6.2917 -6.0456
-4.5094 -1.0536
-2.7113 -5.8497
-0.2383 -0.8456
-0.3512 -5.8124
-2.5272 -1.0773
-4.9522 -9.2882
-9.0655 -7.6997
-4.2368 -6.4772
-2.5227 -0.0239
-0.7291 -6.9085
-0.6563 -10.9590
-0.8972 -6.2708
-0.5251 -7.5644
-11.2011 -7.8903
-0.3169 -0.3430
-9.6688 -2.7867
-12.1065 -5.2878
-4.2255 -2.7188
-0.0455 0.0548
-2.6023 -8.5599
-2.4732 -0.3097
-3.0622 -12.1392
-0.3045 -11.3189
-2.7635 -12.1774
-10.6561 -0.6862
-1.0307 0.0795
-9.2587 -0.4013
0.1213 0.2642
-10.6944 -8.6170
-2.5832 -0.4265
-0.1845 -2.6188
-0.7376 0.1149
-6.6867 -2.9592
-2.2195 -2.9455
-0.5045 -0.5502
-2.7189 -0.2342
-2.4792 -2.7091
-7.3902 -0.3734
-1.1725 -5.3029
-0.4265 -1.1444
-2.8646 -2.4526
-0.2673 -5.0511
-0.4110 -11.3619
-0.2604 -0.6072
-0.5432 -0.2094
-12.4080 0.0028
-11.3122 -2.5668
-4.7033 -7.7299
-9.3709 -10.0811
-0.3819 -0.3046
-0.9678 -0.1914
-2.8651 -9.6654
-0.8299 -0.7351
-2.8664 -0.3018
-0.5985 -1.1425
-0.8560 -7.6346
-1.2169 -1.0009
-1.6610 -0.5784
-0.5761 -1.0406
-8.3116 0.0425
-6.3739 -5.0941
-6.9361 -2.7998
9.3455 -4.4255
-5.3740 -1.3567
-2.6263 -0.2095
-5.9641 -1.3018
-8.0559 -7.2296
-7.7328 -7.8607
-0.9178 -0.0284
-0.3767 -0.9546
-3.8738 -6.5343
-8.9385 -3.6032
-11.2370 -2.2770
-2.7494 -0.6936
-0.2523 -1.1014
-0.1989 -2.4146
-0.4005 -0.4205
-0.5936 -2.6575
-2.6849 -9.9736
-0.0873 -2.9171
-3.6873 -0.1351
-8.1837 -1.3760
-9.6708 -0.0170
-3.8861 -8.3907
-0.6464 -2.6120
-1.1197 -0.8331
-1.3751 -7.4879
-4.9086 -5.6856
-3.0929 -6.1911
-0.9979 -0.5418
-0.8265 -0.4284
-10.7257 0.7917
-2.5893 -0.9798
-3.7505 7.4172
-9.1468 -0.2542
0.0056 0.4033
-0.8133 -2.3744
-0.3356 -9.4792
-0.5443 -6.0739
-0.4871 -5.7430
-9.3858 -8.0629
-0.4964 0.4424
-6.1808 -2.9766
-0.4829 -1.2861
0.0461 -6.5938
-1.2950 -5.1587
-0.6393 -3.1380
-0.1557 -7.9372
-0.2749 -1.7872
-5.0428 -11.2431
-0.5348 -0.4234
-6.8532 -2.7111
-7.5341 -5.3974
0.2397 -7.2431
-0.2690 -2.5151
-3.1082 -0.6555
-2.5080 -2.6528
0.0842 7.0174
-0.8769 -0.1186
-0.3091 -0.4763
-6.0242 -0.7641
-2.9243 -1.3190
-7.5814 -7.4483
-2.3410 -8.6247
-4.3562 -2.7078
-8.8153 -7.8689
-0.3452 -0.9393
-2.5786 -0.0956
-0.8884 -1.0012
-0.0929 -7.8917
-2.6110 -1.3815
-0.5960 -0.2696
-7.9141 -2.4820
-3.5724 -1.1490
-0.3951 -5.2850
-7.9370 -0.3240
-0.5005 -1.0442
0.2211 -9.2462
-0.0035 -0.9399
-0.8035 -5.4321
-5.7527 -2.9564
-0.6367 -2.6192
-6.8725 -7.4835
-0.5949 -0.9818
-6.4887 -0.3631
-6.6385 -1.2392
-0.5640 -0.1395
-4.2935 -0.5068
-7.0695 0.2699
-9.5563 -11.5031
-2.6859 -2.9152
-4.5008 -6.4255
-2.6680 -0.6690
-1.3086 -6.0712
-0.6910 -0.2108
-7.5263 -8.8910
-9.4197 -5.0926
-8.0043 -0.0974
-8.7942 -0.7976
0.2349 -5.5039
-1.4902 -2.3222
-9.0863 -0.3384
-6.4969 -2.8714
-0.9768 -9.4277
-3.4720 -2.7434
-1.5942 -3.0262
-8.1909 -9.0454
-5.5248 -0.7504
-2.9976 -8.1803
-9.4339 -0.4686
-8.4066 -1.2526
-9.5044 -1.2326
-7.7343 -2.4994
-6.2270 -1.2724
-7.2747 -10.1927
-6.6620 -0.7724
-6.9952 -2.5170
-6.7733 -2.8994
-3.5426 -2.9057
-2.9709 0.2984
-7.7467 -1.2346
-1.6307 -0.9040
-4.6133 -2.6248
-9.1301 -2.7777
-2.7506 -2.6606
-0.8874 0.3816
-7.5006 -0.7530
-0.3841 -2.9554
9.7773 -5.8178
-2.9331 -2.5743
-9.7317 7.9091
-2.8038 0.0639
-6.8228 -0.0650
-0.9867 -6.3896
-0.1762 -8.5270
-0.8449 -9.9561
-0.4597 -0.8398
-11.0515 -4.7776
-6.2846 -1.3520
-1.1972 -8.2388
-0.4121 -0.1707
-3.8483 -5.1990
-2.5254 -0.3067
-5.3611 -2.7057
-0.5386 -0.0652
-3.5883 -2.4585
-0.6476 -0.7335
-1.1392 -0.3194
-2.9397 -2.7759
-2.6148 -0.2330
-2.7538 -0.3145
-0.7775 -2.9939
0.2400 -7.7028
-2.8190 -1.0050
-2.5786 -2.8290
-0.4105 -2.6820
-0.2385 -2.9281
-8.3773 -6.4589
-0.4718 -9.4509
-2.6418 0.0558
-2.7623 -0.1955
-0.5117 -8.5955
-0.4563 -8.3053
-8.3319 -5.3923
-0.3752 -2.7446
-6.4187 -8.0164
-6.4020 -2.5957
-1.7291 -6.3119
-2.7190 -2.6712
-2.9250 -0.7379
-0.1685 -2.9069
-8.0309 -2.8887
-7.5115 -0.9771
-9.9420 -4.1965
-0.7256 -0.3935
-2.7088 -9.1976
-2.5773 9.3846
-0.3596 -8.6414
-7.8808 -1.5981
-4.2114 -0.8294
-2.7353 -0.2434
-2.3019 -8.2062
-4.0290 -0.3862
-7.4346 -4.8030
-2.6294 -7.4457
-2.7138 -2.8202
7.2824 -10.0250
-2.5843 -1.6428
9.2355 -9.8092
-1.2624 -2.6723
-6.1462 0.3393
-0.3987 -8.8644
-0.4120 -0.0664
-4.6227 -7.5228
0.6383 -0.6402
-7.6445 7.9773
-0.8821 -6.3677
-8.9816 -2.6771
-2.5253 -5.9042
-6.7144 -1.0634
-0.4201 -1.2800
-2.5801 -8.9832
0.2995 -6.6455
-3.0339 6.5801
-6.4256 -1.9864
-0.8372 -0.1880
-0.6247 -0.6294
-6.5446 -2.7835
-2.7405 -8.6008
-5.6674 -2.2640
-6.7376 -2.3704
-2.5375 -0.1697
-4.4848 -7.8156
-0.7787 -1.2705
-8.9859 -2.4231
-2.5664 -6.0575
-0.6082 -9.7478
-8.9910 -6.3705
-7.7211 -11.7387
-9.7061 -0.2236
-1.5577 -6.6267
-2.6633 -9.8200
-4.2269 -0.4630
-0.6029 0.0478
-0.3934 -6.2181
-4.8054 -1.0817
-6.5218 -2.3732
-2.4065 -1.0403
-0.3076 -5.9163
-0.8472 -8.2209
-8.5774 -2.4690
0.2053 -6.7703
-1.0041 8.0455
-2.7231 -7.8576
-4.5979 -10.4536
-5.1819 -0.6328
-2.9552 -9.5736
-0.3063 -2.5483
-0.9493 -0.3448
-2.6113 -7.4896
-0.1491 -0.9031
-6.3913 -2.5622
-5.5688 -0.4432
-2.4305 -1.2383
-5.6528 -6.3395
-1.4720 5.0052
11.2463 -5.6869
-5.8780 -2.7018
-7.0922 -2.6430
-1.0307 -2.7601
-0.0500 -0.0279
-2.3792 -4.9528
-2.4888 -1.4478
-2.4132 -2.8930
-1.4856 -10.1404
-2.6246 -7.6068
-0.5192 -0.9124
-5.6526 -8.2064
-0.5228 -2.6872
-0.4429 -2.6596
-0.1366 -6.7049
-1.0779 -2.7408
-7.3650 -5.3949
-4.7211 -2.4648
-2.6286 -1.0473
-3.0602 -8.2390
-2.7801 -0.8185
-5.0897 -8.9899
-7.0988 -6.1622
-4.9644 -0.6694
-3.2366 -1.3596
-2.6497 7.8837
-11.8602 -0.1106
-5.8338 -8.1960
5.9314 -1.3416
-7.2829 -0.2709
-0.3298 -2.6054
8.2230 -5.8520
-7.6582 -6.6928
0.1781 -7.7319
-4.5366 -9.6807
-3.5525 -2.8249
-2.6655 -8.8109
-3.7798 -6.1165
-8.2445 -7.8789
-2.6998 -3.1483
-0.7735 -0.7719
-1.2435 -7.4650
-0.3060 -1.0517
-2.6097 -6.5972
-0.7632 -2.6188
-0.2312 8.6872
-6.6454 -8.3567
-0.4469 -2.4980
-8.5153 -7.3929
-0.4987 -0.7775
0.0604 -9.5295
-0.1362 -0.2075
-0.7898 -0.3296
-0.4558 -0.3672
-6.2508 -0.1363
-0.6435 -5.7247
-11.9336 -1.5727
-9.0947 -0.1733
-7.8657 -8.3612
-0.6484 -1.0764
0.4150 -4.7830
-0.1502 -5.2358
-2.8370 -0.2157
0.0250 -4.0709
-0.1465 -8.2463
-10.7055 -2.6966
-0.6955 -1.0675
6.3173 11.6845
-0.6525 -0.2508
-3.1290 -7.1127
-1.4322 -2.8429
-9.9124 -0.2901
-8.9194 -0.8363
-1.5948 -9.3568
-0.6796 -1.9412
-0.8586 -7.7199
0.0146 -2.9216
-0.4099 0.2658
-6.5741 -2.7918
-0.1468 -8.0867
-0.2563 0.2514
-2.7713 -0.9978
-7.8878 -2.9408
-8.7750 -0.8071
-0.4296 -7.1356
-0.8227 -2.3581
-6.0474 -0.5584
-5.7566 -0.4482
-8.0706 -4.6654
-5.8273 -2.8364
-7.2842 -2.9410
-4.7699 -7.9158
-1.0280 -0.1691
-6.3421 -1.0195
-2.7064 -0.4158
-2.7525 -4.2586
-0.4389 -7.2515
-0.7015 -0.6449
-0.2831 -9.5020
-8.2359 -2.6618
-0.7099 -2.3871
-7.1142 -1.3876
0.1777 -6.7960
-2.6958 -2.4832
-2.6768 0.0259
-0.4102 -3.5651
-7.7229 -4.2479
-10.2599 -4.0682
-0.5445 -2.7590
-5.6324 -7.5634
-5.7652 -2.7904
-2.6862 8.5910
-8.3818 -2.8517
-2.6459 -7.9697
-0.2991 -2.6149
-7.2216 -2.7902
-5.9504 10.4824
-0.4155 -7.3918
-4.4794 -0.7336
-0.3591 -3.1094
-1.7559 -5.3669
-4.6289 -6.7368
9.8558 -7.1057
-0.3455 0.0403
-0.0782 -7.7838
-0.1790 -4.0247
-1.2161 -0.2537
-2.8013 -6.9839
-2.9231 -2.5038
-5.1385 -5.6094
-0.5955 -2.7881
-0.7918 -2.9411
7.6656 -5.6409
-2.5172 -2.5536
-6.4551 -0.0290
-9.4257 -0.5418
-2.6789 -0.9779
-2.8152 -0.6590
-6.3616 -10.5531
-0.0727 -6.5591
-3.1346 -5.1193
-0.1244 -2.5970
-7.9789 -2.6639
-0.0125 -0.4880
-0.2643 -4.6487
-8.8997 -2.8749
-0.9646 -2.9044
-0.6395 -0.2101
-0.2179 -3.4475
-0.4437 -1.5267
-7.1017 -0.5406
-6.2888 -4.8807
-0.3527 0.2041
-0.5746 -9.0141
-8.7707 -2.8061
-0.2213 -0.5968
-10.2699 -7.3684
-6.5444 -0.9241
-0.7913 -4.5103
-9.9057 -2.7872
-6.1772 -0.6539
-3.3025 -5.8396
-0.9948 -0.7509
-0.8315 -6.5637
-0.5934 -7.1651
-6.6379 -2.6960
0.1673 0.1303
-1.5418 -7.8790
-3.6605 -0.3545
-9.7622 -9.9674
-0.1259 -3.7607
-0.8769 -8.2297
-5.3204 -5.1527
-0.8312 -4.4970
-0.9538 -1.0932
-0.0720 6.9300
8.6440 -6.4530
-0.4403 -2.7678
-2.5982 -0.2608
-2.4624 -8.4959
-2.9013 -6.3952
-2.5651 -0.5628
-1.4801 -6.3624
-2.5806 -4.7385
-3.7587 8.0254
-3.9792 -1.1456
-5.6154 8.1041
-6.7797 -0.1722
-0.4128 -5.6221
0.4132 -0.0166
-9.5156 -2.6131
-3.2832 -5.2404
-5.3360 -8.9837
-8.0368 -2.4877
-2.5837 -0.5088
-7.1999 -8.2395
-0.9868 -2.7734
-0.3759 -5.1883
-8.7887 -2.6917
-0.4222 -2.7410
-3.0238 -2.7281
-6.2681 -7.5557
-1.7647 -0.7324
-1.5606 0.0462
-4.7490 -7.4127
-0.3278 -7.5376
-2.7585 -10.5864
-2.5757 -1.0214
-6.5634 -8.1730
-8.0299 -0.7611
-2.8942 -10.2281
-6.2851 -7.5239
-2.8559 -2.6529
-0.8838 -9.2926
-6.3294 -2.7140
-0.5678 -1.0256
-0.8094 -5.1606
-0.5789 -0.5409
-6.5465 -2.4529
-0.4422 -0.7716
-2.7697 -1.7242
-1.1510 -7.3967
-8.9744 -1.1202
