5
4.8878 -4.3534
-0.9608 4.9607
1.2839 2.7211
-8.4541 7.7842
7.4611 0.4460
4.8533 -0.6367
0.3372 8.8041
7.6729 5.0076
4.9373 4.9327
4.8985 4.8758
1.6372 -4.7072
4.9016 -3.6484
0.2947 4.9694
-3.4467 -6.8002
3.4399 8.2043
-8.5475 -0.8210
-5.4538 4.9797
4.9717 8.3409
-6.0368 7.8716
4.9495 8.7465
7.0777 -0.2677
4.9656 4.9499
4.9848 1.2945
-0.2583 4.9881
4.9794 0.5064
9.7839 4.9550
-0.6114 1.1914
2.6062 0.8999
-3.2420 -1.2489
4.9741 5.0536
7.5396 4.9676
4.8654 4.9855
4.9350 2.0025
-5.1289 -0.9682
4.9138 7.1456
-0.9207 4.9210
-0.0372 2.1498
4.9915 9.4534
1.6391 8.1457
4.9667 4.9653
8.9925 4.9241
-0.4679 4.9335
3.7447 7.7303
1.6627 5.5563
-4.2393 -4.4571
8.6967 4.9407
4.9614 -0.8407
8.1519 4.9987
8.7647 -4.6926
4.9543 4.9007
4.9471 1.1095
-9.9896 4.8478
1.5396 9.0647
0.2711 4.9570
4.9209 4.9626
-4.0607 8.1273
1.6989 -0.3389
-5.9391 4.9998
8.2323 4.9872
10.1130 1.5200
-9.9014 4.8959
4.9601 4.9491
4.9228 -0.1547
5.0167 4.9611
4.9228 -0.0479
4.9368 4.8867
-8.8606 2.4472
1.9373 3.1744
7.9261 4.9563
-0.9902 1.4204
-11.0609 4.9415
4.9814 -1.0742
4.9666 4.9064
-0.4328 0.7878
4.9533 -7.4840
4.9509 -2.2746
4.8992 4.9431
4.9440 4.9688
4.9130 4.9001
10.0112 4.9752
3.1214 8.6544
-7.2754 -3.5857
4.9517 8.0482
0.5514 5.0083
-4.4518 2.1742
9.3075 4.9714
4.9556 4.9778
4.9249 4.9373
8.1129 8.2809
4.9659 -12.7708
4.9516 4.9917
8.0132 -7.5675
8.5061 -8.4926
4.3135 6.6127
1.1612 5.0059
1.2886 2.1762
4.9469 4.9278
-3.7075 1.7073
4.9430 -7.4085
4.9237 4.8950
-7.2495 4.9549
4.8964 -1.2758
5.0171 2.0458
7.5264 0.9075
8.9099 7.8224
1.5274 4.9298
4.8886 -3.4932
8.2282 1.8483
0.0635 1.0437
4.9482 4.9384
4.9299 0.4366
1.4357 4.9188
-0.5298 4.9271
-9.2550 -1.7181
4.9344 -0.0784
2.6774 4.9246
7.5187 -4.0014
-0.6912 8.6154
8.1024 8.5128
-1.1057 8.3673
-3.7449 3.1852
-0.1876 -1.3258
4.9489 4.0827
-0.4144 -0.2615
3.1382 10.4974
-10.4240 -2.6056
4.9751 -4.6148
4.9073 3.6077
7.6825 4.9709
-0.0649 4.8868
-0.2424 0.6725
4.9786 5.0301
4.9093 -1.7149
4.9484 4.9974
0.1695 7.5514
-4.4685 -1.0995
4.9201 -1.8952
1.8442 -4.1124
-5.1310 0.8703
4.9042 4.9056
4.9122 2.1414
4.9072 4.9949
4.9047 -7.5161
7.8699 4.9292
2.6632 -1.0900
5.0056 4.9965
4.9291 -3.2035
-2.9710 7.8026
4.8834 -1.0748
5.0290 -0.9260
4.4486 4.9233
7.9222 2.2519
3.5065 -3.7900
4.9448 2.1595
4.8875 8.3894
2.9895 -2.9633
4.9736 4.9923
4.9194 -7.1910
-4.7559 4.9504
4.9232 8.2859
4.9790 4.9951
4.9944 1.3515
-1.5343 4.9977
4.8988 -0.5013
-0.8517 0.0682
-7.1692 0.2700
4.9190 4.9669
4.8825 4.9381
7.5428 4.9796
6.4967 -7.7255
8.1008 -3.1251
-4.8683 1.9411
1.5973 4.9745
-2.2250 -1.7419
4.9111 1.1171
4.8467 8.3211
1.2312 -7.9079
4.9237 -9.8049
-0.0606 -6.6033
4.9565 4.9515
5.8523 2.2771
-2.5050 7.7812
2.4212 4.8766
1.9742 -0.0670
-5.4785 8.4346
-8.5073 1.3245
4.8616 4.9443
-6.4973 -5.2066
2.0241 -1.5645
1.2856 2.0434
2.8181 -0.7650
-6.6181 1.2723
0.1719 -5.5780
4.9327 7.9710
0.8754 0.0856
0.9601 4.9515
-5.5111 4.8381
8.3142 3.7519
-0.1118 -5.0129
4.9636 4.9004
4.9326 9.7318
-1.1604 0.1104
2.8345 0.9627
4.9207 2.5217
0.2437 -8.7604
4.9088 0.5844
4.9853 7.1220
-0.2247 4.9682
-10.2794 8.2795
8.7867 -4.0196
4.8368 8.6883
4.9167 -6.0313
4.9724 4.9133
-2.6400 5.0070
-2.6916 4.9208
4.9651 -11.8038
7.9790 1.3150
9.7771 4.9679
-0.9658 1.6595
-6.0114 0.3135
-7.8576 1.6441
4.9765 2.5159
4.9111 -11.8955
4.8987 4.9738
2.3836 -0.8188
-10.7781 -4.5344
-2.3496 4.9504
5.0008 -4.8014
0.3255 4.9462
8.7603 4.8857
0.3323 -0.2597
8.4908 8.2637
4.9307 0.1792
4.9571 9.3741
4.9708 -4.4365
4.9061 -3.1152
4.9538 0.8867
0.8017 8.1605
9.4109 3.3337
8.4824 8.8556
-6.6138 -2.3667
1.8624 -8.1874
1.4053 8.6399
-8.3030 4.9194
-5.0344 8.0288
7.3079 7.6587
4.8658 4.9629
4.9293 -3.2120
-6.8434 2.0393
4.9351 4.9175
0.7648 -9.4422
7.3811 4.9778
6.0362 -7.6572
3.0347 2.8319
4.9334 0.7452
4.9075 -1.4922
-6.5611 4.8385
-1.8845 -6.3515
4.8868 2.7337
4.9271 -0.5272
-1.0753 2.2470
9.1217 -5.4298
9.5703 5.0023
1.8564 1.7787
4.9174 4.8728
1.3858 0.5583
-1.1761 -6.0482
-4.4604 4.9532
3.4859 4.9591
-1.6642 4.9225
4.8899 0.8418
4.8648 -5.6870
-1.0931 2.3404
-1.1516 8.8526
0.7447 4.9507
4.8874 4.9241
8.8964 -1.3906
4.9498 4.8834
2.2834 8.1797
-11.1919 0.6181
1.9554 -0.0276
4.3674 4.9620
9.1148 -5.6354
-4.6702 -6.8535
4.9990 4.9799
4.9191 -1.0491
0.8149 4.9597
4.8964 4.9501
4.9878 4.9996
4.9012 8.2348
-0.0150 -0.9190
0.8919 4.9783
-0.0558 9.0197
-1.2477 9.0937
-0.4346 2.7657
1.4201 -8.5330
-1.1582 4.9816
4.9088 4.9180
4.9749 4.9774
4.9504 8.2943
2.4602 4.9276
0.7127 -0.0847
3.0508 8.3194
7.6213 4.8760
-0.3131 -4.4202
4.9286 7.2028
-3.6304 4.9987
4.9298 4.9438
-5.5780 4.9126
9.6206 9.6058
-7.3926 6.8499
-1.8079 4.9511
-0.1304 1.2242
-0.4405 4.8791
4.9435 -9.3150
4.9708 2.1559
1.0042 4.9366
4.9645 -0.2781
-0.3658 -6.3905
-6.2628 4.9240
-6.7997 8.2289
7.7636 -0.8056
4.9712 4.9869
8.3010 0.7244
1.7471 7.9085
4.9110 0.3246
-7.7339 4.9601
4.9463 4.9152
-3.5583 1.1835
4.9438 4.9366
-7.2265 -1.7721
4.9282 2.9294
4.9297 4.9715
1.0962 -0.0191
8.4110 4.9076
4.8354 -3.2492
8.8902 -5.7186
4.9299 4.9229
4.9180 5.0010
4.9693 -0.6255
9.1120 4.9770
-0.1411 -3.7529
9.1826 4.9586
2.3912 4.8938
4.9133 -2.9802
8.8764 -5.7480
8.3890 4.9351
0.3139 4.9476
-1.1672 8.5198
8.5892 0.4190
1.0770 1.0405
4.9282 4.9756
-4.5930 1.6174
4.9198 4.9258
-6.7125 -5.6863
0.6738 4.9399
8.2328 -6.1964
-6.8469 0.7217
8.4967 4.8902
4.9472 4.9211
4.9124 8.3110
-6.2234 4.8464
4.9292 8.6822
4.8493 0.8396
0.8103 8.6425
8.6706 -6.7690
7.8657 4.9393
8.3359 7.7734
-0.8830 9.5601
4.9297 -5.2333
4.8802 8.6918
-3.3121 1.9403
-1.2022 4.9645
2.3274 4.9982
4.8928 -3.5185
7.2915 4.9556
8.5585 8.7258
4.9293 7.9883
-8.0651 0.9695
4.9574 0.7817
-6.1086 4.9976
3.8967 10.0656
-2.5288 4.9792
8.0124 -4.6059
-2.2970 9.5770
3.5238 1.8149
7.8559 8.4975
4.9911 1.1367
4.9006 3.8028
-7.8325 2.3009
4.9101 6.3378
8.6780 7.6896
-4.3712 -9.6526
-7.0574 4.9802
3.5514 -10.4657
9.7561 2.8591
4.9271 -5.6859
-7.7997 7.6238
-1.5787 7.3245
0.2291 1.8072
5.0543 4.9263
5.0465 1.1445
1.3930 -7.3195
0.8561 3.0219
4.9259 0.4334
4.9030 -3.0040
2.2572 4.9723
-6.1245 -2.2834
-5.9134 4.9114
9.0682 4.9492
7.5560 4.9514
0.8927 -9.0409
-3.1083 -11.5048
7.5884 4.9317
-0.5637 6.8077
4.8791 7.7057
0.8277 7.5093
8.0150 2.4593
-4.2174 9.0358
-1.5559 4.9080
8.2457 8.3196
-8.8217 1.8679
-3.3158 1.4525
-2.1807 2.0317
4.8887 4.9239
1.6777 5.0056
0.4983 2.1844
1.1510 4.9704
-1.2891 7.9647
4.9679 4.9308
0.6814 4.9394
4.9928 4.9272
8.9813 7.4226
4.9826 5.0069
6.8607 4.9846
5.0060 8.2268
4.9843 -6.7053
-6.3006 0.5053
4.8957 1.1776
4.9178 8.5710
8.3426 -0.2712
9.1514 8.7470
0.1665 -10.8134
1.2736 4.9048
4.8982 4.9772
4.9206 -5.6547
-6.2528 8.2697
1.5838 -9.0509
-0.4668 3.5567
-8.8103 -6.7747
9.5423 -2.0619
4.9156 4.9454
-8.0551 1.6032
4.9829 7.1221
7.6086 -2.3997
8.9245 3.3892
4.9822 1.0189
7.9734 8.6677
-0.3530 -2.8404
4.9607 4.9340
2.5949 4.9245
4.9315 4.9399
4.9979 0.1007
-7.3030 -2.5955
8.5044 5.0326
1.2284 4.9460
4.9620 4.8923
4.9401 7.1938
0.8557 8.3712
-7.9485 4.8777
4.9535 7.6409
-2.4745 2.6869
1.4877 4.9058
-0.9745 -3.7149
4.8622 -4.4215
0.3078 8.5516
-4.2934 8.7173
7.5733 4.8672
4.9288 -4.7900
7.6950 -5.4318
-0.9963 1.1746
-8.1963 4.9272
-7.0339 9.1454
5.0124 4.8911
-2.5140 4.9305
-4.1072 -6.1302
4.9658 4.9438
2.9146 -1.9911
7.8347 8.3862
0.3645 7.7860
8.6843 -5.0101
-1.1490 1.9946
4.9379 3.4855
2.4825 4.9653
-0.7454 2.4314
4.8691 4.9505
2.5486 4.9410
-6.0485 -5.2645
3.4786 4.9311
4.9787 1.4700
4.9339 2.2647
-3.7759 2.1507
8.1131 4.9677
4.9166 4.9346
7.3888 8.1879
8.3375 8.5534
-5.4788 7.9899
1.4907 -7.8725
7.3880 4.9583
8.0817 7.9959
4.9108 0.2309
4.8872 4.8695
4.9351 -1.3726
3.9453 -3.0963
0.8495 4.9438
-5.5146 1.4467
-3.9368 7.8725
5.7173 1.0969
-0.3017 -12.1994
-6.2243 -1.5176
10.1835 4.8763
4.9794 4.9345
-1.8749 7.3248
7.6173 3.0733
-1.3715 4.9567
8.0220 2.4484
1.5547 1.2192
4.9218 4.9217
-4.2824 -4.9650
4.9249 7.7584
3.7087 1.4869
8.7807 -4.9752
7.9738 4.9486
-3.4125 1.5838
-6.1106 -4.3568
4.9557 -5.5795
1.7024 -5.3257
4.9298 8.4190
-0.4803 3.6237
4.9844 4.9091
9.7808 7.4485
-3.2437 4.9666
-3.0982 1.5497
-6.8427 5.0085
1.5923 -3.3526
3.1038 -7.8389
1.4892 -5.1260
7.9380 2.3766
2.2717 8.4439
0.1998 -2.3285
4.9552 1.1325
7.9773 4.9077
0.7073 4.9653
0.6841 4.8713
4.9641 7.2912
4.9499 -6.2303
-4.9903 -4.4191
0.3540 -4.5394
4.9705 7.8001
2.6566 -4.7041
7.4899 4.9300
7.8830 4.9948
4.9674 7.9066
-11.1048 -3.3799
5.6136 -6.0844
-1.6647 4.9195
-8.1473 7.5909
-2.9401 8.2318
5.3951 4.9343
5.0004 4.9920
0.3470 -0.7785
4.9515 9.1791
-8.7036 4.9270
-1.7060 4.9274
2.2267 -3.6352
8.2942 2.3712
7.3245 4.9244
-10.3480 4.9124
7.5285 -5.8517
4.0642 4.9385
4.9421 -0.6965
3.4323 -0.1925
0.7486 -1.4622
0.1244 -10.5185
8.4870 8.2786
5.0426 0.6908
4.9073 6.8745
4.9588 7.8945
0.0501 -1.4912
8.6578 4.8530
-8.0605 -6.4398
4.9424 9.1740
7.3561 -8.2358
-5.2392 4.9956
-0.1914 4.8915
-2.4462 -4.6524
7.8672 7.7923
4.9542 -0.8373
-5.8663 4.9945
4.9582 1.8154
-6.8013 4.9115
3.6533 -4.9747
-10.2854 -4.0192
0.6753 4.9544
2.2423 5.0002
4.9375 4.9546
8.1850 4.8982
0.4171 7.6537
8.7097 -0.3448
2.0522 0.1592
1.7015 4.9555
-5.8075 4.9654
9.0944 4.9648
4.9432 5.0073
7.8982 4.9491
8.0979 8.8786
4.9625 1.3632
-6.7006 5.0171
8.0174 5.0069
-7.3339 -6.3969
-0.9905 -5.9311
4.9872 -4.1553
-2.4573 4.9194
4.4803 0.5438
4.8934 4.9166
-0.7543 -0.5728
5.0006 0.8501
4.9158 0.1800
4.8659 -6.8650
4.8716 7.4451
4.9660 4.8499
0.6571 3.3650
2.5152 -3.6876
-1.8414 8.3531
-1.7317 4.9530
1.4131 -4.1591
4.9322 9.5530
4.9556 5.0372
4.9051 4.9559
4.9377 4.9275
2.3052 -7.4476
4.8370 -6.7875
7.7591 0.3751
-0.7872 1.4421
4.8995 4.9231
4.9945 2.9865
3.9359 4.6559
3.7570 -2.0851
4.8651 5.0208
-2.9968 4.9222
4.9059 0.4875
4.9173 2.4086
-4.9218 3.6223
4.9059 8.1680
-1.4907 4.9702
-0.1347 8.5094
9.2171 4.9210
8.4853 4.9424
-6.2918 8.9301
-0.4217 4.9363
4.9549 8.1078
1.0293 4.9463
4.9995 4.9289
1.3144 -6.3715
4.9891 4.8635
-0.5409 5.0072
1.0178 0.2981
0.8343 5.0734
1.7571 -5.8830
9.1083 7.6313
8.6199 1.8552
3.5830 -7.7840
8.7335 5.0394
7.4868 4.9397
-9.9906 -1.7189
1.3189 2.6315
-2.3418 4.9706
4.9700 2.5844
1.9410 4.8758
8.1685 4.9040
7.3756 4.5445
0.6140 0.5763
6.8126 0.8073
7.8614 4.9261
8.7671 4.3490
4.9652 0.9634
4.9574 8.0590
-1.5782 -0.5474
-6.1347 2.1448
4.9019 9.2489
-11.2885 4.9807
1.6019 9.3816
8.5127 4.9199
-1.1653 4.9304
4.9609 4.9724
7.6448 0.4095
8.8983 9.4590
-6.5246 -6.9764
2.2509 4.8847
6.9112 -0.0944
-7.7851 4.9099
9.7183 0.6510
4.9118 4.8830
1.6914 4.9625
9.3546 4.9661
-5.1781 -1.6623
4.9515 1.0075
4.8879 4.9552
0.9432 8.6459
-3.5305 -0.4385
4.8679 -4.7932
8.9398 -0.0883
1.8990 4.9576
5.0037 4.9497
8.6090 7.4907
1.0803 4.8701
4.9135 4.9262
-5.8323 4.9246
7.8605 4.9599
4.9204 4.9330
4.9039 8.3243
-3.4932 4.9362
-2.8372 6.9644
4.9463 4.8901
4.9512 1.6602
3.3729 1.9311
-0.3907 7.7055
-1.2235 -7.3974
1.8566 1.6870
4.8806 4.9505
-9.2103 4.9635
4.9649 8.6356
0.2029 7.8382
4.9549 7.6810
1.6710 8.1279
4.9852 8.5314
-11.0483 2.9607
4.9240 -4.3647
4.9346 -1.6203
-5.3324 7.1509
8.3846 7.4205
-3.0844 2.1945
8.4231 9.0423
7.2116 4.9710
-0.3310 0.1533
-2.6169 -1.8459
-0.5331 -0.8278
4.9585 -8.3211
8.4733 8.0373
4.9446 8.0361
-12.1702 8.6652
4.9502 8.7053
6.9588 -1.4237
0.2657 7.6761
-5.4703 8.5145
4.9540 1.8611
7.1958 -5.4648
4.9568 2.3902
8.1189 4.9150
0.7241 4.9244
2.6641 4.9949
8.8991 -0.0295
8.2491 0.6207
5.0135 -1.7975
-0.2704 5.0300
4.9373 4.9543
8.6132 -11.0617
7.8596 -5.4546
4.4971 -7.9185
5.0080 -8.1137
-0.1611 -8.0182
-2.5396 -2.8714
-1.0885 7.9349
4.9522 4.9451
4.9287 1.0082
1.9651 4.9195
4.9268 4.9959
4.8845 9.9258
2.2375 2.2534
-5.5284 5.0235
-4.7402 2.2531
4.9535 4.1731
1.2519 8.7373
8.1913 -8.1243
7.7357 3.3990
-1.2004 -9.0812
-1.3738 4.8739
-4.0609 5.0009
8.6674 7.9772
2.8183 4.9689
-5.6310 4.9368
-1.2083 4.9840
4.9140 4.9233
4.9247 -3.4194
10.2776 4.9440
8.5818 9.0563
-3.1147 1.0632
-4.8386 4.9370
4.9373 0.8727
-1.4244 4.9611
7.2192 4.9347
5.0064 5.0164
4.9025 -5.6797
4.9846 4.9860
4.8954 -1.0708
-11.3826 -2.5488
7.4982 8.5705
7.8579 -6.4412
8.9029 4.9674
4.9362 0.8175
4.9315 -5.5868
-6.8489 3.6057
5.0105 -0.6302
-6.2077 8.4819
2.0067 4.9510
7.6028 8.3980
4.9169 0.3305
-0.6906 2.8447
-4.8590 -5.3318
4.8991 7.2337
0.5326 4.9392
4.9674 4.9413
-4.8963 7.5242
5.0378 3.2548
4.9656 1.9085
5.0535 7.5918
4.9244 9.0016
8.0997 9.5434
-3.8338 7.0219
4.8639 5.0138
5.0025 4.8791
-0.5319 4.9043
2.4198 4.9655
4.9146 4.9750
7.2372 7.9609
-8.7417 4.9560
4.9140 8.2367
9.1548 4.9622
4.8965 4.9035
4.9608 7.6093
4.9910 -2.2085
-7.1136 0.9729
-0.4234 4.9402
8.4518 8.0403
4.8580 4.8808
10.3543 8.6247
4.9103 -10.1762
4.9638 6.0491
-2.9153 -8.7858
4.9332 -6.6300
-6.2081 -4.3698
-7.0934 9.2561
4.9977 0.1412
4.8462 4.9217
7.5018 5.0123
4.9644 1.1291
-10.0279 4.9371
0.4178 4.9219
10.1568 9.1172
-2.5083 8.2171
0.3002 4.9593
0.5155 -3.8125
2.2802 -5.8024
4.9564 2.8209
4.9229 9.1167
1.9166 4.9311
-1.3810 0.0055
4.9468 0.9656
4.8990 4.9698
-7.1819 4.9351
8.4455 4.9223
4.8893 4.9512
4.9773 -3.7671
1.0746 -0.5870
4.9853 -1.9696
4.8348 -0.7789
3.0249 -0.8243
4.9006 4.9615
8.5237 3.3070
8.7043 -6.2332
4.9552 7.7089
1.3933 8.7911
4.9961 4.9304
4.9730 7.5032
-7.6729 7.6261
5.0033 4.9118
4.9594 -11.8737
-0.6624 2.2177
4.9377 8.4645
0.6816 4.9770
-1.1081 -8.2458
-8.7214 8.2976
-3.9393 9.6543
1.2127 4.9319
4.9892 1.6134
4.8842 4.9373
4.9731 -2.0739
4.8864 4.9736
4.9269 4.9925
4.9085 -3.4707
-4.0763 -3.8850
1.9080 5.0115
-1.6338 3.0567
4.9204 -0.0374
1.6796 -7.5319
-11.0767 2.1477
1.6530 -0.0088
8.3951 4.9111
4.9675 -0.4233
4.9287 -1.5388
4.8986 7.3197
8.7676 1.1356
-3.9242 -4.8651
2.2140 9.3059
-4.9073 4.9483
2.5745 4.9970
-4.2743 -12.3571
0.2089 -5.0718
4.9287 4.9221
-5.4721 4.9373
1.0537 0.4326
4.9600 -2.9488
8.6492 4.9734
2.3019 -0.2350
8.3922 4.9287
9.6311 4.9511
0.4349 4.9749
7.6851 4.9694
4.1734 -4.1414
4.9260 -1.4492
4.8943 4.9855
7.0765 4.9394
7.6760 4.9917
-0.0085 -7.5786
9.0032 9.5181
-8.1866 -6.1006
8.1313 1.9424
4.8616 -3.4400
-6.8585 4.9614
8.1511 4.9622
4.8796 -3.4522
0.9809 4.8657
-0.3360 4.9810
4.9865 2.4070
2.3509 -4.2205
7.8674 0.0142
4.9186 8.0390
1.1227 4.9038
-8.3962 4.9972
2.1611 -2.3810
4.9379 4.9687
0.9664 4.9453
1.4678 8.1191
4.9192 4.8840
0.2225 4.9152
1.2770 1.2130
-9.4826 8.9049
-0.3669 7.9256
-5.2660 -0.7809
-6.1731 4.9691
7.6414 2.7855
-0.3433 8.4245
4.9438 4.9791
1.3803 4.9841
4.8786 4.9862
4.9266 2.9856
4.9669 10.0520
-2.5575 4.9344
4.9044 -2.3469
4.9231 4.9432
4.8879 4.9918
4.9942 3.6090
-7.9019 4.9528
-0.2135 4.9536
8.0743 0.2354
4.9811 4.9554
5.0022 1.4950
4.9145 8.4680
7.6203 4.9678
3.0449 4.9198
8.7259 -0.1403
-11.5075 -10.3851
8.5039 -0.3460
4.9299 4.9478
8.0301 8.2624
4.8837 8.8145
-5.7400 4.8758
-1.3868 8.0664
-3.3081 8.5779
-7.3760 4.8804
8.6074 -4.1040
4.9809 9.3511
-3.2220 -5.2048
-8.9791 8.0337
4.9306 4.9460
4.9752 8.2429
1.2584 4.9883
-2.2839 4.9806
4.9395 -4.9880
7.5677 3.1680
4.9178 4.9124
4.8969 4.8839
-6.8203 -0.9828
5.0416 1.4353
4.9588 -0.1265
4.8856 -5.1678
1.0362 -4.6650
0.5529 -6.4936
-7.9936 8.1063
8.2192 5.0094
4.9838 1.8139
-1.4953 9.0169
-1.9096 0.0393
9.2798 -1.3411
4.8966 -0.8517
-2.8986 1.5772
-5.3920 -2.1880
-0.6269 0.5045
4.9971 4.9774
7.2594 4.9278
-1.7937 -9.8773
4.9327 -7.0422
0.0781 7.4056
-7.0103 4.9387
-4.7872 8.6863
2.3611 -3.4769
4.9684 -3.6472
-2.2472 7.5267
-7.3581 4.9404
4.0773 4.9506
-1.5707 4.9488
1.6341 -10.7341
0.2491 4.9505
8.8555 4.9720
-5.3333 8.6769
4.9226 1.8659
7.3993 -3.9245
-2.6105 -4.6998
1.6632 4.9872
-0.0209 -0.1171
-6.9132 4.9455
4.9754 4.9834
0.7654 -6.9646
2.3596 8.7641
10.9605 -4.5081
7.1155 -3.8953
-2.0615 0.1323
3.8897 4.0280
4.9588 4.9067
4.4311 -0.5102
-0.5990 8.3226
3.6556 -9.9083
-1.4716 4.9529
7.6639 4.9888
8.5429 9.0031
4.9299 4.9799
0.0843 -5.2597
4.9337 4.9339
5.0147 4.9441
4.9296 0.9167
4.9292 4.9753
4.9741 4.9009
8.1108 8.9277
8.9915 4.8546
4.9410 -7.1033
4.9658 4.9117
3.4501 9.3465
0.1226 0.3467
4.8959 4.9850
9.0374 1.2378
-3.4065 0.9530
-7.7997 8.0091
4.8809 -5.7748
1.5771 -6.8493
0.1345 8.3069
-5.4484 5.0517
7.3920 4.9382
-1.7865 -6.0596
-2.6435 1.9614
-3.8255 4.9701
4.9000 2.4015
1.9258 7.6617
-7.2853 5.0140
-6.6151 7.5324
7.8134 8.7109
-0.0651 8.3239
8.6040 1.5812
1.8819 4.9160
-1.8804 4.9391
-2.7502 4.8877
0.1793 7.0564
1.6047 4.8983
8.9128 5.0615
-2.2395 5.0123
4.9496 4.9557
1.0591 4.9539
4.8947 10.2315
4.8795 4.9844
-1.4611 -1.0572
1.5014 0.5633
-2.1043 4.9310
-1.1795 7.9487
-4.1788 4.9717
7.8808 1.6327
-8.4033 0.8735
-1.6440 7.7515
-3.6160 5.2065
4.8589 -4.3870
9.8229 9.7835
1.1916 7.9234
0.8542 1.2656
2.7948 8.2329
4.9100 -5.6876
3.7557 4.9361
4.9225 4.9424
0.1147 2.8298
4.9125 4.9412
-1.6539 2.7189
-0.1809 -5.6848
4.9067 4.9224
3.4211 9.1808
-5.2959 4.9852
8.6017 -0.5832
8.9490 4.9464
4.9742 4.8695
4.9654 5.0084
4.9700 4.2976
-0.6791 9.4600
4.9315 1.0221
-4.9648 8.0511
4.9796 4.9131
-6.2629 4.8962
-4.6472 8.3291
-0.9059 4.9399
-9.4496 -6.1868
-10.6708 7.5097
-3.9791 4.9525
4.9345 5.0068
-0.7551 -8.1285
7.4551 1.6179
0.9384 4.9826
4.1197 4.9027
4.9213 -1.1222
0.8622 2.0913
4.9208 6.4974
7.8679 2.1689
-9.0337 -0.8113
-2.0532 8.6807
8.4058 -2.0082
0.0886 8.2070
3.1077 -1.8853
-8.2068 4.9571
4.9838 8.6616
4.8936 -2.8452
8.8175 -3.5319
-5.7534 4.9429
-6.3081 4.9754
4.9275 0.3640
0.0753 0.4730
-0.9130 -2.2081
4.9529 4.9111
2.0009 8.6897
4.9536 0.4895
9.2966 1.8532
4.8979 -10.8379
8.7319 4.9476
9.1790 0.8116
8.1795 8.5568
7.5639 1.4269
9.0589 -6.5926
4.9195 4.9168
-1.3925 4.9719
-2.0652 4.9346
4.9665 9.8627
9.0085 0.5411
4.9674 4.9975
4.8741 4.9680
3.3730 0.8615
-7.6087 8.8839
-2.1033 0.9023
4.9305 1.6254
5.0944 7.7597
5.0144 -1.2870
-10.1690 4.9735
0.8313 4.8869
4.9557 -3.0145
8.7987 -2.5367
7.2609 -7.1328
-0.7638 0.0412
1.6835 0.6866
-1.0324 2.8889
-6.0888 -7.2058
0.3064 4.9016
1.6244 -5.4096
7.7577 8.0292
8.9242 -4.0659
4.9383 8.8485
-4.9967 -4.4834
1.8041 4.9427
0.3194 3.6661
-8.1523 2.5956
-8.2898 -1.2137
0.8821 4.9995
4.9614 -7.3484
-4.7225 0.7292
0.4051 0.7425
-10.3136 9.0214
4.9956 4.9676
5.0083 -2.9428
8.5055 -6.2585
8.3847 4.9930
0.2634 4.9185
4.9786 4.9996
1.4893 0.8356
4.8810 4.9493
-1.0711 4.9778
7.7829 7.9329
-5.4124 8.2565
-0.8187 4.9585
7.2589 -0.7841
4.9716 4.9579
0.7887 7.9883
-0.7158 -0.7835
-0.5945 9.1378
-4.8402 2.8860
7.4207 4.9671
-2.2440 4.9905
5.0073 4.9700
-2.5812 -5.7466
0.5787 4.9905
4.8499 4.9589
-6.1900 -3.1979
4.8959 8.6529
7.0951 4.9096
-4.0652 -8.8984
4.9986 -0.7313
4.9720 -0.7110
1.9489 -0.4402
1.1469 4.9820
-3.7806 4.9826
-3.2413 9.3539
-7.5313 -5.5173
4.9706 -1.0830
4.9744 1.1561
4.9305 4.9512
-0.6821 9.6124
-0.6436 -6.5792
-3.8223 7.8857
-3.5655 4.9283
-0.8277 -6.4380
4.8780 4.9677
8.4301 4.9433
8.9567 4.9689
4.9919 4.9607
-5.5513 4.9885
-10.3978 4.9651
0.1606 4.9569
8.2620 0.4803
4.9167 2.6518
8.7581 8.6328
-1.9537 4.9184
-1.5533 4.9650
7.1836 8.3184
-2.9328 7.6069
2.5116 -0.4049
4.9275 4.9619
-2.3427 4.8762
-4.3842 9.3172
4.9567 -5.1556
1.2858 4.8748
8.4606 1.4737
7.0091 0.0828
4.9094 2.5478
4.3656 -5.8167
9.8826 -0.5077
-1.0100 0.7896
-6.6635 4.9390
-0.2012 2.3886
8.3759 9.4662
4.9771 -3.5579
4.9918 -9.1622
8.6214 -4.9959
3.1058 4.9766
5.0268 7.7818
4.9320 8.0755
2.5396 -2.8068
4.8860 -1.9113
4.9419 8.1024
4.9811 8.4440
4.9660 7.5169
-1.0094 -2.3528
-0.5086 4.9650
-2.9894 4.9424
-1.4135 4.9562
4.8971 8.4768
4.9038 4.9102
7.6426 8.8835
8.7314 -9.1453
1.7414 4.9335
0.4643 -4.6333
6.7125 0.7749
1.8540 -0.8242
1.1215 1.7432
4.9170 4.9721
-7.5457 4.9740
8.6206 4.9086
8.5382 8.2858
1.7750 -3.9895
1.5451 5.0153
9.0457 8.3040
8.3366 0.1613
4.8941 1.6874
2.7017 2.3109
-2.7061 4.9116
4.9452 1.2641
4.9027 7.9326
4.9613 0.2059
7.2984 4.9314
-6.4729 4.9318
4.9707 7.0709
-0.5090 5.0277
4.9528 9.3470
4.9393 4.9997
4.9363 4.9254
0.4208 9.7014
4.9237 1.0898
-0.6819 1.8771
4.9211 4.9142
4.9887 -3.2595
8.2211 1.9008
7.9577 4.9527
4.9884 4.9515
3.0756 -7.2155
-6.0709 8.7626
8.8170 -7.6742
-7.4590 3.5443
4.9239 -8.3016
4.9942 0.2669
8.0437 0.6375
0.9078 4.9552
-1.9385 4.9444
3.8455 -0.9597
4.9012 -3.5686
0.4823 4.9840
-11.7430 5.0225
4.9223 2.4598
3.0389 1.4251
0.4089 4.9179
8.6744 -1.3893
4.9015 4.8837
4.9598 -1.6012
-1.0262 7.9675
4.9480 8.6894
4.9262 4.9219
6.9844 3.0226
8.6755 4.9939
0.1671 1.9801
5.0389 1.6003
8.3710 7.5102
5.0355 -1.0697
9.4958 -8.6088
4.9573 -0.2897
6.8099 4.9416
8.5920 -4.6674
9.2662 7.8535
1.6282 2.0487
5.0208 -6.5953
-6.4689 2.6376
1.0010 8.4598
-9.0522 4.9012
-1.5188 4.9624
1.3644 1.5108
-0.3277 8.1475
1.6950 4.9459
4.9066 -5.4962
4.9482 2.6022
-0.5647 4.9041
2.5292 4.9930
4.9633 8.5119
4.9313 -2.8514
2.3789 4.9207
-9.4603 -9.6996
7.0584 -0.0542
0.9815 4.9505
8.0479 9.1231
8.7233 -9.5249
8.5339 8.7066
-6.9725 4.9695
4.9454 8.5794
1.1458 4.8947
-1.4195 8.1648
0.0354 -4.5041
4.9400 5.0009
4.9328 4.9516
4.9263 -0.0056
4.8827 4.9207
-3.7503 7.5407
9.7325 -8.7173
4.8950 4.9202
-5.9898 4.9736
4.9200 4.9221
8.9567 -4.5042
1.3771 4.9328
4.9514 -8.2145
7.8856 0.1653
1.8167 4.0813
9.5819 -8.9728
4.8697 7.9810
0.4170 -7.3137
-6.8949 -3.3839
-8.3877 -8.3384
9.7360 -0.9211
5.1434 9.5279
2.3135 1.6756
4.9475 4.9711
9.0094 7.4500
4.9637 -2.2572
4.9781 4.9761
-0.2134 -11.4619
3.2785 4.9573
4.9220 7.5731
8.3549 4.9281
-7.2530 1.4727
4.9213 -2.3293
-0.2899 -3.2695
-4.1621 1.4362
-1.2336 10.1396
-0.3096 4.9398
4.9513 1.1508
4.9076 -2.0955
3.9904 4.9825
4.9947 -0.8023
-6.9114 4.9266
-7.2491 3.2483
-5.3116 8.8973
-2.0643 1.7998
4.9546 -8.1897
4.8426 2.7534
4.9218 8.7644
4.9260 -4.0177
7.5362 -1.7508
2.1878 0.9742
-8.3759 4.9047
4.9360 4.8828
4.9384 4.9145
4.9410 3.2217
4.9209 4.9576
4.9129 -3.8669
4.9348 1.8805
4.9384 7.9974
7.5632 4.9054
2.4228 7.0553
8.3209 4.9711
0.2029 0.0169
4.9026 4.9595
-8.2505 4.9260
-0.1058 2.5227
4.9147 5.0000
4.9630 8.0823
4.9744 -8.6788
-0.2265 -0.5277
-6.5344 -4.0320
4.8729 4.9476
-1.0297 4.9854
6.5156 7.4863
4.9203 -0.3776
9.5877 8.5798
-1.8786 4.9194
-3.0181 -11.5475
4.9707 4.9460
4.9611 4.9152
1.9215 4.9245
1.9279 8.9564
8.0893 -11.0753
4.9892 4.9474
8.3525 0.3485
4.9618 7.5767
4.9501 -0.3658
4.9218 0.8902
4.9644 -7.6231
-7.0968 4.9109
7.0797 5.0714
7.5108 4.9647
1.7383 -6.2861
4.9618 -8.3845
-0.4889 -4.6577
4.9714 9.9705
-4.4234 8.3210
4.9454 -5.7524
7.8243 -8.7873
-7.1298 4.9180
-1.8405 3.4149
8.1377 4.9046
4.8978 7.3606
5.0141 7.9727
4.9707 1.1303
-0.0752 1.4445
4.9623 6.9609
4.9704 -6.4190
8.1437 2.2474
-2.2677 -5.6897
1.9024 -5.8199
4.9391 4.9669
-6.3599 4.9164
2.6626 2.8803
8.4913 4.9766
1.4478 8.0942
4.9340 -1.7753
4.9955 4.9684
4.9037 4.9031
-2.0387 1.3633
4.9478 7.5691
4.8837 4.9688
4.9338 8.7587
4.9263 0.5143
9.5531 -2.1944
3.9329 4.9486
0.9735 4.9369
9.4942 -6.9053
1.8967 -0.5269
4.9075 -0.5185
0.2177 7.8279
4.9407 -6.4265
8.3740 1.3198
7.5951 8.4896
2.2152 4.9266
4.9339 4.9970
2.6068 4.9473
4.9611 8.9936
4.8931 -0.0371
9.9388 2.7678
8.6088 -1.9514
7.8442 4.9928
2.0308 -2.0756
-0.8687 7.6487
-4.3316 0.4745
2.1856 3.9169
1.8199 -1.4645
4.9358 1.3788
4.9102 7.3189
-1.5106 7.8853
4.9822 9.6338
-5.8026 4.9752
7.8871 9.1880
-0.9063 -3.0817
-1.5200 1.8774
-4.8361 7.9589
0.9339 8.2218
1.3294 7.7492
4.9663 8.8733
-7.6741 4.9353
8.7168 4.0921
4.9259 1.5352
-2.8065 4.9123
-6.6615 4.9014
-2.8544 0.6542
1.4911 0.1197
-0.9921 4.9456
-0.4347 1.0042
4.8827 -0.9814
4.8429 -7.6270
4.9084 -2.1994
-6.6731 4.9707
2.5616 4.9795
-5.9222 4.8161
5.0400 -7.5315
4.8833 4.9667
-6.8811 2.4093
-4.6322 8.1383
9.4139 4.9232
-9.0040 2.6774
5.0254 -0.0295
3.4440 8.9166
4.9226 -0.1305
7.3036 8.8452
8.4406 4.9666
0.9382 4.9346
4.9710 0.7514
4.9699 2.0952
4.8632 4.9414
-0.8278 2.7105
4.9115 -8.1151
-7.5536 4.9993
-9.4677 1.9124
-1.8689 4.9547
4.8583 7.2149
-2.4689 9.0104
-5.4747 -6.6558
10.1269 -1.9520
8.6181 -5.3875
7.9399 7.7093
7.6489 4.9042
4.8735 0.1685
4.9382 7.8768
4.9255 4.9461
-1.2868 2.4714
-1.2276 -1.1462
-8.2996 0.3073
4.9604 4.9237
4.9597 8.5041
4.9809 -7.0318
8.9980 -0.3331
4.9296 4.9306
0.1405 4.9584
-7.5669 4.9318
-9.7063 0.9391
-3.5627 -4.7840
5.0083 -9.7643
-6.2521 -0.1521
-3.7528 4.9392
7.4070 0.1119
4.9870 4.9052
4.9471 5.0263
-0.4614 -3.5314
3.2771 -3.3300
4.9230 9.1414
4.9407 8.9527
-1.0220 -2.9968
7.5943 8.6463
4.9663 -10.1077
7.2535 7.9166
8.5152 6.6543
8.6427 -0.5877
4.8887 4.9671
7.5905 4.9442
7.0175 4.9992
4.9319 -0.4022
4.9314 8.8178
1.8602 8.7947
8.0875 4.8403
-3.2009 -1.9448
-11.6682 4.9195
8.1988 8.5657
5.0169 1.7164
-0.1176 -3.2458
4.8749 -4.8913
11.8609 0.8558
4.9558 4.9629
4.9980 7.9919
7.2858 -1.2054
2.0909 -4.6435
4.9337 -0.0965
-5.3815 4.9706
9.7416 4.9520
4.9130 8.2870
-1.4351 4.9103
4.9069 1.4386
8.1891 9.0772
8.1760 4.9299
-6.6991 9.2655
1.0225 -5.9382
4.9057 4.9212
7.7617 4.9326
-4.8350 0.4134
9.8228 8.6305
-4.2432 0.2560
-6.7213 1.4801
8.6683 -6.1778
9.5082 5.0331
-0.2212 8.0530
4.9051 4.8955
4.9772 4.9717
5.0184 4.9997
4.8637 4.9931
-7.9631 4.9851
6.5324 4.9480
2.1086 0.0462
1.6695 4.9548
4.9393 4.9622
-7.9066 8.0645
4.1346 0.9401
-9.5838 -6.0468
-1.1789 4.8691
5.0033 4.9742
4.9303 -2.1202
4.8534 8.4369
4.9210 -2.9072
3.7927 -9.4232
7.7760 -0.3704
9.5651 0.3445
-11.2241 8.8887
-3.1161 6.7530
-9.2081 -6.5362
8.1993 4.9969
6.5155 4.9364
2.1339 -0.4150
-1.9470 1.4930
1.7843 -1.0655
9.4982 -4.9053
4.9386 4.9518
0.3759 8.7580
8.7817 8.4346
-3.7124 4.9605
5.0435 4.9350
-7.2980 0.4554
2.8504 4.9582
8.0815 0.0609
0.9733 1.0690
4.9042 4.9005
4.9542 -6.4915
1.0727 2.1196
2.6305 -7.1763
1.3108 -5.3605
0.2114 -8.3487
4.9414 4.9229
-8.8760 2.5009
-8.2774 -13.6870
0.3648 4.9167
-9.1063 -4.5467
-8.5493 8.9028
7.7514 1.0865
-2.3415 4.9675
-8.1339 5.0771
4.9267 -5.9875
0.1556 9.9005
0.7741 9.5063
0.1610 -2.5007
2.7184 4.9995
2.5796 -1.7648
-1.7287 4.9346
4.9272 6.9079
8.8953 -1.9459
9.7951 2.1465
8.5043 -6.2641
4.9793 4.9812
-5.5428 4.9363
-9.4169 9.3985
4.9494 2.5400
4.8995 -1.2930
5.0090 -2.4099
10.5234 2.9497
7.4670 4.8607
1.1562 10.2217
4.9346 3.4344
8.5611 -1.5186
-5.1692 6.7567
-6.7076 4.9399
10.7934 0.2145
-1.2269 1.8515
-1.1424 0.2935
4.9842 4.2508
4.9815 4.9338
-4.6568 -0.5619
9.7333 4.9124
6.9302 8.9099
1.6655 2.0399
-6.6415 0.7532
8.6171 -0.4429
9.1664 7.5914
4.9462 1.4218
-1.1123 0.0217
-1.9289 4.9430
-7.2034 1.7779
9.2342 -5.5981
4.9575 1.1168
2.4865 4.9397
-6.2712 8.4520
7.6619 1.3232
4.8662 6.9656
-1.6425 1.1151
4.9946 7.6883
4.8798 4.9603
4.9617 0.8887
1.4447 4.9138
-6.1127 8.6407
-1.5737 -1.2698
8.1762 4.9666
1.1325 0.7137
0.3708 -4.9399
-5.5954 -2.7546
1.6510 4.9395
4.8868 7.3350
4.8734 -4.5687
8.9960 4.9294
4.9453 -2.4614
8.4405 -8.8035
4.9140 8.7129
4.9403 4.9242
4.9109 2.0297
7.5959 2.1355
1.5866 8.7283
-4.6366 4.9405
4.8630 0.4320
3.1848 2.2426
8.8983 4.9894
4.9568 4.9809
3.5886 -6.6716
4.8842 -3.2223
4.9168 4.9283
-1.1536 7.8780
8.6345 -1.7638
-8.4007 -7.1875
8.1443 4.9508
4.8816 0.1582
-0.5759 0.2213
4.8959 4.8685
5.0047 -1.5646
4.8924 7.9512
9.0083 2.4103
8.6460 2.1442
1.8617 -4.1279
4.9314 -8.8709
1.2478 4.9210
2.0109 2.2518
2.4464 3.7505
0.2999 -0.9615
-2.4362 -7.0639
-6.5954 -0.7160
8.9491 10.3228
-6.6794 -1.6251
-6.5021 -3.5047
10.6053 10.2356
-1.1952 1.2577
0.3210 4.9772
1.0358 -6.5642
0.7548 -0.2956
2.9925 -5.1803
5.7526 -0.3702
0.1829 -7.3416
10.6331 0.1351
-0.7860 -0.7386
2.5025 7.9648
9.8007 -0.2354
9.1777 1.8273
7.0321 7.8446
-6.2802 -0.9309
-2.1521 -1.9809
-5.2783 -5.9830
2.7780 -2.9295
-5.9702 12.8836
-3.1103 -7.2597
-5.8391 -6.1292
1.4540 1.0946
0.0836 -6.8635
4.1809 16.0069
0.8475 -1.9885
-1.2613 3.4193
-8.3897 1.8502
-4.6501 -2.1397
10.3370 -3.5253
-3.3927 -3.7520
-6.4571 2.0181
8.0173 -6.9561
10.6841 0.3411
1.4162 8.6904
0.9249 -6.1226
1.4531 -7.1338
11.5344 -6.3257
-6.2014 2.6312
0.0372 5.8092
2.9081 1.2795
-9.6569 8.7489
-0.5623 8.7915
0.8123 -3.3919
-6.9426 -1.1566
-4.9938 -4.9474
-0.5931 -7.2891
5.1949 -5.4635
1.6376 4.9816
5.1387 -2.6234
15.1827 -3.5570
3.0494 1.8571
1.3489 10.9174
3.0851 6.7475
-2.4100 -1.3152
-3.0344 -2.5978
5.0980 0.7617
-6.0466 0.3557
2.9100 0.0694
-5.6408 3.2552
-2.1145 2.4569
-5.5566 -7.0153
-5.2027 8.0365
-2.9935 -7.4443
-5.2372 -0.2785
-2.5103 -2.3798
-2.8110 1.0023
-3.1391 -4.8297
-7.0163 0.9323
-0.9686 -5.7843
2.7335 0.2246
1.2131 -6.8986
0.0506 3.8747
4.9380 7.0446
3.1923 1.2940
9.3684 -0.5949
-2.7738 -1.2791
7.7371 -7.2277
-3.2099 1.4594
-5.5085 8.5885
0.4300 3.1993
1.9936 -3.9194
-4.0176 9.2429
7.4191 0.6999
2.8234 -2.7256
-0.4355 8.8586
3.2132 8.6037
-1.2943 -4.7337
10.4864 -4.0956
1.2538 -4.8582
-6.1202 0.5349
-5.4317 -1.5520
-5.0299 0.6561
-4.0802 -2.9277
4.8558 1.8719
-5.2339 4.5681
1.9480 3.9326
-4.3128 9.5237
-4.1908 6.9735
9.0771 -4.7010
1.6947 0.1286
-1.3999 9.1405
-6.0140 -2.5630
-6.3374 2.5285
0.5731 3.3750
-4.9861 -5.9942
2.7585 -7.7769
-2.7365 0.3769
1.3106 2.1911
-8.2462 -4.8619
-1.0088 6.5019
-2.2805 -6.6043
11.1018 13.2692
13.1884 -6.8933
9.5485 -2.7140
-6.1555 -6.2307
-7.7273 -0.9507
-6.6971 -1.6371
1.5250 -5.1534
12.7175 -0.2733
-6.0420 -2.3813
0.7244 -1.8827
-5.7112 11.5909
1.4938 -3.3366
-0.6616 -7.2515
-4.4744 -0.2738
-1.2671 -2.7135
-5.9655 7.7139
0.7791 -6.3407
8.8063 -0.6116
-7.2744 -0.8692
-4.1748 -6.5101
-0.4763 2.8834
-7.4570 -1.7824
0.7294 0.6863
-9.3421 5.9916
-0.3333 -2.2367
2.3553 6.7363
-3.0748 -1.3783
1.6279 5.1729
5.1816 4.4022
1.6623 -5.0461
6.8489 -1.2288
-6.1266 -3.6045
-6.7959 -6.6682
-0.8628 13.5005
-5.5196 -7.5510
2.0826 -0.3784
-6.1568 6.4095
8.7400 -7.4506
-0.1820 4.1226
-2.1992 0.4036
-0.1225 -2.2194
-0.7453 1.2395
8.3189 1.0161
1.2893 -1.7747
-4.1430 -5.3975
0.5034 -0.1869
-7.5604 -5.4220
-7.3443 2.6616
-3.2905 0.6618
-0.1467 2.4144
-1.2077 12.2013
2.3526 8.8253
2.4192 10.6377
-1.0769 -0.4232
-6.6030 -6.3872
-0.4151 -8.2674
-0.9781 -2.0745
-4.1934 -0.1724
10.1895 -9.1943
-0.0359 2.1353
1.4068 -6.5966
3.6991 0.8289
-1.7442 -6.5115
-6.4542 -1.3992
9.9980 -7.8734
7.0574 -6.0600
-4.3945 -2.3385
16.2128 -0.1999
-5.3436 -0.3645
-2.2681 0.1681
2.5899 -5.8439
-7.0146 -7.4911
-6.2984 -4.2287
0.9269 -2.3987
-6.3168 -3.0376
0.5424 -2.0015
11.3568 -3.5607
-6.1850 -4.7980
-0.7773 0.4885
-1.3247 7.0519
-3.9229 -5.3689
0.8726 7.9070
-2.4176 5.0185
10.3211 3.5152
-8.0593 -9.0420
-7.0849 3.1503
-5.5057 -3.9834
1.5062 3.7909
-5.4131 1.5898
10.5497 -2.3902
1.0188 -0.8408
9.7774 13.9192
0.7973 1.3047
10.8946 0.2466
1.1669 -1.7278
6.3749 0.6399
-4.7133 2.0897
-2.1548 -2.5690
-3.2846 11.4196
-4.9249 8.0934
-3.5764 0.6959
-3.9764 -0.0954
-0.8990 4.6730
-7.2028 1.0769
-6.4728 2.2783
0.3898 1.2492
1.5630 -6.0397
-4.7520 -2.5011
-0.9647 0.0569
-2.2792 -0.9999
0.5748 -6.6799
0.0378 8.5057
-5.1957 -3.6710
-4.4386 14.3117
6.8750 3.8653
-2.5633 1.0540
14.2853 -0.4522
1.1479 -5.3696
-2.5595 0.7274
-5.5360 -4.0936
8.9665 9.9743
-4.0480 12.2459
4.9141 -0.1627
-7.5479 -5.5374
-0.3749 -6.2807
9.1713 1.1528
1.1900 -0.7194
6.9745 12.3881
11.2789 -2.1675
1.1540 1.0797
-3.2078 1.5195
-5.4262 4.5399
-2.2164 -6.9433
-2.9756 13.4668
4.8822 -4.9584
2.0575 -7.4171
-5.3898 -1.1954
-4.0146 -0.3636
0.4931 -1.8400
0.7152 -1.6985
1.7764 0.2728
-9.7192 3.7100
-5.4039 -4.7122
-7.9962 8.4810
0.6820 9.0526
0.0661 -3.7576
-9.5943 -0.5863
-2.7165 -4.1342
-4.8445 -5.6210
1.3794 0.1618
2.5610 -5.5977
1.6034 -0.5476
-0.4427 -0.9162
-5.4768 0.9628
2.8885 -4.6956
-4.3025 -6.3706
9.5370 -7.2340
3.4252 0.1215
-1.0657 13.6863
-6.3348 -3.8838
0.7125 -6.8403
8.7284 0.4040
-5.3841 -6.6806
-6.6142 -5.6881
1.9073 10.4558
1.9097 -0.0706
-0.4041 4.1818
-1.2584 -1.9756
-6.4301 -4.9811
2.4229 3.3997
-2.6268 -3.9273
2.6532 -2.1394
11.1617 1.7370
-3.8926 -5.5317
0.9927 -6.9333
12.3141 -3.0959
10.6562 -4.6483
-5.2447 2.8739
-1.1570 -0.8556
0.0257 -1.3739
1.1490 2.8981
-0.4256 -1.5655
5.1219 -5.1873
-0.8520 -6.3223
-5.8265 -5.7878
7.3063 13.5465
-4.7479 -6.2586
-0.6494 1.2401
10.7558 2.6192
0.3606 -1.6976
0.6034 0.7445
-0.7586 6.9010
11.1634 1.3029
9.0257 -4.2913
1.2621 -1.7996
-5.6855 -8.1348
2.1621 1.6147
2.1888 1.9820
-5.1399 -5.1125
3.6423 -2.2386
-6.7453 -6.7386
0.0142 2.9686
1.4109 0.7259
11.5338 9.6730
-4.5909 3.7300
0.2623 9.4605
-4.7754 -6.1263
13.4082 0.7102
-6.8071 -0.0282
-1.3833 -2.6676
2.2903 -3.2028
-6.2984 -5.3823
3.4439 -3.5145
-2.9291 -2.9744
-7.2242 2.9003
0.6450 -6.4312
-6.5152 3.4837
-1.3771 3.0759
1.9683 11.7408
1.8124 -2.0332
-1.3260 5.2397
0.5889 -0.2490
-5.9704 7.0266
1.7130 -3.3694
1.8869 7.3629
-5.5299 -4.6690
8.3394 0.5864
3.8978 11.4116
-0.5704 11.2147
8.0125 -6.1013
-0.6940 -5.5417
7.9334 8.8736
-6.6564 -6.5845
-5.4201 0.8674
2.6725 0.8032
-5.9074 1.8818
2.8012 0.2452
-2.2890 -7.7529
2.0743 9.9094
1.7739 1.1770
-7.3969 8.4866
-0.6117 -0.9419
1.0358 -2.0504
9.0957 0.3912
-0.5444 -1.9196
6.7058 -0.1321
-7.8679 -6.8667
12.8630 9.2067
2.5654 9.6045
-1.5450 11.1854
12.2694 1.2896
8.7002 -0.5797
1.1328 -3.1276
9.7957 -0.0882
-6.4394 -9.1243
3.9279 -5.9503
1.5327 3.9145
-1.1292 18.4932
1.8716 11.2954
7.6540 -0.6116
15.0076 2.7210
-5.0194 1.3012
-9.1649 0.3007
-2.0525 -6.5909
8.0338 -3.1981
4.4828 10.6036
-1.0719 -0.5783
8.3089 -7.1162
-5.3789 8.1517
4.0423 -0.9136
-6.3201 -2.1555
-8.0509 1.5615
-5.2044 5.6613
-3.7017 7.3945
7.5854 3.0188
0.3830 -0.0836
3.5590 -5.2837
-0.3175 10.1126
-4.1100 2.6385
-0.9969 -1.2506
7.7118 -6.9173
10.5006 -6.7813
-6.5003 -7.3548
3.3392 1.2029
-7.2059 -4.5965
-0.2891 -6.0210
-1.5391 1.4688
-5.9648 -0.2032
-7.7023 -4.5131
2.0797 1.6416
-1.0007 -0.5815
-1.9084 10.8430
-2.3448 6.6874
5.3897 -4.7937
1.2994 0.7499
-1.7831 11.2304
1.4828 -5.6503
8.8034 1.5216
9.6275 -7.0856
10.0048 12.8501
-5.9686 2.0433
10.1614 -0.2354
4.0154 10.0860
12.9026 2.2337
-6.5973 -3.7158
-3.2481 -2.2415
-5.1125 2.6246
0.4344 -8.7499
1.5919 -4.7538
-6.6464 -6.3490
-0.1517 -1.7517
12.4723 3.3267
4.2194 -5.6586
-3.5835 -0.9543
-0.2834 6.5680
10.3082 4.0313
1.2076 9.0814
-1.5835 5.8932
10.9575 1.8735
-3.7335 -0.5479
-6.8069 -1.4645
-7.3940 -5.6122
9.7241 6.6899
1.1997 13.0837
12.9920 -7.4650
-0.6887 -5.7814
-4.3389 -3.3408
-1.5698 -3.3503
1.0084 -1.7733
7.0601 -4.2605
2.3584 -5.9433
-7.1807 -1.3040
-0.7244 9.4773
-6.2128 -2.1004
-0.1347 2.1977
-5.4643 0.7687
15.2163 12.8715
-5.3310 13.8538
-8.2508 -2.7463
-7.9405 12.5814
6.8845 -3.5967
2.7876 -6.3767
2.8820 -6.7762
1.1697 -1.4749
3.9027 3.1962
-4.6771 0.4153
-1.1829 11.4338
-3.5308 -5.6380
2.8799 1.4006
-2.6299 3.7346
11.3114 -8.0871
14.1651 -1.5857
-0.6559 -1.7959
8.4311 -5.7487
-3.4260 -5.0236
-1.6619 -3.4654
0.9570 3.4445
0.4231 -6.1130
8.7187 0.9978
7.1981 7.2682
7.9973 2.6521
1.4128 13.2608
0.9130 -5.5891
-4.4484 0.4175
-0.7045 1.1500
10.3882 -7.4173
1.7523 -0.3433
0.9801 2.1961
0.2026 -1.4656
0.9465 -4.9912
-4.7405 10.9660
8.8360 -8.5841
7.8702 10.1510
1.6945 0.3474
-2.6315 3.3654
-7.5615 -6.3217
-1.1641 -7.5194
-5.3113 5.0180
2.3978 -6.2862
2.0977 2.9758
-2.6576 -6.7108
-0.6195 0.0486
-4.3929 1.0411
1.7488 3.8759
-5.1552 9.7495
0.0359 -0.3012
-0.1339 9.6343
11.3744 9.1756
13.5385 1.2776
11.7060 -9.4979
1.0462 7.9812
-3.3669 9.5492
6.2258 -1.7913
-5.6309 6.9445
-2.1369 -3.3200
2.4754 -5.3958
0.7046 -6.1989
-1.3772 0.6722
-5.4839 -0.5080
10.0157 -8.2750
-8.0129 -5.5472
-0.4417 0.7917
-0.5582 9.6719
4.8248 -1.0820
-2.4686 -8.5524
7.9050 11.4008
-6.6698 -6.7820
-1.9014 11.4543
-4.9069 -8.7662
-6.8777 -0.4502
0.7010 0.4409
-3.6958 0.1081
8.8339 -8.6163
-4.0596 12.3210
1.4435 8.2440
-1.0092 0.4669
-6.8226 0.8563
2.1673 -5.1732
-0.1075 -6.6466
1.9425 1.7444
9.9339 -3.9931
-5.9939 -3.0860
0.7792 10.5126
7.3081 -6.8561
-2.3377 -1.4081
-6.4927 -0.7963
0.7272 -5.6137
1.0873 -5.3505
-1.4131 -3.7182
1.0064 9.8831
-4.8699 -6.1038
8.5460 -6.8403
-2.2300 1.2478
-9.2023 7.5273
3.7670 -7.7871
-6.7768 -4.4182
-0.4392 -1.7538
10.8330 6.1599
0.1120 1.4944
3.2140 -4.5096
-2.7996 -3.6244
11.5909 -6.0639
-2.5022 13.0334
-6.8002 10.8629
3.3592 0.3479
5.2928 -0.3179
1.1107 7.1193
0.7041 -7.3787
6.7043 -2.1392
13.2984 0.3653
5.8478 -4.0953
2.0526 -1.6668
2.5269 -4.1043
2.1858 -0.3172
10.3892 4.0272
0.3012 -3.3455
-0.8230 -4.6940
0.6332 6.6049
-5.7109 10.3118
4.4195 4.4893
-0.1724 7.7717
1.8902 -7.4854
-3.0735 -0.9757
-7.2976 -8.5393
-6.3437 -7.3753
-4.9673 -4.1381
-0.5630 5.2558
11.8041 3.6198
-6.9103 -0.7962
8.6883 7.4545
13.5826 -6.6944
-7.1461 11.8268
1.0126 0.5723
-1.1342 -0.8401
11.5517 5.4174
-2.6513 -0.3326
3.5182 -3.9306
0.0639 -3.2370
0.8532 12.5539
14.7227 6.2875
-7.2507 0.1086
1.9000 -3.4045
-5.0208 2.1728
-0.6983 -6.8233
1.5201 1.6393
-1.0931 -8.9660
-1.4628 -4.1210
2.1546 -1.0660
-0.0201 11.0744
2.9465 -6.2808
9.0125 9.2213
-5.0807 -4.0897
-4.9620 -7.0191
1.4406 -1.3065
-3.0747 9.9006
0.7546 1.6284
5.7423 8.9252
-4.9314 11.4006
5.8766 -3.4036
-5.9689 -0.8186
-0.4363 10.4928
3.6822 2.2532
-2.1139 -7.4799
-1.3621 -3.2815
0.5556 -0.1899
-0.6107 -6.9745
-4.5909 4.7429
5.6767 -7.8723
-4.6119 2.5741
-7.1651 1.2239
-10.0037 -1.7165
1.7215 -1.0415
13.4015 5.6108
1.4924 0.4445
-3.6172 -6.2547
-0.8464 0.7598
10.2534 -6.1671
-2.2745 -5.5548
-2.7462 -0.9701
9.1478 6.4293
5.0052 6.7316
-2.9617 -2.5357
4.5473 -7.4611
1.2354 -0.9727
2.7816 8.0159
-7.0916 -2.5929
-7.6394 0.4080
3.4058 -0.7346
-5.8541 -5.3549
-5.9409 -6.2792
2.5606 3.0825
2.6175 0.4945
3.9077 9.6087
-6.4318 4.5878
-6.2718 0.3185
-3.8428 5.5209
10.4756 -6.2852
-4.3552 -4.4179
8.6980 13.1224
0.6015 16.8637
-3.2399 0.3928
7.1185 -3.5644
0.3923 3.2082
13.2769 -5.1280
1.0052 4.3533
-0.2950 -5.3852
0.5373 -3.3028
0.4262 -5.9421
0.0287 -3.8472
-6.7536 -5.2321
3.4492 -7.3927
0.7912 12.3000
11.9612 10.3894
-6.4812 -3.2509
1.4512 12.4067
-1.6278 11.1836
-1.6429 -1.2743
-7.1027 -5.3848
-6.5950 0.8398
0.3288 -0.7539
-6.0318 -6.5080
-4.2508 6.8491
-2.3928 9.3268
-2.8520 -6.4034
4.6346 11.3660
-2.8707 7.7188
-1.0433 13.0063
-7.2459 0.9745
-7.7400 1.1829
9.6837 -5.3460
-5.7105 2.0172
-2.5393 1.4889
5.4208 -0.8465
1.3001 -6.0514
5.4881 13.5750
-2.5958 -5.3443
1.4044 -3.9866
1.6500 9.7213
-5.7883 11.9772
8.9329 -0.9139
0.6494 -3.5049
4.9169 9.8742
-7.3620 2.3385
2.8170 7.5782
-4.3457 -0.3967
-3.4505 -9.4040
-2.8344 8.3972
5.3411 0.9158
-5.9012 -1.4021
-4.7827 2.0756
1.0996 -5.3680
9.4696 0.3975
-6.8564 2.5752
1.4660 8.3822
-4.9468 -4.9949
-0.3513 2.6656
-2.6951 12.2889
8.9909 -8.1437
-4.3673 -5.5021
0.0626 0.9739
2.5847 10.5119
3.3292 -1.7732
0.6929 1.5975
11.1749 3.8482
0.9377 0.2915
7.0845 -0.9998
-3.7888 0.4962
-7.5999 -6.7357
-6.3530 -5.0895
8.5025 -0.1535
2.8928 -4.8617
-9.3421 5.8740
3.0221 -2.3295
1.4959 -2.8878
7.0816 -5.9674
8.1962 3.9391
7.0636 -6.6104
9.3585 -3.0101
9.1459 1.4817
-10.2156 1.4386
-0.6403 7.7931
-0.5884 1.0332
6.5988 7.6989
10.5551 0.8816
-7.3775 14.7061
8.1339 8.3979
3.0148 -5.5222
-4.5797 -0.8282
-6.0456 -4.9176
-6.2105 2.7969
-0.9859 8.2751
11.5992 1.4885
9.2301 0.1103
8.4369 -0.1311
9.4360 9.9024
0.2976 -5.9938
10.0447 -0.0345
8.8178 -3.1849
-6.0112 9.9450
0.4739 1.6801
-5.0818 11.4579
1.8859 -7.0281
-2.0190 -8.7100
-4.2828 2.8993
-4.5415 13.8109
-9.8454 0.8800
-5.4377 -6.9804
7.1071 0.5640
1.4199 10.0109
-2.1738 10.9530
-1.4765 -3.3162
5.1411 1.8323
-0.1682 -6.1805
-1.1018 1.5746
0.0380 -6.9194
6.5237 -2.3670
0.9429 2.1962
-5.7852 -5.7768
-1.5485 5.7249
2.4424 0.7172
10.1227 -7.6984
-6.1160 3.3353
4.1378 -0.0395
-5.0020 0.5705
-6.9698 -5.0699
11.2580 9.9393
-0.9117 10.5522
-4.6081 -8.6897
-1.3458 -4.6409
-1.4102 1.6325
-3.1813 6.9270
11.0269 -6.7097
-0.4286 -2.6812
-0.7132 -6.4785
2.3934 -0.7803
0.7984 -1.1995
-0.6871 8.7873
3.2674 9.4334
6.0736 -4.7306
-3.6802 3.3303
2.3510 -1.9880
-4.8504 -4.3333
-2.6286 9.8482
2.5043 8.8764
-2.1115 1.6071
-0.3248 -0.9837
1.4349 -0.7922
-5.0834 -0.7087
-8.5977 14.5794
9.5508 11.7241
0.8199 10.4616
4.5882 2.7992
-5.8040 -0.7476
-1.2520 0.3893
-6.1680 -3.6317
-6.3466 -0.1135
10.6255 -5.8165
-0.2843 11.3890
10.6849 -4.7546
-5.2008 -6.1381
-6.8751 1.7739
-2.2523 -4.8139
5.5561 -4.0275
-4.6865 -0.5141
-4.2415 2.6202
6.0502 -6.5096
-6.0543 2.1240
-6.8752 -0.9815
9.4731 -1.4050
9.9037 11.8918
2.0238 1.3481
11.1383 6.7257
-1.0569 -0.0694
-0.1263 -4.2359
1.2712 -5.1255
-0.0041 -0.6745
-0.7253 8.4036
8.6041 2.7840
-5.4731 -1.4354
9.3609 14.2934
1.1155 -2.8909
0.0410 2.0016
8.6545 1.5885
-1.4396 1.2476
-6.4359 -5.0284
3.8590 11.1555
9.6985 3.1645
2.0594 8.5499
9.1286 -0.9182
-1.1930 1.0713
9.8968 2.0936
-0.5278 -1.8345
2.0192 0.0597
-3.4221 1.8324
5.1438 0.7566
1.4504 0.3122
-3.0863 10.4478
0.5100 -1.9242
-5.6722 0.0051
-2.5474 -6.5005
1.6386 11.8860
10.6139 1.1703
7.8801 -4.7802
4.1741 -6.0621
-0.1780 -5.8311
2.8699 3.2971
-5.0200 0.3641
9.4609 -6.0280
-1.8477 -0.2688
-6.3625 2.8964
-0.6381 1.8067
-0.1632 0.6056
1.9973 11.4091
1.9296 -1.7634
3.4922 -1.0698
-0.9929 -6.4680
-6.1760 4.5611
-1.6790 -2.2612
-5.7952 -4.0524
-6.0264 0.7400
4.8649 10.5548
-5.0074 9.6530
2.7660 4.1152
7.5517 -6.5359
9.9939 5.0947
3.2706 -0.3980
11.6071 2.5013
8.0816 3.2602
3.9416 3.2927
-0.5205 -7.6612
-6.7275 2.7812
8.4262 -3.7593
0.2332 -5.3664
-0.6098 0.3319
8.1907 0.6710
4.9017 -5.5373
-2.2743 0.2838
-3.3725 -1.8492
0.9154 3.3618
3.7416 -3.0589
2.8778 0.0391
-0.7586 6.1789
0.3466 -0.5820
0.7758 -4.5886
-0.1877 -0.3607
-5.2130 -2.0256
-4.6388 -6.9366
0.7269 1.7584
-5.7620 -8.8532
-5.6262 8.0056
-4.1007 -0.4413
-7.4163 -0.3258
-3.9676 3.9411
8.1877 9.4191
-4.5726 -1.8152
-0.4606 -3.4899
15.9785 -2.0996
-0.9987 -7.1562
2.0164 1.0107
-2.2810 -6.4007
-0.5279 4.7661
-1.7823 1.1720
-2.1108 -5.7144
-8.0696 -2.7132
0.0306 7.2598
4.4832 -7.1104
-6.1268 6.5965
-2.5472 9.4577
3.5879 -6.4069
3.3586 12.3376
1.2575 -6.2600
0.9318 0.6016
-5.2420 -3.7145
-0.4686 8.0507
-2.6699 14.9542
1.1423 -5.3903
-0.5452 7.1543
0.6263 3.2975
-2.3842 6.1732
-1.2872 -4.6027
-0.2584 2.1372
-3.7518 6.3813
0.2591 1.0737
-1.4093 -6.7478
0.7986 -4.2649
0.4537 0.8482
-6.1558 -4.6950
3.7248 12.7004
-5.6476 -4.8475
10.6625 -7.8497
-1.4459 3.7458
-2.3142 -3.1781
-7.3196 2.5031
-2.1667 -8.2207
0.8492 -5.8036
12.2488 0.9623
-0.2241 -4.6873
-0.3162 -8.3860
-3.8202 1.0496
7.5682 -7.1005
8.8763 1.3217
-6.6113 -1.6298
-1.7507 7.2059
-5.8817 -7.9576
13.3006 -2.0923
-3.8600 -4.6757
-2.5952 2.7086
-5.2455 -0.9635
-3.6990 2.5565
10.3185 0.5151
0.0235 4.7125
0.2997 0.5114
-0.2383 -1.1766
-3.5049 5.4382
-3.1681 4.0370
-0.1124 -5.4584
-3.9533 9.8466
-5.4199 -1.8980
1.2647 -2.9884
-9.4724 4.6312
12.6243 6.4005
3.7099 -3.4944
-4.3483 8.6858
-6.4788 -2.1242
0.1736 9.9194
-2.3819 -1.7806
-1.3010 12.4779
8.5119 2.7857
12.4005 -1.8044
-2.3337 -7.2148
5.1713 2.4168
13.7681 0.2210
-2.6702 5.7564
-1.8625 5.6562
11.7317 -0.3329
2.8620 -2.5536
7.9719 2.2893
-2.3689 2.7718
12.9994 -7.5564
-0.0071 2.0123
0.5678 5.4565
0.3422 7.2616
-4.5951 -4.4452
1.4000 -0.0109
6.7738 -0.0426
-3.1895 0.7424
-9.2411 2.4318
-6.2095 0.6560
4.1396 -9.8317
0.2840 -6.8128
1.6609 2.1031
13.0343 11.1675
-2.5832 -1.1752
-5.6098 -5.4715
9.7707 -0.3235
-4.6956 7.3090
-5.2107 -1.4030
-7.8677 -0.8451
-6.1915 1.3353
-5.4447 2.1111
-8.7459 1.7617
1.9400 7.5748
-1.9917 -4.3539
-1.6019 -1.5686
-0.6022 -4.6105
7.7578 1.5810
0.7483 -0.8344
7.0510 -2.5415
3.3583 -3.9041
-0.3017 -7.5384
9.6396 1.6996
-2.6041 -7.4243
1.4186 -8.7459
-2.1998 -5.9197
2.3613 -6.5001
-0.8339 10.0300
-0.6044 3.1547
12.1522 2.5018
-6.6570 6.7208
2.1835 0.2101
-1.7217 -6.3972
0.4058 -1.2484
0.9235 1.7869
-2.3372 -5.8181
-3.6245 -4.5211
1.5529 -6.1574
11.4863 8.6983
0.7416 11.9260
-0.0048 -9.8782
-7.7940 -5.6294
-6.2419 -0.9086
-7.1305 -4.4072
-7.2176 -6.2654
9.2018 -5.7781
0.6443 -3.4277
3.3195 8.5859
1.7645 10.1715
8.7146 -1.7983
0.7118 -8.3685
-2.1139 -2.9398
0.2908 3.3261
-8.0243 1.9844
-5.5000 3.8771
6.3484 2.4467
-0.2957 11.3810
12.3992 13.9491
-1.1122 0.0690
-1.3608 2.4731
0.0650 -6.4552
9.8738 0.2014
-6.3017 -7.2746
4.4765 10.6665
0.3687 -2.1198
-5.0900 1.0621
8.1998 3.3119
3.0839 -2.7253
0.2174 -2.1614
9.6849 -0.5867
-2.0375 7.2587
-1.4830 -6.4813
-1.6364 0.4661
-6.2138 0.6654
3.7874 -2.2637
-5.4770 -5.2971
7.5760 -0.7882
4.9382 1.2739
11.4575 11.2150
7.1594 -7.8371
11.3617 7.2371
-7.3298 -5.5106
1.0641 -3.0530
0.8559 -3.2776
-1.9229 -6.7910
6.3323 -5.9669
5.9021 7.2787
2.3157 -6.3578
-4.4692 2.9354
3.8565 -7.0565
4.1674 -0.2157
11.1619 -0.9522
3.3250 2.7026
-6.3397 -4.7767
-6.9736 -1.7541
1.7401 -1.5853
5.8217 3.2130
0.0642 5.1507
-4.0328 0.4106
-6.1397 -4.4014
9.2274 -5.8441
-5.1977 -8.1709
-0.6316 13.8688
8.2679 -6.9437
9.5549 -5.5499
-3.3279 -4.0466
3.9595 1.7318
1.8020 -3.0420
7.7144 -0.8279
1.1654 -5.1809
-3.6464 0.3263
-0.3975 -4.6029
-4.4011 -4.9440
0.9722 0.8933
4.7475 -6.3732
7.6772 0.8220
3.2037 11.1131
-4.5893 4.7249
1.8657 -0.1860
0.2275 1.5175
-3.2889 -1.7922
-7.3267 -8.8054
7.6880 0.1258
-5.7346 2.3128
7.3273 -1.3721
3.7311 0.2477
6.5643 0.8789
7.3672 -3.9299
-4.8811 2.1614
-0.0317 -1.2957
6.5800 -0.0588
-1.2568 -2.0638
-1.9432 -7.0568
-1.7563 7.2692
-6.3812 -4.6744
7.9755 -4.5339
-6.4654 2.8891
-6.0150 -5.2807
-6.1135 -0.0238
12.1635 13.7919
-5.9482 1.3350
-7.2355 -4.9598
8.4910 10.9482
-7.1848 -3.7707
8.5145 -2.3865
-5.8547 -2.6472
-1.8935 1.1434
8.7014 2.1740
-0.7285 10.5977
-3.0551 -0.8223
-0.4074 -2.3416
-2.0361 -3.9206
-7.4865 3.2948
-6.2238 -0.7348
1.6718 -7.2272
-4.3667 -5.3674
7.9698 3.3472
-3.6147 11.3148
-7.8379 -2.2808
0.1220 8.1408
-3.4709 6.9962
-7.4767 8.4659
6.8551 11.2626
-6.8624 10.2181
-4.1378 -1.1126
-1.5004 -0.2934
3.3391 1.6558
4.8664 -1.7536
13.0986 12.2737
-3.9599 -2.0931
-1.4708 -2.9242
-1.1120 -6.7798
-4.9040 -4.5226
12.7989 -6.0293
-6.3247 2.2683
-5.3037 0.8034
6.7185 2.4731
-6.7436 0.5224
2.0886 -7.1625
2.9372 -0.4216
-0.2748 10.5674
-7.6890 7.7278
0.8080 -1.0743
-7.8574 -4.4252
-5.8258 2.8788
-4.4655 0.7461
-1.3419 -6.3374
1.1342 -3.4637
1.2346 8.0950
10.0562 10.8364
-0.7611 -4.1759
6.6676 0.4881
2.1040 -4.6012
0.4278 -4.2569
-6.8796 0.9519
-6.2549 -0.8048
-5.9167 -7.7691
2.2442 -1.6747
1.2683 -1.7554
-3.6172 -4.3141
-0.6705 1.6022
8.7633 -6.6513
2.1133 0.4916
-0.9494 9.7924
-2.4363 8.0589
0.1514 -5.8884
0.9953 -1.5661
-2.2075 -8.1363
0.4440 -2.2293
3.4160 -6.1410
2.2217 5.1045
7.0234 0.8160
13.5150 1.4823
-0.2419 10.8751
-0.4463 -4.4336
4.7600 -5.4172
8.1859 -6.9044
-5.5294 -5.4555
8.6246 -2.1333
-6.1331 12.8162
-0.6793 1.1045
3.0855 -0.0755
0.1179 -2.5361
-0.9837 -3.6075
2.4744 -0.7244
3.8965 1.7094
-2.6421 -0.0660
7.9317 12.3318
-0.5561 -0.1280
0.6045 0.0294
-7.2887 2.7398
-5.6912 -4.8890
-5.3459 -4.9136
2.3649 -3.9953
2.8300 1.6482
10.2391 1.5410
-0.8708 -2.4590
-5.4894 -0.5368
-4.7256 -0.0115
0.5831 -7.0594
8.6080 -2.5203
-1.8438 0.0741
15.3429 2.0759
2.0797 -7.7796
0.3392 5.7643
1.1737 10.6053
6.3585 10.1400
-3.4587 1.7509
3.2680 3.7349
-5.5882 -0.8273
2.4424 -5.4515
-4.6665 10.8751
0.6039 -4.4862
-4.2777 12.5025
7.4404 -4.9103
1.3332 -5.2850
0.0408 9.2649
14.9152 4.1115
11.6759 -5.8041
-5.3817 -0.6058
-4.5988 -0.1233
-5.5353 0.1215
10.8320 3.9440
2.1764 -5.2821
3.4758 8.0767
-3.1224 9.3907
-4.6253 -3.3326
-4.5177 -6.5202
1.2962 6.7121
1.9233 3.4224
2.9572 -1.3738
8.5181 -0.4711
-4.1464 6.6110
9.0742 1.5855
-0.3950 2.8498
0.4694 13.0481
-1.1432 -2.5246
1.4666 2.5891
9.6924 -1.8527
6.9934 -5.2154
0.4161 -4.9486
1.8492 2.7805
12.5746 -0.1098
8.4725 5.5179
5.3652 -1.5253
-5.7772 -6.2511
3.5342 1.0779
5.2658 -3.2025
1.1724 -1.4636
10.2127 -0.1065
3.3512 10.5726
10.9962 7.6160
-1.5702 -3.4921
1.1508 2.2643
-0.1967 9.6092
-8.2349 -5.0629
-5.6283 -6.3427
-5.1469 1.0409
-3.9383 -0.1358
2.2218 10.7485
-2.8186 7.4787
8.4522 -5.8751
-0.3800 -4.9163
0.4625 8.6772
12.2555 7.7093
-8.3184 3.8610
-5.8831 -4.5152
-0.3582 -6.3213
1.4311 0.6843
-3.0762 -4.4101
7.0759 0.4135
-8.4418 13.0423
-1.6535 -1.9510
4.5042 2.7506
10.7943 -5.1813
-3.0411 -2.1640
5.9978 0.6163
1.9877 0.7334
-2.6103 -4.4876
7.8187 1.2105
-5.3580 -3.9138
-4.3269 -7.3202
1.5176 1.2715
-1.6348 10.8141
-5.0836 9.3519
4.4656 1.1587
-2.6491 -5.3874
-1.3996 3.4315
11.2631 5.2799
1.2581 -0.0176
-8.4982 -2.1820
1.0619 -4.1095
-5.8369 18.5286
-4.2279 -9.2730
1.8797 -2.3643
-3.0570 -6.6431
-7.7753 -1.8321
-0.6138 -8.4647
0.5772 2.0818
-3.8207 -2.5535
-6.3485 -5.4154
-5.9669 -4.3964
-1.8080 8.8474
-1.7276 4.7590
-0.8088 -0.2851
1.0328 -6.8305
3.1336 1.7191
10.5923 3.6254
-0.8258 10.6144
-4.3461 8.0566
1.8914 -4.0118
-6.2806 -2.3151
-5.3053 9.9830
10.5704 4.4926
1.4142 9.2213
4.3037 -5.8587
-8.1267 11.0099
-2.2665 10.2351
0.9246 10.3552
9.5535 -7.9770
-6.7903 -1.1204
-2.0295 0.3852
-6.2371 -6.9548
5.1642 -1.3551
1.7271 -6.3071
3.9663 -8.7833
0.6501 1.4839
8.3371 2.1323
6.0746 0.2024
0.3040 -7.1078
-2.4881 -7.1881
2.5985 -6.9608
2.7837 -3.3657
8.0671 2.3319
0.0436 -5.0817
-1.8617 -1.4572
1.0238 5.7751
-6.1238 -7.1275
4.5708 7.0456
7.1945 7.9062
0.5569 6.6865
9.4541 0.4634
-2.0925 -0.5403
5.6784 -3.4191
0.3160 0.1340
12.9454 -6.5515
-1.3358 -2.1330
-0.1114 5.8163
-1.6789 0.2478
-5.2065 -0.6315
2.6233 0.8022
11.9466 9.8195
-2.9138 -3.7595
4.2627 -0.6769
1.3752 2.4448
-1.5075 12.6741
1.8708 -3.7123
-1.9484 2.8233
-2.8934 6.5360
-2.3906 -5.9667
-5.7844 12.0568
1.5499 -0.6262
9.6079 -2.7745
2.0828 -2.4748
-0.8414 2.0609
1.4704 8.6382
-7.7065 -7.8831
9.6020 -9.0733
-5.6000 -0.3077
-1.9635 10.4232
11.7205 -2.8665
-4.9552 -3.7956
-0.1219 -4.7270
-0.5320 -9.8207
-1.6802 -0.7481
10.2899 12.5578
-1.7723 1.1510
-8.2453 -1.8956
-0.3279 -5.7193
-3.1339 0.7096
-7.1343 -4.6846
10.6699 -6.1138
1.7374 -3.4229
-8.6242 -1.4058
2.1473 -6.3044
-3.3528 2.6224
-7.4227 2.6985
-0.1194 -0.1493
-5.8705 -0.3053
11.1003 -7.1173
-7.2062 1.5343
-0.3929 -1.0108
-6.3382 2.2911
10.0191 3.7640
-2.6368 10.8910
-6.0056 -6.3219
-5.7655 2.0641
-0.0296 -1.3531
5.1005 -3.3544
-0.3051 -0.2835
-5.8619 2.6339
1.7293 5.0267
1.7155 -0.3667
-5.5839 -0.3169
10.2520 13.4365
0.6402 -6.0709
11.5885 7.4400
0.4218 0.4054
-6.2351 3.5958
1.2309 0.2611
0.0936 -0.5866
-4.5589 5.7507
-1.3870 1.0184
12.9052 1.0199
1.9518 -6.1112
-7.8349 2.6831
1.1583 -9.5198
-1.5735 -6.4518
-5.3450 8.3206
11.1743 -0.0006
-4.7156 9.7619
7.2841 4.5396
3.0141 2.4570
0.7046 -1.8478
1.3807 -1.0355
2.7563 1.4723
5.9084 -0.4607
11.9537 10.4751
2.6055 1.2032
1.2282 12.3172
-6.4130 2.5457
8.0922 -4.5346
-1.0820 3.1504
-5.0699 3.5797
2.7761 -0.3196
-4.2971 9.8896
-1.9381 10.7332
-0.2349 -4.9493
-0.5905 -1.9576
-1.8152 -5.1499
-0.3230 1.3815
8.6656 0.1457
9.5660 1.4392
0.8561 8.2961
-0.6971 1.2887
-0.0680 -7.6732
-2.8455 9.4250
1.0348 -0.9173
8.5024 5.6611
8.7329 1.7121
-7.2402 -7.7200
-5.2656 4.6601
5.7272 -4.0383
-0.9054 9.9305
-5.4055 0.0730
0.1956 -3.0917
-3.7311 1.6597
-0.6524 -1.2098
-2.7557 -6.5928
-4.0628 9.9614
0.0653 -8.2506
7.5723 -2.7517
-0.8897 -3.9240
4.7149 -0.6350
0.6144 3.2982
-6.9019 -5.2950
10.7711 2.6859
1.2297 -1.9474
11.7247 6.1812
-7.0115 8.7031
0.6901 -8.7005
-2.2552 -7.9598
1.3975 4.7884
1.3080 -4.7015
-3.9791 2.0105
4.8775 -5.6914
5.9726 -2.3087
2.0547 11.0239
-3.1232 11.4092
7.9529 -4.6869
1.3960 -0.0104
1.0676 -5.8628
-0.0560 -0.0538
9.8612 0.4937
-3.0294 11.3891
-6.9151 14.4720
0.8224 10.6125
1.9758 -6.6897
-4.3443 -6.3940
12.3608 -2.7953
-6.4989 -7.1971
1.0054 -3.1955
-5.8599 -7.4593
-6.9017 -1.2317
10.5152 0.4484
14.2978 4.6824
11.2674 2.5737
5.6111 11.3293
11.4727 -7.3459
-5.4499 -6.4850
-6.1455 1.7947
9.8121 -8.9498
7.2561 -6.1486
9.2020 1.6632
8.8224 2.2351
-2.4527 12.3657
-1.7154 -1.2792
-8.3758 -6.8633
2.3718 -2.5901
-0.4546 3.1592
-6.9466 -5.9894
-6.3437 -6.1885
2.5080 -5.5668
-8.3204 -0.2000
0.7431 0.9591
-2.9029 -1.3764
-6.2160 -0.5115
-5.7635 -7.4629
7.8228 -0.7959
0.6373 0.1977
4.1201 -3.5384
4.1836 -0.8289
-6.9900 -0.6847
8.6185 3.9791
-0.8014 1.5679
-5.9229 1.0981
-5.6325 -5.5200
15.2708 3.4298
-7.9613 12.2441
9.6704 11.8344
-5.4689 -5.9684
3.2293 -1.9989
-6.0196 0.0271
-7.0595 -3.1424
-0.8645 -5.4049
-7.9911 -2.0002
-1.5463 -2.2012
-3.5295 -2.2226
-6.1167 -1.8590
10.3183 1.9445
3.9736 2.9526
6.6553 0.3890
1.2734 9.1670
-1.9965 12.3244
0.3718 10.2367
8.7617 10.6213
0.3342 -3.6915
-6.5383 2.5880
13.3451 0.7902
-2.6051 -0.5091
-8.5670 1.0605
-7.7749 1.7540
-8.1205 -1.6963
3.4971 1.1357
6.7656 4.8889
1.6252 9.8519
-7.4167 1.5202
1.2355 -1.7079
0.8265 -3.2873
6.7698 0.4470
-7.7030 -2.6493
-0.4606 6.0898
-1.7583 1.0228
-3.9582 0.7924
0.0041 3.3589
-5.5231 0.3578
-0.2636 -2.7486
1.3487 1.7802
3.8676 -6.6205
0.0198 -2.5892
5.3647 0.2873
14.2901 -7.5004
-6.5638 12.7994
6.1234 -2.1153
1.3393 12.0976
10.0900 7.0386
11.3270 11.0324
-6.5029 -4.3185
-0.2547 9.2560
2.9598 10.8004
-3.7847 -1.3331
-6.9158 2.0256
9.1514 -5.4748
6.0634 7.4133
-1.3720 4.7126
-8.0645 2.1884
1.4186 8.4819
14.1930 -3.4674
-6.2899 -4.8475
0.1823 -3.0751
-1.7761 10.4773
-6.5092 -3.0893
1.2663 -0.9743
10.4264 8.9570
3.2253 -5.7860
-1.1465 -1.8535
-5.9614 0.3322
-1.7547 7.1255
-1.4428 -0.1153
9.2739 -7.7236
4.1308 2.6977
-5.7621 9.5529
10.2953 9.5310
1.9434 -0.0570
9.7697 -3.9979
-0.8594 0.5273
1.6161 12.4344
2.5615 -0.3816
-4.6946 7.4310
5.5633 -1.6708
-5.1558 -2.1592
-5.5041 8.4359
1.6343 11.0663
-0.3525 -6.6489
7.8364 -2.4625
-1.1675 -3.1180
-0.4419 -0.5225
0.1806 0.8474
-2.5783 -1.5874
0.6297 10.0494
1.8448 -5.6711
-6.5614 -6.1738
4.8586 4.4499
1.2516 -1.2667
6.0417 -6.2110
-4.7285 1.4264
1.5020 1.5298
1.2505 5.2313
-0.0634 -3.4788
-7.2336 3.8556
11.5259 -4.2536
-0.5566 -5.3563
-1.8872 6.3282
-3.6804 12.6546
-6.0142 -1.8105
12.3918 0.8935
15.6511 -0.8720
0.8303 11.0122
-4.4018 5.3416
3.2545 -5.2024
1.4373 0.6743
-5.4362 -0.5871
-5.8329 12.2917
2.8801 -3.4275
4.7484 -5.7427
10.6400 6.3055
7.2858 -4.1148
2.2225 0.0346
-3.5024 -3.0530
-7.8421 -3.8171
-3.7005 9.0973
-7.7270 -8.8772
-7.4688 1.4903
-6.9821 -1.0874
1.3795 -2.9012
-4.4810 -3.0511
-1.6579 -5.3743
-0.3332 0.1398
-0.7024 -1.5019
-1.5189 1.4558
-7.2302 1.0794
0.4796 -6.0710
3.4273 -0.6680
1.9025 -1.5330
11.8334 9.8878
-5.4623 -0.7611
2.8544 1.1251
-5.4067 -3.2340
0.4582 -3.6554
10.6927 -5.3136
9.5369 -4.0262
-1.9744 -6.6639
2.9939 -5.2672
-6.3607 -6.8278
4.9102 2.1504
9.7880 10.2279
0.1588 8.1914
-8.9263 8.6864
0.3737 -0.7654
0.0850 -1.1294
2.0503 -1.3599
9.8381 4.2177
-8.8466 3.8790
-5.8920 2.9209
-5.9465 9.3966
-4.6777 8.1243
4.1887 -6.7833
8.2896 -4.1176
-6.4698 13.1383
-7.6543 -2.4047
10.3200 -0.2657
-1.0976 9.8283
-6.1142 -0.5894
-7.5348 -6.6329
-6.3817 -0.7651
-2.8269 -0.9545
2.2638 1.0020
-6.6836 5.5907
1.6539 7.4489
8.7538 -4.4983
-5.4353 2.9779
-5.6771 10.8417
-4.5395 9.7456
7.6756 4.6982
-2.5302 -5.6873
-6.4265 -7.5609
1.8013 1.6270
-6.5127 8.3522
-0.6792 -5.9589
-6.4685 -7.0669
-2.5417 1.4421
5.5811 12.1494
-6.4118 4.3668
6.6077 -1.6641
-4.5013 3.1361
6.5771 -1.7502
0.2703 -1.3851
-5.9739 -5.7020
-3.0805 -0.5333
4.0581 -6.7957
-6.6044 12.9670
1.6157 -7.2422
-5.2316 -4.4998
-0.1372 1.0828
0.6763 -5.4790
-3.7652 -0.2851
11.8200 -2.4618
-2.1421 9.8621
-6.3139 2.7285
-1.8812 5.7414
1.3177 1.2427
11.8591 -0.6520
-0.5419 4.7932
-5.0180 3.6915
-5.4224 -6.3780
8.3831 1.8740
-2.0532 -3.5970
-4.1633 -6.4813
-4.6144 10.9101
1.3690 5.3598
0.5621 -5.9956
0.2134 2.7001
-1.1963 1.5415
-0.3374 -5.5127
9.2260 8.2765
1.3747 0.5388
-2.2001 9.3583
1.9690 1.6295
-7.0752 -7.2291
-6.3721 2.4330
2.2591 -2.4716
1.3359 1.8773
5.5095 8.1100
-6.7504 10.9570
-5.7064 -5.9250
-1.8374 3.4514
0.7407 -4.3424
-0.6653 -4.2660
-4.2296 -6.9593
