5
3.8457 -3.8672
5.7538 9.1932
-3.0726 -10.3641
-5.1020 -3.8125
9.2101 -1.6806
-1.1016 -1.7151
7.0658 -9.7884
-2.5424 5.8021
3.2592 8.3604
2.1527 -4.1735
-3.4149 -4.6350
8.2090 -1.7187
-4.0153 -4.5060
8.0137 -5.3813
-2.7668 8.5148
-2.5416 -4.5333
-4.1930 8.3652
-3.3417 -3.3414
-5.1358 -1.8732
5.2076 -1.1370
-1.6137 7.3684
-2.1148 7.7734
-10.2624 -7.9974
-4.8259 -1.6387
7.2153 -2.5923
-1.2059 -2.4690
-2.1583 -2.2803
7.9161 7.8444
-3.9075 5.6508
8.6888 -8.0292
6.9917 2.1464
-4.7966 0.4345
8.2367 5.2005
3.1987 8.9356
-1.7079 -1.6796
-2.1276 5.5947
-6.9329 7.8320
-1.9624 6.3230
-1.9520 -3.9701
-3.4107 1.5198
6.9073 1.7482
-3.3562 -1.2215
-1.7016 -9.9244
-2.0103 -3.3223
-4.3158 -8.6325
5.1119 -1.8167
4.2715 -2.3815
3.2548 -2.1804
2.9848 -1.9724
5.9481 -4.3162
3.9700 1.5585
6.9700 -5.2191
-2.5182 8.5930
-1.3070 8.8528
-2.5335 -4.4621
-11.8200 -4.0247
4.8805 -2.4505
5.0699 -2.4937
8.0835 8.4775
-9.3133 -5.5854
-3.2548 -9.0494
-3.0317 -9.5295
-2.4942 9.7771
-3.9671 -5.5138
0.8579 -0.4283
-5.7093 8.1701
-2.7682 -8.2905
5.3392 -2.1048
4.0696 -2.3774
8.2867 -7.5645
-5.1816 -5.2222
10.3456 -1.8620
9.1349 -2.1809
-9.0413 -3.2579
4.0012 8.5981
-1.7096 -3.4560
8.0800 8.5326
-2.0568 7.7300
5.5272 7.2817
8.3259 9.0843
-7.5439 6.2745
1.8346 -8.6505
-0.9069 6.2646
-6.7085 -2.2449
-9.5088 4.1585
-5.1364 -2.8189
5.7473 8.3549
-1.3186 1.2424
-4.1192 3.8694
-9.0625 4.7464
-0.7776 1.5597
-3.7123 -2.0385
-4.4637 -3.8088
-1.7750 5.5291
-1.9886 -1.9305
-2.6120 -3.2587
-6.8423 -3.3024
2.9028 2.0388
-5.4546 8.4430
-1.9086 -2.4482
-4.1436 4.8416
-2.5056 -1.7983
-3.0278 -1.8296
4.0596 -7.5592
-1.7905 1.1142
-3.8189 -5.0373
8.0204 6.7223
9.0145 -3.1530
7.7812 4.3703
-4.6240 4.0893
-2.1333 -2.7600
-1.1656 -1.5656
8.3393 -11.5167
8.6846 7.1414
12.9119 -1.6764
8.4955 -5.0811
-2.2669 6.8704
-3.1869 -2.9879
-2.2326 -4.9953
-1.6114 -1.8881
-8.7629 -2.4113
-3.9387 -7.8926
-1.9472 -9.2460
-2.4408 -7.0900
10.2250 1.2551
1.2860 -2.2695
-2.7957 4.0541
3.8705 -4.0534
-2.1724 5.9999
-1.2550 -1.7665
-8.9635 -0.2744
-2.0258 -1.6470
-2.8391 6.1889
-2.3595 -1.1979
6.8294 -2.1415
2.6507 -3.2687
7.0419 -4.5144
8.5468 -4.3899
-2.3617 8.2013
-3.4639 2.4499
6.0789 4.5496
9.8781 -9.5031
8.5305 8.2122
-11.1717 8.8323
4.3792 -4.1894
1.7293 -4.9316
-1.5578 -5.7999
6.3213 3.0474
-1.7871 -1.3009
2.4647 -3.5163
-1.8364 6.4360
-1.1996 -1.1590
-2.6513 -1.5676
9.0048 -1.4986
-9.5873 -3.1746
4.3124 9.0624
-1.6505 6.9021
-3.0062 -2.5612
5.5538 8.3400
5.3637 -2.1158
-1.0634 -2.6157
-1.7229 7.2835
8.4523 -1.9652
-3.3948 -5.3934
-2.3525 -8.6191
7.3043 -4.0766
-2.8027 -4.9007
-2.7269 -4.0203
8.0757 8.1972
-4.4452 -8.7286
-2.2370 -6.1739
-2.1009 -2.6217
-1.4327 8.6402
5.4698 -4.0166
-5.9818 -4.6266
-5.2983 8.7700
-2.7156 7.7313
2.2715 7.7242
-2.1260 -2.6996
8.3323 8.6823
-1.1869 1.9359
-0.1246 6.3989
6.4952 7.5168
8.2721 -3.3508
5.9600 -2.4186
-10.5818 7.1543
3.0429 0.7101
-2.5400 7.6838
8.7833 1.5905
3.8831 8.2683
-2.3699 1.8805
-2.7731 -3.1283
8.3037 9.0405
6.1700 4.7210
-1.9983 -4.0304
-10.4626 -1.5589
8.1820 -5.4807
7.6306 -1.3542
-1.8881 -0.9739
7.7733 3.6629
8.0536 0.3537
10.4697 -10.1125
6.2504 -1.7448
-5.4027 7.4226
5.3625 -1.8375
8.4279 -8.5198
-1.9625 8.6121
1.5608 -1.7447
8.3612 7.3749
-0.7446 -1.7929
2.7888 -3.6346
-9.1681 6.4988
6.2688 8.7537
3.2395 8.1824
-3.8596 -0.8055
-2.4728 3.3676
-3.9008 6.9805
2.2035 8.1145
-8.7125 8.9862
3.6146 -1.1780
-8.8947 -1.6132
-1.8321 -3.2799
-4.2791 -1.1319
-2.6509 -0.9257
2.7725 5.1494
2.3254 -1.8298
8.1773 -1.3684
5.3835 7.3071
-1.4281 2.0191
-1.9896 -8.3888
-1.7364 7.8758
-1.6517 9.0037
-9.6703 -3.8689
-1.7041 4.9644
-3.1688 2.8432
7.9922 -2.9059
-4.2057 7.5539
8.6181 -2.1645
6.3741 8.3652
-3.9479 -2.1074
4.9159 -4.5363
-4.8551 4.3074
2.0340 8.1648
-1.5375 -1.3305
-4.8475 -2.3949
-1.8546 1.8362
-1.0506 -1.8439
2.7860 -9.2715
-1.3076 -1.8743
8.2660 2.1177
-9.2404 -5.4338
-2.9545 3.9895
3.3410 -1.1437
-5.5265 9.0540
-5.0837 -3.9143
10.2473 3.9709
8.4073 -2.2227
-7.2444 -3.6711
3.2310 -4.5360
-10.1460 -2.0838
-2.0959 -1.6632
-1.1412 -2.1047
4.0115 8.4112
-3.1285 -9.7925
-1.4828 7.9267
-2.0670 8.4871
-1.4974 -2.3316
-1.9345 4.8273
8.8857 0.8038
5.9025 -1.6407
-1.3102 -2.9814
5.0817 -2.3151
-2.4977 -3.4912
-1.9437 2.8761
-7.1460 7.5685
8.4526 -1.1356
-2.1281 -4.2953
4.4906 -1.1990
-1.9569 0.8504
-3.8869 -1.7126
-1.3580 8.7444
-2.6008 12.6888
8.1218 4.1390
8.0310 -1.8717
-3.7205 8.2553
-9.0442 -4.5305
1.4083 8.4079
8.1481 8.4641
4.0638 -3.3122
-2.2661 -2.0570
8.0096 8.3164
-5.5098 -7.0930
7.9949 -4.3545
-4.0529 8.0713
6.6484 2.9797
-5.0444 -2.3138
-3.5944 -4.6282
5.2917 5.0105
-2.1763 -4.6789
5.3542 -2.0001
-1.5671 8.6986
8.0897 8.4378
8.3876 9.1628
-2.1204 -2.1229
6.2019 -7.5898
1.3082 -0.8649
5.5220 -4.7457
5.0814 -2.4295
2.9621 6.7182
-8.7503 5.5607
3.1545 6.3775
8.5464 5.7862
-3.5578 -1.5329
-3.4216 8.4678
8.3651 8.5366
-11.1604 8.6728
-2.7982 -4.7706
0.3074 4.9190
-2.2333 -1.9635
9.8887 8.1664
4.3910 2.6327
-2.0726 -4.0007
-2.5001 1.3627
-1.8437 -3.1809
-1.8653 9.6603
6.1235 -2.7295
-3.7547 6.7734
-2.3798 2.6489
-2.2517 -3.5878
9.9108 -5.9082
-2.3474 -9.1055
5.6351 -9.2469
-1.2138 -5.5007
-2.6168 8.0464
5.6404 8.4800
1.8078 1.7038
5.7597 -4.8613
-1.7401 -2.3198
-1.8335 -4.2812
-2.4428 -1.9249
-2.9823 -1.9933
8.2989 6.2681
-7.8650 5.7009
-1.7267 -4.8914
8.1353 -1.5827
-1.5378 8.2933
-1.0575 -1.9703
-4.5690 2.3864
-2.2747 3.0129
-4.0539 -6.1079
7.7822 -2.1223
-2.7301 -1.7207
7.1950 -1.6990
3.0291 -4.1034
-2.3947 -0.9111
-1.7623 -1.7166
-3.9821 8.9916
-10.3915 2.7096
-1.3495 8.2206
-1.6007 6.1432
-8.8288 -1.8299
-5.4668 -1.4870
8.3393 -2.4007
8.3246 -1.4446
6.4649 10.1915
-1.6471 -2.4979
4.3298 0.3037
-2.0758 6.3203
-4.6944 -2.7277
-1.5804 8.3775
-4.2400 7.7285
4.5663 -1.1066
-1.7377 8.7607
4.9271 8.1119
7.3780 7.3842
-2.5108 8.3452
-2.8452 -4.7791
8.1634 -8.5806
4.2514 -4.6356
-8.1043 -1.0068
4.1294 6.2031
8.3659 -4.0920
5.7745 -3.1329
-8.4804 -6.1775
4.9589 5.5063
-1.4876 10.0071
-3.9359 -3.8809
5.7834 4.4290
-3.6785 8.4519
8.3593 8.4354
8.3284 -2.0786
1.2628 6.4594
-1.8392 -2.5104
-2.3445 -3.9223
8.0348 -2.6081
-2.5100 -4.2516
-3.3709 -2.1185
5.9203 7.6179
-1.9824 6.4167
-3.1508 -1.8039
-0.9329 8.7062
-3.2980 -1.6410
-1.8619 7.9825
1.4164 3.8962
-1.7855 8.2320
-2.0664 -2.5334
-8.9348 8.0674
8.4590 4.6000
-5.4528 -2.1248
4.4187 -7.9436
-2.6836 -1.5021
8.6094 -3.6088
-11.1957 -7.3295
-2.6371 8.1623
-9.5471 3.2735
-1.9853 -2.3826
-2.9107 -3.7415
-2.0493 5.3659
-1.1889 5.8766
8.7758 1.1649
4.6916 -1.8372
-9.9706 0.6550
8.2971 0.3242
-5.0375 8.8627
-1.5390 -1.9710
-0.4739 -1.5953
-4.6477 -1.6256
-2.6797 8.3756
8.7527 6.1536
1.9618 -4.9862
-1.8166 6.0921
-10.0349 4.5855
8.3704 -3.4982
-1.2335 -1.7599
-2.8392 -5.1660
-2.2623 1.1084
-2.2755 7.5872
-2.0842 4.1112
8.4915 -2.0051
3.5432 8.3078
-1.9231 -1.2881
-1.5831 7.2708
-2.1741 7.9492
7.9045 6.5380
4.3627 -1.0668
8.2645 8.7766
-4.5456 6.2427
8.5905 0.0263
-1.7568 5.9179
4.3467 -4.4024
-1.2832 3.4223
-3.5405 3.4781
2.1178 -2.5461
8.6277 -2.1622
5.5604 -3.1108
-1.4648 4.8366
-8.2962 -3.5517
-3.3582 -4.3636
-1.9397 -1.1077
-2.3952 7.4491
-3.0963 8.6359
-4.4076 5.2200
3.9251 3.3116
-5.3215 7.4806
1.7155 -5.2767
-3.2661 5.6235
-5.4409 -1.3892
-2.6801 8.3675
5.9900 -1.1455
8.2349 -5.2378
-2.0655 3.4580
6.5775 10.9961
6.2493 0.3043
-1.8054 -3.6900
-1.7621 9.3982
-0.7219 9.1704
-4.0090 -4.7470
-4.4184 -1.5205
1.7389 5.2706
-4.7096 -1.5219
-2.0706 -2.0784
6.7749 5.3089
-12.7897 8.1831
-2.7974 -4.3362
-3.8407 -1.6265
8.3531 -4.5938
-5.4359 3.5727
5.6199 7.0581
-2.8139 5.0397
-1.2005 -1.3721
-2.7262 7.9731
8.4193 -0.7727
7.3587 8.2059
5.2791 5.7569
-3.6887 8.5951
-2.0733 1.8236
-4.0537 3.0014
-1.8352 -2.1749
-1.5553 3.8390
2.1428 -1.5168
8.6647 -4.1044
-5.3204 7.9740
-3.1525 -1.7302
8.1717 -1.9859
-1.3282 7.6405
-3.7681 4.8889
7.2785 -1.5352
7.3410 -4.8071
8.2987 -3.1166
-4.7441 2.0075
-4.4423 -1.6656
-1.5588 -5.4115
-6.0850 -12.2932
7.8394 0.3637
11.2409 -4.1792
-4.2575 -7.9154
7.2182 8.5084
8.3695 2.6434
-9.3917 2.7879
-2.6287 8.1486
-1.8517 8.0689
4.2746 8.3650
-2.4883 -10.8328
-3.8353 -2.1460
8.5300 -2.7774
-1.8700 -1.8406
-1.9971 -1.7729
6.4690 7.9524
-2.4304 -7.0464
8.4040 8.0949
2.1713 7.9637
7.4742 8.1421
8.7292 -1.9815
-2.2309 8.6043
-3.2265 5.1271
-3.4591 8.5074
3.4352 8.2929
6.8944 -1.1886
-4.6553 -5.7375
-9.0548 -9.3036
4.7617 -10.4193
-4.0114 6.7114
-1.4419 -2.4375
1.0212 -1.6260
5.6925 -1.2028
-2.2970 10.2285
8.6218 5.9540
8.5533 -1.7248
8.0971 -1.0593
0.2061 -9.1575
8.2308 -1.3192
7.9078 8.2575
-1.1353 -2.3734
8.3225 4.1266
5.8582 5.6748
-2.7643 1.7860
6.3968 8.1755
-5.5596 8.8054
7.8897 -1.8487
2.2196 -1.1110
8.6875 -1.8128
-3.8089 8.7561
8.6380 -1.5184
-5.0683 -3.7039
-9.0493 -4.6127
-1.8413 -1.4256
-1.5365 -1.5662
-2.5760 -5.1866
-4.5488 5.4903
5.1689 -1.5122
-7.6776 7.6048
-1.3998 -7.9626
2.9405 -3.1016
-2.0514 -2.1134
-3.5930 -2.0863
8.2125 -4.1121
-1.5942 -4.1678
-1.7196 4.7871
-3.7272 8.8316
6.2542 -1.5950
2.6678 -5.0092
-2.9387 -4.2674
2.9461 -10.2001
1.3482 -4.0602
-1.9131 -2.0340
8.6128 8.6486
-2.1860 -1.8859
1.8154 8.4557
6.2327 -3.1394
7.0603 6.6692
8.1294 -4.2845
-1.8664 6.8719
-4.3927 3.8995
-2.9064 -1.4785
-4.0044 -4.5562
8.2124 3.2495
-2.0359 8.9756
-3.8017 -3.2743
-2.3004 -0.9133
-1.6346 8.2961
7.9232 -2.3548
2.8559 -1.9123
9.0405 -1.9862
-3.0887 8.6866
-3.7868 -2.4850
5.4115 -1.1894
8.3800 2.2310
-2.2533 6.4476
8.0701 -1.6678
-2.4130 8.6097
6.3980 -5.4717
8.6042 3.3793
8.2929 -1.5019
-2.0143 1.7545
4.8643 0.7835
8.4818 8.2507
-1.3287 -3.3472
-2.4246 -0.6116
4.6865 -2.9098
-2.7111 -3.4754
3.0609 -1.7308
-2.6991 -1.7502
5.7476 8.8476
0.4737 -1.8005
8.4689 -1.5604
-0.7618 3.5469
11.8003 -4.1347
-1.7581 8.8950
6.1088 6.3421
-1.9624 -1.3641
-1.5213 -1.0897
-1.7024 -9.0342
6.1803 -9.1540
-3.9213 -3.0004
1.6540 8.1328
-2.4854 8.4938
-5.6664 8.3451
-2.0310 -11.0737
-2.3578 0.1244
8.4171 -1.4982
-1.7613 -3.0947
3.8052 -1.9020
9.6882 3.9667
-2.2403 -1.4849
1.7796 8.0599
-1.5895 6.2186
-2.6328 7.9429
4.7403 -2.6911
3.4622 8.4188
2.0103 -1.6349
-2.0297 6.3740
-9.2427 -7.5736
5.8064 -5.5109
-4.5805 8.5826
0.8414 7.3169
3.8284 8.5212
8.8871 -8.4619
4.6417 8.6614
-2.1094 -3.1412
-4.6681 -1.4665
1.7594 -3.3500
-7.5671 -9.6549
-4.8847 -5.3814
8.0600 0.2115
0.6428 -2.7951
8.7233 7.2681
8.5587 -3.4202
-9.2011 -1.4897
-2.9832 -9.0820
4.4688 5.5568
7.3839 8.4101
-2.0311 2.9814
-2.0885 2.4589
-1.3559 -6.8257
4.9787 -10.5073
-3.9667 -1.9340
-9.4206 -2.0957
-2.1793 -4.1306
-8.9318 -2.1428
-7.8696 2.2678
-1.9752 -1.9836
-4.6051 -8.0087
-10.5530 -2.3155
-2.3008 7.2309
-1.4840 7.3679
-0.9986 -8.0795
-4.5417 -1.6968
6.8159 -1.8341
-6.9777 4.1099
8.2590 -8.6679
-1.9126 -1.6324
-4.2812 0.3858
7.0607 -0.9428
-4.2302 -2.6797
-2.5779 -1.0214
-1.8585 0.7626
-0.3485 -11.5621
6.6526 -4.6195
4.4832 -5.7805
-1.5598 8.1935
8.3457 -4.3878
-4.1784 -2.2859
-4.1151 5.3036
-1.7230 3.5137
-1.8999 -9.0430
-5.4280 8.4778
6.2686 -6.9446
6.2177 10.6882
-1.7843 -2.1845
-1.8235 4.6275
-1.1123 -1.7714
8.5653 -2.2738
-1.5869 -8.8308
-3.4442 8.4246
6.9071 7.8330
-2.4302 -1.3910
8.2417 -1.2042
10.1677 5.9039
-1.3653 -1.8753
8.5681 -2.8234
8.3787 0.2659
2.9844 7.0109
-2.4604 -8.2592
0.4092 -8.3063
5.6600 -2.0294
-3.0490 -2.3880
-0.9606 8.5737
-1.6422 -3.6022
7.5064 -4.3700
6.6151 -1.7554
8.5487 -3.2324
-2.2007 -1.7650
-2.3047 -1.8947
-2.0742 5.3983
-9.9442 -10.7304
-3.3745 2.5449
8.2912 -2.6374
-4.0890 -1.2499
-0.1238 -2.7197
4.9423 5.6010
-3.1785 -2.3442
-1.9333 5.3901
-2.0108 -2.3359
-3.8841 -10.8661
-4.5770 2.7214
6.2051 -4.1231
-5.5942 -3.6678
3.9502 9.6297
-2.0054 -1.6285
-9.6853 8.4114
-1.6000 8.2590
-2.9283 6.3898
-2.1863 -2.0497
2.8020 -10.4574
-1.8771 -8.8873
7.5943 8.1217
1.4232 8.6111
-1.5762 -1.6427
-2.8738 -4.1150
8.1690 7.9040
4.8947 8.1432
-2.1668 -2.3075
-5.4825 8.6517
8.2721 -6.7664
4.2704 8.5102
-3.6203 1.0113
8.1864 -1.7508
-8.6982 -3.5177
8.1964 6.5750
-3.5521 -1.8962
-8.9299 -4.9135
-1.3698 -2.6395
6.1710 1.4486
8.4809 -1.4501
-8.2783 -2.8429
-3.0365 8.4242
-1.9356 -1.5185
7.6661 -11.1647
8.7425 -1.8339
-2.6653 2.8928
8.6795 6.2919
11.3260 2.6022
-2.2927 -2.3028
-4.3082 -5.2950
-2.0458 8.1462
5.9585 -1.7838
-3.5254 8.8763
-4.4579 11.4388
-2.1697 -1.9689
-2.3364 -1.5107
7.2027 10.2347
4.8739 2.5511
-4.6990 -3.2705
-2.3208 10.2209
5.7429 -8.9185
8.3701 3.2964
6.3145 -1.3997
-5.0432 -2.0100
8.3857 -8.5034
8.6028 5.4495
-2.0067 -1.8311
8.5214 -5.6941
-2.2605 -4.5129
-2.1771 3.6460
-5.5325 -6.1667
8.2834 -3.1414
-2.6984 -2.9549
-1.7591 -3.8112
-3.4979 -4.5649
-6.9976 -0.1964
-1.6275 5.8047
-2.2573 -2.3808
-2.3505 6.3647
-1.2532 9.6625
-1.5637 4.2675
8.3359 -2.7855
-3.1869 -3.0767
8.3187 -1.8003
7.7195 8.4952
2.9428 2.3358
-3.7887 -0.8298
8.4534 3.4656
-3.7744 -2.1201
8.4969 -4.7922
-1.8979 7.9170
-1.6566 8.2450
-2.6163 6.1259
5.8138 4.4697
-9.2809 2.6671
8.2605 -1.6102
-8.5209 -2.1480
-1.9866 -1.5551
-6.4544 8.6062
-2.9286 -2.1321
4.1070 -3.1880
-4.0305 -1.5945
6.8118 -9.1833
-1.8528 5.9134
-4.3419 6.1590
8.9205 -3.2788
-2.1683 -1.3059
-1.0828 -1.9952
-9.7430 7.9937
-3.5695 8.9302
6.3978 4.3198
8.1850 -2.9397
8.4044 8.0723
-1.3724 -2.1163
3.7924 -2.6874
-3.9968 3.1517
-1.9575 5.7471
-1.1363 8.1776
-1.2650 8.1073
4.5209 4.4036
8.5803 -1.0430
-4.3877 -3.7838
8.0073 5.5306
9.0432 -5.2937
-0.8659 1.4317
6.6841 -8.8283
-1.1197 -2.6061
5.8077 -2.1975
0.1264 -8.0517
-4.9486 9.0857
-1.5885 -3.6357
-4.7148 6.0623
-3.3928 7.5617
-3.1474 8.1691
-2.8027 -2.5983
8.2635 -2.6057
5.1639 8.6734
8.9997 9.9853
9.0043 -1.6860
1.8445 -9.0655
10.7431 4.8699
-1.5523 -0.9028
3.7860 -3.4980
-2.1262 8.1136
9.5254 -5.6809
-7.5062 5.8448
-2.3070 8.0574
-4.2688 2.3629
-0.3465 -4.2061
8.7336 -9.3323
8.3655 6.5760
-1.9545 -8.9557
-5.4695 7.9982
6.8527 -2.0762
7.9155 -7.7501
-2.4264 -2.5080
-1.1601 -1.9182
-1.6809 8.0326
8.3870 -1.6327
3.8434 8.4380
-1.3794 6.5679
-11.5221 -2.4834
-1.2855 -1.6190
-10.4932 3.4528
4.5038 -3.2343
-1.9440 -1.5516
7.3216 -11.2137
5.7496 8.3528
-1.6365 4.3860
-3.3105 8.5093
-1.0547 8.6068
-2.3578 -4.5284
6.0733 4.3103
-4.9520 -2.0563
-1.6835 -5.0788
2.3306 4.5565
-3.7072 -3.3818
3.6892 6.6548
6.6691 -1.5565
1.9696 -1.7835
-5.1699 6.9905
8.4138 -3.9305
6.3032 -1.4156
-4.6434 7.3084
3.1574 -3.2363
-2.6630 -2.5626
-3.3958 -2.0248
-10.1725 8.3388
-4.6187 8.1547
-1.8325 1.7331
8.8833 -2.5065
-1.1949 2.6928
-4.1811 -4.0977
-3.4983 2.6663
-1.1049 8.2991
9.4012 8.4451
-1.4497 8.3700
5.1561 5.9771
-9.6060 -4.3225
8.8944 6.9842
9.0415 5.2498
-2.5914 -2.0800
-3.2769 7.9778
-5.5620 -1.4145
-1.4982 8.6350
-3.6254 6.8768
8.1345 -1.8809
-1.9772 -7.0475
8.3511 -2.7175
-1.2014 -3.3285
-1.5729 -5.0755
5.9015 -1.6509
6.5084 8.9954
-3.5311 8.0236
-3.2057 -2.2549
-4.9406 -4.4141
10.8989 -2.0753
-2.8079 5.8683
-6.7739 -1.3576
-1.6056 -5.0236
-3.3620 -3.0610
8.8835 13.6745
1.6056 -1.0686
9.8011 3.3892
6.0374 -3.5018
7.9942 4.3428
-1.2080 -3.8428
-2.3940 -1.3607
3.6747 7.9220
-6.7091 -1.7098
-4.9389 -0.9158
-4.1340 -7.5214
-5.6642 4.1976
3.4767 -2.2463
5.9431 0.1482
-3.4272 -2.2563
8.4560 -7.0436
6.2468 -3.2104
-2.4789 -1.6694
3.6937 -5.3906
8.6352 -10.3905
-4.5362 -5.2944
7.5049 -2.0880
4.8689 -5.0711
-4.4880 -1.8386
-3.1085 -1.7184
-8.6642 -3.3160
-9.7182 9.6508
8.5183 -1.2640
-3.8104 -1.3322
-11.7731 5.1094
-2.2353 7.9149
-6.6661 1.0715
-0.6665 -4.2069
-9.6748 0.2996
8.2910 -5.5175
-3.5007 -2.2058
0.9810 8.1052
-2.7464 8.5171
-2.6484 -2.9157
-3.3147 -9.6279
-2.5080 -4.1140
4.8855 -3.6947
7.4232 4.8397
-4.4533 -4.3692
6.4819 2.2296
-3.3912 -1.6892
8.5068 7.5968
-3.5542 2.6425
-2.2358 -1.4819
-1.7415 -1.6634
6.9802 -2.2000
-2.9761 8.0847
-2.2513 -0.3575
-3.6894 -2.4484
-11.0769 -8.9024
8.3076 -1.5303
-2.2955 7.9657
-4.9530 2.6409
8.3905 -9.5881
8.9061 8.1118
8.6658 -1.6011
6.7223 2.6163
-4.2283 -1.7166
-2.2985 7.5980
-4.2549 8.8667
8.1891 -1.2528
-1.1669 6.9602
8.2886 -3.1272
8.9254 5.0474
-3.2060 -1.1403
-10.4699 -2.1672
-1.9424 7.0738
-5.6073 2.4131
-3.4776 1.6080
0.6796 1.8794
-1.3528 0.0769
6.2521 -2.1510
9.4513 -2.1834
-2.4818 -1.8660
-8.6213 -2.8036
8.1013 8.5606
-1.4000 -5.0013
-4.7329 8.2020
-3.4417 -1.9148
4.1482 -3.8826
-2.0484 5.5284
-0.9186 0.0064
8.3074 -2.3705
-8.9940 6.6622
-4.0138 8.4647
4.4794 -10.5853
0.6541 -9.2073
4.9595 6.2778
-2.2794 -1.3125
-4.3026 -2.8075
-3.4074 3.0920
3.9038 -3.4406
-4.7374 -3.5265
-8.9036 -2.0206
7.4685 -1.9148
3.7603 -2.3151
7.0743 8.2385
-3.5013 6.3317
7.7397 -1.6185
6.9446 -4.4575
5.8729 -4.0147
7.0249 -1.3528
-2.1697 -1.5790
-3.8201 5.3954
-1.9791 -2.2469
-9.8021 -1.5855
-4.0739 -6.9770
8.6168 8.7542
-8.0591 7.3172
-1.7460 7.1082
9.3100 8.9006
-1.7678 7.9042
5.6515 7.0983
-4.1496 3.9683
-1.9368 9.7044
2.4929 -3.3355
1.3042 -3.0205
-3.5608 -2.1978
3.6084 1.6288
6.1901 8.8691
6.2814 -5.0919
-6.1738 -3.4152
-1.1262 -4.6488
-6.2516 8.0363
-9.6380 -10.9898
-1.6191 8.1675
-7.1793 -1.6535
-2.0296 6.1710
-2.0093 -1.9358
-2.0852 -4.7440
8.2780 -3.6549
-9.4575 -9.2649
-7.9935 8.4636
8.1459 -2.7255
5.5059 8.1071
-1.6143 -3.0327
-4.7400 7.7939
-1.5051 -4.2091
-2.3790 -3.7290
8.4390 4.2960
1.8028 -2.1994
7.7216 8.0069
-3.2984 -3.8276
5.6739 8.6441
5.6898 8.7862
8.6536 -3.9462
7.7668 6.5968
-2.0178 8.5633
-1.1112 -1.3293
-2.0177 -4.9855
8.6477 -2.0162
8.3491 4.2388
8.3963 3.4013
-3.3334 2.6522
-10.4862 -2.1852
1.5519 4.8829
-4.2819 -5.1251
-1.1576 8.5506
6.8526 8.5850
-0.7085 2.4499
4.9417 -1.6957
-1.4819 6.7557
8.5163 8.3099
-6.7283 -1.5569
-8.5277 6.0173
-0.0873 -2.9918
-8.6894 -7.7432
10.0944 -10.7797
6.2866 -4.4923
8.7659 -9.5468
6.4251 -1.1561
3.6202 7.7559
7.9999 -1.6672
-1.9978 8.3533
-2.1758 -2.0161
-3.7905 -4.3257
3.1397 8.6512
-2.7651 6.4550
8.7720 5.5717
-1.9210 4.1777
8.6297 7.0302
-4.3296 -0.9417
6.3955 -1.4299
-1.2900 -4.1355
-2.2055 -1.4259
1.0568 -4.0300
0.9674 6.0675
-1.7438 8.0030
-1.6895 -4.5163
4.6614 -4.3292
7.9398 4.9590
7.6917 8.3585
-2.0609 -9.5122
-1.8083 -2.1983
-3.1448 -3.5510
8.5359 -0.9803
6.9071 2.9479
4.7091 7.8001
-2.1603 5.0943
0.4927 -2.0536
-5.4030 -2.6139
6.8639 5.7758
-0.2610 8.0811
-1.7068 -1.4233
-4.2390 -6.9973
-1.9639 3.0496
-3.9272 2.2507
9.7474 5.9796
4.3726 -2.0477
-5.7467 -1.3035
8.3689 6.9748
1.7753 -4.1058
-2.5484 -2.5524
-2.3019 8.7008
-8.2113 -1.9077
-1.7453 -1.4089
7.1347 -2.8153
-2.1008 -1.0419
6.1963 -6.0276
2.5155 2.7226
4.9089 2.7985
-0.5215 4.4115
4.3252 -1.3754
2.3592 -2.4708
-10.7882 -5.1487
-1.5075 -0.7896
-2.7408 7.4474
-3.7133 2.6248
-4.0742 2.3337
-2.4380 5.0346
8.0849 -2.3091
-3.5347 -0.9328
5.3885 5.9510
-8.0704 -2.3223
-3.4487 -1.7882
9.7071 -1.2043
-3.6265 4.9262
-8.2855 -8.8481
4.3896 -2.2627
-1.6780 -2.5071
5.0079 -1.6224
-2.3825 -2.0113
3.6251 -2.0042
-1.9424 -3.4691
8.3203 -3.0629
-1.3857 7.3138
1.8600 7.3184
-5.3073 7.4505
-10.5044 8.5155
-10.1133 8.6968
8.3713 6.1866
4.4912 8.0528
4.6875 8.1588
-8.8267 2.3304
-1.0177 -7.9805
-2.1639 8.0701
-1.5807 -3.4638
5.3119 -1.6131
-10.2873 8.1413
-3.2797 -2.3367
-2.1011 -2.2492
-4.6011 -1.4496
-4.3325 4.7296
4.1689 7.8668
-2.1901 4.9367
1.5079 -3.5975
-4.3147 -1.8802
3.8628 -1.2388
-9.1009 5.3776
-2.0038 8.3642
8.2161 6.4765
6.6346 7.9408
6.3747 -2.2748
-3.8814 -2.5130
-4.6606 -2.7518
5.4300 7.6720
4.7533 8.5925
8.5891 -8.1772
5.1267 -2.2556
3.8181 8.6619
8.4325 -1.3245
8.2782 -1.6596
-9.4953 8.5576
-4.9128 -1.0960
-2.5184 -3.2695
-3.8947 -1.8026
-5.1217 3.4949
-1.4197 8.0880
0.8744 -1.0892
-1.9525 4.6058
-6.2439 8.2281
5.3541 -1.7217
6.3564 -1.8828
-3.1727 -5.9723
8.7154 -1.9842
-7.9414 4.4326
-8.2641 6.7960
5.0735 -1.7280
-2.6882 8.4296
-1.8150 -2.8022
1.4364 -1.2444
-1.7403 -3.3349
-11.1991 8.2777
-2.1659 -1.4090
-12.2500 -9.5084
11.0980 -1.2153
-1.8243 7.1126
0.3080 8.3553
7.5135 -4.9058
4.4339 -1.9370
-2.4474 -1.5279
6.5690 -2.0736
-3.5923 -4.3819
-1.7233 -8.9248
-1.9479 8.5076
-0.3162 -0.9766
-3.6941 1.7660
-3.8125 -4.7550
7.7423 -1.0553
5.7192 -3.8948
-2.4277 -1.4439
-12.2401 4.0169
-2.4175 -0.6275
8.2562 5.1645
8.3313 -2.5636
-3.4365 -1.9669
-4.8339 -9.3533
-1.5526 3.4657
-0.8995 -2.1696
0.1802 -3.8505
6.1400 8.2628
5.3588 -8.1112
7.4029 -4.7732
8.3394 -3.0148
8.3299 3.0910
7.9464 -3.2585
-0.8698 -8.0031
7.5318 8.3754
-10.2915 6.7759
5.6234 -1.8520
-1.9163 5.7931
-4.5073 -4.3937
9.6909 -1.6730
-5.9895 -8.8956
5.1630 2.3546
-8.9101 8.5347
-3.1036 -8.4124
8.3625 5.9044
3.1710 -3.5218
-2.6678 8.2917
8.5860 -2.0729
-1.5869 -1.7450
8.8516 -1.7163
8.5948 -4.4231
-1.5605 -2.1123
7.0518 -2.3946
-4.6146 3.6173
-1.7943 8.7018
-4.6817 4.2943
8.4540 -4.1492
4.1518 -0.3857
-1.7315 -5.0252
8.5445 -1.1541
8.4561 1.7569
8.6999 8.3374
7.6918 -2.0073
2.4505 -4.3405
-2.3395 -1.2679
-3.3031 -3.3861
6.4437 -4.1589
3.9928 7.9633
-3.5229 2.5989
-4.6155 0.2265
-10.4401 -2.7097
5.6828 6.5090
-7.4657 -2.7202
7.9511 5.2189
-9.8302 -2.1917
-3.4386 -6.6512
-4.2296 4.1466
-1.7259 -1.3710
-5.2384 8.0557
-2.0471 -4.5211
4.5167 -1.7359
8.9140 7.1017
-2.7495 11.7699
4.4117 -1.4398
-9.2869 -1.7616
-2.8646 -10.0690
-2.4011 8.6153
3.5677 -4.8473
-1.5683 5.4601
-2.6497 -8.9388
6.6275 8.2284
-1.3631 -0.8891
7.5634 -10.7365
8.2915 -4.9390
-2.6509 -8.4834
-5.3769 8.3702
-2.1247 -8.8306
3.9755 6.5580
8.6496 5.6668
-2.1172 4.4987
-1.5048 7.4648
6.8794 7.4514
-3.7725 7.5245
10.4327 -12.1015
-5.3057 -1.4719
-2.0181 3.9697
-1.2568 4.9614
-1.4261 9.2817
-3.8701 -0.8664
-1.7522 -2.8054
-0.2943 -10.9460
5.4091 -0.9877
-1.3647 -2.0992
-1.0423 -1.1524
-2.7334 -3.9561
-2.8559 -4.3752
8.4989 -1.5771
-2.0664 -4.3323
-2.1774 4.7654
-1.4462 8.0829
-4.7662 7.1030
-4.0170 5.2976
4.2901 8.3598
-6.4876 -0.8015
-3.9370 -2.1211
5.5772 -1.8557
5.4765 -10.1772
9.4640 -1.8003
-1.3378 -1.8661
-1.3836 -4.5654
-1.5307 -2.6738
3.1353 -3.1175
-3.9186 5.4314
9.0423 -1.9876
1.2794 7.1870
1.5494 -4.6288
3.3560 4.0107
2.8338 7.1992
4.4063 -1.3243
5.3343 -2.1100
-2.1471 4.7941
-2.2603 2.2798
8.9608 -4.9069
1.8984 1.8408
-1.3064 8.6998
8.3904 -2.2635
-4.6113 7.5749
8.9329 -5.2399
-7.4835 5.9959
-3.8523 -2.0889
-4.6132 -2.2204
8.4454 -2.0812
-3.3622 8.0840
-4.2360 -2.1988
-0.9813 1.5063
-4.9541 -5.2961
6.0527 6.7033
6.8564 -0.2188
2.4940 -4.7293
-1.2529 8.6198
-9.6724 8.5673
3.8139 8.4877
8.1162 -1.4809
3.8981 8.2191
8.5388 -2.0754
8.5042 2.7975
-10.4357 -2.5617
2.4789 6.6856
-7.9324 5.4502
-5.2127 -1.8039
-4.1114 5.0860
-5.5018 -2.1914
-1.9071 -9.2556
8.7268 -2.4260
-1.6190 1.1122
5.7631 -3.0158
-1.5851 8.3876
6.2807 8.7234
-2.1262 -3.2828
-4.7743 5.3310
6.2630 -3.7438
5.7769 8.4462
-9.8765 9.1456
-12.2128 -1.8973
-4.0023 6.9031
8.3437 -2.1088
1.4039 3.4155
8.6005 8.4304
-1.4942 -3.4270
1.8449 8.7896
-8.8821 -1.8088
-2.4191 -2.1023
-8.6005 -1.6736
-11.4113 -4.3141
-3.9300 -9.0305
7.8434 -8.3370
5.8256 4.3532
6.3308 0.9887
5.8007 -9.4206
-2.6264 4.4065
6.0007 8.8528
7.8162 8.0440
-1.8279 8.2826
-2.0660 6.1911
-3.0751 8.0141
-1.5930 8.3217
4.6588 1.7608
8.8800 -1.8713
-3.8583 -2.2579
7.5010 2.6898
-1.8734 8.2386
-1.3884 4.9075
1.5156 8.6354
-3.0455 -1.1422
-2.3683 -2.7224
-2.1386 -1.7732
-2.7516 -4.6958
-2.0601 8.0032
-1.9501 3.7313
5.3412 -9.2695
-10.3603 -1.3978
8.7967 -1.1372
3.5382 -1.8463
-7.3358 -1.3971
-10.2884 3.2859
-1.8072 4.9890
2.3194 -2.0534
-1.3991 -7.7270
-1.0871 -9.2570
3.5096 -1.5460
-2.2448 -2.2417
4.2513 -5.0395
-4.3772 7.0222
-1.2070 -4.3705
-3.5801 4.8726
-9.8677 2.2673
4.9167 5.5838
4.0026 -2.4899
-4.4017 -4.9906
-10.0445 8.3164
-7.6922 -4.7395
-1.6697 -4.3758
-3.4846 8.4154
3.3733 -2.1827
1.6443 7.7087
8.2528 4.8074
3.6835 -10.1251
-4.9656 8.0118
-8.1369 5.4771
4.8079 8.3022
-10.4040 -1.9599
-1.6510 -11.2560
-1.1620 -2.7129
5.5955 8.2125
-4.8647 -4.3149
8.5447 -3.6602
7.0026 8.6101
3.9282 -9.2979
-0.9405 -3.5919
3.6681 8.9688
-1.1976 -1.4269
-2.5846 1.3963
-4.2082 -4.6436
-1.5158 4.3743
1.7321 -8.8853
-1.7260 -2.5176
-7.9281 -9.2164
3.6546 -0.7754
-3.1964 -4.2396
8.7194 5.0627
4.8664 -1.3784
-1.9659 -3.8155
-1.7336 -2.2971
-2.8289 8.8500
8.1499 -2.4878
8.1143 -3.3286
-0.9531 -9.6616
-2.5822 -2.8733
-2.4708 4.5393
-5.3863 6.0554
-3.2914 -1.6336
8.3816 -2.1619
-9.7696 -8.4900
8.3266 6.5047
-10.3533 7.6901
-9.5548 6.0774
-11.5945 -8.3476
-1.4531 -5.1240
-5.3084 8.5568
-3.7242 8.3623
-8.6118 -9.1822
6.5729 -1.6087
-4.0884 1.8698
4.0401 7.7487
6.0669 -1.8533
3.0907 3.4537
5.8514 -2.6276
-1.8433 -7.3578
9.4236 8.0802
-9.8906 -11.5828
-1.9748 -8.6718
-1.3646 -5.0174
-2.6738 2.5675
-4.1140 0.7509
-1.0638 -2.0690
-11.5140 6.0472
2.4658 -10.0059
7.8458 -4.3557
-1.0632 -2.1293
8.7115 -1.5743
6.2438 8.1769
8.2919 -8.7991
-4.2144 8.8177
0.3491 -4.1817
-1.2880 -1.1232
-3.7268 -1.5461
2.8222 -1.7302
6.9401 -9.7606
8.7236 -2.0186
2.7622 -3.0680
6.3582 8.2489
8.3974 -2.9671
-3.7437 3.9936
-3.4287 -3.9736
9.9550 -1.7614
-1.8392 7.5240
2.2812 -4.1310
9.3177 4.4181
7.0471 5.0383
3.9554 -8.0557
-1.3911 -1.6835
8.2848 8.4971
-3.3726 8.5931
-4.8704 5.1053
-1.8246 9.0007
-1.8382 2.3016
-8.8633 -2.3551
-1.4193 4.0389
8.5777 -4.9589
-1.9717 -3.5813
3.4288 6.8544
6.1195 3.9410
-2.6200 -5.9331
-1.7886 7.3914
7.1805 8.5216
-2.2336 -2.5232
-4.3022 -3.2590
3.6989 8.4063
-8.3840 -2.2362
-7.5292 -5.2167
-5.4254 -0.6806
5.0349 4.4881
8.8893 3.6840
-1.3924 -5.4691
-1.5192 9.4030
-4.0894 8.2332
-8.9916 -2.3602
-1.6264 -2.3153
-0.7079 -3.8750
6.9361 2.5865
8.3075 -1.6051
-2.1222 -2.4633
8.2350 9.1676
8.3115 -2.1978
-3.1369 -1.9017
5.2547 5.8878
-2.6703 4.2474
-2.9621 -1.0337
8.3654 -3.1750
8.6953 -1.9479
2.5675 8.7788
-2.1922 -2.3339
8.5708 -2.3284
7.7699 8.5240
5.3689 8.0730
-1.6729 -2.3772
-4.3846 2.0535
4.0620 7.0489
7.7372 1.3537
-4.7745 -1.3918
-4.0575 -2.4505
-1.0786 8.8419
-1.2324 4.2122
-1.9111 -0.6493
-2.8245 -1.8452
-4.0678 -9.8209
4.1596 -1.8151
1.7444 6.0616
-1.9095 4.3741
-0.2067 5.5614
8.6667 -1.9881
8.6379 8.0456
8.5673 -2.0262
-1.5494 -1.9385
-1.6780 8.0120
-2.1370 7.6144
8.4228 -1.9204
-1.5186 0.5281
3.8755 6.9759
-7.3131 -1.3506
-4.3327 -1.5103
-2.8984 -4.6860
2.7686 -1.6709
-1.2104 8.0104
6.9730 8.4678
-3.4921 -1.8161
-4.3145 -1.9306
-4.3871 -4.5578
8.0745 -1.5669
-8.5513 -1.5369
-2.8249 8.5928
-2.3834 3.8340
8.3683 8.7426
-1.5067 -3.1701
8.5304 -1.3011
0.2579 -3.1068
-3.5442 6.8358
-1.2924 -5.0452
-1.6971 7.8132
6.0339 3.0759
-1.9155 8.4371
7.1678 8.3571
8.2464 -2.9721
4.1363 8.7235
3.1899 -10.1936
-2.1284 -1.7967
0.2883 8.2249
5.7680 -7.1866
5.9947 -2.2777
7.9917 -7.0479
7.9757 -2.0091
-2.1097 5.7678
4.1952 -4.3615
8.3449 7.8390
-2.3901 -1.8899
-4.1818 -2.2967
5.1541 8.0904
-3.7303 10.7571
8.0451 1.1966
5.3376 -3.5881
8.0139 4.0887
6.7793 8.0651
-1.9164 -4.6433
0.6245 -1.2534
4.3808 -3.7824
-1.1764 -2.3268
-4.6391 -2.4073
-3.1094 -2.3893
8.5824 3.4763
-6.3205 -5.1652
-3.2051 8.2266
-2.1629 6.6631
-4.1933 8.2860
-0.9568 4.8265
8.4436 -3.2266
0.6920 -2.0260
5.6449 8.1542
6.1914 8.3366
-2.1960 8.5005
-4.5407 -5.5136
8.9391 -2.9763
4.9838 4.8760
2.4816 -6.9245
2.1292 -2.5286
-4.5502 8.5556
-3.2580 -4.7895
-4.1828 -1.8564
4.8252 8.9084
3.7507 -1.9559
2.6376 -2.5727
-1.8960 -1.6844
-8.2373 -3.3297
8.0698 -1.5450
4.2860 -2.7951
-6.6494 5.8202
-6.1952 -4.7391
-3.2511 -2.3095
7.9678 8.0914
-1.7003 -5.0764
7.5491 -1.0787
4.3911 -2.1257
7.8010 6.3676
-4.1849 -1.9359
-2.8339 9.0246
-1.6812 -8.5482
8.4681 10.3205
5.8626 7.2590
-2.2374 3.7530
-1.9112 5.4653
8.8137 -3.9091
4.4349 8.5190
-1.7369 -1.8125
-9.4800 -7.9783
-2.5069 11.5963
8.2022 8.3404
-1.9946 8.1735
0.4291 -4.0914
2.1223 -4.1120
-1.7804 -3.4575
7.0074 -2.7491
8.3552 9.0376
-1.0092 -8.9757
5.6011 2.6071
2.7638 8.5173
-1.2182 -1.7843
-8.7048 4.8380
-2.9531 -1.6154
-5.9736 0.8588
-9.3633 9.6429
8.3230 -3.6767
-4.2915 -7.3829
6.6914 -4.3949
-9.1103 -1.4301
-3.5988 -8.3384
8.0732 2.2763
-5.0102 -0.8706
-2.7120 -2.1979
-1.4908 -2.3985
10.2612 -1.0773
8.2009 -1.4299
-4.5848 -8.4984
7.3123 -3.6131
-1.7411 3.4958
-0.8666 -3.1976
8.9907 -2.0016
-1.1261 -4.0552
-1.9737 -3.6181
-4.1470 -1.5590
8.1902 -1.8966
5.1194 -4.0429
-1.7008 -1.9619
-3.2654 4.5188
-8.5005 8.1776
-2.3910 5.0871
-5.1455 -3.9700
1.6021 -1.8844
4.1508 -2.7244
7.6531 -8.2407
7.0553 -4.0387
8.4021 6.0774
7.9717 -1.5621
0.3618 -10.3277
8.7812 -4.9865
8.4930 5.6596
5.5241 -1.7504
-2.3912 6.3455
8.2808 -1.5866
7.9824 8.7837
8.0318 -3.3587
-5.0282 -1.7976
8.9420 3.3320
4.1547 5.2335
-1.7243 -8.1224
-8.9923 4.5120
-2.3625 7.0801
6.1835 5.8113
-0.2836 3.9568
-2.5218 7.8078
-1.6657 -4.6169
-1.7544 -3.0311
2.8387 -3.9040
-4.1127 -8.8225
-1.8689 -2.1383
-4.6086 5.6516
-1.3568 -3.8675
-2.8046 -2.6928
2.8537 2.5696
5.5300 7.7496
-2.1818 -1.3215
-1.9792 -2.3200
2.9894 8.3020
-4.9061 2.0853
3.2434 3.9725
-4.8046 -2.2144
3.9056 -3.5889
-1.0627 2.8695
4.8705 -5.6371
-7.0154 8.8915
-9.3409 7.1157
8.2630 7.9698
5.8635 -4.7652
-9.3744 4.8638
4.7847 -6.3092
-3.4611 5.4746
8.0556 8.1037
-9.3166 -3.2391
8.6179 -4.0431
-3.2421 7.9907
-5.6828 -2.1163
9.8297 -7.3512
8.7440 12.6410
-2.2347 8.9975
-3.4165 -1.2567
-2.2023 -1.7950
-1.5872 -2.8812
8.2376 -9.3136
-10.5798 8.3840
-1.5275 -2.7567
8.2669 3.9934
-9.6086 5.8062
9.9805 1.7873
-8.5318 -1.3726
2.9020 -1.7492
-1.9175 8.2366
-9.0479 8.6513
-1.3136 4.1979
7.0394 -1.9663
-3.0135 -2.0025
-1.9171 -3.3326
3.2678 5.3937
-2.8340 -4.1811
-3.7671 -2.1279
-1.9871 8.2124
8.2637 0.3035
-1.6226 -1.8908
-2.3295 -1.1084
-2.1786 6.7470
3.8007 -0.3757
7.4036 -8.2877
-1.9183 -2.0714
7.5912 8.6580
0.7622 -4.3402
5.0367 -11.0096
7.7892 -6.4017
4.4350 -5.3363
8.6303 -3.8560
-2.5172 8.0826
7.7276 1.7098
-1.4918 -1.5874
-8.9535 -2.4575
-1.7269 -3.5147
4.1593 -7.7741
7.8651 -2.0456
-8.2591 4.9879
6.9464 8.5509
-5.9213 8.5249
-3.9029 -1.6349
-2.8741 -2.6786
5.9815 -2.9839
-4.2051 4.3184
8.1761 8.6276
-2.0524 -4.6840
4.7263 -4.8763
-1.9911 2.4962
-8.9715 8.5379
-8.9013 8.3379
1.9168 -1.7026
4.9443 2.5465
7.8241 -5.0031
8.6517 3.6557
8.8460 13.8010
3.1521 3.9929
-3.4967 -1.3372
4.7087 -4.2546
-1.4653 2.4666
2.8386 -1.6869
8.1323 -1.5635
-0.9863 -5.4440
-3.0290 -2.6922
-9.0551 -4.7920
-9.3719 -9.3135
4.4100 -10.3478
-1.0133 4.2206
8.0856 3.7602
4.4247 -8.4580
1.4906 -4.1311
-4.6394 -2.8314
-2.9368 -1.8697
-3.2335 -1.8740
3.5952 -1.9977
3.7867 -3.7223
-1.9223 5.5204
5.9449 -9.4321
8.2508 -2.6996
-0.9892 -3.8689
2.2469 3.8908
5.6756 8.4867
1.7453 8.2615
8.3932 -4.3769
8.3316 -5.8302
-8.3894 9.0194
-1.5398 -3.9288
-2.1431 5.8704
10.8537 3.2890
5.8592 -2.5841
7.8797 -1.1727
-2.2543 -2.0193
9.0054 -1.0899
8.2428 8.2880
7.5192 -2.1353
7.7472 -3.9476
-3.6035 5.8476
-0.8587 2.8783
-8.9237 8.1018
-1.5775 -6.3448
7.4214 8.4004
-7.9449 7.6912
-1.7599 3.4956
-2.4570 8.1735
7.7655 -5.7333
8.4588 1.7648
8.5456 7.5249
-2.0209 -3.8776
-10.3199 -3.9242
-3.8993 1.0273
-2.3333 8.2012
-1.9324 -2.0121
8.0018 5.6873
5.9582 8.8083
-1.7319 8.6287
-5.0809 -1.4230
-1.7122 -3.9692
3.4214 1.7598
-2.3709 5.1756
-2.4778 -1.2215
-9.2845 8.0358
5.3607 4.4209
-4.1109 -3.0671
-2.7509 6.0529
4.1404 8.2777
-1.7085 -9.3172
-2.8088 -3.4102
8.4410 8.6149
1.5629 8.1036
8.2981 7.9350
-8.1877 10.8987
3.1485 -5.6130
5.9483 5.5827
8.5991 -1.3750
-2.1869 3.6035
3.8610 8.7686
5.6111 2.3408
-8.7816 7.3482
-1.3694 2.4394
8.2900 8.0210
-4.3500 0.6779
-2.2343 -1.4872
8.3601 -1.2889
-4.2791 -1.8225
4.8052 7.5086
-5.2635 -3.1356
-2.5012 5.2413
8.4578 -1.8716
2.8028 8.2018
-4.0915 1.1277
-1.7887 -0.6044
5.3263 -9.5014
-3.9716 -2.0355
3.2078 6.5700
-2.5366 -1.8246
8.3105 -3.8800
-11.0627 -2.3088
5.8076 8.2293
-4.6453 4.2419
8.4000 -3.4153
8.6342 -1.6506
1.8027 2.0720
6.1908 8.4947
8.5362 -4.7787
-2.6758 0.5164
8.6332 -1.7571
-1.5641 -1.8530
-1.6105 -1.6581
8.6662 -7.9351
-2.2467 -1.8934
-5.1364 7.2578
8.4349 4.6924
-4.0100 -8.3335
9.6255 3.2775
-3.9195 10.1279
-2.1892 5.5012
-2.0384 -5.2047
-3.3642 -3.4558
-5.2730 8.1033
8.4912 0.7701
-4.1059 -9.3326
8.7217 -8.6114
-1.4988 8.5027
1.9448 -1.7422
-1.3793 8.1615
3.3645 1.3128
6.6169 2.7773
6.6861 -1.6571
0.7594 8.7600
-3.6269 -1.1647
-2.4310 -3.7035
-4.4537 6.5431
8.5518 -2.0906
8.1587 -1.8797
-1.6876 1.8412
8.4218 -2.0124
-4.7012 3.0809
-1.9593 -4.2044
8.5614 8.7811
-2.5454 -5.2752
6.3715 -2.4230
3.1220 -4.9104
-9.9082 -1.0560
6.8242 4.8153
8.7750 4.3361
-2.1161 -1.8206
-3.4054 -3.1099
-1.4207 9.0352
5.6387 -4.0760
-1.8312 6.6736
-3.5019 7.9380
4.8274 4.4008
8.3887 -3.5622
-1.4308 -3.4841
8.5067 8.8609
6.7488 8.5004
-2.3320 -4.4363
8.2822 -4.8863
-1.8118 -2.4796
4.5630 -4.0130
-9.6921 -5.2827
1.8364 -2.2535
8.7067 1.5541
-3.9098 7.4259
-5.4211 -5.0565
-3.2706 7.3942
-0.8833 8.5811
-3.0980 8.9407
5.4198 4.0783
-8.2769 -2.0443
-2.1834 -2.2587
-1.6500 4.1403
-4.4012 -4.6867
5.1714 8.7853
-4.4661 3.1955
8.1469 8.2250
-3.6601 4.4401
-6.6541 -10.0215
-1.1554 -2.2466
-4.0668 3.2769
-8.5880 -3.9445
7.9076 8.2123
-2.2408 4.0869
3.5595 7.1495
-2.6052 8.8461
-7.9551 -1.2179
-3.7181 -0.7403
-1.5603 -1.8700
-2.6601 -2.8927
-1.2742 6.1732
-1.6209 -0.7621
3.9915 8.5429
6.8324 4.6767
-4.8875 8.3152
2.6770 2.7480
0.8954 -2.4531
-4.3649 -2.6056
-2.1377 -3.0314
-8.2647 7.7098
6.5989 2.9211
8.3188 -1.7660
8.4799 5.3075
-5.7725 -2.2910
-2.4650 -3.3887
3.0286 -0.9829
-1.9630 4.5017
3.4807 8.6955
-11.1444 4.5351
6.1548 -8.1758
2.5831 -3.2319
3.1781 -0.8617
-2.2959 -1.1817
-5.2396 5.3294
7.1104 -3.5451
3.2717 -2.6529
-1.4123 -4.3338
3.6085 -7.9550
3.9478 -4.6826
-9.6449 -9.3137
-6.6040 8.7421
-1.5289 -2.0532
5.6405 -3.9656
8.5585 6.3948
1.7234 7.7845
8.5255 -6.8919
-2.0674 -3.3025
1.7905 8.5785
-6.5517 8.2617
-4.4571 -1.0542
-2.2203 -1.4127
-2.1523 -7.7956
-1.9959 3.9113
-4.2648 0.8307
-2.0452 3.7033
-2.0258 -4.9714
8.8256 -1.8298
-2.6984 8.6306
8.7458 8.8779
4.2439 0.1880
8.0039 -1.8670
6.1856 -1.5139
-0.9392 -2.7966
4.0383 4.2913
7.7720 -2.8310
5.2179 6.4665
5.0429 -1.9773
-1.9854 8.4935
-4.6113 -1.0141
7.8702 8.4900
-3.8230 8.3123
-1.7767 -3.9501
-1.9528 8.6642
8.2911 3.1450
8.4813 3.8143
-1.5812 -3.6857
-3.8418 -9.5327
6.0214 8.7744
6.0846 -3.0748
-2.0314 -7.5948
2.8298 8.4791
-4.4970 5.9491
-1.4335 8.4414
-7.9112 3.7975
5.8025 4.9084
8.4201 -1.4830
-3.5082 8.9069
-3.0332 -1.7593
-3.8978 7.3473
-6.0502 -12.3057
-1.8533 -0.7153
-1.6893 -2.2762
-1.4374 2.2376
-3.0125 -1.5137
2.1124 -3.9226
8.4144 -2.7185
-0.7868 -2.2582
-1.3445 -3.2130
7.0592 -4.5705
-6.5119 -5.7799
8.0927 -3.7868
6.9756 -1.9152
-10.0920 -2.7810
0.1639 -7.7073
-1.7095 -3.2571
8.2320 8.8591
-7.0004 -1.8884
7.8812 -3.5967
-2.9479 -1.8062
3.4872 -1.4196
8.8722 -4.3315
-2.2770 7.9135
-1.5609 -3.7983
-1.3298 8.5048
7.8634 -2.0785
4.7497 -2.8895
-2.1918 7.8558
-3.7150 -1.7880
-2.6023 -11.9105
-8.0108 1.1138
-1.5359 8.4826
-3.3318 -3.1101
-8.5384 4.5650
-2.2177 -4.3229
-1.1366 8.3133
-2.4192 -6.7276
4.5480 3.3870
-2.0041 -2.2430
8.1329 -8.0900
-8.5805 -1.9442
13.2645 -10.2271
-2.2470 -1.8798
2.7623 -4.3286
-4.5480 -4.1558
-1.9274 8.1909
-1.9609 2.5115
8.4498 -3.0788
5.8353 5.1950
3.2555 -1.6901
-1.8809 -2.8830
3.3153 7.0885
-4.6783 7.8898
-1.1132 -4.9948
6.0735 -2.1003
-3.9192 -5.2280
-4.1624 -2.9487
6.5108 -1.0555
-1.7657 -6.2525
-3.6866 -1.8256
2.1146 -1.8220
-1.6056 6.8942
-1.9145 7.8356
-1.1662 8.9707
8.4310 -1.4231
-1.5125 -1.8121
8.3035 -9.4279
-8.9130 -1.4663
-1.7888 -0.5853
-1.6581 2.5819
-2.2738 -9.1737
-2.9322 3.3027
-2.1823 4.9282
-3.0987 -3.7685
-2.1388 -9.1574
8.3229 8.2204
-3.8015 -6.2209
-8.6765 -2.9926
-8.2081 8.9612
-2.2329 -3.4917
8.4857 -3.0967
-1.5903 8.1233
-2.4930 -2.0102
-1.4617 -3.8660
-1.7932 -3.0882
-3.4099 4.8783
-3.7575 8.6230
-1.6964 -2.6179
8.0805 6.5331
4.6310 10.3356
-2.2175 8.3296
-3.0750 5.7337
8.5609 -2.5867
4.5364 -3.0572
8.4021 8.4376
-3.1379 3.1524
-3.5358 -7.9837
7.0813 -4.6054
-2.9401 -1.5595
8.2338 9.0574
-4.1228 -3.7928
6.7513 3.0151
8.4407 -1.1193
-1.7720 -4.4027
-3.6572 8.5525
8.3787 -3.4555
6.9198 13.3777
-2.1667 -10.0088
7.9545 -2.9700
4.4705 11.1283
-5.0886 -4.3323
5.1535 7.2747
11.5137 -2.7678
-5.1380 -0.9521
-1.8918 -5.1220
2.8868 -10.7672
-2.2036 1.8986
-1.6813 -1.7360
-2.1634 -4.2664
-3.5772 3.1541
8.3248 -3.7930
6.2395 5.9669
4.7123 -1.8314
-3.0828 -4.2781
-9.2318 3.5856
4.9037 -2.5673
5.8891 -2.2408
0.3008 -3.8834
-2.1710 4.3994
-1.7226 -4.4709
3.9292 -9.5304
-1.7554 6.0513
-10.5361 8.4407
-4.7825 6.0615
-10.7946 8.0782
8.5276 -5.4352
-7.6866 -2.1531
7.2646 3.4498
-10.5758 -2.5623
-6.3391 6.6190
6.9733 -1.1780
-2.1765 4.3982
-3.1466 -1.8271
-1.6211 -2.0572
7.3623 -5.8116
2.8223 -9.9184
5.8356 -1.8124
6.9161 4.1590
8.6982 6.6726
-4.9168 -4.5685
8.5925 -2.3199
7.9021 -1.7565
-4.2793 8.2116
-3.4974 -2.3053
3.7837 -1.2358
-11.7960 -2.2508
3.5072 8.5562
-1.4368 3.0690
-2.3323 -3.1671
-1.2878 2.6701
-2.2914 -2.5422
8.2228 -10.2436
-2.2456 -1.2800
7.5004 5.7263
-11.5630 -2.8354
4.7932 7.9829
-5.6124 -1.5860
-2.1745 6.8664
2.5243 2.3357
-3.7941 -8.1689
-2.1178 -2.2608
8.5467 -1.9450
-1.5632 -1.4318
4.5896 8.5592
2.1732 -4.4998
-4.6919 -2.1619
10.3894 -2.2079
4.8791 -4.2996
6.2349 -2.0845
7.9995 -3.2345
4.3582 8.1342
8.1345 -4.5292
-2.3624 -4.2396
-4.7131 -2.0195
-10.3189 9.8697
4.4483 6.8656
-2.0807 -4.0995
3.7070 -8.2556
8.2380 8.5054
-2.2899 4.9880
2.7393 8.5967
0.7884 -6.7997
4.4319 -1.0259
-2.5642 8.6197
8.2825 8.8223
-1.3834 -5.1826
-1.6035 7.7841
3.6327 1.0616
7.1525 -2.4598
-2.3707 -4.3617
-6.0240 6.0137
9.4965 -4.7266
4.1174 7.2643
8.1257 6.5952
3.7869 3.0448
-4.2827 -2.3584
-2.2038 -4.4826
4.6849 6.4681
-1.9009 3.8987
1.7182 8.0778
9.1580 0.1214
-2.7216 8.8469
7.9386 -2.4757
-8.6634 8.5759
-1.9538 -1.9271
12.6975 -2.1128
8.4765 -2.3481
5.7748 -0.3682
-10.9150 -2.4760
-5.5925 -5.4160
7.8585 -2.3536
8.0715 2.0482
2.0797 -0.8870
-2.9845 8.9804
10.5206 -2.1895
-2.0657 8.0335
-1.3717 8.6345
6.6209 2.9848
5.6512 8.7797
5.0941 -2.0895
8.8223 -5.3780
-1.8177 5.8839
8.4235 5.5471
5.9010 6.9026
-2.3955 8.1237
-7.4817 -4.0090
-1.5448 -4.1620
-1.1636 8.1714
-5.3377 -4.5498
-1.6938 -1.4174
-4.3111 -3.6502
-2.9753 8.6385
-1.8077 8.4607
-2.4947 6.0773
-3.4281 -4.2590
5.9191 3.4703
0.7224 8.0948
-2.2752 -2.5041
-2.6907 5.8027
-3.7117 -2.3235
9.2846 -2.5966
-10.1675 8.5972
8.1986 -9.6690
5.6556 -10.3022
-3.9406 2.4367
9.1170 -1.6133
11.2895 -3.0868
6.0850 -0.9725
-2.2664 -3.9019
8.2203 8.4579
-5.1892 8.4290
-2.0894 -3.2497
-1.8008 6.6954
8.8044 6.5710
8.1019 7.1019
7.6787 -3.7291
8.8317 -3.4589
9.3148 -5.3514
8.2836 -1.9059
-2.1473 3.6279
-5.2922 -1.8008
-3.9173 3.4238
-9.1388 -0.0561
-8.5406 -4.7433
-1.8686 0.3097
-4.0783 -9.8175
4.0993 13.0705
1.2449 -1.7983
-1.5826 -6.4950
-3.0648 8.0065
-1.4519 -1.0049
3.8674 -8.3428
8.4395 -4.2028
4.5388 -2.1204
8.2634 6.4874
3.1217 2.2920
-1.4756 -5.7074
8.8442 6.9796
7.9173 8.3809
-4.8744 -2.0152
-4.3828 -2.0779
4.7794 -9.5616
-1.3116 3.2148
3.2503 8.1227
-1.6529 -2.7740
-2.3438 2.0238
-1.7403 -2.3101
8.5891 -2.3121
-4.4373 -2.2410
5.2782 10.0246
0.6943 -1.4002
8.9468 -10.5512
3.6807 -1.8908
-2.1218 -0.0015
-4.0725 3.3349
1.0657 3.5664
4.1353 5.8947
-2.3947 -1.7711
6.7543 -1.9972
8.8487 3.5851
-3.4835 -1.7876
-3.1649 8.3915
-2.4617 -2.4362
-2.2966 -5.8782
3.4220 5.1027
-1.9267 -5.2888
6.8399 4.8585
-1.2144 -2.4308
-1.6501 -4.1339
-1.1324 7.7779
5.9499 8.7555
8.7991 4.4841
-7.0015 -1.4105
-4.3292 -1.7695
-1.5648 6.7461
-2.5276 7.3276
8.9474 3.3636
-1.9971 -3.9081
-1.3581 -9.4999
-9.1223 -2.7805
-1.5815 1.1119
-1.4309 -2.7410
8.7933 -2.0994
-5.0226 -4.4366
-1.3924 -2.6673
3.1997 -1.9616
-6.0282 8.6357
8.6328 -4.8443
3.7882 -1.9661
8.2820 5.9043
8.4165 5.8477
-1.3523 -9.9906
8.1530 8.4845
6.5747 -1.5558
-2.0463 -1.2561
-2.0979 -4.7650
8.7265 -1.1818
8.1445 -2.1688
-3.6824 -3.4444
-1.8370 -4.9632
8.4586 6.8194
-2.2519 -2.9857
8.4506 -8.1684
8.1605 -2.1666
7.7834 3.3304
4.9995 7.2812
3.1777 8.4445
-0.7537 -3.1286
-2.1848 3.0294
2.0203 -2.2525
-5.1465 -3.8796
8.5517 4.2655
2.5014 8.4071
-0.8886 7.4771
-1.8574 -2.7294
8.4290 6.4219
-8.0139 -11.7081
-10.8971 -1.5190
8.7397 -1.4032
7.0000 8.8622
-4.1812 -2.5531
-4.5580 7.7412
-5.1782 -2.3189
2.5146 -3.9106
-5.5449 -1.2418
5.8591 6.7190
8.4038 -2.2889
-1.4340 -1.4344
-5.4867 8.1518
-2.1657 -4.0168
8.9829 8.3643
-5.1280 4.5647
0.1986 -11.1000
6.0687 0.4980
7.2139 4.3206
1.1568 -8.3661
1.3584 -1.5813
9.4068 -2.8024
3.8340 7.4982
1.7824 -2.5735
-4.9611 -0.6624
7.3612 6.3792
-2.1995 -2.9468
5.1990 -3.9332
-1.1677 2.0091
-1.7925 -9.8468
2.6154 -8.3764
-8.3766 5.7800
-2.8274 8.4942
-3.8101 -2.1107
-3.3407 -1.0510
-8.1531 9.2718
-1.8809 4.5211
8.5225 7.2579
0.9377 -1.1700
-1.7876 -3.6678
-3.2798 -1.7923
8.4390 -5.8895
8.0956 3.1292
8.6116 -2.8491
-1.8307 -1.7774
-4.3963 -2.3238
3.1214 7.8538
-2.4787 -5.8832
2.2373 -1.5967
-2.3502 -1.0275
2.8108 7.5291
-9.1801 -3.4143
6.2063 -4.6095
7.9638 -3.0572
0.9896 -7.4662
8.5015 6.1389
-2.0506 -2.0146
5.4801 8.6231
-7.2724 -1.6860
-1.2887 5.2423
2.8587 -8.4511
8.8617 -1.3718
-1.5920 8.2315
5.8639 3.0809
5.0613 9.2374
-4.3935 8.3294
-1.7422 -2.8269
-10.1688 -2.1042
-2.3251 -1.2983
5.9023 -1.5239
-2.4041 4.2943
-8.0053 8.1776
-1.5874 -4.0781
8.3103 -1.8658
3.5939 8.4858
7.8629 8.3048
-3.0004 7.6690
6.8674 -1.4420
5.7265 -2.8222
-1.4087 3.2416
2.5596 -1.7974
6.1028 8.7465
-1.7517 -1.0719
-3.2280 3.3678
6.1545 -1.4830
8.4512 -10.8060
-1.8595 5.9212
-1.4906 8.5704
7.9772 -1.6284
-6.1749 -4.6701
-2.8072 9.1101
6.9023 -2.4329
-1.8863 3.3191
-2.8113 -3.1227
8.2467 3.7445
8.8267 -1.4561
-1.7522 0.8490
8.4039 -4.4657
-9.6858 -2.8862
8.6030 -4.8065
-2.3751 -1.1844
2.8989 -0.3414
-2.1458 5.7331
-0.5340 -1.2472
-1.4651 7.8471
-5.0218 -2.0999
-1.6342 -2.3440
8.8492 3.2609
7.7568 2.7691
-1.1541 8.4822
-3.9095 -1.0538
-5.8018 -3.4581
-2.6711 -3.1321
-1.4233 -2.7316
-4.3496 -3.9795
-2.4200 9.0602
6.7757 3.5817
-1.8264 -4.3370
-5.2581 -8.1562
-2.7552 -5.0502
13.2607 -1.3588
-8.4774 8.6429
-2.6928 3.9748
-3.4967 2.0827
-3.9714 -2.1886
-1.2674 -2.1809
8.3655 -4.1397
-1.6078 -2.9350
8.1222 3.4926
-1.7049 -1.3892
-4.3916 -7.6975
-5.1968 8.2137
-10.0662 3.0080
8.5166 8.5243
-9.8364 -1.0047
6.4268 8.8585
8.0598 -1.9331
-4.4738 -9.7664
8.8398 -3.8129
-2.1355 -5.1379
-9.9226 8.1166
-3.6636 1.7210
-5.0786 -7.3816
7.1587 -1.9344
8.1663 -1.6254
-5.5094 6.5620
-1.4990 -9.9493
-4.1474 -1.8482
8.6308 -9.2820
-1.3855 2.2364
7.5713 -3.9886
0.0163 -8.9113
-1.5945 3.8733
-0.2549 -3.2209
-1.9391 6.3881
7.3743 3.0606
-4.1840 8.1871
-5.1891 8.6259
10.1475 -2.6411
-4.5766 9.1604
2.4473 7.7112
1.3889 2.0213
-3.8874 9.0170
-5.3965 -1.4410
-3.1365 8.8597
3.7443 -2.1009
8.0595 -1.8180
-2.4018 -1.6879
-0.9862 -2.2404
-8.0187 8.8469
-4.4988 -11.0303
-2.7239 9.5795
-2.6649 -4.7089
-3.5016 7.8172
8.8034 6.2236
6.1067 -2.5040
-1.7962 3.5844
-1.5839 -4.2154
-1.6916 5.4814
3.5502 3.2599
-5.1222 -9.8708
8.6689 -2.5942
5.3807 8.4097
-1.6247 -4.7827
8.1735 -3.8437
8.4287 -4.5132
8.1232 4.5282
0.1039 -4.6820
8.7026 -1.2418
7.9888 3.7967
8.9061 -2.4567
-2.3661 4.7632
4.6761 8.0312
-4.5964 -3.3812
7.8747 -2.2740
8.2870 -8.2847
-3.5288 9.4767
-4.6731 -2.9514
-3.9234 4.1417
6.6805 -2.4086
-6.0867 11.0301
8.0424 -9.5997
-2.3184 10.5136
5.6165 8.2728
-1.9423 -2.1814
8.4262 -8.1280
8.0146 -3.3872
9.7818 -3.4683
-1.9038 8.4884
1.7532 -9.7398
5.4035 -3.0502
-3.3685 5.3025
8.8328 -1.8756
-9.8062 8.4651
7.7885 6.1669
-1.8422 8.1516
-4.0016 -2.9613
-2.3432 -3.9260
3.6804 8.4764
-9.2753 -4.7921
2.5246 8.1059
5.4421 -1.9370
7.9351 -2.1552
6.9790 8.9841
-0.9172 8.9007
1.1692 -8.2832
11.1541 -6.3338
-2.5831 -3.4638
8.0153 -2.4439
-4.9455 2.2351
-2.2317 -3.9011
5.0269 -9.6562
2.4433 -2.3110
6.0107 -3.7206
-2.1261 -1.3400
5.5113 -3.1747
7.9977 8.4393
-6.7937 -4.8780
-4.2864 -2.6366
-1.0039 9.7055
1.2726 8.2107
2.5271 -5.1754
4.7624 8.2811
6.1110 4.6995
-2.2605 -3.7447
-3.9735 -4.1827
5.4022 -2.1733
-3.2940 5.2730
5.0105 -0.5409
-1.4485 -2.1261
-9.0869 8.4514
-2.3574 -3.2235
-1.0415 5.3446
2.4698 8.5819
7.7372 7.8187
2.0579 7.8660
3.0584 -2.9721
9.5656 -2.5870
6.4112 -0.2877
4.2112 -3.1381
-1.6429 8.2646
-3.9233 5.4069
-2.2264 8.9498
-1.9372 -2.0397
-2.9400 -9.9167
-1.8787 -1.9305
-10.1982 -1.1781
8.9733 3.7602
-3.4992 -8.9577
8.2166 -1.6723
-1.5533 5.3084
8.6402 -1.8818
8.1811 -1.5285
9.1452 -2.0208
5.7770 9.0227
-10.4780 -11.3892
-7.5415 -4.0219
8.4275 -1.7841
-1.8172 -1.2366
-3.0489 4.7457
-4.1064 3.6888
-3.9351 -7.7946
-1.1012 -2.7973
-2.3939 -1.3778
-1.6595 -1.1738
-0.8904 4.2041
5.0710 4.8259
-2.4411 8.4205
-1.9643 -2.0792
-4.9169 -2.5540
-3.6646 8.3883
-2.6232 8.7603
8.8365 -9.4852
-11.3676 7.4666
8.7534 5.8206
-1.7855 5.2109
-3.9459 -5.6763
8.6139 -4.5999
-4.1268 2.1049
8.2341 -6.4537
4.1037 -4.4022
5.0930 -2.5269
-9.3193 -4.8455
8.7337 -2.1552
-3.0631 8.5511
8.3933 -1.9259
-4.0750 -2.8767
5.2571 8.4416
-1.8776 -3.2539
-4.2445 -3.0478
-2.9883 2.7431
6.2160 -0.4144
7.5490 8.4755
-3.8018 -1.5193
4.9793 -1.7823
-9.1765 2.7441
6.0778 -2.5399
8.4571 8.4577
8.4391 3.5771
3.0823 -1.2131
-2.0826 -1.7372
-2.4095 8.6636
6.1256 -2.8587
6.2276 -1.8419
-12.2515 3.2040
8.6674 -5.3339
-1.9277 -1.0512
-11.5543 -1.8163
8.1834 -1.7721
10.0776 -11.3836
-3.0764 -3.3362
-2.0021 -9.3963
-10.3733 -6.5552
3.3688 -2.7059
6.2996 -1.3218
8.1843 -3.6554
-1.9662 -2.1895
4.8268 -1.5630
-1.1257 5.9567
-8.5295 -1.2129
-5.4886 -1.7347
8.0544 -2.7847
5.2381 -1.8108
2.4574 -3.2836
-1.4514 8.2987
4.6892 -3.0013
4.7942 8.0541
-2.7050 8.4112
-3.9503 7.8645
-1.9921 8.3182
-3.8206 -10.9046
1.3459 5.0596
-9.5838 8.5382
7.8983 -1.7342
-3.3557 3.6006
6.0661 -1.4217
-3.5728 8.4656
-1.9283 -3.3935
-9.5654 -1.5522
-1.2611 -1.8962
-2.2835 -4.9565
-1.9642 2.8185
-5.4245 -2.3790
8.0840 3.7175
-2.3405 -4.4215
3.8270 -8.7701
-3.5406 -2.5401
3.1639 4.7530
-2.0677 -1.7972
8.9603 6.3409
-3.0926 3.4558
9.3111 -9.3564
-5.0528 8.0826
3.3049 6.0019
7.3394 6.6589
-8.1494 -2.6366
-1.5400 7.9424
-4.1835 8.8165
-8.2899 4.3692
8.1804 -1.4276
-3.1033 2.7250
-3.7079 -0.6700
5.8523 -2.5671
-2.3607 8.6062
5.2494 -4.0135
8.6050 6.1039
-1.3469 -5.3355
-7.7960 8.6021
-2.8638 2.3307
-2.4132 3.7306
8.0143 8.3717
1.0731 -9.1098
-1.5295 6.0068
-2.3433 4.7122
-2.2552 -3.0289
8.2788 -9.5575
-3.8001 -2.9112
-1.5486 -1.7822
8.5403 -9.0001
6.7570 -2.7645
-0.9961 -2.1240
-3.0292 5.3576
-2.2727 -1.6917
-1.9804 -1.8874
8.8792 -2.6363
8.5124 0.0105
8.5912 5.2750
-1.8648 -10.6787
8.3528 5.3608
8.7893 4.8414
-2.0545 -1.8760
-1.2704 2.8100
-2.0696 -3.0800
3.5682 3.1918
-9.4014 -3.5165
-1.3283 8.1691
4.4835 8.5248
-1.2365 -1.4079
-1.9381 -1.5553
-3.5275 6.5001
-9.0184 -2.3810
-3.6083 -7.5874
3.0579 2.5914
-2.1715 7.9682
-9.7747 5.0206
8.4962 -9.2673
4.8247 2.7996
-2.4151 -2.4648
-1.5943 4.7986
-2.1884 -2.6978
-1.5352 8.6502
4.5379 5.5379
4.0537 4.6534
4.5304 -1.5490
-2.0757 8.5605
-2.1059 -1.2967
-2.3473 8.1498
-1.5986 -5.1342
-4.5344 -2.0517
-8.6545 0.3774
4.9552 -0.9686
-5.9347 -4.5658
-9.4892 6.3771
-1.5278 -2.0534
-4.1590 -0.9768
6.1579 6.8193
-9.2308 -1.7637
7.2329 -5.2441
-0.9361 -0.7914
8.6271 -8.3681
-8.7635 -3.7732
-1.7677 6.9571
-4.2342 -2.6169
8.3039 -2.6239
8.2262 -9.0259
8.7133 3.8896
-4.5779 -1.5176
-3.4320 2.5022
-3.8003 -4.1361
-9.7489 1.2006
-1.2772 -2.0391
-1.6702 8.0163
5.8741 -1.6910
1.0239 8.5468
-2.3986 -2.4015
-5.3261 -5.0614
-9.1608 -2.9884
-2.0516 4.5200
-10.7276 6.9698
-2.3833 -2.4707
-4.3769 -2.9550
-2.2932 5.2196
8.2249 6.2748
-8.5571 -4.1477
7.7813 4.8109
-4.3251 -3.7816
6.2757 -8.6094
-4.2335 -8.7026
8.1942 3.7795
-1.5593 4.4337
4.1169 -1.4340
-1.6222 8.3465
-3.2689 -3.6496
-1.4549 -0.8195
-11.1098 -0.8224
-4.0977 3.6861
-3.5738 -1.9507
-10.2818 -1.7749
8.3962 -1.8833
3.6825 2.2793
-11.7975 -3.8239
-7.9744 -4.6985
-3.4823 1.4990
7.4220 -8.0738
-8.0510 -4.4569
-0.2300 0.9809
1.2856 -4.6637
7.4951 1.2409
-3.5450 -3.8744
8.8526 -3.5359
-7.9386 -7.9794
-7.9898 3.3556
2.1646 -8.0046
-8.0851 8.8812
-7.8835 0.8764
8.0813 0.6208
-7.9813 -7.9949
14.3421 -7.8199
-8.0166 -7.9740
-8.0007 -5.9846
1.0573 1.1538
-4.0043 1.6462
6.8493 9.5411
7.3537 -8.0754
0.9443 -5.9585
1.7558 2.1217
-0.4432 0.7391
-7.9736 -3.9459
-3.7316 -7.9957
-5.3635 5.5002
8.1466 -5.8675
-3.9778 -7.9580
-2.0514 4.5833
-4.8910 -3.9380
8.6050 1.1969
0.2372 0.9675
-5.2621 8.0596
-3.5733 -0.3706
-4.2689 -0.2382
-7.9244 -7.9651
-3.4420 -4.5139
-1.6823 -8.0116
1.6318 0.5041
7.9379 0.2633
-8.1054 -8.0246
8.2300 -3.7427
1.3778 -3.3176
2.1704 -2.8284
0.3416 -6.1283
1.6404 -3.3509
-7.9197 -4.1440
-3.5736 -2.4683
-7.9887 1.4143
10.1754 0.8445
6.3731 0.7214
-8.0489 7.1886
-8.0515 -2.5225
2.9582 -2.4901
1.6970 9.3149
-4.0192 7.5343
-7.9102 -7.9148
7.4563 2.0449
8.6561 0.4307
-4.0641 -8.0850
-7.9166 -2.8119
1.8358 -7.9785
6.2178 0.3834
8.6109 -5.2136
1.1252 -5.7769
-7.9941 4.8322
7.9186 -7.9759
-7.9573 -3.2977
2.2677 -3.7869
1.1593 8.3121
-7.9813 -3.1985
8.2330 0.9812
-7.9775 7.6101
2.5805 -0.0393
6.9516 -2.6371
-3.4008 10.4416
-4.6960 7.3749
-2.4989 -3.8924
8.2521 2.1099
-4.4251 9.0073
1.1099 7.2209
-2.6537 -7.9967
-7.9766 -3.7079
6.3787 -0.3271
-4.4152 -7.9555
-3.8782 9.6747
-4.7831 1.4237
-4.2812 -7.9365
1.9932 -7.9614
-7.9651 1.3837
-3.2690 0.3940
0.8545 0.1512
-8.0402 -8.0171
0.7251 -4.7003
-2.6867 -7.8995
-4.3712 0.8424
-8.0530 -7.9873
-3.2344 0.9899
0.2320 0.4099
0.9060 -3.7925
8.4039 1.4895
-4.2305 -7.9995
-7.9804 -3.8357
-5.1388 2.2608
-8.1118 5.4803
-3.3542 -8.0363
-4.2653 -7.8998
-7.9374 1.0548
0.2274 4.3784
7.5157 7.5933
-3.8593 -3.9928
0.3989 8.5534
-5.3246 1.5318
-3.8618 1.1635
1.0196 1.3799
-8.0557 1.2589
0.3693 8.5772
-7.9903 -7.9002
8.7233 0.7277
9.0609 0.4238
8.4090 -3.3895
-3.3005 -1.2974
1.2901 -7.9738
-3.4168 -6.0700
-7.9662 1.3689
-5.1005 1.0216
0.9230 8.5640
-4.0804 1.5931
-0.4432 -7.9445
-4.0228 -0.0575
1.5022 -4.5542
-0.8973 -3.4330
-7.9341 -4.3422
-8.0065 4.3041
-8.1143 -7.9539
3.8518 -8.0140
-4.5808 -1.8347
-2.4280 -3.7855
8.7373 3.5834
5.5432 8.6177
5.3473 -3.8345
-8.0185 -4.9978
-7.9794 0.5242
-8.0674 -4.3487
-5.4714 1.8363
0.8849 -2.9002
-8.0328 1.1377
-3.6792 0.4738
0.8339 1.2578
0.7736 7.2904
0.2685 7.7905
-7.8709 -5.4036
4.1365 0.9646
-3.8551 -8.0709
1.0023 -2.4372
6.9813 -3.3891
1.1677 0.9851
-8.0166 0.8199
-4.5371 4.5917
0.7788 -8.0311
-8.0641 0.1604
8.8178 -5.6375
-8.0164 1.6373
-8.0227 -8.0241
-8.0368 2.1380
8.1243 -7.9797
8.2450 1.0354
-8.0232 1.2051
1.6672 1.8250
8.8180 -3.6772
-7.9302 8.9022
-8.0543 -8.0718
5.6807 -7.9703
-3.6547 -4.7241
-2.8796 -7.9864
2.1489 0.7068
1.3737 0.6834
-5.8242 -3.2036
-5.9666 -5.0566
-4.0272 7.3788
-7.9705 -3.5574
0.3185 8.2138
-2.2237 -4.4544
-4.8082 0.4254
9.4012 8.2967
-2.3258 -3.8526
2.5669 0.8903
-5.0019 0.7409
-7.9326 -3.6292
-4.5154 -3.7991
-4.5046 1.5577
-7.9354 7.8384
1.2021 5.5843
-8.0476 -5.8846
1.7849 0.4413
0.5476 -5.9749
-3.2781 7.3711
-4.7712 -2.7247
8.4478 -4.8019
1.5478 -8.1714
-4.0160 -5.1506
1.5730 7.5400
8.0928 1.7046
7.4044 -4.0253
1.1976 5.3232
-3.8433 1.1035
2.0306 -2.6136
-7.9717 9.0045
-4.6362 -3.8283
0.5885 -3.6180
5.2337 -8.0226
-5.3017 0.3373
-4.5937 -8.0504
-4.4943 -2.3400
3.8107 8.0916
6.2953 -2.6968
1.5681 8.5233
0.0806 1.2019
-8.0331 -7.9191
0.0541 1.6986
0.2249 -5.2544
-3.4879 -3.3398
1.7929 -4.1654
1.2618 -3.6740
-4.1352 0.7174
-4.3016 1.5850
9.1277 1.4598
6.5868 1.3761
5.3156 9.8575
-7.9487 1.2550
-5.7597 -7.9667
-7.2396 -3.9797
1.1237 -7.9561
-4.6028 4.3928
1.3400 -4.4475
1.7959 -8.0108
1.0588 -5.7562
-7.8310 -7.9928
-4.6528 -2.2912
4.7007 0.3668
1.1229 -7.9155
0.5843 1.3945
-2.6843 0.8333
0.1143 -3.7086
7.8844 1.6296
1.4246 2.2913
-5.2257 7.5093
-7.9884 -8.0267
-3.1517 -3.9875
0.6080 -8.0907
5.3841 -7.9366
-8.0296 -3.8334
-4.6204 -4.4547
0.8492 8.1980
-8.0555 -3.2289
-7.9366 8.1393
-0.0086 1.0005
0.4140 0.8655
0.8486 -3.6908
5.3779 -7.9221
8.7140 1.1121
-4.4543 1.1746
11.6219 2.3770
0.6239 0.5993
-4.9037 11.6721
-3.6302 -3.5472
1.3451 0.7095
-8.0233 -3.5479
1.6064 1.8013
-7.9705 0.7574
-4.3788 9.2783
-3.4976 9.1232
1.0230 2.1533
-7.9250 -4.0776
1.6467 0.8040
-4.1800 -8.0285
0.8085 1.2847
8.9679 -7.9478
-5.0933 6.5861
-1.4049 10.1181
-3.1727 -7.9421
2.3584 7.4834
-8.0461 -4.5224
6.0215 6.1124
7.1357 -3.8021
-8.0074 0.5604
1.9468 -3.0454
9.8207 -8.0166
7.8035 3.5738
-8.0435 -8.0923
5.8249 -3.6273
-4.1521 -7.9430
0.2783 -7.9622
-7.9547 -3.9470
-3.1233 1.4964
-8.0265 -4.1923
0.5841 0.5555
-1.1873 -2.8839
6.3259 9.0076
-4.3882 0.9145
2.0503 -2.3981
6.9375 -2.8282
0.6254 -4.3059
-7.9175 -5.0141
0.5560 -3.6161
-3.3263 8.3911
-4.9504 -4.8392
-5.5915 7.8485
-5.7974 -8.0700
0.6953 -7.9020
7.3715 10.7952
6.2389 8.8012
6.6605 -8.0460
-8.0514 -4.0908
-3.2757 0.9652
0.7760 -3.7587
-4.4197 -3.7175
-5.0682 0.5258
-8.0266 2.4596
-4.2856 0.6778
-8.0098 1.0299
-3.8434 -4.9125
-8.0389 -7.9324
-3.9970 1.5181
-3.4811 0.9046
-8.0060 -3.4854
8.3805 -8.0875
8.0811 -3.7743
9.5847 0.4925
-7.9551 -7.9490
4.7484 -5.6150
5.2621 -4.8816
-4.5256 -2.3377
-7.9870 1.4255
0.3667 0.7645
-8.0244 -8.0317
0.2064 -7.9767
0.5044 8.3829
-4.0991 8.5408
-4.4110 1.5614
-7.9693 8.6695
0.7668 1.9986
7.6456 1.5478
1.0210 -7.9757
-4.4757 0.9549
-4.4006 -8.0103
-8.0595 -4.4508
0.2146 -8.0734
1.7390 -4.5620
0.6286 -2.9248
-8.0155 1.2738
0.0524 1.3762
-8.0471 -7.9164
4.2736 7.6678
-3.9395 0.8153
3.8487 1.4085
-4.9445 7.7778
0.5580 -8.0049
0.8804 4.4367
0.8898 7.4437
1.7373 -3.2360
-2.9825 1.4736
0.2894 -3.7887
-4.1751 2.1092
-4.7294 -7.9663
-7.9885 1.4584
3.9636 -8.0629
-4.0014 -5.0954
1.6064 1.2546
3.4396 -3.4561
-3.8981 -3.9851
-3.4230 -8.0092
10.7402 1.1814
-7.9629 4.9478
7.3274 -4.4420
-7.9929 8.1204
1.3721 -5.0302
-4.9914 5.0466
-8.0140 -3.3621
-8.0388 7.1998
9.3523 -4.3339
-4.5346 0.6825
-5.2127 -7.9388
-8.0613 -4.4295
-1.6267 -7.9920
6.3110 5.3987
8.2916 7.4209
2.0927 -4.9576
-5.4715 0.6701
0.9965 0.6573
-7.9459 5.5216
1.2654 1.1575
-7.9947 -8.0374
1.9005 -4.0404
-5.3923 1.7312
-3.4902 -7.9935
0.9864 1.5593
4.6427 -7.9573
0.2690 0.0976
1.9590 -3.7379
-4.1310 0.1344
8.0062 1.5172
1.0743 9.4186
7.0956 6.0659
-5.1726 -7.9996
1.4220 -3.5022
9.5375 0.4504
1.0924 5.2568
-8.0181 9.0045
8.8633 -8.0609
3.3223 8.4421
-4.7895 1.2209
1.8791 -7.9967
-7.9866 1.1557
-4.1892 -3.6198
-2.4271 7.9688
-4.4872 -3.8365
1.1285 9.6351
-3.5136 7.5238
-2.6279 -7.9472
12.9792 1.5953
0.6185 -4.0694
-8.0271 -8.0321
0.9145 0.6072
5.4621 -2.9541
-4.4803 -3.5768
-7.9084 2.0508
-4.1031 8.6960
-3.1810 4.6709
-7.9726 1.3207
0.6556 0.7215
-8.0176 1.6575
-3.8895 0.2391
-2.7972 2.1919
-2.9764 6.5339
0.6728 -4.3336
1.5522 2.0922
2.3081 0.5917
-4.1879 1.0404
8.7740 11.4601
-3.4392 -4.4030
1.3465 7.4957
7.8920 -8.0498
-1.9932 6.2879
-4.2385 1.5725
-5.7066 -3.9836
-8.0183 1.0207
-3.9851 -8.0044
-1.7117 -5.1272
0.9042 -3.7678
0.0525 -2.7866
-7.9738 1.0423
-4.6492 9.2294
-7.9235 -7.9208
-7.9413 2.5089
0.8940 -0.0485
-2.7712 -8.0714
4.8963 -7.9671
-2.9033 -2.1887
-4.7913 -7.9020
-5.6312 -5.1555
-7.9192 -8.0522
-4.5941 -7.9121
0.4722 1.4484
9.3215 -2.7397
1.0572 1.8638
-7.9510 0.0186
-5.2185 -5.2833
-4.8599 -2.0054
-4.1665 0.2297
-7.8535 0.4746
-3.7097 -4.6417
-2.4353 -7.9939
-7.9922 -7.9237
1.2885 -4.8147
-3.1228 -7.9966
0.6671 1.9151
0.6106 -5.5237
-3.9652 7.2425
9.0560 0.3531
-8.0285 -7.9473
0.6459 4.9630
-7.8707 -7.9747
-3.3851 -3.7896
-2.9211 0.6569
-4.5994 1.3902
0.7475 0.0812
6.2166 6.5322
0.5520 -2.4181
10.7898 -2.9360
-4.1177 -8.0293
9.5167 0.9696
-2.8330 -7.9398
-3.9862 1.2300
0.9101 0.6730
-3.4048 -4.2073
0.5808 -3.8684
-7.9805 -7.9358
-3.3230 -7.9832
1.4354 6.9886
2.3288 0.1787
8.8851 -7.9121
-3.0189 -3.7790
0.5523 -4.9853
-8.0516 5.4634
-8.0416 -8.0323
-4.2810 7.4597
1.3641 1.5910
-8.0456 7.3025
8.6795 14.6626
-3.2270 -3.4364
-8.0216 -7.9634
8.7686 -4.4204
3.7981 10.4960
-3.0597 9.1026
-3.8885 1.0142
9.1209 1.1777
3.0763 -4.8871
2.2039 2.3115
8.6521 -7.9548
0.5541 4.6978
-7.9677 1.7859
0.8728 1.7121
0.2008 -5.0995
8.0215 0.5354
9.1557 -3.1181
4.5491 -3.2044
5.4727 -4.2516
7.4429 3.6634
1.5181 0.9745
8.6209 -8.0397
-3.0928 -7.9904
9.4745 -3.4902
7.9431 -4.4533
0.3133 -7.9082
-7.9455 9.0035
7.6225 -2.5899
7.7573 -7.9375
-4.4259 0.6022
0.3992 -4.5511
0.3985 -2.1318
0.9370 1.9232
-4.8385 6.6244
-4.3518 6.7799
1.1143 -5.6068
0.8047 -3.2599
7.5407 5.8012
0.6145 -3.8192
0.9826 0.4119
1.3553 4.8020
-2.9161 -3.4218
-4.5090 -0.1374
-2.9622 -3.7400
8.9340 -7.9155
3.7913 2.7666
1.9142 -5.2960
0.8774 7.6514
0.8649 -7.9830
4.6678 -4.3633
0.9729 -7.9887
-7.9347 7.8915
-7.9761 1.1839
0.8327 0.7720
0.4030 0.7012
-7.9795 -7.9698
-3.0830 -3.7851
-4.4357 7.5371
-2.9025 0.8391
8.2055 -4.6723
-7.9955 1.1702
0.3161 -7.9365
-1.3663 12.8813
-7.9901 -0.3374
-8.1034 0.2712
-4.1850 -7.9740
-5.0823 -4.4262
1.4607 -4.7393
-7.9229 -7.9877
-7.9524 -4.8397
9.2632 -2.5209
-8.0308 0.6117
0.4412 2.9389
5.8307 0.9277
1.1025 -5.9044
3.7006 -2.8670
-8.0656 -4.5821
-5.1172 6.8305
-7.9989 1.1158
-3.0454 -8.1689
-4.4627 -7.9511
0.9932 -7.9672
-7.9221 9.7044
-4.7864 0.9936
8.0856 -8.0033
-7.9729 -7.9189
2.3807 0.9406
5.7976 7.3700
0.5758 -2.6102
0.1700 8.5617
0.9048 1.1556
4.2955 -7.9869
1.1944 -5.3627
0.1380 4.3998
-4.5711 1.8038
-3.6838 5.3056
1.4025 1.1064
7.3081 -5.6696
8.3987 7.6894
-3.4445 8.4058
-8.0141 0.9557
-3.1518 -3.0522
-4.1437 7.0423
8.7868 1.0344
-8.0367 0.4025
-3.7805 -5.3607
-8.1222 -7.9923
-7.9933 -3.3758
-0.9679 0.2499
-7.9054 -3.9698
-3.5593 -4.5252
0.3507 0.0680
0.5238 0.7928
-4.8443 -3.6639
-8.0522 0.9854
8.0427 -3.6858
-4.4310 1.3351
1.8558 0.0313
-7.9371 0.2089
9.0424 -3.4525
9.4407 -7.9638
1.4021 -3.7648
-4.5178 0.9698
6.9366 -8.0220
-3.1919 1.1412
9.0500 1.6237
-4.1321 12.3835
1.8822 0.8277
-8.0880 -4.9709
0.6432 -4.3234
-4.8087 0.6016
0.2089 -2.9071
3.3360 1.2683
-4.6310 -8.0951
-5.3230 -4.2762
1.2242 -2.8212
1.6902 -5.1255
1.5702 0.6336
-5.4716 8.3078
8.5065 -5.6327
-7.9869 -7.9550
-4.8842 -2.8051
-5.0668 -3.8879
12.8194 7.5246
8.1997 -4.7361
8.1188 0.6067
-7.9675 -7.9036
1.5215 -1.6017
-7.9596 8.7301
7.9573 -7.9461
-7.9720 0.5523
-4.0537 -3.9892
-8.0288 5.5741
-3.7841 9.4363
-7.9335 7.3246
1.3044 -7.9141
7.7938 -3.5985
-2.8600 -3.9888
11.1368 1.0443
-4.1410 0.8093
-5.6964 0.2065
7.6265 -3.2027
8.8116 -8.0012
1.3595 9.0928
0.3611 -0.9328
-7.9058 8.3741
1.3626 9.0641
-4.6656 1.7625
-7.9827 -7.9129
8.8059 9.4853
0.9463 2.1370
-4.4970 0.9132
-5.3383 1.6639
8.1440 -8.0261
0.5716 -4.3265
0.6695 9.5417
-4.4254 7.3304
9.0675 1.0393
1.6191 -7.9988
-4.5639 -3.7680
1.8291 -7.9718
-0.2494 -7.8763
1.0177 1.3236
-3.1381 -4.3478
7.6045 -3.2115
-7.9418 -4.0096
-7.9383 0.5330
4.9277 10.5510
-8.0792 -7.9755
-8.0503 -8.0137
-4.0841 1.3028
-5.4894 0.4177
8.8490 -7.9986
8.4210 -4.0184
8.7837 -6.3078
-5.1447 1.7383
0.3040 0.8397
-3.9746 0.4202
1.0004 3.6068
1.6837 1.5316
7.3830 -8.0056
0.9535 -3.9555
11.1272 1.2583
0.8100 4.6712
0.5288 -4.6638
-6.0318 0.5148
1.0670 -4.5824
-8.0122 7.9543
-5.3473 -2.9361
-5.0121 0.6912
7.8998 -3.6720
8.0657 -3.3660
0.5661 -8.0018
1.1816 -3.3736
7.8232 0.1697
-7.9853 -1.8882
-7.8883 -4.8424
1.4710 -3.2397
-8.0777 0.8887
-0.0486 0.1784
-7.9400 1.0282
-3.4571 9.3791
8.9838 -7.9816
-2.2488 8.1888
0.7846 -8.0600
0.0414 -4.6016
1.0953 -3.5331
-5.4281 -7.9406
-0.0671 1.0287
-3.1877 1.3122
-7.9640 -8.0075
7.7070 -8.0129
-4.0707 -3.1516
-8.0058 -7.9828
-8.0258 -2.9117
-3.4723 1.3999
1.0854 9.6275
6.6856 1.1327
2.5329 1.5852
-3.9570 2.0061
0.3278 -2.9636
8.6938 0.6371
7.9901 -4.7929
-4.0991 -4.5519
4.4768 0.4215
-8.0081 0.6055
-7.9835 7.7209
-3.6109 -4.1973
5.4965 0.7897
1.4715 -7.9825
9.3917 6.3378
8.8306 -2.6627
6.4063 -7.9549
-3.3782 10.3833
0.3065 8.1217
-8.0806 5.2142
-4.8515 -8.0542
1.3022 7.7220
-7.9915 1.0615
0.8515 -3.0735
-5.0253 10.0437
1.6074 8.9008
0.4680 -8.0016
6.2284 0.8079
0.5806 -3.3237
9.8196 -4.7936
1.2166 1.5527
-5.5258 -3.0936
-3.8272 -4.0111
-3.2766 1.6418
0.3627 -8.1040
-7.9462 -0.4721
9.4316 -4.5596
1.9638 -8.0072
6.3302 -7.9820
-4.2120 0.2611
0.8487 0.0136
0.7965 -3.2941
-3.5976 -2.8695
-3.1082 -8.0397
-7.9822 1.3208
-3.6721 -5.2745
7.4827 6.9656
-4.2481 -3.2839
0.9493 -8.0051
0.9800 1.1498
7.1249 5.7620
-4.8272 1.0058
1.3074 -4.5066
-8.0473 1.4011
-8.0578 0.8402
-3.6574 -7.9439
-7.9272 -3.6235
0.2304 -7.9533
-8.0388 0.9670
-7.9559 -8.0104
-7.9658 9.0480
-3.3943 0.7969
-1.4198 2.3105
-7.9777 0.9093
-3.9583 2.7204
-4.9529 -0.0949
-3.6056 3.4560
-8.0806 -7.9607
-7.9359 11.7793
-8.0871 3.4943
6.2344 -3.7729
-2.6133 -8.1214
1.1312 8.6405
-5.2955 -7.9859
1.6128 7.8784
-7.9658 1.5708
12.5326 0.6870
10.6280 1.3434
-4.3120 -4.1311
-3.9900 8.1993
-3.6998 7.8791
1.9147 7.9945
1.1608 1.6070
0.7273 7.1979
7.3406 -8.0076
0.8867 -4.7969
-7.9880 -7.9331
0.6139 -3.7062
7.3983 0.2230
-4.0414 -8.0178
-2.7625 4.2283
-7.9989 0.1556
0.7107 1.4487
0.4732 8.5387
-3.5324 -8.0268
-3.3852 -3.1231
-2.7918 4.6059
1.3930 5.7045
-4.3106 0.7850
1.0759 -2.3345
1.4044 -7.9244
-5.8114 1.6204
-3.9395 0.9034
11.4995 0.9472
3.3864 -3.0613
-3.6630 7.5101
0.2348 -8.0240
-8.0362 11.2975
-3.7534 -4.8509
-7.8791 0.1190
-4.3073 -4.5046
7.3511 0.8328
0.1984 -4.2307
-8.0169 -5.4625
9.0505 -8.0663
-4.0602 1.6110
-7.9849 -8.0108
-5.4072 -8.0025
-4.6138 -7.9492
7.9030 0.7536
0.7862 -1.1578
-7.9286 -3.7690
7.2658 4.5509
-3.9861 5.1677
1.8446 -4.1084
8.6466 -4.7796
-4.4432 1.2007
0.2567 -3.4084
-7.9233 1.3269
11.3510 -4.8961
-8.0301 9.3554
-4.0182 1.2927
-5.4234 -7.9195
-4.2109 0.9448
-7.9989 -3.6261
8.1180 8.4751
-4.6035 0.3028
7.5263 -7.9947
4.5216 -3.3921
2.0417 -4.8327
6.7892 0.4770
0.7795 1.3548
1.1795 0.8761
11.9496 10.3813
2.1799 -4.5003
7.4962 0.8411
-3.0372 8.0151
0.6493 0.5504
1.5650 7.3917
-3.6587 -4.3887
-8.0519 0.9315
0.9091 -3.9543
8.4872 -4.5643
-2.8576 0.7891
-4.0254 -7.9708
11.3047 0.9940
7.8873 1.2234
-8.0580 -3.6938
-4.0448 -8.0622
0.8865 0.9137
-7.9892 -2.5492
-5.7488 -7.9441
-7.9041 -6.1498
-4.2286 -2.2396
1.2439 -5.3870
1.8094 -7.9594
-4.7174 6.7571
-7.9533 -4.8198
1.1175 -7.9643
-3.0223 -4.5117
-7.9566 0.4385
0.9889 -7.9209
1.2708 8.0078
7.9026 -8.0218
6.5608 1.0466
-4.5512 9.8641
1.0325 0.9121
-3.9060 -8.0197
-7.9662 -7.9988
-3.4914 1.5127
10.9203 -4.1721
5.4370 1.5570
8.3956 -3.8116
-4.0398 8.4144
-8.1100 8.5566
-3.6793 -3.5038
-4.3646 0.5771
1.0482 -7.9645
7.0457 -8.0341
0.9205 0.2208
8.8025 -7.9966
-2.0642 8.5962
1.1403 0.3396
8.0665 5.0163
-8.0110 -0.4864
1.1866 -0.0307
-7.9238 -4.8062
1.4756 -4.3020
10.0827 -7.9872
9.9111 0.2697
1.1826 -8.0594
-8.0272 -2.9790
0.5368 1.5943
-4.2699 6.8359
1.0608 1.0504
-8.0190 -8.1175
-7.9871 5.6799
-2.8876 -3.7307
1.2148 -5.4452
-4.4493 -4.9121
-7.9709 8.6944
-4.0924 1.3227
-7.9180 1.6306
1.2234 -4.5660
13.4828 -8.0227
1.8288 -7.9621
0.4758 -7.9837
9.0439 -8.0450
-3.4584 -4.0124
0.9498 -4.8884
-4.0767 -7.9564
-7.9533 3.9954
7.6932 -5.4522
-7.9271 1.9061
1.2414 -3.7277
-7.9603 3.6034
8.9415 -7.9946
-8.0587 6.2049
0.8829 -5.8595
-8.1149 -8.0155
-0.8096 -8.1044
0.6483 8.9287
1.6649 8.0259
-4.0199 6.5301
0.9233 -7.9266
0.6819 9.1193
-4.5576 0.6938
5.7218 7.3316
-3.6600 -2.9144
-8.0763 8.2293
-3.2014 8.1466
-7.8761 -7.9922
1.3006 -5.0132
6.0774 -7.9559
13.2596 -8.0989
-7.8952 -7.9758
8.6131 1.6057
-8.0042 -3.8414
-8.0378 -5.4484
-5.2482 -7.9917
-7.9524 -4.6416
-4.0761 -7.9863
0.9328 10.6533
4.0008 -8.0659
-3.3019 1.2533
0.4416 0.7566
-7.9707 -2.3441
1.9555 -8.0427
6.2580 1.1715
-3.2581 -7.9494
1.3507 8.7124
8.6524 5.7130
2.4336 0.2110
8.2043 -7.9545
-3.7786 6.5244
7.3522 9.5828
2.8954 -3.3209
0.5196 -4.1263
-2.3937 -7.9758
0.0978 2.0501
-5.9286 -8.0246
6.3067 10.2922
0.5844 -0.4572
-3.4850 6.3106
-8.0133 8.5119
-3.6272 -7.9630
-3.6532 8.0707
0.7277 1.6201
-3.6188 -8.0151
-4.5675 -8.0121
-4.6750 -5.8123
-3.8229 0.7393
-3.7482 -3.4717
0.5177 -4.3936
1.0723 2.3551
0.9790 8.3380
1.4190 10.8873
4.3564 1.3541
-7.9906 -8.0026
7.8125 -8.0310
1.8697 -1.5848
-8.0167 0.1504
-2.3640 0.7717
-4.1449 10.5174
0.1419 8.3870
-4.5940 -8.1098
4.4469 -3.9244
8.8142 -2.5173
9.1415 -4.8578
-4.0077 0.1221
0.9591 -8.0057
2.1908 -8.0257
-3.7584 -2.6507
-8.0503 -7.9665
-8.0072 8.5035
1.5943 -4.4068
1.3890 -5.0246
1.7795 -3.7436
6.9806 -7.9727
-3.0456 3.7022
0.5004 -3.2966
-8.0199 -3.5627
-7.9015 -2.8722
1.4591 1.1626
1.1159 -7.9684
-4.1408 -0.0418
0.1530 7.2655
0.7816 -7.9262
8.4713 7.4499
3.8050 9.1818
-2.5487 1.7910
-4.8211 -4.9904
-3.8925 0.9697
-4.3984 -2.5424
-4.1413 -8.0329
-3.0946 -7.8717
-3.3672 -1.9327
-7.9646 -4.7466
-8.0965 -8.0998
1.0207 -5.3180
-2.6858 -3.9488
5.8776 -3.0315
-8.0586 -8.0109
-8.0158 1.0280
-8.0220 8.2816
1.3140 7.2505
8.3618 0.6513
8.1038 8.6574
0.9243 0.8332
-3.6877 0.5525
0.0167 0.3053
-7.9892 9.2465
-7.9692 7.2519
8.4927 8.1011
11.3924 -3.3205
1.2673 -3.8321
5.4591 1.7844
1.4404 -7.9384
10.8199 0.6911
-7.9866 0.7070
-7.9871 5.3271
-3.6503 -5.5848
1.3858 -2.5767
8.0623 1.7295
-8.0111 -3.9935
5.7595 -4.5506
9.7076 0.3883
-8.0268 4.1431
-4.2326 -7.9035
5.2631 1.4180
1.1527 1.6529
-8.0072 -4.7706
0.4719 6.5094
-2.8594 9.1805
-3.3229 -7.9594
-1.5675 7.3909
1.7271 -4.3426
-4.9246 -8.0548
-8.0295 0.9799
-3.4727 -2.3123
4.3721 1.5554
-1.8303 -4.5301
1.6030 0.6285
-3.3606 6.6947
4.5474 9.3533
0.8280 7.4060
-3.9881 -2.6845
-7.9480 8.3635
7.8615 -5.3578
7.4292 -1.9199
-7.9055 8.9886
8.3962 -5.0894
0.5328 -4.0659
7.2443 7.4444
1.7559 1.1839
6.2719 3.1652
0.3430 -7.9300
-7.9521 -3.6363
-2.7057 0.1484
-3.3041 5.2585
-4.1868 1.1952
-3.6129 5.4104
-3.5140 -7.9483
2.0451 -3.3148
0.3224 0.5431
-7.9621 1.1179
2.1932 -2.2417
-7.9909 -4.0563
-3.3701 0.7250
3.4773 0.9979
-7.9454 -2.5334
-8.0562 2.2354
-3.4639 -3.6854
4.0910 -0.0057
8.4518 0.1816
0.7864 1.0172
-7.9366 6.9300
1.0990 -4.1462
-5.2930 -5.4647
8.5420 1.5828
-3.0881 -4.7740
0.6448 -7.9389
-0.2586 -5.0826
-4.5846 1.3834
10.8326 1.1891
0.8263 -7.9857
8.1937 1.7149
-2.4519 -7.8918
-3.2913 -4.7935
-0.7505 -4.2041
-7.9780 -7.9616
1.7788 5.9954
-5.7387 -5.2847
-8.0186 0.4012
1.0193 1.8265
8.4055 8.9401
-0.2934 1.1082
1.7774 -2.8502
-8.0517 0.6288
1.6934 -2.3785
7.6895 -3.6486
-2.6787 -5.1750
-2.7434 0.2649
-4.4620 -3.9443
0.8148 -2.5027
-0.0593 8.1212
-8.0345 0.6282
1.4845 2.3273
-5.1677 -7.9630
-4.7674 -7.9547
-3.3971 1.7103
-6.8043 4.2311
2.3320 -8.0550
0.8058 -3.7725
-5.4054 8.3697
1.2088 -8.0292
1.9605 -5.5945
1.0757 -8.0338
-3.5311 8.3382
8.1455 -5.6569
1.1279 1.4317
1.0699 -4.8878
0.2494 0.1345
2.0722 -4.0282
0.9734 0.7753
-8.0697 5.5527
-7.9120 0.0483
-5.6431 -5.7866
-4.0145 -7.9374
-5.1412 9.0949
3.1005 8.8313
9.5946 -4.9893
-3.8906 -5.2027
4.1005 -4.1346
7.5421 9.2374
-3.6795 0.8980
8.4510 0.8149
11.2553 1.0675
-8.0787 -3.1605
0.9786 9.0307
10.2321 -7.9601
1.6910 1.0650
0.7479 -7.9868
1.2515 -8.0522
-3.8405 -4.0249
-2.9211 1.3260
-5.0713 -4.0761
-7.9140 -7.9548
0.4910 -3.2061
1.1082 8.4963
-3.0176 0.4132
6.4579 6.4464
-3.6970 -4.5566
7.0096 -4.1801
-7.9248 -8.0103
0.9143 -7.9570
0.6788 -6.5735
-5.3351 -4.1617
7.8750 8.3609
8.4304 -4.5171
0.0912 -1.2936
10.7626 4.9168
1.2925 -3.8795
1.3733 7.0631
8.8412 -7.9531
0.0645 0.9236
-8.0634 -7.9253
1.2107 -7.9030
-4.2295 0.0620
1.6001 -3.9818
1.8765 1.0892
-4.6051 -8.0164
7.2742 -2.6783
1.7522 -4.7184
0.7160 -7.9533
-8.0181 13.0227
0.7585 8.6453
-3.6670 8.2334
-4.4520 -5.6585
0.1666 0.9021
6.1321 0.9587
-8.0576 -3.7312
0.8227 1.2053
-7.9883 7.8702
-1.7338 0.8678
0.4073 8.7758
8.0641 -3.8025
0.9998 0.7185
-4.7360 -4.3555
9.7967 -4.3279
-7.9606 -4.6232
0.0195 0.5549
1.8312 -3.9982
-0.4616 -8.0034
-8.0436 1.6025
8.6539 0.4092
6.5196 -1.6163
2.4918 -7.9544
-3.6714 -7.8966
-8.0174 -3.2412
1.5414 -2.6345
-7.9642 -8.0876
0.9831 9.3549
-4.0134 1.2164
-3.9305 5.2246
-4.3325 6.4333
1.5841 -8.0133
1.2894 -8.1295
8.1331 1.2012
-3.4945 -0.2999
1.1462 -4.2917
-7.9811 -3.7765
2.1817 -2.1410
7.9822 -3.9216
-8.0072 11.5569
0.9196 1.8343
-4.7940 11.6691
-8.0531 0.9081
8.4777 -4.5894
3.7497 8.6294
-3.3081 -2.6176
1.3143 -0.0200
-2.9655 -8.0396
7.7975 -4.2765
0.8382 -8.0173
7.5248 -3.2398
-3.8827 7.7236
8.8775 -8.0430
8.2291 -3.3870
-3.8646 -5.8151
-8.0674 0.5369
3.5412 6.6451
0.8130 1.6958
-0.0257 -5.0609
-0.1020 9.9417
-7.9688 0.4316
1.1724 -4.2689
0.3428 -7.8970
-5.6366 0.1905
4.3265 -7.9433
-3.3094 4.2730
-7.9616 -4.5780
-3.0764 0.1171
8.0322 -2.2701
-0.0530 6.1485
-4.7729 -3.8208
-4.1628 -4.7595
1.4858 -4.3079
-7.9755 0.6716
1.1272 -7.9487
-7.9288 -4.2211
-7.9688 -1.7588
8.9342 -8.0337
-3.0017 -7.9856
-4.8878 7.9606
0.2780 -3.0495
-4.7351 7.7280
-8.0401 3.3719
-6.3126 9.4184
1.8065 -8.0046
-8.0119 -7.9511
-5.1178 -0.0118
1.3008 -7.9994
2.6988 1.6067
-7.9930 -3.9482
0.7140 2.5579
-2.2598 1.1227
-3.3803 -3.7145
1.0877 8.6173
0.5054 -8.0150
8.4273 0.7449
-3.5110 -4.4221
-8.0540 2.0089
-5.1303 0.7942
9.2413 -3.5298
5.3431 1.0090
1.0509 -6.1825
9.7665 9.6839
-8.0264 -7.9307
8.7758 -8.0477
5.0225 1.2987
7.7990 -4.7598
-3.4038 7.3484
-3.2588 0.8447
-4.1292 -8.0376
4.4540 -4.4997
-3.3626 -8.0297
6.6138 -4.4677
7.8968 -8.0838
0.1723 0.4207
-4.0866 1.3775
-4.1131 0.8119
3.3582 -7.9773
-0.3535 0.4810
0.5173 -2.5107
8.7965 -5.4415
0.6186 0.9604
-1.2143 1.7103
-7.9571 0.8972
-8.0147 -8.0283
-7.9710 11.7251
0.0007 0.7220
-8.0499 1.3449
-6.2618 1.3604
6.7368 -7.9034
-4.2063 -7.9052
-3.0152 -4.1082
-4.0006 -8.1003
1.6655 -8.0642
1.2544 -4.8244
1.1677 -5.0985
9.2155 -3.7999
1.0087 1.4301
1.1120 0.5185
-7.9871 2.4223
-8.0313 -5.5966
-8.0382 -7.9464
-3.3747 -3.2642
-4.7011 -4.7594
-4.9594 -4.3835
-8.0386 -5.4287
-2.5444 -4.8869
-4.5858 -2.9276
1.1813 -5.3996
0.3653 -0.3121
-3.1245 0.6379
-5.1141 -3.6981
-8.0028 -3.8559
-3.1862 0.9718
4.6230 7.8644
1.6309 -7.9425
-3.7567 9.1165
-8.0185 7.6026
-4.9829 -7.9404
0.7926 -8.0076
2.1316 3.1944
0.7599 -7.9413
7.6971 -7.9825
0.6112 0.2990
-1.8920 -7.9627
-8.0625 -3.6757
-3.1182 -6.2095
-4.7180 -2.9274
-8.0576 0.4217
4.7430 7.5723
7.4569 -3.8460
3.0453 8.6322
2.2281 -3.5748
6.9177 8.8756
0.7014 12.1805
-4.5932 9.3955
1.1538 -4.4790
-2.8618 9.2917
-4.3701 -8.0127
1.8678 -7.9792
-5.6094 -8.0274
0.6932 0.7626
9.3468 8.1804
0.0038 1.1767
-4.2244 -3.7645
-8.0296 1.3280
7.0460 -4.2980
6.7224 0.1279
-8.0106 -7.9234
-4.9185 -3.4054
-7.9604 -2.3627
11.7289 9.1678
2.9343 8.3958
0.6175 -7.9846
-4.3069 3.3855
0.8689 -3.1340
-5.1490 9.1233
10.6418 0.3339
-7.9705 -4.6735
-5.4994 7.9598
1.2870 -8.0509
0.2056 8.8559
0.5239 8.9363
-7.9815 -7.9270
9.3327 7.8089
7.9627 -3.4616
-5.2225 -4.6705
-2.8183 -5.7081
8.7443 0.7839
-5.5465 -3.7633
13.0616 -4.8923
-5.1007 -0.1942
3.7946 0.7337
-4.1334 -8.0631
-5.8105 0.6970
5.8739 -5.5070
-4.9988 10.6065
1.1185 -7.9449
0.5727 -4.7456
-2.5412 0.2873
7.9888 0.8560
-4.1805 -4.0443
11.3063 -7.9889
0.4525 -7.9893
-7.9276 1.9736
1.2701 1.5431
-7.9474 1.3130
6.7503 -0.6831
-3.0421 -4.9047
7.8925 7.0268
1.0549 7.9645
1.1363 -4.0737
0.8716 9.1080
-0.2402 9.3261
-4.5910 0.1485
-3.9641 -3.3427
1.4862 -3.6431
7.5897 0.8396
8.7204 -4.3717
0.7935 1.3186
0.5444 -4.6614
-7.9903 -7.9810
-4.1409 1.3884
-7.9898 -8.0149
-4.0891 7.5350
-5.4157 -2.6471
-2.7901 -5.4833
-7.9912 -8.0513
-7.9490 9.8187
10.4881 8.5054
-8.0372 0.0923
-8.0029 -7.9626
5.8629 -3.8803
0.0906 -4.0742
9.8522 5.8230
-3.1244 -4.9558
7.6803 -8.0009
-6.6530 8.1390
-5.4606 -3.8861
10.4431 8.3362
-0.0961 0.7181
8.5166 1.5349
1.8757 -1.7686
5.0193 -7.9336
-7.9791 9.0890
-7.9597 -3.7686
11.4223 -3.4245
8.5849 1.0451
-7.9791 -3.6900
-3.7705 0.9571
0.8410 -8.1252
-2.4729 -7.9085
-7.9631 1.4255
-4.1057 -3.4650
9.1340 1.8111
1.3676 7.3896
8.1686 -5.8520
0.6953 1.6602
-8.0128 12.5189
-4.4564 -4.4367
1.6677 1.4078
-8.0719 1.2293
1.4974 -7.9460
6.0375 5.6779
1.0219 13.7891
-7.9824 0.4676
7.8571 0.9304
-8.0214 -7.9911
-4.4485 -8.0081
-3.7813 -8.0163
0.6388 7.1090
1.2151 8.8132
7.5077 8.4541
-4.3393 8.5406
7.4575 10.1660
-4.1279 8.5291
8.6928 0.1682
-7.9847 -7.9492
6.1356 -8.0690
2.6496 7.8206
7.2642 -4.1213
1.2097 -7.9987
-6.4603 -4.3055
8.0417 -3.0063
0.1781 -4.7654
-2.7953 -4.3036
0.5306 0.2882
7.4620 12.4134
-5.0682 8.1040
7.8939 0.9452
9.5239 0.2523
-8.0054 0.8092
-4.0111 -7.9002
-4.6675 0.9079
1.3811 8.0424
-4.9147 -4.7052
7.7338 4.9714
-7.9908 0.7097
-0.0015 3.4484
0.6688 -4.0727
9.3396 2.5433
7.4343 -7.9243
6.4186 -2.8930
-8.0140 0.9528
0.6265 -7.9851
0.5057 -2.9933
2.0492 -3.5026
8.3238 9.1267
0.7593 -5.5695
-7.9878 -4.6782
6.5575 -3.4645
-8.0283 -7.9246
-5.2727 -8.0090
-7.9609 -3.9356
2.5833 1.1957
-3.3702 -4.7586
-8.0436 10.4009
-3.0456 -3.7490
-4.2571 -5.4996
9.1267 0.5151
0.8605 5.6777
6.3658 -8.0077
11.2046 -8.0507
-5.9699 -0.0330
-4.1112 0.8803
-2.5106 7.7903
1.6245 0.5242
-3.9941 8.8636
-7.9952 0.3925
-8.0325 -5.4462
-3.8570 -3.5454
-2.8850 -8.0516
-7.9682 1.2726
-3.6677 -2.4211
6.2605 1.5664
0.6100 -7.9574
-7.9395 -4.0656
4.7931 8.3904
1.4475 8.4525
-8.0660 -7.9044
-0.0689 -2.1323
-3.1008 5.7248
-3.8072 1.2500
-7.9669 1.5441
2.4360 -8.0116
9.0127 8.9942
-0.0221 1.2868
0.3277 0.6736
-7.9759 -3.2324
-3.9340 6.7590
0.5680 1.8905
0.7329 2.7713
-2.6282 4.8407
0.3422 1.8404
0.6439 -5.4251
-4.0504 0.5990
-4.8415 1.1477
0.3590 3.2152
-8.0371 5.1838
0.9806 -4.0931
6.6185 1.5296
0.6092 7.0508
2.2884 -6.1695
3.4347 -3.7788
7.4660 -7.9975
1.2857 -7.9359
-2.2510 -3.4119
-4.5388 -2.2955
-5.6000 -8.0327
1.7203 -8.0534
1.6709 -0.1830
-4.5751 1.5721
-3.8463 1.0750
1.1086 -8.0464
1.7034 -7.9458
8.0671 -4.6033
0.1748 -4.0873
-3.4018 0.9321
-5.7633 -2.9656
-3.2730 2.3892
1.7979 7.8669
9.1402 7.0138
0.4739 1.5993
0.1551 0.7823
4.3064 1.1362
3.9688 2.9992
1.0907 0.6367
-2.0610 -5.2643
-4.8045 6.7160
0.5206 -8.0338
0.1747 -7.9991
-7.9388 -3.6004
0.8336 0.8051
-4.6930 -3.7415
0.8008 -7.8574
1.8924 -7.9384
0.6376 -8.0016
-7.9071 9.4062
0.7875 8.2669
-0.4379 1.3513
5.8028 0.2633
-4.0554 0.7963
10.4045 0.7674
-8.0419 8.5393
-0.2231 -4.4015
-8.0222 -7.9273
-3.7061 1.1292
-8.0241 1.5744
-3.1379 -3.9821
-3.6236 -7.9244
5.8779 -4.4606
1.4348 3.6095
-7.9932 -3.9338
4.7299 -5.0877
8.0408 1.6406
0.0823 -2.8923
4.7568 -4.0992
7.2416 -3.6058
1.4180 -4.2638
7.6520 6.1978
0.2648 0.2539
-5.6793 -4.7694
-8.0235 6.2847
4.3119 1.9551
1.3891 -7.9910
1.3522 -3.1822
-7.4985 -7.9493
-5.3896 -5.3059
-3.7183 -4.0134
-8.0443 5.6287
-3.2900 -4.1970
4.5366 0.8152
-7.9709 -4.9500
1.4656 -2.4535
-7.9752 0.3972
2.4316 -8.0522
0.2574 -7.9317
0.4522 9.2691
-6.0496 -7.9710
-7.8990 -7.9578
8.1717 1.0259
-2.3774 -8.0480
8.4353 1.6264
-4.8953 7.6650
-7.9627 -4.4320
0.8724 -4.2540
1.5269 -2.6632
6.0328 1.1188
9.5316 -7.9933
-8.0128 7.2295
-8.0580 -2.9578
-3.1298 -3.1707
7.3725 -3.5530
1.2549 -8.0018
-1.9719 -8.0054
-7.9331 -8.0490
0.4319 -4.0640
-5.0620 -3.5089
1.9559 -4.4013
0.7119 1.8770
0.4812 7.2127
-7.9961 4.6360
1.0214 -3.1745
-7.9723 8.1347
-3.9153 -7.9904
-8.0283 -7.9668
0.7601 6.2891
5.8156 0.5777
-7.9777 -4.5449
0.6331 -3.4797
1.0596 11.1250
-3.9691 -7.9811
0.3438 -7.9088
6.2667 1.2331
6.5763 6.2675
-2.5381 -5.2304
-4.7830 1.5034
-3.4418 0.0747
-5.8520 -6.1203
-7.9995 -3.5654
6.8092 0.8341
0.2922 7.9338
7.8553 0.4559
-3.5503 14.8596
4.2402 0.0734
-0.1972 -5.1464
-7.9662 -2.5064
-7.9547 0.6543
-8.0350 -2.2855
-8.0364 8.6721
-4.9856 0.0064
8.3916 -5.1449
-3.2802 -3.2051
11.0791 0.4030
0.8374 7.8563
-4.5132 0.5993
1.3762 -8.0334
-3.3211 8.4521
-5.8954 9.2415
-3.5196 -7.9257
8.6187 -4.4101
-7.9642 8.5435
1.2929 -7.9267
8.0218 8.8427
-4.1403 -7.9987
0.7746 1.5101
-0.2124 0.6259
0.3551 -4.8573
1.6485 -3.9842
0.1849 -8.0190
9.1248 -3.1219
-8.0172 0.6792
-5.7011 1.7561
0.5018 3.5192
0.4158 -0.4001
-8.0183 0.7279
-8.0375 -8.0622
0.1681 3.9975
1.7463 -4.0058
-7.9718 1.2308
1.3370 -7.9548
-5.5405 8.8053
-2.8724 0.7483
-3.3484 -7.9689
-8.0156 -3.6892
1.4236 -4.7376
1.2133 -4.3313
7.3580 -2.6963
-7.9530 10.6107
-3.1027 -4.7770
0.1236 -4.9170
8.8004 6.7959
-8.0440 14.0926
-4.7136 -3.1236
1.7423 1.6618
-4.3554 9.9916
2.3157 10.6366
11.5992 6.4074
-7.9342 -8.0881
0.7029 3.1715
-3.3429 -4.8436
-3.1948 0.5107
9.0081 8.2738
-3.5634 0.7770
-4.3450 -5.7633
-3.2507 -3.3461
-3.2606 -7.9583
5.0850 0.4506
-8.0228 0.8185
-8.0184 -3.6580
-8.0338 -7.9809
9.3136 1.2189
1.1824 -7.9891
-1.8569 0.3703
-8.0136 0.6495
0.9680 -5.0137
-5.2200 -3.5566
6.5519 0.7251
1.8842 0.3826
2.1905 -5.5414
11.3734 -8.0674
-3.6042 -3.2426
-5.9611 -8.0376
1.2044 -3.7800
-7.9553 1.8569
-4.1975 -4.2820
-7.9838 7.3367
7.8255 7.8445
-3.1010 11.9071
6.7979 -3.9415
-7.9497 8.1511
-3.0931 -3.7956
8.1159 -7.9336
-5.0145 6.0677
7.9648 8.2229
-8.0395 2.5178
-7.9599 -8.0664
9.0849 -7.9866
1.3463 -1.3595
9.0532 5.1060
-5.1426 0.8056
-4.2662 -7.9351
0.4679 0.4067
0.9397 0.7287
1.6247 0.6133
7.6222 8.3827
8.5387 -0.1461
-7.9906 5.7628
-4.5894 8.8135
-3.1742 -4.0278
-3.8361 9.0477
0.5310 -2.8539
0.0664 0.2165
6.8684 7.6784
9.9490 1.0443
-5.0008 -3.0650
1.4748 -7.9587
-3.9827 1.6079
-8.0779 -5.2699
-4.4233 -7.9591
-8.0232 -8.0214
-7.9574 2.0662
4.4009 6.3681
-5.0603 0.6347
0.6283 0.7890
0.5123 0.3158
-3.9256 -4.1013
0.9804 -3.7796
8.5136 1.0694
1.3004 4.6106
8.1849 -2.6905
-8.0283 -5.3113
7.9985 -5.2254
7.5703 -4.7476
-7.9662 5.6200
-8.0096 1.0702
4.2306 6.2639
-3.1825 1.0956
1.0939 8.4009
0.7152 0.8988
-8.0507 -3.8710
9.8805 10.1758
1.3347 7.8053
-4.1187 -3.6568
8.4505 -7.9292
8.6006 -8.0195
0.8334 -8.0121
0.1268 -4.6751
-8.0377 -8.0339
-6.4148 8.3374
9.9590 -0.3782
-7.9435 -2.5079
-7.9712 0.8129
-2.3016 9.0502
-3.6626 7.5342
6.8720 -3.9378
1.0411 -3.5186
-3.8009 9.9154
-7.9970 5.8328
-6.5374 4.2481
-6.4156 -2.8211
-5.4441 -7.9349
1.3457 -3.7307
-7.9897 1.0661
-6.2756 -4.8550
0.4871 -2.4080
0.7285 -0.0063
-8.0289 1.4375
0.8655 7.9022
-7.9988 8.9928
7.4503 -4.4219
8.9836 0.7505
-4.0950 11.9162
-3.8477 -3.1292
8.6050 -0.5093
-8.0431 -8.0387
-7.9283 1.3179
1.3054 -8.0147
0.2232 -4.6287
0.6504 -4.1509
-7.9878 1.2982
-2.3873 -4.3187
7.7441 11.4659
-7.9789 1.2780
-8.0060 -3.7273
-3.0527 -3.3277
8.8556 -3.6353
7.8480 8.7971
-7.9704 6.8487
-7.9935 8.1653
4.9842 0.8098
-7.9664 1.8247
-2.9484 -3.0744
-3.1541 -3.5267
1.0444 -6.1426
0.7028 0.6840
-0.0263 -4.0592
-0.0389 5.7441
4.0473 -4.8069
1.7378 -3.4935
-7.9685 -7.9826
-4.9584 0.4990
-5.2335 8.9123
6.0599 0.9772
8.4123 -5.0154
7.1501 7.5742
-4.4904 0.6709
-3.9458 0.5510
4.7878 9.6019
-8.0536 1.8497
-4.6458 9.5396
8.5575 -0.2695
-7.9695 7.9920
-7.9791 -7.9762
-5.6620 1.1283
6.4201 0.8325
1.5637 6.0939
-3.0308 -4.6585
-3.2596 0.6285
10.5636 -7.8915
0.4695 0.3547
-7.9952 -4.4563
-4.7152 0.9604
-4.0238 0.7969
1.5420 7.5857
4.2971 -2.0998
-3.4310 -7.9678
-7.9450 1.8819
-4.7774 -4.3684
4.8248 1.5024
8.9824 1.5790
-8.0115 -0.4543
6.7087 -4.2808
0.3489 10.7096
8.4707 7.5800
-5.3739 -4.3404
-8.0543 -3.8944
-3.9038 4.6185
0.2806 0.4116
-3.9775 -2.3114
6.9937 -3.2395
-5.6437 7.7215
-3.0727 0.5342
-2.9564 6.2320
9.3793 -7.9771
-3.9421 1.2203
0.8782 7.2312
0.6617 -7.8891
0.8774 -3.4572
-3.6231 -8.0264
-7.9199 1.0984
-3.9130 13.1964
0.5951 -5.3193
8.2122 -8.0596
-3.5560 1.5418
-3.9848 -3.3108
8.6275 -7.9881
1.1633 -3.8385
-4.4537 0.5291
-7.9871 5.5345
-7.9737 9.5939
0.4623 -5.6304
10.9451 -7.9950
-5.2762 8.6889
-7.9015 3.6963
1.8889 -4.5879
-4.5954 -6.0085
3.9210 10.2774
-8.0174 1.0881
-4.5928 1.7809
1.0306 1.6853
1.2000 1.0766
1.3487 8.5466
7.6379 1.7470
0.8849 -8.0567
-4.2697 2.9546
-3.5036 -7.9558
8.1864 -1.9437
-4.1688 -8.0261
-2.7892 0.4591
-3.1265 1.1691
-7.9348 -7.9538
-8.0072 -7.9587
8.2494 7.3946
-3.8674 -7.9921
8.5481 8.0486
7.4052 -5.5583
3.2197 -6.2460
0.4652 0.5045
-4.6866 -3.8238
-3.9621 -3.6727
-4.4224 -2.9362
1.0820 -3.2275
-4.0042 -8.0292
0.1236 2.2541
-8.0134 -8.0161
-3.6210 7.9555
-0.0736 7.2832
-0.0913 0.9606
-2.9048 8.5224
1.4418 -7.9729
-2.6795 1.1665
-7.9709 -3.0033
6.5176 -0.0400
-7.9788 -2.5964
1.4530 -4.0676
-7.9853 7.5799
1.5888 -3.5265
-4.7552 9.7369
-2.5894 0.0233
0.0757 -7.9620
-7.9498 1.5128
-3.9513 -2.9993
-7.9823 0.2959
-3.3815 -7.9655
-5.2585 -4.4623
-3.5734 8.0313
-7.9351 1.3998
-7.9986 3.7580
3.2198 -4.0003
2.5750 1.3125
-7.9529 10.6108
-7.9412 -0.1580
-7.9632 -3.7856
-8.0632 9.0821
-8.0090 -4.0590
0.1250 11.0425
-4.9567 -7.9496
-5.8481 -8.0287
-7.9695 -7.9877
-5.1105 1.5705
7.4616 -7.9855
-3.7652 -3.6465
-3.8698 8.0532
0.2117 0.8310
-7.9220 1.3141
-3.8250 -7.9454
-7.9231 -2.9436
6.7659 -8.1077
-3.7320 6.9549
5.5035 -7.9438
-5.0631 8.3592
8.4102 1.5924
0.8032 -7.9497
-2.7281 8.4268
-8.0457 3.4393
3.7708 0.3884
-3.1977 -2.9231
-3.8390 0.7868
1.8691 8.5848
0.6934 -7.9952
1.0683 0.8151
0.8066 0.7479
-7.9132 2.2838
-2.9932 1.0669
0.8329 -4.2169
4.1797 -5.1088
-5.1472 -7.9410
8.7047 -5.1565
-3.3655 -5.3695
-0.3688 -8.0459
0.6157 0.7185
-7.9379 8.2960
-2.5841 -4.8560
-1.4971 9.4301
0.6167 2.4696
-4.0973 -7.9806
1.9447 -7.9920
-7.9522 -2.7512
0.7199 1.6181
-2.4285 -2.9716
4.0943 7.7293
-5.1526 -2.1209
7.2948 -2.7876
-7.9530 -5.1621
0.6774 2.3464
1.4738 -8.0782
-3.2572 -3.0272
-7.9436 -4.5422
0.6208 0.7837
-7.9264 -3.8393
8.8484 -3.4057
-7.9115 8.0247
8.7015 8.2642
2.9576 0.9692
0.1615 -3.8633
-7.9695 8.1747
-4.4813 -3.8533
-3.3489 4.6873
8.0290 1.4482
-7.9238 -3.2409
3.2420 -8.0590
6.9975 -7.9781
1.5357 0.3162
0.3362 0.8312
8.2091 0.2374
-2.8333 -7.9955
-4.0094 0.1632
-5.5441 -0.7360
-7.9202 8.0569
0.7531 0.4337
-2.7338 2.8382
6.8536 -3.4786
-4.0839 4.7364
2.8769 -5.8759
1.8967 0.1161
0.2057 -3.3607
-2.1077 -5.0682
0.3273 -0.9108
-3.9689 -4.0742
1.1219 1.2786
5.4401 -7.8994
0.6620 4.1259
5.9944 -7.9511
4.0823 1.2886
-8.0207 0.9869
4.3884 7.8086
-3.6244 3.5570
-4.4150 -5.4801
-7.9883 -7.9282
7.8291 -3.8280
8.5678 -3.2820
-7.9951 0.9079
8.9840 -3.1648
10.7626 -8.0175
-3.2444 0.2972
6.8454 8.1239
-4.9032 -2.5465
-3.1689 4.2031
2.3165 -8.0049
9.9135 -7.9513
1.0245 -7.9741
-3.2318 -7.9699
7.8080 1.4564
1.0375 1.0768
0.6346 0.5932
-4.3660 -7.9703
-0.0955 -5.0900
-8.0414 7.8996
1.5141 1.2060
1.5595 0.6610
-7.9244 -4.4529
-8.0590 8.8038
-8.0155 -3.1047
-7.9871 -3.6248
0.6204 8.2088
-7.9862 -3.8779
8.3851 -0.0105
-8.0465 -3.8991
-2.3475 8.4600
1.1103 -3.9812
-7.9656 -7.8691
1.7722 -4.3340
-0.1313 7.1965
-7.9949 1.3664
5.1549 0.9029
-7.9419 0.9268
-5.2231 9.0522
1.0509 -5.0139
-7.9539 1.6905
-2.3562 -8.0225
1.3010 -7.9691
9.3368 7.6701
-4.9807 0.0376
3.6785 -8.0048
-7.9688 8.7510
-3.7867 0.9848
-7.9381 1.2871
6.7118 1.0622
-8.0689 -4.7184
-5.4073 0.6492
1.2553 9.7393
9.9253 10.4636
1.0235 -4.9218
8.3566 -0.1529
1.8129 -5.6480
-7.9301 -7.9781
-7.9593 1.8751
10.5272 0.7321
-3.6585 7.9624
-8.0211 -4.3341
-3.8770 -2.9953
-0.4394 1.8538
-8.0603 -2.6750
-3.9870 -7.9478
6.5920 1.4909
-7.9537 -4.8324
1.8169 -7.9837
-8.0801 -7.9843
-7.9711 -3.3007
-0.0803 1.0065
-8.0304 -8.0490
2.1118 -4.3880
1.5817 1.6767
-2.2899 0.8916
-4.6862 0.7901
-4.3735 11.3025
2.1231 1.4585
0.4960 9.7381
7.6277 9.1149
-8.0247 1.5093
-4.9930 0.5151
-4.1812 1.7555
8.7500 2.0492
-4.5455 1.8151
-4.1332 -7.9219
-7.9791 1.4124
8.5837 4.8512
5.7919 -7.9349
-7.9825 9.2134
-7.9788 8.7278
-2.9201 0.9650
-7.9138 8.6866
-8.0175 0.8832
-3.7943 1.7806
1.0055 1.9416
-7.9682 1.5685
-8.0300 -7.9982
-6.3931 -7.9573
6.5626 1.4963
1.7216 4.2457
-4.1003 -3.4385
-3.6075 0.6409
6.2850 -8.0250
-4.5379 8.2998
-7.9699 -5.4360
-7.9924 7.1166
9.1826 -8.0233
-4.1260 -8.0014
7.8797 -3.9964
-8.0984 -7.9512
0.4779 7.1827
8.3540 -7.9668
-7.9784 -2.8566
-1.3245 12.1132
0.9731 1.6404
-7.9069 1.7273
12.2364 4.7484
-8.0250 -4.3782
-3.5207 1.4973
9.4741 -1.2969
-8.0194 -5.3030
-3.1123 -7.9576
-7.9103 -5.7271
-2.6402 -2.9338
1.8238 -7.9440
0.3310 0.6983
-7.9672 -4.1957
7.9438 1.8743
-2.6559 0.0863
2.1041 1.0480
-7.9277 -7.9786
-4.3182 11.3288
-8.0107 -4.4275
-3.9476 -2.9233
0.8904 -0.2628
-8.0002 8.8591
-4.0593 -4.3880
1.0076 -3.6619
1.0631 -4.5724
-8.0422 -7.9996
-3.9310 0.9782
-7.9816 -4.7824
8.0557 1.1056
-4.1369 9.1637
9.1412 -8.0251
-4.7301 7.8528
3.0060 6.4917
-7.8344 8.0522
1.5764 -4.5139
-5.1082 10.0384
0.7715 8.9549
-2.7287 -5.3792
-0.0238 0.2604
-3.6950 -8.0364
0.9068 0.4477
1.5482 -3.8037
-7.9284 -5.7312
8.9535 -3.0821
1.3125 -3.3701
-3.9265 5.5497
-4.3180 -8.0834
-7.9315 8.0373
-0.0034 5.2002
1.5224 -7.9388
7.1586 -7.8406
0.5455 -3.4497
1.5386 8.0990
1.5257 -2.4868
9.2208 1.2993
-5.1056 1.1842
-8.0274 0.9184
-4.4844 2.2545
-8.0161 -3.8491
9.1631 1.6146
1.5719 -3.9665
-4.0090 7.9835
1.2428 -3.9728
-5.4436 -7.8710
0.5325 0.5832
-4.7981 -3.2543
-4.4877 -8.0560
8.8008 0.9734
1.5654 3.8106
1.3659 1.0545
1.2370 -5.9105
6.4375 -4.9323
-7.9877 -7.9164
0.7707 -5.6200
0.2296 -4.4193
-7.9666 -3.4135
2.3410 5.0209
-8.0361 -3.5610
10.3662 9.5271
-7.9937 1.3770
-8.0302 -7.9406
0.2509 8.7396
-3.9757 -4.4142
-2.8919 0.1637
-7.9145 -4.7426
8.2338 2.8628
3.9107 1.6790
-4.5521 -3.9454
10.2949 -5.4920
9.2842 -2.7797
-0.2234 1.2743
7.5397 12.0615
9.4134 1.3519
-7.9355 0.5093
3.8707 -3.9564
-4.4097 -3.1139
0.9475 1.4512
-8.0676 -8.0277
-4.4407 -2.2214
-7.9454 -3.5520
-3.0616 7.4667
-4.3192 -5.5708
-6.3824 -8.0006
1.2634 -0.4420
-7.9491 -3.7024
-5.8943 -8.0682
-4.2249 -3.0030
9.5848 -5.6777
-3.6730 1.9960
5.7652 -4.0007
1.4678 8.2444
8.5970 0.5776
1.5909 -4.2479
0.1432 6.7871
2.0277 -3.1579
-4.2901 7.8563
0.9420 -7.9785
-8.0800 9.0349
0.0024 3.5796
-4.5444 -3.7318
-3.1828 -8.0385
-3.2583 -3.0111
1.3881 1.2054
-4.1833 -0.2224
7.6828 -3.7191
-3.6804 -3.2797
8.4209 -5.2503
0.6619 6.0572
-7.9780 0.5216
-3.7103 11.4379
-5.0396 -4.2073
-3.2919 1.0713
10.4635 8.8477
-8.0349 1.2279
-7.9957 1.2551
6.3389 -7.9423
-8.0162 0.6819
0.4500 -8.0135
-7.9966 -7.9517
7.8626 1.8028
5.8131 0.5418
-1.4951 -7.9912
-7.9066 -3.0621
-4.7441 -5.0532
6.1490 0.4980
-8.0068 -8.0865
-1.8547 -8.0020
1.5356 -3.2985
0.9056 7.7358
5.8892 2.1426
8.3932 -3.8902
8.8346 -7.9947
-4.2774 7.7522
1.0390 -3.4760
1.2965 -4.4821
0.0954 1.5123
-7.9320 4.9533
1.9873 -8.0035
5.6981 1.0009
-8.0147 1.2728
-4.0783 4.5379
-2.8400 7.2869
-4.8390 6.5204
-7.9449 5.9990
-8.0083 -3.5058
-7.9371 8.6246
0.7576 -0.0283
-4.6335 -7.9732
0.5068 -7.9301
-6.0246 8.3430
-4.4544 8.0321
-7.9857 1.0891
-4.3650 -8.0188
8.3378 -3.8473
-4.9967 -2.7235
0.5025 1.4036
7.2056 -8.0798
5.3320 1.2088
1.5539 -3.1645
9.3545 7.0163
-7.9792 -2.9903
0.4418 8.0513
-4.0497 -3.1113
-4.1495 -0.2383
-7.8937 4.9375
-3.8805 6.5721
8.5185 -7.9618
0.1472 -7.9887
1.4936 -3.9666
8.1388 0.0124
-4.2281 -2.8784
11.1275 0.7901
1.7360 0.9623
-3.6422 0.5693
-7.9926 8.0527
1.5851 -7.9962
-0.5174 -3.1743
-3.4560 -5.0405
0.5582 10.5876
7.9021 -2.7493
0.8671 1.0798
-5.5954 -7.9610
-2.8484 -3.8083
-3.4121 -4.0192
-4.9701 1.1446
0.5350 -4.6747
1.1157 -4.1449
-5.6305 -8.0266
2.1258 0.8059
9.5373 -7.9176
-4.1147 1.4294
-7.9378 -2.8678
-2.4962 0.6574
-8.0309 -4.7351
-4.1128 1.1790
1.1226 0.9931
-8.0024 0.2800
1.4131 -2.7725
11.6498 11.4984
-5.0561 7.6663
1.6549 -7.9941
0.0124 0.1734
-2.8506 0.9917
-1.5526 5.2927
-6.1408 1.2504
-7.9641 0.4629
8.8983 8.4051
0.3863 1.5789
-4.2157 0.4678
0.9672 5.0657
0.2066 -7.9002
-7.9531 0.5168
-8.0122 -5.3467
-0.1359 -8.0510
7.4109 3.0082
-7.9697 -4.3091
0.6895 -0.2748
-4.1125 7.3332
-3.4996 0.7582
8.7804 10.7471
8.9636 -3.7007
0.9601 1.1565
0.3134 2.1229
-8.0707 -3.0386
1.3439 7.1883
0.3841 -7.9926
-7.9269 0.8409
-8.0479 6.9780
-3.9878 -0.1404
-8.0329 5.5196
8.1053 6.0186
-8.0493 4.2128
-4.7628 -4.2453
-4.2109 -4.8995
4.0611 0.3329
-7.9901 0.5319
-4.4592 -3.0316
1.1486 -7.9338
-8.1029 5.0227
-3.9209 -4.1047
-3.5924 0.6577
-4.7275 0.8209
0.4234 14.0354
-2.8702 8.4687
9.4871 8.3290
0.8544 7.0050
0.5310 -4.0501
8.1953 -7.9723
1.0741 -7.9842
9.5789 -8.0365
-8.0343 -4.4724
-7.9636 -8.0026
2.5100 -4.5593
-4.1998 8.3882
1.4343 1.2319
0.5601 -7.9265
6.4794 2.0301
-8.0125 -2.7071
8.9049 -7.9605
-2.8891 -4.1632
7.8954 -3.6885
-4.9433 -4.6818
-4.3356 -4.7028
7.5845 -3.0389
1.6732 -3.4425
0.7562 -4.2047
-4.1920 -3.9818
0.8166 -7.9928
-5.1203 -3.3647
-4.2829 1.3131
-7.9623 -3.7534
-8.0373 0.0488
-3.5914 1.2121
8.8334 -5.1949
8.0175 8.2738
-5.1499 -7.9792
7.4260 -7.9682
1.3764 -8.0452
0.4121 7.2187
-5.3942 1.4452
-5.0373 6.3893
-4.2523 -5.5583
0.7294 1.2807
-8.0879 -8.1083
1.3939 -3.1238
-7.9919 8.2009
-4.0875 8.2787
-7.9507 1.8835
0.1941 -8.0296
1.2038 -5.6897
-6.0280 1.5735
-8.0645 -3.4632
0.4587 -7.9608
1.2548 -3.8812
-5.5510 8.6991
-7.8988 -3.4021
-8.0353 8.7061
-7.9927 -3.6366
7.8170 6.8478
-3.6180 0.5126
2.6932 -2.8552
7.6834 8.1341
1.2207 0.4730
-4.9101 -3.8645
9.2345 12.3251
0.5259 1.7229
9.4903 -5.2343
-4.8672 -3.3554
-5.0803 -7.9869
-3.8179 0.8812
1.4538 8.2262
0.9396 -8.0136
0.7370 -3.8885
0.8492 1.3429
-4.3388 8.2507
9.8963 0.0246
-7.8985 -4.6615
1.0785 -4.4190
5.5025 3.2816
8.4032 2.1002
-4.8790 -4.3290
0.4900 -3.9227
0.5288 0.3993
-3.9638 -6.4573
0.3467 -3.4748
5.0829 -4.7343
0.5676 -7.9518
-2.5701 -4.2542
0.1915 4.2095
8.6298 0.9547
-5.7580 1.6043
6.6205 4.2809
1.4703 -8.0107
-8.0057 1.4769
2.2633 -3.1484
1.5855 1.5353
-4.5697 -7.8881
-7.9765 7.7789
-3.6802 7.3558
0.7824 1.3483
-3.3770 4.7834
-8.0365 7.9435
-8.0650 8.0706
-7.9146 2.1582
1.1483 -4.1524
-4.3691 1.6512
-5.0565 0.8221
0.5241 2.2523
-3.1185 -8.0014
0.1203 1.1855
-7.9820 6.7093
-5.9040 10.2060
-4.4674 -0.3175
7.4274 -7.9200
1.7852 -7.9875
-7.9595 -7.9151
-7.9699 1.3431
0.1053 -8.0210
-7.9728 1.1504
2.5178 -3.4525
-4.5730 1.2955
-7.9259 -8.0533
9.8377 -8.0148
-8.0710 -6.0860
0.8822 8.6688
8.0732 -8.0146
-3.5370 -8.0281
-3.3830 -7.9148
0.9567 0.8897
1.3465 3.8371
-8.0103 0.5772
-7.9770 10.5716
-4.0007 1.9399
1.6176 -8.0157
7.9037 -8.0956
4.5003 7.0408
-2.3973 3.5801
5.4981 9.5669
0.3659 -3.3584
9.3801 3.9511
-4.5212 -8.0131
7.3849 7.8966
-8.0040 0.9745
-8.0324 8.0155
5.9181 -8.0000
-5.8752 -8.0195
9.2878 -3.9227
1.0512 6.2985
0.1304 -7.9255
-3.9397 0.2681
8.8784 -7.9698
-8.0288 8.5397
7.8887 2.3095
-2.9170 -2.4131
-7.9970 -3.7846
9.5388 1.5007
-3.9605 -4.7791
-7.9580 0.7055
-5.0935 -2.6956
-5.6160 -8.0656
4.9795 -8.0515
6.4135 -2.9432
-8.0832 -7.9945
-2.7184 -4.5546
-3.9225 -4.5452
-5.4280 -7.9791
15.3342 -8.0547
0.2760 -7.9381
10.6668 -3.2242
0.6256 5.9585
1.8346 0.3547
1.5405 0.6941
1.7081 6.8048
6.7781 -7.8435
8.4217 0.0166
-2.5246 -7.9529
-7.9724 -7.9272
-3.6877 -4.0644
-2.5013 -4.2709
1.0045 0.7141
-4.3042 0.2975
-8.0473 0.6449
-5.0482 -6.1937
-4.9225 -7.9680
8.7421 8.6908
0.6716 -4.7531
4.5015 1.3375
-7.9890 6.1369
-7.9199 -4.7805
-8.0045 8.1970
-4.1823 -3.6558
-7.9445 2.2394
0.4985 -4.8049
-4.6272 6.2583
-7.9737 1.5798
-4.5132 -3.6395
7.9649 -8.0272
-7.9486 8.4219
1.1782 5.3717
8.0015 -7.8911
-3.8410 -7.8911
1.4694 -7.9652
-4.3895 -4.9098
1.0405 -7.9779
-3.7691 8.7834
7.8925 1.2013
-3.4876 -4.4350
11.4415 -0.3772
-0.0521 -5.0423
8.6966 3.5034
-7.9812 -3.2305
-8.0376 1.4368
6.3859 -4.9401
9.4553 -5.6980
-8.0336 -7.9165
-2.0802 5.6375
1.0536 7.1958
6.0967 4.8863
-1.7842 0.7529
4.4559 -7.9379
0.4456 0.9453
-8.0127 -2.5884
-4.9510 7.8264
-8.0433 -3.5940
-4.0986 -2.2054
0.5392 12.6163
1.0806 -3.7792
3.7607 0.8305
-4.5848 -4.0125
7.0747 -3.8486
7.6986 0.1735
-7.8897 8.5411
0.2984 -8.0070
-2.7090 -7.9403
-7.9760 -4.6102
9.7695 -6.1536
0.9638 -4.1870
-7.9849 -0.4538
0.9923 -3.9381
-8.0131 11.2569
11.1841 8.9500
-7.9410 -8.0513
-8.0041 -0.5836
-4.9557 -2.9280
10.0738 -5.4393
-7.9696 -4.0449
7.9815 -3.9777
-2.2245 1.5496
-7.9532 -8.1014
-7.8997 -3.6996
0.9800 -7.9990
-4.7145 -4.1495
1.1594 1.9141
0.3769 8.5177
6.1504 1.4612
-7.9565 -4.2276
-2.4817 -3.6756
4.4504 -3.0478
7.3988 -3.3950
7.5259 -6.0335
1.6448 -3.9575
0.3854 -2.8534
-2.7405 -4.4958
-8.0080 0.2357
-2.9510 -8.0188
-1.8501 0.5695
-1.9516 0.1034
1.2109 -7.9651
8.1889 1.3352
0.5977 9.2077
1.7572 10.7842
-3.9938 -7.9262
8.5445 8.2649
0.0033 1.1288
-4.2102 3.2653
0.8297 8.5833
2.0277 8.9581
0.6157 -3.4428
4.5685 8.3974
8.1209 7.6701
-8.0527 7.5681
0.5926 0.8770
1.2409 -8.0217
-4.8894 -7.9290
-4.2087 -8.0524
7.4507 0.5060
1.8400 0.4553
0.4461 0.9031
1.2210 1.6529
-3.9638 -2.9939
-3.1661 -0.2530
10.5482 -0.0241
1.0016 -7.9589
0.6362 -7.9681
6.0415 -8.0207
-4.5493 3.2391
9.3130 8.0501
-5.6483 8.0891
-4.9294 0.6295
-3.6604 -7.9852
-8.0201 8.5154
-8.0825 -8.0024
-4.0394 7.2206
8.1949 -3.9098
-7.9392 -3.6923
0.5152 8.8281
-8.0162 9.5439
-0.1550 -7.9260
-4.7743 4.4133
-8.0015 -7.9706
-7.9143 -3.5583
8.5974 1.4940
-8.0279 -8.0065
0.6516 0.3589
-3.3236 -4.5387
1.4420 -2.1583
10.1256 -8.0042
0.2411 -3.7116
1.1376 8.5990
-3.6352 -3.9145
0.8858 10.1818
9.1918 2.1528
-4.7084 -3.1527
-3.3262 0.3583
0.6389 1.5667
9.6113 -2.6726
-8.0230 -4.0678
0.5047 7.9455
-5.3732 -5.1468
-7.9998 0.1528
1.3646 8.7911
1.4676 5.5634
-7.9261 -4.7559
7.9606 -8.0208
-7.9648 -7.9474
8.3066 7.6741
8.5516 -5.2011
0.4740 -3.8043
1.2406 5.1028
-7.9005 0.0609
1.0003 -5.4959
0.8822 0.9276
-3.7347 8.4972
0.9706 -8.0317
1.6942 -3.6823
-7.9592 -5.0253
2.2653 -6.3055
-8.0124 1.5934
-3.7048 -2.9972
-7.9719 -3.7580
11.8873 -8.0490
4.9189 -7.9073
-4.9138 1.3422
7.9323 -8.0279
8.5407 -3.6824
-3.9765 8.4532
8.0776 -2.8762
1.6006 -8.0808
-3.6287 -4.6033
-0.1936 -7.9702
9.2140 1.2881
-8.0315 8.5072
-4.8425 1.2801
0.3056 -7.9796
-7.8458 1.3382
-3.6871 -8.1068
0.3107 7.6326
-3.6633 0.9203
-8.0138 -3.8677
8.1698 -7.9191
0.2850 -4.9092
-3.9114 1.1635
1.8481 6.9469
-3.9566 -8.0197
-2.7193 -4.3139
8.8701 -8.1022
3.1967 -3.3655
-1.8476 -5.4340
-3.2592 7.8856
1.1973 1.1107
-4.7646 -7.9961
-3.9130 8.3165
-4.9186 7.6163
0.0071 -8.0384
-3.3466 -8.0203
0.7762 -3.7268
1.3926 0.8384
0.8547 -4.6342
-8.0252 6.4496
-2.2815 0.5439
-7.9337 8.9419
-5.5512 -8.0053
-2.9533 1.4761
-5.1080 -4.9670
11.4416 -2.6469
7.7052 1.1656
-4.0388 0.3903
-4.0824 1.5205
-7.8602 6.3869
8.8675 -7.8899
-7.9819 0.9893
0.2674 8.3889
7.6235 -5.5086
1.5259 1.1649
1.6960 -7.9792
-2.4609 1.0959
0.6222 0.1860
1.1536 7.8699
0.5062 4.8117
-4.7443 -3.7455
-4.8579 1.5079
7.8941 6.4111
-4.5202 8.0646
-4.2340 0.8417
0.0723 0.5411
-4.7807 1.3775
1.2013 -4.9268
-4.7546 9.0681
-7.9650 0.7475
5.2684 -5.3597
-3.0333 1.4263
-0.1541 0.7768
1.8024 -7.9426
-3.8007 8.8053
-0.4479 -7.9673
8.0570 -2.3527
-3.0559 1.4386
-4.5881 7.7590
-3.1420 2.8497
8.0731 -2.9118
-4.3748 1.9395
-0.4326 0.8906
-2.9358 1.1337
-0.3918 0.7641
7.4234 -2.8545
-3.1516 -4.0178
-3.9473 -3.3388
1.7457 0.2822
9.0221 1.1059
0.4628 0.9156
7.4185 -0.2005
-8.0598 -7.9919
1.2059 6.8742
-5.1777 -2.6887
1.3561 -7.9340
-8.0198 8.0891
-3.9249 2.8357
0.6543 -7.9951
0.0407 -3.1223
-3.1637 8.9958
-0.0258 -4.0157
-7.9675 0.7699
0.8125 9.6092
7.5665 8.8033
-7.8785 1.2586
-3.3690 -8.0155
0.7935 5.1261
1.4455 4.9258
8.7738 11.6646
-4.1846 -8.0646
1.3198 -7.9884
-3.1474 -7.9689
-7.9678 7.9255
-4.6342 1.6734
1.1624 0.4283
8.9594 -6.6902
0.6645 -4.6883
10.7723 1.1934
1.9778 -8.0204
-7.9545 8.6109
-8.0164 1.6861
-5.5288 7.5202
-4.7940 -7.9929
1.5353 -8.0516
-8.0232 0.6574
-2.8128 1.8533
-4.5848 8.1049
-8.0642 2.5591
-2.7999 -7.9335
-8.0911 -3.8107
7.8276 -8.0334
7.1002 -4.3974
-4.8282 2.1264
-5.5331 -2.7691
0.7094 1.4160
10.7579 -8.0268
-8.0255 1.0041
1.0250 9.6426
1.9962 -7.9604
-3.3317 -8.0854
1.6655 7.3086
0.1085 4.4300
1.4499 -3.2123
-5.0636 7.6032
