5
-4.0933 -6.6495
3.4392 -7.1679
8.8596 -8.7047
14.4629 -4.0998
-4.0418 -4.1174
-4.1156 -7.1430
-7.6416 -7.0692
-4.1531 -7.8011
-8.6090 11.0588
-6.3089 13.0435
-7.9621 12.8620
-4.2329 -9.1026
-7.4300 -3.7875
7.1219 -6.6993
-4.1854 5.4950
-4.2467 -8.6958
-4.0726 -4.3105
-7.0991 10.2264
-4.1528 -8.1961
-3.9621 -4.3259
-3.8835 8.9668
-7.7314 6.7078
-6.8355 -3.9742
-7.1627 -7.2332
-7.7900 -4.4469
-6.7880 -4.2886
9.3386 -6.0937
-7.6418 -7.3724
-8.2400 -4.3671
-4.1979 -4.2601
-7.6305 -6.6944
-4.2435 -6.6952
8.8899 -4.2093
-4.2748 -4.1856
-4.2761 -6.6508
-8.8912 7.9547
-7.4376 14.4694
-8.7086 -7.5786
-7.9546 11.1788
12.8593 -4.2017
-4.1134 -8.9685
9.8039 -4.4370
9.5005 -4.1476
-8.3592 -4.1254
-4.2526 -4.1853
7.1750 11.0995
-7.1161 -7.4674
-7.4180 -8.0233
-4.3211 -7.9026
-4.1050 -9.2078
-4.1880 -5.2553
-8.0813 -7.2991
11.8577 -4.4450
-7.4189 -4.1367
-7.7431 13.1620
-4.1957 -4.2655
-4.2506 -6.7064
-5.6791 -4.0553
-4.1267 5.5245
12.7449 10.4561
-9.0095 -4.0931
9.2880 -4.2412
-4.3106 6.6511
11.0020 -6.9804
-6.8548 -8.0606
-7.6553 -5.9379
-4.1611 -4.1887
-7.4535 5.2142
-4.1488 -4.0067
10.9396 11.0691
-7.7083 -7.5371
-9.0579 -9.4495
-7.5024 -6.4760
-4.2326 -7.7197
-7.5081 -8.1270
-4.2843 -4.2182
-4.4113 11.0572
-4.0620 12.6105
-6.9848 -4.1039
-6.6965 -7.7325
-4.4204 2.3140
10.2494 -4.0939
-4.4593 7.5719
-4.2493 -6.7099
-4.0200 7.5129
-4.0744 -6.6339
-4.3430 -8.8085
8.9419 -4.2486
-4.4401 -4.2066
-6.7737 8.8871
9.5314 5.2102
7.9040 -4.1001
-4.2417 -4.2908
-4.4262 2.0560
-7.1839 -4.2463
-8.0298 -4.0001
-8.3370 -7.8784
-4.3077 -4.3126
-7.7719 -3.9193
9.7027 -8.1185
-6.8070 -8.0297
-4.2153 -4.0102
-9.1851 -7.3421
13.0662 -3.9928
-8.0330 -7.3293
-6.7399 -4.2383
-9.3429 -3.9727
-7.0927 -7.6178
-6.6246 -7.6716
-6.7034 -4.3023
-4.2939 12.8335
11.4526 8.0655
-3.8944 -4.1758
10.3278 -4.3071
-4.3541 -8.9419
-3.9736 -6.9783
-4.3353 -7.1703
-4.2054 -4.2845
-8.6597 -4.1183
-4.1467 -7.6794
-3.8549 -7.7308
-4.1926 4.2306
-4.0516 -7.3754
-4.1762 -7.3656
-4.1485 -7.3329
-7.6544 -4.3052
-6.4333 -4.0733
-3.9659 5.9511
8.8742 -4.2792
-4.0030 -6.8925
-7.6229 -7.5043
-6.7332 -6.6692
-7.3794 -4.2983
9.0881 -7.8848
-7.2304 -4.0714
-4.2730 -7.2938
-4.2411 -9.0120
9.5558 -8.6404
-7.2392 12.4035
-8.3919 9.5437
12.7692 12.6336
-7.0285 -7.1629
-4.0389 14.1006
-7.1723 -7.4393
-4.0401 -4.1596
-4.1779 -4.1204
12.6175 -3.8759
-3.9285 -4.0731
-7.6475 -4.3606
-8.2737 -4.3134
-8.9439 11.1276
-9.3502 -7.0795
-7.6658 -6.8231
-4.2344 -6.9905
8.0550 -4.0710
-7.0460 -4.0968
-4.1734 7.6210
-5.7014 -7.0584
-4.0533 -9.1160
9.7681 -4.1313
-4.3407 13.7132
-4.1746 -4.0209
-4.2849 -7.1719
-4.1507 -4.4047
-6.7082 13.7934
5.6988 -7.1722
-4.2351 -8.2034
-4.1854 -7.4897
-6.7011 -7.5808
11.1210 -4.0162
-4.4064 -8.7128
-4.1797 -7.1830
-4.2667 -10.8761
-4.0965 -8.1382
-7.0934 -4.2457
9.5297 7.5032
-4.2748 -4.0671
-3.8204 -4.0886
10.7249 9.7527
9.7889 8.0434
-7.7343 -7.1644
-4.3595 -4.1207
-4.2079 -4.2131
-6.5030 -6.2313
-4.0580 -6.9505
-6.9202 9.3689
-4.4227 -4.1605
-4.0305 -7.3292
-7.7346 -7.5165
3.3515 -4.1086
-4.0136 -4.4243
-4.0702 14.5655
-4.1552 -4.1859
-8.7472 -7.0950
-3.9001 -4.1065
-4.0195 -9.1879
-4.1992 -4.2044
15.0347 -7.9698
-9.5623 5.9288
5.0053 -3.9672
8.1990 -4.1306
-4.0090 -4.1734
-7.3325 -4.1232
-4.1521 -8.4331
-4.3942 -4.0964
-4.0950 -6.8280
-4.3302 -4.3020
10.6776 -4.3192
8.9703 -7.1511
-7.4259 -7.4925
-7.5021 7.6687
-4.1962 -4.1454
-8.7833 -9.0425
-4.1610 8.7139
-4.0198 -4.1589
-4.1700 -6.5415
-8.0725 10.8280
-7.0282 -4.1102
-4.1801 -4.0253
-4.2147 -4.1262
-4.3143 -4.3684
-4.2991 -3.9529
-7.3749 -8.4630
-8.1238 -4.0672
10.3340 -8.5373
-7.6822 7.9257
-4.2697 -6.7519
-4.1731 -7.2207
-7.0125 14.1769
-4.0595 -7.8126
-4.3058 -3.9746
9.2355 -7.5010
-7.8071 10.3720
9.5629 10.0058
-4.1582 9.8133
-3.8384 -8.6709
-4.7986 -9.7440
-4.1342 -4.2737
-4.0592 -7.0651
-4.2373 -6.3062
-8.1015 -3.8938
-7.4101 8.1336
-4.1479 8.5360
-7.2781 -8.7202
-4.1484 -6.3801
7.2380 -4.1423
10.5364 6.0267
-6.3986 9.6007
-4.0536 7.9130
7.7264 -4.0282
7.1407 -4.1089
-6.9956 -7.2048
-7.2473 -4.3771
-7.2592 -7.1135
11.5312 10.0973
-7.4967 -4.0973
-4.2624 -4.0351
-9.2556 11.4458
-4.1243 5.2006
-4.0183 -7.6756
-8.3802 10.7901
-8.0107 11.4620
8.4275 -6.4899
-10.5528 -4.3670
-7.5244 -4.0852
7.4909 -4.1393
-6.7564 -4.2703
9.8127 -3.9759
-4.2630 -7.6499
11.6173 -8.3691
-3.9975 9.0476
-3.9637 -8.2295
-6.9761 -4.2998
-6.8444 -4.3337
-4.3257 4.5617
-9.8969 -4.0289
-4.2163 7.5591
-3.8118 -4.2352
-7.5631 7.5254
-4.3473 -4.5024
-4.0439 8.8105
-8.0580 -3.8228
-7.0878 -6.1978
-4.0994 -8.1019
-7.1664 -4.1756
-4.1536 -4.2746
-3.9284 -7.6823
-4.0496 -4.0690
7.1933 4.1296
6.8134 -7.0660
9.8213 -3.9984
-7.0551 9.8320
13.3614 -4.3405
-8.2780 10.2857
-4.4931 -6.4510
-7.3465 -7.5309
-9.2922 -7.4228
-7.5049 -4.0761
-6.8916 -8.0100
10.3739 -8.8341
-4.2236 -4.2090
-7.8668 -4.3894
-7.6886 4.8500
-3.9915 -7.0533
-4.3861 -7.9389
-9.0874 12.1925
-4.2141 -7.4884
-7.6854 -8.1045
-4.2168 -8.4511
-4.2250 -7.4389
-8.6775 10.6068
-9.0193 8.8555
-8.4800 -4.4320
-4.7368 -7.5921
-9.0277 -3.9794
-4.0760 11.7094
-4.2371 -7.5476
-4.2457 -5.8482
-4.3270 -7.7639
-8.3524 5.5739
-6.5482 11.2430
-4.1448 -4.3025
-6.2609 7.7192
-4.4113 -4.1013
7.5918 -7.9335
-6.8901 -7.4016
9.0996 -7.6844
11.5247 -7.6913
-4.0252 -4.0795
-4.2043 -7.1274
12.0896 -9.1809
-4.1887 -4.1670
9.4193 -4.3052
8.3119 -4.2671
-4.1436 8.6035
-8.9004 8.8059
-4.2724 -4.0825
-8.1584 -4.3180
-3.9206 -6.9855
-4.2105 -7.0522
-6.8789 -6.6195
-4.1750 14.3497
-4.2083 -4.2955
4.5197 -7.6179
-4.4755 -7.2667
6.2665 12.5084
-7.6323 6.9661
-7.7877 -7.6210
-7.4618 -8.1790
-4.1214 -9.7480
-4.2014 -4.2006
-3.9552 -5.0244
-7.1358 -4.0465
11.8225 -4.0995
-4.1408 6.8233
-7.7601 -4.2349
-4.0754 -9.1350
-6.4545 7.3966
-8.5204 -7.1031
-4.3794 -4.1828
13.0706 -7.5303
-7.1750 -4.0632
-6.8419 -9.9178
-4.1183 -7.2002
-8.0657 -4.3468
-7.8909 7.5353
-4.0544 -8.8664
-4.1603 -4.2301
-4.1117 11.8214
7.4995 -7.3567
-4.3705 -4.2774
-4.1224 -7.8024
14.9455 -3.9559
-4.4471 8.1397
4.8885 -7.2045
-7.5284 -4.2611
-3.9332 -4.2032
-4.3534 15.0288
-7.5306 10.4119
9.9186 -7.0556
8.7826 -6.2162
-4.3018 -4.1306
-3.8460 -7.6930
9.3597 -9.3603
-8.6603 -4.1972
-4.2759 -4.0556
-4.4627 -9.1740
7.5628 -4.3622
6.1534 -4.1462
-4.1063 -6.2313
3.3067 -7.0339
-4.2970 11.2399
-8.3671 -4.2877
-4.0895 -4.1543
11.4105 -10.2946
-8.2925 9.6187
-4.0723 7.9553
-6.3089 -4.2554
-8.2513 -3.9714
-7.6248 -7.9193
-3.8936 -9.2744
-4.2679 -4.0407
-4.3989 -7.6579
-4.4340 -6.4270
-6.4265 8.9627
5.1679 -5.7629
8.6003 -4.0369
-4.0929 12.2411
-4.1734 -7.4431
10.8421 -4.1120
10.3299 -5.7636
-4.1566 11.6310
11.6568 -4.0899
-4.0660 -9.7858
12.0742 -4.0843
-4.0553 -3.9253
-4.3623 -8.3525
-8.1266 -4.3562
-7.0106 7.8258
7.7884 -4.0244
-4.3719 7.1845
-4.0305 14.7633
-3.9956 -4.2565
-4.2186 13.2760
-7.6157 -3.7601
-3.9324 -9.6631
-7.6571 -4.1196
10.3632 -7.3283
-7.6814 -9.6274
-4.1248 -4.2181
-10.7353 -7.2574
-7.9168 11.6913
-7.0925 -4.0980
-4.2456 7.4064
-7.3544 -7.0415
-4.0196 9.1746
9.2474 -9.1975
-4.1203 -6.8841
10.9315 -4.0789
-3.9766 8.7389
-4.0757 -4.0412
6.0028 -6.8542
-7.1939 -8.1140
-7.6550 -6.7808
-7.1299 -8.4579
-8.1385 -9.3832
-4.2540 -4.2752
-6.4955 -6.7024
-4.4154 -4.2602
-7.2517 11.4236
-4.4517 -4.1729
-4.2062 -5.8338
13.4936 -6.6555
-4.2249 -4.0734
-4.0812 11.0520
6.2900 -10.9402
-3.8616 -7.4012
-4.3851 -4.2092
11.5092 -7.9773
-7.8731 -10.2441
-4.2812 -9.4859
7.8361 -4.0450
-4.0816 -9.2797
-6.8316 10.7394
-7.3280 -4.1593
-6.6654 6.6340
-7.6956 10.0421
-4.1099 -8.6291
-4.4608 9.7672
-8.6488 -4.2191
14.9729 -7.2960
11.2688 -7.0853
-7.1591 -7.0312
-4.4271 -7.1167
7.2978 -4.0928
-4.0486 -4.1527
-4.1734 -4.1274
-6.3019 -7.8383
-6.5191 8.8164
-7.0219 10.6779
-7.1075 -4.4807
-6.0741 -6.6908
7.8515 9.1756
-3.9256 -4.3242
-6.6046 -4.0613
9.1972 7.7685
-4.1144 5.4241
-7.8165 -7.1916
-8.8905 -7.1788
-4.1889 -6.5245
9.0985 7.1775
-4.3470 -7.6188
8.1576 8.0646
-3.8959 -7.2282
-8.7947 -5.0266
-7.7898 -7.9679
-4.0621 13.5106
-4.3441 -6.1451
-4.0185 10.7431
-4.0984 -7.1568
6.7994 -7.1386
-6.4740 -7.1813
-4.0678 -4.0237
7.7653 -4.2693
-3.9771 -7.1346
-4.1259 -4.1791
-7.8486 9.2222
-7.5021 -4.3869
-4.1055 -7.0854
11.3462 -6.8795
-4.2095 -5.0790
-4.3595 -4.2187
-9.0541 9.4480
9.9413 -4.4369
3.6980 -4.3164
-8.0849 6.8778
-6.4375 -6.6722
-4.4663 9.1904
9.3120 13.6974
-7.6556 -4.2288
-7.0319 9.4815
2.6360 7.1580
-7.4182 -4.1374
11.0999 3.0511
8.8080 -4.0034
-6.9634 -8.9082
-7.2807 -6.8413
-7.0263 9.5044
9.8116 -8.3760
-4.4960 -4.2922
-6.7707 -3.9163
-4.1716 -4.4215
-7.4554 -4.1380
-9.0649 -7.6254
-7.5764 9.3884
12.8956 -9.4515
-4.3257 -4.5152
-4.1445 -4.2766
-4.2015 -7.4062
-7.1603 -8.2391
-7.7661 -7.2733
-4.4670 -4.2454
-7.4710 -4.1469
-8.2397 -4.3561
5.7611 -4.3520
-4.0677 -4.2205
13.5931 -4.2435
-6.7743 -4.4187
-9.2862 -6.9948
-4.1840 13.4316
-4.1554 6.8748
-3.8228 -9.1850
-7.7046 -7.8045
-4.3511 -3.8763
-4.3572 -4.0426
-7.0496 -4.2407
-7.1031 -6.7027
-4.0733 -7.9200
8.9270 -5.3472
6.2151 -6.9319
-3.9828 -4.1890
-5.8496 9.8878
-9.5659 -7.1039
-7.4164 -8.0049
-7.5954 -4.0082
-4.1435 -4.3450
10.0419 9.8358
7.8261 -4.1061
-3.9565 -4.4869
-7.7946 -7.6371
-4.2769 -4.4352
-8.1579 -7.7416
-4.2593 7.8907
-4.3682 10.0752
8.4058 -4.1702
-7.3348 -4.1454
8.3148 -7.6579
4.2359 -6.6955
-7.2952 -8.7138
-4.3710 -9.1006
-3.9942 -4.0472
-4.1991 -10.3958
5.2468 9.8245
9.4897 6.2462
12.9706 -8.0904
7.8684 9.4634
-6.0145 -7.0682
-4.3510 10.8237
-6.7118 -8.3377
10.2348 -4.3015
7.7450 -4.0169
12.3786 -9.2564
-4.3516 -8.5229
-8.9945 -4.3994
-9.3048 4.4350
-4.1343 -4.1115
-7.2537 -7.1734
-4.0007 8.0067
-5.1863 -6.3084
-4.2814 -3.9679
5.6386 -8.0077
-8.2057 -8.1484
-7.9777 -8.1041
-6.9487 -6.2841
-4.1924 -8.0967
-4.3018 -4.2024
12.1194 7.3817
-4.2584 -8.5614
-10.1583 10.4368
-6.8079 -8.4370
-4.1576 -4.1939
-7.6771 -7.3037
-6.9438 -6.0174
7.8824 -7.3457
-6.3278 -4.1953
8.1925 -4.0860
-3.9785 -4.2750
-3.9849 -7.4333
-4.1526 -4.2372
-7.6834 -6.6150
-9.1034 10.4461
-7.0143 -4.3370
-4.3117 12.1332
-9.2657 -4.2154
-4.5539 -4.1142
14.0636 -4.1422
-7.5088 6.7382
-4.1831 -4.0545
-7.7272 -4.2291
-4.1412 -4.1715
-4.1043 5.1463
-6.6399 6.8430
-10.4016 9.0721
-4.3664 -8.5681
-9.0359 -3.9070
-3.9389 -4.0510
-4.1808 -6.1683
11.0690 11.0317
-4.1001 -4.1304
-7.6379 -4.1525
-4.3494 -4.3136
-7.9477 -4.1506
-3.9467 10.6951
5.2652 -9.1476
-3.9539 -3.7436
4.5347 -7.4935
-6.9227 -4.1557
12.8857 11.3647
12.9810 -4.1546
10.3246 -6.1006
-7.4669 -5.6086
8.4804 -4.1422
-4.4299 14.9073
5.0984 -6.9255
12.5299 -7.8568
-4.2017 11.9320
-7.3367 8.3586
-6.1250 -4.0133
-7.0551 -4.2464
-4.0753 -7.4439
-4.0907 -4.1136
-4.0502 -7.2705
-3.9591 -8.0482
-7.0647 12.0026
7.5930 8.9534
10.5625 -7.6931
-7.9490 9.1768
6.3594 8.4220
-6.7579 10.5664
-4.3022 11.7513
-8.0409 -7.3626
-7.8102 -7.9416
-8.6599 -3.9969
-9.9637 3.0093
-7.4182 8.1934
12.7589 -4.0208
-4.6189 8.3204
-7.9711 -7.1498
7.8410 -4.0467
-3.9051 -4.3539
12.3082 6.6773
-10.4679 7.6542
-7.9209 13.9662
-4.3663 9.8417
11.8513 6.7498
-4.1452 13.0177
-4.3234 9.1731
-7.8331 -8.2124
-7.4651 -7.1664
-6.8572 -4.3119
8.4214 -8.2354
-8.0283 11.3283
-8.3549 -4.4312
-4.0653 -4.0118
-7.2213 -4.3514
-4.1967 9.7880
-4.2158 -7.1656
-7.2410 9.2175
-4.3536 -7.6403
5.6685 -4.4374
-8.9416 -6.7097
-7.6669 -6.7952
5.6452 -4.2642
9.7121 -4.3567
-7.1536 -4.0328
-4.3276 -4.2624
-8.5570 -4.0088
-9.6511 -4.1503
-3.8546 11.2781
-4.1243 -4.0494
-4.0660 -4.0128
8.6813 10.2227
9.1241 9.8526
-4.5683 -4.3663
11.9318 -3.8887
-3.9415 -7.1179
-4.3712 -4.2190
-4.2553 -4.2752
-4.0490 -4.3525
-4.4045 8.8311
-6.3185 -4.1444
-4.2956 -7.1089
-3.9913 -8.5138
-4.1294 -4.4598
-4.1667 11.1825
-8.7938 -8.3611
-7.5081 9.9164
-8.9364 -4.3036
-4.2867 -6.8857
-4.2188 -6.8431
-7.9243 -3.9426
-4.2512 -7.4461
-7.6412 -7.7208
-6.6259 -6.7133
-8.3268 -8.3032
9.8772 -4.3562
-4.1495 10.4119
7.1313 -9.4720
-7.6272 -7.9211
-7.3714 -5.6528
8.6807 -7.1662
-4.2290 -8.4613
-6.7076 -4.3437
-7.2020 -4.0652
-4.0669 -6.4223
-4.3681 -6.6514
-3.8728 -4.2380
-6.4408 -7.5118
-4.2591 -7.4322
4.8590 -9.4297
-8.5293 -7.7852
-6.8340 -3.9627
3.3234 -4.2764
-7.4127 11.7525
-7.0144 -4.3044
-4.1162 -7.2082
-4.1917 -4.1281
-9.8032 12.8792
-8.3008 12.2938
-8.5617 -4.2787
-4.3718 -3.9971
-4.1450 -5.6056
-3.9669 -8.8013
-4.0935 -4.0210
-4.0361 -7.1407
9.4007 -4.3816
-4.2428 -4.2199
-4.3097 -4.3353
-7.5615 -7.4719
8.7221 -6.8928
-4.1229 -5.1167
-4.1458 -3.8408
-4.3449 3.8835
-7.6675 -8.5875
10.3005 -6.7286
-7.4428 -7.5861
-7.4238 -8.1349
-4.2504 -6.9069
-3.9789 -4.3355
-6.5591 -7.4605
7.1469 10.6790
-4.0514 -6.9666
-6.8966 -6.1466
-7.9234 8.8043
-7.2272 -4.3794
-7.4066 12.6140
11.2601 -6.0294
-6.6309 -7.3677
-7.3592 -4.1418
7.7186 -6.6178
-4.2356 -8.6864
-6.7923 -4.0300
-4.4570 16.5478
9.2113 -5.3586
-7.6059 12.3143
12.9613 8.2566
-7.2074 -4.0280
-8.3075 -7.4736
-3.9957 -4.1779
-8.2623 13.1773
-4.0976 -4.0042
-4.0853 -4.3296
-3.9869 -7.5052
-8.0530 -4.2039
10.8740 -4.1470
-6.8590 -7.2466
-7.4445 -4.1338
-4.1386 10.0302
-4.2980 -7.8998
-8.4384 12.6268
7.8798 -4.2805
11.1885 8.7445
-4.3183 -7.7456
10.8074 -6.9693
-4.1445 -4.3128
-4.1070 -7.7379
-6.7671 -7.5318
-6.9161 -8.2261
-7.3007 -4.5245
-4.1340 -4.1954
-8.0917 -4.1404
-6.5365 -3.9431
-3.8580 -6.6204
7.8887 -4.3093
-4.0141 -4.3706
-6.6161 -7.2754
-3.9568 12.0859
-4.1333 -4.0308
10.7510 -3.9058
5.3297 -7.3125
-4.3280 -8.3333
-4.3385 -4.3960
-4.3979 -3.9435
-7.2557 -8.8358
-4.1875 -4.0249
-6.6781 -4.0801
11.2676 -4.2201
-4.5114 -4.2435
-4.0468 -4.3851
4.1227 -4.0636
-4.0977 -6.7248
-7.6839 -8.6497
10.3355 -4.3922
-8.5482 -4.2251
-8.0034 13.9339
-7.7983 -4.0490
9.8057 -6.6546
10.7466 11.3375
10.5453 -8.2384
9.8943 -4.1506
8.8571 -7.2520
-7.9512 -6.8612
8.3811 -4.1717
11.1494 -4.0553
-7.3734 11.2893
10.8145 -4.3307
-4.2138 6.1371
-4.0254 -7.4958
-7.5159 -3.9030
-4.1501 -4.1985
10.1014 14.3227
-6.8751 -3.9221
-4.0284 -8.4981
-6.8825 8.7916
3.9104 -7.8494
-9.0824 8.0809
-4.3047 -8.3478
-4.0541 2.9945
-4.1965 8.7291
12.8089 -4.6042
-3.9063 -6.8825
11.7020 12.7869
-4.3059 -4.1748
5.3757 -4.4928
-4.4310 -6.6832
9.7623 -4.1151
-7.4527 -4.1143
-4.1865 -4.4375
-7.0800 -3.9799
-7.8294 15.3844
-7.0302 -3.7687
-7.9541 -7.5010
-7.2967 -3.9873
-4.2451 11.1517
-4.4211 -4.1649
3.7294 10.2520
7.1620 8.7676
9.1000 -7.4808
-7.2740 -8.1159
-8.5046 -8.3137
-8.0886 -4.2888
-4.2504 -3.9530
-4.3961 -4.2715
6.6808 -7.3204
10.7126 11.6455
8.1917 -4.1021
-4.4233 8.4720
-6.3891 -8.3947
-4.1726 -7.2896
-7.0170 -8.8211
9.1358 -3.9982
7.8899 -4.2757
-4.1373 -4.2668
12.4110 -4.3043
-4.1679 -7.3352
-4.1516 -4.2963
-6.7593 -4.3047
-4.3959 12.1094
11.7900 -3.9922
11.9585 -6.8875
13.6644 -4.2868
-4.3274 -4.4470
-7.5427 -4.2124
4.5522 -4.3646
-7.7199 12.7078
-7.5246 -4.3551
-3.8656 9.4095
9.0397 -4.4129
12.1987 -4.9748
-8.4276 -7.0480
-4.1830 -7.7884
3.0466 -4.3626
-7.3512 -5.7227
-4.2483 12.4197
-7.2253 -4.2728
-4.2085 -7.3897
9.4900 -6.9907
-5.0767 -4.0365
-9.4756 -4.0684
5.2028 -7.4980
-6.8776 -4.2106
-6.4384 9.2881
-6.7332 -4.1391
-7.2584 -4.1450
-3.8412 -4.4084
-7.5907 12.4397
-7.8919 5.2509
-6.8479 11.2286
-7.7788 -4.2137
-4.1630 -8.6046
-4.0277 -6.8306
-6.4160 -4.2193
-3.9151 -6.2575
6.7630 10.9999
-4.4544 -7.4667
-5.3386 -4.2851
-3.8972 10.2741
-3.8963 -7.5252
11.5853 -4.5291
-4.0721 -3.9070
7.8809 12.4442
-7.3598 -6.5275
-9.7819 -6.5035
-8.5010 -7.6258
-4.2734 -8.7198
-5.9354 9.0643
6.8562 -4.1845
-4.1800 -4.2351
-6.7317 -4.2801
-7.6974 -7.4869
-4.2246 -6.7768
-7.4369 7.2702
-4.0667 -5.9518
-6.7107 -4.0594
11.4875 -4.1820
-6.8992 -7.3792
-4.0194 -4.0796
10.9155 -7.7282
-7.2889 -5.6068
-6.8211 -6.9858
-7.5769 -6.8712
-5.3952 -4.0823
-4.1244 -4.3023
-4.6524 -3.9277
-5.6724 -7.1351
-3.8561 -6.9747
-8.5440 -7.6005
-4.4242 -10.0131
-9.5799 -7.7741
-4.0423 -4.4768
-4.0366 -6.2264
-8.2436 10.6691
-8.5175 -4.2989
-7.8616 -8.2914
-4.1865 -9.8247
-4.2866 -7.7450
-4.1849 -4.9751
-4.1105 -4.3233
-7.8890 -4.0375
-7.5481 -4.2683
9.4252 -3.8134
-4.1119 -4.2219
-4.0285 -4.0357
-7.6075 11.2914
-7.1119 -4.1103
-8.6495 -6.0750
-7.3683 8.8643
-6.9817 -7.1579
11.1220 11.1036
11.0725 -4.2399
-4.3665 -4.1895
-4.1717 0.6931
-7.9149 -7.5037
-7.6020 -4.0607
8.4794 12.2515
8.2722 -4.3018
-4.0678 11.2244
8.7005 -4.3720
-6.7279 -4.1584
-7.4794 -6.6387
-7.3095 -4.0854
-4.0831 -4.1675
-7.1839 -4.2415
-3.9311 -4.0390
-5.9471 7.2660
-7.3551 7.1514
-4.5282 -4.2915
-8.8339 -4.1486
-9.7215 -6.7581
-6.9636 16.4647
11.8205 -6.6199
13.3271 -4.2602
-3.9790 4.0892
-7.5341 -4.3845
-6.8356 -6.8852
12.6011 -6.2504
-6.9749 -7.1700
-4.0804 9.6091
7.8906 11.9879
-7.0592 -8.9017
-4.3474 -7.4372
-7.0871 7.8930
-4.1910 -7.0353
-4.1778 -7.1553
-7.0479 -7.1303
12.8117 14.8467
-4.0344 -7.3078
-7.3680 -7.6702
-4.0091 -4.3139
-4.2683 9.0389
-7.4965 -4.2842
-7.1874 -4.4759
11.4043 11.4015
-4.2124 5.5078
-4.2309 -7.3256
-4.8378 -6.5036
-4.1316 12.0133
11.7116 10.7454
-4.1647 -6.7065
-4.0640 9.3855
-4.1455 -3.9310
-9.2330 -7.9770
-3.9718 -4.2414
-8.6261 -8.1666
-6.4915 -4.2030
-4.3275 -6.7873
-3.9450 -7.7745
-4.2754 -4.1873
9.5483 -7.5839
-4.1795 10.7050
-8.1838 11.9410
-4.2823 -6.7999
10.6348 -8.5802
-4.2961 -4.2297
-4.0342 -8.1046
-4.1887 -8.0877
10.4838 -3.9765
-4.2696 -6.3704
12.4512 -4.2878
-6.6250 13.5163
-7.2271 -4.1321
-7.0057 -4.3932
-8.5048 -4.2041
-6.8709 -4.1154
-4.2325 -4.2258
-9.0140 -7.6184
-8.4845 -7.2604
8.8040 -4.0067
-8.0136 -4.4817
12.9188 -4.1841
-9.4763 8.9212
-7.6295 -4.1362
-4.1413 10.6847
10.6366 -5.2319
-8.2870 -7.3535
-6.0467 -6.5657
-4.3278 -4.2526
-9.8486 12.0775
8.9032 6.0733
6.7539 -4.2751
-4.3065 -7.9681
4.8737 8.7592
8.2794 -4.0371
-7.6133 -6.8403
10.7224 -4.3586
11.5959 -6.3703
-10.5114 -4.0492
-7.4137 -7.0453
10.8181 -7.1159
-6.8446 -7.5749
-7.4351 8.4312
-6.9098 -7.5817
-7.3576 -9.3176
8.2026 -4.0440
-4.3330 -4.4939
-4.1470 -7.5134
8.7113 -5.2875
-8.1715 -3.9423
-4.3686 -4.0789
-4.2150 -4.1263
-8.8751 -7.4885
-4.1144 7.6417
7.9394 9.2426
-8.0738 -4.2514
-7.2377 8.0744
-4.3246 -7.2499
-4.3441 -4.1225
-4.3017 -10.2401
-6.5792 -4.1647
-4.2582 -7.7601
-4.0331 13.5671
-8.3154 -4.2108
-4.0356 -4.1138
-4.1551 -4.2610
11.1858 7.0111
11.6404 -4.0714
-6.4795 -4.0713
-4.2855 10.9774
-6.9616 -6.7095
-7.0603 -6.6835
-4.0512 -8.6065
10.9525 6.2225
-4.3994 -7.8338
-4.0849 -4.1323
-4.0389 11.4842
-4.3953 -7.1542
-7.1532 -4.1019
-8.2950 -4.0714
-4.3713 -4.3108
-4.2647 -6.3592
5.9632 -7.0162
5.8105 -4.2380
-7.0405 -4.2685
-4.3960 1.2067
-6.7527 10.3682
-3.8838 10.4047
-7.5554 -4.1255
-3.9685 8.1617
-4.2937 -4.4134
-7.8415 8.6125
12.3317 -7.9024
-10.3070 -3.9210
-4.0858 -8.2577
-4.3674 -7.0150
10.1021 -7.0953
-5.7862 -4.1794
-4.1913 -6.8893
6.6285 -4.1844
-7.6082 -7.4433
-4.0935 14.9144
-4.1607 -8.4088
9.4747 -7.1470
-4.0453 -7.0679
6.8884 -9.0641
11.2151 -7.7306
7.1553 -4.1632
0.5550 -4.2391
-4.1126 -8.9698
-4.2882 -4.3283
-3.9895 -3.9010
-4.1403 11.5259
-7.5441 8.1729
-6.6661 -4.1772
-4.0855 -4.1111
-4.1357 -7.5331
-6.6354 -6.0708
-7.0301 10.5516
-8.0514 -8.1618
-5.3025 -4.3392
-4.2962 -7.2967
-7.1045 -4.1048
-8.7414 -6.3008
10.4259 -7.8638
6.7111 9.1319
-7.1736 -4.2215
-6.7928 -4.0981
-7.6211 -7.4225
-7.6890 -4.2271
-4.0675 -6.7748
-4.3178 -4.1180
-6.8285 -7.0795
6.7488 -4.2461
-6.5958 10.6634
-7.3426 -4.3514
5.5669 -7.9474
-7.8211 8.3916
-4.4840 -7.6873
-8.6073 -7.1687
7.5330 7.0782
-6.4525 -6.7328
-7.0122 -4.0326
-7.5977 7.6923
8.0373 -6.5520
11.3341 -7.9124
10.9429 -4.3285
-6.6148 11.2071
4.7630 -4.4291
-4.2556 -4.2434
-6.8507 -4.4633
-4.0121 -6.8980
-7.2005 9.9547
-4.2708 -4.1516
-4.0808 -3.8730
-4.4349 -4.1472
-7.7673 -4.3253
-4.0136 -6.5746
-7.1376 -4.0740
7.0072 -4.4397
-4.0102 -4.1198
-6.8961 -8.6480
14.5720 -6.2061
-6.4861 11.8358
-7.3357 -6.8546
4.4982 -4.0050
5.7775 -4.3904
-4.2603 -5.2952
12.3879 -4.2105
-4.2492 -4.1338
-3.9663 -4.2472
-5.7825 9.7956
-3.8878 -8.2758
-6.3071 -4.1304
-6.8231 -9.1532
-9.0017 -6.9268
-8.9847 -8.0663
-4.1489 -3.8515
-8.4270 -4.1581
-4.2495 -4.3475
11.0662 -4.2320
-9.5224 12.7535
-7.6991 -7.0040
-7.7414 -6.8627
-3.9311 -4.1974
-8.1633 -7.4880
-7.2755 -7.5950
-4.1481 11.5768
-4.3146 -3.9232
-5.9286 -3.7851
-4.2354 -7.9404
-7.5677 -4.2337
-4.1653 -3.9353
-9.0148 -7.3550
-4.4048 -4.1408
-4.0226 14.5856
-6.4181 -7.7871
9.8122 -4.2108
-3.9306 5.8905
-8.7883 -4.3668
-3.9963 8.4428
9.9199 10.2052
-3.8822 13.4723
-4.3229 13.2621
-6.6693 8.9338
-7.0489 -7.4496
12.1132 -4.0516
-4.1951 11.9389
-4.4396 13.0196
10.5507 6.5708
5.0449 -7.9830
-7.7221 -8.1921
-3.9936 -4.2082
-5.8086 -4.3563
-4.1871 -4.5340
-7.9273 10.6108
-9.1886 -8.6113
-4.2764 -4.2145
-4.1067 -3.9812
-3.9849 -7.0574
-6.1660 11.3040
-7.5026 -4.2799
4.9462 7.7870
-6.8224 -4.0517
7.4258 -8.9572
-7.2231 -7.2267
-6.4238 10.8666
-4.4270 10.1433
-4.2162 -4.0343
2.4342 7.0537
-7.2056 -8.1311
-4.2426 6.9698
-4.3779 -3.8537
-7.0740 9.7499
-4.0543 -8.4012
10.9877 -7.2838
-8.9619 7.2225
-7.8165 -8.5062
-3.7663 -6.9667
-7.4680 -4.9928
-6.4748 -4.0879
-7.6864 -3.9991
-3.9876 -7.9634
-4.1157 -7.0900
-8.3688 -4.4512
-3.9447 -6.6698
-6.3437 7.8961
12.7654 -4.0169
-7.1942 -7.0184
-6.9960 -4.0796
-8.1463 -7.3347
10.3614 -6.7030
-4.2617 -4.0498
-4.1282 -4.2970
8.4605 -7.5481
-6.5540 5.8111
-7.5085 -7.6541
-8.6184 3.4465
-6.6212 15.3284
-4.1720 -4.0788
4.9510 -7.4356
-4.3151 -6.6915
-4.1314 -4.3312
2.5914 -4.3049
-8.4600 -5.4589
-4.3937 -10.8225
-4.2269 -4.0009
10.2181 -8.5515
-4.0740 -7.5063
-5.5105 -4.1199
-4.2170 -4.1806
-3.8632 -3.9196
-4.3327 10.6294
-6.0787 -4.3822
-7.1260 -4.3429
-7.2430 -7.1924
-7.1133 -4.1655
-4.0945 -7.2742
-4.0975 14.8492
-4.1943 -8.1493
11.1429 -4.4901
-6.8948 -3.9845
-4.0910 -4.0186
-4.2182 -8.3370
-4.3625 10.7813
-7.3353 -9.2167
-4.1132 6.7579
-4.2535 -7.0271
-4.3341 -7.4440
-4.0823 -4.1240
7.8806 -7.6458
-7.5927 12.8206
-6.3021 -4.4957
-6.6381 -4.3126
-7.3024 -6.8730
-8.2020 -4.3257
-4.1133 -4.0731
-4.5098 -7.9553
-3.9333 -3.8136
-4.1849 -6.4843
-4.1125 -6.2967
-6.9075 -4.2854
8.8011 -4.2420
13.5735 -7.5204
6.0912 -6.9675
6.8596 -4.0859
-3.9941 -7.5706
-5.9009 -7.9905
-4.4243 8.2714
-7.4085 -7.7958
-4.1288 -4.3821
-8.2161 7.9368
-4.3297 -7.3089
-4.1820 -6.5704
-3.9932 -6.7069
3.4643 -4.1405
-4.0233 -6.3843
-7.4031 11.2875
-7.3766 -7.9746
12.0726 -3.9924
10.8588 -7.2749
-8.1083 -9.4958
-6.9880 -3.8957
9.3325 9.0348
6.8133 6.0647
-4.0833 -8.9311
-3.9326 12.3295
-7.0946 -4.0217
-3.8923 9.8499
-3.9657 -6.8039
-7.8354 9.4515
-7.8423 -6.9758
11.4204 -4.0890
-4.2438 14.4699
-4.2699 -6.7007
-6.7979 -7.9103
-8.9483 12.9187
-4.2084 -6.9845
-6.4569 -4.0276
-8.1135 13.0738
10.2930 11.0672
-7.5628 9.2398
-8.7667 -4.0327
-7.7895 -4.0650
-6.6242 -6.7939
11.7532 -6.9966
-4.1700 -4.3371
11.0735 -4.0982
7.3751 -4.2633
-7.2283 11.0364
-8.9141 8.5158
-4.3942 -4.1419
-8.1298 -6.8738
-7.2818 -7.8164
-8.3344 -4.3092
-10.9507 -7.8632
7.2032 0.7965
-7.5144 -4.3348
7.5272 12.4129
-7.4814 -4.2121
-4.3584 -3.8405
-7.1025 -4.2751
-4.2584 -3.8932
-4.1527 -7.6074
-7.7162 -4.0963
-3.9869 5.2079
15.0214 10.8101
-4.1833 -7.5149
-6.5873 -8.5912
-9.1334 -7.8377
9.6452 -4.3761
-9.9390 -4.1356
-6.8343 -4.3820
-7.6470 -10.2506
-7.6679 8.8660
-7.2467 13.6968
-7.2073 -4.2308
7.0334 -8.2147
-4.3010 12.3608
-6.8963 -3.8882
-4.3731 -4.2128
-7.4783 -7.0484
11.2146 11.6189
-4.1278 -4.0977
-7.9982 -6.6514
10.6485 -8.4815
4.5249 -3.9897
9.8504 -6.6992
7.8832 9.4805
-9.4538 -4.1932
-4.3596 -4.0256
-5.0505 17.8194
-4.0637 4.5242
-4.3474 -4.2253
-4.3744 4.9146
-4.0129 -7.7252
11.8311 -9.1070
9.2606 -7.6066
11.9877 7.7617
-3.9305 -8.0062
9.4005 13.2414
-7.9061 -8.8464
-5.8861 -7.3733
-7.2636 -7.2861
-7.9409 -7.6847
-9.0142 -6.9660
-4.0697 -4.0798
-6.8176 13.1442
-4.2138 -7.8419
-8.1171 9.6385
-3.9875 5.0031
5.4093 -3.9881
12.2791 -4.1730
-4.2099 -4.2395
-7.4750 -7.1928
-4.3594 -4.3030
-6.5507 -3.8946
8.6716 -7.1351
-6.5516 -7.3436
-4.3189 -5.8428
-4.2707 -4.3639
9.5089 -4.2236
-4.2971 7.0319
-9.3720 -6.6865
11.6956 2.5112
-4.1982 -3.8836
-4.4529 -4.1548
-7.4064 -4.2506
-6.3108 -6.9986
-4.2541 -6.3353
8.7818 -6.5660
-4.1745 -6.7921
6.7718 5.5516
-4.5904 9.7506
-9.9727 -3.9806
-7.2466 10.6120
-4.3389 -4.2751
-4.3558 -8.7774
-4.1940 -5.9494
-4.3230 -6.9326
-6.8994 -6.6753
-4.0617 14.3089
-7.0164 -7.7180
6.6774 -4.4662
-4.0693 -4.2816
-4.0574 -4.4174
5.5079 -6.3884
-8.4917 -5.4179
-6.9951 -3.9314
-4.1159 11.6959
10.7551 -8.1361
-5.6433 9.5311
8.2315 -7.5046
-7.9199 -7.4794
-6.7750 -7.4791
-7.2740 -3.8220
-4.1724 -4.1954
9.4070 8.7976
-3.8962 8.4933
-8.2758 -4.0982
-6.8704 -6.9659
-7.4369 -8.0482
-8.0029 -7.0643
-4.1633 -7.0459
-4.2534 -4.2932
10.9678 -4.1500
13.4057 -9.6883
-7.3347 -6.3867
-4.1130 -7.6271
11.0384 7.6379
-9.0814 -7.0920
12.9730 -7.8370
8.9063 12.9812
-5.6163 -7.6241
-7.7059 12.7767
-4.1632 -7.2443
-6.9003 -4.1289
-7.7037 -4.0536
9.6247 -8.1699
-3.9692 -4.0363
-7.0595 4.7576
-4.1675 -4.1356
-4.1555 -6.9901
4.4571 5.3494
-7.9247 8.8417
-4.3546 -4.4188
1.9482 9.3804
-3.9109 -4.0266
12.4276 -7.4380
-8.2068 -6.9928
-4.0822 -4.3307
14.4142 1.6762
-6.7392 -8.5332
-8.5898 -6.3853
10.4515 -6.1807
-4.1076 -5.6199
-7.3021 -7.8631
-3.7323 -4.1543
-4.2182 -7.8563
9.9740 11.1396
-7.6054 7.0704
-3.9680 -4.3668
-6.5226 -9.2947
-4.2383 -6.5602
-3.9298 -7.8018
10.8050 -3.9802
-4.2067 -4.0883
-6.9268 12.0141
10.9669 -3.9207
6.2597 11.0600
-4.1442 -7.1310
10.6999 11.8286
11.2216 -7.3047
-7.7117 -7.5033
-3.9772 -6.0946
-6.1375 -4.2418
-7.4626 -6.8253
-6.4833 -4.0886
-8.0266 -4.3365
-8.0289 -6.9720
6.0266 -4.1706
10.4754 -7.9656
8.7836 -7.2573
-7.6234 -8.4574
-4.2383 -4.2232
-6.5675 -4.1199
11.5483 -7.8960
-7.1176 8.6863
-8.1315 12.5896
-4.0926 -4.1404
-9.3688 12.7411
-7.7158 -4.3100
-4.0634 -6.6565
-6.7898 -8.5559
5.2494 -3.9579
11.1318 -4.0015
9.1338 -4.3939
-4.2326 -4.2021
-7.5899 -6.2656
-4.1068 7.2826
12.4320 -3.9038
-7.4853 9.8872
6.8576 -4.2766
-8.2941 -4.1638
-4.2150 -6.6700
11.9182 -4.3007
-3.7923 -7.2308
-4.1966 -4.1161
-4.3741 -4.3384
9.2491 -3.9863
10.5330 -5.7626
-4.1550 -4.3765
-4.2213 -4.2658
-4.1480 -7.7089
9.8717 -7.6160
-7.0412 9.5598
-4.1425 -4.0535
-4.5096 10.5756
-4.2127 -8.3978
-4.2516 -7.7124
-4.1655 -5.9743
10.4776 10.2900
-3.9928 -3.9929
-4.3565 -7.7863
11.3743 -3.9659
-4.0481 -4.4989
-4.0496 -7.0341
6.6017 11.2826
-7.5918 -4.0578
-6.6770 -3.9423
-7.6414 -4.2084
11.7466 -7.3465
-8.9666 -4.0466
-7.6958 -4.1801
-7.3560 -7.0141
10.0374 8.1518
-8.7180 -6.0393
11.2917 -7.3672
-4.1047 -4.2760
-4.3243 -9.0193
11.9552 -3.9516
-7.9347 -7.4401
12.8335 -4.1118
12.7836 -4.0721
-7.1278 -7.3747
-8.4143 13.4841
8.8730 -7.8882
-7.9362 -4.1497
-7.9452 -4.2783
13.4803 -9.0695
-4.3563 -7.2260
-6.8780 -7.9303
-3.9459 6.9705
-6.4750 -7.5680
13.3896 11.2823
-7.0461 -6.9254
-7.5869 -4.3242
-4.0015 -7.3926
-7.8423 -7.0490
13.7562 -4.2977
-6.6769 -7.5548
-4.1354 -3.9829
-4.2270 -3.9895
-7.3526 -4.1568
-4.1987 10.7974
-4.0996 13.0111
7.5941 -7.3147
-4.1947 -4.0639
7.3649 -6.7930
-6.2744 -6.9514
-4.1325 -4.3411
11.1858 -7.0569
12.1111 16.6002
-4.2878 -8.3570
13.2870 11.7034
-8.6719 -4.3612
-4.2386 -4.3834
-3.9761 -6.9867
-6.5213 -6.0976
-4.2392 -4.0631
-4.1146 8.2065
-4.1674 9.2647
-4.1042 9.3699
-7.6612 -4.1000
-4.0877 -4.0933
-4.1855 -6.6525
-7.9244 -7.4924
-4.0415 14.1176
-3.9442 -4.0648
-6.8057 -4.0035
-4.2220 -8.0623
-4.0944 2.6515
9.2389 -6.4357
13.5603 -4.1519
-4.2508 -3.8640
-4.2262 -3.9568
9.9007 -6.9354
-4.2146 -6.4840
-4.1641 -4.5607
-3.9935 -4.0849
10.4051 -4.2073
-8.3189 -4.2616
-7.0722 -4.1073
10.5961 -4.2556
-7.5732 -4.1537
9.6336 -9.6820
-4.1374 -4.1064
5.2907 5.8975
-4.1927 -7.6167
8.0860 -6.9639
-6.0113 -3.9858
-4.2775 9.2085
-4.1836 -6.5231
-3.9725 -6.8444
10.4282 11.6426
-4.2098 7.4524
-6.8648 -5.9284
11.0159 -6.9875
-6.7995 -4.0801
-6.6425 -6.9879
-4.0875 -9.0296
-6.3221 14.3373
-3.9918 -4.0135
-7.6697 -4.2908
-7.1519 5.5261
-8.5756 -7.5782
-4.3888 8.2563
-4.2297 -6.0477
6.7228 -3.9111
-8.8088 -4.0764
6.4059 -6.3807
7.9005 -4.1933
-8.3714 -4.2597
-4.3330 -7.7298
2.9741 12.9964
-4.3135 -3.9007
-7.1003 -7.6127
-4.2274 -8.3314
11.9184 -6.4704
-4.1867 -6.5219
4.6064 -7.0160
-4.2715 -8.4898
6.7911 -5.6570
-4.1035 12.3730
-8.0843 -4.2650
12.5451 -3.9767
-8.7221 11.5374
-4.0351 -7.5106
8.4079 12.4168
-8.4983 -7.9592
-7.6277 -4.1266
10.3990 -8.7959
-4.2474 -6.8985
-6.9767 7.8268
8.8549 -7.4535
-4.4445 -6.7739
-9.1986 8.2199
-7.6364 -6.5985
-4.0699 -4.1186
-8.7819 -7.5642
-6.6881 -4.3781
12.1064 -4.1493
10.7669 -7.4095
-4.2484 -4.3859
7.7187 -8.3567
-4.2555 -6.8113
-7.5841 -7.8165
10.6440 -4.1896
-4.0520 -6.8140
-8.7289 8.6635
-8.4309 -3.9502
-4.0226 -4.2373
-4.2518 -7.4424
-7.2124 -6.7357
-8.2318 -6.3360
15.1245 -4.2472
-3.9645 5.2404
-4.1866 -5.3246
10.2223 8.3009
-7.1757 -6.9722
10.2350 -6.8238
-6.5158 9.2662
-4.1606 -4.4811
-5.7989 9.8911
-4.1126 -4.0343
4.4077 -3.7963
-4.2863 -6.9214
10.3151 -4.0130
-7.4230 -4.0680
-4.1612 -6.2930
9.6113 -6.4839
11.3836 -8.0788
9.3707 -4.2764
10.3543 -7.4161
-7.6106 -7.4162
-6.6449 -4.0885
-4.4126 -4.1889
-7.8594 -4.1733
-4.1607 -7.0973
9.8032 -6.4195
7.6699 -7.6395
-4.1080 -6.5931
8.4580 13.3340
-7.2162 8.0622
-3.9939 9.1350
-7.9457 15.0052
-7.9022 -4.0750
12.8274 -6.7103
-8.0441 8.9907
9.3804 3.3384
-4.3871 6.3709
-8.7343 -3.8996
4.5721 -6.9753
12.0983 -4.0710
-7.3026 -4.3695
-6.9325 -8.3558
15.2036 -7.8250
12.3989 13.8966
-7.0051 -7.3905
8.2938 -3.7170
-4.1778 -4.1000
-4.2481 -4.1121
4.6880 -3.9181
-7.7696 -4.2829
-6.7371 -4.2028
-4.3740 -4.5242
-4.1412 -6.9677
-4.2300 -4.0124
-4.0648 -8.2684
9.6945 -4.3893
-7.3520 -7.7959
8.5326 -6.4851
-5.7999 -5.2480
7.8187 -8.6325
-8.5678 10.5463
7.3083 -4.0627
-4.1693 -6.9872
-4.0778 -4.4264
-8.3512 -4.1458
-6.9834 -5.4694
-4.1930 -4.3844
-7.9307 -6.3696
-4.0709 -8.1475
5.4514 -4.1165
-4.2186 -4.3201
-3.9601 11.1164
-4.3008 11.5789
-7.7234 12.7487
-8.1988 8.6932
-4.0606 -7.0430
-4.3544 7.1457
6.9303 -4.0975
-8.7165 -3.9908
-7.7065 -7.7182
-4.3184 -7.0445
-4.3503 -7.9456
10.2754 10.5193
-6.8355 -3.9850
-4.3905 -7.7676
8.2258 8.1759
-4.4801 -4.0553
15.6060 -7.5402
-4.3135 7.7773
-5.7820 -4.2006
-4.1924 -7.9628
-6.9982 -4.2706
-4.0624 -4.2243
-4.0264 -6.9981
-8.9239 8.7336
-4.1050 -7.7356
-6.7543 -4.1503
-3.9351 -7.3661
-4.2274 -4.1580
7.7209 -5.3031
-8.4163 13.3426
-4.4435 -7.3326
-7.3226 11.5166
18.7646 -7.0741
3.7326 -7.3243
10.7713 -4.3831
13.5465 -6.6369
10.3345 10.2720
-6.9817 12.7913
-9.9511 -9.7614
-4.3294 6.3674
7.4125 7.8090
-3.9273 -4.0040
-7.3362 -8.3930
-4.4377 -6.8260
-4.0972 5.2185
-10.7124 5.9309
-4.3118 12.8888
-7.9666 -4.3688
14.2094 11.3379
-7.1189 -4.2631
-6.1575 -8.4062
-4.1813 -3.9978
-4.1629 -4.0240
-6.9450 -6.8673
-7.3130 9.0980
-4.3024 -3.9883
-6.4149 -7.5340
-3.9555 -7.5091
-4.1411 -7.5986
5.7359 -3.8828
11.5691 10.3329
8.1053 -7.1394
-4.2361 -7.3897
7.6675 -6.9949
-7.3277 -4.3193
-6.3210 8.6271
-8.6781 -7.0888
-4.3659 -7.6542
-7.3468 10.1502
-4.2908 -7.2202
-4.0546 -5.2401
-4.2517 2.2209
-3.9315 -4.1673
-6.1509 9.0410
11.2926 -4.1457
-7.2704 -7.0225
8.8683 -7.5657
-4.4496 7.6932
7.5852 10.0811
8.9788 -4.1244
-3.9883 -7.1125
-4.3155 -4.2190
-4.0881 -7.4280
-4.3871 -8.9091
9.6225 -3.9085
-7.7028 7.3813
5.4706 -8.1411
12.3715 -4.0752
-7.0549 -3.9033
-4.3209 -4.2227
-9.4286 -4.2605
-4.3004 -3.9773
-7.0463 -8.9238
-6.8955 -9.6431
-4.4044 -7.6348
12.2820 -6.2134
-7.2293 -4.3332
-3.9732 14.2334
-6.4980 -6.4543
-4.0602 -7.0516
-7.2293 12.0535
-9.4056 11.7223
-7.9159 -6.9468
-4.1661 10.4572
-4.2917 -4.2936
-4.0299 -8.1947
-7.9126 -3.8823
-7.1983 -3.9132
-3.9940 11.6699
11.7899 -8.1406
-7.8487 -7.4929
-7.6061 8.6477
8.5294 -6.9706
-6.9481 -10.4341
-4.1158 -9.5484
-7.5039 -4.1375
-8.7836 8.5455
8.7584 15.4176
-8.9646 -3.9728
-6.9549 6.1414
-4.2315 -7.1386
-4.1039 -3.7045
-4.2879 -6.9874
-3.7919 -7.7123
-4.1400 10.9201
-4.2107 -4.2077
-8.0198 7.9245
-4.2394 -3.9499
-8.4624 -4.3726
-6.6365 -6.3146
11.1629 -4.0819
-4.3880 -7.5496
-4.1392 -4.1917
-4.2745 -7.6240
-4.1696 -9.1024
5.2822 -4.1799
12.7390 -4.2856
-7.5511 -4.1252
-4.1352 -4.1703
-8.1622 -7.3626
-4.1968 -4.2398
-4.3864 10.1003
-4.2187 11.1630
-5.9547 5.6544
-4.2555 -6.5261
-6.5402 -7.9258
-6.9759 -4.1849
-3.8383 5.2843
-7.1560 -4.1953
-4.1471 4.4885
-4.3674 -4.2810
13.4499 -3.9091
-4.1590 8.5858
-7.3009 -9.2713
10.5623 -6.4886
-4.2241 -4.2660
8.5469 10.4931
-6.7984 -4.3381
-7.2516 8.0916
10.9870 -6.7520
-6.8530 -7.9830
-4.2861 -6.2753
7.7432 -7.7313
11.5410 -4.0577
-4.2581 -4.1651
10.6016 -3.9352
7.0321 -7.3036
10.7386 12.4288
12.9352 -8.1971
-7.6075 10.5033
-9.8081 -7.4662
-8.0804 5.3238
12.3660 -4.3909
-8.3430 -7.7866
-4.2475 9.8524
-4.0968 -6.5896
10.0373 -4.4677
-4.1161 -7.8800
4.2313 -8.6240
-7.8758 -4.0648
-4.3965 -7.0048
-4.3911 8.8191
-7.9079 -5.5496
-7.9648 -4.1354
-7.4878 10.2249
-6.2034 -8.4039
-7.9569 -7.1508
-4.2334 -6.6067
-7.0078 -4.1545
-4.2162 -7.9897
-4.2503 -9.7945
-4.1588 -6.1877
-8.3131 -7.0719
-7.5641 -4.1618
7.7084 -6.5846
10.0862 -7.6142
-5.6836 -4.2024
-3.9545 -4.4038
-4.1087 8.8765
-4.1171 -4.1909
-10.1577 -5.4259
-4.6084 7.4086
-4.1383 -5.8972
-8.7462 -4.1296
-6.8503 -8.6300
-7.0357 -3.9992
-7.7991 -6.7198
10.2633 -7.9075
-4.4982 7.0113
11.1335 -4.0540
-4.1797 9.0027
-4.1578 -4.2709
-7.1479 -7.0457
-6.3548 -4.0202
13.9909 10.3236
10.9825 -4.2923
9.1981 7.4615
9.0967 -5.7950
-6.9478 -6.8287
-4.2015 -4.1760
-4.0279 -7.8763
-4.3381 -6.9017
-3.9297 -9.5394
-7.0243 -4.4321
-8.4977 -8.1169
-8.8064 -4.1429
-3.9727 -4.0511
-4.0244 -7.1630
-8.2763 -7.8453
7.0301 -4.0882
-3.9680 8.7906
-6.8949 -7.9894
-4.2654 -9.0800
11.8314 -7.4088
-6.8806 -4.2677
9.8223 -6.7488
-7.9805 -4.1591
8.3296 -4.2943
-6.5664 -3.7919
-3.9083 -6.9807
-8.3226 12.4220
-4.4601 5.3996
7.2197 -6.8903
6.8805 -4.2170
-7.2351 -4.0790
5.9919 10.1884
4.7345 -7.6829
-8.1524 7.6685
9.1578 -4.7216
12.8114 -4.2576
-4.1628 -4.1125
-4.0253 12.9234
-6.3078 -4.0597
-4.1972 -3.9363
5.2716 -4.1408
-4.0051 -4.4246
6.8653 -7.3380
-3.9539 -6.0722
-4.2214 10.6275
11.5188 -6.7118
7.9115 -4.0557
-4.4016 -7.4251
-7.3588 -6.6802
-7.2412 -8.0710
-4.2031 -4.0046
-4.2092 -4.2444
-4.1077 6.7305
11.3835 7.7459
10.1585 -6.5084
-6.7150 -6.8371
5.1187 -7.2375
11.1558 -6.9136
-4.0582 -4.1001
-7.7143 11.0372
-8.2782 -6.2414
-7.7665 -4.0612
-4.3263 -4.1125
10.2873 -4.2427
-4.2316 -9.7754
-9.6945 -4.2562
-4.3212 -4.0468
-4.3380 10.0136
12.4321 -4.2975
-7.5769 10.1078
7.0141 7.3946
5.0089 -9.1152
-3.8376 -4.2638
-8.3066 -4.1755
5.0809 -8.1029
9.2992 7.6211
-6.9135 -4.0187
-7.0717 10.2285
-7.6439 -4.1325
-4.1400 8.5619
-4.3181 -7.7407
-7.4262 7.4268
-4.3025 -4.3926
10.5451 -4.0285
-4.2675 -7.6158
-3.8268 -4.1464
-4.2603 -7.9504
-4.5073 -8.4516
9.3346 -7.7816
6.7266 -4.1182
-4.1109 -3.9551
-4.2102 -7.0994
-4.2055 10.7549
-6.8436 -4.2467
-9.3405 -4.1359
-7.7200 10.0258
-7.5792 -4.2791
-9.2283 -4.2751
-7.1675 -4.3646
-4.3270 -4.3297
8.0383 -4.2450
-4.1024 -8.1865
-4.2792 7.0238
-4.1426 -4.3035
-4.2776 -7.3762
-4.1502 -6.8229
-7.4229 -4.4441
-7.4997 -4.3867
-7.5974 -8.0887
-4.0064 -3.9183
-6.6260 -8.3782
-7.1537 -4.0761
-3.8926 -6.9040
-4.0642 -7.9590
12.6291 -4.1821
9.7110 -4.3850
10.6159 -6.8591
-8.9584 -7.2135
-4.1903 -7.7926
-4.1718 -4.2179
-4.4418 8.8890
-4.1919 -4.1426
-7.9540 -6.1446
8.0695 -4.0758
-3.9996 14.7204
-8.4291 6.2094
-4.2224 7.4577
-7.5607 -3.9428
10.2975 -7.3467
11.0968 -3.9995
-4.0888 -7.5069
7.3838 -6.7188
-6.8771 -10.6588
-4.2945 -6.0096
-8.2076 10.5262
-7.4069 -4.2912
8.7088 -4.1469
-4.0504 -7.1990
-7.0829 -4.2458
-4.1322 -8.6048
5.9379 -6.9520
7.0586 5.0335
9.4717 -4.2401
-7.0591 -6.6946
7.4492 14.1303
-8.1215 10.9244
-4.3320 7.3512
5.8790 -4.4668
-7.1080 13.0674
9.1080 -4.0056
-7.4360 8.5952
-6.7600 11.0701
-6.7107 -5.0601
-9.3527 -4.1798
8.9499 7.1937
-4.2317 -7.7151
-4.3775 -7.9969
-7.4708 0.9792
12.8686 -4.1183
-4.1025 -4.1625
-6.6627 -8.0836
-4.0367 -4.0903
8.6919 7.8385
-7.9602 -4.4094
-8.2245 -4.0449
10.3926 -6.8944
11.8201 13.4016
-7.5038 -5.7794
-3.8522 -4.1605
12.8713 -4.1038
-6.7691 -3.9878
6.6937 -4.1543
-4.1091 9.5582
-8.1404 -3.7947
-4.3088 -4.1757
13.9830 10.3824
12.6755 8.3007
9.8749 -4.1013
7.2462 -8.7277
12.1444 10.9328
-4.0805 -3.7855
-4.1242 -4.1665
-4.0902 -8.9152
-8.0185 -4.5086
-4.3710 -8.8142
-4.3669 -7.7674
-4.1030 -7.8203
-4.3370 -8.4182
-4.3425 8.7842
-3.9648 -4.2546
-7.5290 -9.4589
-5.6076 11.8773
-7.1723 -4.5401
-8.4508 -4.1724
-8.2026 -4.1056
-9.8484 -4.0437
-4.1466 -4.1028
-6.7001 -7.9310
-4.0095 -7.7859
-4.3607 -4.2760
-3.9728 -4.4036
7.5512 -4.4862
-6.8820 -8.4169
-4.1381 -7.6725
7.7512 -7.6847
-4.4895 -7.8723
-9.0604 -9.2084
-7.7364 -3.7807
-4.1787 -6.3027
-7.4076 -4.3411
13.3700 -4.4617
-7.4817 2.7909
-4.3682 -6.5621
8.1289 -7.1776
-8.0820 -7.2972
-4.8406 -7.4590
11.1004 11.0813
-4.2529 -4.4798
7.4400 -9.5480
8.8659 -4.2171
-6.5930 -8.2507
7.1734 -8.0854
-4.2857 8.4954
-9.1965 -6.3384
-4.3803 11.3599
-4.4380 -4.1510
11.6019 -4.2320
9.8030 -4.4881
-4.0760 -4.0335
-9.2059 -4.3050
-6.1269 -7.3543
-4.2272 -4.3356
-4.1561 -4.0325
9.6604 -6.7829
8.2818 -9.3865
-8.7405 9.2563
-7.1679 -4.0151
-8.0578 -4.3237
-5.5883 -4.2947
8.4590 -7.4618
-7.4209 -4.1166
-6.1736 -7.7807
-3.9751 -4.0076
9.9030 9.6043
-4.2833 -7.8200
-4.1651 -6.7879
8.1989 -4.3013
-8.2538 -4.0285
8.8816 -4.2199
-4.0135 -7.8273
9.4676 -6.0731
-3.9866 -8.1720
-7.0765 -8.6980
-4.1977 -4.0489
-4.2328 12.3285
-4.0509 4.9277
-7.3973 5.7989
-3.8123 -7.3832
-6.6598 8.9967
-8.0431 13.7779
-6.8620 -7.8309
-7.9827 8.9119
-7.8094 -7.1168
-4.1280 -7.7134
11.0628 -8.0697
-4.3925 -8.8328
10.9017 8.2264
-7.5829 -7.0133
9.3650 -3.9029
11.7857 -3.9081
-7.7870 -5.6254
-6.2496 -3.5810
4.1247 -3.9738
-4.0618 -3.9082
-9.3718 -6.2981
-4.5237 -8.8097
0.8226 3.5441
2.8793 -7.6187
0.3921 6.3251
-4.1073 5.1414
-3.4924 -2.7422
-3.7231 -6.1726
0.2034 2.8119
-8.2674 -3.5018
4.4871 -6.7517
-3.8769 -7.3516
-4.4893 -7.3758
-7.5506 -0.8012
-3.6701 -6.5903
-4.3516 -12.4304
-6.9233 -7.2416
-3.8289 4.1714
-3.9453 2.8977
-6.0764 -1.7484
3.4552 -2.5814
-7.3925 1.2992
-4.2615 -4.1312
-1.4007 3.1892
4.5871 4.2964
-5.9970 -7.0283
-9.1286 -1.9707
3.9509 -5.8469
3.8047 -7.8575
-7.1813 -6.6627
-8.1578 -6.8036
2.9305 -0.3441
-4.0961 3.1891
-3.9772 -0.7686
4.0967 3.4481
-3.7410 -3.9331
-4.5785 -5.3312
-0.4382 -4.2311
-6.7129 -3.7206
-7.4633 3.4954
-6.2587 -3.1504
-5.3425 -3.6157
-3.9921 -1.4039
3.9592 5.6006
-0.4184 -9.0071
2.6076 -0.4928
-3.7663 -6.5491
0.1479 4.2649
2.9978 -4.2336
-6.2040 0.8643
-2.0224 4.4700
-4.0727 -4.0070
-5.9361 -7.2441
5.4498 2.9426
-8.7010 -5.7262
-3.5412 -3.8488
-3.7070 0.8262
-7.2554 -4.0273
-9.3933 -13.5446
-3.8409 -4.0879
1.6014 3.6642
2.5998 3.5527
-0.0848 -10.2387
-5.6869 3.3619
-6.7721 -8.0243
-6.1113 -3.7315
-4.1060 4.3673
5.3922 2.8013
-4.3356 4.6239
2.9657 -7.8695
4.0532 5.0525
0.6721 -8.7580
-4.0862 -4.4547
-3.9012 -5.7543
-3.6232 3.8639
-0.7742 -5.0240
2.7415 -3.4203
-8.8800 -3.6818
-7.9131 -6.1697
-3.8869 -5.7477
3.8942 -5.0192
-3.9814 -10.0413
2.9113 -0.6582
0.3550 -3.9578
-6.8515 -8.3080
-8.6360 2.0723
-3.5078 -3.7743
-4.1142 -3.9851
-3.5943 -7.4334
-3.3916 -1.7238
-5.8123 3.5937
-10.7816 2.7379
-14.2125 5.5392
3.8087 -8.9360
-5.1351 -0.5836
-6.4203 -9.8504
-2.2564 4.5904
0.7200 -6.7866
-3.0143 -0.9709
3.2745 -3.9079
-9.4113 4.3398
5.7660 2.9425
-5.6272 0.9479
-4.6897 2.5664
-6.3193 1.0828
3.3720 5.2163
-6.4442 -3.3256
-3.7128 -3.5258
-3.7173 -4.7888
-3.2696 -3.7890
-9.4063 -4.8640
1.1126 -6.7161
2.3902 -6.4800
-0.9686 -7.4721
-4.1739 -6.5517
-2.8456 -9.4956
4.5427 -7.8176
2.1880 3.5178
-7.4951 -10.6795
2.9060 -5.3354
2.9923 -5.8732
3.0472 3.3262
-6.3648 2.2283
-8.5041 -3.4912
-4.5617 -3.8549
-4.0327 -5.9082
0.0110 3.0178
4.4527 5.2529
3.3331 3.9249
-10.2789 -3.6207
4.2681 -6.4036
-7.8949 -2.4915
2.4017 -1.7089
-1.0818 -3.9503
2.2371 2.7622
-3.8008 4.0568
-3.6050 -4.2398
-3.6890 -1.3205
3.4077 -9.6275
-3.7744 1.2524
2.3974 -10.1014
-4.5044 -6.7140
-6.1198 -4.0172
-8.9865 -1.9974
-5.8424 2.2125
-8.9079 -1.7157
-2.6593 4.9802
-3.9225 -3.2172
-2.9740 1.8250
4.7666 -5.9777
3.4329 -3.5584
-0.8421 4.2912
-5.6512 -2.5915
-4.0331 -3.5184
3.2047 -7.7561
-2.3575 -3.4918
-6.1566 -7.0621
-3.6403 -4.3355
-7.9823 -10.6356
3.6602 -5.0117
-5.0598 4.2386
-3.7070 -3.8411
-2.9885 -5.1236
3.4842 -5.0033
3.5344 -2.1828
3.6624 -3.5435
-5.0986 -4.2883
-5.3133 -9.6243
1.9423 -8.8632
0.2840 -8.2037
3.9048 2.0905
-5.7191 -3.6928
-1.1814 -4.1941
-5.5130 -7.4825
-3.7042 -4.1131
-3.7110 -3.6644
-4.0170 5.2831
3.1888 -2.0032
-6.4880 -7.3565
-7.3689 2.0730
-0.7704 -8.0320
4.8775 3.8080
-3.5926 -3.9022
-5.7246 -6.3488
4.3905 3.3300
3.3788 -1.6077
-6.5313 -6.6675
-1.4714 -4.6601
-3.5080 -4.4142
-7.2498 -4.6484
0.3623 -6.3271
-2.7198 -4.1674
0.8203 -7.2211
-8.6404 -4.0728
3.8608 -3.8491
-3.8088 -2.6758
-5.7164 -3.8516
-6.6395 -7.1587
-6.5791 4.9089
-8.2222 -2.7195
-4.0668 -6.4101
-8.2540 -3.3021
4.5673 -4.4351
-12.5581 -3.6822
-10.0456 -3.7857
1.0573 -4.4275
3.3649 4.3842
-4.5502 -8.5940
0.1154 -0.5131
-1.0555 -4.1611
-4.1890 -10.1544
-4.9419 -3.5794
2.1878 -2.0383
-4.0624 2.2390
-9.0438 -3.9904
-5.4146 -11.2974
-3.9973 -7.1313
-6.7556 -8.2118
-9.8330 1.5753
-1.3939 2.9251
-7.4310 -3.8439
-1.7196 4.0593
-3.6476 -7.9957
-2.6347 -5.5161
4.1244 5.3903
-3.9443 -2.9494
4.4800 -7.9910
-10.1586 -3.8410
-3.5095 -0.9722
-3.8852 -3.7547
-3.9040 -8.8777
-3.8478 -4.9558
1.7242 -0.2874
-4.1060 -4.3775
-7.3026 -2.6829
-2.1775 -6.6457
-1.2684 2.3388
-7.4102 -6.8526
-6.1943 -6.6416
-3.7310 -0.2351
0.7476 -4.2322
-1.9261 -4.4258
-6.0823 -3.7159
-2.1093 2.2883
-3.9991 -6.5405
-3.4718 -3.6942
-5.1454 -3.7655
-10.6875 5.3806
-4.6035 1.6036
-4.6660 -2.9691
4.5386 -3.8666
-4.0475 4.9513
-7.3916 -4.5527
-8.4187 -2.1943
-4.0112 -3.4565
-3.7296 -4.2160
3.6697 2.9458
-3.7264 3.1170
-3.8512 -3.5817
3.4770 5.3081
-7.9120 3.5918
-6.4659 -3.6825
-4.9168 3.3093
-7.1503 -3.7937
-9.7518 -4.5155
3.5773 -3.3643
-0.9004 -9.5705
-3.7152 -3.8793
-0.2400 4.2455
-4.2913 4.2878
-4.0981 -7.3816
1.0944 -2.8737
-7.8845 -13.4067
-4.0895 -9.7713
-6.3560 4.0016
-3.7093 -5.7812
-7.3480 -6.2513
-3.9815 0.0440
-4.1223 1.8142
-2.5232 -5.0392
-2.1438 4.0167
-6.7033 -3.4856
-7.1783 -6.1897
3.2791 -5.1120
-0.2845 -4.1221
-3.8778 -3.7662
3.0640 -4.0113
-9.9490 4.8752
-3.6084 -3.8614
-6.3708 5.5594
-3.9511 -4.2048
6.2292 4.4494
-1.8378 -0.2146
3.0937 -3.1679
-8.2636 4.9955
3.2226 -3.7579
-3.5381 -4.6711
-1.8159 4.4077
-9.1195 4.5024
-6.1915 -6.3477
1.3607 -5.0294
3.4647 -1.9078
-3.8833 -8.9249
-6.7729 -0.7377
2.1024 -7.7359
-0.2788 -7.0391
3.2582 -2.0927
-3.7223 0.2875
-3.9735 1.6524
-6.2869 -0.2175
4.2781 -1.2704
-6.3792 -5.1787
-4.1097 -5.0150
4.0928 -5.3785
1.4724 -3.6423
-2.1311 4.5512
-4.0180 2.9321
-3.8637 -4.7503
-0.3077 -6.6084
-2.1744 -4.5801
-3.5322 -3.7375
3.2195 4.2420
5.3731 -3.7877
4.1874 -3.8860
-0.4864 -3.4188
-5.8764 -3.2157
2.9379 -3.9598
2.3762 -6.0988
-7.0543 -3.6737
-10.6708 -3.5917
-9.4692 -7.9087
-4.0835 1.4799
-3.7713 -5.0863
-12.3103 2.8901
-4.7187 -3.7868
1.6869 -7.8766
2.6419 4.4692
4.0039 -4.7106
-3.8189 -5.7919
-4.1401 -8.5036
3.4956 -4.6023
2.5687 -4.1081
-4.0658 4.4731
-4.0313 4.0838
2.1549 2.4766
3.0220 -2.7393
0.2929 -9.6914
-4.8949 -12.0317
1.2591 3.4417
-9.5874 -4.2980
-3.8903 -8.6822
-3.4745 4.4012
-1.8170 -4.9926
1.9621 2.5195
-5.3259 1.0082
2.1336 -6.5599
-11.2371 -3.7190
-4.1620 -0.7997
-1.6313 4.3067
0.6517 -11.1823
3.0137 -2.8715
-7.5469 2.9898
-5.2909 -3.5728
0.8805 -4.3568
-7.8922 -7.7230
-3.7607 -3.8331
1.9200 -3.8254
-9.0101 -1.6614
-1.0794 -4.1680
-10.4048 -8.2201
-3.4354 -4.0411
3.8071 2.8320
-2.1981 -7.0504
-8.8875 -5.0480
-3.6842 -3.1493
-3.7551 -3.7270
4.7105 -4.1126
2.4439 -4.1757
-5.5960 -5.5617
-1.5606 -3.8378
0.2783 -0.2133
-6.3142 -7.9807
-6.2448 -5.5911
1.3701 -3.9772
-12.0932 -4.0702
-8.2931 -6.2380
4.2795 -3.6075
2.5066 -9.0288
-3.7560 -0.2492
-1.8583 -9.8369
-6.3953 -3.9765
2.0601 -1.7685
-3.7247 -9.3454
-3.4805 4.7764
-4.1585 4.1948
-7.8960 3.6816
4.4489 -9.3205
-2.9274 -9.1619
0.3013 -6.6110
5.4511 -5.2275
3.5347 -3.4272
-3.8129 -3.9515
-1.4778 -3.8206
-4.4334 -2.8149
-3.7799 -10.3364
1.4885 -3.9299
-10.0065 -3.3612
0.8866 -9.4446
-3.7409 -4.0310
-3.3774 -6.1847
-3.3132 -3.9719
-6.9206 -9.7735
-6.3857 -3.3596
-5.1009 3.3955
-10.3475 4.7540
-3.8142 -3.6604
-7.3325 -4.6504
-7.1585 -6.3178
-3.8525 -3.9559
-9.2514 -7.5543
-4.0156 -3.6945
-7.7920 -7.5980
3.8767 2.4894
-2.6900 -3.6176
3.6205 3.1187
-5.7916 -1.3767
-8.0032 -4.2477
3.5722 0.6126
-4.0513 -3.6147
-6.2339 -4.6073
-4.0242 3.2066
0.3134 -7.0750
-3.7006 -3.7254
5.8629 -7.0958
3.7806 -4.0681
-11.0179 -4.9616
-3.6493 -9.8421
-7.0729 -3.7774
3.1919 2.7445
5.0566 3.5422
1.9025 2.4913
-0.7761 -1.9112
1.7094 -1.7122
-3.2153 1.5878
2.8643 -2.4587
-1.6426 4.0422
-3.4974 -3.8237
-3.9479 -8.1778
1.7644 -4.2453
3.3286 -3.0818
-9.4797 -8.8511
-3.9983 -3.9156
-1.4712 -1.4331
2.7499 -4.8638
-3.3828 -4.1115
2.6677 2.1564
-1.3849 -4.7462
0.4041 -3.9755
-6.2063 -9.3284
-0.2798 4.7990
-3.5163 3.2746
-6.1015 -2.9025
-4.0126 -1.9697
-3.8271 -6.3431
-3.2945 -6.9758
-4.0053 0.7085
-3.6025 -4.1582
3.0000 -3.8561
2.2469 3.9341
-0.3150 -10.4065
4.0318 -3.8806
-13.1502 -4.8078
-7.3148 -9.2277
-5.1772 -3.4168
4.5110 -1.8389
-3.6883 -1.3169
-3.8274 5.3105
-6.4316 3.9612
-0.6423 -3.6387
-4.2147 -13.7839
-9.7233 5.0495
-8.5685 -3.9218
-4.1382 -6.6935
-4.0504 -0.4446
2.6846 1.7693
-4.7738 -7.4838
3.8414 -3.5389
-3.9021 -11.5777
2.9338 -3.2604
-3.9689 -7.4000
4.8315 1.5432
3.4058 -2.2967
-0.9436 -4.8038
-3.9680 -7.7413
-4.2054 -6.7300
-3.9155 -4.1578
4.8689 -3.6186
2.2410 3.4602
-0.9222 -5.7157
-7.4828 -8.0615
-4.3098 -2.7865
-1.0231 -3.0787
-9.5599 -3.1757
-3.9214 3.2721
-5.7035 -1.7476
-3.5821 -3.6376
4.0071 -4.6819
1.8806 -4.2535
-5.8656 1.7826
-4.1109 -3.5511
-8.6928 2.1061
-2.9628 3.7711
-3.8135 4.1261
3.2652 -8.8983
-3.7703 -3.7100
-3.8223 3.7739
-7.5115 3.7012
-3.4186 -1.0963
-3.7366 2.7043
-8.9007 -3.9535
-3.9716 -3.8408
-7.4871 3.2194
-0.6678 4.8931
5.0107 4.1020
-4.0731 -3.9448
-1.3390 -8.1234
-6.6033 4.5315
-8.6560 -9.9290
-6.8628 3.5814
-4.6255 -2.0349
1.8477 4.5929
-3.7221 -4.1031
1.2418 -8.7623
-6.8617 -6.5564
-7.7343 -4.8579
1.4358 1.8821
-4.5442 4.1758
4.5743 -5.7050
-3.8546 3.0236
-6.3506 4.0469
-0.7106 -3.8217
-6.0442 -4.4633
-11.1275 -3.5723
-3.4611 -0.7796
-5.7742 -4.8552
2.2857 -6.7196
-3.4175 -6.6248
-4.0678 -2.9321
-1.5801 3.5099
3.0329 -7.2110
-6.4549 -7.8378
-2.4080 -0.9802
-7.4268 5.1326
3.8324 -8.6726
1.9338 -3.8807
-0.9857 -2.6212
4.1957 -11.3543
-10.1682 -3.0130
-4.0001 2.3099
1.6907 2.5595
-0.8349 3.5879
-2.3264 -7.8431
-5.2648 -4.2079
-3.3783 -3.7269
-6.0942 -6.5799
-5.2357 2.8698
-4.1438 0.5803
-7.0061 3.0415
4.9562 -10.5926
-3.7415 -6.9627
-3.9610 -3.9725
-0.4999 5.0681
-4.4272 -3.6759
4.0647 -3.5483
-2.4684 4.0835
2.0315 -3.7261
-3.3787 -6.1226
-5.2722 -5.6915
-1.5878 -3.6602
-3.9389 -4.0488
-3.7004 -4.0698
4.4927 -3.6369
-4.3461 -2.8411
-3.0820 -5.9187
-4.2206 0.7191
-7.3436 -3.5106
-4.0683 -3.8564
-6.3620 -3.4492
-1.1181 -5.2343
-0.2608 0.5400
-4.1216 -0.1447
-7.2128 -4.7282
-6.8381 -3.8441
4.2904 -4.7021
-3.7616 -2.2487
2.5628 -8.8668
-5.8109 -4.0451
4.0400 4.1066
3.5473 0.2290
-0.7667 0.9090
3.9082 -10.8930
-2.0977 -12.6803
-8.6231 -3.9577
-4.1006 -7.1071
3.7494 -1.2062
-3.5311 3.8792
2.1140 -5.9126
-7.2929 -1.8389
3.3522 0.3314
-0.5753 -3.9899
3.3412 -0.4956
-0.0247 -4.2028
-7.3423 -6.8004
-6.0662 -5.7920
0.3133 -7.9802
-8.0093 4.7926
-0.4095 -1.5523
-3.5592 1.5535
-5.3893 -3.8950
-3.6399 4.9726
-5.3767 -6.5321
-10.2278 -3.7203
-4.4200 4.5079
-4.0428 -6.7163
-3.1474 2.8971
-1.7705 -7.5566
-3.6341 -8.3410
-3.5387 2.4751
-3.8146 -0.0932
-3.5066 -3.8755
-2.4119 3.7759
0.7451 -7.2231
-4.8597 -8.3188
2.4539 -3.7984
-3.7799 -2.2684
-8.6052 -1.0971
-4.0054 -3.9374
-2.6499 4.6397
-5.2936 -5.8690
-4.1319 -3.9196
2.3255 -3.4946
-6.9363 -3.5659
-3.2698 4.2792
-7.8370 -4.0573
-3.9709 -3.6891
-5.1549 -3.8804
-5.7756 4.0713
-0.1305 -4.0013
-8.1222 -7.1551
-3.5381 -3.8618
1.1721 -3.7095
3.5917 -5.6057
-4.2319 2.3648
-4.1943 1.6279
-4.5725 3.0626
-7.1295 -4.8743
4.7412 -11.3357
-2.0976 -11.3539
-0.4707 -3.6814
5.2501 3.2189
-3.7793 -3.9769
-4.1737 -3.4961
4.8527 4.3673
-3.7319 -3.7664
-3.5111 4.4971
-3.5856 -8.2685
-4.2133 -0.3432
0.8938 2.6451
5.1081 -0.9915
-7.2080 -0.3823
-2.6271 2.2630
-6.2666 -4.0772
-8.0783 -3.5468
-3.9649 4.0648
4.6531 -3.9690
-3.7631 -7.8401
-8.2705 -4.1339
-3.6434 1.7842
-3.4336 -3.7550
-3.9961 -5.7111
-3.5438 -3.8123
-3.7593 -7.7949
-4.2028 -4.3641
-3.9607 -0.0119
4.8527 1.2279
-0.3320 4.3222
-10.8720 -3.7025
1.4617 4.1983
-3.9181 -2.1242
-6.9165 -9.2864
-5.7369 2.5261
-3.3537 -5.5050
-3.7962 -7.1639
-0.1575 2.7625
-4.0835 -1.4870
2.2878 -3.8057
-7.4258 -1.8556
4.3345 4.1142
3.6473 -3.3401
-4.2924 -3.6584
-7.0460 3.2093
-6.1720 -6.8835
-4.3044 3.3150
-6.7202 -3.3106
-6.4013 -2.2186
-3.8466 -4.1170
-2.6333 -10.3851
-5.2706 -3.5259
-4.1044 -3.8204
-4.0302 -8.2297
-6.0887 -4.6282
-4.2041 -6.9956
4.8181 -6.5727
-6.4207 -2.6803
-7.4370 -6.4358
-2.7469 -7.2994
-4.0145 3.1482
-8.0741 -9.8505
3.1435 -6.3546
-2.0062 -7.7309
-4.7850 -10.5305
-3.7320 -2.0847
0.4555 2.0799
-3.6819 -0.9270
-6.0513 -3.0780
4.1667 -9.3054
0.7903 -1.8344
-5.9488 -8.2627
2.2282 4.4130
3.1227 2.8590
1.4439 0.5797
0.5168 -3.7005
-2.9301 -6.6168
-4.0075 -4.3538
-3.5098 4.7543
4.3993 -1.0425
1.3047 -3.9317
4.8974 -4.2820
-3.4173 2.6881
-4.5241 -0.1865
-8.6817 -4.3492
5.0591 -9.0621
0.1683 -2.8437
-1.8911 4.1827
-1.4275 0.0874
4.6102 -3.8338
-0.1310 -0.1974
4.1682 3.6747
-8.2640 -4.1783
-3.1214 4.1015
-3.8301 0.9446
-7.0310 -4.8677
4.5155 -8.2639
-8.0875 -4.1333
-3.6904 2.8087
-3.9935 -5.1814
-5.2275 -11.3084
-10.0563 -11.3744
0.8071 -8.0709
2.1272 -3.8242
-8.0612 -6.9889
4.2676 -4.1568
0.0258 -4.7284
-8.0221 -2.8795
-10.0498 4.0455
1.2251 -3.5224
3.2304 -4.9201
-1.4241 -3.7936
-6.5751 -1.5048
-4.1589 3.7449
1.0775 -3.8175
3.5215 -1.5571
2.7584 -4.7388
-1.5148 -5.9106
3.2278 -4.5818
-6.7534 2.8056
3.7643 -3.9062
-3.8829 -10.8014
5.1718 -0.6812
-3.1879 -1.7482
-3.7889 3.9413
-10.6240 4.0233
-3.7654 -3.8625
-1.6462 3.2447
4.3761 4.5013
-9.2824 -3.7711
2.7646 -11.1155
-3.1496 -0.0776
-5.5579 -10.6115
-4.0196 -3.8963
1.5521 4.0491
-3.8525 -3.9999
-3.4603 -2.5047
-9.0751 0.8489
1.1851 -5.2030
-7.7940 -0.1875
-4.2946 -7.8590
-4.2773 -3.5327
-6.5089 -9.6330
-1.2785 4.2818
-8.0321 -3.9757
-9.8811 3.1075
2.4181 2.7298
-7.0160 -3.7753
-4.0616 -3.7296
0.8002 -2.7016
-3.6942 -3.6503
-7.7675 -3.9451
-3.5142 -8.3067
1.3960 -3.9343
3.2952 -6.2977
-6.6151 -4.7973
3.7695 3.5498
-4.1609 -0.2863
3.9296 4.5626
-6.7407 -1.0973
-6.6890 -0.3949
-8.2558 4.1344
2.0070 -7.9013
4.4843 -3.6920
-8.8568 -6.4677
-7.4805 2.6013
1.5964 -1.5168
-3.6947 -7.5014
-11.1755 -3.6174
-4.6598 -3.7233
4.4371 -5.8752
-5.3802 -5.9570
-4.6671 -7.5480
-1.1535 3.8291
-2.5472 -8.5765
-8.1128 4.2217
-4.3044 -3.6558
-3.1397 -6.0269
-7.3055 -10.5541
-8.6745 -2.4594
-9.5733 -9.9198
3.1262 4.8291
2.2114 -3.6182
-2.4303 -1.3206
-12.3016 -2.7771
-3.8741 4.8123
-2.0505 -3.3190
2.8511 -3.9117
-3.9025 -4.1160
0.0179 -3.8114
-8.5416 -3.9750
4.5374 0.0478
5.5779 -3.8608
-5.8978 -3.8083
-6.4400 -3.4480
-3.2137 -3.3710
-10.7112 -10.8408
-3.8455 -5.2913
4.8000 2.4291
-7.4496 -4.5370
-8.8216 -4.0057
-3.6815 -2.0779
-7.9316 -5.9397
2.8353 4.1598
-3.7475 -3.2202
4.2048 4.0265
-3.9189 -6.2249
-3.5159 -5.3299
-7.5015 -7.8691
-1.2360 -4.0624
-4.0640 -4.1088
2.4197 -3.8077
-3.5443 -6.8249
-5.8360 -4.1480
-7.5352 -5.8762
4.4366 -4.0033
-3.8592 4.1351
-6.6355 -7.0585
-10.4951 5.3404
-7.9569 3.5212
-3.7161 5.3553
-9.4095 -2.8356
3.7576 3.0855
-2.2708 -6.8112
-3.7533 -6.6180
-6.7495 -3.0547
-4.6130 -3.8696
-3.5368 -3.7961
2.9515 6.0115
3.3676 -0.8909
3.0880 -2.6046
-7.0834 -10.3158
-7.7464 -8.3582
-3.0307 -3.7987
0.2646 -3.4387
-3.9941 -4.1525
-4.6340 -5.5176
-3.5345 3.9627
-1.8633 -5.2716
3.5931 4.6574
1.7430 -3.7865
-4.0589 -3.6041
-4.0909 -7.2474
-5.3555 -4.0642
-10.4836 -4.6227
2.9411 -11.0183
-5.3132 4.8298
-3.5904 -2.4670
-3.7074 -3.9243
-11.2244 -3.4508
2.6770 -3.6755
-8.5032 -8.5020
-3.9421 0.3604
-5.6038 -1.6950
-7.1981 3.4351
-3.9032 1.7966
-4.1647 -9.9239
-3.6131 -3.6851
-7.6470 -3.7790
-1.7660 -0.5412
5.2945 -8.5497
-1.8810 -3.6851
-7.0203 5.4635
-6.4245 -5.4674
-3.4381 1.5169
-9.8912 -7.8201
-2.1109 -3.6526
3.9934 -2.5791
-4.3030 4.7242
-10.0867 -4.8459
-3.5951 2.3363
-7.4814 2.1637
-3.7035 4.2167
-9.7074 2.9840
-6.1111 -2.1622
-7.6902 2.4943
-3.8738 -1.3748
-4.2901 -4.2349
-3.7089 2.3569
-3.9592 -10.2222
-3.0918 -10.5125
2.9406 1.7710
-6.8414 -2.5906
2.8797 -3.5966
-3.4979 -5.7909
-1.2823 -0.9449
-6.1403 -6.8745
-3.8261 -2.9996
2.5618 -4.0589
-7.6169 -6.6266
-5.9538 -4.1498
-3.6961 5.3333
3.7777 -2.5648
-3.1269 -0.4950
3.1867 -5.4962
4.3629 2.7006
-3.4300 -3.5172
-8.4039 -8.1097
-8.6757 2.1347
-2.0700 1.2167
2.9966 -4.7825
5.8259 4.4871
-3.7134 -9.3093
4.7002 4.3558
-4.9609 -11.5373
-3.9472 -2.6493
-0.8595 -5.6142
-4.0779 -3.7286
3.6464 -2.9381
3.4608 4.0080
3.0788 4.3739
3.5756 0.2395
-6.6168 -4.5744
-8.2100 -6.5082
-6.7657 1.1106
1.9100 -5.7962
3.5673 3.1971
7.1043 -7.0232
-0.7728 -3.3403
-2.8637 -4.8010
-5.2126 -2.5847
4.9309 5.1935
-3.8383 -0.1571
-8.2949 4.6133
-2.8245 -8.4610
1.5338 -5.4984
3.0911 -6.0768
-2.9101 -5.4959
-8.1234 -0.7118
-6.5043 4.2457
-5.2997 -3.9573
-5.8076 -7.7209
-6.1900 -3.8076
-5.3205 0.8646
-4.0237 -2.4461
-7.3812 -2.3017
-1.7429 3.5878
-3.9771 -1.3819
2.1865 -4.1740
-3.6673 -3.9108
-9.9822 -5.5749
-11.5078 -6.5366
-5.5649 3.4680
-0.4822 2.3900
-10.1939 -4.1711
-3.9529 -3.6597
-11.1026 -6.1164
-3.6305 -4.1150
-6.1456 0.8603
-4.7644 1.4530
1.3098 0.9931
-3.8775 -5.3818
-6.0619 -1.2888
-5.2279 -6.6536
-6.0712 1.7070
-3.3940 4.8152
-3.6450 -6.0906
-3.5888 -0.7089
-5.9732 -0.7870
-0.6757 4.0139
-3.8077 -3.3224
-0.4898 -4.0762
-11.1668 -8.4696
-3.7448 -0.7614
-6.5278 1.8134
4.0136 -3.8863
-4.3180 -3.3932
3.6564 -3.8532
-3.9413 -1.4257
-3.7367 3.9630
1.7119 -3.6101
1.9460 4.0072
-3.8764 -4.4893
2.0151 -5.1441
4.8714 3.2117
1.0203 -3.8025
-3.5574 -10.1805
4.4471 -5.5304
5.3345 -5.3190
-4.6068 -6.1082
-3.7822 3.4707
-6.8256 3.7871
-10.7598 -4.0940
-3.8158 -9.5403
-3.8016 -4.7553
4.0360 -1.2213
0.5890 -5.0644
-3.8128 -3.9315
-3.7500 -10.7998
2.7666 -3.0713
-3.6596 -5.6550
-4.2927 -0.0849
0.1434 -5.3783
-8.7393 -3.1894
4.5073 -6.3084
-5.6040 -11.0493
2.5753 -4.9787
4.9004 -11.8567
-5.7596 -4.0553
2.9634 -8.0593
-3.9583 -2.3981
-3.8382 -3.5260
3.9531 -3.5785
-4.0614 -3.1050
-3.2722 -7.0030
-0.0738 -4.6793
3.8409 -3.7266
-7.5784 -10.8222
1.4395 -4.0015
-3.3592 5.3020
-3.8874 4.3453
-6.4233 3.4763
-7.3053 -5.8874
-7.9813 3.7929
-12.1002 -5.8941
-4.5587 -4.3812
4.4722 -2.0662
3.0773 -4.0929
-8.6932 2.0966
-5.0718 -3.8879
-5.1848 -2.0228
-3.8080 3.2607
-10.2397 -10.0924
-3.5246 -3.9925
-2.3266 2.2371
-3.9705 3.3832
3.0331 -7.4470
-6.9296 -2.1187
-3.5942 -3.5969
-3.8114 -4.1660
-8.7729 -7.7045
-3.7345 -0.0559
-3.7620 -3.8838
-8.3098 3.9921
1.6756 -4.1289
-6.8695 -3.9172
3.3228 -2.4799
-3.4942 2.9106
4.6110 -4.2458
4.3349 5.2282
2.4058 4.4729
-3.7722 0.6584
2.1885 4.7660
-2.3436 -4.0467
-4.5537 -7.7136
-6.8757 -6.0913
3.9414 -3.7680
2.7715 -5.2270
0.1812 -4.7068
-5.8046 -7.9592
-6.1610 -3.0219
3.3342 -8.7808
-3.9877 -3.7442
-4.0851 3.9433
-2.5343 3.7497
-3.8120 -3.7416
-0.2675 -4.5184
-9.0671 -0.6679
0.1607 4.5900
-5.4492 -7.1198
5.7630 -10.5707
-3.8397 -0.7540
-4.6125 -4.7490
-9.9614 -11.4160
-4.4743 -3.9218
-3.8328 -4.0334
-9.7781 3.5408
-6.5625 -3.6084
-3.6517 3.5075
-7.6163 2.9969
5.6692 -5.8337
0.5383 -3.5190
-3.7672 -4.8404
2.7321 -6.8398
-5.1026 -8.2216
-4.0026 -8.9779
2.9058 3.4783
-5.3279 -1.8854
-9.0857 -5.3575
-8.2286 -3.8795
2.7644 -4.6980
0.7968 -3.7891
-8.3001 3.5199
-6.3827 -4.6317
-4.2507 -1.4170
-3.7269 -3.1679
-3.7516 -1.0420
-3.9161 -9.2256
-3.6675 -9.5486
-8.9947 2.4855
-3.9036 -4.3994
-1.9970 -3.6174
-7.8405 -9.4598
5.5314 -9.1552
3.9376 -3.7478
3.1330 2.4127
-9.9539 -7.0806
2.7417 -3.7009
-8.2283 3.2115
4.0324 -8.1990
-4.0116 -4.5975
3.3691 -3.7096
2.7918 -4.7515
4.4357 -4.7213
-0.2872 -3.9865
3.1897 -1.6461
-11.2509 -2.9311
-9.1775 -3.4172
3.6904 -5.6744
-3.5067 -5.1246
-5.6417 -5.9966
-4.1500 2.1242
-3.7834 3.3068
-4.8437 -2.3753
-4.2315 -6.5660
1.6597 2.8605
3.2425 3.3980
-3.5857 4.2949
0.7190 -1.4519
-2.4943 -5.1057
2.6293 3.8803
-9.1079 3.9274
-3.7145 -3.4814
2.6546 -3.7351
-3.8706 3.9357
-4.8152 2.8189
-6.4036 3.2933
2.8684 3.3935
-4.1695 -7.4554
3.2265 -8.1694
-10.1042 2.6353
5.1905 -4.1797
-8.8338 3.3329
-3.8319 1.2352
-1.1764 -3.5514
-1.3770 2.9375
-7.8206 -11.4302
4.3491 -1.3282
4.6477 -3.5776
-3.0626 3.3045
2.3646 0.5515
-8.4449 3.4939
-4.2237 -9.2860
4.1237 -3.9373
-4.3763 -4.1213
-3.3989 3.6119
-3.7835 -3.5429
-6.7887 -5.4661
-7.5189 3.7813
-4.5667 -5.6936
3.9320 4.5089
-3.7210 -1.7196
-9.2277 -5.5612
-8.8307 -3.5343
0.0484 5.5791
-5.9932 -7.6474
2.1236 4.0158
-8.2228 -3.8256
-0.8597 -8.1115
-6.0226 0.9028
0.8324 -3.8591
-6.2987 1.8225
-3.9410 3.3480
3.3844 -4.0882
-6.7384 -3.6609
-9.7073 -8.6638
0.0884 -4.0846
-4.2316 -4.8508
-9.1090 -3.5266
-4.8454 6.9093
-3.7830 -6.8840
3.4166 1.3541
-6.3327 0.1720
-3.4325 0.7330
3.7124 -2.5569
2.3005 -2.5064
-7.5235 -3.0317
-4.4800 -8.1013
-1.8756 -3.7435
-5.4296 -0.4621
-4.0182 2.7175
3.3098 -2.0729
3.4930 -6.6543
-6.7121 4.2453
1.4203 -3.1184
3.8166 -8.5268
-3.9898 -1.5877
-7.7096 3.6127
-9.7926 -4.0174
5.3261 2.8141
-9.0441 -4.5674
-6.3427 3.5734
4.2245 -7.8047
-7.0206 -8.4258
-3.4761 6.1201
2.1329 -3.7095
-9.6480 -8.3791
-5.6327 3.5577
-3.2938 -3.4292
-3.7629 -3.6326
-3.8766 -9.4520
-4.3691 -9.0203
-3.7412 4.1486
-1.6258 3.0743
-3.5801 -3.7240
-8.9168 -3.5782
-3.9488 -6.7464
-3.9538 -3.4703
-3.9010 -4.0330
4.1250 3.3576
5.2057 -3.2988
-6.5596 2.4058
-4.8756 -5.6574
-6.4744 2.9837
-4.0499 -2.6165
2.6356 -5.8456
-1.9932 -2.8610
-6.9856 -6.3331
4.3313 3.2101
-3.7108 4.3169
-3.5608 -3.7988
-3.9238 1.3195
-6.3282 -3.8858
0.9646 4.3554
1.8001 -2.3119
-3.8975 -6.5642
-3.8601 -9.7040
-2.8811 -1.1744
-3.8121 3.5439
2.0971 -10.7291
-4.0569 -13.4163
-3.6422 4.0806
-3.8363 -8.0673
0.7886 -3.8457
1.7094 -0.9987
-3.9048 4.3775
3.6939 -9.6737
2.3098 5.3818
-2.6723 3.4687
-4.1841 -3.8715
-5.7752 -4.7939
3.3403 -4.5834
3.4491 5.1822
-8.8231 -8.6659
2.6129 0.2029
-3.9091 -3.8408
-8.3440 -1.9857
3.9756 4.4681
-5.4366 4.4010
1.2408 -3.4664
3.1921 -4.4377
-6.9419 -5.7966
-4.5393 -4.0493
-0.5528 3.7244
-4.1561 3.0735
4.4038 3.0428
-9.2274 1.7777
-3.6856 -4.0867
-7.4072 -6.8943
4.4832 -4.3236
1.0747 -7.5372
-8.9874 -0.9727
-6.4238 -3.1151
-1.8762 -10.0514
-5.7121 -7.5683
-3.9920 -2.9104
-1.6906 -8.2053
3.1391 1.8983
-7.8903 -9.7556
-8.7015 -7.3474
-5.9952 -8.0743
-3.7928 -3.0769
-9.9675 4.1848
-12.3059 4.6030
3.2961 -0.7273
-6.3292 -4.4272
3.3375 -6.9524
-3.9832 -4.6038
3.7969 -3.7721
-6.9678 2.3190
-6.9117 -6.5982
-6.9346 -8.7843
-2.6194 -7.4767
-4.0911 3.5538
-3.1084 -9.2537
-3.8942 -0.7283
-2.3216 -5.3928
4.0415 -5.9918
-6.3967 -3.5411
3.6131 5.0630
-3.5318 3.7943
-4.4274 1.5866
-2.5158 3.6276
-1.1125 5.4198
-9.0765 -7.8075
-3.8620 -2.8554
-4.5671 -9.5662
-11.7969 -5.5723
4.9170 -5.9711
4.4500 3.5790
-8.7949 -3.9059
-9.5194 -3.7347
4.7128 -2.1123
3.7629 -6.7506
-5.7961 -7.7428
5.2643 -0.7323
2.9959 -10.5471
-3.8469 3.7302
4.3026 -8.0554
-5.6279 4.0910
-3.5210 -6.8767
-1.8224 -10.8372
1.5603 -7.4812
2.0999 -4.0609
-8.3045 -5.7317
-2.1570 4.3210
-3.9909 4.5476
2.9242 -3.5371
-7.7325 -4.0194
4.0829 -0.1793
0.1699 4.7685
-7.6088 -4.0743
-3.6490 -3.9189
-4.1392 -9.1020
0.8312 -7.6952
-3.9903 4.1717
-6.5135 -5.4301
-3.6070 -5.3131
1.6985 3.7925
-3.7776 3.0158
2.3665 -3.7898
-9.1885 -8.2760
-3.5760 -1.4323
4.1408 3.0532
-5.3885 -2.1591
-3.5791 -8.3381
4.1118 1.9167
-5.9724 -1.9134
-4.1242 -3.8396
-3.4460 5.6211
-3.6476 -0.2749
-4.8593 3.2300
-6.0459 4.7149
5.2345 -3.5759
2.5708 -5.3121
-7.3447 -3.6375
-6.3231 -3.5798
-6.2665 2.9896
-3.8600 3.9695
-3.8424 -5.5240
-8.6253 -2.2251
4.0040 -0.4371
4.0430 5.1115
0.2224 -3.4792
2.2753 -3.7292
-4.5047 4.5391
-5.0572 -3.7342
-4.1883 0.7383
-6.6539 -3.7415
-1.6563 2.4235
-5.4011 -7.6101
-6.6220 -3.5997
3.9660 3.0972
-6.4159 -7.9859
-3.9588 -3.8944
-3.7415 -11.8806
3.5154 4.9199
1.4398 -6.5833
0.2923 -3.9458
-3.0461 -1.7599
-4.4165 3.8295
-4.9369 -0.0750
4.4910 -3.7919
-3.8709 4.2883
-3.5581 3.6278
-6.6004 -4.0003
3.5563 -5.9988
-3.9599 4.5629
-8.1545 -9.4439
-4.8614 4.8793
2.5533 -3.9553
-3.9252 -9.7831
-2.5892 3.4511
4.1316 -4.0877
-2.3742 -3.5385
-3.5398 -3.8827
3.3620 -3.5393
-3.9964 -0.3222
-9.8063 -8.5370
-10.6364 -4.4129
-4.1570 -2.4257
-0.6968 -6.9690
-8.4515 -4.4509
-6.6518 -8.3011
3.5229 -3.6894
-5.9486 -3.8908
3.8227 -3.9102
-4.0356 -5.7517
3.1140 -3.8206
-3.7900 0.7530
-1.3328 2.8840
3.5643 3.8226
2.9251 5.4765
4.0121 3.1413
3.9045 -9.0620
-8.8239 2.8007
-3.6431 -7.6967
-1.0518 -7.7062
-4.1440 -7.0226
-3.8189 -3.7719
-5.9256 -3.8556
-2.7720 -8.0144
-6.1609 -1.4211
2.3759 -5.3142
-7.2914 6.0039
-6.7178 -4.2780
4.3525 3.8428
4.3840 -3.9849
0.8799 -5.7228
-4.7075 -4.1657
-8.7108 -8.0119
-4.1466 -3.6452
6.0415 -3.7657
-4.5033 -9.3874
-10.0534 -4.9967
-7.8624 3.6838
-4.0156 -3.8530
2.0645 -5.0522
4.0385 -4.1318
3.6397 -11.6833
4.1753 -2.5285
-4.0586 -7.2003
-3.7826 1.5268
-4.4699 3.1623
-4.0014 -4.8505
-4.8071 -4.4736
-1.0704 -6.5582
-1.4480 -2.7254
-5.8923 2.8960
-5.6533 -9.7884
-3.5267 2.4206
5.6626 -3.6150
-8.2530 -3.6513
-8.1426 -8.0692
-6.4222 -5.7819
0.5819 3.3514
1.3551 3.9085
-0.8778 -8.0206
-3.6814 -3.5994
4.3246 -1.6754
-4.0745 -3.7900
4.5390 0.4381
2.5623 3.1714
4.4225 2.6830
-7.1046 -5.7087
-6.0520 -3.4389
-3.9242 -12.1930
-3.5706 2.3101
-6.6545 -2.4254
2.6597 -2.8573
3.7801 4.0672
0.3150 -2.4118
3.9408 -3.3353
-8.0673 -3.8245
-11.4358 -3.1167
-3.2793 3.1611
5.7055 -4.5731
5.0685 -3.5850
-3.6186 1.5689
3.3723 -4.1772
4.0214 -3.9078
-3.9004 3.9400
4.1255 1.4932
-3.7802 -8.5421
4.9262 2.2152
-6.9183 2.9160
-3.0679 -4.0107
3.7095 -8.2053
-3.6289 0.4360
-3.7757 -8.9630
-12.1190 -12.5287
2.7241 -1.0769
-3.7345 -1.9881
-3.8731 -3.9875
-12.2127 -4.0686
-3.6453 -7.5054
-7.0550 -3.8976
1.3384 -3.3129
4.6576 -1.9570
-12.8462 -3.5859
-4.6078 3.1686
-3.7786 -2.6183
3.9004 -4.1733
3.1459 -5.5932
0.1641 2.7800
3.3759 -9.6485
-2.9328 -8.6022
3.1308 -4.0425
-3.7521 4.8630
-3.7134 -12.7640
-6.7911 2.4102
0.7049 -2.5438
3.0450 -3.8516
4.5901 -3.7826
-9.2929 -6.6733
-2.5688 -0.4637
-3.9406 -3.6773
-7.1875 -3.9258
-3.7139 -4.3794
2.3108 -3.8511
-3.9720 -4.0476
2.3840 4.4258
1.1738 -11.0083
-0.1251 2.8776
-10.1985 3.9878
2.4176 3.4861
-3.6009 4.7042
-5.3665 -2.4177
-1.4148 -3.5503
-4.9891 -3.8821
3.4592 -3.7429
2.5089 4.2157
1.1164 -6.3702
-8.4848 1.0317
-7.9253 -3.8312
-1.2535 1.2479
-3.7397 5.1917
-4.0101 -4.9795
-2.5445 -2.9630
-4.0975 2.5636
-5.6778 -2.1600
3.6603 4.4571
0.1048 -3.8095
-6.1382 -3.7701
-5.8576 -3.6032
-8.0493 -9.4397
-7.9460 3.7970
-1.3145 -6.9208
-3.7500 -3.6591
-3.8259 -2.2480
-3.6206 -3.6427
-10.8720 3.8707
-3.8088 -9.7010
1.2003 -3.8744
-4.7446 -8.7694
-0.9168 -5.6881
-7.1594 -6.3335
-8.1925 -3.5923
-6.4850 -3.7954
3.6494 -1.2373
-8.3973 -5.8591
-4.3577 -9.3034
-0.7640 -3.2879
3.2336 4.8430
-4.1828 -9.7673
-7.2307 -4.2483
-3.4543 -10.6910
-1.8681 -9.2654
3.4531 -7.6331
5.0254 -4.0005
-3.1958 -2.0962
-9.1367 -3.7245
2.3377 -4.2242
-8.5677 -8.5713
-5.7933 -4.1347
1.3357 -3.4121
-3.8103 3.7936
-12.0844 -2.4745
-6.5650 -0.1061
-2.1279 -3.9725
2.1024 5.5279
-1.3684 1.8842
-6.1361 -3.6246
3.2499 -3.5987
-3.5111 -2.6537
-0.2540 -3.9270
-2.7898 -7.2395
-5.2596 -6.2706
-2.2610 -3.7821
-5.1257 -2.3880
4.9174 -4.0710
-6.6434 -3.8871
-8.7738 4.0292
3.7134 -2.9174
-3.8006 -4.1997
4.4026 0.7640
-7.1605 2.5637
-8.4366 -4.0229
2.4240 -5.2340
4.6620 3.3362
4.2532 -3.1300
-3.8876 4.5024
2.2269 -3.7263
-4.1244 4.4471
-2.6770 0.8649
-7.2689 -9.4135
5.9542 -0.0621
3.1004 -4.1945
-0.3713 0.7870
1.2378 -7.0147
-4.2478 -7.2090
-5.7013 3.7366
-8.2531 -6.8980
-3.5049 -9.0424
-4.0614 -8.5607
0.6060 -6.9021
-7.0240 -3.9661
-1.5790 0.7813
1.9215 -7.2286
-8.6433 -3.4103
3.7220 -3.9537
-3.9490 -7.0306
-0.5371 -3.8096
-4.0733 -2.5088
-8.1072 -5.6052
-6.4505 -2.3638
3.6292 4.8352
0.7441 -7.0606
-8.4500 -6.5645
-3.6732 -5.7139
-3.9424 -6.0839
-3.8901 2.5655
-3.4817 -10.1419
-4.3427 -6.8129
4.2634 2.3417
4.0861 -3.7018
-3.1924 -2.1266
-9.5104 0.9510
-7.4974 -9.2824
3.3002 -7.1128
-3.6116 -3.8578
-0.8229 -3.6028
-7.3176 -9.5497
-3.9004 -9.2772
-3.2175 -3.5062
-1.4269 -7.2834
-0.5582 -10.6308
-7.2641 -5.4300
-5.8066 -3.6900
-9.0064 3.1883
-6.5133 3.9527
-5.9915 -3.8047
-7.1989 2.0076
-5.8778 -3.8489
1.2495 -11.3234
-4.2401 -3.8359
-4.0539 -6.3494
-1.0694 -3.8524
-1.3952 3.4819
-5.0209 -7.4543
-3.6232 -5.6898
3.3951 -6.3551
-0.1457 -4.0136
-3.9343 -8.1477
-6.9819 -1.3143
-0.5554 -4.0406
4.7329 5.4301
-0.8940 -0.7411
2.0799 -5.3197
-1.8318 5.8432
-3.8437 0.0353
-13.5505 4.5677
-10.6912 4.7298
-4.1181 -4.8139
4.3069 -4.8108
-3.7617 -4.2166
2.1567 -3.7802
-5.9872 -5.1781
-6.2679 -4.0663
0.2707 -3.8313
-7.5674 -3.1753
-7.3912 -9.0810
-4.1503 -4.7753
-3.6415 -7.6757
-1.9317 -3.2658
3.4011 -5.0756
2.1288 -4.0093
3.5768 -3.4281
3.0527 -4.0208
3.7840 -7.1567
4.9017 -3.7831
-2.8919 -9.1649
-3.6586 4.0933
-4.6270 -3.7798
-3.9607 -0.0303
-4.0926 -3.0442
-4.7632 -3.8534
-3.9781 -2.2838
-5.1691 3.0712
-3.3807 -3.7042
-3.7635 -10.7216
-1.1686 -2.1892
-3.9245 -4.0294
3.3523 -4.6031
0.6049 0.9291
-3.8604 4.0909
2.6982 -5.8155
-8.8685 3.4739
3.1114 -3.0701
-8.3683 -3.9932
-9.0144 -4.3098
1.9863 -6.7538
-4.0184 -3.3574
-5.0476 -8.9122
3.6939 3.8965
0.5384 -3.8521
-4.5370 -7.5778
-4.8137 0.6080
-3.6927 -0.3777
-7.6148 -7.9267
-4.3941 -5.0081
4.4233 1.4139
3.3297 0.4644
3.5772 -3.9019
-9.9060 -6.7425
-4.0616 -3.5249
1.2052 -4.0267
-3.9955 -2.8580
1.9862 -3.7033
0.6233 -1.7040
-3.9461 -4.4278
-6.0730 -2.3134
-3.5262 -5.8832
-2.6995 -7.1354
-6.9036 -7.8552
3.1089 -3.9789
-4.0397 3.8475
-7.1562 -5.6017
4.1227 -4.0293
3.0481 -3.9702
5.4868 -4.0886
-6.6773 -3.8087
-0.2392 4.4602
2.2879 -2.7669
-8.7410 -9.2089
-7.2424 2.9477
-4.3008 -6.7058
4.8850 -4.1971
2.6457 -3.5914
3.7385 -7.2034
4.3115 -4.4004
-3.8414 3.4167
-3.5863 -3.9269
-3.9198 4.1978
-3.7356 -1.4162
-10.7569 -3.4187
2.1456 1.1508
-3.9539 -4.3102
-2.0391 -8.2130
-3.6617 -1.9726
-7.9191 -4.9249
3.6784 -3.9642
-9.3413 2.4866
-3.6807 4.1516
3.4568 -4.0913
-3.1014 -3.6702
-4.3001 -0.1859
4.6882 -3.8847
-3.0493 -5.7589
-5.3996 -6.2938
-2.6112 -4.1770
-9.2403 4.5702
-4.5335 2.6924
-2.3264 -9.0647
-2.6145 -5.9354
4.0921 -9.3280
-5.3874 -8.1997
5.1469 -3.6780
-12.2371 4.4887
4.4237 -4.3579
2.6234 -1.8717
0.4410 -3.8018
0.0059 -1.7074
-3.3881 -3.4670
-2.6039 -7.8069
-2.0966 -4.8743
-10.4857 1.5938
-9.0368 3.9706
1.7335 -1.8349
-8.5291 -3.4517
-0.7371 -6.6677
4.0117 -3.6459
-6.9889 -8.5132
-7.3204 -6.9514
-4.0227 -6.4381
-4.1059 -2.7141
-3.9884 -2.4869
-3.9597 -10.6244
2.4075 -6.0186
-3.9920 -5.3237
-4.5998 -3.2758
-11.4968 3.8089
-3.7534 -5.6485
2.2523 -9.3523
3.8471 -3.8891
-3.5638 -0.2985
-6.8180 -7.5931
4.3083 -3.5671
-3.7929 -4.9462
-6.2654 -3.8592
3.0282 -3.9340
-4.0224 3.5817
-8.3177 -4.0090
1.9962 4.5622
-6.0230 -8.2678
-6.9275 -7.0109
2.1370 2.5207
-3.7845 -7.1739
-1.6304 3.0147
-8.9623 -8.9348
3.6946 -6.1610
-3.6796 -3.9073
4.4570 2.8981
-3.7867 -5.5416
2.9798 2.8591
-4.0831 -3.8863
3.0932 -3.5327
4.2840 -3.9261
-12.2504 -3.4344
3.3711 -3.7224
-3.8277 -3.1073
-3.8422 3.1781
-4.5839 -7.1663
-3.6907 -3.9367
-5.5519 -2.2979
-4.5473 2.1218
2.6678 -8.6632
4.5791 -3.5801
-9.5819 -2.3682
-3.9543 -3.9519
-4.0767 3.9361
-6.7492 -3.8049
-3.5745 3.0877
-6.7688 0.7875
-0.1843 -8.4972
-7.0883 -9.0545
-5.3078 -1.8013
4.3828 1.6113
-3.6672 -6.8427
-5.9483 1.8615
-0.4060 -3.0622
2.8312 -6.5514
2.7253 -3.7857
-6.5149 -3.5565
-3.9638 -4.0163
2.4300 -4.5367
-6.3336 -3.8361
3.3913 -2.1877
-5.4599 3.7427
-3.9260 -2.0786
4.3973 -6.6385
2.5120 5.1806
-3.6363 -7.7734
3.9726 -3.8536
3.3281 -7.1994
-1.8945 -10.1193
-6.6689 3.8465
-4.3881 -4.0350
-9.9650 1.6813
2.6267 -3.7540
4.1153 -5.8700
-3.4968 -3.4640
-3.8817 -3.7001
-12.4962 -5.9611
4.2245 -5.5903
-9.3334 -8.0946
4.6948 -7.7935
3.9823 -3.6948
-5.2730 -3.0437
-4.0636 -2.4740
-3.3423 -3.6208
-7.6801 -5.0794
-7.6471 -6.1482
-6.0201 -1.1046
-2.2588 -8.0054
-5.1844 3.3028
-2.3507 3.0223
-1.5144 -6.0381
5.0677 -3.8378
-2.8271 4.3585
-10.4424 -5.2293
-4.1384 2.1094
2.8477 -8.2250
3.1797 2.4792
-3.7851 -1.5138
-3.6783 0.6586
2.7756 -9.3139
-3.8907 -12.6653
-9.1957 -10.6996
3.2590 -0.7372
-5.3877 3.8792
-3.0607 -0.9748
-3.8203 -4.1149
-1.7213 -1.6923
-0.9717 0.5339
-3.8595 -3.7283
-0.5678 1.6572
0.1097 -4.9203
-3.9351 -2.4044
-6.9492 -0.4041
-3.9781 -3.9023
-3.7225 0.8295
-8.0766 1.4174
-3.9773 -6.6889
4.2341 -0.9899
-8.7292 -11.8015
4.3400 -3.0962
-2.3573 -2.6120
-3.9242 -9.6368
-2.7877 -3.7752
-3.9153 -4.4734
-4.6536 4.3494
-5.6404 -6.8371
2.1808 -3.7940
-6.3588 -7.0678
3.9856 -2.2687
-8.3584 -7.0468
3.4190 -6.5323
0.2853 -3.7711
-0.2459 -3.9893
-5.5503 1.8002
-6.0131 -7.5927
-7.1338 3.0001
5.1595 -4.8340
-8.5253 -6.2495
-4.0896 -6.3134
-3.4786 3.1737
-2.1100 -10.1379
-1.9907 -0.9164
3.9124 1.0422
-9.8951 -8.6095
-4.9738 5.7162
-6.2971 -8.2788
-0.2173 -2.6143
-7.5207 -3.8507
-6.2282 -9.5628
-3.7496 -1.6041
-1.6995 -3.6894
-2.4668 -9.6005
-6.0156 -3.8616
-3.6984 1.1053
-7.2475 2.4627
-3.7257 -3.9788
4.8472 0.3580
0.9016 -8.5945
0.2971 -4.0307
5.1525 -3.7962
-10.2431 -6.3737
-8.1616 -4.1156
-7.3405 -3.8749
0.6521 -3.9302
-3.8752 -4.1534
2.9604 -3.9252
-3.4799 -1.3378
1.8867 2.6248
-3.7613 -3.9334
-8.4991 2.5469
5.0375 -10.0041
-3.8185 -6.2230
3.1697 -3.8231
-8.6071 -5.0038
3.1572 -0.6090
1.9151 4.2025
-6.5919 -10.0695
3.0148 -8.1216
-3.9946 4.2365
-0.0666 -0.7176
-5.1864 -2.5369
-3.3779 3.9122
-1.2549 4.9965
3.8550 -1.5706
4.9533 -3.6947
-2.8165 -6.7094
-1.3975 -8.6959
2.9299 -3.4379
2.1712 -0.5129
2.7752 3.3094
-5.8642 -3.7138
-0.2116 -3.5533
2.9454 5.1998
-6.9085 -5.8188
-2.7678 -8.5890
-4.1938 -7.0836
-5.3572 0.5259
1.9934 -5.4812
-4.1255 -7.0868
2.5831 -5.0967
-8.3504 3.9742
-2.1828 4.5223
-8.7174 5.6832
-3.3559 -4.0330
-3.6765 -10.2879
-3.8189 -3.6094
-6.3039 -13.6764
-4.1394 -0.8457
-6.2017 2.0628
2.0483 0.1167
-4.7561 -3.5327
-3.8502 -4.0628
-5.8825 -4.5069
-3.8691 -4.0567
-0.6897 2.4172
3.4892 -1.6919
-4.9377 -5.8980
3.3856 -5.1810
4.5485 -6.3244
-4.3275 4.0049
-6.7886 0.1170
5.8870 -0.9237
-6.6962 -11.2833
-8.9083 -7.2661
4.6600 3.1469
4.2865 -3.6055
-7.4896 -7.3675
-3.9232 -1.3855
3.9710 -8.3496
-4.3845 -3.5960
4.8873 1.2108
-4.6222 -3.3112
3.4434 -0.2033
-6.2151 -3.7928
-5.5473 -2.1846
-9.1670 -4.6894
4.5564 -0.2344
-3.8489 -3.3359
-3.7374 -3.7154
4.4775 -3.6679
-7.4983 4.0765
-4.1176 -3.7430
-3.7237 -3.6936
2.0695 3.5160
-3.7773 -3.7762
-6.6380 -3.7979
-6.2771 -8.5105
-7.1621 -1.7722
-3.5909 3.6703
-8.6335 -5.4729
-3.9020 -6.2654
-6.5381 -8.8609
-1.9985 -3.9492
3.6949 -6.7404
-2.8374 -4.7503
-4.0227 -3.8526
3.3933 -4.0190
-6.9008 -7.0667
3.2389 3.1531
5.2116 2.5404
-3.6735 -6.2981
-6.9170 -10.0104
-8.1802 -6.9756
-3.5566 -3.7323
-3.8669 -4.1498
3.3451 5.0311
1.2761 -3.9808
1.5593 -3.7069
2.9261 -5.4060
-8.5093 2.6940
-3.7427 -0.1056
1.4338 4.8234
-8.1583 -6.4060
-7.1099 -3.7212
-8.6455 -9.3595
0.0254 -1.9796
-3.2753 -9.9533
-8.1479 -4.9743
-3.2569 -4.1404
-7.2168 -2.6057
-4.3240 -3.8847
-6.7844 -3.7305
1.8797 -3.9396
-11.8161 -2.8443
-7.2647 -3.7510
-1.4811 -3.5726
-3.7456 2.5310
-8.1745 -3.4709
-3.7177 -0.1127
-7.7928 -6.9795
-3.4952 -7.1803
2.5798 0.3066
-4.1723 -1.9187
-4.0993 -4.1612
-7.7392 -7.5343
-2.1533 -3.4024
-7.5456 -4.7252
3.6373 -8.8805
3.7169 -4.0613
4.7597 -3.8478
-8.9548 -7.7084
0.0257 -8.5515
0.9607 -7.8402
-4.0942 -1.1617
-4.3504 3.2645
-8.5831 2.0117
-3.5978 2.5769
-11.3659 -0.8597
-8.1761 -3.9260
-7.3537 -10.0718
-6.2400 -2.8347
-8.1368 -5.4074
4.3759 -7.4925
-3.9962 -1.9994
-5.1317 -6.7421
1.9502 -6.2744
-3.1641 3.8776
-3.6916 3.2993
-8.8287 3.0593
0.9366 -6.8849
-4.9407 0.2711
0.3048 -1.9783
-9.0610 -6.2145
4.3601 -12.8639
3.2557 -3.7178
-4.4989 -3.8239
-6.1307 -3.7735
0.5202 0.3715
2.3261 -9.8314
4.1153 -12.2307
-3.0609 -8.0192
-3.5520 -6.6639
-7.6424 3.7316
3.1168 -3.7918
-9.4136 -5.9925
-4.0229 1.5230
-3.8888 -8.6144
-3.6632 3.5233
-3.0345 -4.3292
2.1293 -3.6936
-4.5661 -2.9545
-0.1762 -4.0146
0.6821 1.9927
-0.4514 -4.8729
1.0524 1.3912
-3.7761 5.3916
-8.0738 -3.9100
-5.4194 -7.5188
-4.3225 3.7063
-6.1106 -5.2781
-5.2178 -4.1292
3.3198 -3.7404
-3.6336 -3.6949
-10.4405 -1.2193
3.6450 -6.3431
-3.6266 3.1697
-3.7586 -6.4580
-4.4712 -8.1281
-9.1227 -2.0340
-3.5887 -4.0115
-2.8623 1.7253
-3.6942 -5.0550
-4.2861 -1.6193
1.5416 -3.3355
-1.5835 -4.0166
-3.5432 -7.9970
2.5580 -4.6783
3.3949 3.2331
-5.1205 -3.8273
-7.5584 -10.1399
-10.5360 3.1955
3.7962 -6.0177
-10.2181 -3.7081
-3.5243 4.1096
-7.8227 -0.9172
-4.5156 -3.7278
1.8902 -3.8859
-3.7738 3.2520
2.1848 -6.1390
-7.4126 -3.4962
-4.9851 2.2648
-6.6377 -3.8460
-4.2426 -0.7870
-3.4116 3.4204
-7.6643 -4.5444
-4.0577 -3.9149
-4.1507 -3.7278
-3.8727 -4.0124
-7.7535 -4.2932
-1.1621 -3.7472
-3.3561 -5.1646
-5.8762 -6.2119
-8.0139 -3.7719
-6.8229 -5.4288
-6.3684 -7.4972
-4.6049 -6.0449
4.2401 -11.0074
6.1755 -7.8089
-0.8542 -11.0351
-3.8038 -4.8067
-4.9141 1.4642
-1.1709 -0.3283
-3.8252 2.0048
-9.2645 -2.9343
-6.5958 1.5071
-4.5604 3.3185
-6.0092 -3.2541
-7.0636 4.0957
3.2207 -7.3943
5.3862 -7.0383
-6.1209 -8.5251
-9.8290 -4.2583
-5.3039 5.6345
1.3782 -5.3856
3.3376 -5.5602
3.3233 -4.3273
-0.1323 -0.3343
-0.9304 5.0326
-6.5423 -3.1356
0.1060 4.3679
-2.7066 -3.6686
-9.9297 -3.4573
-4.2942 -3.9984
5.3077 -1.1616
4.4916 3.2650
1.2408 1.2774
3.9792 -3.7153
-4.0334 -9.1240
-6.6993 -3.8498
0.0823 -3.7597
-8.5739 -1.4763
4.3279 -3.8369
-1.3102 -5.0037
-3.6797 -0.7749
2.0796 -7.3058
-3.9313 -7.5415
-7.4908 -4.0530
-10.4436 -3.6446
-7.8549 -6.9135
-11.9450 -2.2334
-5.7835 -5.1078
2.3513 -5.6202
-9.6112 -8.3148
-10.0965 -3.5686
3.5254 -3.1881
0.2943 -4.6673
-4.1038 1.7537
-3.4081 2.9349
-6.6568 4.4138
-6.8930 -3.9391
4.7770 3.6180
-5.7928 -4.4662
-2.6878 -9.9982
-6.9638 -3.9490
-3.5625 -6.7967
1.7075 -7.1182
4.2690 -3.5500
-4.9459 2.5775
-7.0164 -3.9571
-14.9782 -7.0151
1.9682 -3.9022
4.6422 -6.3969
3.9482 0.3338
-0.5106 -4.7524
-7.8418 -5.4590
-3.8114 -4.9827
-3.9444 1.7591
-3.7115 -8.2240
-2.3731 1.7743
-3.5234 -3.9941
-4.0260 -1.0355
2.1660 2.6257
-3.9331 0.5657
3.7939 -8.3561
-4.0634 -3.8640
5.2063 -8.2757
-2.6967 -3.9899
-3.7975 -6.5412
4.5665 -4.0187
-9.7812 -3.6069
-5.7552 -0.9750
