5
7.3804 1.7380
-8.3511 -8.2033
9.3269 4.4585
10.9393 -7.4419
1.7381 6.8766
10.1561 9.7741
9.0208 5.0100
4.4583 -0.2398
4.8541 4.4125
0.1454 4.5721
4.4824 -0.9455
9.4995 -3.5553
4.2638 6.8926
1.7671 4.3054
8.2183 6.5748
4.5390 6.3366
4.0322 8.5097
-8.6531 9.0256
1.0339 1.2748
-0.4939 6.7776
-5.8216 9.0660
4.0043 0.3041
2.0017 6.7952
7.8421 3.7205
1.4644 4.5557
8.1690 8.0497
2.3163 7.7422
-2.3630 5.7077
-1.2738 4.7318
9.0064 1.1192
5.2527 3.4410
-9.2447 4.3614
5.8500 8.2848
-9.2052 8.9564
4.0137 -0.3723
5.2884 4.4252
7.6978 6.3828
0.2548 5.1124
7.5928 -8.4155
4.6752 -0.9074
-8.0639 1.5588
4.8548 6.5441
4.0331 -0.8842
4.0052 -1.4152
-6.7475 4.5024
9.0397 7.9924
0.8805 2.3422
1.3327 -6.9187
10.9724 7.3194
4.2875 -0.0405
4.5499 4.8605
-4.8874 4.2512
6.4694 10.2909
9.1166 10.1415
7.3196 5.0205
-2.4101 9.8376
7.5388 9.0007
3.9639 3.3109
1.4108 9.7753
4.2681 3.8451
6.7478 -3.0652
-7.2033 3.2927
-6.2420 3.9639
4.4131 -6.3521
-0.7945 5.6812
7.4317 2.1423
3.5398 4.1686
4.6500 6.9247
1.6748 6.6429
4.0010 10.0067
4.2420 7.1379
4.7101 -6.2571
-0.1609 -8.7182
0.0466 2.2075
6.9859 8.9133
-5.9695 4.3941
1.8935 9.2501
0.6544 4.5692
4.3426 4.8223
-7.8265 3.3799
9.4856 4.8194
2.5911 1.0020
2.1804 7.2637
5.2974 4.8278
10.2463 -4.5285
9.5502 8.2900
4.5188 4.7827
-8.8025 3.0479
2.8226 8.2157
3.8320 6.1154
1.6437 8.1601
4.5593 8.9983
8.0749 4.7160
8.0869 4.0718
-7.2989 9.9649
-1.8827 3.8844
8.0773 6.8428
0.4001 7.6475
3.6575 -8.8235
0.0337 8.0623
6.7102 8.1921
1.0596 3.4053
1.7065 8.3194
-9.7882 9.7794
-7.2195 12.3935
8.5236 4.1493
8.1480 4.2954
9.5883 -1.6011
6.8955 0.7022
-1.8655 3.9520
4.3404 0.5799
9.8325 5.1121
-6.9958 5.7806
3.9200 4.2863
3.4350 4.5968
-6.2965 9.1100
4.3803 1.8217
5.7548 8.6589
4.2574 1.2713
2.9249 6.3892
3.3863 -6.2392
-6.9213 4.4867
4.4780 -0.4533
1.6216 3.9593
5.6639 7.7126
4.4807 5.1341
7.6782 6.7449
6.7150 -8.5883
4.2130 0.6363
5.7464 4.9643
4.9874 8.0034
4.4314 4.1915
4.3538 7.6986
3.8394 4.2676
-9.7056 6.8739
9.0858 2.6255
8.3776 0.9807
-0.2755 -2.8079
4.2927 12.4683
6.2848 2.3068
-7.7615 4.9584
2.6220 2.3285
-0.6528 8.7447
0.0649 4.7442
0.4569 0.8716
4.6867 -8.9673
-6.0883 8.6685
2.9446 9.9527
10.1530 -8.3405
-7.9205 4.8183
6.2010 -5.7212
3.2595 4.5313
-0.0546 4.1471
4.8937 0.1985
3.1101 4.0434
10.0546 -8.9592
3.7576 -9.0064
-9.3046 4.0932
3.7042 -9.1179
2.5421 4.3338
3.9609 8.9546
8.0195 -7.8916
-6.7507 -6.8535
7.1998 0.4867
-4.8225 7.5345
4.3888 4.4360
-7.9334 7.0476
4.7100 -2.0475
-5.8119 0.1845
9.6434 0.9104
11.8558 4.1566
3.0464 4.8784
4.0655 4.0255
6.3721 0.2675
-1.6950 6.9498
0.7162 1.7500
4.2699 1.9407
1.3224 9.6928
10.0804 7.9530
4.5627 4.4594
7.6164 5.1077
-1.7527 1.5148
4.6067 2.8931
4.1419 5.0812
-5.9958 8.2156
9.4160 4.6081
10.3818 0.7227
2.1496 4.2975
4.6684 -8.7972
7.4308 0.3766
4.6194 2.6573
7.4812 5.1032
10.2290 0.0519
-7.5735 9.5277
-8.6293 10.0208
9.2044 9.8379
1.7898 4.5993
3.6958 1.4286
5.8958 4.4707
-9.8654 6.8470
-6.9586 0.0301
7.0815 4.5509
-8.9972 4.3343
8.9385 8.0828
-6.4921 10.7236
4.5912 7.7084
10.5364 7.9637
4.6501 9.2878
8.3205 3.5632
-9.3099 4.4463
-6.9276 7.9029
4.2724 5.6413
-9.6862 0.8054
4.4652 -7.8228
-8.2730 4.1540
0.9049 3.3970
-0.0482 8.9303
4.2911 -0.8962
9.1373 3.7631
-6.1857 -0.2247
4.7277 3.0964
3.9500 7.2958
8.8942 4.3876
-8.9688 4.8784
4.3848 7.0982
6.0175 -7.2624
-6.6778 -6.4081
4.0533 0.2779
1.5839 -0.7216
4.5243 5.4951
9.0021 10.5162
7.2584 3.5700
2.3212 4.2234
4.5745 4.9047
4.4301 5.9104
8.6305 8.3698
5.4154 -0.6886
7.1435 9.6437
-0.1461 -8.9486
-0.1051 3.3697
0.7701 4.3193
3.8650 6.8190
-2.8231 9.7666
7.0971 1.4673
9.1806 9.5839
4.1701 10.4587
-1.1617 4.7317
6.0306 4.4240
-6.9440 4.4720
6.8159 4.3968
7.8764 2.5796
-8.4312 4.2471
-8.6909 6.9760
8.4984 4.2211
3.4232 4.4480
1.5553 -4.6543
9.2764 -7.2625
1.5393 4.4865
6.1494 3.5078
4.1732 -3.1616
3.8085 -9.2650
1.8692 -8.1001
5.8266 8.4436
-8.1584 0.8498
-2.6336 4.2405
9.6500 4.7092
0.0298 4.7064
7.5694 -5.3158
4.2780 -9.2197
-6.6697 -6.2335
2.3992 8.4974
6.4158 8.4921
0.2755 4.3089
-7.7435 2.7830
1.3958 3.4257
9.1781 -8.9748
4.0511 4.0003
3.9849 1.8544
-6.4339 8.7041
4.0426 -9.5791
4.4429 0.2365
0.8695 4.2361
4.3132 3.3247
3.4964 -6.8405
3.9732 0.6716
-1.4518 6.0278
3.1100 4.6088
-1.7887 6.9967
4.3148 6.1891
-6.5644 -5.9736
4.8901 6.3322
-9.1524 3.8339
5.2373 4.7036
-7.3169 4.7741
8.0855 3.8642
7.5996 12.2952
4.1365 -7.2386
8.8596 2.3550
4.2614 1.8824
3.9539 7.9909
0.3513 5.9197
4.2168 4.2259
4.2573 4.5402
1.5894 4.3892
4.9972 6.2758
4.1107 -7.4265
1.1085 4.2370
0.8265 4.1311
5.2301 1.4857
5.1456 5.9088
-0.1795 4.3097
9.7658 4.1293
9.2903 -1.7568
3.6147 6.8651
9.1173 8.0648
-8.4167 4.3068
-0.8115 8.2416
-7.7655 7.7296
-0.2575 -8.6242
-9.4240 4.6239
-10.0628 12.8157
1.1638 -0.2066
1.4758 2.7921
0.8082 8.8012
3.3670 4.0791
2.1338 4.4257
4.5312 7.9116
2.6776 4.5242
3.9663 7.4441
4.2643 8.9968
-8.1878 1.3983
4.5795 0.0686
10.5617 -9.1646
-8.8616 8.1705
5.6571 2.3860
5.7210 2.4596
9.4873 9.0684
4.1811 5.2280
-5.9082 1.2966
3.5757 6.5430
10.6816 4.6871
4.3385 -1.0317
-6.6970 4.4111
7.4155 -1.8743
4.4783 4.4271
-0.3406 10.4819
1.8056 5.1186
9.3706 4.3619
-1.4452 4.5253
4.2168 5.4786
4.2997 -9.1601
2.4760 -0.6265
-2.2142 -8.6828
2.7992 6.9312
9.2139 7.2523
-0.6291 0.4834
7.4261 1.6266
2.2053 -8.0608
4.1261 -7.9688
-2.2072 0.5970
4.5445 4.3152
3.8112 3.5145
0.7456 -6.5931
1.6078 12.3105
4.4822 0.5963
3.9730 4.0961
4.7098 3.3845
1.5975 0.5153
1.5864 7.1540
-0.0514 9.0584
3.3856 -7.9064
4.0813 1.4567
6.5786 4.3168
-3.1172 7.5233
8.2095 6.0170
1.4168 4.6312
4.8637 5.1284
4.3895 1.7097
0.7892 1.8912
4.5282 2.9949
4.6381 4.0849
-7.0915 -7.7644
4.0964 4.9526
6.7501 9.2585
-3.2982 5.5256
5.8411 9.7058
9.3143 -11.4471
-6.0838 1.2598
0.0445 0.7818
8.7598 -6.6218
3.0653 5.6121
4.7536 2.1161
4.1004 9.0029
5.9728 0.5358
7.7257 7.6982
8.2728 -0.1792
0.3254 -7.6458
-6.9680 -8.1019
8.1059 10.9746
-10.1448 2.9499
-0.2006 -2.2351
4.4788 1.5823
9.5871 9.8860
10.5212 2.5723
-0.0343 2.4277
4.3297 -7.3618
3.8501 4.5659
-2.6510 4.8132
-8.7055 9.4012
4.4579 8.6115
4.2010 9.2909
4.8469 -6.6710
-6.9784 8.0701
10.9205 1.9181
10.9017 11.6336
7.7020 8.7746
3.2482 8.1925
-1.1612 6.8502
4.4831 9.1621
4.8482 -7.9606
7.8022 8.2667
-7.6092 10.2654
0.8421 4.3317
1.9620 4.2116
8.9318 8.0492
4.8410 4.4053
1.1987 6.0878
-5.9942 4.0776
10.4439 3.5788
7.4749 -0.7140
5.9306 12.1568
1.0061 5.0561
3.7702 3.5864
4.2292 1.4934
3.9247 4.5280
6.5365 4.2076
7.3229 -8.2402
4.6890 -8.3543
2.9768 -8.3394
2.7572 -5.6831
8.1054 7.4966
7.0862 4.0450
6.9394 4.2737
4.6236 4.1002
0.9330 10.1707
0.8987 -8.5579
4.4430 6.5160
-8.1405 0.0925
4.1709 4.5003
11.1581 -0.6207
0.7892 4.2585
-6.7901 4.3621
1.6206 2.2107
-9.4167 5.2931
4.5073 4.4469
-1.7938 4.3609
4.1759 -2.9495
7.1235 -9.7714
3.9675 -5.8243
-7.9557 4.1564
4.9253 9.9716
4.2202 4.4295
3.9171 5.7345
6.2253 3.2576
2.1996 -7.5779
7.8930 8.1555
1.3697 8.7059
12.7657 4.5825
-7.9729 -10.0483
4.8407 2.8881
3.8129 8.2227
-0.0445 -8.0113
0.6706 0.0943
-7.4338 4.1786
-8.7850 4.6072
-6.4742 0.9787
4.2982 4.4271
7.7233 8.2912
7.5759 3.9335
-4.2812 4.1946
-7.9581 9.9107
1.2528 8.8246
4.1833 -7.9248
2.8469 6.8669
-6.4026 4.5558
0.4805 2.3198
5.7491 4.8383
-6.6427 4.9923
2.3933 -9.8222
4.3503 -1.6852
-7.9577 -9.3682
-8.4096 10.0641
4.2900 4.2254
8.5900 11.3575
10.4953 -8.0571
-10.3168 7.8400
4.7579 7.8039
-8.5763 4.3192
-2.4034 5.9932
9.8743 4.0819
5.2839 -7.0722
1.7951 0.4464
3.8958 1.9310
9.6251 7.3938
-7.1581 4.6728
-0.2117 7.7139
8.3420 1.5221
9.7092 -0.0267
7.9955 9.9638
2.3923 1.7059
4.8572 -6.6295
5.5637 4.6816
-8.0764 4.4557
4.8710 -8.4227
3.7080 0.7545
3.9013 1.0433
4.3573 10.4793
7.6264 4.1356
-9.7612 1.0014
-8.5389 4.0907
3.1075 3.9531
10.3370 -8.9105
4.7480 7.3410
4.2435 0.8320
3.8347 6.9233
4.3017 4.4634
-9.9325 7.2276
1.5881 6.4591
3.2281 -8.2883
6.5713 2.4417
-1.6465 4.2154
4.4856 6.3596
-4.5670 4.1560
4.4934 8.4162
4.7540 -0.6996
-8.6848 7.6063
4.5148 10.1298
1.6725 -7.9423
4.0549 -8.2570
7.1222 3.9538
4.0984 2.3635
8.8194 -0.0098
7.3394 8.8893
8.7554 3.9500
-0.4426 8.2608
4.6665 4.7346
1.0477 -1.4800
4.8878 0.9305
9.9763 -8.7774
7.4205 4.2606
4.2280 4.3155
4.3542 -2.9497
1.8746 1.2386
0.9082 0.5156
1.0806 4.1769
9.9417 3.9407
2.0297 12.4010
-4.6216 0.5051
8.8010 6.7196
4.4868 9.3792
7.0934 0.1048
-8.0749 4.1660
2.2922 -2.1688
4.3461 9.0155
-0.9275 4.2327
-0.3119 2.5373
3.9543 4.0763
3.2935 4.1131
-8.5170 -5.8844
3.6827 9.8191
6.1711 2.0765
3.8049 8.5155
-5.6072 4.0453
4.9348 -7.5215
4.6964 8.7919
1.7463 5.2630
-9.6690 4.4462
-8.8789 4.7419
8.2343 11.7773
3.3020 -3.6267
4.3742 1.4577
4.2534 10.7559
1.0554 0.4735
0.1519 0.6941
8.5269 6.3232
3.7910 0.4959
-0.2064 0.6570
4.3970 4.1296
0.3858 5.8263
-1.3019 4.2261
-5.6803 1.4768
-0.3321 -7.2243
-0.2999 9.3822
-8.1974 4.3731
4.1332 10.6071
4.5800 1.3096
-8.8201 8.4927
-8.2336 -0.3663
4.2154 0.9173
8.4851 2.7202
-8.6096 4.0014
5.7296 -8.2377
3.5771 8.6004
4.8645 7.8236
-6.6164 2.0417
4.0588 4.2911
1.5307 9.6016
4.0961 -8.8656
7.1489 7.9907
3.3277 1.2801
0.2176 4.2963
2.8017 2.7513
3.8231 -7.4100
4.5383 4.8139
-8.4443 0.8376
-6.9858 0.2629
3.3270 4.9335
3.0417 9.2693
-1.4708 -6.8120
-0.3993 3.6616
11.6265 4.0362
0.6376 -9.1181
0.6604 1.2415
4.6464 8.3119
2.4401 3.5332
9.8317 4.0338
-2.7098 9.6579
4.4350 2.5432
0.4524 7.9710
7.7076 -9.3169
-2.8331 1.6804
8.0155 4.1886
4.7827 4.3900
10.9113 0.1336
4.3682 -1.1872
-7.3256 6.5915
4.5384 4.5269
-5.4010 2.0566
4.5904 10.1612
4.3407 2.5941
1.6665 3.4600
8.8585 4.8282
3.1005 7.5571
3.8442 7.3368
9.2871 9.8487
5.7764 2.6030
7.7868 7.9565
4.1930 -1.4248
-9.2220 4.6691
6.2842 4.5059
4.3211 6.8686
7.6026 1.8379
8.9795 4.9316
7.2900 -9.7406
9.5824 10.2344
-8.0096 2.0770
-10.8223 4.3282
1.6312 9.4833
3.9278 -8.9327
4.3356 4.4959
7.0133 -6.6666
-9.4260 -8.8269
4.2923 5.9903
7.4115 3.9842
-9.8160 4.7426
3.7465 4.0811
5.5654 1.6799
-6.2941 9.0524
-6.3072 4.6431
3.1477 -7.0450
-1.8804 8.3713
9.3590 4.3445
7.0264 3.8325
-3.5757 6.7379
3.2063 10.7334
10.3680 8.4996
5.0044 -8.8810
2.9446 -6.4032
6.1970 -8.3519
9.0439 3.1421
-7.8151 10.3283
-8.2236 0.9420
-10.0985 8.1450
4.0596 -6.3453
-8.3258 6.8762
-0.3145 -8.8913
4.4428 1.6941
-8.5231 4.7932
4.7434 0.5775
1.8915 -8.8846
4.6676 4.8189
-0.8330 6.9223
8.8012 4.2856
4.1975 3.9505
10.6311 3.5086
8.7331 2.2077
9.0316 6.9145
-10.8717 3.9989
6.7243 -2.4275
5.0965 11.3392
1.6568 10.5464
4.6445 -1.7340
1.7419 6.7255
-6.8931 2.7048
9.0003 8.7548
3.9360 4.4959
9.6674 3.8462
7.2760 3.0182
-0.1643 -8.8090
4.4477 9.0368
7.9116 8.6824
0.6213 1.7365
3.9991 8.9075
3.9059 -5.8024
-1.1108 5.0572
8.4501 4.4303
-8.1999 4.4718
4.6769 4.0019
2.8220 3.6652
6.1890 4.3304
9.3796 10.6027
4.4444 10.7197
4.5082 2.2057
-9.6382 13.5661
8.8854 4.5643
6.7986 3.9584
-0.1418 4.7443
8.6772 2.7250
4.2229 9.8386
9.8528 -0.0588
8.9942 -6.9087
6.3856 8.6877
1.5656 4.7502
9.1153 4.6070
8.0593 4.3499
3.3635 -1.7478
-1.5192 10.0289
4.9461 4.2203
5.5355 0.2751
9.1985 5.9861
8.6020 5.0855
4.1517 4.7430
4.2252 1.7127
9.3463 0.4716
1.5232 7.5118
4.7793 4.4408
8.5076 -7.0896
8.7740 -8.8984
4.5382 7.9585
10.5327 -8.3377
7.6245 4.8369
4.1502 9.5964
7.1942 4.7399
4.5044 7.0533
8.2061 1.1816
2.0229 4.3095
3.9857 3.7352
4.6126 2.3381
5.9316 -6.0469
-6.1663 -6.2619
-1.7800 7.4307
8.0467 5.5797
10.0491 -3.9187
4.3327 -7.8914
2.9710 2.7513
8.6265 3.4459
2.2967 4.7835
2.3657 2.0300
-1.7737 4.5425
8.4124 0.4229
8.0221 2.1974
4.4028 -0.0733
-9.6983 -9.0592
-0.5130 8.7278
4.4275 3.8837
4.8377 4.0136
-10.4732 0.1546
4.3562 4.0774
-3.9599 -0.2810
-2.5613 12.1414
4.5689 5.1006
-7.2003 2.8654
4.4252 -6.7337
4.0476 6.5636
4.0631 4.5795
5.2067 8.7772
2.9112 9.7972
1.0346 4.5262
0.7146 2.7812
2.8028 4.7622
1.9796 4.2011
-0.1822 -0.0893
-7.8546 7.0281
1.3404 2.0896
-7.6544 2.4630
4.3360 10.2423
8.7222 4.0404
-0.6071 -1.4592
1.0085 4.9853
-0.6762 -9.1139
-1.4871 5.5455
4.9538 4.2865
-2.2611 4.5083
4.2662 4.3510
0.1208 6.4083
-3.9381 -8.0927
1.8742 -9.8173
-0.3815 1.4813
4.0746 5.2103
4.5602 -9.1848
-0.3054 9.9715
-9.1029 4.8589
-0.0812 8.7330
-1.1157 7.6583
-5.9785 -7.1672
-10.0414 8.0899
-1.4449 -8.2127
11.5592 4.1774
-2.3866 3.4002
-3.2014 1.1623
4.4821 4.6352
4.4801 3.0948
4.7388 -7.5411
-9.5951 8.1388
7.8916 7.8966
10.2082 7.0919
-0.1218 4.6830
4.4010 -10.2584
4.1849 -7.6789
-1.4655 11.6218
0.6935 -1.2116
3.2093 8.5912
3.4067 11.8942
0.3641 4.3180
-1.8552 2.5913
0.2452 3.9714
4.5816 7.2596
10.0843 4.4051
-5.3720 6.3243
7.3705 4.1136
3.8730 -0.1481
-8.7889 4.3779
-8.7760 4.2947
0.6801 4.3435
2.8437 -0.1028
-5.8155 6.4689
-8.1692 3.6375
8.9031 -0.1050
4.6660 -7.7702
-0.7908 8.0044
3.7935 -0.2352
5.0457 11.0829
8.8250 -6.6242
-6.5972 7.4578
8.5623 9.3589
1.6883 -0.4903
-2.7248 -0.3019
6.4863 10.1628
4.5263 -9.3015
3.8520 3.2452
9.9908 4.5498
2.0527 0.5289
-7.9849 -7.7803
6.0841 4.6882
0.8326 2.9552
-9.4552 7.6926
7.8935 3.7871
7.9470 2.5710
4.7973 -0.4039
0.3816 -7.7012
9.4875 1.7824
-6.3350 4.1777
4.2089 -0.2420
8.3648 4.6748
4.8300 -1.1183
9.2470 1.8598
6.6361 4.2898
4.0795 8.7290
1.5247 3.7849
-6.7164 4.2916
-9.5724 9.9362
4.7803 4.4010
3.1181 9.8310
8.8514 4.0226
6.2061 4.5979
-9.1977 -7.3361
5.1565 -7.7030
9.3968 -8.0107
6.1604 0.2513
7.9831 4.4026
8.9265 4.5473
2.7248 1.8122
6.8801 -1.0501
4.2330 4.6384
4.1182 4.3254
4.4230 7.1500
2.1158 -0.4976
4.0420 9.9773
8.5170 4.2625
-8.1809 1.5518
9.2603 0.8463
1.3679 -5.9820
-2.0230 2.6944
9.1247 1.7999
2.1026 8.1479
-9.4549 4.5323
9.1467 6.0774
-6.7627 9.1068
3.7863 8.4775
12.2207 4.0486
8.3189 7.9515
3.4558 0.9087
0.5502 4.9458
9.0120 -6.1605
6.9031 8.6618
4.6745 3.7490
8.7822 7.1946
6.0499 7.6506
4.5174 1.6342
3.8970 3.9640
-10.0125 1.7365
-6.5840 5.8201
3.6742 10.8160
-1.1637 0.1672
6.1623 7.4942
4.7785 -9.4083
4.3756 4.1183
-6.6135 10.6607
0.9789 10.3741
-2.8448 4.2354
3.8140 4.4006
8.6728 -8.2838
-9.6764 4.0604
4.4164 4.0225
0.0724 4.4177
4.1785 -7.0105
-1.1050 -7.8961
1.9743 3.7391
4.5958 4.5279
4.9180 3.1756
4.1283 8.6553
1.7608 4.2868
5.0407 4.3479
3.0248 -6.5869
8.7770 2.3833
6.3117 3.9700
-7.9736 -0.2153
1.7849 1.5549
2.0013 4.4216
4.7831 7.2364
2.0425 4.4806
9.1651 3.3169
1.3063 1.1480
3.7516 4.3420
4.4775 11.3687
0.7539 -10.2035
3.2416 4.9084
-9.1400 4.6634
9.1258 4.4639
4.4115 8.2769
-9.3943 4.8733
2.5298 4.4354
3.3272 4.6843
5.0387 -0.9536
0.8513 2.4870
2.0743 -8.5635
-9.7334 7.1627
5.1825 -7.0594
-7.9192 4.9106
0.4229 -7.4454
2.6905 3.9625
0.1491 6.3541
-0.2319 4.2541
3.9539 10.2115
8.5529 11.4091
8.9375 9.3353
-9.1103 9.2482
-8.2650 3.2955
0.3512 4.0910
1.2712 4.4630
6.1958 4.5065
4.4235 -8.2090
4.3421 -6.8269
1.9693 1.3852
8.0558 6.7236
4.9518 -8.2500
4.8141 -4.9145
7.4458 -8.0321
9.1634 3.8856
-3.3327 6.6408
9.3624 -10.1595
5.0971 4.0518
-3.2123 5.4348
9.0485 7.2500
7.7340 4.3675
9.0859 7.9971
0.6767 -0.1890
1.1035 4.5909
8.4231 7.3012
0.9844 3.9907
5.5003 -7.1716
-2.2340 4.8776
-3.5820 4.8564
4.7952 2.7841
4.2142 0.3702
-6.3672 2.6827
9.1792 -7.2533
3.0349 4.6183
3.6958 0.5494
-6.6725 2.5974
-7.0222 7.0624
-10.4178 3.8972
7.2991 6.0823
3.7730 -9.1522
0.6632 -9.7323
4.3061 4.2765
0.4231 -6.3242
9.1054 1.9761
7.8200 4.4313
4.9022 4.1985
-0.0178 3.2040
10.6538 11.4886
2.2836 3.5255
4.4505 6.3829
-8.5424 5.7342
2.3142 4.0964
-1.5563 4.2467
3.6003 1.0545
6.1137 -6.5779
4.5323 4.6050
4.7784 6.7377
-7.7478 3.4194
-6.7343 3.1961
4.8144 3.9790
1.1717 1.8652
-9.6754 1.2612
9.1922 4.6650
8.8856 5.9843
-1.6219 8.7420
4.6134 4.7781
2.6856 7.6784
7.5708 10.2194
6.5427 -0.7042
4.8687 3.0058
8.1889 8.1200
11.1506 2.3446
10.0208 1.4828
4.5211 4.7359
9.4510 -7.3219
2.9622 4.3022
3.6012 3.9371
5.0108 -3.0959
-0.2362 -8.2916
6.6621 9.3798
-4.3088 2.2510
11.0005 -8.9997
10.9039 4.0173
3.8127 2.9764
4.2878 -2.0462
4.8833 -0.3144
2.5318 7.8220
4.0556 1.3524
10.1904 10.8769
11.7234 7.8009
8.9451 4.7909
5.1617 -6.6789
9.3165 4.2395
0.7064 3.2793
4.3221 0.1948
1.2900 7.2591
6.6854 -7.1056
2.2240 4.4342
0.8964 10.2823
6.0131 4.9227
3.2667 -1.9165
3.8045 0.2985
3.7803 4.4380
2.4162 -8.0481
7.4796 -7.7261
2.4575 4.1434
3.9747 6.5752
-1.6264 -5.7613
8.1773 -9.9994
-8.3035 5.6144
1.0137 4.1863
10.0468 -7.5298
6.3567 3.3120
4.1793 -8.0256
4.7944 2.4862
-7.8783 4.4554
4.0618 -6.9619
4.0609 7.4426
8.2167 -8.3013
-0.4342 8.2595
10.7788 6.1012
4.0858 7.8413
-1.5601 3.8040
3.3291 -5.8813
8.5023 -10.8155
4.5670 6.3249
1.3113 -0.4206
-1.1687 -6.9943
2.9024 4.8767
4.4229 1.8036
-6.0021 4.9609
4.2469 -7.6747
9.4634 2.2542
8.3940 -6.1911
8.7352 3.3292
8.2127 4.5855
3.6706 4.1502
0.1870 4.3990
-7.9146 10.7395
8.8593 8.8631
-1.4507 4.1178
7.6431 -0.0008
0.9564 -11.6291
4.1756 9.1351
3.2765 4.3868
9.0725 7.8779
-7.4728 3.0046
0.6197 11.1171
-7.2949 4.0250
3.9458 13.0396
-7.9787 -1.7871
-6.9979 2.9852
4.5237 4.3808
8.2518 9.1369
2.2303 10.3547
-5.5778 7.0643
6.6718 2.0170
-0.8985 -7.7135
4.3006 -10.0996
6.8921 8.9481
0.5027 0.2563
3.9344 4.8308
2.0165 7.9806
8.1332 2.8829
7.5489 -6.3993
7.0536 4.0248
4.3195 4.7161
4.1372 3.1964
0.5601 10.7119
4.3473 4.5960
-8.3868 4.3119
6.3180 4.1507
0.8825 6.3765
9.6053 4.5097
4.7727 -7.8599
3.8207 -7.8680
9.3734 -1.4093
1.2621 3.6923
3.9416 3.8646
-6.0717 8.7349
1.5215 7.4754
-8.3312 4.7598
0.1756 -8.2936
2.4721 10.2458
8.1132 -1.0373
-7.7153 4.1913
0.5376 4.1527
0.2839 4.8530
4.8588 4.7014
4.5039 4.8788
9.1864 9.9762
4.3125 0.3751
7.8409 7.5171
-8.2917 10.6940
3.4198 2.3098
4.4314 1.1799
-0.3782 9.6127
3.9246 0.1422
1.0837 -9.2496
-0.2307 8.6322
-2.3266 9.3660
3.9530 5.5852
4.8753 4.7177
-8.1824 6.8214
3.8893 3.7636
6.8864 8.0877
0.1114 4.8260
9.3092 -5.5361
3.8939 4.5607
3.4509 9.2048
5.0034 -0.3025
9.5523 4.0752
9.3128 4.8505
4.4083 10.4760
8.6632 4.2517
4.0246 4.1913
2.4829 -6.7263
2.3007 3.1268
6.6004 7.2511
-5.5714 7.3601
-10.4416 4.4314
4.4363 -0.4062
3.7886 3.6142
3.8223 -6.8041
4.2986 -8.9345
7.5282 1.3548
7.6136 -8.1698
0.8056 -7.6014
3.9800 6.6364
4.8788 -1.1502
4.4057 -0.3834
10.0664 -7.2879
4.9520 3.7074
7.0758 0.7772
2.0080 0.4216
4.4376 -10.3589
3.8643 4.8437
1.2466 -1.0581
4.8398 8.9922
9.1307 1.5623
2.6007 0.2355
-7.1508 0.6546
4.0946 4.7638
4.1206 4.2959
4.8013 -7.9288
3.0421 -7.1728
11.9714 -7.8559
8.2966 2.4677
-2.0052 4.4581
-8.6272 6.6269
4.0900 7.1156
3.8438 8.3709
9.2184 4.5876
4.3339 10.6408
6.8373 2.4266
1.5959 5.1768
1.4490 5.6249
4.0820 -3.3049
9.5754 6.4244
4.4169 2.2299
10.8788 9.6610
7.6183 8.4110
6.8761 5.3510
4.9086 9.3451
4.1541 11.0649
7.5012 1.8006
0.5521 10.4192
2.1073 3.9321
0.5297 -0.7165
4.5219 3.9470
4.5829 0.8243
4.4353 4.6034
9.4846 6.6366
0.1946 4.7185
3.5261 9.0508
1.0469 -8.5319
3.5557 4.0954
7.6510 0.1888
9.8926 -8.0735
4.1212 6.0643
0.6857 5.5424
2.3456 3.4512
8.4333 4.7958
1.4137 4.5513
5.8697 0.7786
9.8665 -1.0267
2.7690 6.3839
-8.0360 9.6781
3.9584 8.5562
-0.3513 0.7788
4.3909 7.8482
4.6876 4.2747
6.2003 4.1569
-4.6118 10.3746
10.8323 4.1941
-1.0369 -0.4924
9.0928 -2.8314
8.0517 4.0562
0.9935 10.7897
4.8098 1.1445
5.2270 3.7533
4.5181 8.3815
4.0912 9.0235
7.2842 5.5027
3.9245 4.6504
4.8661 8.1887
4.1662 7.9132
-0.8146 -7.4777
8.2828 9.1758
2.0483 4.5591
9.5171 4.5282
9.2973 3.7369
4.2318 -7.4622
4.1562 -7.8264
-1.6613 9.6492
0.9405 6.8825
4.3313 -1.3251
10.7736 4.7654
7.6523 0.8181
3.9712 -10.9821
8.2001 4.2480
5.7461 -0.0412
3.3501 4.5306
4.4362 6.5935
2.4919 -9.2790
-3.0817 -0.4883
-0.9339 9.3842
-7.9119 4.2396
3.6941 4.3797
1.1096 0.8744
-5.7003 3.9312
-7.6914 6.1704
7.0056 4.9485
-8.5897 -8.6967
-6.3107 2.9774
4.5920 9.4035
8.4339 8.3441
9.6385 3.5139
9.5045 -0.0399
1.6021 4.2650
-6.5536 4.5522
9.5142 1.7961
9.2652 -7.9791
-7.6619 4.6869
0.2539 -1.7406
6.5073 9.2473
4.4979 6.9139
4.4547 -8.0681
-6.9521 -8.4604
2.6101 9.3233
-0.4199 7.1401
1.6940 4.0068
4.5564 10.1951
-7.4755 -7.1971
8.9411 11.0439
7.9855 8.2277
0.5982 6.4562
-7.1478 -7.2455
4.5421 4.1172
-2.9232 8.1909
2.3230 11.3583
4.4220 4.0445
4.6778 10.6150
2.4935 4.3549
7.0191 1.5664
-4.0192 9.6524
-6.3556 4.7656
-0.4616 1.1119
0.8560 4.9646
7.3548 7.7399
-8.1891 10.1624
4.7473 7.4217
8.0407 9.5167
-8.3735 10.7884
4.1909 -1.0388
1.4017 5.8236
4.2766 9.8751
7.8916 -7.0710
2.0137 -0.3016
-4.1824 -1.4935
6.2037 -9.8340
4.2323 -4.9122
3.3013 1.2327
-5.5317 1.6723
4.0655 -0.3223
4.5837 2.8574
3.7232 4.7497
3.1438 7.8183
-9.1119 -8.1828
4.9793 -2.8461
-7.3127 -7.8384
4.0658 4.9490
-9.4432 4.1564
7.4886 3.8922
0.8235 0.9713
1.3146 2.1821
-6.8982 -9.7443
4.3732 2.0268
8.1956 4.4405
8.1125 4.3416
-5.7246 4.2779
0.9857 0.8212
5.4052 -6.1046
-6.1878 8.0010
10.3250 11.0419
9.5584 4.1030
8.8674 -0.9195
4.7012 8.8262
-1.6384 7.1075
2.4100 -10.0170
3.8973 2.1187
2.5010 -9.1067
-0.7906 7.8529
-7.5029 -0.5384
5.2941 -7.8312
5.5870 -6.0262
-10.5673 1.6992
9.4118 9.7853
9.4779 4.6563
0.0928 11.4321
0.9650 4.2027
3.9618 4.3811
9.8970 -5.8047
0.9093 3.7888
9.5615 1.7084
-0.0117 4.2309
3.9559 2.4050
-10.2799 8.8277
7.1817 8.0129
1.3496 2.5156
0.0632 8.7913
4.6038 7.9553
9.0130 2.1924
5.0207 7.4555
-1.4200 4.7494
10.8714 4.0161
4.2766 -1.1059
8.8718 -8.7981
4.1080 2.7869
7.7386 4.2637
6.7519 -9.6415
-4.0158 -9.6122
5.3211 5.2917
4.5708 -2.3514
5.0204 9.1409
11.2558 9.7862
-0.0624 4.5857
5.7023 4.4291
3.5541 7.1776
5.4007 8.2619
7.7765 -2.4856
4.1259 3.6534
5.4556 8.7356
8.0560 4.4312
1.4477 9.4772
3.8266 4.6149
9.4422 4.5047
0.3723 6.7924
-7.3744 9.6749
8.6259 7.0798
0.3647 0.1446
7.9832 8.9111
4.1249 -0.9600
2.4946 7.2006
6.1662 0.1660
0.0906 2.4541
-1.1928 4.6734
3.7853 3.1496
11.8597 -2.7114
8.8158 5.6770
4.5231 8.2234
-9.5563 3.1014
4.5228 4.2513
3.4744 4.4095
-5.7312 2.3877
5.2778 1.8986
2.6643 9.2762
4.3401 10.6980
0.5107 7.7793
5.3812 7.0129
4.5838 4.6280
-8.7446 -1.7017
4.5522 3.1466
4.6080 4.2503
4.5688 8.0767
7.7177 -0.8053
4.0436 -1.3661
5.4876 4.1358
10.5704 3.9474
10.3331 6.9907
7.3431 -8.7594
4.3441 8.6420
4.8676 9.1464
5.3416 -0.4508
-0.8468 3.7998
2.0817 3.0787
3.8977 4.1499
-6.8143 4.8233
2.7855 0.9533
-6.8380 0.5492
8.3765 4.2037
4.5167 1.6321
0.2884 9.1741
6.5324 7.4647
3.2835 8.1078
4.4983 -0.5006
5.7698 14.0330
0.9706 3.2108
2.6627 4.0214
8.5709 5.7276
4.3981 3.4631
4.4870 3.4638
-3.9315 9.4146
5.2960 4.3476
-9.6774 7.3272
5.9919 -7.2461
-9.2193 3.9872
4.9819 -9.3238
4.0268 6.7447
0.7341 4.1320
-0.3301 -8.7996
8.4420 2.6399
0.7383 -1.2660
4.8585 -0.6238
4.6572 8.2479
1.2229 10.4376
4.8195 8.6837
-1.3337 4.8101
4.5021 0.7086
2.7175 9.8483
4.4445 -0.0291
6.2102 -1.0255
8.8531 4.2531
-7.7226 4.2373
1.3771 4.3615
1.1094 2.9043
8.5276 -10.8755
4.3900 7.9520
-9.0551 1.9081
4.2779 -0.8251
9.4893 2.1810
7.4698 2.1069
10.3801 11.1622
2.4002 6.2375
7.8587 4.1733
-8.0493 6.3731
5.2565 2.0730
10.8160 -5.1640
4.5772 4.2981
9.1589 3.0909
3.3261 4.1714
4.7469 8.5826
-7.4573 8.5311
3.9667 -10.7668
10.1275 0.8731
7.6939 0.2648
-8.9485 5.0923
-1.9587 3.9866
1.0425 -7.8643
-6.8001 6.5977
-0.7567 10.3321
3.7415 8.8851
7.6647 5.5399
10.2259 2.8081
9.2235 8.7397
3.9821 3.5806
4.3293 4.4462
10.4286 3.0202
8.6400 8.0857
4.9648 -8.8233
4.4117 2.4751
10.1945 10.9674
5.3217 1.6407
4.3350 4.4264
2.2533 10.5154
0.6209 -8.7687
2.0240 4.0553
4.9910 9.7357
4.1193 9.5489
4.8646 -6.6518
-8.0076 -9.7698
0.3446 0.7114
4.5301 7.1516
5.4622 -8.0182
10.8545 0.3917
7.5874 -8.5671
8.9303 1.5315
4.7814 3.6355
5.6720 -9.0471
-6.8186 4.5768
2.4687 4.2241
3.8985 8.0217
3.4631 8.7656
2.0043 6.4009
4.4899 -6.7326
4.1960 6.2681
4.0877 11.4548
8.6801 5.3032
5.6104 -7.9185
9.4733 -8.1502
-9.2135 2.0252
5.7727 9.3983
-5.4913 4.8438
2.9093 9.0801
1.0142 -7.2994
3.5936 7.4255
2.4456 0.7089
1.5391 6.2957
8.9136 4.0001
6.9670 1.5599
-8.1338 -8.7735
4.0168 4.0267
-7.8693 -7.8821
8.3307 8.0328
1.4366 7.6530
10.5553 4.1548
1.2087 5.0853
6.1222 4.6988
2.6606 3.9869
4.7197 4.0695
4.5239 3.7964
8.2558 -7.9772
2.3527 -2.1233
3.0163 6.8262
4.9608 4.2876
-2.7009 9.0351
4.4260 6.4014
9.1352 0.8649
9.0910 11.3213
-9.8062 3.5917
8.0035 2.1374
4.2460 4.3775
0.0632 4.4057
4.2611 3.8955
6.6591 7.2274
5.0416 4.1199
8.5508 5.5106
1.6297 5.7615
4.0079 4.0454
4.5523 0.5645
9.0378 6.6486
5.0626 4.5368
4.6637 4.2559
3.1518 4.5094
8.2423 9.8328
10.8063 7.7140
9.2814 3.8390
0.2675 8.2909
4.9609 -5.9514
4.0352 6.3653
-8.1646 10.3967
4.2272 7.2659
5.3284 3.5587
-11.0354 1.5724
9.9050 8.0298
9.7844 -1.3045
7.4404 9.1012
-9.0332 -10.0900
7.1477 10.2968
-6.9201 5.2069
4.3976 0.9598
7.9631 -10.6728
-8.5635 7.9792
0.0536 9.3538
1.5337 8.2801
3.5442 2.6794
5.1099 8.4760
2.0009 -7.9243
-2.8740 3.9404
-2.3779 6.6364
4.5021 4.0125
7.8762 3.8162
-0.4466 4.8800
-8.8504 3.9349
9.5895 -0.4312
0.0449 4.4861
0.5182 8.9607
6.4868 10.0584
2.2612 3.8006
-4.6124 9.2038
10.9199 6.7559
4.4056 -1.2859
9.6343 2.0389
4.3917 0.4734
4.2968 4.5942
4.2795 4.3075
6.7290 2.1043
5.1064 0.4816
-0.2106 4.6734
0.5615 5.8916
3.7713 4.5854
-8.8775 9.5380
-0.9018 2.8223
1.6161 5.5305
12.1703 9.1296
2.0431 8.5386
-4.1202 0.9902
4.5329 -0.9460
-6.8009 6.4439
7.5892 -6.4371
2.3702 7.4159
4.4404 2.4062
4.3805 8.4442
1.0880 6.5685
4.3889 6.4180
1.2322 6.7594
4.3692 2.1417
4.4043 9.2379
-8.0595 -8.4543
4.4498 1.8109
5.3382 4.6993
8.9558 4.7005
-4.8161 4.6122
4.3265 -7.2465
-5.0946 3.9573
-2.3955 5.4722
-8.2116 1.8489
3.8952 8.9200
-1.8734 9.7308
0.7755 0.2433
3.6616 3.6758
4.5471 -0.9684
3.0036 8.1682
4.4728 4.6285
4.7365 1.8635
8.2585 1.7906
3.7903 1.5344
-7.0541 0.2477
7.9562 1.5092
12.0048 2.6145
-0.3688 2.6036
4.2735 6.3615
4.7529 4.6135
-7.6998 -9.7542
4.3704 9.7176
3.2016 3.9251
4.8689 3.0317
-0.6288 4.1966
8.9565 5.5383
3.7996 3.9120
1.3458 0.3378
9.4498 -6.3846
10.2192 4.1611
-0.1738 0.4801
0.0816 -0.0566
2.2803 4.4744
4.0933 4.1827
9.2349 4.6202
0.5263 4.3074
-8.3385 3.1389
-7.6992 6.8452
4.1650 10.7598
1.3018 -1.1379
4.0451 9.3313
-7.0348 1.8932
-6.1091 4.6745
4.2086 4.4810
8.8971 4.5913
-6.3681 2.6485
10.0783 9.7900
-8.0172 1.7757
4.5332 9.6280
4.9957 6.6386
8.5059 3.2548
2.9997 3.2933
4.0154 6.3056
4.8074 -0.3831
2.9868 9.3213
4.0919 4.4428
10.9418 10.5784
-0.5121 4.4263
4.0786 3.0833
3.8900 1.6711
-8.4216 -6.1254
-1.0143 4.5696
-0.0734 -5.8439
4.1018 5.0292
5.4132 1.1821
3.0675 -8.3619
1.1400 3.9505
3.9901 4.1730
2.3584 1.3474
9.3241 4.5346
-0.1309 10.9882
4.0555 10.7262
8.2088 10.0909
8.5238 8.6321
0.9885 -6.3436
9.2627 0.9139
-1.9287 4.5274
-0.5586 2.2488
-5.3467 0.8038
4.0377 -0.2263
2.0053 0.9648
-0.6380 4.7386
1.5031 9.6587
4.7891 8.7997
3.8015 -8.8550
1.3019 4.3526
4.2368 -6.0074
-8.3398 1.8806
4.2303 -7.6035
6.7823 4.5730
4.0468 3.6095
-1.9164 0.0417
-0.2827 4.4209
7.3906 9.7488
1.5002 4.3911
3.8787 8.3275
10.8514 -7.5589
4.3429 -7.5636
7.1465 -0.2952
11.1114 1.3560
1.6217 2.3510
8.5311 2.2910
-0.9362 8.2611
-7.9230 1.5325
4.2985 -9.6226
0.8739 -2.0196
-7.7697 -8.7328
6.6208 10.2386
-8.1987 10.9291
8.2864 2.4073
-8.4898 4.9750
6.4389 7.2321
7.1256 12.1287
8.7112 5.1709
3.6875 6.8692
3.0897 4.6057
8.0433 0.4930
3.9508 1.3053
8.8015 5.7136
4.6680 10.4438
6.1541 -7.6974
4.1274 4.5715
5.6022 8.8148
-0.0566 1.1958
-4.1007 9.2708
-6.0838 2.4949
7.2687 0.6607
4.3350 9.0189
4.4552 1.4111
-7.8302 12.2792
3.4225 -6.6801
0.2767 0.3990
6.2987 -11.5652
9.1797 7.7191
5.6264 4.6076
3.5832 3.8384
4.5210 4.3523
1.8650 4.8076
4.2930 9.7423
0.8694 3.9632
6.5257 4.9097
-0.0778 4.8261
1.3794 2.0165
7.6779 -0.4757
9.9709 -8.8542
4.4201 7.4637
8.8870 -1.4532
4.7970 -7.5081
10.1989 3.5037
4.4864 -7.0627
0.4873 10.4266
4.3769 4.8793
-0.4214 9.7068
5.1151 -4.1006
1.4021 5.0503
4.7442 10.5206
-0.8964 -9.2777
10.3191 4.9214
11.7223 -1.4327
5.8667 3.9017
0.0786 6.8254
2.2920 -4.9783
12.0686 -8.4056
4.5145 9.0134
1.2967 4.1659
4.8181 9.6337
10.8301 4.4505
6.1991 6.1668
0.3838 7.2622
0.9602 8.3492
8.6377 5.1852
3.6780 9.8407
2.1889 7.5978
10.6616 -9.3396
5.0695 8.1970
4.0878 11.0701
0.7576 -0.4740
4.4984 9.7048
-9.8050 7.3426
9.6336 10.3529
4.1812 -0.6050
8.7458 8.0999
-9.0619 4.2196
4.8714 4.2909
0.8499 3.9107
1.1401 -0.0793
4.7217 4.1386
1.3583 -5.5090
-1.0190 -9.5866
9.9286 -6.1486
11.5440 2.8964
3.6030 5.5788
4.4375 4.3871
-0.9673 -1.5616
8.7812 9.7597
-7.2235 10.1238
-8.3436 4.1352
-5.7284 2.3948
4.2581 2.3733
-0.6167 6.0079
10.2703 2.1754
9.5972 4.4908
-9.6104 -8.8915
0.1682 8.2780
7.9776 9.4039
4.5818 6.8452
2.0753 11.9535
4.4568 4.5121
8.3490 1.1455
9.4739 -6.9390
0.2972 7.6186
4.4029 0.5799
5.0411 6.7989
6.8797 -7.1867
4.3409 2.8216
9.4402 -1.4872
6.2036 5.2575
4.4611 5.2329
-6.1191 3.1142
5.0216 4.5720
1.3422 2.7421
1.6624 0.1875
-4.4571 10.8951
-4.2506 7.1262
8.6095 10.1388
-1.2796 -1.2771
6.4401 10.9093
3.4471 -0.8374
4.6246 8.7743
-6.6054 8.8832
-0.1060 -0.3485
1.4596 4.5389
4.7907 11.0028
2.0433 -6.7074
-6.2095 4.4734
8.2173 4.4973
5.3493 6.8250
2.7169 9.4754
0.6026 6.5518
3.9365 2.0076
4.6315 -1.4883
9.5573 -10.6452
7.3376 6.0332
-6.9707 4.4801
4.1383 0.1838
3.9604 4.1437
4.5569 2.9573
4.5607 11.8094
-7.5110 6.1891
-9.7006 7.5208
8.9064 0.7914
8.4535 0.2640
3.9989 4.0429
6.5421 7.7426
3.2767 0.1630
2.9873 7.3783
6.0745 -7.1902
2.0577 10.2517
4.5452 -11.1527
4.1851 -9.1849
4.3855 3.9462
0.1395 7.7057
3.6681 7.4765
4.4613 4.6998
1.7906 -0.0416
8.0772 6.7880
-7.5000 5.9889
1.1895 8.6804
-0.6945 7.1895
3.4049 0.8711
4.2578 8.2838
8.6069 4.4727
-8.9443 -8.9286
3.9101 -1.4669
2.2071 4.6170
4.6398 2.4351
4.6342 -0.3881
4.0464 4.3591
-8.9626 8.9316
-5.1804 4.5620
-7.1607 9.3179
4.7083 4.4291
2.6888 1.0818
4.5795 2.0644
7.9897 4.0944
7.6847 7.6190
-8.2646 4.8491
7.5758 7.6186
9.1592 3.4161
4.8840 4.7698
6.5179 4.3130
-7.5830 9.3189
10.3556 -6.1950
8.2829 3.2102
-1.2730 0.2412
1.7716 -9.5018
4.5594 3.9525
4.5594 2.1054
2.0442 4.6695
4.6422 -4.2768
4.5345 7.9942
9.4634 4.3380
4.1000 7.5538
-3.6346 11.0477
8.1929 -7.8292
9.2873 6.4461
6.6956 2.3610
-6.0303 9.8690
4.5253 0.3027
-9.3701 0.3602
4.4579 4.0931
3.7992 5.0552
1.8270 -0.8690
11.1699 9.4724
5.5003 8.7459
2.5520 8.5786
7.1910 -5.2180
0.6360 1.3712
-7.0968 4.4561
2.5174 -7.9775
2.9053 4.0987
7.6911 7.9841
4.0860 -1.4513
1.7540 9.5336
-1.2111 4.0169
3.9788 -7.5988
4.4651 6.3426
7.4129 9.0701
8.2439 5.7630
2.6888 4.2473
10.7103 5.0936
7.3652 1.1339
-0.6750 3.1478
2.0663 4.8962
-0.1365 7.2117
8.7535 4.0812
0.3750 3.3358
4.1653 4.4307
2.5251 0.5357
1.6831 1.2569
4.8358 -5.2918
1.6904 10.2434
3.3198 4.3264
7.9996 3.6874
0.1113 3.9652
-6.9555 4.3357
4.3251 -7.9410
4.3296 12.2888
1.3589 3.1043
13.0089 -7.6646
1.9751 7.4851
-9.3233 1.6311
0.3880 -5.8825
11.1640 0.9836
4.1593 3.6978
-4.2834 4.8578
-1.9770 -7.8163
10.6345 4.5731
-7.1796 3.9963
3.9859 3.8993
1.8289 -9.6564
6.7549 4.1819
10.9785 4.9595
7.3586 -8.7389
4.4987 4.0538
-9.3299 4.4853
-0.0497 0.7188
-3.6626 4.2900
1.2237 5.0710
-1.0557 -0.2919
4.5246 -7.4372
7.5027 3.5018
-8.9180 3.9285
6.0043 -8.4746
-1.0551 -7.3548
1.6952 4.9890
-1.4354 4.4439
8.5610 5.4131
6.7045 4.7500
4.7476 1.8397
6.4520 4.6935
4.1003 6.2629
3.8460 4.7387
0.2179 4.4528
8.2698 4.0893
4.3472 0.9478
-0.4209 1.1285
10.9009 4.0047
6.7974 4.5429
8.8726 1.6423
4.0742 -6.1898
1.4348 4.4647
8.2374 -1.1438
12.3903 5.1126
4.9047 4.1004
4.5693 8.1591
6.8002 9.0590
3.9174 -9.1060
-8.1973 4.9346
2.5617 1.4650
1.1653 3.2467
4.3563 -3.7492
4.1064 -1.0823
1.6375 9.4595
3.7659 4.6767
0.6940 0.9801
4.5375 5.2151
9.1407 7.2928
8.9712 6.0984
-7.2507 -3.0416
4.3144 -6.2320
1.3997 3.5721
-8.9465 -8.3569
6.2799 4.3959
1.2749 9.3088
6.8231 -4.7250
3.0852 9.6303
4.8441 8.4215
7.3556 3.7270
7.2795 -2.0963
4.4128 5.2082
-6.8498 -1.4775
4.7019 4.3984
-0.6246 1.7574
3.8452 3.8765
9.7188 9.6937
6.9704 3.2425
4.3275 4.0641
4.4708 4.3957
1.1745 6.1141
4.4502 -0.7125
8.1755 8.5413
-8.1682 7.5610
-2.1850 -6.1180
8.6677 4.5200
-4.6620 8.5304
-0.5801 4.7916
4.2333 3.8808
4.7457 11.5362
8.6689 11.8788
4.0096 2.0118
11.5730 2.6081
4.3597 5.6775
4.1336 1.8148
4.5945 5.9796
1.3286 4.6442
-10.1054 4.7694
4.2359 -8.3056
4.1942 10.0261
4.3644 4.5020
7.1204 -1.6026
4.3656 2.4008
4.6640 -9.0196
6.2968 9.0781
8.6403 8.3327
-8.1876 -0.2123
4.2142 5.0077
4.2601 1.1067
3.4623 11.2160
4.1458 0.5869
8.6989 0.6835
-1.3089 8.3872
-9.1711 4.8313
3.9968 -0.9080
4.2016 -0.3873
1.2255 8.5828
7.3460 9.8376
9.6416 -9.2086
-9.2058 2.0606
8.8950 10.3830
-8.9935 4.3682
7.7806 8.9004
-0.0062 3.7859
7.7445 1.5899
-2.3115 5.7764
-0.5095 3.3281
8.2687 4.3645
4.5613 4.6655
4.5670 4.1547
10.8921 -8.0561
7.7834 -8.0591
4.5920 12.0819
1.0327 9.3184
8.4856 3.3881
-7.0240 -7.1998
4.4564 -0.8792
-8.9775 -5.6493
7.6757 4.7603
-7.8672 -2.4458
-2.6027 8.5973
10.1547 3.5927
2.9158 -7.0691
4.3721 1.8867
7.0553 0.8701
6.9071 8.4686
7.5733 4.1203
4.4413 -8.7749
8.5329 7.9967
-8.0649 4.6992
1.6012 9.1238
4.5020 5.3504
3.7556 -0.9217
3.8196 -7.0941
-8.7121 10.2943
4.2673 2.3477
-10.0344 3.5058
10.4325 9.3014
-0.7869 4.3058
-6.1791 2.4119
6.7600 -9.2618
4.3634 8.1199
6.5763 6.8340
1.7936 9.3964
4.2932 0.5426
4.4204 1.9973
3.0570 3.3718
-1.2817 1.9120
11.1142 4.4886
13.3847 8.6595
-7.9185 7.2853
10.3679 4.5357
3.9443 8.8226
1.5695 9.2049
4.4235 -7.4149
4.4274 -2.2906
4.2294 -8.8076
2.0316 -0.0375
4.1617 4.3721
4.3244 4.5884
4.6823 6.3248
7.1857 3.0854
3.7740 -0.3203
2.0703 3.6203
8.4141 -1.6965
-9.3926 9.5391
4.5215 2.5064
0.4987 4.2605
10.8221 1.1766
-0.0676 -0.9579
6.7521 -9.5556
4.0291 -7.8375
5.4170 2.8349
5.4097 4.6927
-8.5000 -5.3798
-1.5271 -9.4585
3.0137 -1.4437
0.7622 8.8509
4.2174 4.1238
-7.3774 1.9193
0.3063 8.6479
-9.0421 1.0551
3.7758 4.6590
4.7699 -10.4819
4.3151 -1.7570
4.7848 2.8809
3.9645 4.4355
-0.5246 7.5959
4.4858 9.1851
4.1713 7.5052
4.2452 -9.4143
-8.2303 -11.3217
-7.9623 -9.0866
3.3703 4.0015
4.3959 6.7770
9.4565 7.5970
-10.2465 4.7416
-7.3666 4.3648
8.2854 -5.6442
-8.2563 1.1778
3.6173 6.4637
5.2662 9.0880
1.6991 4.5326
-1.4962 2.9668
9.9369 1.9235
-1.8781 6.6904
7.0470 5.3899
-8.3441 8.0871
1.3586 3.0988
10.0023 4.6319
4.8007 7.6842
1.8022 1.7958
-7.9924 9.7151
3.7906 0.2184
1.9915 4.3834
6.6891 -0.4259
5.6756 -0.0377
-1.8971 10.5862
4.2999 -0.0079
10.4624 5.0568
3.9134 0.2119
4.8222 5.0460
4.1555 5.6461
4.4001 8.1694
1.9509 -1.3530
0.5433 2.4776
2.2940 8.4195
9.8170 5.1931
4.5661 -7.9880
1.8752 9.5121
9.4388 -0.7313
-8.9700 4.5433
2.4242 3.4830
0.5294 -8.4160
3.9389 1.8365
10.3357 11.4769
4.8105 1.4635
2.9027 4.4407
4.5494 -8.6623
4.2008 6.9000
1.6070 10.0625
9.2912 4.3280
-10.4585 9.2451
7.4486 1.9573
8.3081 11.0963
-9.4491 -10.1476
4.0121 -9.4845
0.9243 2.9925
4.7758 4.4913
7.9752 -6.3794
7.9501 4.2713
-8.7430 -1.5338
4.1748 6.0280
7.7064 6.1823
2.9821 4.1733
-0.9599 4.5899
-8.1108 3.1836
4.0919 -7.7078
4.6343 7.8815
10.4763 7.3798
-8.5494 1.1297
-3.8550 2.4293
4.3033 -7.9173
4.2586 2.5530
-7.0390 4.3837
0.2148 4.2170
6.3771 4.3721
3.9663 -7.9416
-1.6271 -0.2880
6.5003 -8.6297
5.2587 4.5290
4.3850 4.0574
8.0305 -6.7825
4.1414 3.9759
7.9024 5.1593
7.8551 6.1958
4.5020 4.1588
3.9771 4.1878
3.6771 -8.2686
-1.3765 8.8059
8.5797 10.2637
4.5312 -1.9423
10.0742 7.2553
0.1535 8.1204
7.8608 2.6322
4.1436 -8.5225
4.1517 0.0756
4.0260 4.2789
-0.6284 9.2697
9.2822 3.2467
4.1769 8.3387
4.1873 -9.3106
-8.8031 7.6569
7.8136 6.7885
1.3675 -9.6452
-8.4043 0.5116
2.2745 -9.2016
4.2464 3.9522
4.8972 4.8948
-9.1029 9.6706
-9.4076 2.4278
4.5264 4.3291
-7.5493 1.5456
4.1434 9.1655
0.6425 4.2603
2.5307 3.9163
4.1714 3.7457
-0.1726 4.8507
-9.1331 0.4537
7.5499 0.7950
0.8657 8.7273
0.3859 8.5553
-2.6914 4.3303
9.5772 4.0783
4.0712 -10.0961
5.1330 10.4530
0.5665 1.1106
9.7164 3.1118
3.2284 0.8135
4.2867 0.9035
4.8289 4.5845
2.2187 -8.8811
-1.7428 -10.5250
-0.5646 9.7052
7.2768 0.4249
2.2779 -0.1565
8.9838 12.3552
5.3845 0.7331
8.0054 2.3793
3.7647 -7.9666
1.2264 6.4251
0.7123 -8.3959
4.5678 1.2514
7.3721 4.2948
-3.0210 1.3840
4.4811 -7.5546
5.4028 8.4182
-2.6689 8.4405
4.4403 2.2609
-8.7784 4.6815
5.3991 2.0997
2.7410 4.6377
3.6789 5.1380
-7.2139 0.6446
-9.6447 -8.6402
4.3758 4.5034
10.9248 1.3226
-0.7301 8.5188
-6.8670 -11.4808
9.2672 3.2128
4.3475 -7.1406
4.9396 12.1165
4.5042 4.6254
5.6508 -1.8905
-1.1937 -5.3262
8.5471 -0.7556
5.7087 6.9983
0.7718 -9.3183
5.0017 9.8361
0.1160 11.0722
4.6047 4.2920
4.4991 8.5395
6.9555 3.5441
3.9977 4.3472
4.4645 -7.8360
4.8967 4.7495
4.9018 4.9952
-6.1058 0.6136
2.5646 9.4406
5.2625 0.7756
7.4093 1.3569
9.7183 1.8543
-0.2431 1.9291
7.8788 4.7669
-8.8621 2.6189
8.8375 4.1829
9.0406 4.2569
4.3927 -2.1060
6.1286 -0.1195
7.5396 7.4416
7.4431 5.1659
-0.8749 4.6653
4.4894 10.0455
6.2422 9.6281
-6.5956 4.7779
1.5490 -7.9539
0.3680 2.4081
4.3609 6.0323
-7.4505 4.5954
4.4177 0.8113
10.7064 1.2334
4.0518 7.1852
4.1550 -1.0020
5.3490 -2.5560
-6.7603 3.4376
7.6517 5.0098
9.7567 3.8508
4.6930 1.2718
3.9737 2.0229
9.3137 4.5519
4.4279 3.9695
1.3000 0.9590
3.8019 3.5067
10.8506 4.3526
10.2880 0.2831
-0.5403 2.9804
-3.2117 -6.7430
7.3256 -0.8060
7.3063 2.8676
4.9458 10.9117
7.4248 8.3927
4.5135 8.3873
4.4079 0.1803
-6.2534 -5.4888
4.8144 -6.2588
7.3137 -0.2677
10.6362 3.8234
4.5265 4.1926
8.5503 3.0899
4.4016 0.0026
5.9855 9.8676
-8.2355 5.3159
4.8773 3.8742
-2.5504 0.0001
-6.7217 6.3151
1.4387 -0.7435
7.9976 5.8309
8.0481 -10.3792
3.9094 4.5690
-5.7096 4.7445
3.5473 12.0988
-0.2753 -7.3325
1.7587 4.1704
-5.7318 7.8245
10.3639 6.0465
-8.5240 0.6094
4.6064 11.7615
7.3069 3.7187
7.7541 4.3705
6.1897 5.0843
0.3089 0.8681
7.3222 -1.1974
2.5640 4.8707
0.6747 4.1731
10.9545 7.0069
4.0608 -8.6580
-8.6029 10.5476
-7.6785 9.1986
4.7346 4.4718
4.1995 2.8830
-8.6448 -3.6081
4.4706 11.6325
7.8983 4.1622
6.7349 2.5227
-0.0436 3.9948
0.6257 4.6819
-1.8453 5.6714
1.4747 3.1112
4.8368 5.0560
1.7737 -0.0477
1.8003 7.5465
8.9396 -0.2539
8.8524 7.0526
4.6812 4.5124
1.6829 9.4923
1.8853 3.6807
-1.0041 -7.5135
-0.0944 7.8900
1.0816 -1.4942
1.5973 8.6391
1.6316 -0.8859
-0.2083 9.6729
8.1552 -7.9945
3.9543 9.6994
8.4956 5.4960
4.1476 -0.9959
7.7362 0.9547
9.9503 4.2584
4.0920 -9.1571
-6.4192 3.3695
-0.3573 4.9045
7.8321 11.0662
4.3130 1.9655
1.5142 5.9722
0.6759 5.9214
-8.8905 3.5876
-8.6510 5.3700
-0.3169 8.8009
4.2559 9.6691
4.6845 -1.9765
-8.0425 3.8406
4.8441 10.7924
0.4646 4.9837
7.9589 8.8268
9.4779 2.6329
-11.0737 -6.0985
1.5588 4.6395
-8.8670 -2.7036
7.9087 4.9666
3.9436 10.3790
7.5606 -6.4788
0.3445 1.8877
-0.2864 -4.0272
4.9578 9.7122
-0.4761 4.6549
0.9046 0.9354
4.6042 9.0268
2.8652 9.1185
7.9585 8.3636
4.1758 -7.3011
1.8212 3.6908
4.1652 6.1247
2.4810 1.3168
8.1081 3.8894
4.2024 3.1365
1.4811 -1.2794
0.8421 5.4012
12.4391 1.8465
-0.1890 9.0851
10.8058 -7.1628
4.2503 4.6843
7.2299 0.6364
7.5111 -2.0564
3.7618 7.8214
4.5888 4.9868
11.7258 0.8496
4.2258 8.0894
6.8568 7.5442
9.2166 -8.4451
-7.5778 -0.6109
4.2292 4.9431
9.3306 1.3953
8.5269 -0.6369
8.2163 -7.3774
1.5184 4.6532
4.4482 6.2846
-0.2412 0.7072
9.4104 0.4465
3.2932 -7.8130
3.9336 9.1342
6.4272 1.4594
10.7173 6.3223
4.2418 6.3949
0.1698 3.5043
3.8463 5.0350
-0.4852 9.9384
6.4816 7.4835
8.0572 4.0465
2.9502 2.7978
-8.8098 9.0764
4.5810 9.9122
10.2473 2.8798
6.4125 11.1800
10.4679 4.4797
-6.5660 -1.3757
3.5120 3.9628
-10.0379 4.0076
-4.6645 4.7424
-2.5544 0.3098
1.8655 3.6482
4.0337 -8.7443
4.6939 9.5749
2.0702 8.1387
3.4164 4.8184
10.1640 4.1468
-7.5934 0.7920
-7.0398 8.0996
4.3069 4.2194
4.9009 4.9858
2.3276 9.9028
8.6896 3.9782
4.3280 4.1577
-0.9393 -7.6247
1.2337 4.2266
4.1641 4.4025
0.5456 -3.7367
10.5461 7.5492
-0.1677 5.9863
2.7480 4.6958
9.1767 5.4689
3.4145 8.6609
4.2550 -9.7455
2.7258 8.4391
1.5709 4.5821
2.1884 -1.9403
3.9658 8.4451
6.2627 -0.4730
4.8022 4.8591
0.2832 3.9401
-9.5660 10.1556
4.3744 -8.1646
8.5911 4.5662
9.3507 4.7861
-8.8650 10.2275
-7.6308 3.9154
-7.5623 -0.2728
-7.0936 4.6262
4.2019 -2.1635
3.9563 4.3443
10.0352 10.2047
3.9706 -1.6034
1.8884 -9.2206
-7.7580 -0.3577
5.1979 7.1990
4.2784 4.3803
3.3297 4.7847
4.6096 -0.3394
7.4033 3.2722
4.2848 -1.2665
6.2092 8.2397
8.0111 4.4074
-8.1418 9.0802
-7.2376 1.1363
5.6246 4.2895
9.3121 13.3407
4.7973 5.9984
-9.7125 7.2105
6.6828 9.2934
7.2285 5.7953
8.4109 5.8084
10.2931 -8.3087
9.3036 -8.5298
-6.5124 9.3339
-7.5902 9.3194
9.2939 4.5353
9.2968 -10.2991
7.2023 9.2885
-7.5933 5.4422
5.1640 -10.9657
7.8096 -12.1033
7.7803 6.7783
3.2311 9.3195
9.2985 9.3016
9.0933 12.7364
7.7543 -14.5613
9.2964 9.3271
5.3422 6.2062
-10.8641 9.3016
-9.9400 4.9289
3.7783 9.2891
3.7386 9.2990
4.8849 9.3226
-7.4546 7.0067
9.3008 -6.3642
9.3259 9.2205
-5.7540 9.3287
3.8905 9.1605
7.5171 -7.7663
9.2761 9.3205
-10.7806 7.6454
6.9593 9.3165
-8.8857 6.3362
5.8059 -11.5561
9.3069 13.4149
9.3064 -10.1197
9.2905 -9.8313
9.2964 -9.5817
9.3090 5.6603
-10.9268 4.8324
3.6179 9.2923
9.3051 9.3068
10.3804 4.1970
1.0356 -12.6718
9.3027 9.2821
-10.8862 9.3960
-10.5289 5.7440
7.8838 8.0286
3.4787 4.0696
6.1733 9.3133
5.5301 7.3880
7.0504 -10.0482
9.2945 9.2976
4.4536 -10.4788
-12.3204 5.7236
9.3190 9.2221
9.3019 7.3990
-7.0436 -9.6142
10.3544 9.3040
9.3209 5.6410
9.3392 9.3154
-11.7656 9.3021
4.5526 9.3312
5.2132 9.3009
6.4702 -5.9658
8.4450 -13.9000
9.8070 9.2880
8.6653 9.3185
-8.4544 6.9393
6.9500 7.6544
-12.3882 -9.3677
6.3501 9.2991
-9.2915 -6.8087
-12.6746 8.8621
9.3106 7.5948
-10.1641 9.3037
9.3066 9.3072
4.3379 6.9761
-9.6713 7.1283
7.6790 6.3088
6.1115 -11.1372
-9.2663 9.9372
9.3025 9.3009
5.6343 -6.1210
2.7684 9.3069
1.9405 -7.1878
5.5809 4.6080
6.3687 4.9350
-9.0784 6.9223
4.1820 9.3139
-9.6542 2.9181
6.6636 9.2933
5.8191 9.3121
7.1382 9.2984
4.8977 4.2840
5.6983 9.3054
9.3076 -8.6666
7.5627 6.6272
8.3378 10.5740
7.2234 7.9119
-4.4561 5.2698
-12.1440 4.3597
9.2691 5.5444
9.2954 9.3109
-11.5550 -9.3352
9.2884 7.7861
-11.1215 11.8873
5.4654 -10.8820
-11.3914 5.4890
-11.8303 8.5583
6.1204 -11.3196
9.3133 6.6375
6.8857 -3.7493
9.2838 9.3094
8.1521 9.2735
11.9258 2.2733
-7.1126 -7.6389
9.3126 9.2873
-10.8595 9.3118
4.3200 -7.4308
6.0165 6.7187
6.0207 6.0565
11.9086 -9.3255
9.3095 4.0372
-10.3727 9.3071
4.6897 -3.1558
9.3108 -8.0996
5.5794 -7.8215
-5.7556 7.5700
6.2931 3.9803
9.2872 7.9970
9.3111 9.2953
9.2902 -11.1428
8.8399 7.7912
9.3078 13.9189
-8.7771 9.2930
9.2951 9.2830
2.3281 9.3013
6.7498 9.2951
9.3223 -7.0262
8.6574 9.3134
7.5792 9.3138
6.1973 5.3949
8.0713 12.0848
5.5136 6.3092
5.7759 9.2872
-10.8163 9.3031
-9.4985 -7.8821
9.3226 6.1830
9.3068 5.9222
9.7774 9.2953
10.3740 7.5813
-5.8093 -8.7754
10.0605 9.3180
-8.4368 -12.1933
3.5692 6.5241
5.6624 7.9854
7.2032 7.1082
9.3165 9.4156
5.3043 -9.7430
-8.9356 9.3539
8.7003 -10.8399
9.3130 9.0670
9.3144 6.8392
9.3155 5.5552
-8.7130 9.3162
-14.3156 -9.8719
9.3221 4.1180
9.3071 9.3086
6.4452 9.2933
9.2933 -10.5149
9.2979 9.3311
5.9140 5.3427
8.1817 -9.9606
-9.3656 8.8494
9.3172 9.3035
9.3310 -10.3594
9.3191 -10.9308
-10.7608 15.3671
3.8407 5.6889
-9.4226 6.7206
9.3422 9.3172
-10.0041 -9.7280
9.2446 5.4227
9.3008 -13.9298
9.3160 5.1555
-8.7343 5.2610
9.3024 13.0752
3.9629 12.4640
5.7544 7.5705
5.3878 9.3107
-12.8112 9.3110
9.2935 2.7154
-7.3891 11.2358
7.9752 8.6033
9.3112 5.9676
-7.7840 6.3340
-9.1257 5.7299
8.1086 9.0120
6.5261 -8.0417
4.4383 4.8590
3.0603 -7.5064
5.7756 7.8594
9.3103 9.1158
-6.7477 9.8177
4.8453 -10.6819
2.2370 6.9954
9.2900 -5.1197
6.4395 11.2840
-5.5996 9.2972
9.3101 9.2943
3.7293 -7.5807
9.3108 3.5024
-8.5094 8.6620
9.2902 -8.6457
9.3062 -15.4372
7.4209 5.4886
-9.9547 10.8873
-10.7964 -10.5216
6.5975 8.2076
6.3043 8.2348
6.1343 -10.0846
9.3167 9.3015
9.3389 -10.4340
3.5876 4.4005
4.3637 3.4426
9.3037 9.3143
9.3035 -15.1402
-8.7128 -11.2452
6.9719 5.2649
5.1326 5.7325
9.2955 5.9615
7.1384 9.3241
12.3221 9.3179
-7.4839 9.3181
-1.0048 -12.4440
4.4881 9.3152
3.4303 5.6292
9.3131 5.0422
4.7457 -6.5787
5.3130 9.3095
-9.3984 6.8685
9.2846 10.3539
-12.3722 4.1554
-10.9886 5.2754
9.2964 10.0198
-8.0308 8.9270
6.8031 6.2869
-15.0012 9.2921
-10.6565 -8.9750
9.2823 7.5930
9.5582 9.3078
-7.9128 6.0195
9.3007 -8.9926
8.5473 -5.2666
6.3207 9.3133
10.2001 7.8462
6.7798 8.3111
9.3014 9.3167
-10.5057 8.0100
-7.3898 9.2909
-5.3605 9.6620
9.3841 -11.7663
11.6555 12.9111
7.7962 9.2965
3.5508 4.0280
4.1747 9.3015
-6.6675 11.8661
9.3155 9.3057
9.3053 5.6858
9.0050 -10.9504
9.3095 -13.1888
9.2881 7.6488
5.2805 -10.6625
9.7120 -8.5426
9.3398 9.2933
-9.1411 -10.9409
9.3216 9.3139
13.8424 -6.7821
9.3047 9.3138
4.0706 9.3144
-11.2095 9.2913
5.8636 -7.8630
9.3188 9.6032
9.2981 9.2940
8.5089 8.9755
-7.1632 -12.5753
-14.3393 2.2948
-9.5592 8.2233
-7.1024 6.4676
6.1127 -8.2909
11.6026 4.2613
9.3175 -14.4049
9.2953 -9.9046
8.6346 9.3237
9.3192 -7.8291
-7.8007 9.2998
-11.3763 9.2996
-16.3973 6.6763
2.8106 -8.4965
11.9726 9.3139
-11.9145 9.3070
-11.5204 6.6657
-8.3406 5.1226
6.9045 9.2946
-10.3813 4.1463
-11.7947 3.4527
9.2965 9.3141
5.5198 8.9782
6.1027 8.5719
-12.1091 9.2938
7.5663 10.2893
6.5007 9.2953
12.1281 7.4284
-6.1222 10.2214
9.4025 9.2815
9.3116 9.3053
9.3155 9.3079
2.0752 9.2712
-13.2550 9.2981
-7.9325 -10.1086
7.6523 9.3109
-10.0252 9.3330
4.4029 -11.4802
6.6504 7.2115
-8.6786 -9.1871
9.2879 3.1155
10.1115 8.5300
7.7094 3.2822
9.3194 5.4842
9.3054 8.8438
7.0982 -5.4193
-11.1692 6.2665
9.3038 -10.9697
8.2612 6.3852
-7.2577 -9.7532
9.2970 9.1150
-9.1639 5.5821
9.3022 -9.8004
-14.4215 9.3018
7.3117 9.3240
-10.4323 5.3720
-9.4920 9.3046
-11.3484 9.3514
4.8362 -10.9416
10.4215 9.2893
9.2934 9.2963
11.6578 9.3100
9.1553 6.2524
6.3135 9.2970
9.3041 8.0087
9.3114 9.3071
11.8845 -9.1172
6.4703 9.3049
9.3017 -9.8995
-8.2120 5.1065
9.2782 9.2970
11.8703 9.3233
4.9829 -6.8814
9.3297 -11.5191
-8.8633 -11.5578
9.3099 -9.0524
9.3098 9.3018
6.6410 9.3113
4.2205 9.2891
9.3566 -13.8429
-8.9418 6.3198
-11.2105 9.3068
6.5247 7.7456
9.8176 -8.9718
5.8700 9.3080
9.2926 -12.4871
9.3167 9.3148
9.3150 -8.9512
9.3274 -8.8322
9.3084 8.3042
10.0350 9.3208
9.3109 3.0022
5.1275 9.3027
9.3021 5.9885
6.3117 5.7666
8.5519 5.8600
9.2890 9.3403
9.2997 4.3620
4.7989 9.3070
3.5546 -9.7268
9.3022 -5.0294
8.2119 8.5242
9.3235 5.9916
7.0504 3.5229
9.2848 9.3331
7.2404 5.6528
9.7898 4.6220
7.2255 13.4936
9.2981 9.3113
9.2992 -9.1318
9.3015 6.0877
6.0228 4.2720
9.3162 9.3114
9.3198 -11.9099
4.3742 -11.5807
-8.1681 9.2820
-11.9649 2.6003
6.7365 -14.5387
7.2562 -9.7275
5.6697 -9.6264
8.3767 9.6677
3.0916 6.4525
9.3136 8.6273
6.5157 7.2819
6.7934 9.3041
10.3837 9.3255
6.8673 -8.8232
7.0247 5.3492
11.2274 5.2106
6.1150 10.4493
5.1470 9.3186
-10.8081 -8.6338
-8.4770 8.3374
5.3362 8.4002
-9.1821 9.2895
8.4079 11.3597
-7.9811 5.5142
-14.5962 6.9328
9.3192 6.2905
4.8000 -8.8654
-12.0222 -10.9543
9.3258 -6.9148
-8.9528 -7.5067
9.5028 7.0682
-6.0755 8.0191
8.7018 -5.7158
8.6230 9.3028
6.8322 9.3032
5.6298 5.5458
5.4804 9.3357
-11.3288 9.0682
-7.8269 -7.0245
-9.9247 9.3113
7.8738 9.3275
7.6937 -6.8394
6.5393 10.9459
9.2973 -9.7151
-9.7237 5.5378
9.3164 9.3228
-8.9684 6.2920
-10.1844 9.3064
9.3107 11.1124
9.3076 -10.8838
-13.3285 9.2928
-5.8774 -11.3797
9.3179 5.7323
6.2514 -7.9977
5.4040 14.6390
-12.7160 -13.9806
4.6494 -8.1825
-10.7188 9.3086
9.2817 7.2947
9.3039 -8.6156
9.2748 4.1841
5.0069 -9.3894
7.3132 5.2017
-10.9298 3.8574
11.0504 -7.6128
9.3047 9.2837
5.6070 9.3185
7.7607 9.3212
9.3047 6.1751
-6.1492 9.1855
-12.5803 11.1868
9.3157 -7.9874
-11.9301 7.2576
4.4911 6.0884
9.2991 9.1043
-9.8327 8.3279
7.3329 9.3239
5.3166 -7.3514
7.4484 9.3084
4.3029 10.6301
-9.7679 9.3223
9.2892 3.8380
-9.9349 10.4239
-12.8570 9.3258
6.5187 -5.7295
9.3069 5.8705
12.7238 8.8071
6.0946 -7.4151
9.3308 3.3753
5.9437 6.8040
12.6949 3.3241
4.4753 -8.8390
4.9135 9.7236
-11.4339 9.3268
9.3285 5.6308
-9.8148 -11.0399
6.5651 9.3050
9.2901 -7.2824
9.3014 5.7785
9.4753 7.5771
-11.8516 9.3122
6.6646 4.3403
9.2938 8.7497
9.3048 6.5465
6.5887 9.3073
9.3188 -12.4938
12.4880 6.9110
-15.9761 6.7242
-9.7856 9.3147
7.5939 -9.2312
9.3018 -8.0627
9.2731 -11.7151
8.7812 4.9137
9.3063 9.7547
9.3064 6.8855
-14.3313 9.3173
-8.7760 5.4837
8.7028 -11.0801
9.2811 -6.8923
9.3103 -9.5967
8.1893 -5.2111
-8.0453 8.1717
5.4809 9.2826
4.6253 9.3258
9.0180 7.5693
9.2915 9.2900
-12.5958 -8.3474
6.1593 12.5916
9.3155 -7.1560
7.2847 -3.9847
9.2988 6.8860
6.9585 -7.8029
6.1489 9.3069
6.4941 -11.7999
6.6570 4.2465
1.2722 -13.0021
9.2899 7.2116
9.3268 6.4939
6.2607 5.9676
-9.0680 9.3107
10.9582 -10.6212
-6.7600 9.2982
9.3067 -9.7218
9.2983 6.6289
11.1969 7.2184
-11.3015 -4.8722
-12.3257 -8.5377
9.2950 9.3070
9.3287 9.3007
9.2915 9.2904
-5.2997 4.9962
-6.9768 9.3101
5.9626 7.7150
9.2914 6.5189
7.6387 9.3148
6.5200 5.4515
9.3112 11.4370
-11.6353 9.3166
9.3063 -12.6199
8.0421 9.3147
-10.6087 9.3191
9.3241 -7.5535
-4.3664 9.3088
9.2968 9.1055
5.9702 -10.9910
6.5211 8.1898
9.3130 -12.0823
4.0456 9.9422
-7.5780 -9.0620
7.1287 -12.1200
4.5801 9.3121
9.2965 9.8832
-7.9738 13.5323
-5.8776 8.4324
5.0648 9.3007
9.2988 9.2967
9.3129 -10.5615
2.2708 9.2906
9.3065 9.3168
9.3069 3.8743
8.4295 -10.0127
9.2916 9.3110
9.2823 -14.8288
-9.5500 9.2932
8.2641 9.3076
-6.7708 7.9571
9.2915 9.2796
11.5197 9.3319
8.5625 10.6486
-7.8978 -10.3715
6.5147 -4.3390
9.2822 7.1697
4.6601 12.9799
9.3092 -6.7393
9.2995 7.4514
9.2706 11.6561
9.3097 7.4435
11.7597 9.2988
6.3435 -9.9179
7.7624 4.8578
9.2974 -10.6998
-4.3705 9.3021
8.3280 -14.7394
9.0756 9.2840
8.3162 9.2988
9.3001 9.3239
-7.5823 9.3147
9.3143 -4.9145
6.9016 -11.8736
-10.4740 10.7674
9.2903 10.9414
9.3092 9.2959
-12.6083 9.3124
4.9841 9.2889
8.1925 9.3131
-12.9829 5.9946
-10.5819 9.3201
11.9019 9.2795
9.3241 -14.0511
6.4868 9.3182
9.3006 6.6249
-11.4769 9.3208
6.2091 -8.4460
9.3008 9.3018
3.4479 6.0101
7.5327 9.3115
-8.9256 4.9920
9.3199 9.3235
-7.1217 2.9827
9.3027 -11.4852
9.3034 11.1432
5.8694 -10.5857
-5.5117 9.6889
9.2797 -11.2383
2.8248 -11.3921
9.3071 9.3333
9.2958 2.9441
-11.8319 9.3013
8.1603 -12.2922
4.7993 7.2277
2.7762 5.5281
9.3132 4.7859
6.1160 -15.1820
9.3059 0.3806
-8.5678 6.0989
-11.7968 -15.6609
5.7183 4.7135
9.3058 4.9944
-10.1537 6.2321
10.9668 5.8531
9.7204 6.3353
9.2822 7.0098
9.3035 -9.0246
4.6299 9.3185
11.5637 -12.7112
-10.5242 6.4873
2.9487 9.8643
8.6204 -10.7799
7.4055 9.3240
9.3269 12.4018
-9.0408 9.3018
-7.2479 9.3083
9.3164 10.2580
5.4268 10.4130
9.3189 9.2590
11.2139 9.2986
8.1173 7.3675
-9.3925 5.7136
-9.9566 6.6604
3.3686 9.2773
8.0923 4.9886
6.6013 9.3101
7.2139 9.3257
8.4338 3.3938
6.6963 6.5133
9.2906 8.5038
8.0883 5.0660
9.3161 10.6950
6.5233 -5.1348
8.9417 13.0551
7.8972 9.3047
8.3810 -6.3389
9.2953 9.5191
-2.0202 -11.4240
9.3038 -8.3518
5.8919 -7.5839
7.7041 9.3036
5.1024 8.1904
-11.4256 9.3158
-7.1082 4.3033
9.3220 9.1802
9.3211 4.9724
5.4485 11.1874
-8.3571 5.0568
9.3059 -11.9738
2.2549 -8.6650
5.9326 -9.8722
9.2926 9.3140
6.5228 10.0720
9.3040 7.7584
6.6801 9.3221
-7.7072 6.7081
-7.9757 4.3361
9.3292 9.3172
1.2044 -10.9368
4.5131 2.2053
3.3572 9.2846
9.2918 -7.5836
5.7031 -13.1545
8.3462 9.3059
-9.5070 2.8853
-10.3979 7.8387
-6.5059 -9.4383
-7.9133 9.3198
9.3176 3.5351
-8.7201 5.5364
5.1484 -6.5267
5.8583 -8.2754
9.3269 9.6355
7.8857 7.5532
-10.1730 5.5835
-8.7014 9.3256
-10.6256 -0.9512
9.3068 -10.0884
6.1875 5.6987
9.2982 5.6706
5.2251 5.3400
5.3563 -8.5505
-9.1254 6.4681
-11.0769 6.1684
-4.9519 4.1102
9.3100 9.3300
3.4428 5.4340
-13.1473 6.6687
9.3104 5.4875
6.0174 3.8571
9.3220 -13.5806
-7.2912 -11.1637
9.3061 6.7045
9.3153 9.3373
5.5916 -9.0896
9.3053 3.6915
5.1353 6.0442
8.9606 -10.7539
6.6659 6.5518
11.1285 1.9755
-11.3273 -10.2484
1.7381 9.3123
-12.0422 -5.4250
3.5451 7.2995
9.2959 -9.4091
-7.4562 -9.2300
9.2935 -4.8281
-8.7003 3.2114
11.1536 8.9008
9.9503 9.3140
6.8411 5.5817
9.2877 7.7206
9.2938 -13.7672
5.8589 9.3062
9.3109 5.9897
9.3003 9.2617
-6.4218 9.3194
9.2928 9.3154
9.3177 6.9957
9.3201 4.3635
9.2832 -8.5333
9.2913 6.5759
6.2010 9.3101
6.2832 -9.9690
-11.4190 -12.3716
-10.8883 10.5137
9.3128 -11.9697
-8.0578 9.2905
9.3010 9.2959
8.4483 -11.0127
-8.3922 10.7580
9.2784 -7.7013
9.7872 -9.4562
5.8022 -9.2640
-12.6910 -12.6949
5.7454 9.2951
6.8211 9.3249
-8.4097 9.2980
9.2955 9.3213
-9.8968 9.2797
-12.7644 9.3262
9.2923 13.7507
4.6505 9.3200
9.3138 6.6974
9.3144 -6.0429
4.6275 5.0425
-9.5893 9.2949
9.3222 9.3036
-14.2492 9.2991
6.5357 9.3087
9.3103 -8.9927
-9.2813 9.3109
-8.0696 -7.0895
-11.3266 9.3032
7.9118 9.2817
10.6422 9.2773
7.0162 9.3048
9.3000 -6.6462
-9.1839 -9.3073
6.9545 9.2974
8.1029 14.6649
9.3088 9.3180
4.6003 9.2964
6.8004 8.1077
7.2857 10.6382
6.9489 9.2825
7.2474 6.9261
-11.8484 9.2754
9.2829 9.3135
-8.8794 -8.4990
2.4508 -14.1347
9.2972 -13.3564
7.0856 10.8869
10.5083 8.7011
7.2871 7.6824
9.3010 9.3002
-9.1816 -9.0446
8.7251 -13.6103
12.4558 9.3155
7.6781 9.3104
9.2964 9.2780
4.3560 9.3044
3.0945 9.3009
-9.5332 9.3249
9.2863 9.3152
7.3395 9.3034
4.6444 4.6348
-11.3940 10.1949
8.4374 5.0869
-10.0871 -6.1309
9.3130 9.7125
-13.5489 6.0180
-11.4654 9.3047
-4.9132 9.3157
9.3150 12.4248
8.3556 7.0854
9.2902 6.2878
9.3241 -12.7614
3.1902 9.3043
8.2736 9.3008
9.3075 -4.7596
4.2846 6.2792
10.8285 5.6621
6.1200 9.5837
6.2699 -9.1963
9.3320 9.2777
9.3201 5.1941
4.9296 -11.7523
9.0483 9.3152
9.2871 4.3613
-6.7467 9.2904
9.3091 6.0653
12.8380 6.2173
-7.0728 9.2856
9.2966 9.8528
8.3749 8.5930
-9.2830 8.1144
9.2914 -10.0063
9.2936 9.2900
12.4508 6.4132
9.3040 9.1172
-10.5636 -8.0882
9.3140 7.0488
-8.7938 -6.1974
9.2856 6.8411
-8.6147 8.4801
-10.7744 -9.9662
9.6317 -9.0983
9.3270 15.2164
-5.8119 6.3408
3.7751 -11.5318
-9.0120 9.3065
9.2364 8.7753
-16.4584 6.3375
-8.1468 13.4821
9.2721 -17.4227
5.9647 8.5194
11.2705 3.8633
9.3186 4.5189
-7.0560 3.7323
-10.6685 9.3184
9.3030 5.3350
9.3049 -10.6556
-7.4822 -7.7620
-7.3935 9.3000
5.1235 9.3245
9.3136 -8.7472
5.1940 5.5009
-4.8728 7.7635
9.3030 6.5174
9.2797 9.2913
7.9566 9.3088
9.3165 5.7780
9.3093 9.3113
3.7705 9.4853
-5.0095 5.8678
5.7872 11.8250
3.1418 9.3005
3.9266 6.0946
-12.9494 9.9501
6.8236 9.3096
9.2930 9.2988
-8.2776 7.6557
10.7723 6.8769
4.6908 -8.2216
9.2909 7.6146
3.9339 4.2094
7.6919 -10.3441
-8.7217 -10.1101
-8.1680 3.3569
9.3088 8.9772
5.2773 9.3031
6.5586 9.3135
9.3163 5.3099
6.7231 -9.0137
10.8561 -12.0142
-9.8993 12.4642
4.5004 9.3182
7.6525 9.3045
-12.9471 -8.9057
-5.9580 5.8265
6.7845 8.2897
-9.8834 -9.0610
9.2912 9.3156
-8.4748 -7.5512
8.5136 9.3072
11.8448 9.2999
9.3084 -8.2499
-13.7637 -5.4641
9.3143 -14.1057
5.5957 9.3088
-5.4320 -7.1926
-10.6447 9.3188
12.1427 7.1923
9.3040 5.2634
-10.6147 12.1644
9.3172 9.2904
-9.0697 9.3288
-12.3886 -11.3946
9.3227 9.2936
-14.0237 8.1273
9.3125 9.3204
9.3098 -7.9528
-10.8319 -10.5296
8.2010 9.3000
8.3656 9.2865
-13.1608 11.4626
-8.7833 6.1921
-4.0144 -8.5745
9.1887 11.0492
-8.5618 9.3236
-3.9569 9.3070
-9.2324 -9.0946
9.3336 9.3160
9.3121 -8.9157
12.1198 8.4681
8.9154 4.8795
6.2256 8.7336
9.3081 9.3083
6.9312 9.2974
-10.4062 9.2951
8.2922 9.2976
-8.7632 -8.8941
7.9707 5.0357
5.3162 6.8264
3.1762 5.2363
7.7635 7.0763
9.2874 9.3218
-8.9925 9.3305
-11.7866 5.6787
-10.6954 -11.6213
9.0817 -11.6178
9.7530 9.2804
9.3064 4.0245
2.8020 -6.8267
6.8611 9.3211
13.3778 9.2828
11.6951 6.8478
-10.2943 9.3074
7.7274 5.8292
8.4746 9.3084
-12.5274 9.3111
8.9590 4.8188
8.2887 9.6415
-12.1900 8.4812
6.4869 9.3029
9.3314 9.3072
-5.5899 5.0591
4.6792 9.2865
-9.4109 6.6693
4.5799 9.3179
-11.7964 9.3010
-9.5887 -7.5333
9.3326 -11.1270
9.2991 9.1191
9.2940 4.6525
10.3816 9.2919
-7.4063 9.3038
9.2878 9.0077
9.2948 6.9538
9.1884 9.4915
9.3105 5.9809
4.8529 -8.1709
9.6213 9.2957
6.8088 -10.2579
-6.8633 9.3430
3.7830 8.2094
9.3041 6.7227
-11.5542 -9.5146
-7.5567 9.2916
9.3451 5.6336
8.3483 9.3159
9.2892 -11.7413
7.2349 11.7434
9.2826 9.3067
9.2969 9.3161
-11.7197 9.2776
9.3282 7.6602
9.1632 -8.7919
-7.0336 -9.2463
5.0879 12.2112
9.2994 10.2594
9.3059 9.2985
-11.3945 9.3293
9.3078 8.7853
9.3119 5.8862
-9.2750 2.6242
6.9698 9.3070
6.8797 -10.2915
-11.2611 9.3071
4.3349 9.1122
4.4507 5.2149
9.3203 -9.1118
9.3045 8.2539
10.3889 6.0128
9.2959 4.1060
9.3151 -10.2443
-10.2850 7.2421
10.0695 9.3120
-6.5778 -9.3879
-9.4586 -9.0326
9.3085 9.3340
7.1362 6.6574
4.2453 7.5755
9.2966 7.1255
6.0132 7.3183
-10.5154 -8.7100
9.2905 -4.7259
9.2920 -12.0042
9.2880 9.2983
5.6656 -11.1490
9.3122 3.5289
7.1814 3.9627
5.2351 5.2536
-9.3334 1.4254
8.5120 4.4691
-9.9021 9.2896
9.3281 -10.5318
9.2982 -8.6582
1.9655 6.5869
9.6098 9.3038
-6.9601 9.2891
6.0704 4.4179
9.2967 9.3011
9.2860 -10.4046
9.3282 -10.6270
-6.6548 9.3157
8.6090 8.0641
8.8871 9.3063
-8.3889 -10.6812
9.3293 9.3196
9.7378 8.6503
7.8589 9.1329
9.3092 9.2831
-6.7206 7.2159
10.2744 8.0298
9.3028 -8.5737
8.0234 -8.9246
9.3074 10.4375
-7.0049 -7.3448
11.2534 -8.8545
2.9445 4.4179
5.5467 9.2859
3.5809 5.0376
8.4180 9.3190
6.7270 9.3023
-11.8099 9.3025
7.8315 3.4248
12.7632 -11.5094
6.6080 9.2994
9.2861 9.3019
7.5764 9.3279
9.2688 -9.4572
9.3100 8.7810
5.0470 -13.5287
5.1727 7.5467
9.3263 7.2836
11.7660 3.4788
9.3251 5.0741
9.3086 -9.3040
-15.1928 9.3021
9.3168 8.4563
4.6708 4.6439
8.0138 9.2908
-8.3562 5.8002
9.3076 9.3128
7.0076 -8.0400
6.3255 9.3155
-9.7562 6.8034
5.9093 8.1763
9.3187 9.3029
5.6225 9.6842
-7.6319 -7.7825
5.3609 4.5129
9.3045 10.9821
9.3042 -7.1623
-12.8255 7.1508
5.9774 9.3077
7.5498 6.0860
3.0733 7.7471
9.3042 9.3001
8.8829 -11.8159
8.4843 8.7393
9.6322 9.3177
9.3029 -10.7357
4.0834 -9.0012
7.9018 6.1339
9.3015 5.5616
5.0183 5.8661
-12.5000 -10.4071
-11.4065 -8.1129
9.2710 9.3231
6.5925 -6.2101
-9.0637 10.2701
-12.3930 7.4163
-7.6079 9.3270
5.4429 5.1635
6.8439 -7.8519
6.3388 9.3012
9.2886 6.7312
9.3100 9.3026
-5.9294 -13.2299
-9.0765 9.8712
9.0636 -9.5175
5.5404 8.2873
-12.2792 9.3016
7.7055 9.3407
8.6426 5.1178
9.3253 8.9760
9.3250 9.3030
-7.6821 9.2927
-8.4032 -10.8422
4.6336 -13.7702
9.3265 5.6873
6.8088 9.3242
9.2826 5.1321
5.7933 9.5171
6.3334 9.2913
9.2920 -6.6915
9.2871 9.2972
6.2146 -8.8093
9.3142 9.3279
7.2082 9.3021
6.6094 9.3103
9.3792 -10.2936
3.7568 -6.8916
-11.8855 9.8214
7.0773 -13.9857
9.3016 9.2971
5.1663 9.2943
9.3057 4.6215
9.9013 -10.8995
-8.1784 9.3380
5.3974 -7.6775
9.3069 2.4091
-9.3753 3.9098
7.9712 -7.5378
5.1042 4.9597
-9.7921 -8.8114
-9.6079 9.3150
8.7188 9.3048
9.3038 5.2698
6.6126 11.3423
5.0644 11.2715
-8.4045 -7.7601
9.2968 -8.2777
-11.3738 -10.9747
13.1147 -8.5324
7.7470 2.4099
9.2902 5.9482
13.9110 9.3122
5.5798 -9.1661
9.1213 -8.1180
9.3034 -9.5583
9.2915 6.8099
6.6381 -6.6249
-9.6369 6.0260
9.3003 9.2890
9.3048 -11.1202
10.7277 2.0768
-10.3458 9.3108
9.3168 -11.8639
9.6177 4.7331
9.3031 9.3051
9.3204 6.7864
9.3081 -9.2887
-9.2727 -10.4262
-5.4802 -7.9243
7.8081 9.3061
7.8645 6.8178
12.6840 4.9497
9.3070 9.2827
-5.7794 9.3855
3.5875 -11.0697
5.1138 -8.8552
8.9202 2.5814
-13.3755 -9.6596
3.6854 4.2424
9.3050 9.3080
7.7866 9.3390
7.1159 -10.3328
9.3072 2.8836
7.0743 -10.9515
9.2866 8.7615
5.7970 6.0582
6.7225 3.4478
9.2843 -5.4968
7.4321 -9.1424
8.3273 7.8312
9.2972 9.3113
7.3170 9.3222
-9.1770 9.2860
9.2939 -12.7403
-5.8934 -5.3192
9.3208 -7.2481
-9.5066 2.6412
6.4177 9.2939
-10.9546 -11.3744
6.6773 9.3201
5.5178 -10.1198
-8.6047 5.5327
9.3251 8.4409
6.8207 -5.7724
9.2856 9.2744
7.4122 9.3122
9.3067 5.9298
-9.4710 9.2828
-7.4225 9.3128
9.3151 7.9323
9.2891 9.2917
6.3470 5.7418
6.3571 -6.4165
3.8665 9.2963
9.3193 -13.7314
7.6455 -9.8035
-7.8541 6.5641
-7.6685 9.3100
9.5984 6.4928
9.3141 9.2968
9.2944 5.3464
9.6379 7.7069
-14.5175 9.2927
4.2746 9.2995
9.3044 -9.3021
-11.3011 -13.0905
7.2544 -10.7022
4.2657 9.7151
2.7509 -10.1954
-12.1092 9.3025
3.9718 -10.3636
3.3163 9.2950
6.6544 4.9412
6.8550 9.3042
9.3165 5.3767
-9.0055 6.3587
9.2949 -10.3193
3.2055 -12.9297
13.8876 9.3122
4.4037 9.3047
6.1555 -12.0628
9.2899 7.4549
-12.7749 3.1648
9.2889 -7.0372
9.2591 3.4497
-9.8769 9.3070
9.3150 9.3357
-11.7376 -7.7341
9.6963 9.2980
5.2915 5.8882
9.2954 9.2967
6.0343 9.4359
-10.5142 9.2991
-11.1943 9.3164
9.3036 4.8028
-11.1440 11.4641
8.1856 6.3927
9.3064 7.5616
8.3403 8.7139
9.2933 -11.0483
1.8876 7.0917
5.6880 9.2930
9.3105 6.2391
9.3156 -9.0226
-10.9531 7.3956
-11.0413 6.9255
9.3326 6.8614
4.8429 7.9297
-12.0928 9.2988
9.3273 7.4476
6.0435 -15.0035
8.4317 -12.4845
8.9987 7.0495
7.6016 9.3053
4.0954 9.2868
4.3742 9.2997
-8.2012 -9.4342
3.4848 9.9755
7.4047 8.7234
5.5517 4.8847
6.6485 9.3027
5.3866 8.8630
8.6644 -5.8177
-10.4285 9.3011
4.0910 9.3260
5.3042 -7.4456
-8.2267 -9.7535
3.5276 9.2919
-8.7050 5.3510
9.3233 8.1968
4.5471 7.4805
-8.4204 9.3244
9.3157 9.3050
-5.5821 6.2166
3.3772 9.1531
2.2556 -11.0482
5.5294 9.9267
7.2110 6.9829
7.1551 -7.6766
9.2984 9.3058
5.4832 -13.0360
8.9903 6.1486
8.0467 -8.7734
9.3033 5.1630
9.3094 9.3112
10.4272 -8.5149
9.2973 9.3050
9.2764 11.1275
9.2898 -9.1702
9.2933 -9.4925
9.3332 9.3135
-6.8431 9.3137
11.9592 5.5468
8.2508 9.2877
9.3084 8.2945
8.8218 -12.4844
-7.8324 8.9937
-11.4506 4.6295
-6.3946 9.2760
9.3111 -9.2301
9.3113 8.8036
6.8228 -9.1382
9.2738 6.0100
9.3043 7.9454
-11.9429 8.8412
-8.2098 9.2936
9.2928 4.7848
12.6259 9.4692
5.2910 6.4739
8.1371 4.5812
-11.8345 6.4842
9.3103 9.3234
4.8514 9.2857
4.8506 9.2956
6.6535 -8.6600
9.3089 9.2944
12.2119 9.3096
7.6454 9.5868
9.3110 3.6972
13.5376 8.6882
12.0397 7.2081
-8.7978 6.9053
7.6367 5.8411
-7.4802 9.3110
5.6441 9.2826
-11.4989 9.2970
-8.1311 6.2794
9.3472 9.3138
-10.3507 1.9015
9.2830 9.3111
-8.1045 -6.2804
9.3278 10.5934
6.3493 4.9343
5.3389 9.2917
9.3059 9.2949
5.7871 -12.3425
6.4907 4.9981
9.3135 9.3137
3.3280 9.2845
-7.6290 8.9787
-7.9834 -7.1482
9.2813 3.0818
8.6675 -9.6195
9.3023 5.6300
-8.1172 8.5246
11.1572 9.3020
9.2246 8.1067
-10.2381 -12.4521
9.2916 -7.5673
4.1236 3.9674
4.3766 9.3225
-7.6964 9.2946
-6.8343 9.2933
5.7987 -9.0770
7.3052 9.0663
9.3122 -6.3698
-6.1337 -5.2390
3.5823 5.7365
-6.8138 9.3006
2.9572 9.2934
-9.0139 6.4692
-3.5840 9.3156
8.7753 7.7074
2.8659 4.5704
8.0664 9.3095
9.2959 5.0555
7.9546 -10.3371
9.2994 9.3060
6.1543 6.2335
9.2816 9.3091
9.3072 9.3014
-10.6717 9.3024
9.3076 8.2736
9.3148 5.7611
6.2158 -11.8293
6.0305 8.9986
9.2927 -4.3611
-9.3166 9.2758
9.2973 6.9893
9.2924 5.7018
-8.8374 9.2935
6.9304 -9.5782
4.5567 9.3160
4.1254 4.6732
9.2284 9.2955
-7.7191 7.7753
9.2941 -6.2061
9.3155 -6.6451
9.3033 -6.3596
2.7739 7.4114
9.2956 -12.2840
9.3066 9.2845
-9.1634 0.6715
-8.6259 6.9307
4.1585 6.3627
7.7221 -13.2220
6.4689 -6.9272
6.3079 -9.3067
9.3156 9.2847
-12.3550 9.3134
9.3270 -7.6182
-11.4008 4.2422
-9.3419 9.3212
9.3108 8.1477
9.2896 6.1793
-9.5237 -15.0439
9.3105 9.2922
5.2132 8.6623
5.2416 9.3024
8.0804 -10.5944
9.3170 4.8576
0.1508 9.2918
9.3087 9.3270
-8.1142 8.9378
6.5518 -5.2977
9.3052 -8.0800
9.2978 9.3048
6.2306 -4.7622
-11.4838 7.7681
4.5245 4.5148
12.0639 8.9364
-12.3141 -9.7164
7.2710 -9.9529
4.2685 9.3094
-9.0133 9.3156
11.8142 5.1102
9.2962 9.3031
9.2911 -10.6392
9.3140 -10.5994
10.3814 9.2826
4.2144 -5.2901
5.7995 9.3035
-8.8401 -10.4194
9.2752 9.3119
3.9273 -6.9690
9.3056 5.9865
9.2818 4.0228
-9.0452 11.7046
-10.2559 9.3265
-7.8028 9.3189
9.3126 4.5953
9.2814 -10.9539
9.9892 13.9518
9.3056 -10.9030
9.3248 6.5138
9.3213 4.4978
9.3067 8.8845
4.2071 9.2753
1.9184 6.7560
-13.3751 6.4892
9.3210 9.3063
9.3177 5.7261
12.5227 -11.4613
-6.9866 5.4485
9.3291 -7.4119
-7.8762 -8.7694
4.0054 10.7364
5.7994 -8.9550
7.7109 7.1217
9.3042 6.6239
9.3021 4.3520
9.3089 9.2830
-8.7101 9.2958
10.7600 8.2471
3.8210 9.3026
5.0300 -9.2966
5.4276 6.6783
10.4615 6.2938
9.2940 7.9761
6.7845 -8.3221
-10.7968 -9.3251
-14.4992 3.9197
9.3033 7.1196
8.0658 -7.7645
7.2402 -10.5102
9.3019 6.9021
7.5902 6.9736
9.3400 -10.7193
-11.5529 9.3046
1.4751 9.3297
4.1027 9.2768
-11.7545 -9.9778
7.9157 -7.9951
6.3641 -8.0405
11.2515 12.1097
11.5208 9.3056
9.3064 -14.8595
4.5659 3.6575
9.7561 8.3647
9.3089 5.0915
11.8164 9.1298
9.3080 -10.7425
-4.9306 9.3061
10.3670 8.5064
-8.7440 9.3203
-10.8216 -7.4231
8.0766 9.3131
8.2845 9.2958
9.3048 -9.9056
7.1815 -7.2962
5.3762 -10.2900
4.6331 6.1199
9.2786 6.7773
12.4625 7.4859
2.6309 8.3982
9.3119 2.8766
5.7741 9.4759
-6.9306 9.3002
4.2815 9.3143
5.9377 -12.6532
4.1489 9.3135
9.3257 9.2909
5.4564 6.8990
9.2990 8.3102
9.2971 5.5790
10.4029 -9.5613
-11.9250 7.2510
11.2342 4.1485
7.0246 9.2930
6.6275 4.9093
-13.3780 9.3046
9.3047 7.6449
-7.6597 9.3399
-10.4336 -10.9967
9.3061 -7.8639
-10.7659 7.5358
8.6673 9.3031
9.3031 9.3112
9.3081 -8.1587
-10.3058 9.2878
4.4049 9.2918
7.0736 5.4317
9.3090 6.7966
6.0788 12.4934
9.2963 3.2744
9.3158 -9.1204
-12.1538 9.3209
-9.4705 -11.7974
9.3171 4.9633
6.6172 -8.8677
-9.1031 6.6880
9.2964 9.3085
7.7672 -9.5453
-5.9866 -11.5356
9.2740 4.1224
6.7992 4.9566
-12.7874 -9.8792
-10.5263 9.2955
-9.6075 5.4004
8.0873 5.8232
6.8776 3.0174
-10.5509 9.3246
6.5296 -10.9969
8.3250 -13.3559
9.2781 8.8579
7.9233 -6.0398
6.3501 9.3010
9.2990 3.8558
-8.3765 4.1519
7.9995 8.0980
9.3161 8.9626
3.9221 11.3991
6.5262 5.4634
7.0549 6.9497
-10.6583 -10.1780
9.3266 4.1541
5.1904 8.3910
3.4285 9.3257
5.9955 9.2860
6.6866 -9.1781
9.2932 -10.4303
6.4245 9.2931
12.7268 9.3107
-5.5562 9.2853
5.1432 -9.5702
-8.0060 4.5641
-7.8339 9.3328
-5.9675 7.5473
7.8190 6.2360
9.3199 9.2842
-11.2323 9.2970
9.1466 7.0804
4.7480 9.2808
-7.4312 10.1027
7.4819 6.4601
3.8743 -6.8495
9.3127 5.5974
-8.5528 -8.6685
9.3146 -5.6555
-5.8827 -10.3850
-14.1443 8.1994
9.2906 -11.0029
9.3135 9.3086
-11.0394 9.3104
9.2932 -10.4257
-8.9849 8.7834
3.1695 9.3041
9.2978 -9.4381
9.2970 7.2247
7.3708 9.3066
5.6051 9.3104
9.2914 -11.8965
9.3179 7.2420
5.2860 4.4633
6.2178 9.3023
6.1428 -8.9673
9.3182 -9.6982
5.3564 9.3166
6.0271 -9.0722
3.9836 9.3158
5.8423 -4.4664
9.3064 -9.4226
3.8959 10.9640
9.5883 -12.2173
9.3220 9.3160
-8.6590 6.2636
-11.0142 9.2813
-10.4824 -8.9341
10.7987 6.9206
9.3105 9.3122
6.8834 9.5859
9.3202 -8.0732
5.4338 9.3247
5.7924 9.3093
9.3227 -9.1947
-10.0012 9.2896
9.3310 9.3150
3.8388 -10.5213
-13.7450 -10.6690
-8.5783 6.8816
9.2858 9.2944
9.3039 11.7465
9.2965 4.2596
9.3019 6.2255
9.3069 9.3195
9.2889 -8.6185
5.1714 6.8995
-6.7175 9.9124
8.3356 -8.5399
3.3735 9.3029
-10.0927 -9.3981
9.3141 9.3149
-6.8429 5.5727
6.0409 -10.4690
-3.2424 9.2813
9.3124 4.3676
10.8416 8.0847
-6.1824 9.2991
9.3124 9.2956
9.3137 9.3000
9.2904 -7.7875
-4.5436 6.1951
-3.1384 9.3036
-8.8850 10.5761
9.3212 7.5713
6.8705 -10.0759
6.2978 9.3098
9.3018 -6.1962
6.8819 5.0339
9.3048 10.0416
-6.4907 -8.2279
-3.1593 6.6246
-3.8928 5.3255
9.3033 5.6939
5.3618 11.6211
9.2598 -11.2345
7.7100 -10.3531
6.1395 5.4273
9.3007 9.3123
9.2793 -10.4757
6.7849 -9.7346
9.3123 9.2979
4.3822 -9.7894
-10.5121 6.5582
6.3304 9.2991
-8.0148 -9.3194
9.2926 -14.8617
9.3178 10.2085
8.4598 9.2672
-8.3393 9.3005
9.3117 9.3116
9.3090 5.3371
9.3247 9.2811
3.9536 9.2891
8.6749 -11.1201
-6.4743 9.2776
9.3060 6.4735
9.2942 9.2704
5.0373 -7.9345
5.4280 7.3674
7.2007 7.2919
5.9331 9.3052
5.4155 7.9625
9.2821 9.3063
-7.1391 9.2935
9.2961 6.7540
9.3206 -8.5715
9.2978 9.2984
9.2843 9.3080
-14.6314 9.3126
5.5946 -8.8071
5.5168 9.3040
7.9977 9.3027
-12.6987 -11.2147
6.5908 7.0194
9.3202 -10.3494
5.3881 5.9794
-7.6191 -6.5918
9.2946 9.3198
9.2907 9.3235
-10.6187 2.9351
5.7872 9.2894
-11.0223 -10.4361
5.3636 6.0976
13.6870 -8.9951
9.7784 4.2696
9.3280 1.2185
9.3003 9.3048
9.2923 6.8082
9.3156 9.3098
2.8409 7.9049
-9.1065 -12.4244
10.0267 9.2976
9.3204 7.7513
9.6228 9.2944
3.5487 3.7898
6.3286 7.4013
9.3152 8.6759
-8.5919 4.9417
7.9701 5.7922
7.5950 3.6669
9.3223 9.3154
4.0828 5.7093
-11.9036 7.5034
9.3169 -10.5848
9.3050 9.5830
8.3544 -11.0111
5.9523 9.2973
11.8996 -10.2600
-10.9210 7.0717
4.5819 9.2756
9.3168 9.3094
6.2033 8.6901
9.2904 4.8760
9.3054 9.3105
7.7413 -7.4344
9.3029 10.8065
6.9792 -4.7541
8.6965 9.3153
9.3120 3.9785
6.3102 4.4243
5.6070 9.3145
9.3094 9.3136
-11.5052 -5.9237
-10.2758 9.3018
-8.6470 -7.1065
9.1189 9.3219
-9.3945 4.2708
-9.5427 9.3126
-9.6449 -9.0317
-8.7708 3.3415
9.2803 5.0510
10.6432 -8.3168
6.8935 6.8723
9.3044 -10.5629
11.0493 6.5581
9.3102 -5.7127
8.2588 9.3228
3.8210 -8.5560
-8.7784 9.3037
5.8838 -11.6570
9.2958 9.2923
4.0052 9.2875
3.8202 9.2871
9.8781 3.9643
-10.1033 4.2923
9.3042 4.4020
9.3133 9.3091
6.5442 9.2919
9.0349 4.2729
8.5035 -7.9769
3.3824 9.2997
-10.0619 -8.4257
7.8610 7.3421
-6.2511 4.7157
5.2563 9.3000
7.3012 9.2983
1.5584 3.5990
-6.9587 9.2985
6.8717 9.2877
9.3046 7.6906
7.2526 3.5704
4.8038 9.3118
7.5546 9.3192
9.3049 -12.3604
3.2788 12.3664
3.3113 4.1845
4.3093 -8.8936
9.2845 7.0963
6.3100 6.5680
-9.4159 -9.0023
-9.9466 9.3202
-7.3186 9.2939
9.3158 9.3092
-8.4920 9.2900
8.2386 9.3054
5.5629 4.7947
7.9479 5.1202
9.2833 9.3091
9.2880 -11.1983
-12.1624 9.3135
9.3128 6.8593
4.9216 4.7513
6.4843 12.0155
-5.3622 9.2208
9.3000 -11.0842
-9.0652 9.3154
5.3346 4.8001
9.3054 7.4324
-7.3765 10.0428
9.7816 9.3492
4.1342 4.4693
8.6931 -8.8449
4.5120 9.3157
8.3629 -9.8563
-11.5368 3.5642
9.2923 8.4307
9.7778 9.3059
5.7104 -6.3738
9.2824 -8.9482
9.4424 5.1343
9.1870 -8.6721
9.3145 5.3397
9.2834 9.2969
9.2814 9.3243
-6.2926 9.2807
9.3072 -12.9829
-8.8461 9.3184
9.3075 -8.9497
9.3058 9.5092
4.9876 9.2998
5.7827 3.7161
4.6693 9.3040
9.3067 5.1628
5.7558 9.3244
9.3192 -4.1262
7.3292 11.3839
6.2634 9.3201
9.3188 -8.6042
-7.0537 -9.6356
6.2640 -8.9355
10.3159 11.8292
-7.7379 8.2815
9.2948 -6.5559
2.4062 9.2926
5.2469 9.3042
5.0445 -6.8472
9.3201 -8.9884
9.3120 7.5918
9.2385 9.2359
5.5079 11.3573
-5.7592 -10.3305
9.2894 -10.7794
-10.0589 -9.9459
9.3120 -8.5012
5.0579 6.5506
6.1273 8.6775
6.1155 6.3629
9.3316 6.4622
9.3121 9.2891
9.2986 6.7719
5.1879 9.2996
9.2875 9.2863
1.7415 7.3695
9.1249 9.2866
6.4307 -10.1510
9.8477 -9.2787
6.1951 -9.8632
9.3031 9.2956
4.9333 -8.0902
6.8156 -12.2486
-12.8924 9.2914
9.2919 5.6861
8.5794 7.1620
8.8926 9.2983
8.9597 9.3224
3.7316 9.3093
9.2955 -7.1793
6.4759 5.0080
-13.3390 8.9580
9.7809 -8.1196
9.3175 9.3063
4.9990 -9.1158
9.3092 9.3171
9.2953 -12.4713
-4.4417 7.7744
3.7641 9.5699
-9.5071 6.6714
6.1130 -8.7964
-9.8199 9.3024
9.3194 -4.8442
9.2967 7.3527
5.1337 3.8682
2.2194 6.5770
9.3073 4.9329
5.5165 1.5088
9.2943 -11.4566
-6.7180 7.8063
-12.2531 2.8665
4.5309 4.7527
9.9084 5.8118
9.3041 9.3081
9.2980 9.2870
3.3336 -13.1827
-3.0139 -10.0721
9.2926 -8.3804
-9.0324 -6.9717
7.5971 -9.2531
2.5117 9.6106
-7.1725 -8.2513
8.4817 9.3010
7.0628 5.9681
9.7016 5.8352
1.5133 5.9464
9.3061 9.5076
4.8788 -12.0274
9.2804 4.7910
9.3129 9.3054
-10.5574 9.3121
5.8636 9.3145
9.2872 6.5516
9.4664 4.7855
4.6800 9.3276
3.6139 3.2139
13.9866 9.3145
9.3003 9.4598
9.3150 9.3109
6.6945 9.3142
8.3009 6.2580
6.6004 -10.3173
9.3323 9.2972
5.8672 9.3220
-11.9439 -6.7609
10.1039 -7.8509
8.2897 4.3998
6.4748 2.2621
6.3108 9.2885
-8.9812 8.5547
-10.9345 7.5712
9.3139 9.2933
9.3080 9.3100
-9.8477 9.3197
8.7020 6.7856
-11.7170 9.2976
9.3107 -9.9726
-6.6020 9.3362
9.3104 9.2936
9.3196 -9.7017
8.8141 9.3037
5.4759 9.3082
-9.9273 6.0274
-7.9741 9.3182
-7.2013 8.9124
-9.5884 -13.1149
10.3017 -12.8587
6.9707 9.3218
9.3247 4.5705
6.1948 9.3185
7.5593 6.7355
9.3092 9.3300
7.2075 9.2070
9.3178 -11.7709
9.3153 9.3038
7.7404 9.2987
7.4069 4.5494
9.3104 11.4654
-11.8077 -8.3934
-12.7176 9.2947
4.4295 2.7929
-14.3723 7.3612
9.2912 8.7005
9.3617 -10.3341
-13.6215 11.1163
-10.8073 9.3258
9.2938 10.4727
-10.2416 9.3240
-8.6552 9.3063
9.3160 -10.4709
5.3499 5.6676
-9.8170 6.7069
9.2916 6.2172
4.5317 9.3150
14.3979 -8.7645
6.7711 9.2910
-11.2747 2.6860
9.2987 7.5267
-5.4148 -10.0790
9.3046 6.1105
-8.6830 -14.1982
4.1915 -9.1923
-6.7586 9.2907
-15.0216 7.6341
-10.6054 -7.4240
9.3225 9.2932
9.3073 4.7307
-7.9331 5.7659
-12.3088 3.8787
9.2980 -10.8954
11.8693 9.3167
-8.8674 4.3877
9.3140 4.3318
9.3023 -14.2629
-8.8827 -13.2452
2.8451 11.3263
2.7330 -9.8960
7.6888 9.8852
-7.8912 9.3122
9.2959 9.2983
9.3080 -11.0774
9.2872 -9.4462
9.2959 9.3308
6.6657 -12.4550
-8.8344 9.2869
9.2877 -9.9328
9.2935 5.9923
5.1150 6.3890
4.3975 11.9459
9.2858 -8.7921
8.1112 9.2889
9.3185 6.9787
8.4665 4.7675
-10.9039 9.2935
5.1531 5.7714
9.6106 9.2791
4.7374 -10.8327
4.0103 5.2378
9.3170 4.5085
9.3044 -9.1018
9.2874 9.3882
9.2933 -2.5575
-10.2161 9.3050
9.3103 -16.3154
9.3140 7.1704
5.1051 5.7127
9.2950 -9.8448
-9.9205 -6.7079
-12.7573 9.2910
4.1011 -12.6201
9.2934 4.9026
5.5505 6.8058
6.8004 9.2950
5.3605 7.7884
-14.8458 9.3278
5.3733 9.3150
-9.9532 -10.6989
-11.5311 -6.3172
2.6835 7.9167
5.2580 9.2966
9.3246 6.8939
9.3199 -9.2753
9.2975 -11.2949
9.3056 9.2996
6.9544 9.3233
-12.9279 4.3177
-9.3130 -13.3580
4.1125 9.3114
4.6502 -11.0093
-10.5762 4.9977
9.3223 -7.1135
9.3118 -10.9033
5.5791 5.1630
7.0775 7.1462
6.5273 6.9844
9.3168 -11.5204
9.2792 -11.1160
9.3189 -7.5079
6.0376 -11.8546
9.3037 4.4750
9.2899 9.2978
6.9204 8.9232
-10.9576 9.3094
9.3146 9.2908
9.3131 9.3031
4.0273 7.5837
8.7259 4.1365
9.8810 8.0954
9.3110 5.1443
5.4891 8.3778
-9.5351 5.3274
6.1349 9.2952
-10.8250 7.6606
9.3337 9.3064
3.5403 9.2925
9.3003 5.6288
-9.0601 -9.1932
9.3089 -9.8969
-11.6220 8.6882
7.5522 8.1697
10.3740 9.2998
5.3311 9.3053
6.9454 5.0740
9.3031 12.3846
7.2501 -6.6637
9.3114 8.0422
11.9748 3.9410
-10.4967 10.8111
9.3135 9.3000
8.5544 6.4524
9.2998 9.2897
9.8581 -9.8181
9.3100 6.4171
9.3104 6.9788
4.6065 5.9111
-11.4766 5.8880
9.1879 9.3168
9.7173 6.2883
-11.6554 9.3184
3.9120 -6.2806
9.3026 8.2917
9.3149 -8.3217
11.8954 4.5137
4.6071 -11.4693
9.3046 9.7307
-8.2448 6.8380
9.1353 9.3044
-11.5477 9.8608
9.2971 3.0612
4.6443 -4.9322
4.6174 4.0435
7.7529 -8.6533
8.0154 -10.3698
9.3096 -9.0040
9.2971 9.3179
10.0847 9.2947
9.3094 5.9086
-8.4752 6.6163
4.8973 10.6277
6.8415 8.3693
-10.9497 -8.7473
6.6853 9.3294
6.0325 -5.3833
9.2574 -5.4025
9.2979 -6.4038
9.0321 9.2888
9.3123 -11.7804
-10.7723 -9.4892
-10.2697 -11.7008
4.7305 5.4181
9.2759 9.3260
9.3043 9.3186
9.3043 6.3450
9.3035 7.6957
5.8625 -10.2614
9.2762 9.2920
-8.1503 8.5201
9.3113 9.3102
9.3346 4.3455
13.4460 -8.2361
11.1208 3.0870
9.3110 9.2961
-10.1044 8.6795
6.6379 9.2974
12.7759 9.2841
9.3173 9.3050
1.3721 -9.8027
-10.8552 7.8629
9.2885 9.2830
5.7644 7.3580
9.3000 -11.1266
-9.1613 -6.9640
8.8804 -11.6590
9.3036 -7.5003
9.3039 9.3236
-10.2452 9.2889
3.4778 -6.4490
5.9020 -7.3054
4.1102 9.2908
9.6442 8.4073
8.2317 10.7556
6.7909 9.3056
-7.1846 -9.8007
6.7486 6.0338
7.1674 8.4536
-9.3675 5.7500
-8.1606 5.3244
4.6574 18.4471
9.3106 -12.0704
6.5256 9.3153
9.5098 9.3105
-7.7316 9.3055
9.3028 3.2983
9.3052 9.2828
9.2938 2.2450
4.7334 10.7045
9.4944 9.2780
9.2943 4.3872
-3.9994 -9.9968
2.9161 9.2884
9.2904 7.2878
5.6315 -5.0130
9.3126 9.2949
-9.6790 5.0727
9.2881 4.3700
9.3184 9.2951
4.9315 9.2831
9.3001 6.1471
9.3190 -11.6346
9.3048 -10.0978
-13.0234 -9.2221
5.8280 -4.3221
6.4055 -9.0743
9.2877 9.3164
9.3089 9.3390
3.3656 6.1792
4.0305 -10.6361
10.2019 -8.9994
4.5429 5.1798
9.2855 10.4985
-12.0202 9.3109
9.3286 9.2911
8.7844 -7.3604
-9.2971 5.5229
5.6152 -11.0205
9.3032 9.3087
-6.7071 -8.5122
11.2063 -7.3007
6.9635 9.2972
7.2686 7.6598
-11.5807 7.9882
4.5488 9.0330
9.2833 8.2959
7.7970 8.8515
6.3021 -10.0713
9.1885 9.2881
9.3152 -6.7773
-8.7068 6.1217
10.7921 9.8758
-8.1804 8.0713
9.3152 -8.7379
6.8182 5.1376
9.8412 9.3142
-10.0033 9.3112
-4.7608 10.0381
9.2836 -5.3447
7.3233 -13.1562
1.9786 6.5625
3.8516 10.1135
9.3293 10.0771
9.3002 -10.9209
8.8766 -12.7212
9.2958 12.7244
-8.4748 9.3066
-8.9080 8.6815
-13.7210 -7.8028
7.2279 9.3073
9.3172 4.9075
7.0827 -7.8327
-11.1790 -11.9867
-8.8863 6.9169
9.6931 -10.7805
-6.2814 5.9601
9.3176 7.4264
8.1092 -12.1467
-10.1450 -9.8052
-11.1660 -11.7693
6.2248 9.2949
6.9295 7.1829
7.3234 9.2797
9.3153 6.5956
7.7602 9.2809
3.0163 5.0202
9.3207 -8.7531
5.4524 -10.0344
9.2853 -9.0276
-13.3711 9.3021
6.9537 6.8495
9.3007 -9.0260
8.3468 -10.0212
7.8006 11.4575
6.0605 9.3293
7.3854 9.2975
8.7578 4.8782
9.3304 9.3027
9.2645 -9.0960
-7.7157 -7.6774
-6.9176 13.2431
6.9501 7.4316
9.3081 -11.2133
-13.6197 3.9711
9.3140 -9.9065
7.5944 9.3203
-11.9519 9.2993
9.3163 -9.6393
9.3070 9.2933
-11.7024 10.9331
9.3062 6.1689
9.2787 9.3048
3.4075 9.3032
2.3590 9.2884
-10.2963 5.8505
-11.0701 -12.0585
11.8564 7.3517
9.1793 9.2868
9.3181 8.7802
9.2694 9.2812
9.3259 -7.3621
9.3132 9.3168
-4.0761 9.3211
6.4505 9.2889
7.9801 9.3161
4.7357 8.4178
9.2914 9.2995
9.3158 5.0070
5.1232 9.2945
9.2942 6.5266
9.3106 9.3195
9.3117 9.2711
5.3426 9.3052
8.6765 -10.2618
9.3430 7.0661
-8.1386 9.3012
9.2947 9.3390
9.3405 9.2910
3.6807 9.3202
5.6412 -9.9651
9.3258 7.0110
-9.4790 9.2995
-9.0433 9.3009
9.3058 -7.5837
9.3152 9.8141
9.3221 9.2963
2.3140 -9.4227
9.2994 7.5215
-9.3922 9.3110
4.8907 10.4561
9.2518 8.0844
9.2850 -7.6108
9.7574 9.3423
6.3968 -13.1920
-5.8901 8.3561
9.3120 9.3141
8.3490 6.4995
9.2949 4.2717
6.4745 9.3335
8.3052 -13.2115
6.3303 9.2990
5.1734 -6.1725
9.3014 -3.6666
6.2603 5.6337
-10.7102 -9.8495
-10.9295 -11.7506
8.0500 9.3244
-7.5988 2.7446
7.0804 7.6187
9.2818 9.3165
4.0040 5.5030
9.2981 4.1821
9.3050 5.9993
9.3152 9.3007
9.3058 6.5985
-10.1503 6.5146
9.3225 7.2427
-9.6298 6.9934
-11.4976 -9.6699
9.2965 6.2377
9.3000 7.1680
7.8180 5.8301
-13.1958 9.2914
-7.9598 -14.3110
7.3083 6.5079
4.5007 9.8717
-10.0074 9.3240
5.0127 9.3065
9.2906 -9.4059
7.2147 9.3927
9.3239 -16.1150
9.3072 6.5390
9.2982 -8.1894
9.2895 9.3129
9.3113 -7.6259
9.2906 11.5406
9.3011 4.7460
-13.6243 7.3743
-12.7961 -6.3065
9.2781 -8.3247
9.2728 5.4545
-8.5674 9.3000
-9.8369 9.3104
9.2933 -5.6359
9.2982 4.4145
-6.5251 2.8837
9.3041 9.3352
9.3132 9.3140
9.8854 3.8260
9.2809 2.8893
9.3120 -8.3160
9.1602 4.6087
5.1975 -7.6802
7.6530 -12.6868
9.2966 6.7376
7.9584 -9.7480
6.0299 6.5744
9.2901 4.6095
9.2955 7.4712
-6.8547 6.9508
9.3049 -9.7393
9.3220 4.7816
6.2870 6.5379
4.5686 9.3296
-6.7174 9.3036
9.2856 7.6142
4.0502 9.3235
9.3179 6.8273
6.9033 7.1897
8.2137 -10.4467
-7.4146 8.1827
-14.7537 -11.4769
5.8078 9.3215
2.5722 9.2985
-8.6249 11.1600
2.8444 6.6802
7.0184 9.6760
9.2892 -10.9299
5.9733 4.8160
9.2952 5.5163
-7.9822 7.3593
-10.7092 9.3200
9.2764 6.0207
9.2892 9.2825
-9.3790 9.3301
-7.1317 6.3904
7.1143 -12.3546
11.0649 8.9486
4.1767 12.7785
6.7525 -10.0045
-8.0300 -9.7523
9.2958 11.0435
9.3103 -10.6638
7.0648 6.0528
-7.0298 2.7031
9.3248 9.2879
-10.6211 9.3060
-9.6261 9.2905
6.7764 9.3284
9.3088 -9.6005
-10.6288 -9.7505
9.3007 9.2992
2.5326 6.9011
9.3073 8.1767
5.9584 -7.3941
9.3229 9.3077
2.7615 9.2730
-9.1747 9.2822
3.7876 9.2767
2.8449 9.2956
9.3001 9.3170
6.2187 -9.1397
9.2773 9.3186
8.0199 4.5747
5.2659 -5.4715
6.7586 6.9390
7.2035 9.3124
9.2944 5.3945
9.3249 5.5133
-8.1449 9.2925
7.5284 12.1776
9.3004 9.3077
-11.6322 6.2226
5.2551 -6.5665
-8.2584 9.3123
6.5374 9.3234
10.2059 9.6552
-11.3857 9.4647
5.5751 9.2957
5.4729 9.2985
5.2804 -10.6686
9.3336 6.2982
-8.0551 -12.3975
5.6583 9.3011
9.2971 3.8777
6.9272 4.6693
9.3287 8.3045
6.8347 -8.8060
-12.6824 10.3060
9.3143 5.6326
-9.7696 9.3171
4.4512 8.6968
7.0721 9.3143
9.2989 9.2951
9.2775 -11.2916
4.3690 9.3067
-9.0869 9.2862
9.2958 -13.2077
8.0790 9.3124
3.9436 5.0890
5.4954 -6.6223
8.5406 9.2837
-9.2671 -9.3623
4.6769 9.3050
9.3123 8.0846
-6.6700 -9.4422
9.2942 9.3041
9.3043 9.2753
2.5808 5.3529
-8.9676 9.3225
6.2988 7.1473
5.4756 -16.2579
-15.1273 6.4965
9.3135 7.6839
9.3115 -9.5156
6.9889 -8.2444
-8.8595 6.8505
9.2974 -8.5427
4.4369 7.1326
8.3911 7.1379
8.2447 6.9541
9.2852 -9.2467
-2.7805 4.4147
9.2927 9.2923
9.2944 2.9579
9.1807 9.3114
-13.4685 9.3007
7.6704 9.2968
9.3177 7.1471
9.2914 9.3063
4.8060 -7.9967
6.4359 4.9211
9.3077 2.8063
6.2301 -8.3831
5.2294 9.3226
9.2870 9.3191
-11.3336 9.3024
5.1742 5.1555
4.6997 5.9849
9.3070 9.3037
9.3150 7.9876
7.6796 -12.9123
5.1585 6.9347
9.3006 4.8355
6.2632 6.0189
-8.4599 10.1068
9.3040 6.2601
9.3264 8.2365
-8.8868 7.0594
-9.1144 9.2714
9.2964 -8.8413
-9.1435 -6.1816
9.7844 -10.6904
4.7387 9.3066
6.9762 9.2962
-11.5050 5.8233
-8.6195 3.8362
9.3138 9.5484
7.3273 9.3148
9.3213 -9.1950
-9.7094 9.3129
4.7317 7.6438
9.2950 -8.8954
-6.1227 9.3360
6.9823 9.2961
-8.6653 -6.1162
-9.3141 9.3052
9.3001 8.3158
5.2123 9.3227
5.0605 9.3145
9.2984 5.6715
4.6636 9.2959
7.5618 -10.5859
8.3372 9.2988
7.9394 9.2885
5.5698 9.3007
9.3248 -13.5033
4.9272 8.2616
9.2949 -11.3840
-9.3224 9.3171
-13.0325 7.7577
4.9007 -9.9202
7.0848 4.9650
-11.2720 10.9598
-8.3166 7.0358
5.7395 9.4130
9.2988 11.8346
9.3078 5.0878
-13.7271 -8.3462
9.3055 9.3133
-11.6935 5.3702
8.7199 -13.7701
9.2814 9.3173
6.7407 11.6485
9.3149 9.3069
8.1134 -12.3399
-13.4643 9.2933
9.3053 -8.6409
9.3260 8.7445
9.2950 -9.3487
9.3052 8.1692
2.7459 7.7151
-9.1252 10.8804
3.0990 7.0168
9.2939 3.5559
