5
-9.6246 -0.2687
-8.7431 -11.2466
-12.0437 5.8449
5.4760 -7.1238
4.8526 -10.0413
-13.4062 -1.7810
2.3250 -8.1403
2.2156 -10.6834
-1.9174 -4.5748
-12.0092 -12.1837
-10.3284 0.5503
2.4752 0.7385
5.2990 3.5323
7.1389 9.4635
8.5488 0.9632
1.5306 -9.9656
6.3644 -6.8048
-8.7741 4.2759
8.7224 -0.4804
-8.0981 6.1057
-9.8844 -11.3156
8.6872 4.9727
-9.2066 0.5246
8.1452 0.0080
3.5631 -1.3949
-11.5886 -2.2680
-9.8798 -10.2394
-11.3310 -8.6759
-11.1730 2.5209
1.2983 -11.7010
-9.4039 11.6509
12.9415 -1.1664
11.2442 10.1679
-0.7971 9.0669
7.2380 8.7127
-10.9735 8.5004
-11.7939 8.1915
7.4438 0.6894
0.0317 13.2811
5.3855 10.5006
6.9132 2.2948
-7.7980 11.1669
-1.7159 -11.3489
4.8245 10.1821
-3.3996 2.0156
1.9639 11.6166
-11.1074 -11.2481
-2.0919 7.4835
-9.0251 5.0064
1.0130 12.2730
1.2315 -9.7369
1.3556 10.4383
5.9345 -11.0867
-10.0969 13.7020
0.2225 8.4517
-5.9064 3.5256
5.6312 10.3087
-3.1549 -9.0226
-9.4511 -1.1347
-10.9209 -2.1053
-1.0335 0.9787
0.7569 -12.2638
12.1229 1.5643
2.4829 -9.4300
11.0526 -9.3013
8.1045 4.7832
0.7023 -10.4801
-9.0851 1.1555
10.8686 9.1085
7.8374 -8.6138
-7.9167 -5.0056
7.7908 -0.3170
-0.8783 2.2910
-9.1960 1.8861
-8.2309 12.6916
0.5056 0.7033
-0.3503 -10.5358
-2.5608 -1.1651
6.2018 2.1593
-1.5296 -0.4347
10.2707 16.7438
1.4206 2.0274
2.4533 -9.3558
12.4062 -11.1495
-3.5838 1.1745
0.8084 6.9956
1.5540 -9.9684
9.6755 12.1498
3.2771 9.7594
5.9015 -11.3030
7.8176 7.7986
1.2239 -8.7382
-0.6429 -9.1966
-9.8505 5.0110
-8.1292 1.3040
11.8047 7.5698
1.9450 9.1905
1.7860 -0.0175
9.1644 1.5653
-8.4085 0.4459
-8.2038 -9.9790
0.7122 -9.0381
-1.5609 8.0436
3.6093 -9.9552
4.8152 16.7485
9.3123 5.9693
2.9361 9.2177
-10.0746 0.7295
-12.4060 -9.6281
-0.2409 1.3289
2.3743 3.0506
8.2413 -3.6678
-11.4217 -4.2112
1.8650 -9.0935
14.7294 -9.5480
9.3366 0.2710
-7.7255 0.3203
-8.1941 0.7877
0.4595 -10.0347
-1.4385 -9.4668
-8.5508 6.1365
0.1482 1.5925
-7.8134 2.9861
-11.4105 -1.1071
8.8116 1.3888
-10.6784 -9.8922
-11.4569 1.2086
0.9237 -7.7575
9.6739 0.8270
-1.6842 2.6077
-9.8123 -9.6718
-8.6365 -10.9673
10.7622 -1.3279
4.2365 -1.7826
8.3420 8.1324
5.4523 1.0565
13.2281 -9.3723
-1.4166 8.6446
-9.3981 -10.1136
-9.5534 -8.0226
-10.8740 -8.2681
-11.4236 11.9613
1.8125 -10.0530
10.9944 15.0824
8.7485 2.7947
-10.4029 -11.7393
1.0557 9.9106
2.2945 0.2335
-9.0624 5.6966
9.1125 -3.7202
-10.2510 8.5263
0.7964 0.9582
9.2262 0.1521
5.2806 0.0460
9.7750 7.3174
0.3226 -10.0932
7.0529 -9.9812
-9.9520 -9.4376
11.7987 -0.6333
9.1582 -11.5141
-6.2912 -9.7625
1.8911 0.6506
8.9281 6.3215
-8.6685 -11.3709
-6.8988 2.3335
-7.9668 -9.5032
11.3136 9.6595
8.4261 -10.0841
1.9356 -12.3684
-6.5960 -9.5106
-9.0488 -5.0796
-9.8294 2.9664
2.9762 2.1788
-11.0406 -4.9099
-11.7881 -11.0878
-9.6469 -8.4211
8.4977 -11.2530
1.8475 1.0083
-9.8687 7.0023
1.1537 -9.2329
-10.6688 -12.2640
-9.8058 -10.3234
-10.2191 1.3838
8.2068 -9.1831
0.9526 -10.9579
4.1985 11.1055
-8.6725 4.7987
0.0040 4.7093
0.2179 -4.5960
-9.6257 8.2961
12.7999 -8.7369
4.6015 -10.4902
-0.0637 -6.5461
8.4887 0.6039
11.2961 1.8630
-9.9463 -11.7299
1.0712 -11.1789
-0.0622 -8.1697
-9.3351 -0.1482
0.5790 -3.9746
-9.7974 -0.4436
-0.3308 4.9323
6.1473 -7.7739
12.2000 7.3602
5.2228 9.1436
10.3845 -9.7453
11.7463 11.5641
-9.9181 -2.2344
1.1366 5.0165
-9.8156 -0.3917
-0.8036 -9.1212
1.2094 1.5839
3.7127 -10.4922
-9.1234 12.8622
1.7662 3.1099
-8.7446 -8.2495
11.1275 0.5189
-9.0408 0.6032
-3.6497 0.5420
1.5717 -9.7282
8.5066 -2.2036
5.7191 3.0510
7.7717 -11.0125
-11.3595 9.1775
-8.8847 -10.6451
10.8129 -2.4435
-10.0778 11.7736
-13.0568 -9.4873
8.2414 -12.6232
-10.3021 0.3356
-2.7045 -1.1367
-0.4864 9.4810
-9.4813 -9.7757
2.5436 1.4729
-3.0260 1.7816
-8.7121 2.2809
8.3761 8.2839
8.3920 -7.5575
-0.8890 1.1974
4.2657 8.1981
7.8431 10.6373
1.9490 3.7059
-6.2043 10.6586
0.6247 4.6842
-10.0335 -11.8459
-0.2173 -9.4410
1.2853 -10.3825
8.1078 0.7145
-1.0777 8.0505
-0.5878 -5.0533
-9.5250 -9.9884
-1.9280 0.0359
3.1207 -9.0883
-9.1178 -1.8160
1.3299 3.2067
-10.5963 9.7420
-10.6770 -10.3854
7.1742 -11.2237
1.6276 1.9027
8.2973 1.3424
-7.8597 -10.3481
-1.5976 10.6804
7.6487 2.0901
10.4220 6.9170
6.9449 2.7701
-9.7748 -1.9381
-2.6929 5.9182
3.9138 -10.3994
2.0661 6.6687
3.1178 1.9956
-9.2697 7.3045
-10.4876 -11.6689
9.2882 11.8646
-11.7302 8.3115
10.1130 1.6700
-8.2989 8.7288
2.1262 -9.0703
-10.4064 12.5079
3.6058 -10.8028
-8.7761 -9.9189
-6.8286 6.2972
-0.3295 7.6082
-9.0713 -11.8767
1.6305 1.7619
10.0738 -8.3685
-4.3530 -1.7572
1.3779 -9.0139
12.1601 2.0364
-9.9650 5.3793
-3.2836 9.7751
1.1192 -8.9448
-9.7825 2.0854
7.4244 6.2535
-8.3198 3.3918
-11.4819 -11.0517
9.5157 4.1704
-0.7343 1.0761
11.3724 -10.1321
-9.9906 -10.3936
-11.7611 3.4541
0.9143 1.3921
-9.0244 -7.4317
9.2288 9.3919
-8.5038 9.2633
9.0467 -4.2831
-9.1872 5.3300
5.5551 11.5200
-9.5639 7.8934
1.5815 6.4993
11.6735 7.2659
2.6670 -0.3818
11.9657 -4.3289
-0.8279 13.2692
-8.6104 -8.6195
0.5032 -9.4728
0.7784 -0.0127
-0.3672 -9.5010
2.9393 -9.7732
7.4379 -1.8391
0.2652 -1.7389
7.8639 0.2686
0.4882 14.2886
-8.3573 -9.1246
9.8670 0.0655
1.4763 8.9089
1.8109 -2.1165
-0.9133 1.7191
-8.5010 6.6887
-12.1272 -11.7871
-0.3651 -10.1630
1.9689 1.0667
1.3637 9.7465
-8.9886 2.8991
-1.9213 -10.4684
11.0966 10.6154
9.5131 -9.1973
-7.1056 -0.2040
-11.1527 -1.2475
-10.0683 -10.1060
11.2398 -9.9170
-8.7273 -2.8618
-8.6005 -10.3913
5.7340 13.1885
-1.1987 -7.8088
8.5454 4.1274
9.3914 -9.8416
-0.0607 0.8369
13.9045 0.1065
-0.1828 -7.8752
1.7462 4.8716
-10.2203 -10.4745
-3.2776 -9.0313
3.6959 8.0134
12.3441 -10.0813
-9.8149 -9.5010
-8.3634 -1.1612
-9.6280 1.8626
7.6061 7.2448
-10.9515 12.3339
-11.2638 10.2487
1.7894 -9.8058
6.3946 -7.0910
8.2787 5.0893
6.4000 1.0383
11.5295 13.2819
-11.6311 1.8314
2.6432 11.2363
-0.3747 7.8850
6.7653 8.4453
-10.3859 -11.7987
0.4355 -10.1979
1.3004 1.3117
-11.3213 8.6495
-1.3272 -10.2232
-7.6982 7.9528
-9.1131 -4.0602
7.1886 1.0284
13.0520 10.8124
7.4732 9.8769
0.7979 0.3218
7.1318 -2.0612
-1.5604 1.1610
-1.3070 10.3873
-8.7495 11.7342
7.2505 7.2524
-9.8545 -11.7079
-8.2208 8.6995
-8.9414 7.5230
-7.8687 -1.4857
0.3722 6.9199
1.6023 -9.1475
9.9684 9.1812
8.9756 -1.1401
1.6675 2.4797
-0.2559 -0.4327
-11.3947 7.1023
-9.3852 11.2506
0.2277 0.8080
1.2268 5.3055
9.7961 6.8795
-10.5745 -10.0259
10.3437 -9.7122
-0.7062 -1.5618
-0.4737 0.8782
-9.0856 -1.1441
-0.2560 3.7736
1.3419 -9.7644
0.0046 9.3914
1.5844 -2.4716
7.2360 -9.9461
-5.6007 -10.6033
-10.2258 11.1444
12.0793 3.1263
10.0316 -7.3758
6.7967 -9.9607
0.2441 -3.8476
1.7579 -9.0424
6.6970 8.9859
-10.0158 -9.5294
6.8934 -3.3411
9.0971 9.1791
-9.9341 0.9445
9.6995 0.6494
-2.5486 9.9345
9.0616 -0.4714
0.7508 7.4889
-9.8907 -9.3307
13.2734 -10.3534
14.7391 9.2302
8.8674 7.3672
0.5561 2.5097
11.6941 1.8834
-9.9302 11.3412
-8.4620 2.0403
1.2521 1.1286
1.5156 -9.8996
-3.1349 9.9882
7.0142 0.2416
-4.0529 -9.4035
-11.9729 0.1697
5.4132 -0.8513
-2.8050 -7.8946
10.1650 3.6076
9.2973 0.3704
1.3786 3.7865
11.9007 6.3358
-2.6324 6.5472
-0.6958 -10.2755
-5.0678 -3.7958
-2.7695 -6.3857
-10.3490 -9.6901
-9.8665 3.0028
-8.8834 1.3476
9.5981 9.5225
2.1090 4.1594
-6.7016 -9.3889
-0.7705 1.0697
4.0678 1.6202
-8.0985 -1.4417
6.6676 -9.9443
3.2382 1.2456
-2.5525 -11.0427
2.7540 11.1627
-9.9013 -1.1732
8.2048 -9.4963
3.0767 0.5346
-10.7422 0.3224
3.0716 -10.5662
11.1700 10.0338
-9.5715 12.1379
0.0266 10.8226
14.5800 -2.8309
-1.1041 -3.9227
2.0235 -0.3524
-2.3789 -8.9233
6.7299 -11.1531
9.4462 0.8313
10.9159 1.1205
9.1675 -10.9586
10.8157 -2.5439
-10.6343 11.1779
7.0329 2.7338
-9.9560 7.4408
12.1754 8.0198
7.8228 -10.3156
3.4873 -3.0911
2.2673 -10.4675
0.8834 2.9344
10.8327 1.4605
-1.1058 9.3246
8.6584 -8.7463
-11.0147 9.1821
6.0396 9.5974
-8.4478 -0.1822
8.4845 -1.3291
-9.6750 9.7199
1.0730 5.4900
5.4678 -0.6504
1.2604 -4.1364
1.1288 -7.8305
-10.6718 3.1694
-10.9446 1.0667
10.2764 -9.0457
-5.9364 -0.6933
8.3108 -2.1194
1.8919 -1.0593
-6.0503 -8.8246
-7.0184 -0.0866
-9.9549 -9.6272
-9.8989 -11.8379
-7.2537 12.0598
-10.5280 -8.1813
-2.7152 -8.6218
1.3319 -2.2897
-8.1304 0.5688
-0.4871 -1.2163
-0.9757 7.1815
11.5634 -9.2182
6.9605 10.5696
10.9296 -1.2670
-11.1387 14.4514
9.0848 -10.2905
-8.9343 -11.4702
-2.2172 -0.4161
1.5569 -11.2811
2.8949 9.2124
10.9167 3.9288
-9.9694 0.3445
-9.2034 -9.2536
-8.2967 1.2916
1.6931 -2.7464
-9.8810 -7.5383
-8.1018 4.7458
-9.0216 12.8538
1.4356 -9.3587
-3.2411 0.6892
-8.1828 -11.0865
4.5588 1.5232
-9.4904 -0.6292
-4.7741 -11.0376
2.9932 2.7298
-10.1177 9.2307
11.7342 10.7921
5.5702 1.3403
5.3567 7.6964
6.2817 -1.8199
-11.7473 2.7606
8.9005 -9.4475
-9.5499 -10.2629
-11.7618 -13.7111
-1.8374 1.6763
-10.5104 2.4057
1.4840 -11.0690
10.9337 -3.2638
-7.4168 -2.2256
-4.9787 -9.6916
2.3772 -8.9396
-9.3083 0.2483
-4.0090 0.2125
2.3130 -2.6449
-8.2094 13.8442
-10.4409 -8.2518
-0.2487 7.3890
1.8810 1.6197
11.2269 -4.5032
-10.5675 2.5455
12.4435 10.4128
-9.4247 -8.5074
3.2084 5.1356
-9.8087 0.0039
7.4672 -9.8981
-9.7530 -0.8986
-10.0326 0.0996
-2.6691 -11.1161
-9.5167 -8.9047
-0.3162 7.8331
3.8695 3.4604
0.7939 10.0734
8.9726 1.0031
2.7140 1.0086
1.3020 2.0087
13.0784 1.3189
1.7032 1.1209
-9.3817 7.7257
-11.8948 2.6541
-11.7905 -1.6481
0.1373 1.2679
1.9136 -3.0287
-8.8215 -10.4957
7.3515 -0.4734
-8.5722 10.2468
-2.6997 -10.5578
-9.4984 -9.2796
-1.6717 -9.7252
0.1120 13.3998
-9.4839 -1.2092
1.6503 -8.5615
1.8507 7.7557
9.5694 8.6810
7.7575 0.5668
-8.1545 -9.0628
-3.8217 -10.0564
-0.3071 0.2625
10.0221 -8.1963
-8.3130 -10.3580
2.8297 0.8163
-9.3738 -0.3712
13.1897 -8.4206
2.5448 1.3329
-9.8237 4.5059
0.3927 -7.5038
7.0553 -13.1462
-11.0803 7.7756
0.9124 13.0866
6.9847 5.8012
-8.9394 -0.5216
8.7743 9.2168
-2.5021 2.6094
-9.1441 -1.3583
11.3694 9.9254
4.1283 -9.5818
11.4895 -0.9375
7.8630 0.7384
-8.0070 7.7690
2.1959 -9.0261
6.0267 7.0151
14.7458 0.0262
12.5682 4.8752
-10.6401 11.3171
-0.0420 -12.6125
6.8762 9.0123
-7.0789 -1.8686
0.7988 -11.8361
7.8579 7.7487
-11.7031 10.1815
-10.6475 12.3117
-7.9918 -1.9569
10.3006 -9.1376
-11.2292 -9.8818
-11.4210 -8.4824
-9.6427 -1.1892
-9.6355 -1.9017
-0.1390 -0.8673
-6.9241 1.6007
-11.3144 -1.7759
8.3279 -3.8593
-10.8387 -11.1920
0.4304 7.7385
12.0408 -7.6963
-0.4010 -3.3245
0.9375 -1.0661
8.2386 -8.9539
1.3160 4.0167
3.0998 11.3501
-10.5400 -1.2952
-9.8586 -9.9000
7.7028 -11.4704
3.1231 7.4236
3.0558 3.6366
-1.2151 -8.1541
-2.8643 0.3438
-2.5870 0.9874
-9.3494 1.8749
9.4610 -0.1316
12.6121 -2.4288
-11.3350 9.2135
8.1982 8.2016
2.8370 5.7261
0.4658 -9.8426
-11.6596 -0.8713
-10.9303 5.4549
0.9851 -2.3690
-10.6783 11.4679
0.1016 -9.8945
-9.1407 12.1516
1.1108 -8.4888
9.1500 -12.0978
9.4930 -3.3263
1.3340 8.0713
9.7771 0.9499
-10.7211 8.6750
7.5711 -9.2247
-3.7208 8.9716
1.0640 8.3519
-10.3554 -10.2794
5.4365 7.9317
9.9016 -8.3743
-0.9344 -0.4168
9.9622 -10.8274
8.8018 -10.5668
-2.7661 -10.7390
-4.1582 -0.8750
-10.2726 -7.9811
4.3112 -8.9704
2.2300 -9.5923
-1.2879 -8.5179
0.3416 3.2586
-0.9731 5.6835
7.6386 -8.7943
0.8923 2.6850
5.3205 -3.4097
1.9078 -10.5442
4.7041 7.6900
9.9591 -5.3771
-10.3207 -1.6698
-7.1485 0.0594
-1.8320 -11.6806
-10.6190 1.8426
1.4825 -10.2436
-2.4215 -10.1401
-9.5657 9.8863
8.5558 1.4764
0.1712 10.5165
2.7956 -1.3249
-10.3384 -10.7179
-11.9009 -10.0301
0.3679 2.2557
-10.5655 -0.0153
8.3787 -9.3216
8.7684 -8.3501
1.0740 9.7081
9.8935 1.5300
10.1960 4.2949
2.6923 2.7010
8.0268 -10.0279
-8.7410 -9.9121
2.4112 -2.3574
-9.0332 -9.9248
-2.1459 3.7297
1.4287 -11.9293
-3.1881 -3.5827
-10.3628 -9.9647
-7.6354 -3.6334
10.6070 -0.9194
-0.8104 -2.7250
7.5542 -8.2940
7.6828 -9.9821
0.7821 0.7276
-10.2231 -11.8139
-3.2915 -8.9354
4.5132 10.3870
9.7847 -9.2453
7.6742 -9.2513
0.6642 3.4544
10.0424 0.7234
-11.9071 -0.6870
-9.0638 -1.2090
0.3390 -10.8918
-7.8083 -3.0017
-8.7204 -12.2144
-10.5862 9.8828
9.4695 -0.0347
4.2672 -9.2468
-4.9660 1.6851
-9.7712 6.0506
10.2172 -9.6389
6.7770 3.4620
-10.9463 -7.7834
0.5925 9.6830
-10.9823 -8.8728
-9.2825 -8.2337
-0.7555 -3.8592
-9.9854 6.2639
-10.8094 5.2557
6.3467 -0.3774
0.4871 6.9516
-5.2769 -8.7410
-2.7401 -2.9606
-8.4977 8.4121
0.1944 -9.5219
2.6097 -8.6984
10.9428 1.2741
-0.1315 -0.9923
-1.0312 0.2046
0.4360 -2.6763
-2.8310 -10.3431
-0.4214 -1.8557
5.8197 12.8399
6.9579 5.1138
-2.3327 7.6252
-5.2868 -10.9656
3.2583 12.1105
-11.8743 -8.7530
6.2488 -9.7000
8.8022 -0.3522
-10.5866 7.8984
-1.9197 -11.7991
9.9852 -8.7152
-11.3753 -0.0028
-9.7691 4.5602
-12.1902 -1.9223
7.5312 -0.4603
-11.3101 -2.4487
-3.8145 2.1684
-8.1991 5.3022
10.4897 10.6224
-0.8495 10.4416
0.0424 -3.0495
8.6561 -11.4230
0.3170 -8.9173
-9.4005 8.2315
2.3923 7.8903
7.0214 -11.1863
1.7024 3.0127
-0.3955 9.4312
6.2893 -8.3047
2.6975 5.9627
-9.3410 2.6983
-0.2422 -9.8558
-10.6575 1.4267
0.7913 3.6663
2.4279 1.8811
-9.7051 2.1581
-7.7780 -0.0159
0.0202 -9.5425
-10.0261 -12.0219
0.3224 -5.2647
9.5011 9.7745
-11.5143 9.1377
1.0898 -4.1190
11.8752 4.4912
-7.9385 5.4580
0.4308 11.9674
2.2086 10.7011
-1.4615 12.0176
0.0433 9.7419
-5.1708 10.2960
-4.3924 -0.9070
-7.2469 -0.1809
13.8380 8.0160
-9.6008 -7.6929
-3.7698 1.4532
-0.4849 12.6010
1.7550 -10.1424
-8.9165 -11.5801
0.3731 -10.7965
4.3475 7.8297
-8.4370 1.2199
9.2169 -10.6499
5.8430 0.2001
-8.0932 7.2918
-1.0345 2.2192
-3.8342 5.1331
3.5625 -11.3249
-8.9518 7.1528
-8.6345 0.8401
4.7914 7.1544
-8.8602 9.3064
-10.8697 7.1156
-3.2869 -0.8559
-9.7226 -8.7316
-3.4054 -10.6313
5.0088 -9.4429
0.8977 -9.0295
-1.4383 10.6751
8.6348 -0.4613
-10.8728 -9.9041
11.9790 5.8053
3.7164 -4.9842
0.7892 10.1803
-11.2581 -8.1738
-10.0942 5.6850
8.0249 9.7397
-3.6385 -5.4506
-0.8073 -10.5583
2.4208 3.5512
-1.1899 4.0819
9.8268 -8.3385
-9.3802 -8.1800
5.9607 6.1930
3.3997 -12.4531
-0.2226 -8.4912
3.7762 -10.2860
-10.2784 8.1362
7.3991 -1.7727
0.3368 1.4841
12.7194 10.1367
-9.0711 10.2809
-8.6203 -0.9449
-11.7713 8.0626
-8.5125 0.8962
-1.1978 9.4254
-8.6238 -3.0725
-1.1655 12.4517
-7.4791 -10.8250
6.6753 -9.6084
-0.1136 7.6705
-10.6962 4.4493
2.2003 1.4466
0.1773 -10.5231
12.7220 -10.7785
-9.6559 2.3825
-7.8192 1.5202
-11.0966 8.9675
0.3502 -10.7059
-9.9600 1.1666
-8.6062 -9.5914
-6.7204 -10.4867
-2.3820 10.9318
-9.7865 -0.9761
11.5249 -3.9377
1.0499 -12.2370
-10.4817 -10.6852
0.5145 11.0229
-10.1258 -5.6170
11.0342 4.8912
8.5065 -11.3149
-7.3937 -9.1200
5.2978 10.2472
-11.4948 8.3449
6.2360 7.8793
-3.0805 -10.4666
-2.3557 -8.8853
-9.2042 -8.9187
1.0050 4.6817
1.1679 2.7929
6.2854 5.3889
0.8351 -9.4829
-8.5066 -8.6279
-11.7207 -1.1437
2.1439 0.7608
-8.5306 0.4563
-7.6508 1.3897
0.5190 9.5290
6.9114 11.7993
-7.9834 -1.0253
-10.9384 -2.4325
-9.8284 6.9655
7.9492 6.6590
3.5470 -7.7085
-7.5702 -10.7774
9.3534 -7.8649
12.4460 -9.4583
-8.6237 -2.3912
-2.9525 -0.8782
-8.8469 8.8869
-11.1344 -9.4671
-2.8383 5.7097
-9.7086 -12.3328
1.8358 -4.3608
-1.9301 8.2478
-8.1248 -11.9021
5.5561 -10.8336
-10.7750 0.5790
-1.0658 -10.8516
6.9029 8.9204
-2.8291 -10.2438
2.0292 -7.9391
-4.9417 2.0672
-6.7056 11.3007
0.6581 9.6564
-0.7647 5.9449
-10.7436 8.2598
-0.8251 -10.6029
-9.6676 3.3487
-3.2966 -9.3502
-5.5363 -11.2669
-11.3345 -9.4749
3.1176 6.7351
2.6269 -1.2354
8.5945 -6.6627
-10.1002 -7.4805
8.0794 6.7043
-7.9703 10.7120
2.4796 -8.9737
-7.6828 9.7972
2.3761 0.4554
-1.8273 -1.3976
-1.0400 0.7837
-0.3508 10.0557
1.8367 -10.5015
1.5121 -9.7493
0.7928 -0.1055
2.4035 10.2728
-10.2872 1.4432
5.4905 -3.6224
5.0686 -1.9516
-0.6376 -8.7999
9.5938 -7.2307
-8.5468 9.8278
-11.8669 -10.9834
10.9208 -8.7577
-9.5682 5.6697
-0.7840 -9.2078
0.5576 4.1290
-1.3601 11.8881
-13.8509 8.3020
1.1248 1.6893
7.2517 -11.8214
3.3971 0.9320
-9.9120 -10.4961
6.7851 5.8369
-10.1266 -10.2440
7.9955 -9.0641
6.8625 2.7216
-11.1011 9.4813
-3.9879 -9.7135
-6.9665 7.8348
-2.1964 -0.2823
9.2886 -11.2480
3.3525 -10.5449
-9.9285 -3.1710
-9.6427 5.5978
1.1451 -1.8592
8.3460 -9.9858
-10.2279 -9.1088
-8.3146 13.2218
8.3968 -9.4550
-7.2944 0.5637
-7.9581 9.0342
-1.0680 7.4805
-10.3421 -1.7387
8.5876 4.7392
0.7285 10.0767
7.3269 7.5057
-12.6447 -9.2683
-7.3150 -0.8799
8.2702 -7.6742
-10.7044 0.1592
-8.0954 10.1004
0.6894 -0.1857
7.9895 -9.2112
-9.2828 -8.5942
-9.6300 -8.7656
11.1550 -8.9700
-8.6948 -9.0087
-11.0726 2.8106
10.3955 -7.7490
3.1986 -9.4048
-10.7565 1.5328
-1.4763 -0.2969
3.3237 9.9967
6.7552 8.8654
-3.6974 -0.8396
9.7685 -9.3892
-10.4993 0.1814
10.0685 2.3818
-5.2372 -9.5886
-9.3984 -9.2730
-0.1517 9.9664
1.2801 0.3864
-10.6896 -11.3290
12.1810 -9.1578
6.4702 -9.2554
1.4962 -9.4071
1.1952 -10.0016
3.5820 -9.0353
-7.7966 -12.5276
-9.4326 10.7001
10.5997 2.4044
-7.8427 -9.9856
5.9677 -0.0519
-0.0646 0.8491
2.9649 10.0200
-8.3840 -11.3774
-8.9370 -9.6846
1.5220 -9.2929
-8.6553 11.6826
-13.2830 9.6449
5.9109 -10.6646
7.8614 8.4340
12.1144 11.3561
6.5421 -9.2188
3.6427 -7.4657
-10.2478 0.6816
6.1075 1.0501
9.2738 -9.6925
0.7524 -4.0193
9.1001 2.8235
1.9794 -8.4438
-7.6585 -9.2531
10.7731 -11.0883
-0.8983 1.1197
-1.2813 11.6231
8.4795 -2.0168
12.0885 1.6029
-8.8529 7.0996
-3.6769 -7.8977
1.6153 9.3337
-2.2250 -0.6214
1.1140 1.9582
0.6205 -9.6002
-10.5543 -8.4397
-8.3809 -1.7299
6.2063 -2.9077
0.2714 3.9463
-8.8100 11.2397
-10.1278 7.2339
3.6286 -9.3991
2.0108 -9.4331
-1.2609 -10.0142
-0.7886 0.2016
-1.1194 -8.3402
6.7548 6.2321
6.8396 9.2835
9.5308 -10.5169
6.4567 0.0496
-1.1384 9.8978
13.5272 1.2741
6.0022 -9.5172
-3.3633 -12.0344
11.7563 -2.6467
-9.3239 -3.0305
-5.9082 1.3192
-10.6268 -6.9226
6.4617 -8.6784
-10.4292 -1.2741
2.3571 5.8225
6.3575 -6.9073
8.9580 -11.6779
-4.1712 -2.4641
1.2044 2.6543
-10.3004 7.5525
0.6735 3.1533
-11.1549 -10.2699
-8.8258 -9.3207
-7.1571 5.8024
-9.7938 -9.6779
9.6541 -2.5499
7.4048 6.5566
8.0583 7.0024
1.6983 -10.1969
8.0992 -10.5279
3.8956 3.6013
5.6375 -10.3519
-1.8442 0.5931
-2.0176 0.1715
-7.2651 -0.3527
-10.5990 0.1875
0.9034 -9.9325
-1.5563 0.1362
-10.5428 -10.1208
-7.7755 -8.8660
-9.6049 -0.3460
-1.7172 10.8742
7.0828 2.4138
-0.1910 8.2108
3.5457 0.9960
9.8807 -0.9985
-8.7202 8.4429
-2.8451 5.2845
-0.4358 4.6015
8.0426 6.2219
10.9112 -10.1460
1.7388 8.8207
-9.0231 2.9044
1.0617 -1.3270
1.3303 1.9142
-11.1920 -0.6050
-10.8682 -7.7971
8.2260 7.9026
-8.4638 11.9160
2.3338 1.0734
-10.0315 -0.9464
1.7690 -2.5917
-10.0104 5.5948
0.2064 -10.4558
-3.7413 11.7147
9.0178 -0.6951
-8.6725 8.8013
-1.3710 9.1796
10.7896 -11.1097
-10.1653 -9.4375
7.2985 -4.4670
-5.8252 0.9416
4.8202 1.1791
-9.3188 -11.5610
9.6624 3.1712
9.3959 -10.2686
-7.6896 12.5675
3.0543 8.8134
5.0692 2.2239
2.0954 6.1975
-9.0939 5.9714
-0.5448 -3.1237
2.7317 4.1646
-9.3319 9.7933
2.7478 -10.8791
-9.1959 -4.6012
-0.4069 7.7732
-10.6696 1.3361
-2.0925 4.1230
-7.9775 8.3313
-0.1702 8.9303
-9.4806 -10.8729
6.2238 -8.7343
5.6988 -1.8290
7.8576 1.0312
8.0530 1.7835
-10.2456 8.7490
-3.5793 -10.1244
7.5034 -1.8414
4.9771 8.2049
-8.7091 -11.0510
11.1860 -1.9589
12.6097 7.4784
-11.4469 -0.4901
0.4348 -8.8106
2.6373 0.6776
5.8396 -0.8214
10.3526 -10.3030
-1.9930 -0.6367
-9.5811 7.7121
-3.4341 -2.4807
11.9790 -8.3743
1.3542 4.7344
-0.0742 7.8209
-9.5080 -1.6656
-10.6047 8.2639
1.5092 -11.1222
1.6216 4.8515
0.7050 -10.5158
-8.2085 -10.6993
-9.0187 0.8556
-0.1122 1.9999
-2.1554 0.8864
-10.7963 5.7578
0.7839 -9.3859
9.9865 8.9921
0.7777 -13.5981
3.1366 0.1611
9.4461 2.8344
-9.8599 -3.2652
7.1071 1.7779
3.9110 9.3970
9.9286 -9.1354
-10.1640 10.7207
15.3007 1.1363
5.0929 -12.8282
-10.0870 2.2140
9.3650 -7.7751
6.5801 -8.7999
-2.4108 -11.3006
-11.0008 8.4039
0.3951 2.9669
-8.0955 -10.2772
0.0739 -9.5180
-0.6681 -9.6061
0.7185 -10.4164
-10.0912 3.1053
0.3306 3.5197
12.9385 7.7923
11.1818 -8.9747
0.1151 4.8557
12.9951 0.8306
-7.9873 1.7607
-3.2151 0.6025
-7.2110 8.6266
-1.6240 -10.3214
1.7721 -11.4125
-7.5772 2.3765
2.3307 10.5608
9.0242 6.5205
-2.2449 9.9487
-11.4445 8.8082
-7.9549 10.9183
7.9642 -1.7514
-2.9302 -7.1827
10.0045 12.4942
-8.2663 11.0811
0.9700 -2.0506
1.1412 -10.4185
-9.3072 -13.5226
2.1187 -8.8831
-2.2768 -8.8809
6.1740 -8.5641
-2.4993 -7.6248
-12.4527 2.9537
0.5599 7.3571
11.7097 -1.6046
-11.6997 5.6448
3.1223 -8.2333
2.1674 -2.1328
1.3908 -9.3770
4.8066 -0.9209
5.5608 6.0528
6.5719 10.2540
4.6001 8.4016
-9.9304 -9.4774
-10.1794 2.2662
-2.5524 -9.9380
-7.9034 8.6157
-10.7395 1.5083
-5.2836 10.7942
-6.2680 2.5777
1.5304 0.2258
7.2713 2.0348
12.3634 6.6179
11.0997 -9.0996
-8.8977 7.9682
7.9505 2.6094
-1.4942 10.8648
-2.9759 -9.1578
12.4650 -2.3359
-8.3819 -8.9565
7.9938 -9.5638
-9.2923 -10.6225
1.8269 -9.1864
-3.3727 -1.4963
0.8730 -10.4304
-8.1331 -2.4333
9.6412 9.8965
7.4732 1.5638
-0.3030 13.9735
8.7508 12.7914
10.1515 9.8541
0.7554 9.3989
-1.0634 -0.9950
8.1587 -11.0631
-9.2879 -3.2030
-9.4366 -8.0578
-2.2454 3.0100
-0.0029 9.6066
-9.9189 -9.9619
10.9348 -1.6085
-7.6428 -6.5405
-8.5996 10.7946
-9.2910 3.7872
8.1833 1.4552
8.3943 14.1123
-11.5430 0.4993
6.0440 7.2442
1.7385 -12.3383
-1.0898 -0.5365
8.3798 -5.5892
8.8702 -9.4326
9.1167 -7.3009
-8.5605 9.9109
-11.7485 -0.9562
8.3064 -10.8441
-9.1805 -0.5871
-8.4944 10.2712
-9.8524 -9.1326
-9.3770 10.0722
5.5076 0.0862
0.4542 -12.0312
-9.0718 0.6746
-1.3300 -9.6495
4.7047 9.2607
11.1796 -10.3344
5.8971 10.7168
2.0350 8.4290
-7.3048 -9.6202
1.0254 -0.9781
12.1703 3.1432
-9.3759 -10.8302
-11.1743 13.7329
3.1164 -12.4211
9.8166 -13.5871
0.2524 -0.1687
-10.9993 -1.8879
-8.7309 -8.7404
-9.4828 -11.0301
10.8988 -0.5503
-0.7629 4.9688
-11.2483 -10.6399
-7.9872 -10.5784
-0.0795 12.8033
-12.1758 9.9476
7.4377 9.9341
-9.0481 9.4539
-1.5785 2.1240
-9.5781 10.8023
3.0405 4.2117
-9.9098 1.0345
6.4470 -7.5841
-0.0935 -6.7812
6.3361 6.7065
8.5773 0.5095
10.2819 -5.0938
-7.0179 -1.4720
-8.4293 -8.5716
-9.9677 7.1284
-10.2095 -10.7854
-0.4801 1.2974
-8.7903 10.9004
-9.6519 0.5726
8.4345 0.7347
6.8393 3.2503
-8.9218 -9.6664
-11.9133 -12.8412
-1.0041 0.7272
0.4400 8.7024
5.5910 9.8807
-9.1528 11.7655
-8.3071 3.3829
9.7873 11.8495
-11.9798 14.2280
4.0688 -9.6987
-10.1359 -1.3519
-8.8170 -9.0939
-7.8207 5.2124
9.8441 7.0941
9.8253 0.6102
2.0992 -8.8553
11.3327 9.5099
-1.4560 13.3469
1.9230 2.9437
2.4197 -2.7053
-10.5427 1.1261
9.3016 2.3377
-0.7228 2.8170
11.8532 -10.5341
2.0330 1.5064
9.8374 12.2729
-10.3115 7.7259
-7.1662 -7.9962
0.2945 10.4094
2.5152 6.9327
-10.4588 1.2413
10.6348 -9.9512
0.2287 8.2858
0.7039 8.9028
4.2773 -4.4946
-10.8382 1.3287
-9.2487 6.8294
7.3726 5.4790
8.3781 6.2961
0.4303 1.7788
-10.8856 -0.3771
8.4271 9.0266
1.5766 8.4849
-8.5191 1.2357
4.3915 1.1301
10.4440 -9.1176
-0.4388 2.7607
9.0558 -8.3129
-6.4738 -9.2479
-7.8409 -3.1550
-11.6767 -5.4710
-10.1862 -9.5197
0.1604 -11.5760
-1.7117 0.9845
-10.5324 -10.5410
2.2172 -10.6035
3.4168 -10.6839
-8.8669 11.1045
1.8587 -5.7341
7.1774 -11.6061
-4.5366 -11.2634
0.9959 10.3992
-7.4977 9.0594
6.8240 9.0063
7.6091 -12.3024
9.9157 9.4865
-10.8730 1.6236
8.0946 -2.9095
1.6119 2.0563
1.1599 12.2542
2.6631 -9.8241
-9.4000 5.9386
-10.4512 -5.3374
-3.9117 0.9444
-9.0949 0.9499
-8.1526 -7.9750
-3.9134 7.5676
-3.6255 2.2951
-11.3854 -3.3322
8.3390 1.1522
0.9272 9.6733
10.0229 -9.3746
-3.2430 -0.2085
0.3653 9.0727
-12.2020 -8.8176
-9.6282 -10.1280
10.4783 2.2554
1.1719 -4.1187
4.4772 0.4656
-11.9340 -8.0666
5.7238 -10.2684
-1.7397 0.8222
-10.3834 3.1280
-6.9150 6.6487
0.3494 6.7883
2.5876 9.6690
-12.1190 8.5942
9.2750 0.9944
3.2028 -1.9338
-3.3965 -0.9681
-10.4043 4.6055
0.9882 -9.4952
10.5665 5.9493
-12.3684 0.8437
-3.1770 -1.0630
0.2109 -3.6898
6.4741 -11.6822
6.2457 9.3365
-11.2378 10.0433
-12.1617 -10.2183
9.6419 11.3400
-9.9701 -9.3694
6.6723 7.4505
3.8585 -12.7998
6.4416 -1.5238
8.9210 6.3177
-9.4833 1.8747
-4.3184 -10.9320
-8.4005 -13.6378
12.3144 7.5978
-10.1402 0.4592
-7.8796 2.0865
11.5254 6.1714
-0.4978 -2.5992
6.2001 -8.1931
-10.3962 -1.8650
8.6688 9.1907
0.7636 8.4044
-9.2377 0.4009
2.9682 3.8633
-2.6057 -9.3063
10.3799 2.3141
-12.4159 -0.1338
8.9277 -3.6439
-8.9553 -10.2453
7.1305 3.7568
10.4700 -11.9204
1.0600 -9.1219
0.6952 -13.9728
6.1531 1.1576
0.3388 10.5804
-9.5966 6.3629
-9.8331 -7.8516
-8.7453 9.3247
-9.0627 1.8369
-10.6966 -9.8797
4.5281 13.5442
-10.5800 11.5279
-8.4944 8.5590
11.5173 0.9680
-11.3646 -10.9627
8.9367 6.7434
8.3056 11.2120
1.0798 -11.2356
-2.4882 -10.2215
-9.1878 10.3680
-6.7416 -3.5251
7.0454 -9.3315
10.4384 -9.3560
3.9973 -0.8616
8.4788 11.1926
9.9721 5.5051
1.9172 0.7179
-9.2414 -10.7634
-9.6347 1.8172
-0.6836 -9.4373
-8.7461 -6.5954
0.4201 -8.9849
1.5708 9.9350
9.2823 7.0071
-9.3425 -9.5805
2.1198 7.9446
-10.9765 -9.3274
12.3298 10.1020
0.2260 9.3882
4.3093 1.1449
-1.1027 8.7599
-9.6030 -10.3627
10.9061 11.9561
-0.0641 3.5280
3.6589 1.1305
4.5445 -1.5873
-3.1627 0.8435
1.0060 -11.4243
1.2503 -8.3842
-1.8256 -1.0509
3.4926 2.4315
-0.1791 -10.5219
5.5870 1.8552
7.7902 11.3827
-10.4866 2.7755
-2.5684 -0.5301
6.2131 3.4064
1.9670 -10.6862
8.5628 -0.8511
6.8002 0.8986
1.4903 -7.5337
7.9188 -10.8365
1.5176 0.7645
-8.6677 -10.3564
-10.6555 -5.1868
13.1878 -8.0819
7.1666 12.3376
1.9050 7.6882
10.2297 -11.1197
1.0792 -9.7278
8.4771 7.5161
-9.5124 -7.8886
-11.8387 -10.2271
-9.4022 -1.5703
1.4241 5.7931
5.8607 1.7626
-9.5010 13.2256
-9.2017 -9.8743
-10.0213 -8.7780
8.1847 -0.8140
-0.2981 -1.3147
-9.8207 3.7205
-8.7009 -7.9426
11.6976 -1.2367
-7.4448 10.7664
-9.1173 -9.8427
-2.1787 -10.8550
8.8465 5.9916
-9.5446 -11.8480
1.4854 -1.9794
-10.2220 8.4838
-10.2250 0.8349
-9.6831 4.3770
9.6120 -0.4823
9.5042 9.3910
-10.3223 8.7893
-3.5104 0.7917
-8.2551 0.8760
0.9738 11.1700
-0.0400 -7.9007
-11.1652 9.4434
-8.3878 9.3978
-8.9242 2.6523
7.3056 -10.0254
-8.8916 8.2173
7.9278 0.3218
-11.3139 -9.1831
-11.7872 4.6469
12.5234 -9.7517
4.6043 -2.5572
-10.8204 5.0391
10.2780 -10.8092
-10.2156 -11.0335
0.0704 -9.5446
-11.7970 -2.4054
1.5808 3.0143
10.2942 -8.6191
-0.1332 7.8313
7.3091 7.1129
-8.1198 6.9979
2.2965 -6.9240
9.2861 -9.3511
-10.1116 -9.6397
12.7676 2.3939
-9.6106 0.5093
-11.5108 2.6252
-3.2934 -11.4314
9.7471 -2.7057
6.5983 7.7413
8.3416 11.8642
-9.5641 8.7221
0.5781 -11.0235
12.5288 11.7206
7.3744 8.7684
-11.4206 0.8057
5.0294 8.4449
11.5803 -7.9290
-8.6172 7.6832
-9.4566 5.2431
6.9817 -6.6652
-9.4308 -10.6755
-10.3062 -9.0847
-7.9951 4.8250
2.6573 9.7105
-11.0466 1.4214
6.7016 -9.9846
6.9304 -8.0550
8.3230 1.7691
-7.9408 -11.3475
10.9621 -9.0593
-7.9993 -9.1893
-9.5169 -9.5221
-1.3000 -2.6466
9.7615 -2.7123
7.1404 -9.8754
-1.8670 -11.0431
-11.0820 -0.1433
13.4067 7.2682
0.9638 1.7857
-10.0612 -9.0148
-9.3871 8.7453
-9.9366 0.9036
9.5786 -7.1771
0.8229 10.1629
10.4183 0.1464
6.6665 -7.4698
1.2922 5.1113
-9.8352 9.6997
10.6534 1.3810
8.3142 2.5885
1.5976 -0.5142
9.5872 -11.5824
9.9238 1.2838
8.2570 2.5241
8.0724 0.3811
13.4353 6.9915
1.6391 -0.6732
10.9693 -8.8649
1.1080 -8.5814
2.5413 -9.0200
1.8927 6.4308
3.3888 11.2527
1.8167 1.9859
5.6096 -7.7697
-12.6650 10.2654
6.6175 -1.5512
0.9241 -3.3521
-7.8948 -10.4668
0.9920 15.1189
-9.7763 6.4608
0.2406 -9.2281
-10.3295 2.1532
11.3470 12.1633
5.9400 10.5486
-10.4251 -11.4646
2.3405 -10.0129
-10.8094 1.0772
-8.4841 8.9054
2.7151 -8.6222
-10.3644 -8.3171
5.4904 -8.7984
-8.2468 -8.9983
5.6821 -1.7342
4.6663 -10.3115
-9.4024 10.9760
-9.4738 0.9676
-10.8410 -10.2685
1.7764 9.1516
0.5647 -11.3287
2.2066 -10.6349
-10.3056 -9.5880
1.2857 -10.4569
-9.8220 5.7648
-9.5195 -1.0260
-6.9553 -8.7408
0.0254 -9.3830
-1.8639 8.2478
0.8330 11.5395
-0.8978 9.0026
-11.4520 -0.5169
-0.2575 -6.5970
1.4762 2.4638
7.5209 1.1331
-3.0794 6.5763
0.3775 1.5998
8.3850 -10.0391
-7.8647 5.2551
8.6152 13.6258
0.1538 6.0701
3.6218 -1.8510
-3.4611 14.4705
-10.2512 -1.6571
7.9208 -9.3338
6.8015 1.3018
11.2870 4.7378
4.1689 -9.6098
8.9574 -6.4746
2.9214 0.5340
7.8841 -9.4033
-9.7438 10.8594
2.6846 -0.7812
-6.6242 6.7188
3.9551 -7.7296
9.5777 -10.5736
1.9267 -8.0719
-11.8287 -9.7637
-9.1757 7.3890
10.8180 -9.7140
-7.9379 9.1614
-11.0781 -7.9721
9.9933 -0.1207
-0.9510 -9.2830
11.5201 -1.8477
1.6746 6.8016
-0.5112 2.8214
11.6440 -9.3494
8.0039 -3.7322
12.8770 11.8132
-10.3994 -9.1712
1.7262 1.1853
-9.9587 -1.9483
8.7468 15.1045
-8.6076 -11.5890
13.0227 -7.8816
8.7421 8.9332
12.1758 1.0322
-8.6461 5.8765
-8.3994 0.1710
11.3268 -0.5403
-2.2230 -1.4595
6.4102 2.2897
-9.6468 -2.7118
-6.2016 6.3667
0.5204 -0.2386
7.6662 -3.1698
-0.7303 -1.4154
-9.2883 1.3683
10.9833 9.8697
-9.7950 2.6517
-7.5835 8.0639
7.0599 -2.0978
1.6545 1.6588
-1.6068 -8.1503
-11.3758 -10.3701
9.3949 7.6964
1.8514 10.8149
8.4929 -9.1748
-9.1800 -10.0248
8.6766 -3.2968
5.9121 -9.4325
1.0067 3.0121
0.8410 -8.5522
13.5541 11.0327
10.5203 -9.8781
-9.6290 9.2133
-10.9206 -0.3644
6.6268 -3.2370
2.4172 2.8539
-9.6670 11.7108
10.8952 -9.3572
0.1805 5.4976
-9.7763 8.7038
8.4858 -10.2850
-0.1343 -4.5121
-11.4050 -0.5049
1.3963 5.9713
11.1017 2.6043
-8.6645 -8.9005
-11.9245 4.5755
7.3013 3.6221
11.1923 -6.0304
-0.8864 -9.8537
8.5030 -8.8005
1.8543 -9.2089
-8.4711 -9.2785
0.8162 1.6048
5.7774 6.9784
-2.3625 1.8127
-10.6297 -9.8710
-2.6769 1.7378
8.5627 1.3686
-0.7271 -0.3404
9.7640 -10.7952
3.2855 -12.9091
-8.6034 7.5576
-0.6505 2.6430
2.6646 1.5105
9.7319 1.6096
5.3338 7.5761
-0.0556 10.4032
8.6324 -10.4598
7.0342 6.9604
-2.9870 2.4070
0.6293 1.2415
-0.5197 10.4639
-10.6040 7.2717
-11.5445 -12.6237
9.1963 11.5128
-1.4561 7.6675
-2.9338 -9.3533
-10.9606 -0.4396
8.1199 5.2958
9.2562 9.4518
-4.4992 0.8625
-0.8879 7.8041
0.6497 -1.3008
-8.9050 -2.6842
0.7468 12.1635
-10.2155 10.2494
-10.0503 2.7077
-2.9833 2.9439
-11.0820 -10.9319
-8.5471 -1.5575
-0.3679 -10.9584
8.4188 7.3302
-2.5925 -0.1337
11.6001 -7.6839
-0.2459 -0.2041
-10.3789 -1.8923
-0.1294 -9.1712
6.1001 -2.3523
1.0153 -2.6345
10.6079 8.1761
5.5468 1.6259
-1.2299 12.2420
2.1006 10.2381
-10.2773 6.2628
0.0480 -2.2182
7.9987 2.1239
-8.8124 1.4087
2.4912 4.4211
6.2030 8.7687
2.3894 11.0157
9.9464 6.1240
-7.2351 2.1413
-10.5060 -0.0999
1.3066 -3.7902
-6.0037 -6.7585
-11.1975 7.1098
7.1684 -9.2861
11.0996 0.9847
-3.0854 0.4709
6.6502 5.7827
-8.7287 -12.6473
-10.9875 -10.4651
10.7242 7.2632
-12.4328 13.6143
-9.7762 -10.7519
10.2142 -9.5719
1.1639 -9.5476
8.1890 2.6224
9.3973 5.6628
11.2490 10.7629
1.1776 -7.6037
-10.2315 2.3611
9.8611 -8.6515
0.0822 1.0958
7.0076 6.7162
2.1859 -12.0677
-12.1379 10.4525
-11.8401 3.9610
-8.7819 10.0109
6.9731 6.0213
-3.3204 11.9098
-8.8458 -7.4605
8.3189 13.0107
10.3611 7.1114
7.5707 8.8648
6.8553 3.4614
-9.4548 -10.5375
-1.2031 5.0973
-10.4973 9.0631
-3.7319 1.9038
7.7327 -9.6009
2.7709 10.9832
6.0771 1.3254
0.1011 -1.7795
-4.0929 -1.6624
1.6581 -11.2725
-11.4834 2.7415
-1.1778 -1.2495
9.4095 0.2106
7.4126 4.7833
10.1801 11.2423
7.4988 -2.8446
8.0744 10.2897
-10.5870 6.6279
8.6753 10.9390
10.5109 -9.7355
8.9762 4.9429
11.2534 8.7962
7.2098 1.8560
10.1263 -2.7598
0.4560 7.1855
-8.2286 0.1054
1.8036 -9.2222
-8.2048 8.4772
-9.5958 -1.9760
2.3549 14.0648
-10.0315 6.9058
-4.5446 -0.3207
7.5822 0.3503
-11.4008 -3.0911
8.2524 -9.4281
8.2381 3.0311
-8.9598 -9.3661
-9.6158 -8.5188
5.3536 2.8455
-8.0465 12.4802
11.0560 12.7991
5.4491 -0.2396
3.5124 7.9663
-9.6601 7.3275
-6.2221 -9.1644
-9.4503 4.9137
-8.7433 -8.1345
2.6873 -7.8525
-10.5939 12.5347
12.2010 0.4259
4.6376 -10.0358
1.0231 0.0437
-8.6079 -2.3805
-0.8069 -9.8878
-0.1876 7.3968
-2.0060 -1.4008
0.7910 -3.3199
2.7308 1.9016
0.7406 -3.4150
11.4519 -2.3417
0.3889 -0.1562
-7.8362 10.4347
1.5524 7.2545
6.8014 -3.2488
9.9502 1.3133
4.5817 -9.9493
2.5882 5.3131
3.8360 -7.3991
3.5044 -10.8721
-0.0305 -8.2447
0.2676 0.7799
2.2798 0.8986
-9.9264 2.6061
6.4635 0.2713
-8.6473 -9.3334
-7.6152 0.5959
-11.2631 -7.2002
-7.4461 -0.6172
9.8733 -1.1389
-0.1675 -8.0863
7.2154 -10.2170
11.5210 -2.6570
1.8919 -5.4311
-10.3386 5.8748
-11.8947 -9.7680
-3.2688 11.9168
-0.9762 1.2149
-7.6505 -11.3082
10.9982 8.4391
1.4173 0.7257
-0.9994 -0.9693
-10.8095 0.8193
-11.6345 0.6335
-9.1133 -8.3315
-2.6228 8.7949
0.5656 0.8783
-10.2933 -6.0010
0.1307 -3.7305
0.7505 2.1408
0.9292 -5.0042
0.1297 9.4312
-0.6460 1.5133
-3.6427 12.9530
3.2023 -8.0479
-10.2032 2.7745
1.9157 9.2456
8.7352 -10.1558
-9.4036 -7.1155
9.6884 7.9668
-2.4935 -8.1289
-8.7779 -9.6749
-8.4417 12.1899
-8.8220 -9.7542
2.1623 12.6338
-9.3059 10.4086
-11.0893 -6.0675
2.2360 9.3229
-12.3576 -10.0722
-8.1298 11.6241
-9.2628 12.6884
6.4640 -11.0246
-8.6671 -2.0285
2.8062 4.2515
6.0762 10.7790
-11.2454 -7.7980
7.9885 7.0761
-9.1223 1.0086
-1.1361 -11.3433
6.7383 -11.4021
-7.6612 11.1772
-2.1076 -8.6440
-1.2008 0.2892
1.6369 2.7622
7.9759 0.1627
-2.2592 -1.4310
-8.2371 -10.9713
1.2546 -7.9301
-11.6554 6.6040
9.0984 -1.0703
8.9167 3.3310
-9.4410 -2.2158
-0.8555 -7.2024
-1.5617 0.0721
1.3838 8.5203
1.1423 -9.0466
-8.8946 1.8570
3.3126 7.8862
12.6149 -10.0459
-11.3068 -12.4805
-0.2620 -5.7203
-8.8472 0.8046
-9.9576 -9.9060
9.1759 -10.2323
3.2510 -11.3534
1.1410 9.4556
-9.3628 -9.1977
-10.0773 1.1716
7.4156 8.1593
-3.6764 12.6270
-11.8695 2.1976
-0.4560 -5.8236
-0.0217 -8.7725
-7.2751 -10.1014
-1.8773 -2.7010
2.5212 7.0938
9.3104 -11.2446
7.4982 2.9791
7.4911 9.0985
-3.4147 -2.3065
11.2981 7.2344
-11.5551 -10.8516
1.7500 -6.1884
1.2521 -9.9506
7.9034 12.2494
-12.3612 1.2629
-9.7176 2.7362
4.3004 -12.4495
-9.8135 -8.5267
4.5271 1.5268
-0.3448 1.9079
6.2869 -9.3751
-10.5239 1.5386
0.6764 9.3845
0.9954 -8.1793
1.9019 -0.3579
9.7810 9.9832
-11.2689 -0.5693
9.1852 9.0217
5.7677 4.9722
7.3864 8.2699
1.5198 1.3895
0.2252 -0.6350
-9.3786 0.3007
3.8063 -1.6353
8.3949 -10.3754
-10.5398 -1.7671
1.9016 4.4499
-10.7118 -6.1594
9.5899 0.6750
11.6079 1.7737
7.7833 -0.9397
-7.7671 -2.9064
8.9919 -10.8675
8.4855 -10.0496
8.1143 -1.7829
-8.9050 9.3095
3.1812 -2.5617
-0.6907 10.0543
-11.5583 9.1877
-7.3870 -9.1647
-10.7936 1.0866
-9.6964 7.7664
-3.1331 5.6506
-8.2841 -0.3044
11.4293 6.1891
-10.7713 -0.7296
-10.5824 8.4941
-10.4038 -8.8480
-2.6447 -0.3019
0.8144 14.1773
0.7242 -10.0964
-4.3216 -9.2044
-2.0367 0.8918
1.6594 -3.8934
2.3648 -10.3815
-8.9352 14.2597
-11.2573 0.6489
3.3187 1.7211
-0.7341 9.4607
-1.9678 11.2851
5.6951 -0.5155
3.8898 2.4085
12.3151 -2.3199
3.1358 0.6676
-10.6203 -0.2819
11.8309 -12.6916
9.5123 -0.9227
13.0336 -8.5910
-8.3455 -11.7077
-9.2819 -10.8082
2.1219 -8.8457
7.9267 -9.1911
-10.5278 -4.5324
-1.1062 -10.3120
-10.5667 7.6233
-8.7238 2.4141
1.9708 10.9666
7.4022 5.9398
-10.2527 2.3245
-8.8807 1.9465
-10.4693 -11.9501
1.1504 -0.7747
9.1995 -7.8761
-1.5191 -11.6975
-8.3038 9.1555
-8.4646 8.1428
-9.4893 -0.5376
-5.4817 -8.6047
-0.0753 -2.4915
-7.8163 1.6222
-1.8278 0.7696
-10.4644 -8.7716
-0.6090 0.0508
-4.1427 10.4036
-8.7448 2.5175
-9.7436 -1.1653
1.1971 0.5963
-1.2173 8.4740
11.8250 -0.7724
1.3971 -10.0896
7.5311 8.9006
12.0013 -0.7832
13.3061 8.3928
-1.7519 0.8750
-9.9405 -3.8827
-10.3313 10.2574
11.3291 3.0397
7.5588 8.2883
3.4507 7.7149
5.4355 10.6827
2.0486 9.3036
-2.9791 -10.3490
-8.5096 -10.3237
-6.9080 -10.4701
-9.7811 -8.6000
10.4747 -0.9000
8.2321 10.1980
2.9302 7.3649
-9.9917 1.0151
2.5298 2.5716
5.5145 -10.8377
10.9077 -9.1142
-8.2199 6.3070
2.1207 -10.7084
-11.2448 -10.9111
-0.2654 -1.9830
8.9177 7.2894
1.5657 2.6799
-9.0459 0.7295
-9.5777 -0.2681
-1.8216 2.2971
-8.9153 -9.6097
0.6967 -0.2869
-1.1100 2.4497
-6.6407 -8.4509
-5.4488 1.3435
11.5800 -0.0698
9.0071 -6.3698
-7.4322 -10.2385
-0.7030 -5.4837
1.5866 0.5556
-10.0826 -9.3186
1.5078 -10.3729
0.1951 11.1422
-9.4248 10.1458
-0.9905 9.8995
-9.8558 -1.9118
-7.4033 -1.6721
0.4971 2.3541
7.4818 3.1624
-9.1065 7.6545
1.7908 -8.2283
1.3106 -1.0680
0.9067 8.0252
1.2906 4.9681
-2.6029 -0.3404
-10.7369 -9.2453
-11.9008 6.9223
-4.2683 13.2614
4.3860 2.0432
-11.3945 0.3583
-3.4825 9.4660
8.2025 4.6844
-1.8090 11.9229
0.7228 -2.2524
1.8205 -1.1069
12.3805 10.3603
-0.4010 -9.3584
1.3216 6.7302
0.8846 -10.2011
8.6671 -0.0304
4.3273 0.7211
-8.5061 0.8197
-10.8508 10.7951
-3.4880 9.4795
3.5235 -11.1706
-2.5675 -10.2751
2.5319 -9.4904
-3.3669 7.5036
-1.4396 0.1914
9.4244 -10.6381
7.2927 0.9144
13.9469 -10.4278
-8.7472 -9.2556
-11.9459 10.7585
1.0381 1.8241
3.3641 -0.0147
-2.1183 11.4923
-8.1172 10.9469
0.2226 -11.9496
-0.1544 -11.7654
0.7205 -8.1077
-10.8947 -9.8111
-9.4297 4.5794
1.3392 2.5924
-11.2474 1.6889
0.7554 -10.0516
8.7287 1.6436
0.5439 2.0999
-10.7200 -4.2329
-10.9286 -2.0006
-11.1984 -2.5746
-13.5682 -2.6196
-8.4224 0.6407
4.1978 3.0502
0.2268 3.3761
-9.4471 2.8498
-3.1311 -9.0697
8.3847 -1.3218
-11.0157 -3.8609
9.3458 -1.1306
-0.1670 -0.3346
-8.5410 0.1067
-0.1225 -10.8453
11.2348 7.0104
4.8464 2.0487
-0.7879 12.8633
-11.1194 0.6421
10.9374 -11.5891
10.4022 -12.0514
3.0397 8.0792
-0.3563 -9.6700
1.8308 5.4959
-1.5004 8.8439
-10.5764 2.8052
-4.0362 -7.9751
1.3804 9.3419
-8.5194 3.5791
0.5930 -9.4063
-8.4424 -8.9820
-0.0578 -9.5606
-8.9048 -9.3082
-1.4592 1.0833
-9.8175 1.5725
6.4568 0.8855
-7.1458 -1.3352
-0.6693 11.6774
-9.8387 -9.2563
9.9840 -10.1317
-6.7426 -8.9819
-9.2638 13.2707
3.8222 -9.2571
8.8220 8.9917
2.5207 12.3835
0.9728 2.3996
-9.2656 2.6409
11.9849 2.0021
0.2166 -10.0284
-0.5207 11.3519
0.8771 3.0942
-7.7399 -11.5495
9.9679 -0.2948
6.5141 -8.6935
-8.6187 -8.7727
-10.5860 8.4772
-4.2625 3.3236
-8.8216 3.9858
-9.5218 -0.4113
1.3641 -9.3695
9.9002 -9.8541
-9.3768 1.7554
-2.1541 1.2109
1.3425 2.5446
7.9891 11.1040
8.6235 8.6212
11.4406 0.9226
0.4352 -4.0808
1.7191 -11.0086
-0.4739 -9.4315
-10.1185 -11.4695
-10.7433 7.5753
8.2641 -10.1442
1.8956 -9.2055
2.3234 1.3288
6.3868 6.8742
0.6770 7.1370
0.3280 -1.7508
-7.4751 -9.4743
8.6616 -3.4196
3.7175 10.5029
-11.0852 5.2940
1.4125 0.3055
7.7821 6.3474
-12.0581 2.6018
5.4405 -0.6837
1.5147 -9.8868
-9.2728 -0.7224
-1.2817 -10.6841
2.4969 -9.2093
5.5140 1.1643
11.0207 -7.9017
1.8703 -11.7621
7.5817 -6.6840
3.7979 -6.8886
-8.6697 2.9458
6.4116 -9.2056
2.2365 -12.4247
12.6124 0.9188
1.3776 11.8295
9.6165 -7.0834
7.3318 -11.6132
0.7759 3.1296
-9.6113 6.3662
0.7850 7.3068
1.4604 1.6679
0.8312 12.1407
-8.8763 -1.1349
7.5307 6.1237
10.7955 6.2755
-9.6839 11.5750
12.5750 -9.4379
-2.6229 -9.7061
8.1865 5.0384
-8.8807 -11.7394
-0.5704 1.2550
10.5827 -8.2050
-10.2270 -9.0792
-0.2144 -11.0199
1.0367 -10.8235
2.6441 -8.6806
11.0572 -11.1897
-8.6768 12.4022
2.7121 -10.9495
-8.7893 -9.2571
1.0103 2.0252
9.8065 -9.4531
-11.4003 -2.7037
-8.9453 9.1251
-8.5743 -9.8986
6.0311 1.6209
-1.0351 0.7369
8.9824 8.5420
-0.9860 1.8477
-3.9195 -9.5741
-10.0374 -1.4547
12.0814 -10.8180
-9.7135 1.0725
1.1843 0.8654
-11.6546 6.0794
0.4344 8.0744
4.6660 -10.8081
-9.7377 2.1454
-0.9131 -3.3844
9.7398 3.7771
-8.8004 0.4433
-13.5101 1.5642
0.6411 4.4028
2.2954 9.4601
2.0264 -7.0917
-8.9483 7.4330
-9.5078 3.8208
-3.6749 1.4825
2.4684 0.6833
2.0069 -3.7011
0.9685 0.4113
-2.3919 4.3538
-7.1057 0.4065
2.1584 13.4256
1.0850 8.9760
-1.2471 -9.5036
-8.9280 -9.9558
2.2334 4.1250
9.0323 3.4387
-10.0848 0.5900
8.1005 -10.3740
3.3502 -10.7136
9.4037 3.1554
-9.1022 -9.4426
-3.1813 -0.1424
8.1442 -0.0129
9.6208 -9.6416
-9.9093 10.1912
-12.5639 0.4762
-11.3101 3.4982
0.3211 -0.5501
0.9625 -9.0202
10.9845 -0.1980
-8.3990 -11.4633
-1.0112 9.9267
-8.1138 3.1102
-8.3607 0.5630
-8.1309 1.0561
7.4790 -10.2463
2.1024 2.5962
6.3494 -0.6842
10.2477 0.7468
1.8840 10.8962
-7.1424 -12.2905
5.0230 -2.0967
7.9330 8.6522
-9.9910 -10.5428
-11.4155 2.8963
-9.2768 11.2707
12.3814 0.4075
-3.7010 13.2614
-0.6521 5.1066
5.4971 -0.2364
-9.8862 7.9227
-11.6376 4.7126
-4.2040 -10.6678
9.5843 -9.8935
1.8385 5.5193
-0.4306 2.0316
-0.1852 3.5740
-3.7892 9.4030
8.9335 10.9481
8.0976 -10.6137
-2.1472 -10.4741
-10.5725 1.6931
-9.5641 -6.6863
5.3152 -9.1359
9.2445 -10.6191
-2.5078 -0.6268
-8.3642 7.3603
0.6223 -1.9819
-2.6273 7.2764
0.9164 -2.3649
-8.9524 2.6888
-9.0596 -4.5007
1.9391 -2.7145
-1.2360 -11.2890
5.7015 -9.9353
7.5837 11.6045
3.1276 6.9008
1.6770 9.4116
-10.0181 -2.0037
7.7272 -7.3360
3.3249 14.2275
10.6076 0.6840
3.1935 0.1063
11.8993 9.1035
5.8585 -8.8495
-6.5805 11.1133
-0.1802 0.9013
2.3442 7.1981
0.4305 -6.8836
6.6956 -11.3225
0.4493 8.8569
-9.0639 1.2968
2.1406 9.2173
-8.9847 2.1248
9.6778 -2.3451
7.2904 -8.6512
7.3431 4.4602
1.8191 3.4851
1.3673 0.6920
-2.3996 9.2207
-10.5366 8.2672
0.2223 -0.2451
0.0635 -8.8577
11.7986 -9.6963
-3.1136 3.5572
-0.6087 10.5670
-11.6486 0.9993
9.1443 2.6851
-10.1643 9.2970
-10.7505 9.3450
10.5060 4.6322
-10.3048 -0.4937
10.4486 -8.7727
1.4433 0.0017
-11.0971 -0.2901
-7.5999 -10.6055
-10.2575 -10.7579
-8.7037 -0.5285
-0.7189 -3.0008
5.1638 2.6413
-1.9649 -0.1609
2.3868 8.1442
1.0959 -9.0574
0.3818 6.4673
-0.6465 -0.7071
10.0531 -8.3194
-9.1920 7.5910
5.4762 -1.0949
7.5478 8.6578
-8.3912 -11.8744
3.8796 6.2539
-9.8298 0.5928
1.5938 10.5585
-9.1648 -8.0628
0.7062 -2.9085
7.3016 0.8704
-0.3887 0.7880
6.3662 -2.3012
-8.4765 -4.0092
7.5070 6.2259
-0.8982 -0.3616
-11.4740 7.3598
-1.3129 -8.2050
11.1033 -10.1056
6.9292 -0.5216
12.2268 9.5987
-2.2796 -2.2057
1.8750 -10.5332
1.9233 1.1473
-9.5029 0.4798
-1.7164 2.1678
7.1326 9.6066
0.0813 13.9193
7.1431 -3.5126
-0.5941 4.6064
1.8630 -9.2699
-2.1276 -7.7099
5.8394 -9.4354
-10.7381 2.2396
3.1264 0.3615
1.7232 -2.0905
5.8429 8.3263
8.0073 9.5680
5.5015 1.0883
-10.5702 -8.9896
-11.1756 9.0261
-0.3434 -9.8960
10.9139 -10.6528
2.1474 1.9788
0.6282 -7.8536
9.6009 -11.9693
2.1485 0.5104
1.1423 1.8449
-10.6225 6.2371
0.7657 10.0878
-9.7113 1.3679
10.6419 -10.1372
2.0801 -10.2403
2.8960 -3.7463
-9.7155 -8.6581
8.5152 0.8321
-1.0646 -9.5223
7.5632 -9.6542
2.6836 -9.5328
1.3320 9.5222
1.5295 1.4785
-11.1017 1.6149
12.6562 9.4507
-10.0938 1.6730
8.9447 4.4006
9.2839 -7.4996
-7.3504 -0.1890
-7.6572 1.7119
-9.6174 2.9454
5.9617 -1.0459
8.7327 -2.3256
0.9963 -9.5163
0.0301 0.9934
8.8260 -3.5920
0.1743 -1.5284
2.1176 -8.4193
-10.8428 7.6901
8.7252 8.6686
1.6646 12.1583
9.4757 -1.7353
1.5459 -0.1303
-10.9920 12.1294
11.1141 11.0458
0.9169 -2.2811
-9.8259 1.1641
2.7067 -9.3893
4.4792 3.6421
10.1630 -10.0597
-9.7120 8.1636
-12.0953 0.0499
-1.5721 1.1534
6.6609 10.8963
12.5274 -2.6490
1.3479 7.1493
7.9136 -7.4464
8.5185 0.5232
4.7577 1.1440
-6.5175 5.7670
4.4887 1.7408
-7.6675 2.5041
1.3995 -2.5275
-4.4467 -11.0110
10.6159 -9.4014
-7.4519 1.8240
0.4915 -8.7479
0.2738 1.2380
0.3553 7.7114
7.8102 -0.1277
-2.2390 -0.1594
-0.9650 -8.2698
7.7068 0.7678
-8.4967 -1.3312
4.0951 4.1622
-0.6852 -0.5393
1.0633 -9.0559
-8.6847 -8.0219
7.8762 -8.0353
-3.9930 0.4278
-3.6442 -11.5916
-9.8529 0.6497
-2.6642 -0.6127
-0.7549 -1.3387
-1.0243 4.1581
-0.1636 7.8243
0.0970 0.2738
0.4160 7.5395
-0.3258 -9.3916
-7.2169 -10.4976
-9.6672 3.8448
0.1223 3.9730
0.5670 0.5616
0.5707 0.3356
1.1677 -10.2847
-8.6882 0.9724
0.1001 -3.0878
-1.8138 4.1318
0.0630 -1.9222
4.0484 -5.3818
7.9093 -1.9988
0.8820 -3.4205
-1.1063 -2.3094
-0.7249 3.9259
4.1432 -0.5669
-1.2797 -2.3529
-5.4400 -8.2591
0.8793 -4.5314
4.1069 0.1300
-2.0721 -6.2267
3.9112 -8.9674
-8.1924 1.4692
-0.0103 0.5675
4.2423 0.0089
-0.2977 -8.2446
-8.0531 -4.6175
-9.9653 0.0299
-10.1754 -1.7941
-2.5106 0.0786
0.5039 -1.5746
-8.6605 -2.9519
0.7736 -11.7452
-0.7980 -1.7478
4.1411 0.8660
0.4302 3.8946
0.3991 3.8543
4.2658 -7.6687
-7.5525 -0.3161
-4.2946 -10.0049
-10.3245 0.8764
-1.6635 -0.3389
-0.7621 7.9543
-11.3487 -0.6487
1.2278 -9.1205
-5.2534 -0.5099
-2.3729 0.0865
1.4435 4.0306
-5.3179 -11.5672
4.2724 -8.5880
0.4007 -10.8116
0.2722 -3.4905
-9.4171 -9.1116
-10.2884 0.3495
4.0899 4.0559
-0.4308 -9.4710
4.2998 -10.6993
-2.6005 -4.7247
-8.8848 -10.0823
-9.0790 -0.3314
-3.6935 0.4205
4.1030 -8.8149
-8.6149 8.0398
-9.8203 -0.0363
-5.0283 -2.4436
-7.8007 -1.4180
7.6928 0.5066
7.8236 -1.3266
-7.1260 -0.9293
-8.9530 -0.1004
1.1969 7.8161
0.1940 -8.2112
-0.5095 -5.5675
-8.2519 -3.5789
-8.5089 -9.0983
-7.4912 -10.3674
0.1594 -6.1322
0.2007 0.5407
-7.3629 0.7417
4.0171 -1.5980
-10.0711 0.9835
-7.2059 -3.9646
-5.9316 -5.5892
7.7348 -5.1196
-0.1519 -10.9296
-0.2696 1.4629
-9.4415 -8.6611
-9.3625 -9.8267
-1.1331 4.0687
-0.0953 4.0709
-8.7346 0.3396
-1.9470 0.9217
-6.2075 -9.7345
0.1297 3.8369
1.3019 3.7825
4.1193 0.3547
3.7599 0.2793
-0.0588 7.7500
-9.2624 -8.8126
0.1366 4.2422
-0.6571 3.9207
-6.1235 -8.4287
-0.7748 0.4648
-0.4138 -11.7123
-10.2018 0.7425
-5.4023 -9.2813
-10.9409 -7.5564
0.8438 0.4703
1.8429 -0.3632
-2.5185 4.0984
0.3566 3.8955
1.1333 -4.1520
7.9543 3.9977
1.0897 0.0070
3.7858 -2.0182
0.0939 2.0141
-0.0241 0.7197
0.2864 0.0917
0.7059 -0.3702
-9.5626 1.5196
-5.1724 -3.4260
0.3383 -10.0294
0.3869 -0.5710
-9.3517 0.5722
-11.6145 4.1563
0.4471 7.8557
-1.0783 4.0271
-0.1737 -2.6673
-7.5652 -10.1433
8.0937 -10.5463
7.6565 -10.8631
-1.1547 -0.4917
-9.1402 0.3939
-2.1331 0.0609
0.2523 -0.8212
-0.3643 3.7314
-6.7762 -0.2049
-0.0674 0.4610
3.9310 -8.4412
-1.7549 7.8837
0.5455 -0.3301
0.0337 -11.0816
0.0910 0.1958
0.7762 -4.9897
-3.0712 0.2943
4.0270 0.4617
0.0404 0.4408
0.2166 1.4034
0.1890 -8.6265
-8.3499 -9.8503
-0.5047 3.9858
-0.3378 -0.6388
1.0904 0.7093
-3.3703 -0.5854
-8.8137 -9.0152
1.1265 -3.0271
-12.6597 0.6409
-0.7742 0.3248
0.1342 0.9469
-0.4652 -9.4478
-1.2770 1.0407
-9.7404 0.0581
7.5832 -5.0327
0.2627 7.9673
4.3043 -4.3813
3.8865 3.6347
-1.6322 0.3677
-4.7835 1.2492
-8.6486 0.4299
-9.4027 0.7838
-0.0753 4.0278
-3.1063 -10.4565
-1.0084 0.1571
3.7877 0.4893
4.0854 -0.3478
-1.1498 4.1351
-10.2714 3.9161
1.1735 4.0750
4.0074 7.7270
-3.2762 0.8509
-3.4413 -4.9880
7.7032 -3.6734
-2.9123 -0.0284
-6.5012 -4.6168
0.2723 3.8131
-8.7795 -5.9743
0.3104 -9.6523
3.9478 -0.0209
-10.5631 -10.3525
-9.2113 0.4817
0.8577 -2.5669
-8.9222 -11.1033
0.1191 0.3543
-5.1524 -9.4852
0.0515 3.8924
3.9342 -9.1036
7.8577 0.6723
-0.0648 3.7119
7.8511 -6.9360
-4.5034 -0.1859
0.7180 -3.7426
-0.1859 0.0453
-5.8079 3.8693
0.6479 -0.8388
-0.2435 -0.9493
-0.6821 -0.3555
-0.1632 3.8568
3.9150 4.1544
4.2644 -3.1743
0.5199 -0.0084
-7.9461 -11.9399
3.9213 -10.3217
0.8959 4.2317
-4.1056 -2.0414
1.7498 0.1248
4.0701 4.0435
7.8145 -1.0616
-6.6078 -1.9651
3.7747 -10.0671
0.5031 -6.3317
-8.9408 -0.7306
-0.9091 -0.0531
4.2004 0.5275
-8.5969 0.7169
-2.7136 -10.8025
3.9376 -0.2984
-11.2825 4.0790
-1.0804 0.4253
4.0285 -9.5293
7.7509 -0.1844
0.1334 4.1539
-8.3281 7.8414
1.1458 -5.5159
0.5617 -0.0736
-0.0084 -0.3119
-8.4810 -11.3463
-4.5731 -9.0077
-0.7149 0.0603
4.0901 -1.1323
-4.9421 -9.3176
-2.0546 -5.2198
-1.7236 -8.4303
-0.0124 3.9182
3.8240 7.9033
-9.5936 -0.1089
-8.8871 -2.1643
-10.7154 -10.5606
0.6104 -0.8782
0.1818 0.7846
-3.8897 -1.8171
0.0097 0.5499
-7.7624 -9.3450
0.2127 -3.4731
-9.2751 0.4293
-0.0447 -3.7682
-8.9826 -0.2505
0.7767 1.0792
0.9433 7.9015
-8.7768 -4.3122
0.5488 -0.1970
-9.0688 -9.2620
0.8142 -0.0234
3.9020 4.2382
-9.8604 -0.4238
-3.1737 -12.2929
0.5369 -2.1610
3.9038 -5.5019
-7.9894 0.4087
0.4922 -9.7234
-1.6385 7.9151
0.3948 -7.2691
0.3812 -0.3717
-4.5826 -9.4703
3.9550 -8.8650
-2.1256 -0.1193
0.1720 -0.0130
-0.6438 -8.9764
-11.8422 -9.7189
0.7425 0.2972
-3.6048 -5.6526
0.2966 -4.6015
-3.6264 4.3202
0.0945 2.1694
-2.5241 -1.0022
0.7956 -2.0583
-8.9266 -4.8538
-4.8039 7.7523
-9.9623 -9.2361
-4.9850 4.0354
-12.1405 -2.8647
0.9217 0.8936
3.9901 0.4181
-9.7980 -10.0796
-8.2406 -0.3762
-10.5253 0.4725
-4.5639 3.9379
-10.5547 4.1917
-1.0662 -9.1846
4.1688 -3.5899
-0.1132 0.9969
-4.6496 -9.4542
4.2339 -4.7768
-7.4891 4.0744
4.1302 -9.1856
-0.0754 -5.2627
-0.3101 0.6965
3.9555 -0.4481
-7.3426 -11.7343
3.9382 -1.1325
-1.0251 -11.2394
3.8356 0.9398
-3.5479 2.2477
-7.4412 0.3792
-0.5901 3.7432
-0.4749 4.0002
-0.1783 0.5047
-3.0963 0.5514
-0.4691 4.0435
0.3763 0.5051
-6.7444 -3.4002
4.1751 0.7740
-0.3575 7.8010
-4.1704 0.1618
-9.2891 4.2441
-5.1477 -9.2941
4.0196 0.1637
-10.5348 7.6454
0.0798 0.0331
3.9517 0.1418
-9.2837 -2.1336
-4.3686 -0.3671
-0.0434 0.5329
-0.1848 4.1470
0.0638 4.0133
-4.2218 -2.5275
0.2892 -5.0934
0.0952 -3.9757
-9.5937 0.3560
-0.6681 0.2577
-0.2444 7.6905
-7.7605 -9.9049
0.3574 -2.3272
0.6465 -7.1303
7.7783 -5.7465
4.0718 -3.1269
-1.6985 -3.6682
-0.4633 0.3177
3.9258 0.2054
-10.3474 -9.0770
0.4721 -3.5709
4.0309 0.2952
0.6985 1.4336
-0.2229 3.8812
-5.4447 -11.0061
-1.6658 -4.2247
-5.6618 -2.0606
-7.4760 -9.1478
7.8305 3.9689
4.0057 -8.1150
4.0571 -0.3435
0.0223 -0.2120
-4.9298 -5.3198
0.3278 0.6450
0.7810 -5.0024
-0.0868 -1.5158
-0.1467 4.2801
-7.7860 -0.6745
-9.6563 -0.0517
-4.4862 -3.2490
-3.3007 4.1367
-11.0395 -8.8300
4.1563 4.1345
0.0218 -2.8313
-1.1993 -5.1527
-12.2325 -9.7665
-11.8701 7.7042
-1.3827 -3.7542
-0.1098 -1.7248
-1.8654 0.2218
3.9796 4.0655
4.0722 -10.7636
0.6494 3.9748
-9.2641 -10.0891
-9.7189 0.4907
-13.4172 -2.7938
-7.9796 3.8544
-1.0371 0.4724
4.1464 -0.8582
0.8120 -2.8952
-1.0317 -10.2791
-1.1375 0.0364
7.6703 1.4697
-10.1314 3.8084
-10.0266 -0.7719
-7.0850 -1.2606
0.0922 -0.3575
-1.8450 3.8709
-0.3341 -2.6363
-0.3717 -11.3362
-4.6524 4.2854
4.1303 -2.0592
-0.7695 4.1603
-8.6667 -0.1446
0.0325 -1.2414
-4.4883 -0.7700
-4.5809 -3.8272
-2.7542 7.7215
-8.8273 7.7642
-4.3445 -9.2687
0.6054 -4.1669
0.3685 -10.1852
-9.8977 4.0475
-9.6580 -1.0554
4.1541 -1.3496
-3.8896 3.7307
3.9682 0.5955
0.5053 4.1273
7.6780 -9.0305
4.0230 -0.1094
1.1606 7.5864
-4.0570 3.9313
-9.0811 7.8454
-5.8221 7.7245
3.9655 -4.4629
4.1013 1.2998
4.0744 3.9505
3.9448 0.1474
0.2245 0.1158
1.7144 -6.8618
-0.4695 -10.6981
-9.8617 -1.2507
-8.3657 -1.4392
0.8957 -0.5480
-11.3658 -9.3169
-10.6238 -10.7370
0.5779 4.2456
7.8217 0.2794
-9.0136 -10.9155
4.1033 -1.1275
-9.7218 -4.0948
-0.5526 4.1412
-3.0170 -0.1901
-9.3997 -8.1737
-0.7924 -10.7362
-7.5408 0.5774
-0.4404 -3.6034
0.3421 -1.6968
-8.7875 -0.9037
-7.3789 3.7894
4.1962 4.3120
-8.4649 3.9003
3.8842 0.1158
-3.2105 0.9979
-2.6512 -10.5484
1.3631 -8.8575
-0.8249 -0.4436
-5.9038 4.2711
-0.0138 0.4698
-5.4378 -9.8414
0.5067 -2.4047
0.0951 -3.2048
-2.8839 0.3774
-8.9570 3.8096
8.2486 -0.0644
-9.8164 -10.2589
-3.8951 -8.6879
4.2284 -2.2378
-3.8912 -0.7765
0.4042 -3.8975
-4.7473 -4.1878
0.3484 4.2365
-1.9700 4.0511
-0.3600 -1.5036
3.6832 2.3417
-3.8249 4.0843
-10.9172 3.8753
-9.9527 -1.1570
-0.0431 -11.6443
1.4022 -6.8273
-4.0090 1.4187
0.2672 -8.2423
8.0143 3.9212
-8.7803 -8.6105
0.1470 -0.3901
0.4592 -7.6335
-1.1018 0.2676
-0.4004 -0.1969
-1.1336 -2.8675
0.7092 -0.7873
4.3673 -0.4502
-10.4050 3.8354
0.2632 -7.0629
-12.1465 4.0635
3.9706 -5.3673
-0.6125 0.4001
-2.0654 -0.7970
-4.3960 3.9829
0.3321 -0.5979
-2.7162 -0.4935
-0.3138 1.3164
3.8206 4.1784
-12.4158 0.4505
-10.4899 -1.1180
-0.1420 -3.2340
0.5750 3.9571
-0.0447 0.6963
-0.4196 4.1973
-6.9356 4.2950
0.5091 -0.3155
1.2528 7.7825
-0.9077 -2.8151
-9.6021 0.4542
4.0799 3.9936
0.4369 0.5791
-1.8110 -10.0219
0.4331 -7.6349
4.0083 0.5223
-8.5900 -10.9614
0.4281 -0.9997
-7.1301 -4.7690
-4.1220 -10.1735
-2.8861 -3.2896
-1.5998 4.0263
0.2232 -8.9683
1.8323 0.2626
1.0037 -0.9553
-0.1824 1.2196
4.1395 -8.3187
0.1014 -8.1386
-8.4505 -0.2625
-3.2507 4.2990
0.3173 3.8398
3.7480 0.8444
-10.0469 0.3481
-1.5200 -8.9854
4.0145 -9.7132
-10.1338 4.3996
-0.3042 -1.2291
0.5428 -0.1528
4.0958 -6.3282
-9.1151 4.0205
-0.2676 3.8788
0.4202 -11.2163
-4.8944 -4.5015
-0.1968 -0.0521
-11.7007 -11.2821
0.2775 -9.6101
-4.5105 1.3106
0.5889 4.0272
-0.1658 -8.0686
4.1878 -0.3234
0.4290 0.5701
4.0155 -4.3351
-10.7320 -3.6536
-9.4546 -3.8524
-3.3913 4.0980
-6.8034 -10.8336
-7.8996 -10.4633
-2.9151 4.0319
4.0927 4.0531
-0.5035 -3.9881
0.5404 -9.2714
-0.3799 3.8665
-7.4071 -9.3873
-11.9962 4.0137
1.1918 -0.2867
-3.2057 -8.9915
0.4710 -1.5067
3.9708 0.3998
0.8777 0.1105
3.7730 -0.4793
-9.2533 -3.1430
-0.8726 3.8184
-10.1931 0.2783
-9.9772 -2.9547
0.5870 -7.2590
-0.5576 -10.7286
0.1565 0.4433
3.5491 -0.2409
-10.0071 4.2141
-4.4978 0.3262
-0.0304 0.4895
-11.5352 3.6807
-0.1520 4.1713
-1.5766 -0.1910
3.8603 -11.4867
-0.0262 7.7267
-9.3698 4.3683
-0.2994 0.1025
-0.2194 -2.7269
-10.3281 0.1889
-5.9533 -4.3708
0.0683 3.8503
-3.5385 -4.5532
4.2483 -7.5619
0.5671 4.2597
-0.7473 -1.1178
-9.2414 0.4143
-3.3136 -9.0423
-6.6602 3.9394
1.2579 -4.4960
-8.5118 0.4291
-5.7671 -4.7564
0.1979 -8.3372
-5.3389 7.6109
0.7890 -4.4979
-7.7600 -0.2152
-4.5632 -6.3145
0.2548 3.9052
-8.3208 -0.5010
-0.0463 -3.4671
0.5012 -0.4227
-0.0814 -1.9715
-0.3196 3.9530
-6.9555 -0.6321
-0.4035 1.5927
0.0869 0.0766
1.1789 3.6751
-0.1057 4.1256
-8.2470 -9.4638
1.0814 -8.1628
-0.0345 4.0048
-3.9069 4.1738
0.0506 0.5022
-8.4100 -2.4322
-1.2779 0.1011
4.0330 4.2109
-8.2520 3.9318
-4.8622 0.4028
-9.3419 -3.4164
-10.3884 -2.2811
0.7090 3.8781
0.5661 0.3294
-3.6240 0.8502
-10.0305 -1.2455
7.7494 -8.0264
4.0915 0.6140
3.9559 3.7534
3.9039 -11.6343
-0.7018 -9.0420
-5.0723 -9.8157
-0.9558 3.9568
-0.3425 -2.6418
-1.0209 0.3123
-9.6776 8.0050
-8.9301 0.3130
-0.0401 3.8181
0.6603 7.9385
-10.7416 4.0971
-0.3277 -4.0486
-8.5458 0.4461
0.5169 -2.4080
-9.7057 0.3365
-5.5214 -0.3903
-5.8711 3.8187
-8.3272 -3.0552
-2.5212 4.0720
0.2298 -7.4759
-3.7101 0.3515
3.8416 3.1898
-11.3957 -5.9732
0.5451 0.6571
-3.0440 -3.8669
-0.5456 0.1984
-9.3252 3.8687
0.2160 -0.4584
-3.9953 0.2952
3.9673 0.8084
3.9095 4.0425
0.7978 1.0356
-3.8303 -0.6801
-10.9146 1.0090
4.1453 0.5622
-9.7911 -10.3170
4.1194 -2.6212
-3.4892 0.2168
-10.3390 -10.9485
7.8357 4.0663
-9.6247 -0.3870
-4.6186 -3.8535
-0.2472 3.7851
0.9994 3.8402
-0.1552 -9.6325
4.0102 0.9031
-0.3020 -9.3667
-9.3805 -0.2333
4.0062 -1.1219
-0.1666 -3.7107
7.9658 -8.5730
-8.0906 -4.6205
-8.9636 3.9206
0.4183 0.2136
-0.1421 0.5167
3.9797 -9.7886
0.0180 4.0992
-7.1023 -0.9893
-5.4927 -0.3526
-10.8013 -7.1374
-5.2936 -10.9175
-1.5630 -10.7743
-9.0750 -11.8587
-0.3121 -0.3576
-0.0670 0.8075
-6.0389 3.8730
0.0398 0.2259
3.9500 7.6816
-12.0562 1.0594
3.9574 3.7698
-0.0606 0.1031
0.3687 4.1827
-5.0523 4.0679
3.8544 3.7605
0.8172 0.1956
-3.7400 0.1306
-8.4392 -6.9357
-0.0186 0.0729
4.0795 0.9365
-11.9526 1.5588
-1.1971 1.2876
-0.0687 0.1230
-9.8741 -10.1228
-5.6770 -10.3302
-0.7870 -9.9283
-0.2728 -9.7405
-8.7818 0.0265
0.7681 3.4375
0.5757 0.7441
0.2442 -1.6703
-3.5777 -9.3716
7.8217 0.2390
4.1521 -9.6070
0.3456 -1.6951
-1.8644 2.1746
-5.5855 7.7324
0.1842 -0.2510
-8.9850 -0.8919
0.1425 0.0483
1.2017 0.2785
4.0616 4.3646
-0.2871 -4.3771
0.8750 -2.7881
-5.2595 3.9113
-8.4430 7.7041
3.9453 -0.5780
4.1447 3.5890
-0.0559 -1.2551
-7.9051 0.3327
-9.9931 0.0076
1.5263 -10.4314
-10.4817 7.6489
4.0903 3.8784
-9.5970 4.1353
3.9755 0.7772
3.9706 4.3535
7.9473 -4.9491
-5.3444 -3.3711
4.0472 -0.7307
3.9181 -0.1946
-10.3250 -3.1123
-0.4267 -0.2486
1.4731 0.7041
1.2389 -10.6301
-1.1218 -4.8070
3.9186 1.0393
-6.4919 0.9576
-0.9537 -8.6525
0.1378 -3.6240
0.4444 -10.6425
-6.0270 4.0722
0.8148 4.1571
4.2373 4.2243
-0.0285 -0.7757
0.4302 0.2521
-10.4170 -2.7117
-9.3316 3.8408
-2.4525 0.0315
-9.0914 0.2430
0.0296 -6.2530
7.7053 -3.9220
-2.1189 -0.0575
-7.3733 -7.7982
4.1568 -2.4275
7.8475 1.1963
-7.0392 -4.2447
-0.8728 -8.9905
-9.2643 -0.8806
-0.2104 -9.7215
-9.1127 7.7807
-11.0196 -10.9908
0.2501 -9.8978
0.4072 -9.0952
-9.3742 1.3342
0.4766 0.5463
-8.9350 4.2156
0.3085 -2.8463
0.0921 0.3822
-8.6832 4.0953
0.5606 -8.8593
0.5456 -1.3390
-8.5662 -2.5971
-10.7409 -0.2345
3.8899 -4.2511
3.8419 -1.9865
3.9517 -3.7259
4.0354 4.2673
4.0347 -8.6889
-3.4508 -2.9815
-0.8695 -0.2544
4.0327 -8.7291
3.8102 -1.9949
-9.5507 -0.2556
0.8672 0.5340
-9.4320 0.0987
-9.3677 -3.3845
1.5658 7.6627
-1.8129 -0.4666
-4.1274 4.1543
-0.2441 -4.2701
3.9393 -8.0186
4.1422 -2.8994
-9.1910 -1.0860
-0.6395 -3.0778
0.0187 -7.6819
-3.3532 -2.7149
1.1293 -4.7465
0.3984 -1.5130
3.8470 3.7426
1.0713 0.0803
4.1942 -1.1155
7.9016 -0.4863
-9.9851 0.0902
3.9133 -0.8920
-3.2140 4.2021
0.9678 -0.3099
-0.5159 0.2386
7.8866 4.1948
-8.9005 -0.2754
-0.4340 0.6007
0.2909 2.8635
-1.4274 -1.9563
3.9048 4.2570
3.9637 -0.6138
-8.4402 -10.2106
-10.5285 0.2526
-3.4291 0.9095
-0.3361 0.5080
-3.6303 -4.8949
7.8966 1.1714
-10.0638 -0.7421
-9.6901 -0.4378
-0.4311 -0.9308
-3.7565 4.0931
3.7691 -8.3582
-5.2652 -7.2317
-0.2134 -1.8398
0.3351 4.0208
0.1055 -0.4195
0.0319 -9.1687
-9.7590 -7.5492
-0.3491 4.3178
3.8574 -0.0910
-0.7045 1.0520
-1.9770 -0.3499
-8.7233 -5.4434
0.0651 -8.3939
-6.6292 -8.8117
-8.5902 -0.2384
-3.4093 -1.2558
-0.5626 -10.0701
0.2937 3.7808
0.7911 -0.7598
-7.7286 -0.6794
-0.4187 -9.3064
0.3171 0.0530
4.1102 -0.0209
4.0210 -3.8207
0.3252 -10.0333
-1.5416 4.0221
-8.8682 0.5542
-0.1782 0.4807
-10.5522 -1.6855
-0.1148 4.0222
1.2887 -5.6340
8.0911 -0.5373
-0.6484 -0.5055
7.6281 -4.3884
1.3528 -3.3378
7.8254 -4.7894
3.9972 0.2455
4.0793 -0.4142
0.2821 0.6395
-9.0592 -2.9408
4.2785 -10.4124
-1.3704 -2.8595
-9.0056 0.5625
0.2526 -0.3082
0.2880 -10.7515
-11.5601 -9.1765
1.4184 -10.1569
-0.1466 3.8974
-9.3416 -3.4037
-1.5099 -2.4082
0.9942 -8.4428
-0.2575 4.1234
1.6973 -2.5539
2.3033 -5.2828
-6.1697 -0.0019
0.4834 -0.5029
-2.5251 -0.3530
-3.8532 0.5077
0.0474 4.0152
4.1238 4.1278
0.7887 -5.6220
0.2628 0.6507
3.9815 -3.6776
0.4576 -0.8625
-7.4415 4.0821
4.1775 -5.0596
0.8734 -0.3011
7.7833 -0.0367
0.0166 -9.8822
3.8034 0.4267
-4.4055 -3.1757
4.0738 1.6810
-11.9492 0.0694
4.0630 -10.3343
4.0496 -3.0357
-10.4387 -2.6085
-8.1928 7.9708
1.3095 -5.5893
-10.7048 -0.4720
-0.4326 -4.6527
4.0257 0.4095
4.0808 0.1147
1.4033 0.0139
-11.7383 -2.7310
7.9173 4.0489
8.0955 0.5904
-0.1780 0.9883
-5.0270 -3.1691
0.0474 -5.6862
-11.5644 -0.2275
-0.6871 -4.3487
-7.5148 -11.0326
4.2907 3.8273
-8.6480 -8.7675
4.3594 -0.7635
-9.7593 0.6655
-9.7562 -0.1578
3.9014 -9.4628
-11.7295 -4.9212
-0.7773 -9.4702
-4.0277 4.0438
7.7149 4.0111
-9.0331 0.5450
-5.9812 3.8987
-0.6762 -6.5516
0.7520 -0.5855
-3.8865 0.5972
0.0506 7.7578
-8.8956 1.0400
7.9824 -11.3546
3.9475 -2.6463
-0.6680 -3.9499
3.7276 3.8495
-0.2147 -0.3204
-8.8035 4.0588
0.0440 0.1563
-5.4859 -4.8302
0.9242 -0.4721
-2.1197 -0.0256
0.6523 -10.8686
-0.3513 -1.5132
4.1275 0.1464
0.1133 -1.9435
4.0110 3.9046
-2.7462 0.9133
-10.2739 1.1757
0.3656 3.8062
0.6101 -3.1319
-8.5371 4.0991
-3.0431 -0.1519
-0.2149 0.3180
-0.4271 -4.7346
-3.0066 -0.5883
0.4578 -9.1585
0.1438 -4.4734
-9.8342 -4.7460
-0.3476 4.0603
-1.5562 -3.7986
-9.9256 -2.4176
-1.8066 -1.7060
-0.5733 0.3570
0.1016 -12.0599
-1.7738 0.5768
-0.1778 3.7247
0.1163 0.5540
-8.3681 -11.3967
7.7133 0.1462
-0.1577 -0.4151
0.5860 0.2409
-4.2221 1.3374
0.1021 0.2820
0.7514 7.9256
-3.2296 0.1065
-7.7524 0.4968
-0.6598 8.1436
4.0303 -9.8043
-8.7318 0.1658
7.5958 -2.7320
4.1531 -8.9205
3.5286 -0.7812
0.2705 4.2640
0.2959 -10.3008
3.9777 -0.9079
0.0140 0.3212
3.9451 -3.5556
-8.6239 3.8813
-0.1197 0.2788
0.2721 0.0752
-0.4302 0.8655
-10.1888 -0.5328
-10.6175 0.4956
7.6915 -0.0387
-0.1637 0.2693
1.1864 -1.0616
-7.5550 -8.7075
1.6627 0.6684
-3.1470 -9.8358
3.9574 4.1092
-11.2119 -4.3164
0.0572 -0.0141
0.4975 0.4339
7.7142 -0.8199
0.0181 -3.9655
-0.1262 -3.4614
-5.4693 0.3247
0.5519 -7.1279
-4.6329 1.3805
-3.1432 -0.6255
-7.3718 -1.5587
0.4959 -9.7488
-1.9522 -10.9938
-2.3851 0.3651
-10.4712 4.1737
1.0235 7.9644
-11.7232 0.6081
-0.3040 -0.2501
-3.1324 0.0385
3.8832 -11.6608
3.9888 -5.7618
-3.5960 -9.4237
-3.8973 -8.9338
0.3070 -5.4037
4.0804 0.5306
-7.1849 -2.3089
3.7809 -9.9655
-9.0924 -8.8352
-9.6734 0.4361
1.8260 0.2864
0.8735 4.0410
-2.9767 3.8451
-10.7012 7.6958
-0.1174 -3.0866
0.9112 -2.5454
-10.2802 -0.7225
-8.8408 -0.0968
4.1625 0.3374
4.1055 -10.6760
-8.5420 0.0466
-4.3554 -4.2491
-0.1512 -0.4753
-5.2984 -0.4901
7.6809 -8.7528
4.2068 0.6024
-7.2099 -9.1153
-3.0115 1.2114
4.0757 1.0687
-2.3969 3.9995
-0.3177 4.3258
0.2754 -8.1206
0.7912 4.1332
-1.5767 0.4218
0.1118 3.9369
-8.6514 -3.5559
-3.6124 -0.3516
-8.1483 -0.0290
4.3764 3.8147
-8.4741 -10.1466
-0.3752 -4.3285
-9.1006 -11.9804
-0.7396 -0.2693
0.3819 0.0033
-0.1903 7.7365
0.3025 0.5975
0.8163 4.0302
-2.5518 -0.5227
-3.4100 -2.4960
-12.8688 0.1165
-0.4192 1.3598
7.7726 -10.1324
7.7688 0.3303
4.0157 3.8145
3.7278 -7.9576
0.9419 -8.1813
-0.0381 -7.7872
-7.7670 0.9623
4.2027 -9.1183
0.8503 0.0308
0.2694 1.2382
-0.0034 3.8000
4.0821 -1.5741
-2.1128 -8.5397
4.1051 -2.7663
-8.5481 -11.6917
-5.0180 3.7523
-0.8661 -3.2608
-10.1505 -5.8704
-7.8695 -6.8987
-1.6993 7.7224
-1.6192 0.8161
-10.8483 -1.0714
0.4706 7.8300
3.8268 4.2418
-11.4529 -7.5028
-1.4734 4.1061
0.1151 1.2475
-3.8983 -4.8160
-0.0477 -1.6317
-10.0618 3.7433
-0.1712 -9.0144
-12.7640 3.9621
-0.1280 7.8681
4.2183 0.4529
4.1737 -6.7905
-4.2372 3.9985
-0.0143 -4.3304
-6.6231 -0.7848
-1.8789 -1.1979
-0.1676 0.0496
-0.2838 4.1894
3.9659 -9.7496
7.8240 -8.9101
-0.6230 1.5634
-6.1509 7.8903
-1.8421 0.6798
0.0938 -2.6289
7.6734 -4.9357
-0.2433 -9.9967
-11.5803 -5.6251
-0.7234 7.8653
-8.9099 4.1773
-9.5997 7.9562
0.2309 1.7567
-9.1916 -0.1985
0.5344 4.0917
3.9791 7.9539
0.5492 -8.3808
4.1336 7.8268
0.5319 -3.8148
4.0075 -2.5922
0.1024 1.0476
-0.9069 0.7779
7.9281 3.8550
7.8150 -10.8962
-0.8161 4.1251
-0.4225 -6.3702
3.9480 0.9326
-3.8029 4.0056
7.8307 -2.7934
-0.5033 0.7653
-6.7698 3.9650
0.9636 8.0187
-0.3488 -9.4657
-9.4461 0.5846
-7.4199 -11.0486
1.2451 4.1823
-4.1681 0.1186
3.8086 3.8344
0.1883 -1.6749
4.0901 4.0904
-4.8440 0.2815
3.7050 1.8083
-8.0395 -5.2600
-0.5934 3.8025
-1.1856 -3.3189
-9.6922 0.7395
-9.4235 -9.5908
-10.8534 0.0521
-0.5977 1.0651
0.4502 -7.8952
-9.2617 -10.3077
3.9882 3.8973
0.0781 7.8017
-8.6056 0.4414
-0.6148 -4.7877
-9.5858 -0.0887
-9.5114 -9.5429
-4.7737 -11.0225
0.1002 3.9304
-1.6899 -10.6377
-10.4884 -3.9736
0.6303 -0.3269
0.1216 -3.6239
-2.2317 -9.9486
7.5891 -0.8420
0.0196 -8.9674
-1.9449 0.9113
-2.1551 -0.5852
3.9216 0.4770
-0.0230 7.6315
8.0776 4.2174
0.2373 1.1980
-8.7264 0.9310
4.0038 0.2674
-8.7820 0.6123
0.2044 7.8088
-8.8173 -6.6751
-5.6798 -4.4811
-2.6646 1.3048
-9.4721 1.6753
-1.6745 -10.1432
-0.1603 -7.9661
4.2249 -8.9163
-0.4185 -1.7126
-9.0238 -0.1966
-9.3891 -0.4192
0.8501 -12.4381
-9.2373 -0.8695
7.8355 -2.6750
4.0541 -2.8035
-0.5056 -3.6155
0.1496 -0.0246
7.8443 -8.7042
3.9315 -0.4460
0.3120 -2.2956
-0.1125 -1.5162
3.8219 -8.5670
4.2531 1.3197
0.2515 -0.0504
-9.6373 -0.4258
3.9544 0.8672
-3.2107 0.8693
4.1354 0.2444
0.6332 -11.3300
4.1369 -1.1207
-1.1127 3.8601
-1.0178 7.6425
7.6290 0.8585
-8.2290 3.7791
-11.8076 1.8033
7.8170 3.7891
-2.4953 -1.6745
-3.8796 -4.5077
-9.1565 -0.4956
0.1602 0.9825
0.0867 -9.9304
4.1251 -0.4977
0.6142 -4.3207
0.7961 4.0928
3.9798 -1.6609
0.0510 -8.7405
-8.7434 -8.6372
-4.8694 -8.8068
-2.5367 -4.4924
-0.2315 0.6087
-1.4760 -4.1475
-6.1258 -9.8220
3.8509 -2.9607
3.8212 0.9304
-3.9076 3.7807
1.0556 -0.0843
-4.2074 -0.0096
0.6724 0.4580
-9.7912 -0.0443
3.8964 -11.0526
3.9470 1.1818
0.5730 4.0296
-4.2380 -3.6280
-3.3899 -10.2191
-10.3027 -0.4972
-3.8554 0.3719
-2.0763 0.6533
-8.6658 -3.1532
-9.5496 3.9727
-4.6940 -0.0675
0.8174 4.1651
-0.7254 0.0898
4.0073 -8.4848
-8.3724 -2.9573
0.2067 1.4728
-0.8242 4.1608
0.1467 -1.1790
0.0717 -7.4046
0.4980 -9.9084
-3.8468 -11.4381
-2.7535 -5.3392
0.1202 -9.7848
-3.5910 -3.6159
-8.8549 0.0586
3.8053 -10.0894
-3.2427 0.0810
-2.4990 0.1625
-6.0857 0.1320
-0.4233 0.0335
-0.2278 -10.2010
-8.3456 1.2893
1.2403 3.9531
0.0180 -2.7218
-0.3885 -0.1431
0.6838 -6.7112
-5.0778 -8.9154
-9.1570 -1.1483
-0.1146 -9.8559
-10.2566 -0.9452
8.0031 -4.7629
-1.4314 0.8886
7.7187 -2.9700
-8.8730 -2.2482
-0.0664 0.7055
-10.4536 -8.5606
-5.6423 -8.3750
0.4830 0.3404
0.2576 -3.6264
-10.3672 1.2188
-0.5263 1.0006
3.7977 -7.4084
0.1686 -8.0019
0.7080 -0.2840
-0.2006 0.1798
-2.3731 4.0805
3.9574 -4.0323
0.3430 -0.7377
0.5025 -0.1790
-9.3513 -1.9289
-0.7500 -5.9380
-3.1769 -3.1589
-0.9179 -2.8584
4.2440 -7.3717
-0.2221 -2.2796
3.9728 -5.6891
0.9226 -9.1569
0.6550 -0.1273
3.9453 0.6496
-0.5194 -8.5591
-2.1836 -9.1545
-1.2697 3.9425
0.7401 4.1267
-0.2997 -0.4112
1.9969 -5.0770
0.2032 -0.4178
4.0299 -11.1001
0.4985 -1.6713
0.6395 4.1903
-6.1912 -9.9608
-4.0233 7.8573
-0.0507 0.2236
-0.2521 0.2103
4.0344 -11.3055
-9.4645 -3.3183
-5.2019 -5.3131
0.4516 -1.3525
0.9984 -9.1676
-7.5502 -3.0230
-0.0047 -5.8240
7.7538 -0.0870
-0.5965 -8.7913
0.2833 -0.0957
0.1255 7.8030
-3.0481 -3.0672
-0.8374 4.1012
3.9970 -1.2933
-1.2234 -3.2102
3.9305 -2.5049
-9.8842 -9.7404
-7.8014 3.8461
0.1708 3.9646
-5.2682 -7.7182
4.0243 -9.0719
-5.6662 0.3452
-8.9683 -9.4342
-2.2473 -0.3422
0.5044 -2.3095
-0.2287 -0.3377
-8.9593 -2.8991
-8.7519 -2.1854
0.0936 4.0725
-3.1709 0.7050
-10.9873 -1.9599
4.0453 -3.0416
7.7935 3.7889
-0.0874 -10.3027
0.0629 -5.7390
-3.4852 7.3541
-0.3262 -2.2097
-8.2504 -9.6849
0.4314 -12.6232
-5.7802 0.2449
-7.4270 -2.3537
0.0666 -8.6495
7.8032 -10.3438
-4.6446 -0.5147
4.1942 -10.0388
-3.4251 0.6819
3.8257 -0.0370
0.0600 4.0943
0.0254 -0.0851
0.1891 0.4491
-10.2269 -0.3113
4.0829 -7.6283
1.0471 1.6676
-9.7659 -0.1213
-8.2194 0.0325
0.5739 -7.1923
4.0512 4.0265
-4.5838 -0.7485
4.0833 0.7841
-10.4813 0.6407
0.8700 7.8785
8.0860 -6.2809
-7.8542 0.7525
0.3482 -0.6585
0.3070 -12.0923
-0.4754 4.0741
-8.2718 -9.1269
4.1607 0.4583
-8.3024 0.0765
0.3797 -2.2406
-0.8489 3.8240
4.0968 -8.8303
0.8979 -7.3515
1.1710 1.6638
4.2287 0.9557
4.0935 -9.9253
0.4360 3.7891
-0.2589 3.9473
-11.2701 -0.5496
-1.7043 1.5419
4.2966 -9.9000
-10.4511 -0.3092
0.7261 -1.5558
0.8630 0.0005
-2.4385 -9.0797
-10.4507 3.7149
-9.2813 -8.6304
1.1567 -0.2797
7.9998 -0.0390
4.1784 -8.9688
-0.7918 -10.0922
0.2345 -3.2278
-11.4414 -4.6785
-11.6874 -5.0918
0.8336 -3.9311
-3.4877 3.8048
-11.5760 3.8934
4.0315 -10.7323
1.2829 7.9908
-9.3615 1.0527
0.5535 7.5908
-0.9224 -8.8204
4.1627 -9.8466
-9.2016 3.9563
2.2159 -0.2555
-3.3426 -2.0560
0.0198 0.1924
0.8036 -0.4031
-5.5553 -1.4802
-0.0646 -0.5899
-1.1753 7.7821
-12.3867 0.5966
-1.6355 4.1193
7.8803 7.6595
-0.4170 4.2709
4.0075 -0.9739
0.2892 1.0645
-4.4434 -3.3487
-1.0289 -9.6424
0.9925 -11.1995
-2.4905 -4.5637
4.0192 4.0388
0.0326 0.0526
0.8911 3.8199
-4.4831 -5.4694
-10.8302 -5.7982
1.0383 -9.4337
-10.6428 -8.3585
4.0714 0.5204
-1.3100 -7.8342
-0.5743 4.2869
-2.3331 3.7925
-0.3981 0.6018
-6.0959 7.9889
-5.2985 0.6417
-10.5374 0.1740
-9.8201 0.6906
-3.4733 -8.8039
-10.6712 -5.1206
-0.8479 -2.9178
0.1884 0.3333
0.2612 -1.2288
0.3437 -8.9915
0.6203 -0.1280
7.9496 -3.0814
-0.2527 -3.0289
0.0297 -4.6938
-5.0464 3.9485
0.3456 0.0629
-5.6278 -2.9450
-2.6275 -2.5259
-8.9580 0.9007
3.9556 -1.3207
0.3953 -1.0092
0.2618 3.9553
7.8830 -0.2118
-3.1189 1.0235
-7.2236 -8.5591
0.5643 -3.8988
-1.6249 -0.4677
-10.1528 -8.0753
-0.6464 -0.8386
0.7726 -8.9616
4.2379 0.0074
-0.2213 0.7954
3.7434 0.1586
-10.2954 -5.4355
-3.1463 -2.3254
-0.2556 0.4813
-11.3560 -2.6902
-0.3758 0.5609
-3.3042 -0.4978
-7.9674 -3.2125
-8.3194 -7.4555
4.0254 -4.3962
-1.2692 -0.2397
-1.0748 -4.9785
3.9794 -7.8849
-9.6431 -10.3209
7.7770 3.8026
3.8246 3.8829
-9.5372 0.4045
3.8185 -0.1725
3.9988 -9.3301
4.2602 -9.7341
4.0158 0.8399
-2.9792 -8.3134
-1.7254 -7.1200
0.2665 -7.5691
3.9351 -8.5483
7.6622 -9.0468
-10.4967 -0.4015
1.3357 4.0896
-0.7201 -7.6106
-8.1613 0.5307
-3.3949 -0.0197
-8.6917 -9.2802
-0.3458 -0.1668
-0.2465 4.1480
-3.0684 1.2746
7.5476 -4.6305
-9.2821 -6.1593
-4.4187 0.2374
-10.2141 0.0976
-4.7308 7.8497
0.2510 0.1296
-0.8602 -0.0788
0.1144 4.0918
4.2524 -1.4967
-1.3738 -9.7212
0.0551 -4.5077
-0.1475 0.2277
0.9605 -0.8215
-2.8820 4.0294
-9.9838 -8.6231
-0.1476 7.6904
0.8757 0.1342
-1.5066 3.8050
-0.0260 1.2310
0.0732 -0.0239
3.7939 -0.5653
-8.6950 7.5524
0.0681 -0.6221
-8.9576 4.1487
-0.1942 2.1318
1.0917 -9.9035
-0.0355 7.7068
-0.8841 4.1795
0.2132 -1.2771
0.7715 -4.7751
4.0342 -8.6693
1.1592 3.7977
-9.0237 2.0115
4.1116 0.3169
-0.3841 -4.0745
-0.0877 -1.4744
0.6727 -8.3635
-4.4962 0.5010
-0.4702 -3.9083
-0.3683 -10.5437
0.1227 -0.3595
0.0276 8.0121
-3.2363 -0.2905
-5.5262 3.9776
0.2605 -2.9727
-3.0795 0.3538
0.2544 -0.0136
-7.9842 0.0857
-0.0952 4.2279
-9.5150 -10.8147
-5.8589 0.0598
-10.5082 -6.1354
-1.6280 -0.1272
0.3720 -3.4893
-10.3551 0.1073
-0.0455 0.1465
-0.7352 0.8000
-4.8492 -10.3628
-0.3530 -6.9563
1.0222 -9.6070
3.9724 -0.7606
-6.8182 3.8814
-7.9673 -3.5016
-1.2056 -1.8058
-0.0413 2.7188
-7.8383 0.1536
-3.7530 -7.5688
-3.5896 -1.0199
0.8527 -10.6289
-2.4531 -0.1180
-1.0177 -0.7175
0.3536 -8.2124
-0.0352 -1.2391
-1.7164 0.4684
0.7653 0.1091
-0.9627 0.2387
-0.0047 -9.0928
-10.0161 2.5237
-1.1626 -11.1734
-5.7858 -0.1141
-5.7996 0.7654
-2.2769 4.1273
-0.6564 -0.0546
-1.6211 0.6749
-0.0963 -0.0090
0.0857 -0.4329
3.8668 3.9649
0.0225 3.9603
-4.5454 0.1872
3.5749 0.4404
0.9329 4.1914
-0.8485 -5.9250
-9.7964 -8.3109
-0.0272 -0.7729
-0.8915 -6.3379
0.5794 -10.8373
-2.9926 1.0756
-7.9961 -0.7505
-5.6906 -7.8788
-0.9914 0.2381
-8.8583 -4.9999
0.7235 -4.8594
-5.5431 3.7865
-1.9240 -7.5777
-8.5589 4.0612
-2.9311 2.0723
-2.2546 -9.1372
-3.3552 -9.3468
-3.1178 3.9783
-4.5350 7.5926
-9.0724 -8.5766
-1.1014 0.7681
-8.7869 -0.0407
-9.0086 0.4734
-9.1439 -3.5452
-8.5260 -4.5486
-9.9854 7.8117
8.0020 -0.2464
1.5234 -1.9318
0.6112 3.8502
-9.9181 4.2756
-0.0829 0.3917
-9.4062 -4.2535
-0.1017 -3.5849
3.9564 -0.3016
0.4657 -8.6640
-4.1245 -2.6276
-0.9153 0.9924
0.9397 -0.6621
-8.9867 1.1588
0.6634 -10.4054
-0.7146 -0.9706
-8.9276 0.1001
-0.0025 0.8590
-4.7917 -0.4977
0.9384 0.0319
-6.9281 4.1357
-9.4993 0.4627
-0.9263 -4.2079
1.7717 4.3367
0.2107 0.5758
-9.7077 1.4232
-10.4060 -0.2555
-7.6628 0.0416
-0.5716 0.0955
-8.2377 0.9507
1.3762 7.6361
1.0502 -9.2571
0.1114 -0.2484
-7.7829 -0.0444
3.8757 -3.4973
3.8975 -2.4251
-10.6334 -3.4217
-0.2098 -11.1703
4.1503 -0.4214
3.8209 -3.8682
-2.3353 -10.7844
3.9992 7.8495
-9.6241 -9.1219
-2.3052 0.0208
0.1813 7.6813
-5.1421 -5.8892
3.6541 -4.8766
7.7713 4.1351
4.1997 -4.7846
0.0145 3.8681
-6.6295 1.4507
-3.1494 -11.2487
0.6569 7.6951
-10.1731 1.1326
-5.1075 4.1095
-12.2625 -9.0472
8.0812 0.0078
0.4258 0.1761
-10.9532 3.8875
-0.1423 -4.2898
7.9154 -0.3312
-5.8446 1.4991
-11.2204 0.2841
-0.0211 0.2861
0.6274 -1.8052
-5.4231 -0.7538
0.4614 -4.9970
-0.2465 0.0073
-2.3638 -12.4224
-7.9751 -0.1442
-6.4910 3.9705
-10.5091 7.8456
4.0212 -9.1860
-6.6268 1.3559
-4.8193 3.9387
-4.3151 1.6261
-0.9019 -0.3019
-10.3685 -9.0840
-0.4914 3.8021
-3.9181 -1.5822
-0.4751 0.5239
-2.3224 0.6816
-1.7360 -1.3894
-1.4854 7.6691
0.3085 7.6468
0.3772 -10.0174
-2.1649 4.1906
4.3241 3.8884
7.9730 -8.8517
-0.4532 4.0190
4.0271 -3.8408
-11.4833 -8.2834
0.3555 4.2156
3.7471 3.8589
0.1474 -9.2278
-2.8727 -3.5508
-0.7686 7.5564
0.4208 -4.0478
0.3914 3.9529
-11.2805 -9.8317
3.8612 0.6128
0.1075 -0.4160
-5.4242 2.2278
-9.7086 -2.7095
-3.6407 0.5203
-0.6685 0.7426
-1.0244 4.0775
-2.5496 -0.1748
-8.7702 -10.1277
-9.4760 -1.2992
-3.3652 -7.3820
-3.4371 -0.5402
0.5393 0.8485
0.4368 4.0155
0.6625 3.7185
-10.4526 -8.4806
-0.8077 -5.1498
-2.9923 0.6123
3.7944 -3.7260
0.1323 -4.6595
-3.5601 -0.0689
3.9763 3.7224
0.5741 -9.1840
3.7762 -1.6994
-2.5429 -9.4670
0.5242 -0.0105
1.4020 7.7367
7.9235 -3.6462
-0.1496 3.9668
-5.6141 0.5127
-2.8481 1.3149
-9.8626 1.0186
1.5713 -0.6235
-7.9990 -10.0738
-3.3992 7.5110
3.8896 -11.4081
1.4746 0.3157
4.1547 -12.8118
-2.2918 -9.6650
4.1246 4.3026
0.8686 1.0524
8.0350 1.1267
-0.0002 0.8809
3.9038 -8.9041
-11.0228 -9.9063
0.6987 -11.6571
-1.9897 -1.2156
-9.9790 -1.5047
-2.3741 0.5127
-4.5213 -6.7959
4.0374 -10.6699
-9.0612 -7.7837
-9.8846 -7.0787
-1.0339 -1.9572
-0.1734 -0.0382
-2.1416 -1.0041
3.8841 -0.9023
3.9836 0.3271
-0.8290 3.9920
-2.1938 -3.3195
-0.2981 -3.8414
3.9475 -10.4571
-9.4088 -1.1178
-8.4892 -11.4673
0.4436 4.3142
-9.5579 -2.2361
-0.4064 -5.0917
-0.8380 -9.7689
4.0095 4.1182
0.8725 -0.4039
0.3284 -10.6810
-6.8913 -0.9395
-0.7888 -6.5772
3.7040 3.8798
-5.3342 0.9105
-10.2590 -8.9717
0.3188 4.1167
-10.3789 -0.0889
-6.7648 4.1202
-8.9184 3.7129
-6.6084 -2.2912
7.8591 -9.7151
4.0498 -3.2846
-10.0983 -4.2016
0.4286 -3.4979
-11.3132 4.3159
-5.4981 -9.7392
-0.6543 -9.6845
-10.2086 -3.4362
-2.5545 0.2001
-9.7783 2.8453
-2.5955 -3.1393
0.7207 7.9887
-0.4069 -8.4792
3.9185 4.0084
4.3538 -0.9316
-0.1892 0.9495
-2.2511 -0.1125
-0.8590 4.1656
4.1071 -5.8235
7.5351 -4.3426
0.0198 -0.6454
0.6386 -0.5450
-4.7818 1.8651
0.1770 -6.8014
0.0589 0.0431
-8.4674 -0.2120
-10.6390 -0.4593
-5.8033 -9.8913
-2.7946 -5.0573
-3.7871 -4.7306
-10.8008 -0.0026
0.0447 4.2045
-3.4970 0.3610
3.9658 7.8464
-2.4222 -8.5431
-8.4856 0.2109
0.5859 -4.6185
0.6790 -10.2072
0.0147 -4.7784
-2.7458 -2.4231
3.7953 -2.8927
0.9173 -0.1417
-5.9567 -3.8063
-0.1226 -3.7112
-1.0421 -2.4921
7.7263 -8.1148
0.4579 -0.0863
-9.5812 7.8717
-0.0662 -0.1866
3.9392 -8.8565
-2.6905 0.6476
-10.7625 -5.3344
-6.3423 -7.9713
-9.8830 4.0986
4.0073 3.8422
-11.7960 -0.2034
0.8354 -10.5369
3.9291 3.9832
-4.4238 -8.2361
-3.4077 8.0132
-2.2245 -3.3314
-4.3498 4.1180
-4.8216 -5.3745
-0.5395 -4.1352
-1.8348 -2.0752
-3.7889 0.3514
-1.1879 -6.1129
-1.9584 -4.8406
-4.4372 -9.0584
0.9194 3.8623
-8.7983 7.7251
0.2816 -10.7964
-10.4487 -0.2004
-1.0261 -0.9334
0.3782 -7.5418
-10.5519 -2.2634
-0.0410 -0.1564
3.8625 3.8649
-0.2489 -10.5109
-1.1198 3.8235
-0.3947 0.6094
-1.3394 -11.5182
0.1054 1.1542
-0.6270 -0.5919
8.0583 -7.8411
0.5281 -1.2162
-5.2456 -3.5219
-1.3880 -9.7382
-1.8680 -3.1458
0.2674 2.1106
-0.3649 -0.3251
-0.5526 7.6789
0.5817 -0.0055
-10.3678 -0.1325
0.1651 -1.1779
-6.4692 4.0203
7.7762 1.1554
-9.4893 -10.1790
0.6418 4.0571
-9.9159 0.4019
3.9578 2.5498
3.8076 4.0631
-9.1060 3.9972
-8.8766 -10.9730
-10.0937 4.1896
-5.3821 -8.0374
-8.9452 -7.8415
-0.4834 -1.4086
-11.2518 -5.2649
-0.8689 3.9536
-4.3779 -8.7974
-1.6999 0.5652
-11.4584 7.7574
-8.1498 -1.4260
-11.1196 -0.2279
3.8681 0.2910
-9.8486 4.0277
-11.4995 -10.8062
0.7973 -8.6463
-0.2908 -8.4514
-0.2372 0.6953
0.6562 -10.7027
0.5454 0.4924
0.0296 4.2158
1.0380 4.3854
4.0305 0.1236
-2.1559 0.2253
-7.0801 4.0132
-10.4144 4.1380
0.9781 7.8808
0.0434 -0.1081
4.1235 1.1082
3.8642 -9.7137
1.7410 -0.3523
-4.8255 -6.1951
-7.8469 -10.4262
-9.1120 3.9085
0.7788 -8.7009
0.3788 -11.1212
0.2665 -1.0188
3.9992 -0.3569
4.0731 4.3287
-0.7197 0.8466
-7.6914 4.2743
-10.7458 3.8404
-10.2840 3.8556
4.2357 -1.2440
-10.3421 -9.5188
3.8960 -3.5277
7.9083 0.3620
0.4916 -8.2017
4.0989 -0.4225
-3.6626 0.4517
0.2470 0.4774
-2.9323 -4.8488
3.8435 1.5750
-0.3705 -0.7417
0.6429 -0.2075
0.2644 -0.0638
-10.1525 -3.6442
0.8706 -1.2536
1.1019 -0.3663
4.1236 -7.3205
0.2207 0.0851
0.4889 -3.3749
-0.1239 -2.0033
0.5094 0.7958
0.4888 4.0250
3.7071 -10.7340
7.6425 0.0519
-0.1055 0.8407
-3.0108 8.0801
-0.8087 -6.6711
-9.8960 0.5238
-3.3000 1.1462
-0.2898 -4.4158
3.6900 -0.2696
3.8071 -9.1502
-9.2812 -11.5128
-5.9096 3.8092
4.0185 3.7463
0.2276 -0.2497
-9.1731 0.7257
0.0207 -1.6966
-2.7358 4.1290
-3.4461 -9.1613
0.9864 4.1729
3.7844 0.1558
3.8946 3.8508
-8.8871 1.5977
-7.7675 0.1727
-0.7998 -9.9020
-10.2293 -3.5558
-2.1190 -0.8989
-0.9305 -0.1330
-9.5764 4.0965
-0.5919 -9.2603
0.8871 -1.2766
-6.7073 0.6192
-10.4235 -0.0705
-7.6704 -2.1475
0.9866 -0.6177
0.1196 -9.8162
-2.2666 -9.8599
4.0312 -1.0051
1.1513 -7.3769
-11.0083 3.9121
-10.1410 -0.0579
-0.2317 0.8993
3.8225 3.9592
-10.1799 -3.1669
-5.5376 0.0247
-4.8393 -9.9184
-1.3976 1.3639
3.8816 3.9943
-4.5557 0.0717
0.6531 0.4854
-10.4718 -0.9366
-9.7980 0.0398
-5.9436 -3.5449
-0.3800 -6.4596
-0.8906 -9.5501
-8.9609 0.8105
0.5907 -0.4336
7.7139 -8.0872
4.0653 -8.9452
7.7143 -0.1126
0.7829 -11.9800
-8.2823 -3.0022
-10.0091 -0.4001
-10.6412 4.2308
-0.9323 -2.8575
0.6600 -9.0717
-2.8642 1.8370
0.8943 7.8526
-4.8275 -3.9206
-10.1277 -9.5408
-10.9218 4.0016
0.3464 3.7692
-8.8227 3.8614
-3.7897 1.1606
0.1290 4.0805
-8.6474 -10.5927
-0.8282 1.3206
-2.0538 -10.8357
-1.3243 -11.1703
-0.3210 4.1237
-0.0786 4.0966
-2.9181 0.4470
-3.7586 0.7231
-0.4748 3.7963
-0.0028 -7.5179
-4.0421 3.8421
4.1049 -3.9247
-1.0884 0.5809
0.1487 -0.6165
0.9639 3.8537
-0.2861 7.7237
3.9612 1.1864
-0.3621 -7.9265
-4.5507 -5.6999
0.4450 -8.3889
0.8783 -2.1256
0.6617 0.3934
3.7062 4.1673
-9.5870 -4.2504
-11.7701 0.3147
4.2393 0.4293
3.8806 -9.7766
-7.8653 4.0710
-8.6712 -0.4112
0.0523 -4.7851
-0.3734 -8.2293
-9.7550 -8.9614
4.2303 -4.8110
3.8454 0.1699
-3.3863 -9.5313
7.6738 7.8398
-4.1695 4.1664
-10.5075 -5.7812
0.0952 -7.6330
-3.9743 0.5943
-5.0705 3.8768
-2.4366 -0.1222
0.0152 -1.0574
-0.5992 -0.3142
3.8389 1.0582
-4.3796 1.0504
0.2086 4.0611
3.9379 -0.6650
0.5077 -3.1981
0.5194 -8.9144
-9.1194 1.5874
-4.2542 -2.1115
0.1143 -9.7070
0.4273 -10.7673
-0.0053 -0.3744
8.0806 4.1189
-2.1128 -0.2806
3.9653 1.2010
0.2894 -3.6139
0.6731 -1.3055
-0.5200 -8.7488
4.1696 0.0513
-9.8171 4.1214
-0.7899 -7.9918
4.1954 3.8249
1.1377 -0.3524
-9.5735 -10.9800
3.8866 -6.2432
0.0349 -8.8130
0.5145 -9.7783
-9.9208 -9.4945
3.9063 7.9625
-3.8626 -9.0420
-10.7188 1.0688
-1.2592 -1.6404
-0.9187 -11.2420
-2.8006 -4.2100
3.9892 -8.7103
0.4805 3.6437
-0.9155 -5.7768
-2.5939 -8.8572
-4.1033 -2.9716
-11.0981 -0.6224
7.8628 -3.6460
-8.8071 -6.7383
3.8731 -0.0279
1.0488 -0.2656
-0.4965 -0.0924
-0.6060 0.3674
-1.7186 3.8735
-3.3180 -2.9515
7.6720 -3.4899
-0.3262 -10.9104
-7.7309 -10.1637
-2.6057 0.1955
1.1994 0.2090
0.8806 0.9012
-7.8038 0.5022
0.4653 0.2550
-11.0938 4.0456
-2.7569 -4.7338
7.8781 -9.3671
0.1992 3.8986
0.6077 3.9137
3.9833 7.8655
-0.0510 0.0603
-8.5303 -9.0463
3.9445 -10.2914
1.3535 0.7982
0.0384 -10.0491
0.1271 4.0398
-2.7970 0.3463
-1.0874 1.2796
4.1199 4.1534
-8.5702 -9.3972
0.2837 0.1357
-9.7393 -0.9474
-7.5423 -1.0180
0.6819 -8.3424
3.8820 -4.8322
-0.7994 3.9601
-0.5408 3.9733
4.3778 -9.1364
-1.7022 -12.0354
0.5669 -3.7051
-10.5811 0.2389
-8.8941 4.0576
-9.3562 1.3120
-10.4276 7.8731
3.8172 3.7972
1.3675 0.0476
1.0549 -4.4045
3.9896 1.3970
-6.9358 -9.7229
0.5142 -10.2170
3.9340 -0.9633
-4.0015 -8.7901
4.0564 -2.8034
-6.4370 3.8100
-9.3504 -8.0339
-1.6703 1.4677
-11.8258 -0.0503
-7.7068 -1.5991
-7.7395 -0.1023
-5.5512 -9.7104
7.8875 -10.3958
0.2121 -9.8410
0.0985 -0.3711
3.8755 -4.0720
-11.0726 0.8879
3.7639 0.9406
-11.1235 0.6338
3.9141 -3.2639
4.0403 4.0282
-7.8674 -0.1657
8.0242 -9.0763
-2.5510 0.6302
-0.5171 0.8210
-0.2802 -3.2282
-7.8917 -9.8512
-10.0236 -9.1311
3.7959 -1.8695
-0.0756 -6.7311
-8.7161 1.3900
-11.0548 -0.3100
3.9326 -0.7690
-0.1995 0.0772
0.1673 -7.1066
-8.1935 -7.9576
0.8282 -9.3465
-11.7736 -0.0365
-1.1534 -10.8218
4.3215 -8.0343
-0.3506 4.0244
0.8938 3.8476
0.4528 4.0923
-0.4194 4.0693
-0.7472 -9.6462
7.9440 -3.2844
4.0307 -6.5591
1.2235 -10.0174
4.2381 -0.2983
-2.2643 4.0654
0.1588 4.0929
-5.0505 -11.4586
-9.1434 4.1926
0.6530 -9.9420
4.0221 0.4849
-2.9837 8.2652
-10.5014 -9.9866
4.0656 -1.0458
0.5551 -11.7397
-4.4119 -0.1879
-7.1711 0.2546
-9.9633 1.2105
4.1059 -0.0387
7.8984 -4.4522
3.9993 -2.9376
-0.1751 3.9270
3.9819 -0.2473
-10.4939 -3.7024
0.8473 -9.6214
3.9989 -0.5680
0.6299 0.5816
4.0464 -0.5895
0.6814 0.3017
3.8844 4.0305
-0.3190 -9.1477
-1.9910 -9.8646
0.6490 -8.1782
-9.1350 -1.8727
0.5495 0.3357
-3.7034 -0.1986
0.5091 0.5771
-0.0456 -4.9742
-7.7761 0.3832
-1.2956 0.1801
-10.3621 -3.5333
-8.5340 -8.4961
0.0554 -9.6499
-3.1322 7.7088
-8.8239 0.6030
4.0723 -4.9128
-8.9614 -11.5937
1.3504 1.1641
0.4382 -10.4806
8.0890 0.5673
0.5457 -0.2261
-0.6732 -0.8940
4.0063 7.8155
0.8166 -8.4472
0.3487 4.1728
-11.9679 1.5409
-6.3066 0.1579
0.4185 -7.7368
4.0909 -10.8207
3.7919 -11.5140
0.9535 -2.5002
-1.8524 -0.5676
-3.2409 -8.7509
-8.8975 4.0920
-9.8701 0.4303
4.2283 -0.0302
-1.0023 1.2648
-0.7498 -1.5434
-1.9042 -0.9030
-7.6807 0.1064
-10.0749 -10.9762
-3.7769 -0.1151
-11.8488 0.1276
3.9545 3.7274
0.9642 0.7422
0.7325 3.8592
-9.4342 -2.7594
0.2033 7.7493
-8.2480 -10.1708
-4.9394 -2.4564
-0.8746 -9.0774
7.6416 4.0212
-7.5732 1.0070
0.9282 -7.2962
3.9292 -0.0684
-10.0704 -0.1754
7.6312 -9.2357
-4.6581 -0.5307
-10.7739 0.3141
-3.5610 -0.3911
-3.4028 0.5043
-0.9652 7.9033
-0.5002 0.4252
-9.1187 -0.4253
-3.1836 -11.0606
-7.7238 -4.3639
-6.0439 -0.0830
0.1516 -0.1366
-8.6565 -9.9670
-0.1283 7.6190
-8.3997 -3.3661
-11.2440 -10.0816
-7.4081 -2.2598
-0.2064 3.9835
-2.8227 7.6701
-2.0444 -5.6508
0.3699 -1.4696
0.7315 0.5551
3.8806 0.3276
-2.3586 7.8000
0.3980 -0.4578
-7.5080 -10.0488
-2.9349 0.3641
-0.8252 -0.2499
4.0663 0.1091
-11.0113 -0.6489
-7.7267 -0.6771
-3.0345 0.7540
1.0512 -6.0133
-10.7662 0.4341
0.3877 0.4664
-10.2644 -7.8485
-5.6372 0.6589
0.2964 3.9364
-0.2235 -4.0980
0.0225 -0.2150
-1.2856 3.9780
-8.5974 -8.3144
-2.1484 -3.5130
3.8897 -10.1224
3.8791 -0.1625
0.2212 3.8916
-6.0708 0.1955
1.0802 4.0975
-10.6390 -8.0672
0.7091 -5.6575
-9.5496 -3.5566
7.6441 -0.8626
0.6303 -8.7529
4.1555 3.8183
-4.8783 7.9203
0.2497 -8.9376
0.7547 -8.9505
3.8146 -11.1020
-9.2386 -1.8307
-9.8842 0.1693
-0.1725 0.1650
0.5579 7.7361
4.0158 -9.8911
-8.6154 -11.6574
-11.0747 4.0173
4.0321 -8.8336
3.7538 -4.2695
0.7721 4.0933
-9.0093 -2.1061
-11.9117 -4.4469
3.9618 0.8682
-0.3695 1.0442
-9.3787 -9.5455
-1.2311 -10.0615
-0.1335 -9.8263
-0.5676 0.6054
-10.9693 0.0136
-1.1925 7.7786
-0.2918 -0.1283
4.0804 3.9845
-3.8607 -9.3797
1.1327 0.0065
0.2369 -5.8333
0.6546 4.1905
1.0279 -8.4905
3.9506 -10.9864
4.2719 0.3804
-1.3178 3.9352
0.2545 0.5115
3.6685 -4.9170
-0.1166 -7.8440
0.6087 3.7984
0.5835 -10.6539
-4.7785 0.4504
-9.1948 -9.5741
-3.2029 -9.9676
-0.7506 -9.3692
3.8000 -6.6802
-0.2822 -0.2556
-2.5516 3.5935
-3.4388 -6.9646
0.7487 -0.1207
0.4251 -9.8106
-0.9455 -4.0232
-4.2016 4.0660
4.1082 -7.2433
-8.1611 -3.1438
-1.4406 -8.9492
-0.5848 -4.0726
-0.1283 -2.5226
3.8235 -1.0630
-0.1337 -0.6922
8.0145 7.7858
-11.9630 -9.4611
-7.9131 -8.1290
3.9174 -3.1137
-1.0288 -1.0334
-6.7651 -0.3603
4.0401 1.0276
0.7141 4.0469
0.2747 0.3295
-1.1386 -0.0660
-3.6193 -0.4483
4.3070 -8.0853
-0.0132 -4.4169
3.8320 4.3406
4.1597 7.7723
-9.4059 3.9346
0.6523 -10.7920
-0.2481 4.0087
-8.2794 4.0281
3.9823 0.1562
8.0526 0.1546
-4.5547 0.4072
-7.0348 -3.3012
7.9242 -3.6739
0.0630 3.8233
0.6559 -0.2734
-9.0103 -0.3645
-3.5620 -6.5950
-8.8739 -10.9268
-2.2709 -1.6850
-7.5564 -0.6133
0.1506 -3.1469
-10.3583 3.8318
-9.1378 -2.4910
4.0049 0.2187
8.0113 -0.5169
3.9664 7.6477
0.7630 -7.6868
-6.7319 -1.8075
-1.3502 -10.5798
-0.9515 3.8928
-2.9328 -0.0758
-5.7241 -7.5059
-7.4832 -8.6854
-9.9533 -10.8563
4.0909 1.4207
0.0648 7.6472
-12.6726 4.0306
-9.4573 -0.4889
-6.9749 0.4101
4.0501 -11.4862
4.0678 -2.7099
-0.2627 -7.5127
-0.8259 -9.9786
-0.3879 7.8579
0.6878 -1.7879
-1.2909 -9.7294
-0.0123 4.0134
-3.0709 -0.4411
-8.2911 -13.0229
-0.0481 -9.9041
-0.5878 -0.2353
1.2180 -0.6615
0.9090 -11.9901
4.2133 4.0017
7.8892 -11.2587
4.0629 4.0439
-9.1068 -0.8202
-11.3547 0.3930
-6.6744 -1.7743
-9.3022 3.9366
-3.8184 -0.3361
-0.3736 -4.9546
-0.5019 4.0831
-2.7137 -5.2504
0.6293 -1.2074
-0.8754 -2.0249
-0.3011 -9.3407
-11.2643 -6.8203
1.1145 0.9533
3.9480 4.0693
-1.2987 -9.2661
3.9157 -8.4861
-2.5483 4.0213
1.1474 3.8766
0.3073 -2.3791
3.9461 4.2949
-0.0574 -0.2637
4.0252 -0.1640
-5.6534 0.7698
-4.6496 4.1766
-0.1882 -1.8995
3.8249 3.9944
-8.1532 1.1498
-7.4353 -10.7162
0.3974 -9.2524
3.9445 -11.7743
-3.0751 -3.7776
3.7757 -2.4958
-3.1064 4.0494
3.8948 -9.7383
-10.1137 0.3431
3.9611 -0.4726
-0.2401 0.7300
0.2830 -10.3603
7.5271 -8.5222
-8.8563 4.0294
-5.7669 -3.3722
-2.7506 -2.3445
-1.8826 -9.7959
-0.5333 -0.5876
0.0260 -3.7876
-7.5794 0.1054
-4.9346 0.0510
-8.3643 -8.1100
-9.8894 1.4196
-7.6102 0.7251
-8.2321 -10.2750
-9.1338 -10.0493
-0.2867 7.9326
-13.3432 -3.7538
0.4344 -10.2860
-1.2004 0.8578
-9.4356 0.2722
-10.5815 4.1038
-0.9556 -0.3863
-0.2357 4.1215
4.0936 -0.6891
-3.4484 1.3608
-10.2847 0.6746
-10.7601 -3.0064
-8.8015 -11.9008
-0.2307 -9.3802
-2.3430 -5.9826
-0.7546 -9.9319
-5.3588 -9.2870
-5.4280 -0.3648
0.0713 4.1221
0.4102 -9.9589
-0.1064 -8.4829
-7.8652 4.0922
-7.9670 4.1394
-8.8778 0.7416
-8.2254 -8.3911
-3.5935 4.0574
-7.9561 3.9616
-10.0623 0.8075
0.8223 -1.1127
-0.1175 -2.8728
-7.5589 -1.1103
-0.6564 4.0215
-8.5629 3.9923
0.2533 -1.4249
-3.9020 0.3959
3.9808 3.9062
0.3797 -11.9472
7.8936 0.5485
7.7218 -8.8778
-5.5233 -0.2449
-0.4378 -4.0721
-0.3302 4.0592
4.0393 -9.7876
8.3342 -6.8784
-3.4338 4.0149
-9.3194 -5.3962
-3.7542 0.0960
-1.9336 -7.9148
7.7811 -9.0089
-0.0377 -3.8649
-9.0985 7.6698
0.7674 -8.2216
-10.7678 3.8099
3.9962 -0.0253
-7.9595 0.6237
0.0512 -9.2646
