5
-7.4844 -11.9796
-6.3253 -2.5659
-12.4140 -9.0234
2.9407 8.0915
-11.3517 7.9857
-6.3122 2.0983
-10.0032 -8.9800
-4.6982 -7.8116
-6.3282 2.4297
7.8597 -7.7079
-9.5581 -5.4065
-12.4449 -4.2682
2.5581 -11.2066
0.4477 6.8767
-7.8736 -9.2093
-12.6170 7.0856
-12.0747 -7.8687
-6.5957 -6.0029
2.6293 -7.8533
8.5386 6.8945
7.9164 8.4226
7.5019 -7.3411
-8.9682 -7.6866
1.8746 7.1537
-3.9607 -8.8625
7.1626 -10.0021
-6.4600 -13.5050
-7.5043 2.2563
-9.0999 7.8536
7.4244 6.5352
-10.7678 -15.6565
8.8811 -8.0413
-6.1219 -11.3260
3.1305 7.7078
4.3038 -9.7906
2.5056 -6.5392
1.9695 -8.1811
-6.9093 6.9856
-0.7040 -7.7152
7.0158 3.7079
-11.9425 -10.5606
3.0330 2.6173
7.3177 -8.1575
-6.2452 6.6655
-7.4095 -7.6364
-8.3496 -14.3891
3.0203 -0.2170
-9.3346 -11.6409
-7.4011 8.0552
-8.8279 6.9644
-8.5324 -6.5729
-10.7060 3.5874
-9.4316 7.8867
-8.6872 -11.1622
-11.0816 -3.7018
-5.0652 -8.4668
-10.7519 8.5302
8.9058 -9.0585
-6.8662 -7.2676
6.3576 -10.4518
-8.5189 -6.8404
-2.1902 8.0130
-6.7042 -10.0351
-8.5071 9.0395
8.6025 7.6639
-11.1592 7.4162
3.9099 1.6423
-5.8519 -10.3136
-2.9111 1.9278
5.5646 -15.2524
8.8537 1.3866
6.3953 -10.1450
-9.3147 0.0016
-8.7412 3.4306
4.1741 1.8004
6.2372 -11.4310
-7.5493 8.7281
-1.5266 8.7344
-8.3507 -7.6339
0.0356 1.1919
3.6239 -13.3018
3.3844 -6.5371
-13.7770 -13.7511
7.5975 -8.0343
8.0290 -11.9393
-14.3472 7.0287
-10.3415 -2.1019
3.6087 1.8524
1.9206 1.6957
-8.2460 3.2411
3.1999 -10.4815
3.2784 -7.2574
6.2906 -1.3702
-3.4567 -8.7196
7.7853 -8.2706
-10.5545 -8.5606
-8.8908 -10.3011
-8.3784 2.3597
-7.7916 2.6168
-8.3237 -3.1819
-12.0407 -8.8337
-9.1105 -3.0337
5.4131 -0.7935
9.1944 2.0994
-5.5879 3.4632
6.7457 2.0581
-7.5400 -6.4436
1.0989 -5.6740
-6.8228 -13.0347
1.0207 -5.6974
2.6053 8.0701
5.4160 -8.9772
7.4509 7.6062
-11.5681 -6.5883
-8.6025 -9.9010
-9.9651 7.1363
3.4070 3.5668
6.0095 -8.7983
7.2639 6.4105
-8.2055 7.7759
-15.6617 5.9114
-2.6704 6.7199
2.4735 2.2398
-10.0502 7.0638
-0.3390 -9.1938
3.0258 -9.3392
2.0075 3.1377
-11.5297 -9.2174
-8.8209 5.5292
7.8884 2.5337
2.1339 -6.4102
6.8377 -7.1123
-13.2234 1.8806
-7.0396 -10.9774
1.6282 -3.0509
6.9747 -7.1480
-8.6716 2.3296
2.2605 7.6019
-9.5667 -3.7369
-4.8403 8.4232
5.7198 5.2618
-0.9476 8.7817
-7.8689 6.9140
2.0653 -7.6109
-9.4532 -8.0549
-8.6453 -6.8731
-10.6277 -0.0042
-7.1863 -8.1955
-3.3270 6.9511
-6.7646 -6.4981
8.4621 -10.3311
-12.1524 -7.9109
4.8206 -11.8495
-10.7935 0.5022
7.6656 -6.6748
-8.6069 -6.4429
-7.1904 -11.8188
-10.4573 -4.8889
-6.7234 -9.9971
-9.1292 -9.4569
-9.8739 2.6895
-9.5145 10.5617
-7.3590 9.5927
-0.7656 -8.0079
-9.6982 -6.7941
-13.0208 1.8619
-7.3271 7.9357
-7.1744 -14.1716
-2.8531 3.5264
-8.6452 0.7337
-3.5171 5.8631
-2.5759 6.5301
-8.0534 -10.3585
6.8091 0.9607
8.6574 -4.8045
6.8108 -9.5436
-15.0066 1.9369
6.2292 3.3796
-8.4918 -12.3670
-6.9281 -12.2771
-7.8872 -7.2747
-6.2924 8.2745
-10.5227 -0.7366
5.9409 1.9576
-5.2303 -2.5619
5.6611 -12.3407
-8.8056 -7.7249
-6.8535 -7.1339
-12.2756 5.9637
-10.2332 4.9966
6.4072 -11.3250
-8.9015 2.9587
2.6721 -10.0943
-4.7422 1.9869
-10.3317 -11.8807
-6.1303 -7.0024
-10.8937 -10.2011
3.9436 -6.9340
-11.8880 -11.9730
-7.8423 2.2345
2.7554 -10.6100
-5.8628 -7.6367
-8.9068 -6.7669
4.8880 -7.8948
8.7879 6.1182
-9.6769 -7.6571
-16.1474 -1.9999
-9.5419 6.3750
2.4667 -8.1267
-13.7945 -8.6568
2.0236 2.0522
-6.8508 -0.0593
7.0836 7.9214
-9.5658 -11.1907
2.0391 2.1366
-10.8376 10.3786
9.1950 4.3592
6.5804 7.1178
-5.6240 6.6093
-8.8186 1.0043
2.4247 -8.6508
-5.3767 -9.9287
7.5989 -12.3201
-12.2101 2.4585
-11.2642 -10.6617
-10.7054 8.0772
-1.2496 -9.1185
-13.0415 3.4940
2.6878 3.1866
-6.2644 -9.3588
6.7896 -5.6398
-9.8213 -4.2760
-11.5472 4.2129
-9.4838 -11.9341
-8.9716 -5.1938
2.2194 1.0225
2.3336 0.3906
-9.4940 8.2521
-8.0258 2.0038
6.1806 -11.5712
1.7112 7.6752
-10.4104 -4.6041
-8.9253 -9.6898
-12.7729 6.9020
-9.4550 -8.7148
8.3949 -3.2878
8.8083 6.5391
6.9309 8.7920
-8.2636 -6.0902
-7.4431 -9.8032
-9.4319 -6.4226
1.3254 -9.7796
5.8198 -10.9909
10.0284 -5.6105
-8.1037 -10.3449
-6.2228 8.9130
-5.5859 -7.7260
-13.9597 7.6782
-11.4247 1.9719
7.5889 2.4247
2.6260 0.8373
7.9052 -5.5866
-7.9444 -4.9325
-8.5979 -8.0651
-13.4017 5.9873
7.2005 -7.8441
3.5582 7.3743
-9.4470 -9.8526
7.2463 -13.4168
-7.3649 -6.3666
7.6963 8.9586
-7.8725 4.2746
2.7509 2.5280
5.9873 -7.1642
7.3888 -8.5974
-7.0919 7.5797
-9.2423 -3.6464
7.0305 -6.8417
-6.6081 -8.7354
5.5606 -8.0256
4.6424 2.6870
-1.8628 -8.0879
-11.3803 -4.8941
7.8439 8.8993
-7.0866 5.8764
-10.5989 -11.6824
6.2174 -10.5549
-9.1085 -7.1330
6.5083 -11.3651
-8.5518 -9.5932
2.5677 1.3164
-2.7239 -8.7776
6.3000 -8.0560
-7.0505 8.4632
-7.5121 5.7171
7.1432 1.6361
-7.2453 -10.4287
-3.4831 -6.6432
5.5244 -7.6845
-6.2797 3.1468
7.0358 -10.1114
-2.0506 -7.5742
-7.5144 2.0874
8.0944 -6.0342
3.2507 -8.6655
-5.0335 7.7100
-8.8694 7.1995
-8.1609 -10.1727
-7.0438 -1.7824
1.7785 -11.9900
-10.4071 -4.0875
-9.5561 7.3397
-10.2548 -6.9642
2.7625 -7.3551
-9.3700 -1.2069
7.0461 -8.2411
7.9142 -9.5639
-13.4275 2.2951
-10.4875 -7.4855
2.4245 -9.2058
-2.8278 7.6198
6.3842 5.7478
-12.4580 -3.5967
-6.5377 9.0146
-6.4595 7.1811
-7.5130 -1.0094
2.2826 8.4985
8.6679 -9.0757
1.6665 -13.8162
-10.8147 -14.5744
-10.1858 -10.3121
2.2661 -3.9696
2.7414 7.5282
7.1085 -2.0428
-7.4810 -5.1921
2.0887 2.7661
-4.9865 -7.1632
-6.9162 3.1399
2.9588 -8.6711
-9.9136 -8.7699
-3.1743 -10.1214
6.5175 -5.7274
-5.4968 -13.4995
-9.3321 -10.3985
-5.6359 -8.2795
6.9330 7.2298
-6.9499 -13.4383
-7.3694 -10.3891
-5.8926 5.0875
-9.4614 -11.6598
-11.0290 3.4598
-11.3321 -8.0993
4.8223 -11.9469
3.0705 -8.1117
4.7583 -6.0214
-11.0113 -9.5280
4.2307 -5.2768
-6.5715 -16.8599
1.6841 -5.1453
6.0693 -5.8619
-8.0730 -8.3476
-6.8513 3.1386
1.3450 -8.9399
6.8122 -12.1238
-7.9097 -8.9752
-4.6273 6.4195
1.0259 -7.3077
-3.5087 6.7433
-7.7072 7.0632
-10.9775 7.6270
8.7942 7.1441
8.1797 1.9183
8.5318 6.0449
5.5448 2.4397
-6.6773 -6.7437
5.5319 6.6163
-9.2048 -5.8925
8.3751 -6.2594
-10.9838 6.7328
-8.1441 -8.9866
6.5571 -0.7957
7.6472 7.3765
-9.0257 -8.0074
-8.9969 -10.0096
-6.5004 8.1859
-12.0935 -8.5941
-8.3144 -10.0370
-8.2496 -9.4325
-9.3694 -7.9828
-7.6814 1.6927
-13.3392 -9.8932
8.8390 3.3081
6.4509 -7.4644
8.4933 -10.1532
2.5849 -6.9988
7.4644 -8.3885
-8.0618 3.9591
-9.8601 3.3582
-3.9534 -7.5703
2.8395 2.0245
3.0819 -3.9268
-7.8822 -7.7069
7.3903 -4.2778
2.7654 0.3594
-13.7626 -10.7179
-8.2412 9.3204
-3.5561 4.0124
8.2757 1.6807
-5.7236 4.7079
-7.2729 -7.0334
7.6476 2.8570
1.3927 1.1707
-10.9353 -8.9837
-3.9209 7.5049
7.2426 -8.3613
-9.5379 -3.0161
5.9593 2.4626
0.0124 7.2578
-7.9735 -6.9678
-12.0591 5.6855
6.0351 2.7778
-9.4386 8.0989
4.9625 -9.6411
4.4059 -8.4129
-8.6423 6.3440
1.2862 5.4744
-7.2126 -8.0032
-12.0816 2.1233
-10.1800 9.4149
-9.0282 -7.6134
-9.1077 7.7088
-9.5003 -13.9960
-6.2076 1.0675
8.3981 -9.7054
-8.1382 6.4741
-4.8962 1.5837
-8.4452 1.7939
-8.2682 1.6656
-8.8049 5.6397
-12.9659 6.6393
-8.7191 -0.3300
-8.3262 -9.5169
3.6686 -9.9990
-13.9189 -8.9747
-7.0415 -9.8677
8.3335 -6.8245
-6.0487 -7.6411
-7.8416 -8.0201
-8.4971 2.5215
-4.9381 7.6094
-9.2031 -6.1355
-6.1963 -13.4887
5.6233 2.6420
-4.7868 -3.5343
-5.5843 -15.9767
-12.5820 -3.3927
-9.3978 -10.6363
7.6486 -3.7884
-14.1262 -10.0560
2.4488 -10.8402
2.1160 -5.5579
-11.7908 -8.7724
0.5020 -9.0580
-8.4194 -9.2743
-4.7814 -14.0250
-7.1062 -9.1770
-5.3359 -6.1846
5.9416 -9.3829
-5.4431 -8.1855
-4.9729 3.0119
4.1554 -13.5851
3.0687 -5.8436
-9.2411 4.5901
-8.9352 0.8205
-4.9809 -8.4287
-6.1778 -3.8709
-8.3566 7.5155
-10.6664 -7.5717
5.1139 -7.2618
1.6128 -10.9926
-9.0038 -9.4981
-14.6106 -12.2754
-9.2773 -0.9221
-13.6413 7.7633
-9.8992 8.7057
-8.2894 5.5609
-16.9550 2.1492
-7.7256 -5.7299
-9.0595 -8.7933
-9.7558 7.2238
-2.1690 -9.3945
2.9506 8.2904
8.5677 -9.6769
-2.7848 -7.7293
8.4160 -9.6079
-8.6149 -13.8548
-1.3090 3.8330
-1.9897 -12.0117
-8.6995 -6.1887
7.7024 -6.0678
-10.9624 -10.1631
7.3530 -11.8295
-7.3778 -8.8356
-7.7591 3.4053
-2.8474 -8.1457
-7.8932 2.9676
2.3389 0.9170
-9.5584 3.3063
-10.2996 -0.4494
1.2005 -8.5933
-14.0014 -11.4783
1.4448 3.3244
-7.4870 -8.1880
2.0488 4.9869
-6.2773 -7.2404
3.1308 2.7606
3.0915 -6.9552
2.1030 -11.0869
7.6215 -10.5363
8.0695 -6.7417
-9.4424 6.1059
2.1268 -14.8212
1.0020 2.5611
-5.7024 -9.9228
5.9390 -9.0499
-9.2860 -7.4181
-5.5061 1.3951
5.9827 -9.7944
2.5461 7.0232
-9.1738 -7.5188
7.4161 -7.3597
-6.8102 -11.3295
-8.1076 2.8991
-8.8334 -9.5256
-11.1237 -8.2689
-10.5828 -7.5319
0.6234 6.9230
-7.2314 -10.1073
-11.3095 -9.0152
4.3216 4.4657
2.1513 -8.0371
-7.7929 -9.5132
7.6731 5.1609
8.2452 -10.3371
6.5170 0.8025
7.8794 2.5234
-7.4321 -7.9975
6.2287 -5.5749
1.3959 -5.3677
1.3470 -6.6422
6.2446 -9.3389
-9.2847 -8.4649
7.5698 -10.9865
4.8079 -12.0751
-0.7905 -11.6380
0.5445 -0.1433
-4.9787 9.3386
-8.8532 -6.0646
-5.5522 8.2693
-8.8627 1.9087
-2.3231 2.5026
-1.8522 -11.8251
-9.3267 -0.7422
-2.5398 -9.8553
3.7760 -13.0560
2.9892 -7.3048
8.8642 5.4496
-10.3473 -8.7421
-9.1458 -10.6337
-6.8633 -13.5366
-11.1945 -5.2633
-5.3238 5.5177
6.5322 5.8850
6.0003 8.5506
-7.7075 3.4367
-12.1294 -10.7698
-6.2961 8.6897
-9.9267 -11.0887
6.5037 -8.2927
1.8435 -7.9674
-6.8390 7.3269
-14.8787 -7.3381
-0.4788 1.4453
-8.2287 -6.8751
-6.1945 -10.4640
-8.9342 7.3284
-2.8694 -11.1402
1.1172 -10.1115
-5.4394 -11.9247
-12.6003 1.9278
6.1787 2.8310
6.9267 -8.6443
7.0071 -7.6002
-8.7822 8.4369
5.5211 -9.2012
-7.9917 -7.6759
0.6953 -11.3037
-2.8372 -8.4309
-7.6114 5.5029
-11.5565 -9.8265
-14.4452 -8.5910
-4.7356 0.2063
6.9385 -5.5232
1.5058 -3.5436
-3.5751 -9.3259
-7.3184 2.5403
7.9301 -12.1022
1.3934 0.1213
7.8222 6.5770
-4.5953 3.3017
2.5057 3.3896
-6.6894 6.5946
7.5020 -10.4035
7.1194 -6.7428
-9.0955 -8.5949
-8.0977 -10.7897
1.6848 -10.1056
-9.4719 -3.1170
2.5550 7.6468
-10.2230 -8.5007
1.3225 -8.9355
-7.9762 -18.5411
2.5392 3.7109
5.3555 -7.3690
4.7982 -8.6121
8.0858 5.0213
6.4501 -11.8090
-10.5787 -10.3096
8.2039 -8.6239
-3.1280 -7.3779
-14.0011 7.5070
2.1745 9.2864
-9.5732 6.9580
-5.7707 -12.6071
-8.0958 -6.6927
2.2587 8.7009
6.9490 -10.6703
2.6616 7.6977
-5.5715 5.4617
-7.5415 -7.5780
8.1092 -14.9193
-8.6192 -11.9803
-10.1074 -9.7536
-0.8087 -10.8252
2.8425 0.4194
3.1219 -10.4631
-3.5970 -15.1728
1.8651 0.8398
-12.1131 2.6828
4.5328 6.4480
6.7200 -8.6601
-7.6854 2.8985
-8.4238 -14.3794
0.1773 3.1009
2.4889 1.6965
-4.6487 -7.5227
6.7816 -9.9429
-3.4696 -8.3731
8.0967 -7.9415
-13.1383 3.9585
-8.7181 -8.2656
-7.9183 -7.5572
-10.1258 7.9697
-7.7670 -6.3556
-7.6813 -8.6366
-11.9501 7.8294
-9.7585 -9.8712
-5.5682 -11.2000
5.5409 -12.0238
-2.5360 9.4479
5.2193 -6.4462
-9.9054 -7.0165
-3.9394 6.0571
6.4550 8.7970
-11.6357 -8.1375
0.2194 -15.3844
3.7614 7.2559
-6.2488 -9.3228
-13.0472 -0.3135
1.8439 0.7419
-11.6281 -6.6760
-7.9980 8.8790
-7.5420 -1.7938
-13.3426 -10.3431
-4.1921 -9.4165
8.4343 7.7806
-7.7611 -9.0699
1.1801 1.1622
-14.0340 -11.0632
-11.6063 -0.5573
1.8106 4.1646
-3.9535 -3.2930
2.7097 1.6823
6.2331 -12.9536
6.4616 0.0161
-7.8016 1.8042
-6.4130 7.3519
5.3255 -7.6447
6.3288 -12.5831
1.4623 -8.7070
2.2626 -8.5883
-9.8399 2.8928
-5.6950 -0.1832
-4.0511 0.5927
-7.7843 -8.5342
-6.7427 -6.3021
6.8457 4.9000
10.9723 2.3424
5.9756 4.6686
-12.1992 -4.8651
5.3993 -7.5470
-10.4990 -5.2271
-2.3427 2.6643
-11.2932 6.6242
-9.8921 -8.0170
-6.4347 -4.7201
1.8214 -11.4789
-10.1473 5.4566
-2.8662 -12.0323
-7.0771 6.0423
-6.7267 -7.3634
-9.6086 7.9157
-8.6560 -6.4383
-6.7727 7.6920
-9.3386 -7.4804
3.2517 -9.7540
-12.1856 2.1743
8.8405 -7.6053
-0.4534 -4.6305
-3.4006 -9.9545
-7.9585 -7.5628
-1.7058 -10.1135
-6.0687 6.0963
-11.1163 -13.2187
-8.6664 -5.9216
-7.8762 -12.5202
-12.5220 -7.1932
-5.1762 -11.5487
-9.7243 2.3335
1.2812 -12.0208
-7.1850 -2.9289
1.0949 1.4161
-5.7047 5.8638
-3.4721 7.3503
-13.3319 7.8736
7.5791 -11.6128
5.6254 1.6436
8.1755 -10.7332
-5.9380 -8.1791
-7.8268 7.1050
-9.8557 -11.1122
-4.3160 -0.9838
-9.8339 -11.8093
-10.2632 -5.2116
1.8677 -11.3016
-7.3514 5.1253
-3.2386 -6.9945
-6.1315 7.5706
2.5100 -7.3083
-8.2052 -8.5498
-8.9373 -8.6823
-0.9035 -11.0261
-10.0111 -3.0454
7.1327 3.0112
-7.6509 2.7005
6.9811 3.4082
6.0809 2.1834
3.9786 1.6431
7.7222 -9.3187
-8.1981 1.9050
-8.0668 -8.4329
6.9950 -10.6142
-9.2774 -7.5366
1.7627 -12.6166
-0.0389 8.3390
1.0097 -2.4586
2.4862 -7.7055
8.0483 5.7677
-8.8872 -8.0201
-3.7120 5.5148
-4.5159 -6.4914
-5.1175 -8.8297
-6.9822 -6.7181
-8.5453 6.6138
3.5269 -4.6260
-12.0347 6.7487
-14.0907 7.1517
-11.4868 -10.1740
-10.5946 -7.2408
-7.2929 5.6694
-3.8875 6.8194
-3.4867 -7.2152
-3.3529 -8.8701
-5.6190 -8.9384
5.2662 -8.1288
5.2150 -6.6896
-10.0611 5.9518
7.1644 -6.6071
-8.7868 3.6647
-9.3666 -6.4554
2.1156 -9.4258
-14.0385 6.8012
-8.3912 -0.4309
-10.0508 7.2878
-6.8351 -9.2087
-9.4107 -1.6465
-8.5245 8.0823
6.9600 -6.6775
-1.5463 -2.6596
-9.0760 -0.5756
5.2439 -7.3146
-8.4239 -7.6506
7.5431 -7.2841
-9.4212 2.5990
-4.2984 6.5034
6.7244 6.8875
9.2906 -9.7851
-5.3368 -6.6428
-3.3282 -7.7377
-9.5951 -10.4044
-5.7766 2.8145
6.6451 -9.2340
-9.5016 -10.2598
-7.4236 6.7585
-11.1477 -9.7727
-3.3914 8.3002
-8.7362 -7.6610
1.8535 2.9838
5.6314 -0.3701
-8.5284 -7.4810
-11.8401 6.0686
2.7047 7.8902
10.8437 -4.8961
2.9762 -11.3625
-6.1876 7.7491
-3.9168 6.5111
-5.7411 2.3864
-9.9401 -0.4971
-9.1969 8.4917
-8.6307 7.8000
-6.2797 -9.5780
-9.5965 2.2630
2.9788 -8.6199
2.3992 -7.3319
-0.7957 8.1794
-7.0954 -9.3530
-8.5729 -8.8673
-6.9786 4.6808
1.9774 2.4765
-5.1638 1.1011
-10.1771 5.8165
-11.4372 4.0027
-8.1808 3.7814
7.8037 -12.5017
7.2712 -7.7552
-1.6319 -7.6232
9.4142 6.0863
-1.2678 7.2596
-1.0460 -11.6736
-7.2766 8.5080
-8.9148 -2.8765
6.9184 -9.4389
1.0758 6.0552
-8.1169 -7.1905
-4.0073 -7.1879
-3.3808 6.4452
-10.1075 8.3240
7.6256 2.4219
7.1051 3.1100
-9.4121 7.8149
-7.9880 -6.3252
-8.4823 -9.9705
7.7388 -7.5554
-12.8307 -9.6366
-8.4307 -8.8658
-9.7826 -7.4522
-2.3752 3.3932
-9.4110 -8.4433
-10.4514 -4.7489
-7.9745 7.7444
6.5574 6.6724
-10.3576 -11.8574
2.1183 2.0542
-5.9974 -11.7798
-6.3369 -7.6286
-7.7973 -11.0787
-10.3217 2.2259
-13.2988 4.9299
4.3193 -7.4749
-8.8083 -4.4701
7.1553 6.0564
3.2699 -11.1971
-9.3816 -6.1305
7.6339 -10.0452
-7.5098 2.9843
-7.6854 -4.7118
1.9895 7.0371
-6.9445 -7.6025
-12.2073 1.1923
-6.6836 -4.2789
-7.2839 6.2849
-11.5290 -4.7026
-7.2604 2.5782
6.1868 7.7024
-7.5732 2.0030
-10.6081 -7.7716
-8.3322 -3.3082
2.2464 1.6037
-8.7506 -4.8626
-7.9736 7.0056
-7.3453 -7.7740
9.0347 -3.1992
-8.0852 -12.6249
5.6637 -7.8802
-6.7804 2.1549
-0.6688 3.8646
1.7672 6.9744
-8.1986 1.0316
-9.7698 6.4746
6.9200 -7.1357
-8.7074 -10.3702
5.5599 -7.6011
-10.6065 -2.6780
5.7354 8.3404
9.4932 -9.2909
7.4244 -7.5937
7.0483 0.6173
-10.2362 -10.3914
5.7688 -9.0201
-4.8610 -5.6337
1.8820 -6.9119
5.5402 -0.6877
-0.3235 6.5789
-8.8554 -13.0025
-8.2828 -8.1981
-6.1574 -9.8099
-8.4096 -10.5538
0.9909 2.4060
-10.8158 -7.9546
-10.0470 -8.0467
-8.4313 -8.3780
8.4493 6.6577
-7.8206 6.8140
-7.3623 2.1057
2.7583 -7.9260
2.0739 -5.3461
-7.1637 -7.9769
2.5344 -1.6112
1.2176 -12.1774
7.9895 -10.0388
-8.8320 -9.4199
-7.8211 -10.4562
6.7737 -6.3698
-7.0233 9.0195
-7.5358 -12.5292
-8.8076 -8.2124
-11.0902 8.2537
-7.6820 -7.5000
1.5367 -7.1186
0.7761 -8.0068
8.6521 0.4858
6.8474 -7.7946
-3.1139 4.9628
2.4705 -0.1297
-8.0988 2.6941
-3.0477 -10.5133
-1.6445 -10.1204
-7.3865 -4.8624
-8.5896 8.7831
1.8574 -9.2376
7.4519 10.0183
1.3481 7.2793
-11.2407 -6.9333
-5.5888 7.9565
3.9719 -11.0415
-7.6076 4.3150
1.5857 0.1681
-4.6314 8.3351
7.7891 -3.4242
-13.8345 -13.0515
-0.3305 9.2258
-9.5981 7.1033
-6.1672 -10.1131
6.1823 -13.9205
-5.8540 -11.6639
8.0653 -11.8800
8.0365 -9.9873
-10.8861 -8.8544
4.3698 -7.8367
-10.4979 -5.2822
1.7626 -7.9909
2.8428 -5.1077
1.2820 -12.3332
-2.4666 1.8569
-3.2507 -7.9737
-2.4730 8.5452
-9.2026 -10.2920
-8.2293 -0.1537
-15.3634 -1.0830
-8.2958 -6.9681
-11.9100 -7.1688
-8.2337 9.7488
7.3267 -14.4036
3.8362 -3.2469
8.6213 3.5844
3.4284 -6.7745
-8.5382 7.6907
1.4277 1.8391
6.7095 0.8745
8.9366 -8.3324
-10.8266 -8.9546
-4.9809 -11.0948
6.7332 -10.4385
-6.9767 -5.4884
-10.8639 2.2185
2.5625 -6.5426
3.6202 2.4008
-9.9118 6.8758
-1.3733 0.8079
-4.9639 7.0717
2.5346 -2.9792
-9.4296 -5.6902
-9.1753 4.7649
-7.9203 6.2770
-10.5119 1.7423
-11.3174 7.0240
-5.1333 -6.6517
-8.0162 1.9455
2.5573 -9.2591
-6.8927 -10.7456
-9.4425 -8.4871
-7.6254 -0.8370
-8.9793 7.8636
2.8068 -3.0731
6.7877 -1.3090
-8.7523 -5.7340
-3.3134 1.0495
1.0779 -0.4805
6.4273 -7.6542
-0.8674 1.9196
-6.6857 -11.3299
-13.6683 -9.4177
7.3648 -11.6898
-2.0651 -9.8226
1.1456 -5.8573
-8.7160 -11.0773
-2.4714 3.2176
-8.6120 2.9588
-6.8939 -9.7303
-6.0376 -11.6695
-2.7084 -7.6046
-10.6906 -7.7508
2.1044 3.0937
7.8383 -2.1313
-8.4717 2.0498
-7.4871 1.6199
-7.7896 6.7126
-4.1536 7.3785
2.1648 5.9806
8.1409 5.0728
-8.7397 -9.5114
-8.4309 -4.6882
-15.0872 6.9838
-8.7833 -7.1702
-1.6433 -6.0525
-10.5165 0.6542
8.8533 -6.7314
-9.2598 -9.7624
-2.5754 -12.2433
2.5913 -10.2770
-13.5157 0.5582
-10.2013 2.3026
-5.0156 -10.6485
5.2007 -11.0207
-6.9744 -8.6093
5.8845 -10.8837
-6.3188 -9.0989
-8.5310 7.5793
-14.5494 1.5137
-5.3285 6.2614
-7.6037 -11.1748
-10.5824 1.4830
-6.6400 2.0121
-8.7770 -8.2802
6.6692 -5.3871
-5.4813 -7.7716
-12.3322 -7.2622
-10.4005 -9.3365
8.6349 8.0055
-9.3635 -2.4571
-6.2240 1.6262
-15.4838 5.8770
0.5027 2.8959
-6.8941 -11.5382
-7.4427 -9.5033
-0.1805 -8.8910
7.8943 -8.2472
-2.4770 -8.2681
-12.4402 -7.3223
-9.2581 1.9939
6.7992 -9.1962
-6.0626 -1.2046
-8.7110 4.2960
6.0233 -5.4163
-8.8318 -9.3158
-10.8066 -4.7050
-6.6834 -5.4533
7.1694 2.1881
6.9688 -5.2836
6.2960 -10.9349
-10.7209 6.3917
-8.0533 6.5556
6.6652 -2.2671
-6.1648 -8.1746
6.7578 1.3162
-7.5240 4.9635
-7.8120 8.0386
3.2906 -5.3740
1.0714 -6.8759
-16.7248 7.2850
2.0448 2.3996
5.8140 6.5655
7.7873 1.8105
-6.1619 6.3688
-8.7801 -12.6551
1.3284 2.5089
2.1215 -14.3123
-7.8428 -9.3866
-10.3384 7.3262
5.8550 -8.1523
2.4333 8.5780
-6.9409 7.6348
-12.0430 6.5786
3.0547 -0.9036
-8.1556 -11.1167
-9.6122 -4.1029
9.1135 -10.3242
-10.3055 -6.2289
7.6191 7.0642
-11.6762 -10.4376
-7.4375 4.9309
10.5425 0.4240
7.8910 7.3195
-10.6535 -11.1979
3.8094 2.7469
-13.5560 3.2302
-9.9003 9.1360
-6.2379 -2.0397
3.7071 -1.1437
-14.2349 2.3096
-7.5099 1.5615
-8.1811 -10.2286
-9.6195 -5.5084
-8.0124 -7.6140
-7.9055 -3.7291
-0.1981 -9.4346
1.5699 -0.8008
-11.5588 -10.2610
-10.4498 -6.3819
-8.5399 -13.4289
-5.4406 6.8876
7.5148 2.8846
7.8599 0.0449
6.0756 6.7460
-6.5843 6.8548
-10.3086 2.2840
-9.7649 -4.0918
-10.0515 5.3866
-3.8998 1.7268
-11.9244 1.9185
-6.2615 8.3168
-9.8343 2.7591
3.6136 -7.1299
2.7579 -11.5090
-8.3110 -12.4708
8.6266 -8.4632
-7.1590 -13.0245
-10.7152 -16.7102
-7.3764 -1.5335
6.1039 1.3489
-12.3651 -7.9699
-12.6886 -10.0604
-13.0974 -9.6519
9.8500 -7.9919
-1.3214 -9.3038
-2.6351 -8.3870
-8.7604 -7.4353
-11.0139 -11.8871
-8.3832 -8.7974
-13.7185 -10.8445
-9.6916 -7.9889
3.4813 -6.0772
-9.2432 6.3115
-6.3145 -1.9995
-9.3259 -12.1009
2.6760 -6.6059
-3.8035 -7.2127
-5.9173 -5.0361
2.5821 -7.9217
-8.6457 -10.4520
-10.2849 8.4898
-10.4282 6.5110
6.7056 1.4058
6.3823 6.8063
-8.3728 2.1676
5.9672 -8.4298
-10.4273 -4.0533
7.3052 -7.4731
6.2054 8.0317
-8.9419 1.9799
-3.4874 -6.8749
-12.4032 -8.7279
7.0736 -7.3185
-9.3723 0.5818
2.4133 -7.2964
-1.1372 -3.8287
-8.6356 8.3517
-11.5790 -8.8153
-6.6824 6.6086
-7.1172 -7.3646
6.1260 -8.8607
-3.7732 7.7230
-10.9195 -8.4929
5.9159 -8.0126
2.5845 5.0092
-13.0219 -12.4483
-12.6271 -14.3200
6.9464 -9.0434
-8.5060 -8.3358
-5.5162 -7.9548
2.3367 8.8860
-14.2466 7.5341
2.8917 6.2254
7.8246 0.6903
-6.5490 -9.3261
-16.5323 1.3046
2.9982 -8.0461
6.1500 -4.8334
-6.5957 2.7185
2.8067 -9.5190
2.0226 -7.9050
-11.1426 1.8530
1.4316 2.7386
-5.9165 -8.0183
6.1410 0.7755
2.4371 1.8858
-6.5801 -9.2613
6.3361 7.6516
-9.2745 -7.9295
2.0677 -13.2980
-10.0805 7.2882
5.3491 -7.9256
-10.1761 -10.4909
6.5836 -11.6237
-9.3158 7.8101
0.7639 -13.8090
1.9938 0.1543
-4.2054 -9.8987
-10.0199 -13.7585
-7.6732 1.3433
3.3493 -7.9242
-9.1620 -10.4453
-11.1991 8.1107
4.3137 -12.2348
-9.1454 0.8541
-8.0255 -6.7625
0.6817 7.2282
-9.3976 2.6424
-10.3985 -7.5006
-7.5666 -9.1816
-8.5475 6.3861
-2.1025 7.1081
-9.3123 -7.6974
-8.8444 -13.0506
1.1288 -2.9064
7.3246 -9.2219
-9.5480 -4.7183
8.4325 10.5872
-6.8085 -7.7449
1.4795 6.6589
2.4661 -6.0260
2.3808 -7.0671
7.4746 -6.8793
7.0768 -11.2073
8.1328 9.1999
6.3879 -7.6376
1.9038 -5.6207
-11.0555 -10.5533
-3.8179 -9.3924
-3.6761 -12.5845
-7.4611 3.3504
7.2869 -9.0113
-10.2065 -6.1409
-8.2770 3.0878
2.1904 -9.0799
2.9466 7.2204
-12.4132 -10.6459
6.9502 5.4290
1.1797 2.5526
-9.8994 7.3978
6.8949 -8.1311
2.0427 6.1479
-12.5192 -1.9435
-8.1918 -6.6612
-9.2364 -9.4279
6.5316 -7.2296
-13.3351 -5.8588
-9.1739 2.4229
-5.5838 -8.2110
2.2934 -1.3392
-9.7321 -9.6339
-8.3631 1.4785
-8.5447 1.6880
2.9820 1.0970
1.5766 -8.4773
6.3424 1.4332
7.8273 2.9077
-7.1320 -12.9569
-7.3028 -8.2122
-6.1667 -8.9703
-5.0645 7.6328
-7.0119 -6.6116
-7.4928 -1.8698
-4.9131 -0.2239
-12.9656 -13.2895
-12.5179 3.4265
6.2690 -10.2219
-9.4679 3.7214
7.2255 1.8880
1.1594 3.2709
-10.2081 1.3634
-3.0891 5.9517
8.1742 8.7563
7.3632 1.8480
7.4946 7.7894
6.7108 -12.0950
-5.8443 -6.8874
1.3529 -7.7302
-9.1930 -14.3229
-11.5335 2.0666
-9.4738 -10.6409
-7.8659 -9.3805
7.0677 -8.0230
-7.6934 4.1328
1.8047 -11.7165
5.9029 -8.8055
1.7594 -11.6091
2.2208 2.0792
-11.1327 0.2296
6.5893 -12.2900
6.9215 7.8552
-12.3003 -1.4695
4.0629 -12.7307
4.4587 -6.0599
-8.9426 -4.5413
-11.1665 -10.3865
2.4249 1.4898
7.3601 -6.3174
-10.2615 -10.6084
-12.5863 -8.8419
-10.3323 -11.3949
5.7225 1.5932
-6.8077 7.9433
-0.2785 -7.6436
1.8775 -7.4363
7.6196 -10.2302
-9.8779 -6.5378
-4.6113 -8.5075
5.8397 -8.2819
-7.7759 -16.5942
-7.9949 -7.7883
-10.8507 -11.4829
7.2878 -5.0848
-11.4441 -10.8237
2.5620 6.5498
-13.0997 6.3321
1.1327 -6.9857
2.1016 -8.5037
-11.0413 -10.9853
1.6238 8.6546
4.6681 -7.9692
1.4820 -11.5323
1.9157 -1.1449
-8.1468 4.8068
3.2143 -10.9904
-5.9646 -10.5677
3.3823 -1.6790
-6.7981 7.2009
-5.7905 -6.0079
-1.6835 6.7953
-4.5978 6.6745
-6.3172 6.8619
-14.3266 2.9747
1.1985 -9.9115
-5.4993 -8.8870
-9.1486 8.4111
-2.3839 -11.4396
-11.6180 -15.5206
8.7907 -7.4208
4.2550 6.9969
-10.5207 -9.3060
-1.1871 -2.2878
1.3130 3.0004
6.4901 7.0007
2.5954 7.7260
-11.3539 8.0244
-9.2564 -15.0001
-11.0195 -6.1470
-10.8471 1.9664
1.7318 -10.5257
-3.9463 6.5145
2.6757 -7.1712
-9.0724 -14.1377
-8.3121 2.9748
-7.6113 -11.3198
-7.0431 5.6179
-7.4210 -2.2934
-6.2850 1.7737
-1.8332 -8.5679
1.5947 5.8941
0.3116 -1.3507
5.9975 7.0192
7.7711 1.0590
6.2138 8.9453
-7.2592 -4.5208
-0.7104 -14.3841
-15.4302 7.3165
-8.2149 -5.2759
-7.4593 7.3225
-10.8533 -9.9525
-11.6061 -8.9923
-4.9322 -2.2498
-8.0920 6.6212
-9.2522 1.7220
-1.2133 6.3424
-8.8781 -7.4199
-13.5966 7.7012
2.1194 6.9921
-5.3956 -5.0044
-12.7138 -12.4004
-0.5701 7.6160
-9.3888 -6.6510
-9.5629 -7.2740
-12.0569 -10.0873
-8.9424 -7.3399
-10.0820 1.7987
2.2574 5.3473
6.9430 -11.1383
-6.3886 8.4725
-7.0693 -0.2050
-5.1268 -4.9937
-6.7273 -6.9959
-15.6062 -15.8198
6.4329 -7.8287
-11.7794 -10.3301
-10.1599 6.8030
1.6694 8.1504
-6.2848 6.8055
8.8452 -10.7421
-5.1620 -0.4842
-3.7280 6.4431
7.5788 -12.1787
-7.8414 -6.9411
-8.5216 -7.8548
-14.5091 -0.3081
-5.3524 7.8165
5.5244 7.5748
1.0087 7.4190
-9.4293 -5.1710
-10.8371 -8.7636
-6.8985 -15.3131
-11.1067 6.6645
-6.8370 6.8414
-8.0052 7.2188
2.9876 -10.0106
2.2647 -7.6272
1.3227 6.4097
-4.7413 2.4450
-8.8126 -6.5666
2.8395 -9.9570
-8.1425 -13.6680
1.3577 -7.0622
2.3433 -9.3882
-11.5222 -8.9044
-11.1392 -10.1925
-3.0851 -9.6010
-10.1440 -5.0362
7.0049 -7.9128
-8.4575 -12.8777
-5.9273 -15.1008
2.7258 1.2399
-13.0825 -1.9486
2.5519 -6.2435
0.8409 4.8567
-9.9416 5.2488
1.4301 3.1486
6.8814 -15.2515
7.3198 9.8541
-6.8128 -0.7039
-11.7934 -7.6619
5.7708 -0.3307
-9.5403 2.9186
-9.7604 -7.1678
6.5673 1.5378
-18.1597 6.2196
2.4274 -12.0979
6.9763 -7.7455
7.7512 -9.2931
8.0829 -9.2205
-9.6157 -6.4337
5.9309 -6.3989
8.1313 -12.4604
-6.9691 4.1755
2.3354 -8.3599
-8.1473 1.9638
-14.9782 -7.5673
-8.4175 8.1996
-10.0651 -13.1748
2.3699 1.5244
-5.3253 -2.8331
1.0040 8.8261
-7.0597 -8.3098
-11.3367 -10.8825
-12.2071 1.8494
-6.6809 6.3293
3.2658 6.8800
-5.2716 -8.6922
2.1322 6.1343
1.9018 -9.9869
2.8627 -9.3078
7.0101 -9.7650
-7.7735 7.6850
-5.5002 1.5662
2.1256 -8.9484
-10.1036 7.5765
-14.5529 1.7351
0.5726 -6.5163
5.4908 -14.5460
-12.1934 -11.8571
-2.9272 -8.6018
1.3986 -7.8506
-8.7791 -8.2706
3.0575 -10.5127
-1.9127 3.1010
-6.1316 5.9182
-11.9797 -10.8973
6.3005 -6.6616
1.0355 2.5855
-15.3645 -8.9623
3.4274 -9.5003
-8.3219 -10.4070
-9.4315 8.6720
2.2626 -9.2191
-12.6588 -9.9267
-9.1187 -8.1924
5.1839 -9.7777
-6.1378 -0.4884
-9.9369 -6.4789
4.8408 -8.7690
6.3935 -7.5321
-0.4888 -7.9480
6.3314 -6.8978
6.6343 -8.6876
-4.9542 -8.3008
-9.3340 1.1544
-1.4618 -13.4715
-3.7874 2.6131
-10.6876 -4.4655
-12.9138 5.6389
1.9119 -15.3946
-9.2660 4.7776
-8.3297 -5.2229
-9.1414 -9.4144
-7.7423 7.2229
7.9994 -6.0656
7.4383 -8.3213
0.8806 6.4496
0.5986 -7.0926
-9.2953 6.6585
2.1183 -13.6207
4.9186 -9.2012
-13.8729 2.4680
-10.6434 -0.7917
-12.8262 -8.9272
3.0100 -7.8593
-8.6778 3.1247
-4.8144 -6.1259
-9.0901 3.1025
-5.6749 -6.9708
2.5867 -7.3328
-1.3452 -5.4834
8.1497 7.7637
-3.1818 -11.4432
6.4558 -4.2332
-13.9106 -3.2651
7.2609 -8.1066
7.4502 -10.0727
2.5123 5.7113
-8.9918 -6.6513
-9.5126 3.6084
1.7834 0.3676
-6.2633 -11.9727
-8.9724 -9.6185
-7.0488 7.0153
-7.5638 6.2191
-9.8026 6.8402
-6.6444 -7.2512
-12.2043 6.9593
2.3450 6.2222
-11.0421 -6.4479
-8.5749 -13.6742
-14.8364 -11.7825
-5.9975 1.9679
-6.6454 9.7127
-11.8992 7.4216
-9.6600 -10.5137
3.1743 -1.0409
-9.6081 -6.1891
8.2347 -6.1695
-19.1294 7.1211
1.3398 7.6743
-8.9911 6.2702
-11.7287 8.3964
-8.9171 7.2960
-10.9881 -11.6531
7.1842 -10.0771
6.6480 -13.8919
-11.0349 1.4656
9.0110 8.6996
5.8878 -0.3113
2.1944 7.5622
-6.8074 -8.3840
-8.4057 6.2998
5.6761 -9.4359
-6.8942 7.4820
-4.0928 -13.7812
8.1872 6.0587
-7.7400 -10.5760
8.1193 2.7823
-7.6378 5.5069
2.1108 -5.4079
7.9394 -7.0391
-9.0120 -10.8092
-15.2557 8.5017
-12.7911 -4.4575
6.2917 -7.6474
7.4361 2.1415
-2.5622 9.1582
7.2377 -6.2251
-9.1523 -8.2499
-6.6373 7.3023
1.4425 -9.6346
-6.1863 2.0673
-10.9034 -12.9985
-7.3420 -6.2950
-7.6737 3.4207
-7.4475 -7.5303
-3.2114 -8.4452
-9.0548 6.8781
-7.8804 -8.6184
-9.3132 8.2882
3.3544 -11.1625
4.7689 -9.1297
10.0148 -0.7889
-10.5526 5.4270
-5.3683 -7.0029
7.5455 2.3405
-11.6642 6.9518
-10.1451 -13.8301
-3.5660 -17.7570
1.2651 5.8435
-7.7857 -6.7807
1.5160 -8.2164
-8.8440 -3.5236
7.3844 -10.4624
-8.2722 -5.9863
-10.2035 6.8120
-5.2058 -10.6053
-2.1909 3.0364
-15.2486 -7.9482
3.6026 8.9201
-3.5810 -9.9580
1.3380 7.9743
-2.0749 -9.0595
-11.1357 7.0942
-7.7678 -7.8626
-11.0091 3.0734
-8.5827 -9.9903
2.8139 1.9615
-6.3591 0.6754
6.2062 -8.7657
-2.3021 6.4153
-7.6558 5.2945
-8.7528 -8.5652
-9.1520 -8.7780
-6.0684 -9.4148
-7.5590 -11.7544
6.2950 -4.1804
-5.9657 -8.2177
-14.6052 -9.3935
-11.6398 2.7825
-8.4063 9.5743
-13.2733 -9.9394
-8.7062 7.6869
6.5296 -8.1459
-9.1286 -10.5031
-3.5635 -10.9870
-8.7969 -10.5336
-11.6209 -9.0983
-0.8326 -7.9504
2.4702 -6.1777
-11.6243 8.0318
-8.0504 -8.3627
-12.2518 1.6815
-12.4323 -7.3563
1.3236 -8.0423
5.8786 -8.2909
-1.4169 2.7970
4.7069 -5.2761
-5.5839 6.2194
-5.4523 7.7778
7.9256 -7.8313
-8.7236 -8.8405
-9.5412 6.7065
-11.5366 6.8963
0.8799 8.3026
-1.0741 4.7319
-9.9216 -10.1322
-6.8388 9.1055
-7.4309 5.8267
-6.5607 -9.3364
-8.5854 -11.9637
3.0200 2.4847
-10.5479 -8.2919
1.3167 0.8480
2.9939 3.1647
-5.6612 3.5912
-9.7773 -10.1230
-10.8550 -12.6460
7.4985 -11.9566
7.5219 3.0491
3.0304 6.1484
-10.4393 1.8041
7.6236 -14.3480
8.5937 4.4272
1.5777 4.0926
-8.9306 2.5915
9.4731 -8.5069
-12.2422 1.0042
1.7526 -9.0393
-7.9494 0.2042
-10.4318 -7.2135
-8.3168 -7.2085
-9.1830 2.9350
-10.3361 -3.0274
9.3245 -3.9347
-7.8131 -5.6886
1.2322 1.7136
-8.7620 7.7156
2.8387 5.9688
-7.1192 -14.3948
-6.6170 8.5694
-8.2809 -0.6019
5.6718 -5.6055
-9.9129 -15.1030
1.5439 7.5642
-5.9153 -12.9860
8.7098 2.4623
2.1150 -2.4732
-8.5393 1.5314
-8.3013 8.3038
-11.1500 7.5547
-5.0045 -8.6725
2.1516 -8.3436
-8.7207 -5.2200
-7.9154 6.9900
2.3867 -7.2677
-12.7116 -8.6116
6.8168 -9.3059
2.0641 -6.4762
-8.0592 7.3805
-6.1943 -6.7030
-7.8602 -9.3346
1.2269 1.4604
-6.3864 7.8746
6.5900 -10.6262
-10.2487 8.2825
-9.0521 5.3847
6.5892 -8.6406
-9.8531 1.0326
1.8178 6.3456
-5.9233 -6.2117
-10.0877 -15.4147
-6.4453 7.9529
-9.2535 6.1525
-2.2248 0.4703
7.6535 -5.2737
-6.6436 -4.5395
-6.9632 -12.0236
6.8147 -7.7390
7.9518 -7.6107
6.2242 -8.5456
3.1337 -6.2854
6.9260 -9.5274
6.3913 4.0313
-8.3927 2.2488
-10.2797 -6.7566
-11.6053 7.6120
-9.8840 -10.3257
-9.3561 -12.0086
-5.9343 -8.5567
-7.7032 -8.2003
-5.9938 -7.0268
7.6489 -8.9420
6.3589 3.7703
3.1448 -10.4515
2.8816 -6.0154
-8.4663 -3.3056
7.0815 -9.0554
-4.2488 -12.3470
-8.7326 -10.5959
-5.6883 2.7280
-11.3571 7.9574
-8.7984 -13.9952
2.5167 -8.0732
1.4543 -9.9874
-10.7111 -8.1218
-9.4538 4.1901
-8.0245 -11.5902
1.7380 -9.3970
-8.0946 6.9850
7.0614 -11.5623
-6.3566 3.1872
-13.1300 -3.3065
-11.4847 9.2652
7.3482 -8.7227
-9.8482 6.8483
8.6196 -13.3523
1.0006 6.8797
-14.1094 -9.2791
2.7920 -8.8103
-10.2821 7.7242
-9.3814 7.8489
-12.4353 -8.8449
-9.9010 6.1402
-6.5388 -9.8102
-8.9209 -10.4992
3.2421 6.4250
-10.1373 -9.8873
-4.0085 -8.5063
-6.2899 -5.7106
0.8805 8.3910
3.2751 5.1348
-7.8598 -7.3606
-6.5866 3.8088
6.5160 -6.4693
2.1564 0.5085
-8.2044 7.8219
-16.5836 7.1096
-8.5194 6.9905
-8.8773 6.6027
1.3619 -7.5736
-11.1847 -7.9815
7.5687 3.5061
-8.9037 -7.9984
-10.1328 2.3663
-8.6096 6.9163
5.3258 6.0440
2.7752 -11.8083
2.3844 6.1213
-5.1627 2.0209
-9.6548 -10.2165
6.3357 -9.4901
-10.3016 -9.4051
6.3945 -7.7842
-10.1458 1.3143
-6.7742 -10.0516
-7.8123 -11.6168
-0.4829 -10.8190
-12.5069 -10.6107
-8.9060 7.9437
-9.6739 -10.1252
-8.7591 -2.3564
6.9163 1.6860
-11.4176 7.5607
7.4534 -0.8073
2.1879 8.4673
-13.0971 -11.3398
-10.9684 8.4833
-8.1938 -9.0425
-7.3082 5.3318
-11.0638 -4.5708
-9.3345 5.9664
1.6722 4.7211
-0.8312 -10.6125
-12.8493 8.9207
1.3629 -6.8970
2.7267 -7.8665
2.9452 -12.1536
-9.8466 -9.8640
7.1233 1.1916
6.2823 -9.4764
8.9111 -6.9894
-4.2584 -9.6833
-6.7182 8.1954
-11.0573 -6.3380
-10.1641 -0.3322
-2.3371 -10.5857
-7.6402 6.9179
-6.5923 5.7614
-7.6970 9.1388
-7.4039 2.4001
-2.8578 -8.0156
-5.7625 7.6621
7.0937 -16.2102
2.7402 -9.7575
1.6903 -3.7102
-10.1142 1.7190
-8.6369 -2.1513
6.9342 8.1022
-11.2758 -6.7948
-3.2571 -7.9419
-12.2034 7.9305
1.9522 7.3067
2.6908 -10.4815
-1.0476 -6.2711
1.9376 2.5288
-7.1018 -2.0044
0.8140 3.7112
-10.2630 -7.5437
7.4004 -1.7296
-9.6385 -8.2174
3.1472 -7.5182
-10.8076 -10.0165
-5.6370 -11.6216
8.0612 -6.5082
-8.0232 -11.3588
2.6440 8.7644
2.4003 -2.9779
8.3058 2.0009
-3.1282 -6.8245
-11.4859 -7.3723
7.3595 -8.6889
2.8244 2.5050
-13.2109 -8.4573
-9.7363 2.8953
-11.6860 3.2324
8.1966 -10.5905
-11.3068 -8.7941
-10.7020 -9.7958
-10.6367 6.1188
-9.6973 6.8853
6.5648 2.1506
5.6604 -2.7896
0.5374 -11.4884
-6.8808 -11.3947
2.2782 -14.6295
-6.4878 -7.7358
7.2723 8.5118
8.5190 -7.6356
-8.5710 -10.7824
-8.7245 -7.6798
-2.8522 -6.6099
-3.5700 -5.6464
-1.0308 -7.9456
8.2560 -15.3735
-8.1268 -8.1357
6.3099 0.9885
2.4684 -4.9783
-4.9982 3.0057
0.8174 -8.4716
-1.8063 1.4556
5.1092 1.4054
-7.0959 -6.6947
8.1199 -5.3380
-9.6509 -8.3070
2.2856 -6.3066
-3.5172 -9.7362
2.8953 5.2451
2.4993 5.7296
-9.2792 2.8282
6.9952 -9.1706
-11.2836 1.2320
-5.8077 6.9699
-1.0456 -9.6402
-10.6772 -9.2358
3.9739 -6.1444
-6.0311 1.1205
-5.6257 -13.9812
-6.7737 -0.5445
8.9865 -7.7127
1.5431 -8.2813
-12.9911 6.3134
-8.1684 1.8333
6.0982 8.6906
-6.6682 4.0910
1.8404 -7.4472
7.1821 -5.7665
1.8223 7.6689
1.6269 7.1174
-9.5675 -0.1215
3.8604 1.5854
-5.7009 -14.9179
1.3873 -5.7530
-15.7120 9.2483
2.2605 -3.4159
3.3554 -7.6837
-11.9616 -5.0834
-7.7471 8.1359
1.3248 1.3329
7.4052 -10.8259
-14.1775 -1.2284
7.4432 -7.2215
-9.1602 6.0718
-8.4817 -13.3863
0.3666 9.1774
-10.5873 -7.3550
-3.9545 -7.6656
-9.2053 -3.7713
-1.0737 -8.7174
7.2871 -9.8433
0.1003 7.4965
-9.5682 -9.8736
6.6070 -2.7540
-10.1133 6.2144
-11.0912 7.6783
-10.5097 -8.7024
-7.4977 -8.0393
0.9939 -7.8516
6.0312 -11.2124
7.9546 -6.6855
-8.8315 -13.8155
-12.3384 -13.6161
7.2158 -6.7629
-10.7927 -8.1618
1.5431 9.5579
2.1921 -10.6237
-10.3309 6.8531
-12.5792 -8.7178
2.0201 -6.1983
3.7625 -8.4335
-9.0050 -9.2527
-5.0268 -9.4472
5.5897 6.0205
-8.5131 7.7442
-16.1746 -7.2158
1.9381 -6.9072
-3.6670 5.7420
-5.6787 -6.4033
4.9112 -1.9648
2.8213 2.5979
-8.2760 -8.7754
-10.2300 -9.3397
-6.8154 5.1295
-7.1623 -8.4199
-10.3162 9.3746
-10.6736 -5.6059
5.6270 -6.8747
-8.3929 -11.5083
0.8058 7.6945
-1.4114 2.6101
-10.2782 -4.1461
-9.1015 3.2477
3.8593 -7.1238
5.8285 -9.2488
2.2346 7.9211
-6.3535 -0.4017
1.6784 1.9111
2.7015 7.3494
-7.7730 1.7427
6.8716 -2.1204
1.9830 5.9615
-13.0262 3.6392
7.5519 -3.9217
7.4044 5.2871
-3.0675 6.1261
-4.3821 2.7219
-7.5031 -6.9284
2.2216 -9.5148
6.4740 -9.0735
0.8746 -11.9051
7.4806 4.0504
-6.2534 -8.7575
-7.9645 -7.1423
-14.3119 -10.1429
3.5048 -6.5970
-9.0170 -10.8631
2.2122 8.5850
-12.2421 -7.1180
-6.4886 8.4578
-8.7447 1.5078
2.3924 -7.5782
1.7270 -7.5644
-6.5757 8.6069
-14.3037 6.9892
6.4073 -9.7733
-7.8869 5.7465
8.8843 -6.5357
6.6387 3.1328
1.9502 5.6132
1.3716 -9.2554
-5.9216 -7.5435
-4.5519 4.2496
5.6421 -7.1499
-12.3864 -4.9638
1.1721 -7.7671
-7.7629 -0.3920
5.5335 -7.6727
4.3752 -7.4772
1.5530 -11.9738
-7.5306 -10.0907
0.3810 -7.3730
0.8075 -10.5137
-1.2580 0.8538
0.1141 -4.7885
7.5696 -12.0083
8.1580 -1.3866
7.2450 7.4128
-15.8896 -5.5070
-5.5207 3.1640
7.6047 -7.7641
2.2726 -8.4692
2.3395 -8.2110
4.9357 -7.9943
-9.0580 -9.2676
7.5790 3.8354
5.6803 8.4776
2.1883 -3.3449
-8.0719 4.1077
1.7201 -4.2321
-9.0567 2.5015
1.3997 -9.4238
1.9195 1.8385
6.9290 6.1384
-4.6574 -12.3795
-5.5020 -13.3163
1.6098 -8.5393
8.8224 8.0862
-9.2710 2.6038
2.1161 -10.1616
-8.2948 -8.4872
-8.6358 -0.7527
5.6469 1.5615
2.0534 -9.4788
1.2377 2.6405
-3.0514 -8.0615
-9.3104 -10.7256
2.2998 -3.5397
6.9622 -12.5775
6.8315 5.7017
-7.4330 -3.6407
-3.9440 -2.0141
-6.0703 -8.3661
-5.3863 1.5290
-9.7161 -8.6900
2.0761 -10.0275
8.7561 -10.6142
6.2705 2.4552
-7.5616 2.1942
6.4903 -4.4581
-10.0408 8.3790
1.5339 5.3460
2.5098 -11.3504
3.5199 -7.3940
-8.7985 -3.7815
-8.5231 4.4971
6.7521 2.2791
-8.1633 6.4704
-13.5125 2.7286
9.4734 3.6728
-7.8514 6.0097
-9.2291 -2.3730
7.1951 -7.7370
0.3825 -7.9999
6.3297 -1.3080
8.6884 -9.8720
-5.0462 2.6405
-10.6795 -8.8580
-8.4808 -10.7357
-9.3660 3.0453
-5.3843 -7.4943
-2.0103 1.4232
-9.0838 -11.7098
6.2376 0.4237
0.6901 -7.2999
-6.4248 -8.6167
3.0938 -5.5574
-8.5313 7.2060
-8.8817 -5.1929
6.5119 -5.3461
5.8694 6.0657
1.8090 5.6125
7.3910 -8.9988
-9.9629 -13.8522
7.2039 10.0037
-14.5041 2.1455
7.8796 4.8892
2.8816 -0.4742
7.2850 7.0937
-6.5424 -10.7105
-0.7584 -3.3599
-12.4375 -11.4037
-10.3303 -1.4370
-9.5482 -11.0761
-7.3822 3.2020
-15.4876 -10.3206
1.1026 7.2555
2.2312 0.9732
-9.5985 -7.5215
0.6739 8.5572
9.2491 10.0852
8.2874 0.3443
-7.8192 -6.9982
-9.0819 -10.8601
-7.6971 -8.4547
-7.1851 7.0158
-12.3038 5.3468
7.2229 -4.5427
-6.9002 2.1439
5.4517 -9.7153
-9.1386 -9.4638
-9.3516 -4.2322
5.8271 -6.3120
-8.4699 5.9679
-11.5161 -7.6285
-5.0717 -11.2641
4.9318 -9.2595
2.1372 -8.8058
-9.8865 -7.9259
-4.2398 -9.2211
6.3122 -7.8378
-9.1811 -10.7361
-7.5664 6.3319
5.4211 -5.8239
-12.0645 -9.5423
-4.1420 -6.2110
-7.4010 8.2081
-7.7454 -6.1511
1.7800 7.2179
8.7341 9.5689
3.2918 8.3698
-8.3986 1.5316
-8.4509 0.9139
-6.3950 3.2908
-5.7602 2.1449
7.6717 6.4230
7.1522 -10.2563
-6.1455 9.8176
-7.8561 4.5210
-11.6153 -8.3271
6.4007 6.9356
8.1721 6.0950
2.2377 8.7763
1.0955 7.5787
-5.6452 1.1934
5.7920 6.0164
2.2065 -12.8540
8.5461 -10.4473
0.9183 2.5504
0.5582 -7.4045
-1.4462 -5.4617
-9.8431 -10.5949
0.2435 7.5119
-7.6247 -2.5711
6.1742 -10.2095
-10.9231 -7.6940
8.5792 -11.8669
-16.5761 -11.4314
8.3895 8.3915
-7.8199 8.5161
-4.8840 -5.4021
2.2067 -8.1942
4.0095 -11.6286
-8.8212 2.4805
6.1200 -8.0886
1.6844 -8.6800
8.1136 -6.4804
8.2436 -16.9493
-15.1468 3.0906
-9.1034 -10.0028
-10.0310 7.7721
-1.5902 8.7536
2.1502 2.1763
-12.3159 -8.5538
3.1969 -3.8796
-9.8439 -10.6311
2.5166 6.4405
-12.9637 3.0864
-14.1060 1.1667
0.6955 -7.0408
6.8383 6.0608
-9.0569 7.1319
2.7374 2.2450
6.0322 -8.5222
-6.6194 8.1925
-8.5286 -0.9858
7.0606 -8.4622
2.1846 -13.4479
6.3230 6.1690
5.1886 0.6858
10.6143 -13.3213
6.3977 -6.8124
-0.9246 6.6733
-3.5097 2.5304
0.2381 -8.2663
5.7994 -8.5223
-9.9695 3.2636
2.0078 -7.9402
-8.1901 6.6753
1.4373 -7.2484
-8.3671 1.5577
-7.7839 -8.6653
6.5033 -13.5493
1.7887 -2.2840
-8.6041 -6.5639
-2.8838 7.1012
-10.5376 6.0243
7.6899 7.3234
-9.7957 -6.6310
-7.4827 0.3583
0.8368 5.6691
-13.3674 0.7930
-7.9966 -7.1316
-9.9830 -9.7019
-5.3391 2.3528
-8.6569 -8.2366
-6.5038 -7.0439
-5.9824 5.8177
-7.9786 -8.4081
-10.9640 -8.2668
-7.6241 -8.0962
-6.0321 7.2469
-6.7870 6.1854
6.6794 6.3106
-7.7493 -8.3095
5.9560 6.1855
8.2296 -13.2095
3.7574 5.0042
2.5382 -7.8111
-6.5771 -6.6393
-7.7823 -7.5737
-5.8415 -9.0658
6.0773 -9.9008
-3.9890 -6.5065
8.4243 -10.3662
1.2894 1.9130
-8.5334 -7.5432
1.4901 2.8624
-7.5416 -6.0106
-9.6693 0.8091
9.1111 -7.1361
-12.5758 0.7043
-4.1037 -9.8786
-1.3287 7.8211
-7.7081 -11.0975
-8.0919 -1.3352
1.9484 7.1939
-11.8549 -10.0220
-10.2640 5.9699
6.2566 -8.5296
7.9327 -9.1930
-6.4501 -7.5080
9.0714 7.7506
-7.3264 7.0652
-14.0522 -0.3001
6.4689 -14.6696
-7.9851 1.9464
-7.6358 -15.0042
-4.5532 5.5847
2.7802 -9.7053
-10.0965 5.3471
-7.8693 7.0039
1.4847 1.2994
7.7059 -11.1104
6.6973 -9.6459
6.1866 7.1930
-9.9195 -8.2244
-7.6196 7.8176
5.2528 -9.8500
5.3722 -9.3711
-15.3355 -7.6328
-1.1381 0.3708
-9.4772 -13.1245
-2.0256 7.8319
-6.1158 -12.1415
-12.0084 0.2632
9.1735 2.8552
-7.3039 7.3773
-19.5983 -9.0548
-8.5677 -7.3344
-6.9998 2.8184
-6.0872 -10.2790
1.7005 8.3236
6.3874 -14.3622
-7.7320 -8.1288
-8.4641 -9.5225
7.9807 4.6080
6.0398 -8.9750
-9.9091 -7.3457
-8.2848 0.0815
-8.8025 -7.6240
2.1248 -6.8005
-4.8549 7.8332
-2.9816 7.7374
1.8314 -5.8720
-7.7093 -8.3087
-8.3079 -3.6621
-9.9594 1.7555
-6.7349 -6.9046
7.2702 1.8834
2.8978 -11.5812
-7.9284 -10.0484
-6.8602 8.6953
2.9826 1.3803
2.6733 7.7344
-0.4001 -7.3845
-10.9877 -8.8359
-10.6493 5.4760
-3.1869 -7.5796
6.7827 -12.7937
-0.4154 -15.8013
7.8570 -12.0676
2.1936 -7.5077
0.8836 -6.1742
6.4068 -5.2113
-4.8082 -4.3016
-13.6418 1.5103
-7.7868 -11.6475
-9.3958 -11.3401
-7.3850 -5.6729
-8.4627 1.6157
2.1868 -10.8349
-10.6764 0.8085
9.3402 -8.6527
-9.8729 7.7323
-7.9246 -10.6420
-7.5841 -3.2968
-6.1535 1.9606
0.7451 6.3413
-4.3955 7.9814
3.3568 -12.3357
-6.3812 2.3387
-7.7299 -13.2838
-9.6727 3.4555
-7.3220 -7.3469
-8.4336 -10.7866
-9.8281 -11.7953
-5.2391 1.6593
4.6064 3.4949
7.4819 -6.8002
-14.0694 -1.1272
8.1442 7.0023
-8.4691 2.7887
5.9302 6.5071
-12.1735 -11.7251
6.7370 -4.8542
-12.3621 -12.0642
-9.2738 7.6395
-14.2658 -7.5024
-5.8759 -10.7218
6.5071 -8.7366
7.1278 -2.7439
-6.0886 2.0770
2.1673 2.6433
-13.7036 8.0232
-6.3929 -10.3366
-12.5081 -11.2690
6.9585 2.0117
5.2443 -6.6947
1.3187 5.8835
-6.4396 -4.1974
-5.5943 -5.9417
-6.9988 -4.4360
-4.6582 -11.9490
5.3447 8.2493
0.0314 -9.7454
6.6198 -8.7524
-5.7725 1.9230
6.5143 -2.0910
6.7042 -6.0501
-13.1314 7.0561
6.1733 6.3325
-9.8818 -6.8713
2.5038 -8.2411
-6.0615 8.1646
-1.9392 1.2555
6.8257 2.6495
2.2051 2.2350
-11.0578 3.0831
-6.6144 -9.1761
-10.0526 -8.8188
-7.9285 -8.1164
7.5193 4.1461
6.5654 1.3687
-14.8724 -11.2961
2.8803 7.0714
-10.8068 -8.5079
5.5596 -7.6850
-2.2226 -10.5008
-6.8428 -6.6866
-10.5406 -9.0121
8.2347 -12.2796
2.9431 -9.2303
-12.5309 -9.6228
2.5390 -6.7265
-12.2361 -14.9497
6.9352 1.9795
-1.5695 -1.5308
-6.2890 7.0147
1.3237 -9.3908
-10.1697 7.0113
-8.0099 9.0692
-6.7561 -6.2762
-12.4740 -10.2743
-12.6442 -7.4336
-7.8540 -6.8369
9.0668 -9.3032
6.7150 1.5460
-13.6846 -7.2612
-8.1182 -1.0343
7.2246 -5.8250
-5.8383 -6.8749
-10.2374 6.1923
-7.2708 -7.5577
7.6269 -6.4300
-8.6931 6.2597
-9.5748 8.3180
-7.5674 -7.5312
9.1559 -8.6142
1.4168 -7.9407
-6.9902 2.7142
8.6534 -7.3423
-1.8174 8.1591
1.9494 -7.7684
-10.5739 5.9823
-9.1004 -14.9547
6.5794 2.2295
5.0397 2.6948
-9.3691 3.2816
6.2702 -11.0931
7.8465 -5.9809
-9.8112 3.6621
-17.7263 -2.4400
-10.0669 -3.9437
-9.4689 -9.8453
-3.2937 -8.1885
-11.8012 -6.9863
7.0983 6.5808
-10.7205 2.7854
-7.9291 -13.4039
-7.3439 -8.2474
-3.5904 -6.1833
8.8161 5.2680
-5.4421 -8.0878
5.2493 6.2232
-12.5337 -7.3630
-2.9289 2.7167
-10.3109 2.2915
6.5197 -5.7301
7.7277 -9.6685
-12.2499 -10.0601
-13.7252 -9.3048
-4.1323 -14.9104
1.5849 -4.6153
2.3153 -5.1999
5.6092 -9.4185
2.4155 3.9843
2.9055 -0.5762
4.4206 -7.0113
-1.0237 1.4639
3.0538 6.4839
-6.3591 9.1281
3.5535 1.8533
2.6522 -8.1548
3.0801 2.2289
9.9234 2.7654
4.1815 4.1169
3.4326 4.0534
-0.1935 -6.6374
-2.0198 7.4409
-6.6228 -8.9903
3.5515 4.8151
3.2442 -8.4616
-8.7016 1.8562
6.0168 1.0596
2.6260 2.4993
2.4797 -0.5926
1.4388 3.4401
-3.9422 3.7656
-0.5825 -0.5350
3.9983 -8.8522
4.7548 -5.7629
2.2878 3.9032
-5.5975 -0.8413
4.5489 0.6922
-0.9540 2.2809
3.6866 3.7067
0.6766 -7.7616
3.7691 3.8354
3.6697 -1.8732
1.5538 -5.7245
3.9668 -6.1897
0.2258 4.7483
3.1425 -1.5030
0.9521 -7.7578
4.4609 1.1706
4.9701 -5.5041
1.1388 2.6939
5.2393 4.1661
3.7244 3.1469
5.0326 3.5444
2.9776 5.2179
3.2579 -2.9236
-8.3494 2.9707
-7.8858 3.8281
-8.6643 2.1770
-8.5848 -8.6644
4.7835 3.4444
-9.3901 4.3570
-7.1863 -9.5574
4.4145 2.5865
2.7044 3.7499
3.5996 2.2829
4.9789 3.6037
3.3505 -5.5016
1.9525 -8.5158
-6.5359 -8.5968
-0.7557 2.9901
4.6472 2.9893
-9.2638 1.8295
-0.0543 2.7031
3.0474 3.0748
0.3043 5.9108
3.5018 -6.7521
-0.0037 6.1331
1.6622 2.4503
4.9146 5.2750
-0.2578 3.8791
3.6999 1.3721
-5.0158 4.5828
2.4665 1.8182
1.7700 4.9004
3.7068 3.7134
-3.5236 2.8768
0.8642 2.1040
4.3768 -0.6743
1.6700 2.4083
-1.7798 3.6220
3.8526 2.9637
4.5880 -6.8977
3.0921 4.0046
2.0865 0.0652
3.8209 1.7378
-1.7502 2.1496
5.9896 -0.0350
-7.5184 -1.2493
-1.9940 2.8135
5.2657 3.1874
1.5077 3.0617
2.5968 -9.0117
1.7306 2.6513
2.1836 -10.9843
4.2012 4.8091
4.1067 2.2420
3.5748 3.8270
-6.2308 2.9116
3.1254 1.9914
2.1196 4.2768
-2.2665 -0.4467
-0.4956 2.7480
-8.4585 3.1945
-3.1691 -1.2695
-5.4585 4.0400
2.2698 2.8789
-7.1624 3.8197
2.6138 4.2625
6.3270 1.1473
4.2364 3.2621
6.5848 3.0017
3.9575 2.7675
3.7132 2.2739
3.2290 3.3389
-0.2198 4.6460
2.8329 3.0209
5.9241 2.1312
-7.2836 2.9426
3.3798 3.8255
-0.4957 3.6407
-1.1474 0.9915
-4.9852 3.6052
-0.2704 -8.1123
1.0300 -4.8499
-4.3082 4.0825
4.2920 -8.8598
-8.0433 3.1400
-0.5224 3.2707
2.4649 4.4565
6.7451 -6.3320
4.1495 -0.9563
-7.7108 2.8310
3.8546 2.3207
3.9552 1.9777
-6.9068 3.0027
4.7116 4.5631
-7.3458 3.7742
-10.1347 0.6794
2.1403 4.1237
-0.0672 1.7927
-5.7890 8.1218
0.3286 3.1200
3.0885 2.9453
3.8222 4.8440
1.5392 1.4458
-2.4607 -6.1482
-3.8821 -2.7159
3.0604 4.8845
1.6421 -13.5887
2.5409 -8.5043
5.6388 3.6082
4.5207 0.3303
3.7614 3.9324
-6.1333 -5.4093
3.1066 2.3063
2.8640 2.4843
4.9544 4.4580
-10.8966 3.1154
-7.4789 4.9647
3.9083 3.2702
2.9546 5.3600
-0.7840 -4.6977
4.7241 -7.4023
4.0756 3.8802
-7.1527 7.0926
-8.2069 3.6911
3.8007 -0.1279
-9.6553 -3.1049
1.6424 1.4922
0.3016 4.0088
5.2554 2.6685
1.9856 -1.8360
1.5078 4.0424
2.5085 3.1672
1.8778 -0.3624
4.2755 -0.2712
3.1418 4.8478
3.7202 3.6688
4.0538 3.6984
-7.1872 3.7607
2.9634 -0.8602
6.7095 0.9006
2.2749 0.5601
5.3033 4.8565
4.9143 -5.6282
-7.8621 -8.2588
2.3961 1.5229
2.3996 6.3430
-0.2209 5.1413
3.6635 0.9904
1.0466 2.5122
1.9387 2.7421
3.4962 5.0779
3.9456 3.4507
2.4287 4.0075
5.5922 -8.1524
3.1717 1.7075
-11.6163 3.0575
2.4472 3.7359
3.1962 3.2758
5.2514 3.6629
2.0609 4.8319
3.7907 -1.3500
-9.4526 3.4197
2.5564 4.2662
3.2280 3.6374
4.4477 -5.8919
2.5172 3.8651
1.9595 2.2429
2.7010 0.2790
2.3172 1.6899
-8.6822 1.8892
0.9134 -2.1435
4.0990 2.5234
7.6805 3.0039
7.8761 4.2713
4.8156 4.0465
4.6370 1.5699
-0.1004 -12.5191
2.7727 3.8640
5.7242 1.9319
3.4096 0.5587
-7.2110 4.8961
1.9961 2.1164
4.4044 3.8609
3.5092 2.7439
4.3934 1.5907
-5.7980 1.1279
-0.7048 -3.9441
3.9613 3.7456
3.7672 2.8821
2.3258 2.8884
5.2041 2.9642
-1.7891 5.7912
1.2062 4.1012
-8.7982 -0.8613
2.4497 3.5738
1.7665 4.2316
1.5984 2.6037
3.2228 3.7650
4.8405 -8.7185
4.2547 4.7940
-11.1492 -10.2630
5.5069 -5.1716
1.2760 4.1466
2.7181 0.8999
4.7659 4.3869
-10.2356 4.2140
-7.9494 -12.6018
3.0129 -8.2752
1.4441 4.1409
6.5182 4.1342
2.3637 3.8819
4.5460 3.0477
3.5440 -8.9997
4.7544 -0.3068
2.6806 1.0878
0.9740 2.1878
-0.7245 -0.9780
6.8640 2.5984
2.5764 2.4093
1.6984 4.1842
2.5671 1.0148
2.7989 -5.2286
-2.2837 2.2193
-6.5647 4.1782
4.1690 3.7242
-7.4124 -9.9118
5.0573 0.7377
3.9281 4.1200
2.7917 2.5250
0.4297 -7.9764
5.6324 3.5373
-7.8293 2.1778
-4.9283 3.8316
6.3533 3.7153
3.7357 4.0762
2.4470 3.5879
3.7667 6.6825
4.6966 3.6346
3.1011 2.3430
-4.5670 4.7415
5.2310 0.4114
3.5403 2.9367
3.9979 2.4463
3.1191 -9.2223
-0.3672 2.5579
-5.9211 2.6401
-4.5753 3.9675
-1.4177 -8.5023
5.7023 2.2002
5.0915 7.8334
4.0519 2.5055
1.7357 2.5185
3.9959 4.4436
3.5604 3.0936
4.3451 2.4417
5.4148 -0.1063
1.5365 2.8286
3.2644 -8.5981
3.0431 2.2649
2.7410 3.6139
-0.3306 3.2209
3.2752 6.6612
3.8438 4.8301
4.2390 2.2478
2.7575 1.3005
3.2027 3.7869
2.4610 2.5623
-5.5558 4.6078
2.8245 2.4261
2.9155 -9.5120
-8.1556 -2.8549
9.0883 3.2386
1.3985 3.4399
2.4393 3.4010
3.9134 3.0019
-3.3385 -8.7782
-2.8268 5.4992
0.5134 1.4661
0.6699 3.5413
2.7331 2.3753
3.4114 0.0975
2.7175 -3.5600
-0.0184 2.4503
2.5164 4.5328
1.8266 4.7570
2.4408 2.1851
-8.5730 1.9570
2.6769 4.2326
1.7613 7.3344
5.3780 1.3147
-9.9631 -6.5392
5.2302 4.5778
4.8745 3.2049
-5.6053 5.5882
3.2776 -6.5471
3.6638 2.3260
-0.2071 3.8772
2.8208 3.2429
3.0553 3.3190
-7.0512 3.4264
3.6203 -7.3595
1.2595 4.0713
3.4617 2.4155
-7.7897 -8.1092
2.7878 4.7413
3.9951 4.4391
-8.9974 -1.4048
-7.7126 -6.1476
3.5231 4.8680
-0.4861 -7.7802
-0.5715 -6.3447
-7.3697 -11.5785
-0.6460 2.5786
-6.6682 2.6589
-3.4482 5.1704
4.8008 3.5429
-10.0727 -5.6466
-6.3950 2.2742
0.6508 3.0189
4.8270 2.3260
-8.9732 4.2945
3.0852 4.0951
2.6868 -11.3424
1.8564 6.3660
-9.6847 -0.8266
3.4863 4.6481
-0.0736 4.4783
0.3268 0.0482
5.0549 4.5793
6.1821 -4.3405
4.5523 3.3104
0.3658 2.9143
3.4928 4.4598
1.1170 4.3839
3.3897 1.9013
-4.6467 -5.1169
5.5872 -2.9111
-5.7428 2.7491
-8.0373 3.3171
-10.2518 -6.1122
3.0020 -0.2845
2.9944 4.1629
-6.7646 4.7406
5.4166 3.6295
-9.7000 5.0703
4.4551 2.5846
2.6308 2.0055
1.1977 1.5034
1.1234 -7.8193
2.1349 3.0236
1.4180 -9.1311
1.7453 4.4699
-8.5118 0.1390
3.3521 1.2554
2.0305 1.9749
1.5687 0.5487
1.0726 6.0513
-6.6525 4.6066
3.1832 2.4756
1.3423 10.5397
3.6225 3.5562
4.6545 2.5268
2.6872 3.3652
5.6046 0.8068
3.1863 1.8777
2.8895 5.1830
7.7960 4.3127
6.8051 2.5708
3.4335 -7.6853
-7.0561 6.1014
1.7352 3.6824
-7.7377 1.0251
7.2562 2.3137
-1.9373 11.3524
-8.6251 -11.1322
2.2516 -0.9404
4.5345 -0.6751
2.8015 2.7655
0.8973 3.1938
-2.7622 -4.6220
-4.6415 4.7631
2.3023 3.1224
4.0505 3.7731
2.8186 -2.1461
2.9585 1.2939
-8.7261 1.8588
-9.6087 -0.6976
-6.2797 3.1499
3.4108 2.6308
3.2581 -4.9801
-5.8233 4.0204
3.9992 0.5036
3.9478 2.5950
2.8748 5.6480
5.2177 4.3853
3.8941 3.2376
-8.4282 -1.8864
-7.5207 3.5198
0.0411 -9.3174
3.2316 2.2496
4.3853 -7.2324
1.6282 4.3605
-4.1805 -9.6601
3.3832 -8.4770
1.8636 0.8089
3.9111 1.9868
4.7644 -5.4747
5.4637 4.7335
-1.7210 3.5062
4.8675 3.1567
4.4240 2.4302
3.3135 3.9328
-7.4779 3.6096
2.0081 -3.2919
2.9291 -6.7308
-1.3900 5.9660
5.9153 -6.4912
2.6722 3.0185
1.2567 3.3845
-7.1428 -4.8870
4.0214 3.4443
3.3623 4.0310
2.7576 4.8558
2.6421 2.8012
-9.0759 -4.7011
-8.6424 -1.5943
2.7763 2.0861
2.6071 4.4469
3.1012 1.1309
3.8629 4.7130
3.5491 -8.6704
3.5962 -2.3057
-4.3052 0.0888
1.2185 3.0922
0.4137 5.5893
-0.8656 4.2661
4.8253 3.9658
2.5577 4.1185
-6.7685 -1.4745
4.9487 -0.1975
3.1455 5.6457
4.6956 7.3167
3.2868 -4.7072
4.3995 5.3985
4.3010 -6.1701
-7.6569 2.6588
3.7350 1.7064
2.6806 5.3338
3.3699 -7.2444
-2.6567 -6.5294
4.2595 -7.7161
-10.1956 6.2757
2.1207 -3.8697
-2.7630 4.1666
5.0889 4.2398
2.3544 2.7282
-8.6757 1.0916
6.3611 3.6702
-11.2093 -5.8198
-5.9400 -0.7571
5.4696 4.2810
3.0630 0.6242
1.1565 0.7165
0.8424 1.9977
3.1899 -1.0115
6.8736 4.5789
2.8401 2.8664
-2.8339 -2.7037
-5.7718 3.3038
-0.5010 0.4482
3.7866 1.3868
4.8777 -2.3390
-2.7019 2.3615
-0.3761 4.0491
1.7377 1.8997
3.0055 -11.6208
-7.5172 0.5441
2.4414 4.9367
3.3603 -0.2701
4.1968 -5.1891
1.2693 3.7897
-4.9329 2.7681
2.5059 -3.1992
-2.4631 -6.3703
2.5677 4.3274
2.2012 2.7332
5.6848 4.4754
-1.6721 4.5906
2.3531 1.7156
-4.9663 2.9304
4.0458 3.6139
4.0162 -7.4153
6.6143 2.4995
2.6162 -5.6848
3.1499 -5.7837
0.9159 4.5511
0.0951 4.7966
-5.8701 -7.0950
4.0174 1.0370
2.7052 -11.3607
1.5367 1.0546
2.2589 -2.4448
3.8713 2.0621
5.8205 3.9870
8.8560 4.4424
0.1331 4.4644
4.2092 -8.4659
-6.1752 -7.1733
2.0794 3.8160
2.0771 4.2720
5.0136 2.9532
3.1582 -2.9005
2.8395 -0.2998
3.6972 3.9462
3.4899 3.9200
-8.8592 0.2928
-1.2084 -2.6069
-0.2710 3.9472
3.7972 2.0225
-2.1049 -4.9532
0.1647 4.6422
5.7273 -10.2469
5.8064 -4.0086
4.9275 4.2546
-7.0637 4.1841
4.7249 3.7730
2.5908 -6.9560
4.4693 3.9186
4.8856 4.3434
2.1907 5.2685
3.7793 5.7156
4.5301 3.3454
3.7019 -0.9539
3.4063 3.9273
-0.6514 2.5281
4.6875 5.0929
4.4582 4.3859
4.3138 4.9159
0.1378 5.0032
4.4444 4.6982
-9.8300 3.0721
-6.0045 6.5637
-1.1698 3.4600
1.1711 2.6545
4.4370 3.3855
2.2369 0.5160
3.5696 0.3815
-0.8810 3.1345
3.0147 4.0118
2.4508 0.8736
3.0775 2.6620
-9.3400 -7.6114
1.5131 2.9304
3.2036 5.4385
2.8174 3.4850
2.8249 3.4829
2.5887 3.7430
4.0781 2.0555
3.9881 -8.6116
3.9021 2.8065
-2.7307 4.0768
4.1617 2.8112
4.8962 4.1050
-0.1671 3.8456
-1.9139 4.6132
4.8480 -4.0542
4.3798 2.8360
4.0420 5.4657
2.0382 -7.5544
0.2649 2.8528
3.7908 -9.9263
-6.8916 3.9689
0.2772 -9.6599
2.8061 -1.3246
3.4477 -0.9605
2.9546 3.0591
0.2321 2.5760
3.1017 3.0969
-0.0480 3.6907
3.8045 4.1248
0.1037 -6.4058
-2.5727 1.1942
6.8922 2.3987
3.0438 1.9575
0.7827 4.3807
0.5197 -8.3698
3.7318 1.8880
-0.7340 0.7278
3.2119 4.7263
-6.5118 3.8662
4.3966 3.2393
0.4159 6.4765
5.5861 2.3937
1.9210 -0.8261
2.5217 3.5885
2.8419 3.7298
1.7941 4.6029
2.8232 4.0491
2.6891 -10.4802
0.3200 5.0303
6.5323 -1.1724
3.0447 4.5395
0.2932 4.9515
2.8835 2.3919
3.1890 8.1385
-0.5715 0.8785
3.6249 -7.4966
-3.2891 5.1398
-6.7037 2.6087
-1.1395 0.4616
1.3638 3.8304
3.0251 -7.9826
1.4732 2.8516
-2.4311 3.9852
0.9258 -6.2351
4.5041 -1.1345
-13.0360 -8.1862
-4.3755 -5.3942
-7.9090 3.3995
-7.3366 -11.0945
4.5927 2.5522
3.5878 3.8842
3.4257 4.1315
4.0203 2.3427
5.3392 4.1225
-1.4611 1.5453
4.1006 -7.0729
4.3236 -3.7834
4.9528 1.4568
0.4143 -3.1807
2.8757 -8.8021
3.9689 3.9172
0.2003 3.4081
1.8413 3.4581
2.7207 2.1989
2.8690 3.5913
3.0300 -6.0978
-8.7479 4.6599
-9.0379 1.0001
3.5299 -9.5875
5.2537 -10.9535
4.4322 1.2923
3.9598 3.6403
6.5223 1.8945
3.0313 2.7412
3.3701 -2.0126
0.8164 -0.8842
3.9055 -0.7768
6.2502 -2.2017
4.4895 2.8376
4.7332 -0.9627
5.5806 -4.3269
-6.2532 -3.6935
1.2628 3.0638
4.3193 4.6751
0.0009 5.2094
4.4706 4.4623
1.6315 1.3333
2.6964 4.3024
1.7423 -0.9111
3.7090 -7.7575
-8.5340 -8.9214
3.4007 3.1987
8.0397 -1.3020
-1.2372 0.9252
2.4118 4.6688
2.0727 -6.6648
3.0377 -7.2331
0.7126 1.2455
2.0044 0.3825
2.4901 4.4102
-7.9681 0.9520
0.6997 2.2025
-7.2536 2.1141
-5.2986 3.9254
-6.4189 2.9545
-6.2881 -7.3719
-7.5394 4.7237
-6.4760 -10.5730
3.6785 4.3018
-4.9751 4.0828
3.2881 -11.5160
3.8476 1.5831
2.4542 -6.8882
3.9146 3.6795
5.0550 5.6008
4.6149 4.3408
3.0837 3.2555
-8.0439 1.5267
4.1553 3.7007
3.4393 3.4668
4.3933 2.3059
4.7215 2.2650
3.3916 3.1273
-6.4623 2.2999
-0.8221 2.5209
-7.6569 4.6520
-1.2051 -0.4729
4.4499 2.9834
4.1511 5.2783
4.6352 -0.2738
5.0642 2.1958
4.9685 0.6565
4.5022 4.1536
-7.4475 1.2030
3.2825 2.3132
-9.0410 3.2200
4.1396 -2.5634
3.9069 5.1892
2.2478 3.5811
3.4860 4.7060
2.4443 2.3384
-0.3234 4.1133
2.8909 2.4433
4.2377 -5.9333
2.9478 3.8398
1.3298 -10.5633
-1.2108 1.4236
3.1865 -2.6065
3.5265 5.7734
4.7083 -1.3563
3.4310 -1.8702
2.5133 -2.2269
3.6408 1.7192
3.9109 3.8897
4.8009 0.4483
-6.8480 -4.2556
1.9559 4.2991
2.8696 3.4805
0.6577 3.1252
-3.8992 1.2466
-1.5207 0.0972
5.4817 -8.0879
5.7310 7.1814
4.0292 5.4560
2.8536 3.5082
3.1772 4.6381
3.0120 2.2767
-6.9145 -7.7967
-7.8826 6.3533
-1.4769 3.7140
3.6982 5.8345
3.6178 2.3190
-7.0259 4.0982
3.4201 3.3389
-7.9817 6.7144
2.7682 -0.1958
3.4059 3.9752
-0.0991 -8.4446
-8.0222 1.5175
3.8412 4.5764
-3.1392 3.0534
2.3862 1.4087
0.0918 2.4889
-3.7881 4.1172
-8.3180 -6.5632
1.0881 -10.9450
3.9997 1.9123
-8.8378 -0.3371
-7.3948 -1.7949
-8.6052 4.0995
3.7800 3.6207
-9.4034 5.1089
1.7094 -4.6198
2.0643 -2.1121
-8.6549 2.5619
2.8631 -8.5697
4.5400 5.3454
-0.7137 -7.8625
4.0776 0.0471
-0.2504 2.1680
8.6575 -2.6528
0.1163 3.1049
3.0749 3.6982
2.4221 3.8223
0.3359 4.1218
3.8652 3.7230
-2.7531 4.9390
4.0770 2.5839
2.6902 4.4275
1.6887 -7.3609
0.9717 2.4886
5.4637 -8.6308
-1.8513 4.2540
6.1702 -0.1165
-7.2699 2.7122
3.1035 2.1327
4.3778 4.2318
2.3121 -4.9277
2.9443 -7.7250
3.7705 3.2457
0.6096 7.1546
3.9090 1.0729
4.5489 -0.9656
2.8587 2.2288
2.5949 4.8217
1.5184 -7.6711
3.2470 -3.4243
-0.1688 4.4386
4.2111 1.7868
2.5157 3.5452
-7.4651 -7.1788
5.0336 4.5868
4.0456 6.3298
3.9284 4.0199
2.5233 2.7611
4.3501 -2.3674
2.9475 2.0877
3.0440 -0.0362
5.5103 3.1284
8.3179 -9.1276
-1.3730 3.5943
2.0951 3.8403
-1.7292 6.1676
2.3062 2.7741
-8.2341 4.1008
-6.4800 3.6414
7.4430 4.3394
-0.7120 4.1804
-5.7782 3.8200
3.0304 -8.8781
-2.2535 4.1855
4.5731 6.8148
2.1609 -1.7417
6.6110 0.4675
-8.1818 2.4951
4.0089 -6.5480
4.2922 -12.5654
5.7822 3.2086
4.1198 4.7041
-10.5719 -3.8795
-8.9181 4.3283
-0.9921 -1.8090
-12.5286 -5.8448
3.7909 2.9592
-7.2387 0.8321
4.1260 3.4684
2.3061 3.4104
2.3895 1.4886
-10.4067 3.7029
-10.8201 3.3784
2.5998 5.5900
3.2898 -5.7860
3.5928 2.2391
4.9990 3.2659
-6.8497 1.5894
1.4446 1.5616
3.1680 3.9679
3.5033 3.0763
6.1720 4.9130
-6.5200 -2.5295
2.7650 2.6519
3.5824 2.9738
4.1314 -4.2051
3.4074 2.1662
2.8854 -2.7102
-8.8864 5.4950
2.0214 4.4918
-6.8147 5.3524
2.5832 3.4159
-3.6838 0.5319
2.3582 2.6902
4.5640 3.6363
3.7626 -1.2953
2.7687 4.2228
-7.8366 1.3298
2.7197 1.8231
3.2388 3.0271
-5.8031 2.4760
5.3797 -6.8486
-9.1704 2.4687
2.0010 5.1178
3.4325 4.4693
2.1219 4.4235
5.4929 -0.5333
2.5491 3.5993
4.2420 -9.6768
3.5934 -6.9927
3.7606 2.0380
4.6545 1.3228
5.0688 -9.4775
3.5643 2.3969
7.3587 2.5418
2.8650 4.7304
6.7184 4.2190
0.8969 3.9103
3.1860 4.4403
0.9661 0.2300
-7.0258 1.7941
-7.1235 3.2815
5.5286 -5.3574
-5.0124 2.8394
3.1359 2.5211
1.0941 3.6048
3.8264 3.4843
3.4530 -7.2621
4.4012 2.1771
1.1870 0.9520
4.7630 6.1598
3.0713 6.2501
2.3380 3.0295
2.9391 3.3026
3.5797 1.2202
0.6523 0.4648
1.1621 3.0632
0.9076 3.6385
-11.4226 2.5366
3.4954 0.4424
5.8930 3.9743
-5.9900 2.5124
3.7348 3.1771
3.2612 2.9156
-7.2885 2.7126
2.8381 -6.7776
-1.1431 3.3457
0.0401 2.3758
8.2560 -0.2300
1.1351 -6.6993
-2.5195 3.5156
2.9101 0.5493
-10.4746 -1.2255
-3.0263 -4.5834
-0.0558 -5.5793
3.4676 4.8171
3.4732 4.8483
-0.4679 3.2391
1.0823 4.4121
7.6972 3.3014
4.8298 -10.0432
4.3635 1.6257
0.6475 2.8492
-9.5334 4.8326
4.1206 -0.0804
-6.6160 2.1168
2.2919 3.3408
3.4312 2.9727
-5.0053 3.5439
2.9288 -0.5744
-7.0686 4.4690
3.5479 3.1549
2.1461 5.0665
0.1692 3.2890
2.3284 -8.9426
-10.2669 -8.7593
1.6738 -7.6188
4.2937 4.1681
1.3821 3.3947
2.2377 -6.0299
-2.2816 3.9063
1.5211 4.7475
3.6863 2.6911
-3.0755 4.1194
2.9618 -8.3721
3.4893 2.6196
5.0523 2.7094
-7.3384 -5.6905
3.6608 4.0796
2.8916 3.0606
4.8344 3.2918
2.0723 -1.7864
2.8684 -1.6292
2.8802 3.1856
-6.4297 3.6597
5.5146 -1.9102
3.5868 -1.6254
6.8678 -10.5607
0.8558 -7.6002
-1.4327 1.2469
2.3955 2.7833
2.8347 3.8617
4.2381 -0.5962
-0.2314 2.8700
4.1598 0.2888
-6.4224 4.7364
0.0219 3.2232
0.9972 2.4342
-1.0840 -1.2657
3.8934 4.7895
-6.8859 2.4103
4.0158 4.1067
4.4165 6.3877
3.7688 6.0202
-10.1350 3.1064
-6.6833 2.0142
3.4175 -3.9148
-8.8924 4.0318
-4.6390 -7.1739
-5.4648 1.2689
-12.3017 1.4899
2.0456 3.3311
3.0752 3.6367
-5.5396 3.0751
0.0663 2.5156
0.6547 2.8229
4.5930 -10.0388
1.1433 3.2133
3.9228 4.5520
3.0800 -8.4199
5.6226 3.7499
3.0565 4.5831
2.6197 -6.9290
3.8830 2.6320
2.3365 2.0177
-7.6014 -1.1482
3.8562 4.6059
-1.9481 -8.5770
-2.1183 3.8837
-8.8295 -5.9023
-5.7465 1.2984
3.8691 -1.9459
2.2168 2.1119
4.3991 1.5310
-8.6393 0.4771
3.4211 1.4818
0.2412 6.5039
3.7012 2.8313
-7.4938 -9.6648
1.9632 5.2566
4.1868 2.7225
5.5672 2.2340
0.6277 4.5847
2.1185 8.1299
5.2542 -6.0327
2.6673 3.4739
1.0280 2.0301
-1.6909 -8.7747
4.1816 1.6354
2.8976 4.2322
3.9320 4.1104
-3.0385 3.0410
5.3828 -3.6587
2.1304 4.9686
-7.4898 2.6612
-6.5952 3.2837
3.7024 -0.0707
5.4910 3.7506
2.2031 3.8733
4.5201 4.2608
3.9171 8.1972
5.9259 3.3299
6.0954 2.5194
2.6033 -6.5318
4.3944 4.6111
-5.6115 -8.9818
1.3976 -0.9677
-6.9216 -3.2394
-9.7537 0.2342
2.4580 4.5268
1.8088 1.0388
4.6069 3.1388
-4.3980 3.0438
-1.1830 4.5714
4.7685 -6.6590
-1.5612 -7.3765
4.2020 -7.7111
3.2128 2.5578
3.5647 1.8404
3.9571 -1.1310
3.2916 1.6873
5.2193 1.8511
3.9560 -10.0471
4.0522 -8.6750
-5.6983 3.2319
3.2117 -1.2818
1.3315 3.4115
3.5548 3.4828
3.2500 6.0577
-6.6491 4.9412
0.2655 -0.5788
-7.0543 -9.0655
3.3041 2.5129
3.4627 2.3221
-7.8200 -1.0550
2.9336 3.1921
0.7443 3.7925
5.4616 10.5246
3.2299 3.9356
0.8902 2.6410
0.3227 2.6028
4.1203 -2.0750
-9.0007 4.4075
0.9860 5.6380
0.6808 3.1810
-5.8985 2.9550
2.9534 1.1559
0.4393 -7.7263
-1.4022 4.1920
2.8637 2.2515
2.4405 3.0887
0.5268 1.8636
-6.0832 3.2001
-8.1357 -0.4359
3.2163 -7.5881
3.8423 5.1673
3.6561 2.3106
4.0808 -13.3157
-7.9161 1.2793
3.6495 -1.4067
2.8622 5.6053
2.0235 3.7746
1.2653 -0.3857
5.1741 -0.2800
5.6440 0.3195
3.0871 1.5797
5.6063 4.3489
2.8017 2.9530
5.2204 1.1992
-5.6177 -6.2203
2.4813 4.4356
-10.2756 -10.4010
-5.9910 2.9139
0.5175 4.2380
-0.8045 3.5916
1.0100 3.4955
1.0421 3.2464
-7.9170 3.0608
-9.6440 4.3920
5.7954 -0.0234
2.9723 0.3532
-0.7488 5.0243
-6.7937 -0.6396
3.3167 7.2555
4.1774 3.7037
4.2796 2.8789
2.9700 5.9855
4.8574 0.1685
3.5834 -0.9417
2.3606 1.0937
4.0131 -8.9162
-0.5108 3.8123
-7.6922 4.2771
3.1842 6.1757
-6.2099 3.0212
-6.1722 2.7611
-6.4137 -2.7470
8.1578 -1.1939
4.4446 3.9397
3.5939 3.6995
3.4801 -7.4942
2.1873 3.3021
1.5421 -9.8021
0.3541 5.7012
3.5812 2.0904
2.0066 2.7564
3.8419 1.1803
3.2642 -6.7072
3.8168 -8.6167
5.9036 -6.0937
2.6186 1.2860
-10.3906 -2.0786
4.4856 4.4637
-0.6609 -5.9739
2.8564 2.7786
5.2440 2.2203
5.5000 -4.3657
3.2594 -10.0449
5.6228 3.3873
-6.5136 3.4208
8.8009 0.6202
2.2277 3.2125
4.0572 -0.1021
2.5854 5.7444
4.6385 3.5682
2.5431 0.6331
7.7316 2.6717
3.1832 4.7685
3.7466 2.4555
4.3850 3.2776
6.1604 3.2278
-9.3277 0.7364
0.7006 2.2266
-2.3434 4.8714
-8.4130 1.0083
-7.8683 -5.5488
-10.4280 8.1048
5.0533 3.4971
4.2919 -7.1791
2.8495 2.6256
3.3916 4.6232
2.7227 2.5814
4.1982 4.9208
3.3623 4.6211
3.6270 2.2397
2.8381 -7.0380
2.3863 3.3595
4.6446 -10.9115
-6.1732 -1.4218
5.2769 3.7586
-0.0964 4.4935
2.0195 0.5129
2.3667 -6.0217
3.3078 0.6459
2.5938 2.9054
4.6020 3.6158
4.1792 3.7774
-0.8378 3.1818
6.6713 -7.9420
-5.5468 4.8850
1.1750 -0.7160
-6.4386 -6.4842
6.2023 1.1806
-1.1911 3.8407
3.8110 5.0811
1.1295 8.8451
-9.1326 -6.9610
5.8411 3.5997
3.6645 3.6472
0.6433 5.8324
3.4078 3.6502
0.6132 3.7754
-9.2390 4.9362
-0.8055 4.5781
4.1614 3.9455
3.4100 0.3116
4.4544 4.4082
-8.7831 6.4770
1.4721 3.6608
-5.1796 2.0559
2.4521 2.4287
0.0742 4.0840
3.1919 3.0846
-8.6485 2.7148
2.1996 4.4554
-9.8964 3.5667
4.0671 -8.5720
5.1434 -3.8045
-3.9390 6.2231
-0.6631 2.9072
1.4872 4.4656
3.6910 3.8301
3.0273 0.0438
1.3294 -5.3028
-6.3049 4.4508
1.6355 5.7669
-8.4361 -9.2195
2.3595 5.9938
8.2250 -8.0977
3.1533 3.5560
8.1273 3.3842
5.7167 -4.2877
3.4120 4.3262
4.0390 2.9432
2.4812 -7.0817
2.1135 3.1291
2.3538 2.5815
3.3757 5.5955
4.0140 0.8872
5.8147 3.7421
-8.5012 3.4369
-10.8014 3.5342
7.4999 3.6924
-0.1048 0.0628
3.7810 2.8004
2.1844 -2.2537
2.6057 11.1072
2.1008 4.6261
6.0241 3.2567
4.2976 5.3166
-8.8512 2.8762
-7.8570 -1.9465
3.0657 -4.5698
1.9691 -6.7149
3.2168 -6.6592
3.9127 3.5471
2.6412 -10.3649
0.0474 -1.7962
2.1043 4.3780
-7.0952 0.2089
-6.6440 3.7407
5.2862 -0.0858
-2.4696 5.5959
3.5824 3.5544
3.1453 2.8504
-6.8570 3.1928
-9.7338 3.2990
2.1178 3.7342
-4.5627 4.8758
-12.1978 -7.0811
-6.1539 -5.5396
2.6672 2.0600
3.2343 3.8424
2.6695 1.1325
4.5172 6.8670
-8.5409 0.8093
0.0259 1.5470
1.1827 1.9671
-7.8453 3.0519
-3.4295 6.0351
5.1337 1.7173
0.7818 3.1267
-1.6380 -0.8544
2.7004 4.1361
3.9703 -6.7422
-2.3562 -5.1450
-9.5361 3.2366
4.6727 2.0763
2.6745 3.0635
-7.2413 3.8322
0.2765 -8.6714
-10.3980 -2.2180
1.4452 3.7648
3.8393 4.7151
3.7175 3.0274
6.4583 4.0524
-11.6941 4.4058
4.4453 3.3114
1.7201 1.7852
3.3764 -4.1450
2.9125 2.4659
5.5351 -8.7056
2.7747 4.0447
2.9355 4.7978
3.3074 0.5389
3.8861 3.6242
5.1073 2.4680
3.9916 -7.3263
4.1900 3.8155
-0.3859 10.0610
-9.9647 3.0381
-3.9555 -8.1889
2.4320 2.7193
5.2019 3.3055
2.1744 2.1736
-0.1105 -8.5706
3.6960 -10.0672
3.5545 2.7603
2.9348 2.3108
2.3401 3.4421
1.3435 3.3274
5.1324 4.8054
5.9827 4.8018
2.9890 5.3876
-0.5077 2.7054
-1.9796 3.9308
2.9100 -5.9418
-4.7519 2.7684
-0.7612 2.4763
1.6999 -6.9446
1.4498 2.4087
-7.9322 3.2268
-0.4947 3.6140
-10.3966 -8.9106
2.6192 2.2042
2.9282 7.2616
-7.0915 -9.2911
-5.7620 7.2682
5.4767 3.0100
3.8405 0.5089
4.2187 5.5462
5.1792 3.6908
4.4968 2.7677
-5.6553 2.8783
-4.9354 2.6238
3.0984 1.6209
1.2061 -6.3172
0.7399 2.4424
3.6122 4.4604
-1.2371 2.2366
-2.4218 2.2757
1.4569 1.3221
2.8628 3.7604
3.8216 -0.2463
2.6159 3.1839
4.1213 -7.1028
3.0533 4.2992
-1.6551 2.6251
4.9650 -1.0260
5.3808 3.8828
-11.4187 3.4357
-10.0270 1.3224
2.9649 2.3920
-3.1122 5.6379
3.4510 -2.8217
2.4236 -2.2222
-5.3488 -5.1438
2.0864 5.9698
-1.9551 1.7480
-0.1604 -0.8054
3.1800 1.2911
0.3569 -1.0741
-10.9411 -7.5969
-0.2973 3.9189
4.5246 2.3628
-7.5907 0.0727
-8.3939 2.1181
3.4021 2.6844
2.7474 -5.9420
2.0981 -4.7673
-8.0729 -2.5849
4.3457 -0.3089
0.5093 2.0196
2.8607 -6.7467
3.1266 2.5386
2.9362 1.6266
5.1750 -6.2565
2.8797 3.6459
-0.9641 6.3872
-5.8738 -7.2309
4.2815 -4.2661
4.0309 3.9892
3.6085 -6.5400
2.9313 -2.4711
1.1230 1.3342
7.7945 4.0318
-8.3299 -0.1062
-9.3350 6.4487
3.1501 2.9999
-6.0190 -7.8624
4.2488 5.8343
4.0538 4.3475
-5.1478 -6.6433
1.9701 3.7794
0.7329 2.8452
4.1278 -0.3412
3.6926 2.7612
4.0770 2.6654
2.7980 1.7489
4.5508 -6.9338
-5.4636 3.5763
-9.7533 -7.4646
4.3852 -2.3650
3.9625 1.8562
5.0147 0.8707
5.0803 1.9398
3.1202 3.8823
2.8169 -6.6512
2.9877 3.2789
3.2312 2.2058
3.7851 0.0428
1.7195 0.9922
5.4237 4.0742
0.2987 -6.5588
-3.3821 5.8251
3.1575 -3.1900
4.7337 -7.4233
0.0238 2.3098
-6.2044 3.8544
-0.9785 -9.0296
3.0059 3.2774
3.7234 3.6131
4.3870 4.0423
3.8692 4.2267
-6.2383 2.6594
0.0326 4.3085
2.5516 2.8617
2.9499 2.1991
0.3169 -2.1231
3.8937 0.3074
4.3804 -6.8332
-0.3657 0.6590
2.8337 1.7799
1.2680 2.1515
0.7393 3.7224
5.7908 4.5316
3.8680 0.8183
3.4543 4.5058
2.3503 -0.9563
-8.7014 -0.8846
3.4833 -9.2014
0.0489 1.4519
4.5425 6.3051
0.6176 6.7811
2.1058 -13.9122
5.1162 3.9695
4.1520 -6.8842
3.3921 -10.3108
4.8285 4.8000
3.3054 3.3082
-5.8738 1.7189
2.0971 -7.9105
6.3939 0.4760
3.1742 -8.2940
-5.7583 1.4009
2.9105 3.2630
3.7262 6.6174
-10.0329 0.3805
1.0560 2.0172
-8.8821 3.8344
3.3873 4.3573
-4.3461 5.1821
3.1228 1.6740
4.9533 2.2563
3.6772 -9.1177
7.4490 3.8364
-1.7053 4.0695
-4.4349 3.6165
1.6648 -8.4359
4.0062 6.1429
3.6081 0.6939
-3.6560 3.9531
-11.7009 1.8130
3.9204 6.6664
6.7567 -7.8211
4.8168 3.0331
3.2768 1.4589
-0.4663 2.6457
0.2817 3.8357
3.8988 4.9619
2.2551 4.4961
-0.1229 1.5587
-7.7607 1.1084
3.8731 2.9182
4.9060 3.7879
0.2065 4.6775
3.1669 3.9292
1.1055 -8.5104
-6.5236 3.8153
-10.2996 4.5696
-2.8612 -9.0679
3.3921 3.6879
-7.1897 -8.8580
4.4180 2.2979
1.7865 -1.3813
4.4317 4.1225
5.2748 -5.7912
0.4112 3.5039
-2.5990 3.1327
2.4085 2.1738
3.4086 4.5773
4.2045 0.8901
5.0059 2.9640
-3.6851 2.1893
3.5432 -0.3830
-3.1917 -2.4002
5.2265 9.2479
6.4582 1.7089
-6.4342 -3.5219
1.5457 3.9397
-6.6916 -6.6562
5.2845 6.7439
0.8809 -8.9300
4.9157 1.5200
1.8382 1.5879
-2.2426 -9.0718
2.4623 4.6106
2.2664 2.9778
0.1577 4.1741
4.2431 3.1001
4.3916 0.7927
2.5938 2.7026
5.6338 3.3291
4.8135 -1.0567
-10.4868 4.2662
4.2098 7.6670
1.7242 -5.6007
4.4136 2.2283
0.1130 4.0879
3.5162 2.2816
3.5360 2.8475
4.2862 4.0030
4.8449 3.0204
0.0965 -8.2251
2.0208 3.5252
6.5352 -0.6876
-9.8885 4.3941
3.8196 2.0337
2.9724 8.1597
2.5239 -9.7491
4.3908 4.2697
3.7101 0.0795
-11.8823 8.8323
-8.8424 4.6875
-6.7282 3.0234
3.3748 3.0459
3.7390 2.3617
2.1283 -7.3058
-7.0464 3.7911
4.0170 6.7203
-8.1221 4.7333
-4.7800 1.3738
4.4569 3.9922
-6.4568 3.1774
6.7887 -4.2123
-7.9006 4.5055
0.7894 2.0862
4.1845 2.8270
2.1205 2.7668
3.8440 -2.0882
4.3953 6.4073
-3.3694 0.8178
3.3082 1.8470
1.6372 -7.9440
4.9729 5.1819
3.8081 0.7342
3.3733 7.2611
5.4182 -2.0738
3.5774 1.9713
-8.4296 4.5372
-7.5092 2.1414
5.2195 3.4255
3.4475 -2.5787
-7.7946 3.0974
3.0476 2.8024
-9.2225 4.8579
-1.0596 1.9371
-4.8284 4.7806
-2.3880 -7.7857
4.5474 4.4564
2.8070 3.3036
3.7226 3.8257
2.8384 -2.0238
4.5454 3.8165
6.3582 5.2597
-2.1117 -3.2335
-1.8106 -4.0883
4.1129 4.0992
3.8951 0.0049
2.3916 3.0214
5.0618 2.8496
3.0180 2.5031
2.9369 3.2616
-7.3266 1.3718
2.2877 4.2127
3.0281 2.7271
-8.9462 3.0697
-6.6231 4.1370
2.9078 6.5921
-0.2762 3.5326
-2.0804 -7.8729
0.7675 2.3695
-7.7896 5.5455
4.2854 2.2026
3.4253 0.7036
2.7396 1.8134
4.0032 2.2008
3.4152 3.5631
7.2986 3.7545
4.3162 4.5397
5.4584 3.3736
5.8000 3.1459
-1.8453 2.5029
-9.9994 -2.5648
3.7371 6.5157
-3.7303 -5.9730
-1.0280 -0.5586
4.1505 -7.3572
2.6781 5.0546
2.1015 -7.0545
5.8082 5.6964
-0.7460 -7.6785
2.4888 5.5766
-8.1079 -7.8840
3.5015 6.4732
-9.1633 -2.4145
0.6670 2.0736
2.6657 -1.5836
5.6247 -6.3596
-0.5662 3.1222
3.0576 8.8650
4.5591 4.7949
3.8529 -5.1942
-6.8564 -11.5605
5.2043 4.1144
0.9375 -2.2119
-5.2897 -9.9154
3.9162 3.7874
4.5431 0.2069
-8.5779 1.4208
4.4934 4.8775
-10.6869 8.6174
0.4216 -6.8184
-4.1587 2.7435
3.0003 4.8842
4.7955 3.6433
2.4892 -5.5321
-1.2373 -7.0024
1.8721 3.9543
2.5889 1.2744
-9.8507 -10.4436
3.5564 -4.6123
4.5029 -9.3329
0.4650 3.2532
4.5084 -8.7759
-2.1736 1.9982
2.4901 2.9671
-7.7310 -1.1822
2.8641 9.3428
3.1275 -8.2626
3.2796 2.6887
-9.2319 0.4738
2.4881 1.1791
3.7829 3.2883
3.0993 2.0879
-8.8947 4.1356
4.0475 0.7425
3.2036 1.3807
-10.0338 3.0159
-12.1821 4.3491
0.1924 0.8857
4.7372 -9.4002
3.7345 8.1219
3.3796 4.4808
2.2849 2.2789
3.6172 -10.3182
3.6289 4.7482
4.9625 2.9576
7.4726 4.8554
0.4267 4.3869
3.2637 5.4841
3.5488 4.7835
3.7900 1.9985
1.1041 3.8512
2.7486 1.5583
2.1295 3.2451
4.0612 -3.3342
2.3702 4.1668
3.4830 1.9546
3.9439 -7.1790
-7.6235 -10.3964
-8.8351 -0.8666
3.5686 4.4073
2.1721 2.9434
-6.9967 3.2793
4.7619 3.4789
2.0018 5.1604
8.3866 4.9765
-9.4326 3.8655
-9.6301 4.7222
-8.7470 0.4703
2.2081 -12.5089
4.9157 3.8576
4.8249 4.1487
3.7537 3.2746
4.5042 -1.4165
0.2172 2.8890
3.8464 -0.1202
-8.7335 1.5333
2.6204 1.9600
3.8378 2.6436
0.8972 5.0130
4.8533 3.6941
-7.2344 0.3988
0.9177 -8.7861
2.5499 4.0098
3.6718 -5.3891
4.8765 2.7894
4.5078 2.0041
3.1234 -6.4101
-10.1079 -6.5020
2.0642 3.7182
2.1837 4.5696
6.1022 2.8756
1.3336 3.7416
-7.2309 9.1244
2.8201 -6.2359
-9.8035 5.5880
0.6974 6.8018
-6.5583 -7.2869
-2.4655 4.3618
2.4302 -0.6246
-8.7384 3.3951
0.8806 -3.9604
3.9229 3.8710
-7.7067 3.3243
5.0577 4.0543
3.6646 2.9942
2.9731 2.9070
2.9968 -7.7660
3.9693 -7.6151
7.3630 4.1782
4.4807 -3.7614
4.5677 4.7986
3.7444 2.3813
4.0299 1.5863
4.9696 2.0267
-7.4445 2.5645
3.7578 -6.5087
-8.3024 4.0623
-1.2124 4.1702
2.9622 3.2594
2.4306 -0.1025
3.4867 -7.8936
-0.3157 -8.4179
-4.6861 2.0840
-0.1892 3.3638
2.5003 3.1440
4.5636 3.6746
4.4174 4.4781
3.1176 4.3950
-7.1750 3.2925
4.7004 4.1893
3.8106 3.5011
-5.4807 3.7311
4.7883 -3.2074
-8.4863 3.6515
0.9321 -8.9840
-8.2447 4.4135
3.6623 -4.8630
-8.2606 1.6996
5.1538 3.9498
2.9233 7.1325
1.4596 -6.8023
-8.4817 5.6813
0.0918 4.8210
1.7161 -0.2281
4.1444 -7.4926
2.6514 3.3098
2.0359 6.7563
3.6814 3.8929
3.6040 -10.5505
2.0085 1.3292
3.4096 -6.1523
-7.5592 -9.3219
-1.4470 0.8541
-9.6680 3.6722
-0.8560 3.0026
-7.8465 -8.7311
-0.2857 5.7431
5.0387 2.4897
-7.0660 -5.5820
3.0670 1.0702
6.0692 -11.6149
4.2279 2.4355
3.6321 -0.2327
3.9278 6.3817
-6.7823 3.0551
-8.6741 -0.2882
-4.5404 -1.6745
-3.1502 -5.9247
2.5840 0.8572
4.3233 2.7907
2.4747 -0.7023
4.0973 5.6495
2.9124 3.7147
0.2430 5.6569
2.4080 3.8177
2.6702 3.7434
5.5255 4.2129
1.9867 -7.8390
4.0727 4.2468
3.0673 3.9455
3.9829 0.1494
3.7642 3.2876
2.4631 5.2740
0.3312 4.6444
2.7654 4.1226
2.4870 2.6728
-2.9789 5.0549
5.5306 -2.6442
4.1990 -3.1523
2.3925 1.6902
1.0305 -0.9121
-1.4522 4.9837
5.5632 1.9753
2.2054 2.0339
3.8398 2.4662
3.3771 0.5281
-8.0960 -0.2852
-6.0981 2.3253
4.2575 1.0960
2.1630 3.8913
3.2932 -2.9241
3.1328 3.5466
-0.3783 3.4787
-0.6717 3.9101
-9.3023 2.9253
2.1490 -3.7639
5.1941 -9.8506
1.5505 -6.9354
-0.6934 -10.9536
5.4653 0.7194
3.2678 -8.9650
4.3472 -1.2564
3.3829 4.1781
3.4699 3.5888
-6.5960 -2.3032
2.6541 0.5913
4.4556 3.3326
-1.1414 4.4230
-9.7773 0.5244
0.2266 2.7381
0.8732 2.8837
1.5701 2.9895
-7.9301 3.3423
-4.9461 -2.9194
6.5794 -0.5122
4.4344 -8.9998
2.6949 2.9634
-7.4462 -0.7994
3.9650 7.0727
6.4223 5.4307
0.8577 -7.3214
-4.2114 -0.9963
-6.3889 4.5694
4.2964 12.5477
4.1715 4.8681
7.2664 0.7291
3.6836 2.8424
3.7115 3.3886
4.1600 2.8229
2.9406 3.5003
2.8328 -8.5467
-7.4414 2.8735
8.2497 5.8881
-2.0275 -2.1614
2.3480 1.3616
1.3644 -0.8241
3.3239 4.1807
0.2660 -4.8582
2.7045 4.9437
3.0188 -7.2366
2.7479 2.7779
3.4677 5.5465
2.2177 -6.9744
4.4354 -6.8939
4.9670 2.8410
3.7168 1.7636
-6.8506 3.4372
2.1423 2.4905
1.6855 -2.2363
0.8230 3.9906
3.7424 -6.3067
-3.5281 2.7976
3.8006 -9.9081
2.0038 4.5116
5.6464 -8.2316
-5.9837 2.7263
1.2041 -7.9320
0.5078 2.7121
-3.0454 -6.5782
1.5953 2.7995
1.5491 2.8168
-6.0522 3.3962
0.3757 1.4805
1.3370 -0.3823
2.6380 2.8710
1.8847 -10.0172
-4.9672 6.6130
0.5589 3.0040
-6.1156 -5.5155
5.9254 4.8517
-4.8047 -5.0651
-1.5340 4.3418
2.3928 2.6855
4.5401 6.5886
6.0283 1.8262
-9.2326 5.4453
2.2330 3.2100
4.0835 4.7321
-8.6959 6.9596
5.0847 3.9107
2.6258 4.4575
4.3801 3.1751
3.2881 1.8900
-6.6616 3.6075
2.3925 1.3487
0.2023 -6.7386
1.7754 4.2513
2.4384 4.7626
-11.0566 0.4852
-0.2175 2.0003
-9.5541 0.8597
3.7340 3.3257
-1.5424 3.2098
2.5469 1.4430
3.1151 -0.8946
1.8643 1.4339
-1.9721 0.7830
-8.7890 3.9224
2.5954 3.9159
3.3331 2.0462
5.7080 3.0607
6.5540 4.1626
1.9613 3.4778
-7.9010 1.6628
3.1968 2.6948
3.5201 2.9935
2.6928 1.2327
8.1603 -9.0888
2.6617 2.9483
3.0518 1.6509
-1.1126 1.6999
1.7057 2.8153
4.3288 2.7718
2.5590 3.0723
0.5821 2.9038
3.5987 2.1342
1.4547 -1.0976
-8.0964 -7.5116
2.9787 2.5833
3.2241 4.0367
3.6220 6.3836
4.3010 3.6460
-6.4094 -7.4042
-1.6998 -7.4725
3.2941 2.1876
4.9243 3.5582
4.7956 2.5203
4.0619 3.3310
0.4142 -7.9167
-6.7899 -7.7200
1.7075 4.1726
0.4880 -7.3086
2.3783 2.5057
3.0157 -7.9653
0.9404 3.4382
1.8620 3.3381
-9.7475 3.3532
3.7238 -6.5952
1.7700 1.5811
-6.2434 3.7931
4.8463 5.5322
5.4273 -7.3567
0.3332 1.0715
-9.4549 -1.6157
4.0350 5.4886
-0.7619 0.0410
-7.5662 -10.2905
-8.8177 3.0432
2.0867 3.0796
-7.3610 3.8399
-3.6528 3.8189
3.3633 4.5891
2.9804 3.3092
-7.5725 2.2119
6.0169 5.8397
3.9699 2.1048
3.4099 3.1709
-7.2011 1.6607
5.6398 -9.8138
-0.6477 2.6763
2.6583 2.9898
-10.2772 -1.8484
8.4169 -0.0137
-0.8017 1.6853
-8.4795 5.8713
1.8392 4.2382
3.8487 4.9398
2.5714 -0.8555
2.1401 -1.3294
4.3177 1.2243
2.6040 4.5021
-2.0970 2.7887
-9.8639 2.9844
1.2527 -3.6884
5.3877 3.5308
2.3294 2.8216
0.1035 4.0374
2.9227 4.5131
-7.6161 4.9741
5.2060 3.0379
-0.1199 -9.0116
-8.5804 4.0593
4.7703 0.1823
2.6863 3.2467
-8.2574 2.4502
-7.5756 2.8503
-0.0904 4.0091
-1.7297 -7.4062
3.5131 0.2998
3.4726 2.4835
1.9300 2.8291
4.1697 4.8263
4.8932 2.7551
-0.2525 0.5156
2.4720 3.9189
1.7655 3.0926
3.1121 4.4982
4.1668 2.5163
-0.4486 -7.2637
3.3347 -2.6649
3.5435 -6.6494
2.4594 3.0537
-0.1259 4.5352
4.0682 4.6901
7.5492 4.2960
2.9377 4.4788
3.3222 4.1760
3.3916 -9.8636
-3.7165 3.7222
-0.5574 -4.9489
3.1016 2.9482
5.5309 -3.4486
1.7211 3.0358
4.2995 3.2978
-8.5878 -1.3542
3.7422 -6.6222
-0.2386 4.0535
0.6348 -10.1609
4.9410 3.5939
4.8380 3.7729
0.2320 2.7422
3.7586 1.3952
5.5546 3.3550
-7.6857 7.1991
1.3491 3.0311
4.3092 0.3968
5.3385 4.1901
1.4040 6.3616
-0.8798 1.4578
4.3395 3.9648
-7.3127 4.9447
6.2761 -8.9970
2.3831 0.3167
3.2265 3.3769
2.6348 3.5952
-5.9651 -7.6346
-8.1416 0.7443
2.4725 2.9798
3.9831 2.8306
3.5790 0.7728
1.5283 -6.3993
2.6805 4.4613
6.2737 -2.2993
-0.8586 2.3235
5.4182 3.7585
-7.7351 0.6536
2.4825 -1.1075
4.5222 4.3147
3.1008 1.1520
3.4910 -9.1167
-1.2848 2.0668
3.9760 4.2766
3.1237 2.2324
-11.2075 4.4326
0.8869 -0.8723
4.2041 7.2634
6.2312 -0.0311
3.3795 4.1747
2.0545 4.9298
5.3434 2.8169
4.5968 3.7253
2.3726 -1.9504
4.1865 2.1861
3.9582 2.6611
-0.8046 0.7768
-11.4384 0.4856
2.8381 1.2946
2.2769 4.9462
1.0305 3.5766
1.1796 3.8633
-1.7545 3.1346
4.2104 7.5091
3.1206 2.4019
2.6462 -5.8217
-6.1758 0.8023
2.6053 3.6501
0.5847 3.2013
-3.4487 3.4974
5.7803 3.1982
0.6094 3.2840
2.8858 -8.2456
0.9878 3.7729
-4.7604 3.0699
-8.1663 3.2805
5.6934 5.3229
5.0051 1.8098
1.3978 0.0815
2.8456 -9.7203
4.0459 4.0045
2.4492 -0.3962
5.1408 -0.3250
7.0494 5.3087
-0.6077 -2.8094
5.9999 5.6063
-8.1306 3.8572
0.5250 -2.8179
3.0555 -8.3808
3.1589 -0.4006
2.2319 -10.2419
-10.5637 1.2317
4.0770 2.6869
-0.3392 2.8564
2.5165 3.1241
-6.2232 2.6843
-1.4104 3.1534
1.5878 1.5712
-0.5599 -3.9346
-8.4695 3.9762
4.2501 4.1040
-5.3043 -9.3551
2.4610 5.8994
3.9831 3.9564
3.9683 -0.8211
3.4599 8.0551
2.8974 3.3872
-4.6784 -6.8116
-6.5584 -7.4487
0.5722 -5.8991
4.3210 3.8429
5.3953 -11.1944
2.7725 4.5051
3.3159 4.2694
1.9642 4.7393
4.7972 3.0999
3.0373 -8.4392
2.9535 3.1413
-5.4497 -6.1881
4.8006 3.2132
4.2062 2.8474
3.7585 2.6188
4.4262 2.8925
4.4198 6.2251
-4.0836 -8.8840
-3.7685 3.8403
6.1256 7.0766
6.4342 2.7732
3.3914 -2.1394
2.3677 4.9837
-7.4387 -0.6436
2.7394 1.7428
5.9062 3.0728
-0.0278 3.2109
4.4821 2.0118
2.7798 -0.5118
1.3375 3.1684
8.2085 2.3844
3.4832 0.5562
-1.4496 5.0411
5.8732 2.3488
-5.7346 4.4699
5.2223 5.4066
7.3131 4.2500
4.3476 4.5465
4.5942 1.1567
2.9353 -7.2028
-2.9940 3.9387
3.2773 2.3250
0.6343 5.1584
-6.4096 -1.7611
3.2407 4.1159
2.6493 2.2943
5.8255 -4.6784
4.1570 -8.1026
4.1565 5.1104
3.7131 -0.0154
2.0628 2.3479
3.2198 4.0483
-1.9524 2.4936
-7.1013 7.9632
4.2511 4.3521
5.3022 2.9658
0.5957 4.7073
8.3944 2.9484
5.1066 -4.0632
-8.1791 3.1896
3.8744 0.1571
-4.1954 6.0502
0.9909 1.0639
4.1300 -8.6898
0.8857 -2.9325
2.3591 2.5479
0.0618 1.4330
2.9413 5.2022
3.1612 -1.2348
2.5628 -5.3426
7.8340 2.8217
3.2958 4.4297
2.8811 2.9120
4.7603 4.3051
-7.8228 4.9140
3.5798 -2.3313
7.0242 4.6538
3.9401 0.7982
4.5614 6.3129
1.2596 7.1428
0.3597 2.9542
3.4221 -7.1616
-0.4310 4.8672
-6.2716 2.2188
-2.6963 -9.3970
3.4121 -10.0729
-7.3065 2.7954
2.3057 4.2176
4.3703 2.9365
1.6222 3.0531
3.1507 4.1552
-6.0962 4.1026
6.0660 4.8709
1.2179 3.6511
-7.5817 -8.1467
3.1060 5.2173
4.2659 -1.3432
1.7492 3.6152
3.9621 2.1158
4.2951 2.9900
4.2089 2.8662
1.8845 1.2049
2.7026 -7.3806
4.5463 -6.2003
4.1180 -3.0119
-4.3396 -5.3562
2.9502 4.2681
3.5647 3.0849
-7.6093 3.2258
3.5338 5.7074
-7.9450 -7.2847
3.1527 3.6011
3.8316 3.4697
4.0178 0.2066
-9.0923 4.9718
2.5323 1.6004
6.9504 4.4416
5.1849 -0.0296
5.7031 2.1611
-4.5981 -12.3035
-7.1852 3.8901
-8.1295 -5.8642
1.2631 2.9259
3.9251 2.4835
0.5741 2.5432
2.4345 4.0789
-5.1361 -6.3553
3.9584 -0.9481
-6.2848 3.1322
4.6723 -0.7258
4.4259 2.8769
2.0559 3.4772
3.9044 -6.2214
0.6967 1.5777
4.5841 2.2673
-6.9203 0.0491
-1.0626 5.1420
4.3459 -5.5840
3.0422 0.4957
4.3051 -6.9219
-0.2963 -8.3858
-8.6088 3.7035
4.8119 6.3671
5.8274 1.9152
2.8447 3.6511
0.6241 4.8685
3.6507 -3.9057
-8.2623 2.7329
3.9728 4.7406
6.3679 3.3765
2.7591 1.7422
-6.9366 2.2205
-2.6798 4.5224
0.4290 4.4270
-1.6816 -7.9456
3.3997 8.6391
5.2465 -5.8337
-11.0326 -1.0205
5.6106 -8.5716
0.4967 3.0349
2.7395 -7.3762
0.1981 2.8275
-5.7317 4.7182
2.9737 1.3104
3.2629 2.7302
2.5047 2.2584
3.4032 4.6092
4.9318 1.1791
2.6377 -5.6703
-6.7396 4.7589
3.7318 4.0607
5.0046 3.9972
4.1249 5.8394
3.7106 2.3212
5.5705 3.8258
2.2557 2.5267
3.4667 4.9784
3.6344 -10.0533
4.8496 4.5914
2.6962 -1.4637
1.0556 3.7868
4.2820 -4.8909
2.5072 3.9607
2.6419 6.1342
2.3803 2.4238
-4.5223 5.4498
2.3335 -2.2171
2.6760 1.0875
-8.2726 -6.1344
4.4002 2.8422
4.1034 3.6602
2.9387 3.5867
4.1410 1.3295
3.9592 0.7856
2.1464 3.6167
-0.9147 2.6803
2.7192 -8.9235
4.0036 1.6210
-0.6863 2.3720
2.8588 3.6444
2.3798 3.4559
4.6648 -6.2147
1.5867 4.0235
-3.0073 -12.0815
1.7485 4.3768
3.8180 3.2730
4.4171 -4.4776
5.5311 3.2851
3.8622 3.0125
4.2977 3.1445
-8.5309 2.0605
4.1408 3.2586
4.3712 1.8651
1.3663 -9.8961
4.8972 1.2323
-5.0270 4.2127
-8.0284 0.2243
3.8700 4.9896
2.3887 0.2541
2.4967 0.9197
2.9523 1.8109
-4.4574 6.8985
-6.6049 5.5820
-9.1679 4.1243
-8.2937 4.1087
-9.8793 3.6461
4.6398 3.4966
4.5774 -2.1505
1.3921 0.1760
-2.6329 3.2300
1.7771 -0.8997
3.3258 6.5460
2.7844 0.8812
4.8809 7.5973
3.7482 2.6406
1.2859 2.9307
3.2331 1.4472
2.6532 0.2486
3.2155 3.7328
-5.1990 4.3463
1.8516 -7.6470
2.0573 -4.8803
-10.5204 0.4475
-4.9084 2.1741
3.8159 7.9809
3.7395 2.2078
3.8389 2.7554
6.0212 3.3593
3.3522 2.6984
-0.3281 1.7850
-10.2177 4.5827
3.0265 -4.3862
2.7234 3.1499
3.3938 2.3261
2.4690 5.9191
2.7203 3.5570
1.6198 -5.8137
4.0256 -1.0438
0.2870 3.4435
0.3256 3.4960
3.1846 2.3358
0.3371 -0.2917
-9.1504 -4.9445
1.1451 -2.5240
-5.1605 4.4207
-1.9359 2.7640
-1.6467 0.5477
-1.7838 0.9241
3.5577 6.5282
-6.3145 3.7559
-10.2250 2.9278
-7.1237 -9.0872
2.9223 1.9359
1.4725 3.6803
2.7652 4.3701
2.3035 -0.3309
2.2188 -7.1143
4.4283 -8.3321
-2.1970 2.6950
-7.8300 2.2539
3.9162 -7.2452
4.9204 1.6293
3.9668 -9.2077
3.1138 0.7394
0.5342 1.9931
4.0192 3.7549
4.4761 2.7401
-0.2585 3.0899
4.9775 1.2667
1.8449 4.3149
3.0455 2.0884
-5.6198 2.3169
-8.1836 2.1524
1.9452 4.8765
4.5009 4.0290
-10.6663 -7.1891
5.7330 -7.1981
2.4455 5.3658
3.2840 -8.9510
-10.0904 0.3034
3.5265 -10.1276
3.1763 -5.5401
2.2346 2.7972
3.2861 3.1635
3.3183 3.2316
3.2726 2.2916
2.6024 5.2926
4.2419 -7.1208
5.3013 3.3917
3.3022 4.1798
4.1947 4.6617
7.1118 3.6178
-0.7836 1.8186
-1.7533 2.9658
4.7829 1.6228
-7.6613 2.7503
0.6914 3.0660
5.4256 0.9486
-7.3837 1.3570
0.2701 4.0234
1.9689 4.2407
-9.2751 1.2975
3.3278 -1.0285
-6.4787 4.0529
2.8848 3.2347
0.2958 2.4212
-9.4438 4.0335
3.3944 2.0452
3.8777 -0.7250
2.2270 2.7094
2.8560 -6.8816
3.2429 2.8463
4.4371 4.9664
-4.8727 -8.8615
9.1178 4.0633
-9.1464 3.2172
1.6404 3.9224
2.8362 2.5597
6.6606 4.1738
0.6062 4.5753
-4.2960 2.7484
4.2533 -7.0450
-3.0947 4.1104
3.8973 3.7681
5.0582 3.4479
3.2703 3.7582
