5
-10.5945 2.1075
9.8985 0.9253
-0.2317 3.2771
9.7758 1.0624
3.4359 2.9833
9.8472 2.4171
-2.0853 -2.6584
4.3326 3.8957
-2.6156 3.6355
1.3468 0.6530
-3.1162 9.9854
-7.3508 -2.5332
9.8638 -3.6032
1.4292 3.5027
9.8254 -4.1402
-5.5641 1.2813
-7.9300 9.9569
1.6389 2.0077
9.8458 -4.2066
-5.2377 4.0864
1.9553 -3.9229
-3.7780 3.5456
-1.7854 -0.3648
9.8321 -2.6795
-5.1372 9.9479
-0.4105 -4.0249
3.4411 1.4000
3.5271 1.6522
-1.0212 4.3433
1.6299 2.2794
3.6626 -2.7711
2.4002 -4.7301
2.8856 9.9466
1.9572 6.2194
-7.5005 9.7960
4.2632 3.7321
9.7896 -0.9349
-0.5980 -2.2330
2.3192 -0.2480
3.6359 9.7961
1.5312 3.2765
-0.8270 -0.4259
2.9999 9.9308
9.8153 0.2825
-3.3756 9.8323
4.9687 4.5714
-0.5558 6.2412
9.8476 0.9324
-0.8594 9.8358
-1.8357 3.9376
1.1601 -1.5146
9.8160 3.9584
-3.4328 -0.4441
3.8398 -5.5005
-3.9766 -5.8609
9.9473 9.8549
9.8874 0.4509
9.9609 9.9073
-2.8516 -0.8129
0.0405 3.2565
4.3055 3.6173
-4.0744 2.4925
1.2441 2.2565
3.4951 0.2568
9.9356 -2.6821
-0.8392 9.9436
9.8878 -1.4729
1.6284 -1.0162
2.8046 9.8829
-3.0413 9.8812
9.9226 -2.2656
-6.5303 -0.2803
-2.9842 2.1204
9.9120 9.9163
-2.4146 4.0117
9.9782 9.8525
3.4712 1.9252
-8.7509 9.8497
3.3342 -2.4348
-8.5381 9.8274
9.9059 3.2141
-0.9812 9.8718
0.7767 9.8797
4.1889 -1.6479
5.8830 9.7554
9.9783 3.5596
0.6905 4.8095
-9.3298 5.4518
9.8870 10.0278
2.2741 2.1173
9.9118 9.8680
3.6042 9.9123
3.8682 -4.2928
-4.2482 4.8663
3.6260 -0.6622
-9.3749 4.4686
9.8913 9.8635
9.9272 3.7227
-1.1013 -5.5193
0.5290 1.9115
9.8760 9.9142
9.8219 0.1202
1.6785 0.2326
10.0333 0.8442
-8.6636 -0.9547
4.3727 -1.1483
3.4500 3.7380
-8.8390 0.3612
3.9885 2.4648
-5.9204 0.5863
2.3429 2.9927
1.0344 -0.8917
-5.8176 9.8347
2.0619 3.7392
9.7420 -4.4917
-0.3034 -2.3630
3.4497 10.0205
9.7787 -7.8913
-0.4524 9.8794
9.8774 3.0943
-2.2064 4.2645
-1.3791 2.8755
-6.6729 9.8778
-0.2878 1.0050
9.9123 3.1594
5.3502 9.9502
9.7958 -5.1027
-2.3291 0.0642
-10.8445 -1.1644
0.2461 -1.4876
9.8734 9.9135
0.2329 9.8830
9.9295 -6.5804
-0.1733 2.4277
6.2191 -5.6289
9.7938 6.2976
-5.7304 1.2336
3.0605 -1.5683
9.8393 9.8014
9.8002 -1.2766
-7.6939 -4.5944
-1.4000 2.5846
2.3087 -7.2811
-0.0565 1.7642
-5.2794 -4.4249
5.6773 -9.6353
-7.1191 0.9376
4.5892 3.8461
0.8494 -1.5308
-0.6947 -2.5369
3.5764 3.1152
9.8988 9.8161
9.9559 5.0810
-2.9038 -10.3033
-1.6730 9.9427
5.1017 3.8366
3.3558 -0.7670
-1.3763 -5.6292
9.8589 9.9856
6.5852 9.8683
9.7824 3.7661
3.8672 9.8936
-3.4086 4.5320
-2.5174 -0.6919
9.9316 2.6736
-1.3984 9.8295
-1.3361 9.8913
0.5027 9.9264
4.6054 3.0845
-5.4728 9.9654
9.8106 3.4749
3.2816 -0.7940
2.2641 2.8239
3.5307 1.3165
-0.3388 9.8445
9.7930 -2.6364
9.9908 -1.8892
0.8328 9.8940
-0.9750 -5.0539
9.8670 -0.7082
5.0038 9.8314
-1.4043 0.7919
3.3361 -0.7172
2.9052 4.0360
0.5486 -6.2171
9.7724 9.8976
9.9356 -0.7556
9.8900 -1.8116
0.8687 5.0345
9.8090 -1.4648
-3.1404 -1.5003
9.9192 2.3274
1.9430 -3.9848
0.8950 -2.7306
1.1383 3.4336
9.9576 -0.7869
-0.9216 0.0162
-4.6313 -0.5322
1.0150 -2.8243
-1.9171 0.7969
9.8874 -2.4482
9.6654 -3.6387
9.9364 3.6085
4.5557 -3.4488
1.3998 2.4437
0.2049 -0.5945
9.8158 -0.4652
4.4215 4.2144
9.8742 -0.9641
3.8915 1.1316
5.3594 -1.8140
2.9893 -2.0775
-5.7455 10.0207
3.3928 -0.2719
9.8034 9.9003
-1.2409 2.8909
9.8767 -5.5508
0.2283 -3.1221
-6.1695 9.9494
9.8166 4.4431
1.2846 -1.7116
3.6999 -0.7137
9.9363 -1.5747
1.6128 4.5357
1.1501 -3.0427
-4.3299 4.8759
9.7772 9.9177
9.7752 4.9655
0.1423 -3.3531
4.0961 -1.1501
-7.7767 9.8453
4.4780 9.9735
9.8197 -4.0142
3.5367 9.8856
0.7343 -2.4780
2.8529 9.9017
4.2739 -3.5028
-0.5613 9.8881
2.4181 0.9841
-4.3914 9.9402
-6.8693 -4.0946
9.9292 -0.9508
5.7207 -3.8217
-0.1565 -1.3829
-4.0086 2.2057
-2.1901 2.3440
9.9445 -3.5812
4.2471 -3.6780
2.9840 9.7455
1.8635 3.2118
9.8869 9.9179
-2.4513 -3.1524
-3.4899 9.8305
-2.2825 2.8936
9.9659 -6.7926
4.9805 5.1251
1.8070 -1.5431
-3.6723 9.8808
0.4763 9.9536
5.3164 9.8500
0.1169 -1.0996
1.4890 -3.9080
-2.3312 0.9069
9.8566 -0.8711
3.3604 0.0559
-1.2312 3.5621
9.8591 9.9040
3.7325 0.7621
-2.7105 -2.9598
9.8066 3.4219
-7.4145 10.1309
1.5342 -1.9888
-6.6482 2.7292
0.6910 9.7872
4.8017 9.8973
-0.8608 3.8974
-1.2186 -1.5142
2.3838 9.9738
6.4163 0.9096
-2.2898 -0.1879
9.8601 -0.8085
3.4176 -2.4056
9.8576 2.8088
4.3595 -2.3860
9.8239 3.9814
7.6956 4.0815
0.6745 4.1956
1.4602 3.8819
9.8293 -0.6220
4.7393 9.8033
4.2388 -3.6192
9.7735 -3.2217
4.6273 9.8863
0.2038 3.4831
1.0729 2.5037
2.7457 -6.9895
-4.0231 9.8600
9.8903 9.9356
9.9135 -0.6300
-0.1343 3.4454
9.8779 0.3252
-2.0659 8.0551
-0.2414 -2.1351
-1.5981 0.7986
-1.9254 -10.7741
-4.3892 4.2639
-5.1222 2.6136
-0.8103 3.4631
-7.5190 4.9130
-1.4296 1.9302
1.3464 9.7796
-2.2061 3.0417
-3.0530 5.1951
9.7707 9.8389
-4.8105 9.8898
-0.3993 2.9806
1.7008 3.4377
9.8055 -7.1361
0.5517 -3.7638
9.7984 2.4947
3.8298 -9.9727
-2.0000 -0.9184
-5.1314 9.8927
0.8740 0.7242
4.5206 -4.3808
2.5652 9.8192
4.3808 2.3486
9.7018 9.9456
-0.1430 -3.9321
-1.1521 0.0279
-7.9115 9.9066
9.8842 -9.2272
9.9388 -3.2459
9.7255 0.1073
1.7048 10.0126
9.8412 -1.3829
9.7495 -1.3215
9.9384 4.8219
4.2952 3.0159
9.9010 3.2182
2.0272 4.9059
9.8657 7.0765
2.0435 -2.0806
-1.2762 0.7819
1.1007 4.1596
-1.8678 0.9711
9.7405 3.8065
-1.5271 9.9362
9.8261 3.5076
-1.1015 3.5226
9.8725 0.2823
9.8194 9.8467
10.0013 9.7260
9.8972 6.1074
9.8332 4.4587
-1.1271 0.1521
0.5890 -1.4724
9.9257 1.3725
9.8347 -5.1555
-1.5293 -6.5663
-0.5498 0.5360
-0.9538 9.8375
1.7486 2.5720
9.9247 9.9097
1.6544 -3.3585
-5.3166 9.9207
4.6295 2.5657
9.8558 -1.1092
9.7793 -3.8592
3.7769 4.8865
-2.4425 9.8789
-3.5939 4.7049
-4.8365 9.8940
-5.1598 9.8999
-0.8409 9.8777
9.8393 0.7802
3.8101 9.8504
3.7265 3.0968
1.8298 9.8073
9.9858 9.8698
5.9133 9.8031
0.0649 9.8268
2.7484 1.6115
9.9653 2.1154
-1.7893 -1.9872
-2.5235 -0.8193
-1.7568 -1.0746
-0.8776 9.8821
2.7652 9.9170
4.6276 4.4882
4.2356 5.0332
-2.0436 -4.3833
9.9018 2.3250
1.3779 1.4282
-0.3145 -7.7076
-9.5934 1.0122
9.8880 4.3252
-6.2922 1.7119
9.8726 2.2236
9.9715 4.3775
-0.5384 2.9784
0.4798 1.4345
2.3191 9.8838
0.1139 -2.7993
9.9236 -0.2214
9.9484 9.9477
3.9547 3.8679
2.1739 9.9834
9.8931 1.9954
-3.0154 0.1565
9.9494 9.8480
9.7466 -1.6654
-0.9271 6.0465
9.8850 -0.1093
9.8824 9.9347
5.0226 2.0927
4.1853 0.5061
6.9254 4.3810
9.9509 -7.8129
0.5755 9.7772
9.9033 -4.0868
-3.6556 9.6431
1.6299 -1.8568
9.8284 2.1199
12.2958 10.1271
-11.0481 5.0889
0.8214 0.6590
-1.4604 9.9123
-1.0573 5.3263
-1.5053 4.6674
9.9330 -2.9121
9.9250 9.8647
9.8371 0.1302
4.6608 9.7921
-4.9414 2.5491
-1.1923 3.0461
-2.7222 9.9348
-0.7618 4.3427
9.9563 -2.9620
9.8922 -1.1722
4.2178 0.0280
9.8870 9.8965
9.9070 9.8707
1.4138 9.8993
9.9382 9.8525
-1.4395 10.0048
-8.0137 9.8286
3.0562 3.9786
7.5863 9.8207
4.5380 3.6936
4.5008 5.4402
9.9427 9.9687
-1.0738 1.8363
1.0503 3.8836
4.1118 5.5263
1.5349 0.3200
1.8621 9.8920
1.4511 -1.4102
-0.5606 -0.9468
9.8321 1.6190
-0.6055 1.2603
1.2276 -5.8751
1.6469 -0.2776
0.4094 2.2156
9.7558 -2.0123
1.6378 4.5198
-2.1115 4.5133
3.3470 9.9133
9.8025 9.9948
2.3996 6.0556
-1.9251 -2.9127
-2.9817 -0.2421
9.9146 -1.6448
9.9327 -5.0290
2.8608 2.9725
4.0020 -0.1351
9.9823 9.9607
-5.0625 -3.2562
-3.8275 9.8868
-4.2339 -2.6320
9.8695 9.8003
3.0823 -0.3281
-3.6196 9.8575
1.6565 9.8067
3.3920 0.5744
10.0229 9.7910
9.9005 -3.0023
-4.4841 3.9498
1.6134 -5.5850
-8.1843 9.9718
-0.0241 -2.0925
4.5159 4.3664
0.4301 -1.8105
9.8606 -12.5617
2.6123 9.8921
4.5834 3.7686
-0.3519 5.4227
-3.8588 1.8774
-2.8762 2.6544
-0.7063 -1.3535
1.2307 4.3106
-5.1018 4.2559
9.9172 9.8072
-10.4705 3.6073
9.9092 9.8961
1.4559 -5.6902
9.8793 2.4309
0.9450 9.9574
-2.7446 -0.2675
9.7438 1.3768
9.8095 9.9085
-5.7806 -0.8974
-0.0957 5.0031
4.9533 -0.9730
9.8752 -2.9976
7.4957 4.1394
1.7871 -1.3300
9.7396 -3.1094
-2.4664 4.0079
3.4971 1.6524
0.0367 10.0587
9.8360 1.5063
9.9434 9.9045
-3.2569 9.8069
-8.2308 4.0461
5.0905 -1.3497
-2.5423 -0.7178
-2.3895 9.9193
-1.9586 -2.0832
1.0980 9.8993
-1.1728 2.8792
-5.7356 3.6513
-1.1290 2.9834
-1.0895 -6.1602
1.6857 -1.2549
9.9681 4.3222
9.8290 9.9211
-5.4072 2.2248
9.8969 -3.6037
-0.0696 1.0931
-0.1920 3.8661
-5.4481 9.8559
9.9169 9.8418
9.8140 9.8329
4.9206 4.6171
3.2165 2.1391
9.8990 0.2880
2.7529 9.8103
9.7185 1.4335
-2.3996 9.8726
9.8869 -2.9936
4.8475 9.8927
9.8353 -0.5572
2.4834 -4.3114
9.8698 -0.6060
0.0362 3.7588
9.9795 -4.3447
9.8589 9.8674
4.4530 2.0282
-2.8587 9.9150
9.8399 -2.6749
-0.3824 3.4079
-10.3949 9.8981
3.3232 1.8441
-4.7838 -3.7742
9.9018 4.4148
3.2575 9.8952
-2.9426 9.9117
1.4196 2.4559
2.3816 9.8151
-1.7379 9.8567
-0.5587 -2.8729
-0.6439 -1.7905
3.0381 -4.8611
0.1105 -1.0322
2.8489 9.7793
9.9829 9.8201
9.8597 7.1602
1.6661 9.8750
0.2099 9.9095
-1.0756 2.1500
9.9185 9.8695
0.2405 3.4328
-0.0055 3.7111
2.0752 -8.0000
0.9359 -2.7531
-0.0425 -4.0324
-1.4536 -3.5675
3.8617 9.8282
0.6381 9.8432
3.3220 1.6564
3.2613 -0.4988
8.3046 -4.3916
-5.7029 4.9319
1.8361 -5.5723
0.7579 1.9292
9.9248 0.4030
-2.9551 -2.2579
-0.3236 9.8694
1.6579 9.9043
6.4016 -0.2253
1.8750 -3.2564
9.8760 6.3902
2.6733 1.3462
4.0787 9.8504
9.8565 9.8171
-0.3300 0.9118
-2.6791 -2.8802
-3.7331 -3.2080
9.8589 -0.4914
-7.0317 5.4939
9.8972 9.8774
9.8373 -0.3821
5.2412 -3.9781
-7.5560 -0.4067
2.7163 9.8573
9.8594 2.8089
9.8363 0.9071
9.6602 -3.9942
9.8850 -1.2155
2.7731 0.0149
9.7481 4.6549
3.0754 9.9828
0.2719 9.9550
1.7164 4.4413
0.7205 -3.4130
-2.5541 9.8725
2.0691 4.0339
1.0816 9.8211
2.5711 0.2471
3.3612 -0.6569
9.8408 2.2749
3.3024 4.2341
4.6127 -4.7260
5.1240 1.7135
3.8600 -4.5328
4.3446 -1.5723
9.8893 -2.8990
9.8754 9.7641
-3.7473 10.0014
1.6957 9.9157
-3.2619 -1.9402
9.7977 1.2564
9.9676 9.8831
-3.5567 2.6542
4.8357 -11.7804
9.8981 -0.9203
-5.6536 9.9358
-0.1046 1.8908
3.2858 9.8466
9.9541 1.9414
-3.0794 -0.3060
1.0756 1.4844
2.2347 -4.9503
3.2726 9.9362
9.8196 1.7498
9.7777 1.0014
4.9504 9.8875
-6.3240 -4.7403
9.9495 5.7532
3.5506 4.2957
9.9594 -1.5580
-0.8145 4.6314
-1.3485 -0.9470
-0.2575 -4.7041
9.8838 0.2959
2.7199 9.8233
5.0042 9.7797
9.9167 5.5725
9.8714 3.5274
4.4704 1.1879
1.9357 -0.5603
0.2872 -1.6689
-7.8068 9.9208
3.4065 9.8651
-2.1914 9.9688
-0.6630 -2.4042
9.9158 4.8783
-7.5457 0.6025
4.4756 10.0206
1.5245 10.0156
3.7387 -2.6866
10.0868 3.7994
3.0814 9.7901
9.8885 9.7993
9.8727 9.7202
6.2034 -10.5014
2.9379 -4.9122
-4.4461 9.7570
9.8739 0.7312
9.7398 -5.9458
9.8603 -2.7019
3.3151 9.8002
9.9480 9.7165
9.7843 -2.1405
10.0184 10.0312
-2.5292 -1.6864
-10.4286 -1.6974
-9.4417 0.8383
9.9812 1.5053
0.1872 -1.9733
9.9153 -1.7576
9.9291 -1.4179
-2.2711 -7.8846
1.4055 -0.0126
9.8373 4.7656
-1.7302 2.9951
-2.3122 0.5414
9.8477 9.9754
-1.6082 -8.7099
1.5302 -1.3541
-1.6813 4.6315
0.8806 -2.5755
4.9376 -6.2298
2.3490 -2.2124
-0.9558 9.9540
-2.4871 -4.2375
9.8931 -3.6047
2.2125 9.8300
2.7406 -4.4163
9.9170 -0.5030
0.5710 9.8717
1.8307 4.9618
0.4995 -1.7451
1.7394 9.8472
9.9219 9.9200
4.4871 -1.6751
9.8053 9.9724
-1.8834 -2.9933
9.8878 -5.1191
-5.8717 3.5249
9.9266 -5.0207
3.9331 3.0670
2.5745 9.9218
0.0827 0.4620
3.2133 9.8653
3.5227 9.8712
1.3006 9.8701
9.7466 -1.0807
4.8461 -2.3049
-1.4879 3.5771
4.5683 -2.9877
-1.9209 3.2203
4.2559 2.5934
3.3669 -7.3272
9.9047 9.7950
-1.7545 0.0824
3.5946 3.5396
-4.8358 -10.1613
4.3166 -7.5193
2.2446 9.9583
2.8706 -1.5366
-3.5979 -3.3622
-0.7044 -11.1686
3.9832 -6.2538
-0.9007 2.9619
-0.6782 0.2937
-4.1642 4.8276
-1.5796 5.0576
9.6998 9.8757
-4.6913 4.1099
9.8060 3.4665
9.9137 -0.5311
9.8752 9.8951
-1.7362 9.7880
9.6972 3.7025
9.7893 1.2208
-2.8522 2.4255
-0.6476 9.7704
3.7220 -0.4953
9.8809 4.6546
9.8814 3.7226
7.3402 9.9417
-6.1299 -0.4194
4.3150 4.7165
9.8361 3.0742
-1.0085 -2.7939
9.9025 9.8650
-3.0706 2.3176
-6.8389 3.9224
2.9655 5.5794
-7.7178 4.1322
-0.2645 9.8682
9.9353 0.0778
1.6248 -3.0526
0.9195 -0.0688
9.8018 3.8014
-2.4768 9.7095
3.3378 9.8533
3.6439 1.5025
-4.3802 -3.2273
-2.5336 9.8829
-0.8896 4.7429
-5.9200 5.0924
9.8964 3.4333
-2.1509 -4.3430
-0.4619 6.0475
-0.3209 -4.2205
-0.6082 -2.6803
9.9636 9.8663
0.5238 1.1784
2.0679 0.3846
2.1207 -0.4966
1.0647 -1.8866
3.6698 9.9262
9.8149 2.8150
0.4062 3.7016
3.3731 9.9289
0.2943 9.8531
3.6720 2.8155
-0.1072 -7.7005
9.8299 -1.8442
-7.4017 3.7555
-5.8059 1.1898
1.6042 4.2588
-4.7953 9.8683
-0.5170 4.6716
9.8726 9.7710
1.8548 2.5478
-1.7392 9.8949
4.1877 1.8078
9.8656 4.6067
2.2143 -0.7849
-10.3341 9.8084
3.2515 0.3381
9.7699 9.8306
-4.0721 9.9528
5.3263 0.2734
4.4168 3.0572
-3.9762 5.1664
3.8522 9.9544
-1.2752 9.9194
-0.5434 -11.3653
9.9476 -3.5295
9.8075 9.9710
4.3717 9.8001
1.6380 -1.3626
-8.5029 -0.5144
9.7513 9.8432
2.4780 -2.2384
0.7872 9.8879
3.0382 2.2558
10.0039 -5.3345
3.3323 -8.6838
0.3836 9.8710
2.4494 3.8726
9.7817 -4.6717
-1.4525 5.9735
-3.6729 9.8218
9.7784 -1.8048
-5.1912 -2.2661
9.9785 9.9294
-1.9439 -0.0900
4.8653 -1.6950
-3.6521 -0.1391
-0.8321 2.8796
-9.2040 -1.9146
1.8906 -2.0843
3.6992 -10.5942
9.7635 -2.5920
3.8140 1.8135
-3.8755 3.4997
2.8883 -3.0991
2.0866 -6.3708
-1.9082 -0.5513
10.0128 -2.1099
-6.9065 1.4339
-1.8684 2.0529
-7.7479 4.3096
-0.5962 9.8831
0.3089 3.8254
3.5146 3.1122
9.8771 2.3240
9.7563 -0.9038
-8.1077 -1.4827
0.9738 -4.2602
-3.9059 3.7214
9.8793 9.7454
1.6461 -1.0432
-6.0485 3.2759
-2.0290 -2.5470
-1.3753 2.3319
3.2457 1.3077
2.3796 9.8796
-2.7840 9.9083
4.4644 9.8668
-0.3855 4.0898
5.2656 9.8259
9.9240 5.5294
9.8521 -7.5379
9.8082 9.8822
9.7740 -0.3061
-5.9283 9.9367
-2.5152 9.9220
9.9267 1.2912
0.3662 0.8468
9.9268 9.8422
9.7948 0.8773
9.8725 0.9813
1.0697 3.1155
2.5490 -2.2321
3.3408 -1.5286
9.8261 2.7202
9.8861 -3.7211
2.1081 -3.2893
9.9946 8.0871
-6.0292 3.7900
2.7563 -0.6140
3.3969 9.8149
0.8762 3.0107
-6.7473 3.0181
4.3554 9.8081
-2.8813 -1.4748
1.4333 2.1323
3.7649 9.7417
9.9473 4.1266
9.8813 4.5855
0.9913 -4.6421
9.8618 1.5499
-1.5223 -1.0979
-0.5784 3.6246
1.9932 3.9789
3.4535 10.0086
1.1895 9.7380
9.9087 3.6137
9.9902 0.0509
9.8585 -1.8174
9.8051 3.7316
-2.4386 -0.9793
4.9769 4.2633
4.9872 2.6259
-9.0398 -4.1041
-3.5076 9.9733
9.8444 0.3755
-0.1963 -0.1517
3.2535 0.3899
0.6024 0.5970
-4.8238 -1.3871
0.3905 4.3994
9.8322 6.9527
3.7504 -1.5803
3.1071 9.9218
-5.3480 4.2327
4.3396 2.6053
5.3806 0.1443
3.9570 -6.6558
3.3297 -12.1827
-3.0713 9.7897
-0.2205 0.1345
-5.0434 9.9394
-2.1497 -2.0522
-0.6979 0.1472
-4.4174 4.4620
-0.8028 9.8950
-2.0404 9.8313
0.5505 3.9771
3.1791 -2.1089
-9.4735 0.8086
1.1906 -1.8937
9.8559 9.9536
-11.8478 -1.9510
-5.4071 -2.1775
1.8917 0.2585
9.9550 0.7813
9.8778 9.7393
0.0734 -3.3319
0.8806 -0.8240
9.9776 2.4141
1.5516 1.3903
1.2108 0.6637
-4.0514 0.8087
9.9168 3.6609
-4.9850 -3.7084
-0.4285 0.4041
-0.2511 -1.5126
0.6779 -0.5975
3.8158 -0.2858
-5.5127 9.7546
9.8983 10.0470
3.6233 9.8795
-1.8360 1.5826
-4.7605 -3.8619
9.9187 3.2844
-4.7058 9.9580
2.0688 -4.8880
9.8374 -1.4030
3.1015 2.1712
9.8160 4.5378
-2.5975 -2.0241
-5.6578 3.1253
9.9046 3.9869
1.6431 1.2309
9.8363 1.2347
9.8248 -2.9513
9.8110 9.9468
9.8567 9.9054
9.8067 9.8762
-1.7001 4.1853
-0.0604 3.5197
0.9218 2.6594
3.2385 -11.1260
-5.6853 1.8502
10.0557 5.5457
-1.3058 0.1581
9.8904 9.8634
-2.3401 1.3167
9.9892 -10.3155
9.8514 -6.3189
-0.5715 9.7428
9.9527 4.2705
9.8385 9.8679
9.7667 -0.0733
4.0246 2.6212
9.8573 1.8786
2.7396 4.4591
-7.4093 3.5482
0.9105 9.7148
-1.6908 -2.3664
10.0245 0.8151
-0.9122 -4.0084
5.4226 -1.0387
9.8284 -1.1639
-0.8977 1.9166
4.2271 -1.1330
-5.3711 3.7511
9.9096 -7.7764
-0.5094 9.8747
-0.4072 9.8150
-0.0585 -0.0189
9.8197 -1.0927
9.9282 2.2082
3.8735 -8.1466
9.9188 0.0508
9.8552 -0.0094
0.1554 -6.8801
9.8792 2.4715
-1.3189 -0.4138
9.8529 0.4861
1.7728 -3.8825
-4.1799 -0.0198
4.5314 9.7943
4.9891 1.8028
9.8033 5.3310
-1.5240 -2.7569
5.5976 -1.8409
-5.2986 -1.4313
-0.3268 2.9779
9.9801 9.9105
9.9810 9.8007
5.2344 2.9126
9.9391 3.0361
10.0009 1.3935
3.5256 0.7806
4.6506 9.8163
0.9371 9.8573
-1.9289 1.3445
3.2364 2.3692
-1.1394 -2.3537
3.4455 2.1811
3.3977 3.4323
-2.8963 -1.8961
-3.9868 9.8232
1.6964 4.5210
2.3724 -1.9160
9.6886 9.8107
-0.1263 0.6775
-6.0480 -1.7791
9.8864 1.9119
9.8121 -2.4330
-1.7218 9.8599
9.8672 4.3721
9.9056 3.6403
-9.0559 9.8893
9.8359 -0.7248
3.5564 3.3004
4.0269 -0.9700
3.5681 2.4091
-7.4651 -3.1083
-4.0780 2.3682
-4.7471 9.8366
9.9084 9.8296
3.9509 9.9103
9.8254 9.8884
-3.0691 3.7030
9.9017 -3.7907
0.2119 -0.1052
2.1475 -11.1319
-1.1089 4.8228
9.8854 -3.3405
3.0860 1.8501
9.8941 -0.4261
-4.7131 -2.3869
9.8810 0.7961
-7.1732 5.1828
2.2653 5.0170
-1.6366 9.8813
2.1812 -7.0843
-0.9873 -0.2611
3.8065 2.9610
-2.7285 -6.1001
2.1347 9.8790
2.5457 9.8928
5.0555 -4.1370
-0.3470 9.9277
9.9396 -1.9306
-2.6156 -3.3834
-0.8188 -4.5441
3.7551 -4.9404
9.8999 1.3606
4.8958 -6.7317
4.9021 1.3126
-2.7849 9.8883
9.7807 5.7941
4.8541 4.8655
-2.1974 -4.9975
2.3835 -0.1305
-1.9925 -5.3488
-2.7299 3.5516
0.5803 -2.2195
-1.4302 9.9588
9.8741 9.9033
5.5117 9.9831
-5.9603 -5.2929
2.9593 -2.2204
9.9273 -0.3887
-0.8096 3.7091
1.4327 5.7442
9.9623 -2.0758
9.9117 3.5643
-0.6519 -1.0559
9.8243 0.0005
9.9006 4.0443
1.2329 3.2140
0.8310 3.9021
9.8984 9.9746
-0.7526 9.9302
9.8927 -1.6089
9.9984 4.7688
9.9461 4.8604
-0.8704 9.8421
0.3415 0.9820
-5.0769 9.8480
4.7582 9.9331
9.8065 9.9795
9.8705 0.9370
-0.3283 9.9176
9.9190 -1.6182
-9.5590 2.9210
-3.9120 9.8595
0.2473 4.3403
-1.5404 -2.1298
-1.8924 2.5696
-0.7031 -4.2612
9.9103 -2.4653
9.7733 -1.1247
2.8978 4.4983
2.7944 9.7457
3.1866 9.8757
0.3010 3.0511
9.7291 2.9302
-0.0962 -2.0607
-0.5959 9.8809
1.6352 -3.4655
9.9111 3.5767
2.2293 4.4641
3.6858 6.4536
3.1667 9.9385
4.0275 -3.4303
2.1375 -7.3140
-2.6307 9.8562
9.8286 -1.4208
1.6937 -0.6201
5.0211 -3.7169
-3.2248 2.0897
-8.7453 0.2600
-2.9070 -1.5443
3.3866 -3.6185
4.2270 9.8385
9.9234 0.1374
9.7947 9.8456
-4.6176 9.7833
2.8027 -3.7511
0.9271 9.9329
-3.7391 2.0565
9.7986 4.4112
-3.4314 9.8503
9.8816 0.6484
1.2331 -6.2361
0.4593 0.3408
-4.3379 -1.8561
-2.1643 4.0202
9.9428 -1.2444
1.8427 4.8378
0.8548 5.0781
-0.4040 0.5947
5.4897 4.6075
3.3894 5.9537
2.0031 9.8645
9.8428 1.7839
9.8438 2.5847
6.3192 9.9121
-11.5010 1.6015
0.8426 3.7978
-0.0428 3.2144
1.5835 9.8001
7.5012 1.5490
0.4475 -0.4732
3.6145 5.7734
-3.3403 7.8736
9.8122 3.7495
4.0846 -3.3643
-9.8106 3.4702
-2.2012 -4.6648
-4.5802 -3.4974
1.2698 6.5268
9.7428 9.9408
-1.3625 3.4871
0.9678 -2.8546
1.5199 9.8166
2.2499 4.1533
3.5890 -2.2678
-2.5952 -6.1008
0.9726 4.4345
-0.6096 7.2709
0.0070 0.2793
4.0112 1.6424
-0.2196 9.8945
-2.7952 -7.9690
9.8873 3.8760
-0.4878 -4.3250
-4.3252 -0.3848
-1.1992 0.0872
4.1927 9.8368
-1.2460 2.2818
9.8765 9.8406
1.2118 0.4166
2.1396 -1.9802
2.1627 3.2589
9.9214 1.7347
9.0594 9.8809
-6.5504 4.0826
-0.9410 -5.8062
9.9743 4.5513
3.1385 -3.4871
-0.6348 4.4291
0.0947 5.3462
-1.9523 9.8082
3.3634 9.8868
-1.3279 -1.0214
9.8964 0.7328
9.9969 3.7043
2.5473 -0.9774
-2.3209 -3.0137
9.9237 9.8460
-2.9304 -1.3124
2.0797 4.0008
-0.6190 3.5688
1.0759 4.1892
10.0148 3.2908
9.8044 4.9537
-8.2088 -4.5406
-1.2022 9.9823
-7.4998 -1.6732
9.8119 9.8627
1.3415 4.9192
9.9465 -12.3332
-3.1546 -9.8573
-8.2643 -1.6126
3.6494 6.1006
2.9888 4.3993
-1.7501 -0.7382
9.8862 -0.7396
-3.4629 -4.8158
3.5040 4.2754
3.9425 3.5343
0.8799 -3.4396
2.7849 9.8225
-1.3176 6.5430
9.7965 -7.7123
1.4696 9.9440
9.7928 2.1882
2.2244 0.2538
-3.2370 1.9294
-0.0443 -2.7094
-4.0042 -0.2861
4.0006 -1.5637
9.8074 -6.2518
-8.7941 -9.2164
-3.3173 1.9696
6.5948 -0.1682
9.8052 -4.2154
0.8843 5.7268
-1.7693 0.0907
3.7776 -2.1617
4.4672 -9.1471
10.0370 -2.4346
-1.8076 -4.4033
9.8656 9.9601
2.9972 -0.9896
2.7408 9.7887
9.9021 9.9039
9.9871 -0.7132
-3.0152 1.0567
2.4094 -7.2773
9.9704 -2.2487
9.7270 9.8400
-2.2887 -6.1142
-4.5389 -3.6138
4.4139 9.9394
-7.8852 -4.1250
9.8080 -1.0454
2.2768 -1.0499
3.3533 1.7856
4.7691 2.6500
4.6137 3.4233
0.3133 -0.2632
-0.1120 -1.7852
-2.0343 9.9063
-2.4206 4.2479
-1.2447 3.4358
-1.9201 4.3769
0.1716 -1.1010
1.2009 2.9981
4.4153 -0.9449
9.8201 2.8068
-1.9988 0.7685
-7.5909 2.1652
-0.6561 -6.8664
4.4505 9.8423
9.8835 9.8425
-0.0669 9.8891
-4.9135 4.2086
9.8705 -11.9059
-0.8790 9.8635
1.1817 0.1752
1.7344 9.7764
7.5877 9.9342
4.1759 4.3932
-1.7910 2.9998
-2.5254 3.1142
-2.3406 9.8659
4.1075 4.2578
0.0702 2.1420
3.0651 3.3083
3.3250 -5.9562
3.5665 7.2357
-8.6578 1.5348
-2.1116 9.9004
3.3294 -2.1823
9.8023 9.7859
3.4113 9.8611
4.2125 -4.6291
-0.4040 9.9056
4.4869 2.7737
9.9311 -3.3449
9.8127 6.2374
9.8409 9.8124
9.8044 0.6334
9.8688 -0.8900
-2.6447 -0.7046
-4.0073 4.9434
-2.8509 3.7653
-3.4672 2.8509
9.8948 9.9669
9.8598 3.8114
0.5305 0.0889
9.7947 4.2810
-3.7688 -3.4417
-2.2087 0.8682
9.8379 9.9746
-3.5636 -3.6611
3.1448 1.9526
2.1718 9.8518
2.1098 4.6564
-1.8359 4.2437
3.5471 3.8429
-3.4962 9.8402
3.8124 1.5362
-7.6197 -3.5810
-4.2785 -11.0741
3.5597 -0.9383
0.9524 9.9565
-0.2719 -7.1605
-7.0999 -2.2033
2.7246 9.8290
1.4779 -0.7560
1.6011 1.4677
1.7648 -1.7613
2.0195 1.8482
9.6297 -6.9029
3.0457 2.0820
2.2955 2.2210
1.6973 5.4343
-2.6800 9.8203
8.7387 -1.6093
1.6259 2.3339
-7.1307 -1.4715
12.2947 6.8038
2.6439 -6.1904
-2.1422 3.2505
2.3964 -2.0006
12.0970 6.6068
2.0133 2.3791
11.0617 8.0376
-7.1133 1.4514
3.4393 -3.3254
10.5422 12.2448
-1.9223 2.0438
3.0700 1.8013
2.8477 -7.0747
1.5316 1.6331
-7.2673 1.7455
2.4542 2.1797
10.4756 1.6219
0.6784 2.1626
-2.2185 2.3113
2.5124 6.6285
-1.9281 2.5309
-7.5896 -2.4497
9.8515 2.1706
2.5720 1.6182
5.7039 2.7299
-2.8123 1.0916
1.4548 2.2000
1.4834 2.1352
-1.4014 -1.2047
2.6984 7.9457
-1.7971 2.4066
-7.6346 10.1609
2.4926 -1.7494
1.8135 12.3069
-2.3916 1.7499
2.4237 3.2198
2.0492 -2.9195
-7.1277 9.2148
1.7062 1.9337
5.6819 4.8576
10.3891 -1.0765
-0.4166 -1.6967
1.6181 -2.4855
-1.9480 9.6933
2.0830 7.8361
-7.3304 -7.2795
-7.4989 11.1209
2.0323 3.2405
6.3500 1.5853
2.6704 -1.3354
10.8071 2.2081
-1.2321 -0.7966
8.0162 2.2519
9.2959 -7.7582
-1.7976 10.7174
-2.0319 -1.4399
2.0131 12.1108
1.8117 8.0184
2.3841 -1.2930
-1.5704 11.5445
-7.3757 -2.0161
-1.1367 2.2748
2.0940 -6.9664
-1.8098 -6.7905
10.8143 -6.5793
-0.9277 -3.5842
1.6512 12.6129
-1.9430 2.7001
-0.0214 -7.7239
8.8472 2.1802
-1.3292 -2.0823
-7.1942 1.9110
1.6742 -7.3558
-7.0070 -2.4840
-2.6833 3.6326
1.7714 -1.7998
-1.9462 -7.3109
-2.9873 -7.8012
9.5353 11.8198
-7.5161 -7.1552
8.9762 -7.2149
-7.7912 -1.2682
-1.7329 -1.5318
-7.3978 2.1615
9.2025 11.9785
1.7523 -1.6833
-2.1800 -2.6012
3.6001 2.9993
10.0666 -1.8213
2.2043 -6.1337
2.6096 1.4800
1.6183 2.4280
2.2650 -6.9253
1.6821 -7.5497
2.6492 7.8757
2.3643 2.1832
1.9794 2.5914
2.3706 10.6903
-2.6123 1.7689
-7.7599 -0.9994
12.3693 14.1439
7.9354 -7.5331
-1.2285 -2.1597
9.4425 8.9456
-1.5352 -1.6724
2.7674 1.5682
-7.1641 2.1523
2.5951 -6.5989
-2.9195 2.2068
2.3038 -1.0078
1.9840 -6.9452
-1.6025 -0.5948
12.6356 12.7571
9.3496 -6.0894
2.1485 2.4596
5.8284 -2.1509
-2.6896 2.6216
-1.8538 -0.7334
6.5417 1.7008
2.2395 2.3787
-6.3890 -0.1727
2.2221 7.7264
1.7846 2.7416
2.8828 -1.8351
-2.1562 -2.7028
2.5971 -6.2883
8.2447 1.2120
-7.1068 1.7322
-7.2307 7.1332
2.6532 8.3742
7.1015 -7.1973
-6.3065 -7.5182
2.3037 3.0382
-7.4676 1.9715
2.5419 6.6965
7.8695 -7.4465
2.8639 -2.1113
-2.3220 -1.5628
2.0341 10.6248
-6.4298 1.8813
-1.1418 2.1795
-7.5933 -6.8709
0.9859 9.2995
11.0778 -3.7544
-1.7216 2.1538
-2.1749 -2.2455
-7.6899 -7.5433
-0.3754 2.3489
-7.4227 7.5168
1.9263 -0.4140
2.1426 7.7661
-1.3365 8.6197
-0.4444 1.9420
-1.9061 1.2853
2.5400 6.9047
-2.3684 -1.3779
-6.5614 2.4171
0.9743 3.3339
3.2782 -7.4327
3.2678 2.4988
-1.3771 -1.2411
8.0560 -1.4915
3.1593 3.5976
-0.7670 1.2821
9.9802 -0.4885
2.3251 -6.8011
-1.6057 2.0122
2.9487 1.9376
9.9333 2.6528
-7.3211 2.6619
-6.3052 -2.2277
-3.3087 -2.2140
10.1022 0.0737
3.3148 2.2362
2.4382 -1.4692
2.1204 2.8708
2.5199 -1.3777
2.0945 -7.4383
9.3471 2.6177
8.7748 6.3692
1.2556 -0.5553
2.7655 1.9282
1.7316 12.1995
2.0049 2.4358
12.9095 9.6159
2.2522 -1.1595
8.7875 -1.3876
7.7709 -1.4069
2.7943 -7.3080
9.7181 2.0029
2.7034 2.0950
0.8296 -0.8149
2.2277 1.8808
-7.4930 -0.4275
1.4682 -7.1079
2.6381 2.3102
8.8437 1.5803
5.4027 7.7510
-1.3915 1.3815
2.4231 -1.9626
-1.4926 10.2336
1.5600 -2.0014
11.7115 1.5225
12.7286 11.3851
-0.7160 -1.3491
2.1187 1.8714
1.2257 2.4009
2.4325 -2.5684
6.4002 1.9223
-7.5017 2.6227
12.0372 9.4577
-7.6160 -0.9279
-0.9065 -1.7783
-7.1188 1.6487
5.3884 8.5356
13.7959 -7.2545
-2.6414 3.0932
-1.5565 -1.4621
8.3292 2.0763
-1.2980 2.5735
9.3309 2.0611
-1.7808 -7.7944
8.7470 1.7441
-1.4782 2.7871
1.5837 10.5503
-2.5198 -7.2681
5.4068 -1.3121
2.2672 2.6949
-6.6451 2.8648
7.2418 10.0768
1.7850 8.7280
2.2163 -1.1259
1.6446 -7.4404
7.8713 2.0477
-3.1859 1.0611
1.8717 -0.2256
-2.4486 8.6887
10.7688 10.0077
-2.2197 1.2628
2.4954 -2.4777
-6.1250 -7.4542
2.5441 2.2124
2.5967 8.5756
-0.7084 2.1286
-1.3790 2.2899
-2.0674 2.8389
2.7010 1.9279
5.7957 8.2771
7.1618 -2.6168
2.5662 -6.8722
1.9785 8.6777
2.3266 -1.0335
-1.0353 2.3397
2.7046 6.7965
2.3024 -1.9518
2.3850 -6.2828
-1.5617 2.9051
10.4508 2.9964
2.3293 2.9080
-1.2662 -7.4122
-2.5484 2.2292
-7.3806 1.4334
2.1580 1.8775
-1.6481 1.8307
2.3408 5.8387
2.6690 -0.4681
1.8430 2.4061
8.6400 -1.9043
2.2975 -7.3995
7.8812 -1.6479
-7.6405 2.0896
-7.4655 1.2758
1.6067 1.9974
-7.0022 -0.8850
7.5450 -7.2171
-1.5802 1.9577
5.4720 0.2800
7.5101 -7.6704
-1.2265 2.3793
-7.0847 2.2592
1.7384 1.6558
-7.3034 2.4028
-0.3625 -1.1670
-0.6990 -0.4981
1.9963 9.1640
-7.4466 -2.0927
2.6832 1.7021
1.6270 2.2597
2.3159 2.7094
9.2215 3.4895
-6.1235 6.8696
-7.4314 9.0185
2.1153 8.9856
2.4042 -6.8045
2.3847 1.9168
0.7673 1.3038
-1.7334 8.1399
3.2435 10.9878
-7.7386 -1.2223
-2.3229 8.3046
-0.7799 3.2454
2.5190 2.7114
2.1877 -0.9086
-6.4504 6.7587
2.2941 -2.8796
1.7693 1.2735
-7.3433 11.8571
2.2481 9.2363
-2.8494 8.4638
2.0024 2.6045
7.3190 2.2469
-1.9686 1.9373
1.7990 -1.7560
-0.8300 1.5369
6.1776 9.8893
2.6061 -6.1028
-2.5290 -2.1757
-6.8874 -1.2007
9.6797 -1.3125
2.7703 1.9916
-0.9951 -0.6456
8.7843 -2.0425
2.2962 -2.1677
2.6034 -6.7531
1.4707 -1.7743
1.0223 2.1920
2.5096 -2.7393
2.6010 2.7045
12.1484 2.6389
0.6170 2.4109
2.8669 1.3662
1.8756 -1.2193
-7.4032 2.5374
-1.7160 -1.9285
3.4299 1.6896
1.2914 -2.1820
2.2235 -0.4542
-0.8542 -2.3224
-1.6278 -1.2788
2.8511 -3.2147
-7.8019 9.6506
2.3179 1.9288
2.8724 -1.8205
2.8756 -2.1585
10.4148 1.9657
8.8794 1.7960
8.7262 1.2815
-1.3565 2.1546
2.5160 -2.1064
0.7848 2.5481
7.1383 7.3595
-2.0522 1.7249
-7.5603 -1.0154
8.7754 -2.3905
2.8430 1.8258
-7.2669 9.9726
-0.9724 2.1112
-7.9137 2.1946
-2.8695 1.8876
-2.3074 2.2427
-1.6286 0.1640
1.9528 2.7740
-2.4116 1.7462
2.9630 2.2378
-3.1801 -1.5396
-1.8884 1.8068
-0.7696 1.7169
-1.9535 -7.4696
2.3934 -1.3756
1.9716 2.1443
7.7912 1.5968
8.6054 9.6537
1.9999 1.1455
-0.5737 1.8879
-3.6357 2.3339
3.0457 -7.4620
2.5063 6.4702
12.1103 -1.5571
1.2998 2.0548
2.9454 8.6176
-6.1577 -6.5999
1.6775 -1.2818
-7.4167 -6.3959
2.4105 -2.5560
2.3525 -0.4028
-7.5699 3.8335
2.5623 1.3027
2.7637 2.9723
-2.5290 1.3860
9.5282 -0.3292
3.5400 -2.7548
-2.5202 2.6969
-7.3836 2.3187
-2.5759 -1.1884
1.1493 8.5076
2.3608 -2.0534
-0.9625 -1.8041
9.7386 1.5730
1.6629 -0.8850
9.6321 -0.9249
-1.0377 1.5521
2.7659 -7.6228
2.2413 1.4378
-7.3216 -2.6305
-5.9360 1.8586
-2.2769 -2.1289
1.6302 6.8685
-0.3291 1.6448
11.3537 -0.4988
2.5451 2.8242
-3.1272 -6.6704
-7.3067 1.7170
2.3057 4.2749
-1.6782 1.8227
1.3669 9.8335
1.2267 -0.9957
9.6384 -2.3598
-2.3430 -1.5827
1.5274 1.4486
-0.9659 7.8282
0.6785 7.8674
3.3113 8.2444
-0.6346 1.5079
1.9654 -1.0556
7.2310 -1.1366
10.3231 2.0161
1.9821 -1.2438
-2.5016 -1.0283
-1.5359 1.7856
0.1894 -1.5775
-1.1882 2.2245
-0.7750 -6.6242
-1.7170 1.6086
-7.0981 1.5617
-2.2479 -7.0181
2.0211 -7.7182
1.8622 -3.1319
-2.1132 8.3361
2.2150 3.1433
-7.7367 1.6014
1.9805 1.5774
2.2795 2.0950
-1.7451 1.6681
2.2486 3.0120
5.8060 -2.0350
2.1100 2.3636
1.9497 2.3472
10.4182 1.2855
2.8269 2.8892
2.9329 -1.1604
10.8272 2.7749
-7.1408 11.1298
2.4080 1.7472
-2.6393 -2.0761
-1.9537 2.3643
3.1840 1.2657
1.9005 4.6989
7.1198 -1.5688
2.0112 -2.7123
10.3067 2.1842
2.1866 -7.5056
2.0474 -2.0488
-2.4704 4.0248
6.8861 8.6181
0.2302 8.1208
13.1976 -2.2689
-2.3622 1.3289
2.4239 5.5974
-1.8697 2.5268
-0.8411 1.8289
1.2503 -2.6798
-1.7347 -1.3235
9.2541 9.7827
-7.9101 2.3474
7.4182 -6.8111
-0.5586 2.3655
10.3793 2.1935
-7.6466 1.7698
10.9687 -2.3221
-7.4455 2.0605
-0.2646 -7.8875
-7.2178 2.9703
2.6669 7.4456
2.2438 9.2008
2.0437 1.3333
1.8654 1.6642
-7.2677 7.6336
1.6965 -1.5408
-1.7198 -6.6318
-7.5578 -2.0564
-2.4663 2.6044
8.8377 -2.0928
2.0559 1.9482
-0.8625 7.2724
1.8987 -3.0936
2.8435 -3.1568
-1.2896 8.0116
7.8772 2.4738
2.0948 2.3737
2.3292 -1.8082
9.6964 2.0898
-7.3883 2.4824
2.0589 -2.5509
9.6012 6.4454
-7.3359 2.2364
3.0937 2.5765
-1.7885 -1.5907
3.1258 -0.9146
-1.7771 9.3508
-2.8894 -6.4377
-7.2396 0.9869
2.2135 11.7223
2.3887 9.1486
-1.6270 2.4856
9.2942 2.2978
-2.7636 11.8205
2.5380 9.0664
2.5611 4.5039
2.4983 1.8638
6.7852 2.2385
8.9959 -1.4448
-7.6429 -2.6179
-1.2346 6.6273
1.9783 -2.9131
7.7942 2.4736
1.7384 2.0615
-7.4815 11.4676
-0.3285 -1.5713
-1.0512 -2.7320
-1.2664 1.7518
2.0434 2.4985
1.9645 -1.3571
2.2474 1.3497
-3.0743 -1.9238
1.3592 8.3731
-1.3985 -2.3128
7.0434 -7.2331
-0.3066 -1.7575
2.6921 1.8897
7.9061 -1.6694
1.8579 9.8447
1.8001 -1.4924
10.9555 -1.3299
-1.0623 -7.3733
2.1711 2.0519
-1.2056 -2.5322
2.6945 2.4315
-7.2331 -5.9417
-2.7063 -7.1985
2.2806 -6.3834
7.2105 -1.7815
-7.6759 -7.5174
-3.4421 8.2113
-1.0261 2.0939
1.8893 1.4421
-2.8318 9.7572
-0.8592 3.3062
8.8940 7.0270
8.4509 2.3929
2.4400 1.6305
1.5450 -7.4612
-2.4309 -0.9051
-1.1939 -2.7924
2.6546 1.4273
-1.5361 11.7754
-1.8188 3.2822
2.0403 -2.2214
-2.7623 2.9117
1.4296 3.8000
2.1116 1.7483
-6.9346 2.5713
9.3327 7.7555
11.0230 7.2648
10.1066 1.1487
-3.5300 2.5825
-1.2699 3.0831
2.1343 3.2178
2.0881 1.3579
8.1112 9.1508
-7.6725 2.0186
9.4883 1.4104
1.8172 -2.1914
3.1286 7.8317
10.6383 2.6424
-2.6428 2.1675
-1.3915 3.0889
2.8930 2.8804
2.9237 -2.1204
2.8266 2.9520
2.4176 2.3242
-1.5141 -2.2248
-1.2998 1.9673
3.0698 3.3307
9.0679 9.5207
8.0524 -1.3361
13.5822 10.6550
0.8668 -2.0271
-0.8142 -1.6022
3.1442 -7.7273
2.4236 -6.8718
7.8677 2.6407
-2.1056 -1.4269
2.0631 -2.3996
5.7962 -0.7661
2.4022 -2.7893
2.3486 2.1929
1.4514 -1.4982
-6.6666 -6.8474
-2.3873 2.4674
-1.6689 1.9898
3.4729 3.0683
13.6763 9.6460
-0.7664 1.8574
-7.8105 1.5647
-1.6677 1.7983
1.6376 1.0989
2.3860 -0.7147
1.6815 2.3151
-7.5380 2.1765
8.7200 2.2722
2.6938 1.7225
7.7370 -7.6409
2.0544 -1.4962
7.1357 -1.9794
-1.5339 8.0189
-1.7851 1.7600
-0.2321 9.5062
8.4322 -0.5822
2.3932 -0.0156
-1.8894 1.8133
2.4081 -7.5689
-6.8378 -1.7959
2.1021 8.8071
-1.7434 2.7183
2.0785 2.5536
-1.3713 -1.3797
2.3120 8.2749
11.8788 3.1749
2.2103 -7.0904
10.8578 -7.1763
-1.4782 -1.5891
2.6505 -1.8773
9.6954 -7.5674
-0.8273 9.3078
9.5695 -0.8604
1.7807 2.4754
-7.5290 -1.5310
10.1288 2.5466
-7.7720 5.2161
2.1358 10.4856
-6.9837 -2.5884
2.1738 1.4221
-2.0205 -7.5524
-1.9777 -2.2210
-7.1507 -0.8698
2.1109 8.1238
1.7993 1.7912
2.1333 7.2793
13.3674 -6.6006
-0.5701 1.3629
-2.2612 11.4244
-1.5782 11.7085
2.2948 -2.3825
-7.3316 7.3408
2.7691 8.2193
-0.9084 2.7825
-0.3902 1.8691
2.3310 -1.9772
-7.4056 -7.5310
-1.8151 -0.6514
-3.0096 -2.3193
-1.7821 3.0170
-6.7437 2.5147
9.2298 7.8084
-1.9547 -1.8792
0.9672 -2.0237
11.2148 -2.5493
7.4874 -7.5700
-1.9353 -1.5886
-0.6688 -3.3008
11.8832 -1.8106
-2.6641 10.9284
11.3027 -7.6273
6.1459 -7.5369
3.0652 -2.2315
2.2165 1.6961
7.2257 -1.9778
1.8372 -0.8318
2.8848 6.2201
-6.8025 2.7327
6.1982 -2.7223
2.2228 2.5427
2.4573 8.6066
2.0646 -2.7496
-1.4406 2.6551
-7.6048 1.0009
1.1751 10.1679
-7.3083 2.1522
2.0736 -7.7477
2.5808 1.6098
6.7556 8.8014
-0.9848 3.3259
9.1973 -2.8218
2.0267 2.4054
-0.8131 2.2364
10.4751 -2.0180
2.4404 1.7947
-1.4750 1.5286
-7.1772 2.2534
1.7316 2.0214
-2.4824 -1.9528
-1.0382 -7.6454
2.0086 -0.6334
-1.8155 2.1188
1.6787 -1.6583
7.7790 8.7502
2.1336 -1.2510
7.0555 -7.3119
1.5779 -7.2809
-1.6631 1.8748
2.1134 2.1575
-0.5202 2.4479
-1.7008 2.1066
-2.0783 -1.1843
8.5963 -6.9186
2.3175 2.1770
-7.4213 -7.3041
6.7454 8.8248
1.8771 2.9269
1.4454 1.8583
-6.9191 -2.0871
-1.3937 1.5634
11.7788 2.4170
1.9266 8.7318
-6.4425 -7.0225
-7.1886 2.3529
-0.7820 -7.3416
2.2224 11.8661
8.6701 1.5454
-6.4814 -7.1698
11.2464 2.6087
2.7345 2.0891
1.3648 9.0938
-7.9797 1.8361
2.8090 -1.1041
0.2407 11.1670
1.1596 -2.8269
-7.4095 -2.1814
2.6238 -1.6124
-1.6828 13.5954
-1.6428 -0.6846
-7.7691 -3.2619
2.3572 1.6344
2.1317 2.1620
-1.8094 2.4793
6.5063 -0.4567
-7.3010 -1.0384
1.8818 1.9946
-0.2181 8.3453
2.3421 2.6697
-7.0116 -2.1973
-7.2176 2.8179
9.2616 -2.1528
-1.2566 8.7964
2.6671 9.3463
-7.0955 -7.3367
2.0461 -6.0238
1.9509 7.4479
-2.3168 0.1218
3.0028 2.9586
5.7434 2.6147
1.5776 -1.3357
1.9338 2.0005
-1.7516 2.5594
-2.8920 -7.5070
1.8178 7.3919
11.6125 6.4640
-1.4524 3.3049
2.6107 7.8545
2.0170 -1.7593
2.1348 1.9208
2.6744 1.6728
1.3679 2.7619
2.9447 1.0397
10.5435 -0.8171
-1.9004 1.6692
2.8545 2.8004
2.8023 1.8868
1.9779 2.2715
2.9597 -7.6688
-1.7584 -3.1498
2.4958 2.5779
-7.4312 1.8727
-1.6104 2.6709
-2.0086 1.0277
1.1162 2.2982
9.9820 -1.6204
8.5579 -7.3256
2.2997 11.3743
2.3137 2.3928
2.6093 6.8508
-2.0598 2.5279
2.4201 -0.4992
0.6027 2.6341
2.6755 9.4947
-1.7022 1.2467
2.2067 -2.4866
2.1342 2.0933
10.7493 -7.0813
-2.1396 2.2040
2.3736 -3.1533
-0.6852 2.8551
-1.0320 -7.2096
1.3835 2.2286
-7.9299 6.9475
1.6677 -7.4156
-0.7869 2.5044
-1.1857 1.0620
-6.2486 -2.1945
10.2582 -2.1730
-2.7488 -7.5160
-0.8209 2.6863
2.3782 -6.8817
2.3594 -1.7288
-1.6506 -7.6078
2.5124 2.9057
-0.8852 2.6922
1.6412 -2.9852
5.8746 2.8234
-6.9150 1.9717
-3.1063 -7.6022
-7.0453 -1.8119
8.7669 1.8140
2.3142 2.0475
-2.0717 -0.6048
2.5943 9.9012
2.4931 -1.4441
-1.5226 9.4106
2.5833 2.9180
12.2274 6.6134
2.8829 2.4609
1.8846 -6.3884
10.0498 3.0078
5.5992 -7.3299
-6.8965 -3.0461
2.1291 -7.7992
2.1799 1.4039
-7.5776 3.0102
6.8592 1.1961
-6.1919 5.1814
12.0073 -2.5103
1.8428 9.5957
2.6499 1.8896
1.5204 -7.4810
-8.4489 2.1675
-2.0000 2.9427
-7.4359 -7.2651
-7.2094 -1.8614
1.7139 -1.5139
1.4947 -7.1700
2.0705 2.4597
9.4864 1.5056
1.9907 -0.5743
-1.1411 -7.0739
8.0826 10.2034
3.2428 8.3025
2.5372 12.0506
2.1059 1.4047
2.6079 1.6704
-2.3655 9.1082
-2.2770 2.8512
-1.3717 2.4945
1.0186 -7.7619
-1.2505 -1.7578
1.8626 -1.5571
-6.8831 -1.6085
-2.4610 -2.4401
10.3870 8.3481
-2.3598 12.1399
-2.2303 -0.2898
1.7457 2.1263
2.2279 -0.6972
-0.6363 -2.3678
2.6189 -0.8785
2.1882 2.3631
2.1526 -7.2411
10.9247 -7.4448
1.8447 -1.3422
2.2665 -1.0070
7.3046 1.8665
3.2004 -1.0824
2.7010 7.0047
-7.0789 1.7637
2.0863 1.9731
-0.8374 3.3369
1.0716 12.3213
2.5368 -7.2499
-2.0991 1.9195
1.4615 2.4368
1.9083 2.2166
-0.8078 -3.0473
2.2063 -1.2740
-7.4427 2.1689
8.6224 -1.5633
2.2693 2.0765
2.6820 2.7070
-7.4567 1.7084
-7.0719 2.6684
-2.0764 2.2541
-0.7461 -1.7046
2.4926 -1.5728
1.3214 -1.1193
7.4913 -1.7973
1.5625 9.5318
11.9745 -6.8899
1.9645 -7.6992
2.5025 -6.4637
9.2962 9.6800
-1.2165 -1.8593
1.9708 1.9018
2.4684 -7.0036
2.1633 2.2012
2.1689 10.5892
2.4485 2.7626
2.0976 -1.7679
2.2852 2.4983
2.7086 2.1998
-1.9583 -6.0972
1.0654 2.1885
2.1951 1.8327
1.9943 -7.2636
11.2101 2.5342
-6.6281 8.4242
-2.2865 7.3279
1.2714 -6.5448
-1.8146 8.9269
9.7814 2.9002
2.7299 2.0439
-7.4475 9.0462
-1.3793 2.7665
-2.4976 2.2762
-7.2973 2.2641
2.2420 -7.3571
2.4200 1.9504
2.1703 -0.9915
-0.8051 -6.8044
2.2826 11.1788
10.6355 1.7834
2.6351 -3.6895
14.3864 -1.7874
-0.7679 2.5155
6.6479 1.4426
1.8104 -1.3489
4.3000 3.0374
2.7972 2.4653
2.5460 7.0432
2.3385 -0.7418
2.5876 -6.1164
6.2942 1.9506
1.6147 9.9346
11.4709 2.6285
2.8610 -7.1290
2.3049 7.1226
-2.2970 -2.0574
-1.6046 -7.6728
-2.1393 1.4790
2.3936 -7.5384
10.0978 -2.0913
1.2234 2.9740
-1.3843 1.4888
6.8751 -2.1159
7.1792 2.2233
1.8481 -3.1387
0.5971 9.9164
6.3789 13.0236
1.5971 -1.1310
-7.5854 2.1337
1.7157 -2.7476
2.3701 -0.4543
10.2364 -1.5947
-1.4656 -1.5314
-1.8227 -3.6115
-2.3913 7.2377
-7.2492 2.1913
2.3424 2.2178
1.6907 2.2065
-7.0102 9.4168
2.3916 -0.9993
2.2983 1.7354
2.3680 -1.5570
-0.8432 9.7969
1.8822 -1.1558
-7.2884 -1.6594
9.1493 1.2996
-3.3242 -1.9229
-7.3822 -1.2517
-0.8239 -1.6011
2.3956 -7.1145
1.6919 -2.8235
2.2112 2.0630
-7.7150 -6.6356
-7.3885 1.9629
-1.9419 1.3701
11.0360 -1.9600
2.0635 9.6123
9.7632 2.0358
1.8021 -2.9367
2.8671 1.7209
2.2574 2.7855
12.6258 -6.7144
2.0493 -1.2902
-7.0168 2.5222
0.6360 1.7633
-1.7894 2.4037
3.4716 -2.3626
2.3422 -1.0991
2.6242 1.7506
-6.8633 -0.7532
2.5317 -2.0998
13.3349 2.1135
-6.9036 -2.6072
2.7871 1.8458
2.8907 -0.7390
3.5235 2.5248
11.2628 9.6086
5.0147 -7.7118
-0.0581 1.2239
2.4902 -1.6399
1.6228 8.7161
6.4315 2.7680
1.8137 -7.0946
3.2195 10.9364
-7.0620 -2.6832
-1.4762 -2.5254
-0.4437 -7.3431
2.1658 -0.5755
1.9069 -1.9610
1.6034 2.2093
11.1933 1.9076
-0.8798 2.6920
-1.2418 8.8776
2.8830 2.2514
2.1969 1.3634
9.1883 1.6772
1.7617 -7.4362
1.2960 9.7180
4.7525 10.3665
-2.5055 1.8826
2.1476 2.8748
2.0480 -1.9173
-2.1928 2.5883
1.9210 10.9238
8.0145 -1.5226
1.7513 -1.0474
5.4873 11.4040
-2.5495 -1.9078
-7.7844 -1.7171
1.9680 -6.3209
-2.7009 -1.6177
2.8254 -7.2077
-7.3854 -7.2961
2.7011 1.3528
2.4321 11.4284
6.8367 2.2273
11.0592 9.0117
-1.9427 -2.1452
-0.8537 -7.0707
-2.7790 -0.7909
-2.3506 10.4408
2.9454 -1.7277
6.5577 2.6871
3.4842 2.1678
-6.6372 2.4052
1.8584 -1.8474
7.7802 -7.7859
2.1340 -0.7983
2.4812 8.0946
11.6117 -1.9285
1.5220 -7.0610
2.9105 -7.1722
-7.4855 1.9264
-0.6436 2.9406
6.9171 2.3174
1.4921 -7.3611
2.1261 2.3596
8.5128 2.4924
-0.1860 1.6852
-1.0847 -7.3802
-6.0619 5.3206
-2.7634 -1.1626
1.6870 11.0305
2.0097 2.4463
5.4540 2.2343
8.2449 -1.3795
1.5836 1.1640
11.6008 2.4581
2.0719 6.3349
-0.3963 -3.4970
2.7993 2.5074
2.3679 10.8014
-5.6553 1.9043
2.8050 1.8683
-7.1295 10.1914
-7.5910 8.1886
2.5366 2.8818
-1.2445 -1.9963
-1.5833 2.3715
-2.2396 -6.3442
3.9626 1.8838
3.4814 -0.3892
2.4376 7.1249
-7.2231 2.4105
1.9398 -2.0486
8.8939 -0.1412
-7.3191 2.5896
2.6438 -1.5183
2.1707 -1.4339
2.6370 1.6197
2.0730 1.8046
2.0655 -1.7445
-2.2568 2.0928
-2.5388 -1.0822
1.9643 -0.8711
-7.5629 -0.1622
1.4343 1.2667
-1.9551 2.2187
2.6204 6.3911
-0.1432 -7.4397
-0.8677 -0.2839
-0.9272 -0.9227
2.1652 2.6067
-1.0006 -1.8292
1.9689 -7.1409
2.5028 11.9373
-2.1207 1.1855
-7.4968 2.6990
11.8209 1.4657
1.3367 2.0064
9.2306 -1.6795
2.5986 -1.1583
11.8606 2.5764
-7.2890 1.5303
-1.7721 1.5335
-0.4831 2.0542
1.6527 -1.7425
-7.4918 11.8981
1.8159 2.7191
-1.3239 1.5631
10.7425 -0.3784
-7.6796 2.2731
-7.2467 -7.4113
2.8041 2.8733
-1.6225 -8.0070
-6.5905 2.6298
-6.5901 9.6414
-0.0847 -1.8237
1.5845 1.4253
2.7032 -7.1684
6.2847 7.4684
2.0487 -6.7949
2.6968 2.9235
2.2944 1.5870
6.3671 -7.1203
-1.3058 -2.3746
2.7071 -1.6844
-2.5520 6.0268
-2.4377 2.1056
8.2997 2.4356
-1.6161 12.3634
1.7866 -1.9939
3.5019 11.4218
-2.6651 -0.7544
2.4548 1.3092
-6.9886 1.4115
2.8056 10.3634
3.1009 3.0409
-7.7572 -3.1757
2.7657 2.6737
-7.3004 2.7247
-7.2388 2.4430
10.1433 2.6254
-7.3273 -7.2931
2.9625 3.1353
-2.7102 -1.5252
2.5006 -0.5878
1.9421 2.2430
-2.1709 -7.0670
2.6288 2.1186
1.7992 2.2767
2.5043 1.4901
-1.3691 2.3204
2.3587 2.9451
1.2422 -8.1604
1.5978 8.6832
1.6358 -2.7804
2.5459 -7.2112
6.5738 -6.2182
-7.5784 6.5129
14.1994 1.7888
10.6759 12.4096
1.9753 -2.1687
-2.3740 2.3836
-7.7911 2.3926
7.5894 2.6581
-2.1979 1.8490
1.8681 -7.6492
9.2431 1.4181
6.6139 2.0378
-7.8508 2.0363
1.8580 2.3020
2.6208 -7.3967
1.7105 2.8203
-2.1694 1.8771
-7.2346 -2.3492
-7.5863 6.7310
10.1288 3.1012
3.2036 3.0502
1.8827 -7.6492
-1.5479 2.9332
1.8174 -1.3932
-2.3144 2.5113
1.8542 1.5659
1.9878 2.6579
2.1535 -1.5137
2.1807 2.0412
-1.1458 8.5747
-7.4902 2.8177
9.6874 -1.3201
2.9867 -7.7027
8.3289 10.8105
2.2508 2.0124
1.7804 2.3497
-1.0643 3.4875
0.4051 1.8711
9.1816 -2.3257
2.8049 -2.1014
-7.7846 1.7246
8.1866 7.3204
2.1129 -1.4946
0.1457 1.5757
10.9319 2.9029
-7.2830 1.9235
1.9817 3.1144
1.8749 -2.3350
1.5508 -2.4853
-7.5175 -5.5773
11.1005 2.6355
1.0680 -6.3814
10.1077 -1.0419
-1.8216 1.1564
1.6940 -0.0394
-6.6645 8.0014
-6.6106 -6.8838
3.0034 2.4406
2.0422 1.3162
-7.5523 5.7421
2.7557 -2.7699
10.7063 7.4792
9.2195 -7.0525
2.5360 -7.5621
2.3432 1.7358
8.4365 2.0933
-1.2529 3.4621
2.1529 -2.1208
-6.2811 2.8077
-1.8513 -0.6852
1.6470 1.3958
2.9331 2.1469
-7.4509 2.1666
11.9486 4.0018
2.8356 2.5966
0.6917 -1.2216
-6.6743 -5.5447
-6.6516 7.1835
7.6365 2.2150
1.8182 -2.1946
1.7889 7.3228
2.1642 10.6587
2.0538 -8.1526
6.3647 -7.0773
-6.6091 -2.7210
0.9174 10.8433
9.9662 -0.2760
-1.9511 -6.8958
1.6742 2.3687
-1.8032 -2.0008
-1.2637 -2.8638
8.3041 9.3798
3.0222 -7.2158
10.5281 -0.5765
1.8182 -1.9836
-0.0216 6.9343
8.1499 7.6867
7.7341 -7.5166
-1.0273 -6.7535
7.7255 -3.0318
2.0243 1.4073
2.5487 -7.5579
2.4501 2.3338
1.3641 -7.6158
-7.2591 1.2157
3.1719 1.1652
6.3613 8.7792
-1.0988 2.1326
1.9577 2.7680
2.6928 2.2662
-7.3502 1.5412
11.5620 1.9619
1.3017 -7.4185
11.9335 -0.8859
2.3014 10.7230
11.1640 -7.0893
1.4830 14.6017
-6.4650 2.2780
-1.5503 -1.7958
-2.1734 2.0213
-2.5466 8.9214
2.0918 -0.5467
-6.6675 1.3850
-2.3115 1.4084
9.7457 2.4496
-1.5208 2.3805
-1.1147 -7.6848
2.4698 1.1955
2.5875 7.0323
-7.3332 7.3841
-1.3591 1.8812
2.4558 3.5036
1.6255 -7.7440
-7.6756 2.3004
5.7197 2.4710
0.7578 -6.3766
2.7565 1.1431
-2.3999 2.2398
9.2322 -1.9437
-2.4056 -7.2985
-1.9992 1.9441
10.4173 1.8205
-2.4655 2.6312
2.5298 -1.5316
7.4269 -1.4306
1.5051 0.3023
-1.6239 -1.2676
2.4898 -2.6746
7.7020 10.1067
3.2516 10.3091
1.9726 6.5389
1.6606 7.3477
2.7026 -2.6956
-2.2942 -1.1547
-7.6029 1.7753
2.3336 -0.8089
1.7454 2.0399
8.9763 11.9150
2.8045 -2.3811
-1.3976 10.6009
5.9106 -7.4667
2.0714 1.3015
-0.1719 2.9904
-7.5030 8.0607
2.6181 -7.2817
2.6372 5.8050
-0.8947 2.0049
1.8560 -7.3807
9.5424 7.0419
-7.0667 1.5173
3.2921 10.0673
-2.1928 2.2255
