5
8.1050 -8.7231
8.2761 8.1159
7.8505 7.8376
-12.9417 10.0862
-10.7656 -7.8512
-10.0567 8.0228
-10.5068 8.2711
1.0446 9.4886
8.2743 8.4740
6.5334 5.6508
1.0102 -10.1501
-9.2962 8.2828
2.5209 7.4739
2.1391 -9.4575
-5.0381 -11.7021
7.9067 8.0188
7.8789 7.8497
8.1218 7.9469
7.8738 -9.6407
3.8960 -9.1613
1.7116 -10.3327
8.2807 -6.5403
7.8117 8.0321
8.1310 -6.3336
-10.8557 -10.3632
6.2209 -10.2377
-11.2073 8.1018
-10.1321 -9.8037
8.3491 7.6085
3.0122 7.9576
8.3605 4.4722
-9.9877 8.4295
-7.7071 1.9395
8.4817 -8.7654
7.9955 -9.0853
3.7283 -7.2586
-9.8055 8.4599
6.4271 -8.1450
-0.0309 7.7397
7.7439 -9.2154
8.3456 1.7448
8.0388 2.7346
8.3290 7.9749
-10.0542 -9.4432
8.4176 -11.4770
7.6546 -9.3522
6.8969 1.0943
-10.0594 0.0977
8.0892 8.1600
-10.9641 8.3296
8.4156 6.4818
8.4471 7.9721
8.3127 -10.4974
8.0094 7.9224
8.1655 -10.0876
-9.3648 3.1172
8.4313 -13.7294
-11.0382 -11.2976
-9.5441 11.5011
-8.6105 -8.7750
8.1558 3.3466
7.9023 -5.1862
-11.5158 8.4079
1.6103 8.2063
7.7993 8.0313
-10.2356 -6.9726
7.6756 8.0447
1.3959 8.4194
8.5769 -10.0197
7.8404 5.3164
4.6231 7.9561
-8.4585 7.9564
-11.5878 8.2544
-8.6163 8.2200
-10.3169 -8.9448
8.4629 -9.1659
-9.6550 -9.6049
-9.4214 2.7848
7.9982 -10.8857
-8.1950 4.8935
8.2401 8.1428
11.0785 -9.3785
-11.9443 8.1708
2.6308 7.8696
-10.7328 4.4339
1.1826 -9.8644
-9.7116 2.1984
-10.0043 -9.1688
-8.6813 8.1703
-6.2437 -8.7429
8.3689 2.4461
7.9614 8.0013
8.2276 8.1282
8.3502 -8.9600
-9.2055 -10.2785
-9.5320 8.3074
-8.6264 7.5216
3.0300 8.4152
-8.2435 -0.9244
8.3525 -8.7446
-11.8117 8.0651
7.9501 -6.7105
-8.8174 3.7472
8.3139 1.8303
-11.9237 8.3268
-9.1062 -10.0762
7.4864 8.0636
-6.8793 -12.6588
9.1960 -8.4919
-9.1765 1.2115
8.1759 7.7389
8.2319 8.2350
7.8042 7.9065
8.0824 8.0562
7.9712 8.0993
3.3811 -9.1358
8.0919 6.4850
4.8074 7.9480
9.0726 10.1492
-9.4068 -9.6607
-9.4941 6.5498
8.3480 8.1620
8.3686 -11.3265
-10.7640 1.8125
8.0191 -9.2699
1.4886 -7.2325
8.1581 8.4051
8.2943 8.1404
9.4770 7.9027
7.9593 -8.4711
-6.2785 -10.2259
8.1791 1.1589
1.3715 -11.0822
8.2979 -11.3063
-9.4982 7.9613
8.0040 -9.4354
4.4211 8.0053
7.9247 4.3427
-8.5666 -0.2124
8.1626 7.8040
-8.9618 -8.8966
7.9171 8.2453
-8.9336 8.1030
-9.3330 8.0916
-8.7875 3.7002
-10.1425 8.3473
7.5965 2.6296
3.1202 -10.2982
8.1014 -7.9470
7.8804 -9.7785
8.0275 -9.6678
7.9200 -10.0792
7.2147 -10.5012
8.4036 -9.5600
-9.5068 -10.6138
-9.4568 -8.4909
2.3121 8.0697
9.6466 -10.0600
8.3389 -14.9011
8.2417 -9.1477
8.9184 -9.9720
5.9344 7.8167
-8.6309 -9.5746
-7.1014 -9.9345
5.7375 8.5962
-11.0269 -11.7417
-10.2840 6.3086
6.3594 4.2197
5.8465 -9.5007
7.2843 8.4727
-10.1231 -10.4168
8.2198 -11.4804
8.2280 -9.8876
9.1900 7.8966
-8.5322 7.8017
8.2583 -9.6835
7.9653 7.7545
8.1235 -10.5740
8.2901 -14.3152
2.4269 -9.3961
-10.8633 -10.0326
5.8362 8.1688
7.7727 -9.0066
8.4013 -9.2717
8.2487 9.1355
-9.2032 -7.1188
7.8779 -12.3700
-10.6430 7.9263
8.3246 6.3658
-9.1026 9.4098
8.3667 8.3206
-9.3502 -7.6481
2.7498 8.2734
-9.1601 4.5159
-10.8512 2.0226
-9.1836 6.6409
8.4723 -9.0409
-9.3841 -11.1463
5.5040 3.5210
8.1474 7.8319
8.0526 4.5729
-9.1007 -10.1426
-9.1485 -9.6045
-8.5401 -6.4414
-10.5762 -11.6925
2.7329 5.2175
8.1337 -10.3228
7.9810 8.1805
8.0873 -13.0509
8.3627 8.3702
8.0772 8.0817
6.4372 -9.3189
-9.4305 7.8965
2.2981 -9.2003
-10.9364 -9.4635
7.9390 -7.5674
8.0165 -8.6395
-9.2317 7.9736
-9.8520 -11.3230
8.8550 8.2227
7.3798 -10.5603
8.2567 -9.8149
7.8623 6.2400
-9.8339 -7.0135
-8.7834 -8.6720
-12.2785 8.1786
-10.5166 -9.9353
1.2886 -5.6600
8.0475 8.2631
8.4185 -11.6289
-9.7778 7.9653
8.0478 0.6662
8.2977 3.6826
8.1508 -10.9554
-9.9750 -8.5682
8.0299 6.4940
-11.0979 8.3786
2.5290 -8.5946
-8.8083 7.6741
-10.5508 -10.2945
3.7603 8.0623
7.2345 2.9732
-11.0883 -9.4618
-10.5343 -7.8617
8.7310 -7.0616
-8.1790 -8.3909
7.8287 -7.7469
8.0820 8.1234
8.3337 -10.6003
-10.7494 9.3691
3.6536 0.8706
-12.6633 -9.8370
4.8312 -6.2772
8.2187 7.8689
-10.0241 8.0739
8.1024 7.9578
7.7658 6.5091
8.0102 -7.9353
8.4225 8.0531
8.1456 2.7306
4.1548 9.9994
-8.9719 7.8615
8.5060 -10.1392
4.3493 -0.4170
8.1215 8.0453
-9.6005 -9.5429
-8.4003 -7.7513
8.4953 8.1089
-9.7267 2.9741
7.8644 4.9145
8.0072 8.0164
-10.1709 8.0371
-12.5811 8.2213
-8.6674 2.8721
8.3431 -10.0039
8.1380 7.9260
-8.6490 5.7954
-9.5833 8.1223
9.7931 8.2512
8.3885 -6.1266
-5.6875 -8.7330
8.8064 8.0648
8.6368 8.1939
-10.3121 -9.2866
8.1180 7.7144
8.2381 2.2050
8.0611 8.0250
-11.8040 -9.0155
8.0961 -9.5927
3.6894 2.7174
8.2755 8.6835
8.2427 8.0594
-10.3185 8.1006
-10.2883 7.7906
-7.9173 7.8987
8.1610 8.2851
-7.5767 6.4636
2.4287 7.9407
8.1463 7.9286
-10.3940 -10.6744
8.7413 -9.6494
-12.5034 7.9145
-7.0204 8.0008
1.8690 8.3214
-9.4464 -8.5634
-9.8154 8.3153
-9.4105 -9.6556
-6.5516 -8.5652
-9.4568 -7.5602
2.5876 8.0646
7.8237 7.8379
-10.3423 -8.9879
8.4016 6.3474
-6.9116 -9.2230
-8.7497 1.5669
7.8129 8.4526
8.3025 -6.9925
3.7621 2.2083
8.0104 8.0665
7.9812 7.5911
1.9514 1.7337
8.1247 2.9504
5.7214 -10.6565
8.2929 9.6781
-8.7699 8.4934
7.8317 8.3259
1.6830 8.1259
-9.1079 7.8017
5.3248 -10.0207
6.9091 8.1865
8.0712 6.0673
-8.0530 -9.3910
8.4246 -7.6512
8.0983 8.0848
4.4420 3.4422
8.2583 8.0805
-10.2631 -10.2016
5.2400 -11.6049
-8.4228 -9.5369
7.9756 -7.4099
8.1442 7.6914
3.7483 5.2119
-11.5935 7.3040
8.0862 -8.3315
4.0522 -11.0490
6.0507 7.7012
10.0007 7.9511
11.6132 -7.4702
6.6568 9.3645
8.3351 -11.1501
8.1336 -13.7468
-8.0719 8.1828
8.1715 -6.1960
5.0795 8.1233
-9.0041 8.2482
-12.6945 -8.2826
7.9750 8.0094
9.5993 -9.1589
-9.1929 8.0015
8.1074 8.1519
-0.1154 2.7279
1.0938 -9.3856
3.8516 -11.4258
0.7159 8.3791
4.3758 -12.6000
-10.7820 2.1405
-9.9043 0.7573
8.4519 7.9241
8.3443 3.7521
8.1209 -11.1967
4.3438 8.5035
8.2744 1.3810
7.6107 7.8394
7.9998 -12.8142
-8.1582 -12.1552
4.6508 -10.9001
5.9898 8.3320
8.7310 8.2274
-7.2168 -9.8003
8.2421 8.3331
-7.5911 -9.3599
7.7899 4.1246
7.9469 8.1501
8.1107 2.4883
-7.0912 -9.8803
-8.4863 8.2210
7.7677 7.7993
-8.7844 8.1110
9.2195 -8.5085
-10.8016 -8.5522
8.2243 -8.7675
-9.9027 -8.1210
-14.0646 8.1264
8.4677 8.0718
2.1485 -8.3391
2.2766 -7.3492
8.0542 8.3052
-10.8217 -9.0191
8.3264 -8.0487
-12.2575 -8.6366
1.1227 8.4484
2.5006 -11.9488
1.7945 3.2232
8.0752 -9.1238
-8.8880 4.7997
-9.6239 -11.0124
-5.5892 -10.9309
1.4334 -14.4702
8.2210 -9.6658
7.8123 8.1403
-10.7752 8.2719
7.9889 5.5886
4.3789 -7.6480
0.7054 -12.9734
-10.5385 -11.8787
-8.1281 8.6458
8.3481 8.3756
8.3507 -11.2816
-10.8223 7.7197
-8.4606 7.9653
7.3256 8.2362
8.3129 -9.6529
-9.7991 0.2474
8.3656 -9.8152
3.2508 7.9748
4.6669 3.7983
3.1162 8.2769
8.1749 8.1345
8.1119 8.2046
-8.2119 -9.9890
-8.7030 -9.6868
7.9576 -8.6783
7.6096 1.4211
5.2552 8.1858
-9.2894 8.1600
-10.6976 0.0070
1.3317 7.9120
-10.3938 -7.7345
7.6816 7.9533
1.8144 8.4115
7.9731 7.9589
8.1062 8.0872
-8.7551 -8.0458
-9.3111 -13.5115
3.5650 8.6152
-11.4748 -9.9416
5.7427 -11.5187
-9.0188 -1.7548
8.1287 7.8178
-6.6473 -0.3448
-7.5710 8.1919
3.4506 -8.5785
-1.0994 3.0492
-8.7377 -7.4959
-9.1473 -9.1452
8.1105 0.6336
1.7259 -7.6819
-9.6416 -7.9803
8.2630 -11.0968
8.0803 -6.0844
7.8758 10.9811
8.2555 3.0804
-10.0577 7.8043
7.9818 3.8350
2.6549 -10.8962
8.2875 5.6071
7.8598 6.5034
8.0520 7.8075
8.5059 -8.6903
-8.4879 -11.6425
-10.5893 7.5002
7.8995 -12.1260
4.8981 7.9645
-9.8503 -10.6249
-11.9929 2.7192
-9.3887 8.1428
7.6797 8.1925
7.9146 -8.8019
-10.2861 8.8563
-10.1970 -11.5947
2.6306 7.2649
7.7429 8.0946
2.4376 5.0667
-9.6375 8.2744
-9.4956 -8.7655
8.0842 -9.8026
7.9521 -1.1545
1.7993 -10.7727
7.8278 8.0833
8.2585 8.2868
8.2917 7.9683
8.3619 8.0501
7.7246 4.5284
8.0527 -8.2996
7.8007 3.1072
-8.4576 7.6783
5.9538 -8.2727
-10.8311 -8.7968
8.2489 3.6498
8.1442 0.8983
-9.2773 -11.0907
7.9031 -9.2816
6.5692 8.3398
1.3905 -9.8596
-8.1475 -10.3193
8.1148 -7.6027
8.3606 -12.6731
8.3180 8.5441
-8.0987 -7.3553
-6.9375 8.2004
8.2257 3.8991
-9.7032 8.0884
-9.7079 -8.7011
-10.8856 8.0178
-8.7530 8.1365
5.5171 -7.3743
7.8655 -10.1061
-9.6968 -10.1832
7.8882 8.1538
8.2333 -9.9399
7.8687 8.1988
-8.7333 -10.2104
8.8268 -10.0853
8.2969 8.1858
8.2756 7.8255
7.9760 8.3650
8.0113 -9.4122
7.9736 7.9817
8.1018 7.0088
7.1202 8.0629
-9.1867 8.0750
7.9204 8.1536
7.8575 8.5622
9.2548 7.9644
-8.0966 -10.2122
-8.8840 -8.2239
3.3195 -8.1323
2.9902 -8.9454
8.1708 -7.4523
7.8722 -5.2565
-8.1642 8.1703
8.1909 1.6289
-11.0867 8.2055
7.9460 7.9895
-8.4229 8.4520
7.9183 -9.8782
2.6290 8.1245
1.7178 7.9620
7.7994 6.0663
-7.9651 8.1894
-7.0502 8.2295
2.5157 8.2135
8.0926 2.4611
-10.8640 8.0197
7.1243 7.9428
-9.2785 -0.1301
8.1354 -10.4724
9.0545 -9.0549
8.5179 8.0215
8.1156 -8.9834
8.0630 4.1108
-10.5476 -12.9465
0.2825 -6.8437
-6.6785 3.1567
8.0621 -9.6868
-9.9487 1.8588
-11.3459 -7.6585
8.1606 7.7328
7.9877 7.9005
11.2834 7.5850
-9.6552 -10.3552
8.1758 7.5736
8.0987 -9.7838
4.5303 8.0643
4.0460 8.4023
2.8345 10.9045
8.0701 8.2876
-7.3243 -9.1704
-8.8256 8.0239
-7.2825 -9.1132
-7.9585 5.3587
7.8006 -10.0533
2.8427 8.2276
8.6915 4.6300
-9.6530 -10.6243
1.5113 6.9266
2.9528 -10.4824
-9.0652 7.9960
8.2327 7.9925
-11.5228 -8.3109
-10.2426 -10.7631
8.5287 8.2982
-10.4006 -7.6076
-11.5639 -10.0073
-8.7291 4.9313
-11.0288 -8.5242
-10.8079 -10.0625
8.0255 9.5956
5.5159 1.7108
-7.3778 -9.6127
-11.0631 -9.1132
-8.1331 8.3490
3.8105 8.3222
8.3139 8.4642
-8.8204 7.5390
-5.6037 -4.7961
8.0363 3.9188
8.2763 7.8973
-7.9990 -7.8946
-8.2130 -6.7731
1.3264 -8.9005
9.0216 -8.1130
-8.7836 8.2533
7.7684 -8.2415
8.1355 -8.2677
8.1242 8.0357
2.0928 7.8475
-8.0850 1.7858
7.9884 7.8081
7.3005 7.8409
-8.8313 2.5828
3.1704 -10.5209
6.7310 0.8183
-9.6142 -11.4210
-10.2805 8.7775
-6.7123 -6.9053
-11.9589 -9.7946
-9.8436 8.1463
-10.1184 6.0337
6.4381 1.9385
2.0023 -10.8677
8.0385 -8.9981
8.0938 -7.2595
-9.8250 4.8658
8.3492 1.2077
8.0829 5.4472
-9.5871 8.0470
-9.6295 -9.3213
8.2805 -9.8620
8.0053 8.0120
-8.7495 -9.7886
8.0531 8.4250
-8.1887 8.0779
-8.2923 8.5112
3.3283 -11.4322
-9.6955 7.9971
-10.3525 -9.9151
-11.1736 -8.3224
8.2326 4.2362
-9.7781 -10.4822
1.4801 8.1025
2.2628 2.7007
10.3070 -5.8171
-9.3062 8.7242
8.0976 8.2114
-6.6954 2.5904
-0.0838 2.4109
7.8618 -7.4069
-10.6917 -9.8441
4.1311 -8.4470
-9.8873 -13.1447
5.6430 7.8298
8.0415 8.0932
7.7276 -10.4118
10.7544 8.1797
7.9683 4.0893
0.6720 -11.1076
-8.6506 3.8609
0.4883 7.8623
9.0438 8.1340
7.9840 8.2201
2.3333 4.1766
3.4497 7.9108
8.3239 -9.1045
-7.0039 7.9559
7.4209 7.9474
-10.2102 -8.0917
8.1992 -9.7835
7.9057 8.4261
8.4663 -10.1639
8.0060 -10.9327
-8.9044 -7.1606
3.1577 3.1979
-11.3223 7.1146
8.2019 2.6395
7.8833 -10.9631
7.9478 8.0750
-9.6141 7.8593
7.8910 -9.7844
-8.9286 -10.1212
8.2491 7.4508
-8.8796 -7.8452
8.3618 8.3051
8.2339 8.3406
2.8784 8.0042
8.2127 2.0342
-9.6782 -8.3412
-13.4081 8.3689
-8.5316 7.7966
3.6898 9.7547
8.2426 -10.1148
9.0544 2.8598
1.7852 -8.4079
-6.4917 5.6303
-10.7062 8.0096
-8.7593 -7.8125
5.4370 8.2278
7.9258 -10.6638
-8.0377 -9.7960
-9.7376 8.1338
8.2992 3.9914
8.1444 4.2112
8.2096 -10.4536
8.3310 4.8303
6.6281 -9.3802
-10.2909 8.1722
3.0574 8.1895
-6.3380 4.7181
-8.8992 8.2167
1.9778 -9.1581
-10.6980 8.2272
4.4060 -9.2958
-9.2503 -11.8119
-10.3677 3.8625
7.8315 7.9611
-9.7339 -8.2459
8.1431 4.9255
-9.3840 2.8487
-9.6221 8.5756
7.6416 8.1913
9.4047 -9.4668
7.9178 8.1550
8.1156 -12.2441
8.0666 8.1783
8.0496 8.3871
8.0764 8.0443
-10.3738 -9.0060
8.1723 -9.9109
-8.4953 8.1752
8.0395 -10.4431
-9.0445 -6.9275
8.5025 8.1294
-10.2883 1.2373
-10.0501 -9.9463
8.1788 2.3341
-9.2969 -10.4175
8.6987 0.9447
7.9329 -9.6432
3.1814 -4.1850
-11.3844 -8.9349
8.0850 -13.2870
8.0668 -9.4415
-5.3748 -7.3970
1.9296 6.7496
-8.8310 4.0219
7.9424 -10.1690
7.6267 -9.5560
-11.5422 8.1016
8.2032 7.9649
7.9637 0.2022
-9.2054 2.5234
8.4347 8.2150
1.8646 8.1486
8.1112 5.4157
8.3740 -9.8328
-5.6151 8.0145
-9.0715 8.0697
8.0467 7.8541
7.4329 8.0314
-8.3977 -8.2811
7.9962 8.1965
8.1096 1.3242
8.0770 -7.9569
8.2783 8.3068
-8.7639 -9.7375
3.2736 3.4345
3.5639 8.2408
1.7048 7.9630
-9.5538 7.9984
8.1185 -0.5604
7.9031 1.2424
-8.3539 8.1653
-10.9003 8.5511
-9.3156 -9.7410
4.7899 8.2976
7.4740 7.9592
12.3814 7.0908
5.6048 2.6277
4.6378 8.2785
7.9136 8.1697
4.1060 8.2069
8.1836 -11.0688
-9.9748 3.3633
-11.8277 -9.6604
-12.1839 -9.4223
-9.6856 8.0161
8.2830 2.7941
8.1595 2.4859
-8.7869 8.2885
-9.9937 -9.3087
-10.7238 -8.4231
8.3454 3.2236
-10.5959 -10.5398
8.0264 -7.3403
-8.9066 -9.3073
-7.9647 8.0277
8.1691 4.5254
1.5910 -10.7723
-10.3438 7.8135
8.2359 -0.5868
7.9617 8.3386
1.8597 8.0537
-9.7511 8.4160
-2.1911 7.8961
6.1482 -8.4177
-9.9635 -12.4543
8.1567 3.5210
-9.7554 8.3410
8.4063 8.1863
-7.9179 8.1866
-8.3305 8.3292
-1.7435 -10.3044
5.3417 7.7860
8.2846 -9.4943
8.2693 7.8638
-9.3694 8.2521
-8.6781 -10.4469
-8.2764 -9.7872
7.9092 8.0975
9.6821 8.2242
-6.8195 8.1815
-9.4132 -7.6496
-10.2413 -10.4265
-9.2498 -6.5832
7.9935 8.0951
8.4714 -9.9049
8.4286 4.7936
8.0019 7.0182
-9.2610 -8.5715
-11.6108 -11.2687
6.5211 8.2716
4.1564 7.9574
8.4371 8.0903
7.9423 4.2363
-9.5003 -8.9707
-6.4950 -9.6077
8.3495 -9.5054
7.9294 7.8316
1.7453 -6.3024
8.1453 -7.9816
-12.7085 -9.1761
8.1714 2.9538
-11.1959 8.1195
-7.5076 -11.1771
1.7332 -7.3224
8.4328 -8.5924
-11.3092 -10.1154
5.6702 4.2479
8.4443 8.1409
7.9928 1.8411
-9.0431 7.8908
-10.3152 8.2506
-8.7809 8.0366
4.4615 -8.1442
-8.1143 7.9356
8.3357 -9.3937
9.4367 -10.2688
-5.6857 8.2403
9.7607 4.2540
9.9816 1.8934
7.9192 -9.6987
10.5319 -8.5574
-9.9658 8.0174
8.0427 -9.2835
8.0867 -11.8263
-9.6216 -11.4610
-9.1114 7.9270
8.4736 3.6767
7.9326 -8.7801
1.0758 7.9503
10.1388 8.3125
-8.6644 -9.5245
-8.1383 -8.1059
7.9528 5.4643
8.1448 8.1137
7.9825 -10.5169
-1.2479 8.0254
-10.7649 -9.7151
-10.0702 -7.5138
8.1458 0.9787
-10.0951 8.2879
-10.0912 8.4774
-7.7195 -9.1167
-9.3486 -13.4134
1.0343 7.8806
10.3079 8.2801
-6.2184 7.8227
0.8001 -12.1939
8.0166 8.1685
-9.7962 -9.4263
-9.3939 3.4118
-8.5708 4.7008
7.7521 8.3931
-13.9211 3.3305
-14.2829 -7.9152
9.1750 8.0915
-13.7379 -7.6672
-10.2407 -9.9433
2.7667 8.4727
-8.5772 -9.3449
-9.6745 3.9304
8.1751 -9.7924
8.2080 8.0631
8.4629 7.9933
-8.7490 -8.5423
-7.1631 -8.8843
8.7797 -9.0718
-8.7747 7.9471
4.4912 8.4027
8.1840 9.3593
7.7716 0.3299
8.0352 -10.0405
7.9461 -8.5510
-11.8427 8.0370
9.4111 1.9813
8.1144 -7.5215
7.6633 8.3598
8.1392 -9.8115
-11.4290 8.2142
7.9493 -9.5739
8.0097 -10.9777
8.3399 3.7889
8.4091 -8.9888
-9.0492 -11.8933
7.8740 8.0287
-10.2214 7.9201
8.2259 -9.6586
-8.0722 -10.3302
4.2881 6.2435
8.2125 -9.7943
8.3133 3.3511
-6.5757 7.8667
7.7569 7.8825
-8.1349 8.3210
0.4845 7.8009
-9.8156 -9.8131
-8.9046 -9.8123
-9.3183 7.8197
8.0931 7.9758
8.4137 2.4122
-5.3567 7.6697
-7.5838 8.2101
-10.2394 8.3547
8.0357 7.9145
8.9341 7.8545
-9.1408 1.4871
-10.8895 -11.0251
-6.2566 -8.1514
-8.9301 -10.1773
0.4327 -10.6474
8.3902 1.9421
4.2217 -8.2810
7.8869 -10.1113
-9.3074 6.5091
8.2783 8.2179
7.7712 7.9767
-10.2513 8.0527
-10.1996 8.9568
9.6673 1.3286
-1.4202 3.9121
4.3037 -9.8000
-9.3202 -9.8868
4.9938 7.9520
-12.2026 7.9703
-11.6625 -10.4881
3.7064 5.7101
-7.4713 -0.4927
2.0242 3.7844
-8.8851 7.9210
-9.5749 7.8375
8.2803 2.2498
-10.6114 8.3303
7.5739 -9.7879
7.9529 6.4737
-8.5763 9.6273
-8.9791 -9.5318
7.9409 8.0949
-9.9331 8.0909
-10.1007 3.2128
-10.3287 -9.6614
8.1991 9.5378
8.1746 8.0206
6.1953 2.2362
8.2071 8.4036
-8.7189 -9.2300
-8.6551 8.1838
-6.9877 -9.7011
-9.2295 8.4119
8.3719 8.0744
7.9460 8.1874
-9.6631 -8.6354
-9.7702 -5.7769
8.1202 7.9202
3.6803 2.2538
-8.7866 8.7638
3.0519 -11.5109
6.1236 8.0830
-9.0000 -10.3268
5.9957 8.0930
-8.5352 8.0995
8.1453 4.2296
3.2875 -9.0282
8.3976 -8.8774
-12.3426 6.6201
8.1945 0.3841
7.7818 1.9487
8.1120 7.7698
7.9892 1.4450
4.3561 8.0837
0.5583 0.8372
-8.2190 8.1111
-9.2480 -8.7785
-9.0084 6.5371
8.1188 -5.5294
8.0998 7.9910
-7.3640 2.8191
7.9941 -9.1563
8.3564 -10.4222
-8.3888 -10.2592
8.3804 -8.9870
-12.6538 -8.0992
-10.7525 8.5465
-9.5479 4.7435
5.1678 7.6575
-9.6115 2.0463
2.2222 -9.0553
1.9848 -9.7223
8.0027 -9.1977
7.9338 -11.8769
-6.5370 -10.4863
-8.5588 8.1604
7.9990 7.8511
7.9981 8.0449
8.2166 7.1606
-8.0706 5.6404
2.9581 3.1550
8.3385 -9.8179
7.9535 -10.7978
8.2604 8.2213
4.2591 -7.4048
8.1484 -9.9106
8.1026 -9.5258
2.4552 8.1595
-5.9402 8.1745
-7.3892 3.9060
8.1175 -8.4756
-9.8115 8.0474
-9.6380 -11.6850
8.1651 8.4472
7.1795 8.1640
7.9648 -9.5345
7.8536 8.2041
8.9115 7.9734
-9.9079 7.0700
-12.8488 8.1914
-9.7101 -8.0960
8.4916 -8.6543
7.9759 -9.3423
-8.3563 7.9360
8.0186 0.8059
-9.4949 0.3683
2.1371 3.5728
8.1322 -9.2813
2.9071 -10.1369
-9.1000 3.6297
8.0822 8.2592
8.4136 7.9354
-9.3230 -9.1091
-9.3350 8.1237
7.9860 -8.7937
-11.6659 7.7686
-10.1036 8.4819
8.2669 -9.5332
-9.8617 2.1460
-11.2762 -10.0349
1.5057 7.9898
1.4969 7.9787
-11.5393 0.6913
-9.5726 -10.0231
8.1569 -13.0696
-9.1367 -10.0971
-10.9887 1.7978
4.0002 8.0181
8.0477 2.2760
8.2278 2.6036
5.1067 7.8470
-9.7039 7.7844
8.8256 -8.5680
7.6867 -8.9053
1.3599 7.9628
8.3308 -9.9269
7.9792 2.2765
3.2009 10.4816
-10.0072 -8.3644
-8.3651 8.0535
4.4760 -8.2108
8.3648 8.0704
7.8078 -9.8325
-8.1681 2.7429
-8.7095 7.9905
-5.8821 -8.8698
7.9561 9.4775
7.9599 -8.5264
-10.6654 -9.5227
5.6336 -9.4564
3.8701 6.0978
0.4827 -9.8338
8.0531 -9.2092
8.1590 8.2649
8.4584 -7.1221
-10.3765 8.2056
8.0920 1.6321
8.2869 7.9452
8.0128 2.1866
-9.6001 -9.0462
8.1716 8.1726
8.2640 -9.1613
8.1897 8.2927
3.0853 8.1393
8.0180 -9.3548
8.0174 -9.1995
3.0244 7.7025
5.5515 6.8758
-8.8636 8.4375
-10.7457 -10.1829
4.2567 8.3999
-9.5681 8.0902
8.1400 -0.6702
8.1978 8.2481
-10.9901 -7.6588
-8.5571 2.3318
-11.2626 8.1197
-7.1422 -8.5113
-7.8798 -10.1891
4.2000 0.1597
-13.8834 8.4677
-9.3128 -12.8916
-8.5240 -8.0990
7.1718 2.4899
-8.6231 -9.9615
-8.4808 -9.8172
-10.5852 8.0246
8.2666 7.8723
7.9589 -7.6945
7.8461 9.2499
2.4791 -12.2815
-6.3795 8.2271
8.4675 -0.1793
-7.7709 -9.1065
7.7303 8.4756
-9.9507 -9.6276
-8.0010 -8.8403
3.1773 -10.9859
2.5684 4.4740
7.9911 8.5122
8.3996 1.0878
-9.4745 -10.5644
-10.7778 -10.1153
-8.9998 8.2408
6.5363 -7.7273
2.2298 8.1593
8.2923 8.0951
8.3368 7.9535
-9.3220 8.2253
2.2935 0.2187
6.0644 -7.3889
8.0973 7.9086
7.5955 8.4050
-8.7224 8.0043
8.2183 2.9892
-6.8919 -9.2928
-8.0289 -5.3394
-11.9285 10.4576
8.0599 -10.2274
2.4376 -9.3794
-8.2549 8.2925
7.9411 8.2276
2.3553 -10.3670
4.0320 0.9375
2.5316 8.1261
5.5721 -9.1849
-10.4674 5.3309
8.1939 -8.3848
8.3261 -12.2142
8.2157 7.9502
6.8444 8.1273
-11.2504 -8.7378
8.1776 7.8631
8.1075 -10.7158
-8.3225 7.8655
3.1517 8.0058
7.9232 1.2231
0.1816 -9.9058
8.3096 -7.9115
-10.2010 -9.4628
-10.6722 -8.8028
8.2391 8.3170
-10.0545 -10.0767
-11.0745 8.0158
7.3802 -9.6124
8.4120 7.7074
4.9958 8.2098
3.3873 8.0939
-10.6635 -8.5404
-8.5971 -10.3676
-9.4091 8.1635
-8.9003 6.5446
7.1646 8.2004
8.2242 8.1369
8.2345 8.1033
7.8913 -9.4463
-9.0420 8.1185
-10.8559 -8.3915
-9.1894 2.7912
4.7858 3.6645
2.3706 7.9296
-10.6216 -10.4788
8.0606 1.4984
-6.8506 -10.6862
-9.2598 7.8844
-9.9040 -12.5314
7.8087 7.8067
8.2847 -9.1628
-8.7864 -10.2053
9.5800 8.5008
5.6621 -8.3067
8.1797 -7.9241
7.9468 4.6994
8.0311 8.2640
8.0791 6.5114
-10.1707 -9.9250
-7.2293 -8.4676
3.2538 8.1110
-6.2763 7.7688
7.8676 -9.8937
-10.3602 7.9158
7.9127 7.4849
-9.3523 -3.3727
7.9173 8.2311
8.0566 0.1478
8.0633 5.1928
-9.6845 8.1807
7.8723 7.9344
-10.1536 3.4374
4.6765 8.2470
8.3959 8.4489
-10.3858 -10.0653
7.9693 8.4458
-9.7924 -9.4290
-7.7683 -8.3707
7.9909 8.0148
-9.7547 -10.8667
-10.4081 7.8675
7.8365 -11.6001
8.7649 2.6968
7.8776 3.3058
8.2650 7.9113
7.8674 11.3067
7.9255 -8.2980
8.2178 7.9941
1.2876 7.9240
8.1495 3.3683
0.8104 8.0759
-7.8370 8.2126
2.7399 4.4068
-10.8418 2.6047
-8.9230 8.0694
7.8189 8.1644
-9.2790 7.7599
8.2727 4.5122
7.7686 8.0723
-7.7284 -10.5531
-8.1506 8.0042
7.1147 7.9627
-7.4057 4.9020
7.9069 8.2532
8.0864 8.3295
-9.7906 1.2132
4.0876 8.1767
-7.8556 2.1514
7.0599 1.1847
5.0786 8.2189
8.2753 2.9682
-14.1714 -10.3727
8.6002 -13.7014
8.0681 3.2130
-7.7656 -10.1220
7.8694 7.9636
-9.2957 0.2578
-15.7445 -10.4078
6.5204 8.1174
8.3901 3.7142
-8.6913 -8.5006
-6.4479 -11.5808
-10.1686 8.1573
8.0892 10.9208
-8.5343 8.2471
-12.6669 9.7329
7.6605 -9.0665
-8.9003 4.7637
-8.3466 -9.0310
-9.1149 -9.5084
8.4546 -8.5830
0.4061 8.3712
8.1774 1.0977
7.8834 -8.7329
2.5385 -9.6434
7.8444 8.0843
-10.6425 -8.8890
7.9574 -5.5916
8.3393 1.9558
8.0114 8.1130
8.1142 2.1757
7.8906 -6.3146
-10.1556 2.7152
-9.0923 -10.4565
7.5473 8.3606
4.4125 4.7715
-7.3476 7.7597
-9.4299 8.0905
2.1836 -8.1617
2.1747 8.3949
-7.2714 -9.5021
8.0177 5.0910
-9.2815 8.1273
4.5344 -8.6060
-7.0724 8.1706
7.8738 1.7884
-10.6707 7.8248
-9.9414 -9.9802
-10.0468 7.7142
1.0825 7.9822
7.8494 8.5073
-5.6414 -9.0262
-11.9218 8.3881
5.6149 -10.5913
-8.6997 7.6490
7.6183 -9.5592
1.1160 2.5945
-8.3889 -5.6785
-6.1857 -10.7110
-6.4602 -9.6146
4.1943 -9.9954
-8.2834 7.6923
-9.3346 1.4150
-9.6757 -8.6798
7.9500 8.3732
-8.6121 7.7414
-9.1116 8.1196
8.4271 -12.4173
3.3853 -9.5993
8.3954 -9.5687
5.2553 8.0752
2.2307 -7.9881
8.2250 -12.3825
8.6366 7.8916
-8.1551 8.0929
7.9662 7.8969
5.9567 2.3468
8.3937 8.1875
7.9045 -9.0715
8.2360 2.0952
7.1233 -9.4678
3.9890 8.1327
8.2383 0.9282
-7.5813 0.8823
7.8186 8.0219
8.1191 8.2447
4.2148 7.8522
-6.8001 -8.0037
7.9961 -9.8258
7.5559 -7.9811
8.3289 7.8371
-10.0995 8.0136
-9.1006 -7.6582
-10.3259 -8.5433
8.2492 8.1511
-9.0434 -8.1029
8.1654 -10.1027
8.0735 7.9378
-10.9779 -8.9768
-10.2141 8.1119
-9.0571 -11.0664
-9.2104 -7.8699
7.9255 8.3990
8.1053 -8.9959
7.9242 -9.4863
-9.4484 8.1558
7.9466 -7.4025
8.2818 8.0859
7.9602 7.6977
-9.3509 8.0818
8.1794 8.2823
8.4279 7.8123
5.9917 3.3088
-9.7320 1.7918
9.1234 -9.9813
8.1723 -10.0737
-9.2994 8.1020
8.0669 8.3914
-10.0134 -9.7623
-9.1570 -8.1462
-7.6506 -8.2143
7.8661 8.0233
-9.7320 7.8416
-7.7292 -10.3590
-9.6497 7.8751
-9.0104 7.7831
-10.7723 -12.5228
7.9666 2.8647
-8.4582 3.9988
-8.9520 8.3191
5.3341 -11.4016
7.8424 8.0252
9.3580 8.0247
-11.4352 -8.6457
5.6061 8.2173
4.2619 3.3953
-9.4244 7.8341
8.0820 -10.5598
3.5204 -6.4964
-8.3116 7.7483
6.7330 -11.2990
-8.4765 8.0725
-9.5111 6.1701
8.1498 2.2807
2.7441 8.6804
1.2007 7.9121
-10.0546 -9.2777
8.0202 -11.2018
-9.8515 7.9492
8.0651 2.7726
2.1420 -10.4817
-7.1776 -14.0626
7.9439 -9.4581
-10.6435 2.1012
8.1271 -12.7393
8.0937 -9.7037
-9.3215 1.0162
-10.2263 -10.4246
3.1838 3.8827
7.9052 -6.6724
8.1819 -13.8278
-9.5784 8.2503
8.0577 5.4829
1.3618 -11.4351
8.0191 2.0995
7.6933 4.6288
7.9169 7.7885
2.2491 7.8577
8.0609 3.9246
-9.7398 7.7730
1.9146 -8.4425
-9.7635 8.1357
-10.8860 2.2910
8.0417 7.8362
7.8914 8.1340
8.1169 2.8091
8.2475 7.9552
8.0718 8.2589
-12.0727 7.0381
7.8735 1.1353
8.3326 8.4721
-10.0296 7.7828
8.1738 8.3516
7.8700 -10.1591
4.2318 -8.3679
-11.1220 -8.8755
-0.4970 -10.0536
-7.1305 8.0144
2.3564 7.9379
-9.8302 7.9560
8.2321 -9.6057
8.1714 10.4708
-9.1425 8.1595
7.6712 8.2843
9.7270 8.1267
8.0978 7.9772
8.0334 7.9821
-10.1398 5.7274
8.2833 2.6074
7.8890 3.9023
8.1530 -8.9014
8.0030 8.0071
-9.4958 8.2434
-10.3290 -8.6805
-8.6266 0.7178
7.8023 -12.4901
8.0825 -9.5413
7.9188 8.1143
-8.7700 8.3516
8.1479 2.4319
-8.8579 -9.3073
8.2359 8.0165
8.0506 -10.4995
-10.5299 8.1472
0.8861 7.8190
-10.2462 -8.4796
-11.0712 -7.7761
8.1278 4.1932
6.2347 -11.3636
-10.3379 1.5976
-8.0292 8.0609
-8.5512 11.8060
-11.2884 7.9655
7.9919 8.2235
-8.0999 6.4728
-10.1762 0.6452
9.7678 -7.8473
8.2598 8.2749
8.0540 8.2442
-9.7582 7.9924
-9.9003 4.9116
7.8959 7.9154
8.0188 -9.6716
-8.4247 -10.1723
9.8029 4.1232
8.1262 1.7983
8.1507 -10.0826
-9.8026 -7.7210
8.6716 6.3275
7.8591 -10.0712
-8.5192 -6.8368
8.2006 -8.7637
-5.8401 8.0465
8.3059 0.6464
8.0760 -9.9992
-6.9425 7.9796
-10.4089 6.8360
-10.1018 -8.8622
8.2359 -10.6822
8.3635 -9.7110
2.2950 -8.3596
-7.9873 -8.7860
8.2607 2.7454
3.1966 7.9054
-8.5841 -9.4725
-8.0443 2.3669
4.7368 4.4875
0.2098 8.7649
5.6467 8.2852
-10.0424 -9.4036
8.1572 8.2127
3.1784 -10.0833
-9.7100 -7.0414
7.7455 -8.5583
-9.8230 -11.7201
1.1715 8.1863
-11.0590 -6.0486
8.1471 8.0785
2.1741 11.9069
7.8257 -9.2527
-7.6554 7.7491
8.0888 8.0734
8.2919 3.1737
4.5596 7.9927
-11.2187 2.6338
-11.3953 3.8935
7.9752 8.2720
3.4185 7.4877
2.2345 -14.8168
-10.0325 7.7067
-11.1527 -7.8782
2.6274 -9.0314
8.4725 -11.0441
-9.6227 -10.0618
1.2305 -7.9358
-9.7523 3.5073
7.7914 2.3920
8.1971 0.5402
13.2498 8.8189
2.7010 -8.7448
7.9450 -9.9220
8.1477 7.7838
-11.0008 8.2705
8.1728 -8.9316
-9.7574 -9.0213
-10.7167 8.1877
7.9772 8.3037
8.0124 -10.0071
8.2356 4.4700
8.2859 1.6648
-11.0101 -10.5585
8.1524 3.2544
1.8312 5.3749
8.0503 -8.9652
7.7938 -7.2400
3.6447 -11.0764
1.9399 -11.0391
9.6859 4.8423
8.0872 8.7414
8.2084 0.0672
5.0300 -8.9388
-7.3365 -8.9171
8.1782 1.6595
-5.4215 -3.0585
-0.6492 -1.9171
1.3370 -6.5016
9.5989 7.5976
-3.9568 -3.3293
-2.9833 3.8730
-3.0974 -2.3921
4.2623 8.3735
3.5270 8.4504
7.6324 5.6830
4.2521 -3.2174
-3.1900 -4.9374
4.5352 1.3868
3.8314 10.3612
5.6734 -2.9305
0.5329 -0.7332
-0.4971 -1.8878
0.3840 3.7221
-0.6221 -3.5744
3.8392 10.9154
4.1893 -3.4873
2.0911 -3.3397
2.6390 -1.2583
-1.3045 6.4244
-3.6858 10.2974
11.1890 -3.0287
7.7001 1.4627
-3.2306 -3.3420
-3.0571 0.6319
5.7645 -1.0551
-1.7523 3.5557
-3.0134 -3.6270
11.8169 3.8704
-3.0539 -3.5913
-6.6411 -3.8222
3.8820 -3.2575
9.2605 -1.3064
5.1203 -3.7656
5.2893 -2.1999
0.5752 6.5076
-0.8387 4.2684
-3.2987 4.9391
-1.9570 -0.4609
-3.2203 -3.4030
12.1448 -3.4378
12.3919 9.3552
8.1916 5.9692
-3.4608 2.7033
4.1519 0.2577
-3.2287 -2.5916
-3.0562 11.1696
0.5499 -2.5299
-1.1912 -3.4446
-4.4671 -0.7310
0.2259 -2.9577
-3.0170 2.9811
1.2079 8.5698
-3.0030 14.3804
-3.6804 10.0672
-3.0573 -3.3878
-3.9866 3.4314
-3.8568 8.8318
10.8828 -2.0864
2.6850 -4.0157
8.7722 -3.1183
-3.0401 5.8470
-2.2664 3.0563
3.8126 12.1651
-4.0769 5.3776
0.7891 6.4488
10.1953 -2.1107
9.6970 2.3196
-3.8131 2.4618
5.3491 -4.1843
11.6178 -3.0617
1.3896 -3.1282
-3.3161 -4.2547
-3.0397 3.7881
-4.4387 -3.2942
-3.6845 3.7443
-3.9316 1.1709
5.4514 -3.0340
12.5070 1.7822
2.4250 -0.6373
-3.4751 2.3902
2.6236 -3.1328
-3.5726 4.5215
-3.7361 -3.1305
-3.0144 -1.3958
5.6630 -3.2663
1.2509 7.8049
-6.7999 -0.2973
-0.9917 -5.1512
-1.5838 -3.5233
13.4869 -3.5144
9.1349 -5.5899
-3.3042 -0.1569
5.4707 -0.8199
10.4333 3.6041
-0.9985 9.4905
8.7233 1.2868
-1.9004 6.0478
-4.0698 4.4417
2.2019 3.8614
-3.2712 1.0662
8.2639 11.4384
-2.3323 -1.9850
10.7391 6.5035
10.0805 -3.2720
11.5751 5.1779
4.4141 -0.9649
3.5220 3.0796
-3.2118 12.2385
-1.3185 -2.8818
-0.3889 -0.4181
3.6876 -3.2694
-4.2823 11.4093
3.6814 2.6545
8.6871 11.5503
-3.0475 -3.2917
-3.2034 10.5815
-1.9973 -4.9124
4.8583 -3.4319
-3.0228 5.7265
-0.2601 -2.9767
3.8858 7.4958
-0.8029 -0.2186
-0.1387 -0.2651
10.9649 -6.1682
0.8373 -3.4580
-3.3882 -3.0121
-2.8084 2.4756
5.6941 -3.0098
1.4162 -3.1869
-3.5756 0.5232
-4.7989 -3.6040
3.9652 -2.1101
4.0236 5.0354
-3.2827 7.5327
4.9825 -1.0765
-3.5964 11.0560
0.5373 1.4415
-3.6431 -0.2071
-3.9712 2.9483
-3.0539 3.7387
-3.3757 -3.8095
7.0026 7.6686
4.6358 -3.4880
-4.4410 -3.9170
1.3780 -3.6452
-4.9003 -3.5120
1.0632 8.9786
13.6347 -3.1928
7.9382 -2.9388
12.8682 -3.0972
-3.3311 -3.6176
2.2167 3.4365
6.2951 8.3253
0.8015 12.5747
-0.0395 8.9921
9.6010 -2.8476
9.4843 -5.8254
-3.4864 -2.8522
-3.5710 13.0786
6.1392 2.0492
-3.3494 -3.4278
-3.4604 9.2640
3.6843 5.9042
9.0760 -3.5329
2.4644 2.1908
-3.7998 2.6600
-3.6273 4.8435
-1.1683 9.7189
8.3770 0.4419
-3.1940 0.6700
1.7367 12.3796
-1.6787 -4.7457
-4.5263 -3.7902
-2.4752 6.9859
4.8627 -2.8721
-3.2586 -3.1651
6.2967 0.0231
-1.3384 -3.6427
-4.0180 10.4807
1.9508 6.3228
-3.4215 12.7182
-2.1593 11.8575
-3.1514 1.8698
5.8163 11.5649
-3.9974 7.5058
0.5907 7.0742
-2.9097 -3.3459
5.2084 7.7002
-3.4021 3.0767
-3.1584 4.7194
-4.0702 10.5248
10.8173 -3.4519
-3.7364 -3.6821
10.3067 4.7595
-2.3661 3.5874
-4.5537 1.7505
-2.9407 9.7072
-3.0906 -3.3927
-3.4245 6.3085
-2.9475 -3.6285
5.0987 14.3452
-1.3341 -3.6478
-0.0853 0.2298
-2.9417 9.5901
1.0502 13.1530
-0.4173 -5.1937
7.7774 12.1664
-3.8881 -3.3541
4.4875 -2.8297
-3.6380 -3.2388
1.3609 -3.4173
2.5404 -3.4894
12.9208 -0.7944
-3.3834 -3.4619
9.6706 1.9962
11.2490 -3.3060
-5.6402 -3.1520
8.8223 9.1027
-3.4839 8.2846
10.0889 -3.5860
-3.1313 -1.5982
-3.6021 -3.7437
3.4415 8.3611
0.3987 1.9680
-6.1581 -3.1734
-2.9815 3.8642
2.4303 2.3405
-6.5561 4.5110
0.0902 7.8387
9.7555 -3.2832
-1.1325 6.8597
6.3058 -1.5076
5.2477 9.9222
-3.5533 -1.7660
-3.4458 -3.3731
6.1271 -0.0350
5.4846 3.2541
-3.3309 -2.5663
-3.0761 9.7465
8.3872 10.2346
-3.4194 -3.6811
-1.6495 -2.8846
0.2729 -5.0631
11.2323 -3.4126
10.6718 10.5033
5.4818 4.7347
11.6686 -3.2223
6.0741 5.8637
3.2660 9.0688
10.1219 1.9376
-0.0463 1.0725
-0.3556 9.5013
-4.4319 -3.6904
-5.2440 -2.1279
-1.9127 7.5446
8.5074 7.2409
11.3558 -1.4222
2.3404 -3.6000
2.8807 -0.3289
-2.6638 2.5055
-2.9766 10.1182
11.6014 -3.5818
-2.2675 -2.0406
-3.3282 3.8138
-1.1252 3.1323
-0.7716 -1.3879
2.7323 1.5386
9.7062 -1.1704
-3.4531 5.4913
-1.6463 -3.0072
-1.3105 10.0430
-3.4606 13.8618
8.9280 -3.5307
10.5516 -4.3814
-3.2662 7.6046
3.2070 9.7673
9.3237 2.4790
9.1972 -1.7944
-3.5772 10.1776
4.3385 0.7440
-4.8986 5.0076
-2.5969 -0.2804
10.2091 -3.5758
-0.0349 -3.3793
4.6744 5.2234
-4.6176 1.8174
1.7633 -2.3207
-3.3878 -1.4430
14.1815 0.8064
11.5375 -1.5627
-1.3881 0.7322
-3.5229 10.4000
1.2869 1.7720
1.6604 6.1983
9.3819 10.5512
15.2841 12.1492
8.2612 -4.8691
12.6593 0.2711
2.5651 -2.4153
-2.9597 -3.6858
-3.7089 -1.4573
-3.4999 -3.2731
8.4822 12.4316
-2.8118 -3.7535
4.0346 -0.5009
-2.8879 -3.3031
11.5307 -3.6278
-4.0557 9.0292
-3.6291 -3.3886
-3.3057 3.1090
-1.5888 1.1358
1.1027 14.1340
4.4594 5.2088
2.8262 -6.3618
9.7430 -1.8940
3.6890 3.9939
-1.0476 3.6124
2.7381 11.5406
-6.0162 6.9061
-3.5891 -0.1424
-1.7119 -5.9102
3.6983 -1.7757
-3.2351 -2.2056
12.0490 -2.9080
10.7330 -6.1890
-1.0251 4.2637
9.4816 -2.8821
4.6254 8.2887
-0.4876 -0.0138
3.5255 4.4488
-1.5877 2.0543
-3.0148 -2.9452
7.6512 -3.1461
-3.9200 -3.3598
2.6212 -3.4554
2.8018 -0.4398
4.6557 3.7161
-3.0512 8.1757
-1.1248 -3.0940
5.9050 10.6560
4.0598 0.3603
7.3559 -2.2430
7.5651 -3.4599
13.1019 11.6548
3.6979 -3.4928
0.7300 11.9807
-3.2296 -2.4565
-5.4289 5.2703
5.0484 -1.6136
-3.3516 -1.1222
14.5171 -2.8365
-4.4674 -0.4479
9.1411 -3.6679
-3.3336 1.6345
-1.6070 0.4923
2.2469 4.4528
3.7045 7.7635
6.2281 9.9560
5.3267 0.4388
4.8410 -3.2818
-3.4679 5.5905
-2.3068 4.5566
-0.2589 -0.9556
-0.1715 2.6984
-1.4131 9.3808
6.0075 -3.0323
0.0541 3.8439
1.8540 1.4129
0.2002 7.4069
7.5769 -3.1250
6.2059 10.3413
5.4358 -0.8268
11.6529 0.9719
-3.3567 -3.9896
-3.7613 2.6622
8.0813 -3.3058
-7.1064 5.0669
-5.7706 -0.8906
2.3255 8.0680
-3.6883 8.7811
-3.3349 -0.7298
-2.6408 -0.2520
7.5520 -2.5580
8.0174 -3.0720
9.9396 -3.2410
8.6529 -3.2484
-2.9531 8.6732
9.0812 -0.8550
1.3727 -4.7208
3.4717 -3.7202
5.1179 -3.3555
-5.2027 -3.7918
9.2781 -3.5019
0.4702 -2.9382
10.6974 -3.7473
4.5379 6.0425
3.9175 -2.6749
3.9612 3.6112
-0.5531 -3.2698
-3.6870 1.5503
10.5956 -3.5747
7.4318 -3.2631
5.1015 12.1464
-0.5860 -2.9597
-1.5088 -0.6224
-3.2770 -1.1050
0.1100 10.5235
2.3015 -3.4988
3.2170 6.9257
-3.8395 -3.6650
6.6708 10.3131
2.0416 3.3356
0.2872 9.8838
-3.5935 14.4770
-3.2254 0.5315
7.5458 -0.9037
-2.0602 -3.5235
-3.2550 5.5051
1.2439 8.1453
4.4939 -0.4188
5.5166 3.3435
5.0894 2.4039
-0.5610 -1.8344
2.0145 -0.8095
-3.1308 -3.9657
-3.6900 -3.0270
-1.6902 -3.3888
-2.6789 1.9333
6.0639 2.1805
3.4185 -1.6736
-3.2037 2.6121
3.8420 -2.7445
-3.2028 -2.9384
1.4173 0.6499
3.6325 5.7442
-1.5608 -1.6550
-0.9462 0.2565
7.6707 -2.9920
-3.0852 2.6477
4.6413 14.5142
-3.2044 -3.7827
13.6535 -2.8250
-3.2000 4.4328
-0.2688 3.0911
8.3280 4.6902
7.7241 9.2518
5.3038 -3.5512
5.1265 4.6115
-2.7007 10.1718
-3.3229 -3.9437
1.9188 2.8943
5.8320 10.1725
5.9684 -3.7734
0.0969 -3.4425
2.0640 11.7718
6.9546 9.0146
3.1627 2.9960
5.2550 0.7694
-6.2433 2.7742
3.7950 -3.8742
-2.5241 6.4711
-0.7410 10.6195
-2.5656 -2.7794
-2.4257 -3.2009
-3.3204 -3.4228
11.6999 8.6058
-0.6201 -3.5499
4.2582 -3.2819
-3.1141 -3.2842
-3.5572 2.5843
-3.2781 -0.5249
-3.6864 -3.9608
1.1603 -3.5331
-3.2662 12.0857
-3.4589 12.8087
2.5988 6.8672
-1.9381 -0.0810
2.8406 3.1760
5.0470 1.4518
-3.5104 -3.0897
1.9209 -3.1440
-1.0895 4.0168
4.4347 -3.6751
0.0310 0.4780
-4.0845 0.3088
-2.0518 -3.5378
-5.1827 -0.6307
-4.5276 4.4519
-5.7528 -3.3141
6.7744 4.7881
-3.3502 6.3760
5.1640 13.3526
-3.7045 9.4648
-10.7786 6.0971
0.5138 5.8495
6.1852 -3.1989
1.6742 -3.5212
9.8883 -1.8312
4.1707 -3.2366
9.0945 -3.1665
1.0620 -3.3996
-3.8985 10.8490
-0.5368 11.8132
-3.2366 -3.6744
7.5178 1.1366
-4.9441 5.2827
-3.3998 3.4417
-3.7681 -3.1898
-3.5220 1.0122
-3.3295 -3.0527
6.6834 7.9466
0.7561 -3.0263
-3.4282 -3.2051
4.9438 -4.8594
-4.9025 -3.4946
-2.0411 -4.9638
-3.3335 -3.4813
6.8610 -3.4032
1.1483 -3.1722
-2.7062 0.6458
-4.4566 5.3071
1.2590 7.6447
-2.3423 -2.5756
-1.0534 12.7549
9.5839 -3.4047
-3.4534 -2.5894
1.8515 -6.4802
1.5385 -0.3685
5.1924 -0.4361
-3.1519 -3.2313
-3.2407 -3.1754
5.6406 7.5331
4.5184 4.7371
-2.1716 -3.5823
-1.7309 14.2719
5.1856 0.1512
-0.7859 3.6463
-4.0446 -2.4858
-3.2196 -2.8684
10.3447 3.2007
-1.7009 -3.2004
5.0581 -5.6249
5.2207 11.6466
-6.0072 10.3833
-3.4177 -1.4722
6.1419 5.7682
2.5100 -2.0288
1.8797 2.4707
10.5677 -0.6721
9.8322 2.4679
-2.9238 2.2722
-2.6234 -3.4217
10.8129 -3.0653
-0.3485 -2.1030
-1.6399 -2.7017
-2.0873 5.2996
11.3481 10.2985
6.0629 -2.7230
15.7673 3.7344
-3.8874 -3.2798
-2.8011 2.6714
-3.5049 -3.0403
6.8184 -4.6861
9.3783 -1.5031
9.2324 -0.1385
-2.3788 -3.7673
-3.0808 12.2741
2.2644 -3.6170
3.9020 -2.3371
4.7724 6.7487
5.5684 12.7130
0.0390 -5.1802
-3.4707 -3.0660
-3.4120 -3.3499
-3.3989 -3.4170
12.3080 3.2211
-0.3000 10.6001
6.2203 0.7214
10.2613 1.7101
-3.1115 -3.3114
2.8914 7.6539
4.9627 -3.8294
-2.3001 1.0818
0.0122 -4.0505
-2.7867 -3.2177
6.8117 -3.4724
7.8769 12.5379
-3.3072 -3.0041
-3.3325 -2.8808
-3.3966 2.6821
-2.8929 -2.7223
-3.3798 -2.6774
-6.0917 9.2208
4.5325 5.5574
16.5394 10.4394
12.3486 -3.6231
-3.6563 -4.6560
6.0293 -4.9720
2.9177 -3.7790
-3.3926 3.1067
10.3976 4.8600
-2.3267 2.8777
-0.6528 -6.8991
6.6712 5.8114
12.0126 13.0973
4.7864 -3.2558
11.0863 -3.7112
-3.1375 1.8766
-2.8657 8.1797
1.6614 7.3443
-5.2874 -4.4088
4.8317 -5.1201
-3.4324 3.9416
-2.0225 6.8715
7.4742 1.7487
-3.4839 4.4346
4.9192 8.5713
8.6155 6.0857
-3.1731 -3.0631
-3.1687 14.2264
6.6681 11.1635
7.0323 -4.0352
-3.0386 -1.8396
-3.0754 6.0130
7.3039 5.4593
1.8673 -3.5165
-0.4317 -3.1560
-0.2852 14.6339
-3.0827 3.3113
-3.4673 5.3251
-1.7712 4.6551
12.2667 3.2128
-3.8408 9.0050
-1.1067 -3.0888
7.7706 0.9672
-3.3141 -3.4743
-2.7667 1.7490
13.7901 -0.7828
-3.9388 -0.2350
4.5258 -3.4040
8.1141 -2.6968
-3.3779 -3.0511
-3.1795 -3.4429
-1.7358 5.2906
-3.6895 -3.2368
5.0313 3.4130
4.3778 5.3619
9.9553 11.4286
11.0535 10.4717
-0.0775 -3.1516
6.4159 5.5431
2.2777 3.4553
-1.7371 -2.8131
-2.9880 -3.2168
6.0649 -3.4060
-3.3814 10.1488
5.8887 1.0487
-0.3955 -4.0894
0.7513 -3.4661
13.5796 0.8552
-4.8699 3.2839
4.0451 -3.4639
8.3148 3.1257
5.5849 -4.7148
7.4141 -4.1348
-2.4303 -0.6569
4.8451 10.7887
7.9526 4.0454
-1.7237 -3.8090
-4.0991 -3.3503
11.2151 -0.3555
-3.3362 -4.0344
0.2456 -3.0473
-1.8058 -1.3276
0.8679 -3.5093
1.7656 -3.0822
-3.2672 7.6516
3.9909 5.3143
13.0541 9.7462
-2.6330 5.9329
-2.7000 9.9280
-2.0987 -1.8425
-3.5938 -4.0545
-4.9833 -3.2565
-3.4702 -3.2467
9.4335 12.1457
-3.6215 -3.2364
0.5416 -2.0334
-2.9066 -3.9806
5.5307 -4.3766
2.4200 4.5339
9.2467 11.5072
4.0067 -4.7188
9.7839 -4.5714
2.3136 10.8003
1.9873 -3.2218
10.7048 3.1819
5.1658 9.4938
-2.8342 5.7412
8.8843 9.9357
-3.3654 -3.9993
7.0844 -3.1557
1.2992 -3.2082
-3.4322 -3.3106
-3.5849 0.2905
-0.6033 4.9150
-2.3756 2.8710
-0.2222 -3.2012
0.2407 7.4681
6.3753 -3.2644
-3.5764 -0.5827
5.7148 10.0835
8.4032 4.4636
-3.5650 -1.5751
4.4291 -2.9213
-2.9352 3.5413
5.1512 -3.2569
-3.0974 11.3192
-3.2258 2.0399
-0.8140 -2.2126
6.1623 -3.3543
5.3544 2.1675
-3.5061 4.1893
-3.1924 0.3540
10.5308 -1.7439
14.6620 -3.5142
0.4621 -0.3043
-6.6496 12.6463
0.9424 -1.7243
3.5574 2.0087
-0.3030 -2.6443
-3.8839 -3.8472
-1.1907 -3.0919
7.4557 -7.0404
0.0396 -3.1539
10.3603 11.0497
-1.1646 -1.2497
-3.1428 4.0836
-3.7331 -3.2185
2.2379 7.1734
-3.5425 -4.2190
13.5872 3.9540
-2.7121 -3.5692
1.6421 10.1619
-3.5680 10.8426
-2.6592 8.0382
-1.8911 -2.7696
9.6195 -3.6582
4.3784 10.1384
-3.4699 4.9786
-5.1869 -3.1993
9.1267 -3.2407
12.5372 -1.5781
1.8787 -2.6083
-0.5745 5.0412
-3.7922 6.6056
-0.1118 -2.6897
1.8085 -0.9772
-1.0482 3.8451
-5.7526 7.7488
10.5482 -2.9707
-3.8470 1.9534
1.0240 12.5329
6.4022 0.3106
-3.3712 6.2798
-1.2605 3.7156
2.4377 2.3548
-0.9860 -3.7557
-1.3228 4.6472
-2.9630 -3.6171
0.3616 2.2168
2.9527 0.1413
4.0825 -3.7891
-3.3578 -0.5444
-0.3899 4.3963
-6.1004 6.5812
-3.1778 0.5656
-3.1673 -2.6321
-3.3627 -3.0214
4.7616 1.9318
12.2838 14.1699
10.8660 7.1025
11.5361 4.4401
6.2695 -6.0125
-1.9747 4.1535
3.8542 1.1846
-6.8449 14.2016
2.7102 2.7735
8.6639 -3.4277
-3.2482 -3.8444
-3.0548 -3.2459
1.1373 4.6847
1.4490 4.4499
-2.8431 0.9320
-3.0789 -3.2515
8.1429 -3.1992
1.4356 3.7973
-3.3615 -3.1553
-1.4649 8.7310
-3.6260 -3.6139
5.7638 1.9378
-2.4818 6.0612
6.6602 -3.6984
6.0326 0.0445
-1.2452 5.0665
-4.7489 -6.8473
2.9650 11.5834
-2.9974 3.8141
5.7886 0.3619
11.8932 -2.9918
12.9195 7.6213
-4.1777 3.2295
-3.6312 3.3550
10.9702 1.7208
-3.2011 -1.5028
-3.8683 -3.5085
3.3249 -3.7714
4.3824 0.5634
-1.2047 -3.4592
-2.4227 7.3012
-2.8964 -0.3671
-2.8472 -3.0251
-3.4912 -3.2211
1.3603 -2.4183
10.5352 2.0172
9.4933 -0.3932
15.2806 6.9937
-3.6283 -2.3862
14.7253 8.1824
-5.8415 1.7045
2.9502 -2.7105
-0.2268 6.5805
-2.0621 12.5163
10.4033 -3.8679
-4.2764 -3.6811
8.3107 -0.2357
5.0382 -3.4079
-3.3279 0.3588
-4.8222 5.2506
-3.3988 -3.5792
11.1957 -2.7747
-4.9666 -3.5558
0.1529 -2.8574
6.2923 -3.3802
-6.4431 -3.0138
9.5810 -3.5712
-6.4539 4.4732
11.1810 -0.3070
6.1069 -3.1264
5.9197 11.2401
-4.9495 6.5478
5.2661 -3.1342
6.2032 3.6053
-0.3482 0.4296
-4.3045 4.4624
-2.9299 -3.3286
8.7570 1.7571
-3.8168 -1.0526
4.3294 11.0255
10.6755 -0.3210
-3.0857 -3.4665
9.3332 -3.8122
9.6084 0.6896
11.3456 6.7558
9.2554 1.7571
-4.7963 7.6144
8.9094 -3.2079
-3.4083 -0.8125
-3.6220 -3.2527
-2.8086 -3.0175
11.4136 9.8829
-3.6034 -3.5772
-3.0625 12.0508
0.4127 -3.4453
6.5403 -3.5708
6.2835 2.3365
-3.9363 7.1206
11.1561 -3.7545
1.9226 5.4453
-4.1503 2.7326
-2.2857 -3.8107
4.1051 -6.1886
-3.1503 -3.2890
-3.1982 -3.1915
0.9191 2.3535
-3.6491 -3.1761
-3.4318 1.3440
-3.0242 -2.9103
-3.6441 7.4231
4.1208 0.1731
10.1353 2.4964
4.7441 -1.6448
1.9575 10.8306
-1.7894 9.5544
-3.4283 -3.0697
-3.2828 3.0638
-3.7330 5.3955
-4.3798 -3.7907
5.6550 8.2149
11.5521 -3.5106
10.0453 1.3288
6.7729 -3.8294
-3.4037 13.7914
7.2381 -1.6399
11.2184 -3.1387
10.8481 5.6723
0.0970 -3.4067
2.5090 -0.9411
-4.7313 -1.9107
-3.2242 -3.4624
6.1271 -3.8443
10.0193 -2.9272
-3.5376 2.7878
1.9590 -2.8594
-3.0637 10.3360
0.1449 3.6085
-0.7676 12.3904
-1.1340 -3.6470
7.0765 0.5205
11.9370 4.3400
-3.7214 -3.0234
9.4217 14.5648
-1.7028 -3.0684
13.5071 -6.6190
-3.9403 -2.9361
-5.2934 -3.6174
-0.4575 4.0505
0.0690 -3.4054
-3.0553 -2.9269
-0.6700 -2.1718
7.0249 9.1608
0.0069 -3.3824
-3.3623 -3.3827
4.2947 9.9473
-0.4532 -3.7378
-0.4892 6.5452
7.7044 -1.4154
-2.8824 1.5024
5.6137 6.2143
3.3847 0.9926
-3.3657 -3.4545
-3.8318 9.6516
-2.8406 -1.8588
-0.7369 1.5824
6.0548 5.2667
-3.3388 -3.6292
-3.7006 -2.4387
-3.0893 -1.3237
-3.1293 0.3773
7.0670 0.8918
-3.0854 4.0739
12.1001 12.1044
-3.7203 10.6770
11.2428 -2.9910
3.1403 -3.3198
-3.3951 1.8172
4.3856 5.2882
1.6078 -3.4175
-3.2815 13.0357
0.4764 -3.2642
-1.6831 -1.5656
-3.2529 -5.1815
6.8513 7.6237
8.1503 3.3768
3.3967 3.4169
3.9528 -3.1317
-3.6700 -3.5006
3.5664 -1.1245
10.4594 -1.7386
12.0957 10.8643
1.7400 5.8688
10.3521 2.4340
5.9100 6.1495
9.6149 -1.2401
-3.4446 -1.1341
-3.5645 4.6781
-3.4411 -2.4545
11.4528 -2.9855
1.6772 9.7215
-3.1502 6.6245
9.3771 -3.4523
2.1257 -5.3427
-3.8065 -1.6701
-3.4993 5.9154
-2.9535 -3.2802
0.6333 8.9595
3.6970 0.3287
3.9426 2.8942
0.1256 -3.0299
6.1072 8.0783
-3.1217 -5.6601
-3.0356 -4.2136
-3.5581 -3.3749
-8.8438 2.4641
-8.0105 -1.2818
-3.2326 -3.0862
-3.8664 5.4359
1.6258 1.5768
7.9010 5.2672
-3.2156 8.1523
4.4927 11.4382
6.2812 0.4766
-2.8997 -3.7406
3.2311 -2.2395
-3.3525 0.8234
-0.0095 4.5659
6.3660 -3.3572
-3.5785 -3.2088
11.5284 3.1837
-2.8280 3.1829
-1.4276 5.2936
-0.9017 9.4461
-3.8829 4.2735
4.0248 -0.5857
4.5663 4.0790
-3.8949 -2.5506
-4.1606 -3.5007
-3.7831 2.7365
-3.5171 10.7387
0.2519 2.2700
-3.3522 4.6749
-0.2138 -3.3615
4.3644 -3.3165
-3.4480 -3.0993
0.3028 -3.2553
9.1586 -3.0412
-3.4711 2.7344
-3.3390 7.6500
4.0501 10.6996
11.6520 4.9839
2.5055 -3.1467
4.4493 -3.6493
-3.9564 -2.8556
2.9290 -3.3724
-2.9319 -4.3001
-3.5799 1.4790
1.2847 -0.1259
-2.5971 -3.4035
-0.8643 13.2817
-3.3756 2.5818
4.4204 6.8352
-0.0431 -3.6543
0.5672 -3.4575
-1.3263 -6.3906
2.6541 11.4868
-1.0203 8.7286
-1.7329 -3.3642
2.2242 -2.7075
10.3526 -2.3492
-2.9675 2.9262
-4.9478 -3.4962
5.5692 10.3554
-3.7602 12.5480
-1.4812 -1.9450
14.1831 -0.8423
0.5680 -3.6367
-2.9467 -3.0635
9.5148 -0.3123
-3.2878 8.7543
8.2733 3.2966
-3.3388 13.2376
-0.3868 -3.4392
-1.7999 -3.5808
-3.6068 0.8300
-1.0519 3.7115
11.8683 1.7938
2.1481 6.2195
1.6168 -3.1365
2.9496 -3.0638
-3.6845 3.0311
-0.2251 1.4457
-4.7213 -1.3203
-3.4172 -3.6957
-3.1046 4.2862
1.3682 11.5957
-3.3546 -3.9815
9.2990 -1.7283
-0.0172 -3.5784
-3.5918 3.1313
-2.9258 -3.1177
5.7977 1.0689
4.9605 0.2702
-2.7004 2.9276
-3.5504 10.5739
9.0878 12.8554
-3.4963 -3.4936
-3.0343 5.1695
3.3595 -3.9269
-0.9215 3.0743
-1.1878 3.1330
7.2299 -2.2952
-3.0327 -0.0713
11.6431 -3.5052
0.1480 -3.3096
4.5468 -0.6490
8.4390 -2.8274
-3.2509 5.9872
7.6120 9.4494
-2.9849 -3.0194
-3.3175 -8.9181
4.6767 -3.1817
11.5518 0.0939
-2.9668 13.5786
12.6452 5.1172
6.9303 3.7473
9.5799 -3.7843
-4.4836 10.2743
-1.1700 -3.5852
9.1945 -3.2769
5.8970 -3.4262
8.0854 9.2386
4.7990 -2.6990
-1.6707 -3.4447
-2.8399 1.9628
-6.7619 8.9770
6.0716 -2.9974
-6.6310 4.9376
-2.3520 1.4561
-3.2908 4.5136
-3.1643 -3.3957
1.1891 -1.6007
0.0929 9.6357
1.5596 -6.3666
2.3851 1.4122
-3.4355 10.3935
-0.9292 -3.0702
3.0658 0.3440
6.1394 7.8345
-3.2945 -1.0332
-3.5382 -3.7601
4.2791 -4.4433
-3.1944 -1.1637
-0.7845 4.3633
-0.3235 -4.3152
13.8672 -3.3817
-2.9741 5.2958
-3.2538 -5.2494
-3.1167 7.6111
-3.0396 -3.2981
3.2819 5.7629
6.6406 1.4096
-3.2094 8.9626
5.5455 -3.1496
8.5747 4.6487
-3.5418 11.5089
-2.8358 -4.0080
-2.9644 0.9440
1.0537 1.1355
0.1932 4.9890
-3.5204 5.3621
3.8753 -2.9719
9.5566 0.4476
-5.4348 3.9582
12.7595 -3.3438
0.3735 -2.4848
-3.1308 -3.4668
-3.6601 -3.6951
5.2655 -3.4558
4.3192 2.6506
-3.9801 -4.1082
1.0222 6.9667
7.0663 -3.5843
-3.2826 -3.3581
-3.5156 -1.1913
9.8557 10.6972
4.0389 -6.0079
-1.0669 11.0889
-3.5368 -1.9623
13.1799 -1.4476
2.7822 5.4576
4.4641 9.7609
0.8510 -0.3652
-4.3822 0.1878
-3.8754 -3.8491
-3.8362 3.5390
-3.6791 -3.3377
-3.0807 9.6294
12.1088 8.1363
-1.2300 -3.5826
1.4961 9.2607
-3.7023 -0.3236
-4.5488 0.5936
3.5432 -3.4906
5.8258 4.8703
4.0812 -1.7532
4.4159 -3.5980
-2.8340 10.8199
-5.6270 -3.6734
-0.3605 7.9514
1.3224 -2.6817
7.9164 -1.0605
-3.5554 -3.1750
1.2349 -2.0851
7.6203 14.8006
-3.6922 0.3544
4.4374 -0.5740
0.1244 2.8661
5.2020 -3.1137
-1.7461 -3.3723
11.9679 -3.0698
13.6522 -2.9374
-3.0457 0.1298
-3.2974 -3.5684
-3.0753 -2.0424
7.8716 -3.3123
2.0775 0.5132
2.9131 -2.0487
3.6053 -5.2735
-3.6276 11.2373
-3.3015 -3.3307
-3.5166 -4.0836
-3.5835 7.7058
13.8602 12.3560
-1.9708 -0.7775
2.9939 0.5835
-1.5874 -3.1673
-3.6671 -0.8422
6.4466 -3.0139
-2.8150 4.3309
4.8727 6.7409
3.7850 0.7563
-2.7582 -3.4633
-1.4890 2.2103
9.9574 -3.2080
-3.7314 -0.2694
-3.8320 9.7406
4.3594 -1.5303
0.2321 13.8477
-3.4787 12.1153
11.2876 2.5744
9.4848 8.1374
1.1567 -3.3727
1.7702 4.9459
-2.6298 1.6820
-1.4763 12.6601
7.7907 -3.6448
9.7587 -2.9347
2.9015 11.6827
4.1658 -3.2332
-4.7483 -2.8296
9.2512 -0.4782
-3.0387 7.0125
-3.0129 11.4755
1.5302 -2.4153
2.7907 5.6633
-0.8953 1.5695
-3.2334 -3.9740
3.1318 -2.3648
-3.8228 3.9006
9.7323 0.0544
-0.5978 0.7458
6.2997 -3.5417
-2.0172 -2.6824
-2.9821 -3.4614
-2.9683 8.5169
1.5220 0.5383
8.9357 -3.3417
-3.8121 -0.1067
0.2430 8.6670
6.9777 2.0634
-2.4539 2.9798
-2.7740 -4.5616
5.2525 14.8452
0.6484 -3.6661
-3.5454 0.1974
4.3965 -5.2585
-0.9166 4.3669
5.7218 -0.5758
10.3493 -0.6467
4.7372 4.8338
-3.6525 5.5725
-2.7807 3.4160
-4.4989 -0.4700
-3.2156 -0.2970
-4.7234 7.2240
0.6630 1.4431
12.5893 -3.2900
6.4437 -1.8408
9.6456 1.9640
8.2608 10.2313
-0.5661 1.9403
-7.9259 0.0304
-2.8901 3.1922
2.1075 -0.0652
6.4023 4.8905
12.8655 3.3520
5.1445 -0.0028
-2.3589 5.7589
11.1634 -3.4505
-1.7259 11.0660
4.7763 3.9466
-3.5040 7.1084
-0.0937 0.2284
8.2179 3.4455
10.5908 -3.2582
10.7858 -0.3030
4.2706 2.8202
-3.4365 -2.7660
9.0104 -3.5309
-3.4868 -1.3164
-3.9430 7.1788
-3.5715 -3.9230
9.5227 8.9966
-0.4864 -3.4209
-2.8666 3.4649
11.0626 -3.2526
-3.3574 9.9179
0.3962 -3.2843
5.3480 -5.2746
4.4753 4.9035
-4.8346 -3.4633
3.5931 -3.9187
-0.2356 -2.5069
-3.2361 -3.3583
-6.3905 9.4572
-4.3058 3.7032
-2.6974 -1.7132
1.9861 6.7000
-4.6059 10.0319
6.0255 4.9517
6.6472 -3.6037
15.5570 1.2110
3.2298 5.7442
8.8686 -2.8037
-3.5770 0.2711
4.8844 -3.0923
5.6187 -3.3462
-3.0040 -3.0068
-0.4035 12.9792
-3.6580 -1.0567
6.5047 -3.4370
-3.5808 1.5316
-2.0976 7.6226
-2.8754 -0.7565
10.3437 -3.1356
9.1539 6.5151
3.9845 -0.7267
-2.9688 -4.0760
14.2680 -3.3068
-2.7931 1.9298
12.6394 10.0418
-3.6655 -2.0287
0.7143 -3.5725
4.4847 3.9557
9.6313 8.8117
9.9425 9.5476
-3.3906 8.5707
4.9152 -3.6753
-3.5681 -1.6748
-2.9880 3.2442
-3.3452 -2.7778
-1.1364 -1.1269
-3.4285 -2.5125
10.9609 -0.0330
-2.6274 -3.6938
1.4393 -3.4453
-3.3605 -3.4458
2.7697 -5.2841
6.1344 -3.3845
-1.5382 -2.9176
8.4688 7.5980
-3.1858 -7.5261
-5.5411 -2.9053
8.1992 4.6644
-3.4786 3.2782
-1.5273 6.6089
1.6878 5.2093
6.8098 -3.5845
5.1196 -0.4279
-3.8521 2.1818
-3.6498 2.5804
-1.7887 3.0927
-0.1088 -2.7425
4.9674 -1.5989
12.6253 -2.9776
0.6453 -3.8627
9.9815 7.2815
-0.5115 -3.6885
-3.2516 0.1979
-3.4069 -3.3475
-3.6308 -3.4659
-4.1020 -1.1255
-3.2890 -3.4627
-1.6452 -3.5295
-1.1799 -2.3747
-3.6216 -3.2873
-3.3089 -2.5487
-2.9951 -3.6342
-3.8081 -3.3583
-1.5366 0.5321
2.5362 -3.7203
1.7218 -3.5232
13.9885 3.2073
1.3767 -3.4460
-2.8043 1.3269
-5.3406 -4.5586
-3.8502 -3.1634
0.7486 1.5256
2.6612 1.0963
10.0624 4.3961
-3.4636 2.7385
9.9869 -3.3477
4.6959 -3.1264
-3.3139 0.2018
-1.3106 -2.9182
14.0599 -2.8776
-3.1737 -3.2339
-3.3521 -3.1639
-1.0022 0.1340
-3.6065 -0.0308
-3.2979 -3.7861
-3.3494 0.8876
10.4050 1.7715
-2.8218 -2.9045
-3.1961 2.9916
-3.3916 7.7029
-3.2935 -5.7405
9.3251 12.8677
-0.3482 1.1873
8.6124 -3.5968
4.8933 -3.6295
7.2774 -2.1548
11.2401 4.7917
-3.0713 -0.4530
-3.2600 -3.2062
5.4902 -3.0738
-3.5596 -0.0868
12.1973 -3.3655
-3.4661 -1.3542
-3.6340 8.2834
-2.5132 2.8945
3.1782 10.0549
3.7488 -0.4506
-3.3853 -3.5168
-0.1524 9.6906
6.5045 2.3090
-1.4768 1.6652
3.9637 -3.8380
-3.3525 10.8354
-0.9383 -3.1352
10.3390 6.3183
-1.8223 9.6364
0.7064 -3.0930
-3.3001 4.9851
-3.3081 -3.6720
6.2402 5.8625
-6.2923 -3.1385
3.1391 13.7709
-3.3669 -1.8197
-4.8974 7.0107
3.6054 -2.9931
2.3364 4.5350
-3.3728 7.6963
-1.6663 -0.9491
4.1379 0.1499
-0.0812 5.0336
6.2252 -2.9466
5.1212 -3.3606
-3.4182 -0.4628
-3.6745 3.7188
-3.5699 -0.3942
-3.4291 -5.4357
1.1043 1.9126
1.4470 -4.4601
-0.1622 -2.1328
-3.8114 6.4607
-1.2109 4.2426
4.5250 12.8305
-3.1205 0.0194
5.5464 0.3810
-2.7357 -3.9180
4.2104 -3.0029
5.0440 -3.3802
5.0563 -3.5495
-2.9760 -3.8729
2.9957 8.8750
-3.2297 -2.9708
-0.3790 -3.0081
-3.6356 7.7444
-3.9523 -2.1735
-2.9744 -2.6034
9.0724 -4.8341
-0.2045 0.5996
-4.0571 -0.3460
-3.4412 9.1112
-0.5514 3.8766
-3.7071 4.4620
-1.8176 -3.7237
2.2453 0.8143
12.9370 -1.6960
-3.5586 10.9531
-3.1566 4.1528
-1.3598 9.5125
-1.0579 -3.6982
-2.4254 -3.9432
-2.8729 -0.4419
-6.4681 4.4782
-2.9674 -3.5455
-2.7845 -1.2660
-3.9726 -3.5262
-3.5943 -0.9673
3.0070 1.5692
5.1436 -3.6344
-3.3111 5.8040
-0.5618 4.3178
10.5280 -3.5861
8.8017 3.2907
12.3913 -2.1069
-3.5949 10.5027
-3.0300 -4.1758
-0.6532 -1.9090
2.7022 12.8131
-3.0831 2.4710
8.8957 6.4725
-2.8425 0.3013
1.3685 -0.0406
-3.1405 -0.3855
-3.8852 3.4164
0.6728 0.7837
-2.2857 -3.4653
-3.6931 12.6617
10.7593 4.0299
-3.5099 4.1867
-1.3656 -3.4638
-3.0469 13.5059
-3.7823 5.8672
-2.4085 -3.7396
-3.3311 -2.9548
-3.7480 -3.1808
9.0752 2.3825
-2.4582 1.7386
-4.0504 8.3292
9.3945 0.1850
-3.5300 4.8143
-3.3058 -3.2988
-1.7764 -3.5979
-3.0036 -3.3715
4.8952 -3.0816
10.2485 -3.0178
-3.7110 3.6616
5.3662 -3.9799
-3.5299 -3.2370
-3.3817 6.7871
5.2569 7.1273
1.7866 13.3935
4.3932 1.5159
-3.2544 -3.4903
0.9924 -2.7948
3.5693 -3.1882
-2.9017 -3.3915
4.3717 -3.2831
9.8570 -3.7058
4.8079 0.9178
10.3401 -3.4105
-2.8660 1.6039
4.5493 16.1221
1.9353 -3.1856
-3.4486 -1.0577
-2.4823 -4.7346
-3.7054 5.6485
6.1143 1.6724
-3.3413 3.5790
-3.2719 6.8951
-0.2276 -3.2135
3.8161 10.8169
7.5281 10.8961
-3.4284 -3.9034
-3.5147 -3.5143
3.5805 13.4345
0.6587 7.9168
-3.7595 -3.6294
5.3129 10.1636
10.3576 5.7703
-1.7878 4.4184
-2.4853 2.8904
8.4443 8.1670
4.6768 -3.6581
-3.7385 -3.4123
-3.0946 -5.9712
-3.2459 -3.7463
-1.5077 -3.6251
-3.1115 -2.8723
-3.0572 -2.0499
-1.0932 -2.1480
0.5715 -2.9746
-0.4415 6.0456
1.5714 5.1067
-3.4074 -3.3919
-0.9511 4.2880
4.8426 10.6349
-0.6432 -3.5568
9.9719 -3.2875
9.0177 -3.3091
4.0265 11.8077
10.4017 4.2965
7.3184 1.0283
4.2627 4.4549
4.5273 -3.2429
5.2764 -3.2039
-4.1367 4.6180
