5
4.5594 7.1606
7.3569 -4.1462
5.2159 -5.6838
2.8741 -6.5093
5.8068 -5.7247
6.2803 7.4962
4.6644 8.0711
-6.9444 -6.8402
2.3289 4.3871
6.2016 10.2137
-4.5042 -7.5386
6.7218 5.0628
-3.9990 -7.2564
-10.9249 9.2829
7.9205 -2.7402
9.0156 -8.5430
4.1830 2.9352
4.6916 4.5204
7.3718 -4.6724
4.5649 4.6125
4.6166 4.4060
5.4697 6.4335
9.0673 7.1708
-6.7166 6.7119
6.6517 6.0346
3.2255 6.0621
6.7118 4.5965
10.2302 7.4561
9.2983 -5.9276
-8.1495 4.4975
6.3027 5.9705
-5.6375 -5.7364
1.7793 7.3083
3.8523 4.4378
6.7329 6.0818
-3.1243 4.7426
3.8656 9.7584
-6.4265 4.4149
9.4197 8.4338
-3.8071 -4.5866
3.1550 6.0136
7.4420 4.5105
4.0424 5.3614
8.4142 -8.0740
3.5478 6.0395
4.4752 4.4362
7.8938 4.5859
4.4450 -7.2348
-9.8883 5.3588
4.3556 -8.0098
7.6307 7.1805
4.5767 8.0912
-9.8472 6.2415
6.1174 4.6882
6.6826 5.0454
-10.6507 5.4189
5.4939 4.4859
2.6677 -6.6055
-4.6575 -5.7327
7.1084 6.6453
8.0490 7.9485
-7.7975 -4.8772
4.0177 5.1265
4.4916 -5.2012
-7.7912 3.2465
-6.9462 -4.4705
6.1995 7.9427
7.1288 -5.5621
-3.8617 -8.3198
4.9837 -5.1526
8.4670 -6.2288
9.2904 6.1204
-9.0268 6.6443
4.5134 7.1733
-5.1283 -5.9645
4.3985 4.9394
-5.3054 -6.4979
-3.3234 4.5137
-6.8435 6.1844
5.0204 -6.8673
6.9679 8.8671
1.8629 9.7238
5.8411 6.9800
8.2446 9.4732
-4.0471 6.7462
7.5586 1.2566
4.5804 9.0817
-5.5811 10.0873
4.7241 6.5560
4.9706 -10.2632
4.6898 -6.8658
6.7847 -7.7888
8.8343 -9.9859
-7.2066 4.3871
5.0501 5.8576
8.0331 6.9192
4.7449 -7.2006
-8.0369 -8.0097
4.4852 4.5902
4.5509 7.1308
4.4064 3.6150
7.1209 8.9077
7.3806 4.4601
-6.1147 8.1176
4.3797 4.4808
-11.6275 -6.6736
-6.9513 6.9371
8.7363 3.7315
-7.4949 5.1039
4.5166 4.5208
1.9607 9.1821
6.9117 8.7731
-7.3081 6.4078
5.9799 5.8755
5.3283 -7.0186
4.4301 5.6498
7.2317 8.0066
5.5929 4.6203
8.6412 8.0936
9.8303 -6.0884
-6.3550 4.4127
4.4191 7.1308
8.1710 4.1466
3.9009 6.6619
-8.8127 4.2697
7.0130 7.9519
0.4348 4.5530
-4.1125 4.2863
5.0837 -4.3477
4.3293 6.5396
3.1765 -5.8918
6.1417 9.2797
4.9185 9.3343
6.1497 6.5662
4.9935 7.2986
-6.8876 4.7630
4.6176 7.8395
5.5368 3.0896
-6.4315 4.4753
10.5948 4.4614
-4.7066 4.2272
4.5870 9.6509
6.1567 6.4303
4.5407 -4.7863
4.3571 4.6425
5.0589 4.4002
7.1948 -9.1767
9.9864 7.0108
6.0895 -4.6009
5.4492 6.9623
3.6335 7.4130
8.2003 4.6288
4.5256 4.4865
6.0795 -6.0042
8.0138 8.0877
7.3644 6.1442
3.4497 -6.6940
7.7780 10.6725
4.6474 -3.3529
-6.2000 9.1978
5.4338 4.3618
4.5457 8.6762
-4.7023 5.4387
4.3986 5.9211
5.0227 7.6118
6.1477 7.1723
4.2839 7.6093
-6.0185 7.8520
6.7252 6.2431
6.9408 -5.9046
5.1504 4.5975
4.5062 -6.4052
9.2822 -5.9719
-6.1891 -6.6032
-6.8893 -5.4277
-5.7803 9.7214
8.7789 -6.4003
6.0555 4.2818
2.1764 6.6527
-9.1456 9.1251
8.9456 9.2279
4.5723 -6.0805
4.1713 6.2156
6.4679 9.2547
4.3474 4.2007
-3.4945 -3.7608
4.2328 2.9367
6.1317 9.2698
-6.8395 -8.2907
7.9143 6.4106
5.6590 -4.9206
3.2837 -5.3649
7.4922 7.4670
10.2203 9.0589
4.7623 2.3933
-7.1167 4.4165
-7.4201 -9.6315
-7.8238 -6.3734
8.3359 6.3598
-7.0793 -3.0809
-9.4706 7.5965
5.5669 11.9697
8.5684 5.6098
5.3142 4.5762
-7.2530 4.3916
-10.5255 7.1628
10.6630 4.4617
3.6738 6.6306
4.7938 -7.5279
8.5696 4.7462
6.2550 8.5339
5.1172 -7.8339
-5.0217 7.2209
6.7538 -6.8795
4.4958 -5.8215
-4.3017 6.5128
3.0422 9.4816
9.7224 7.4429
8.3782 4.2919
5.7424 4.4555
7.4707 8.0645
-7.8868 11.0394
6.8869 5.4945
9.2375 8.1961
7.8301 4.4934
7.8042 2.6356
5.4889 4.3964
2.4028 6.3583
4.6288 7.1040
-7.2277 6.1714
-8.9419 8.3729
4.3579 4.4875
4.5649 3.9573
6.8615 7.1606
4.7364 6.3158
7.6369 4.7121
4.3555 -0.6928
3.7856 7.3742
7.6480 7.9840
5.3682 5.3239
4.4862 -5.8655
6.7451 -6.9636
-2.5595 7.0964
3.6386 -4.3607
4.4333 4.5487
7.8447 6.0542
7.9371 -6.2307
4.5937 4.6333
4.6047 4.7677
6.2064 7.8215
-6.6601 -6.9477
10.0828 7.4130
5.2058 -7.8633
6.5891 4.8322
7.4189 8.2439
4.0845 -6.5904
-6.0670 8.6439
8.6065 -9.9426
8.1748 6.0826
7.6671 4.5574
7.3282 5.6184
-7.0339 9.2272
-4.5686 4.3580
6.5279 6.0844
7.0070 5.1807
6.0003 4.5240
-6.4202 5.1826
7.5724 -4.8476
8.8356 -6.5367
3.4101 5.4955
9.1778 9.1823
4.3151 -7.5412
3.0911 7.1143
4.5835 -5.6171
6.3731 0.6492
-7.4657 -4.0517
6.9075 5.2140
4.4913 -7.6452
4.1038 4.5350
6.4214 4.7206
4.5601 6.0255
6.8324 -6.9574
5.2561 -4.5538
5.9013 8.4033
5.9615 4.6696
4.6276 3.2069
7.1682 -4.5348
4.5524 5.6086
-8.4667 4.6078
4.8116 5.8415
-4.7261 -4.4142
-7.3374 -5.9960
6.3389 4.5797
6.4710 4.5756
8.6368 6.7400
-3.3082 5.6502
6.9786 7.3014
3.3839 -7.4435
4.5951 -4.7702
-8.4295 -4.7805
2.9016 -5.5301
6.6073 4.9685
9.7761 -10.1278
-5.4821 4.5515
6.3098 7.2928
4.3962 8.7199
3.2461 -4.1260
4.9981 5.0447
5.6529 4.4193
4.3995 -7.6271
5.5171 7.6885
4.3748 -3.7374
4.3733 4.0001
5.9503 6.1976
0.2562 -7.6380
-7.5254 4.9833
8.9483 -6.2893
5.6632 -6.3096
5.7646 4.4767
2.7166 -5.2540
5.6799 5.2728
-4.0464 7.1082
-6.0706 5.8599
6.6133 2.8602
7.4599 5.6666
4.0968 5.2801
-5.3749 6.3011
6.1895 4.3759
4.7586 -5.3270
3.0350 11.1797
7.1094 4.5203
-6.6749 4.5679
4.2359 5.3341
4.6227 3.6385
8.3071 9.4067
4.4641 4.5437
4.3373 -7.1319
4.7231 -7.7041
-10.0994 -1.1105
4.8882 8.1947
6.7580 5.1802
6.4123 9.8471
-7.0654 6.5306
6.2868 4.3484
6.9479 8.4452
3.9941 8.5656
4.4583 6.7669
4.4451 7.4298
-3.1092 5.3934
-2.7013 4.5828
4.7772 3.3203
3.1159 5.7513
-4.3877 -9.4455
6.1969 0.9189
6.7516 4.4250
8.0829 4.4978
-6.8970 9.7169
-5.4878 -7.4786
7.4577 4.4136
-7.4829 -4.8625
6.8593 -8.4506
8.0334 -4.7176
-4.5803 5.9687
4.4786 -5.8617
-8.5534 4.2767
-5.4215 7.5775
9.6023 6.4470
4.4221 5.4833
4.4785 5.9875
3.2079 -4.4139
-5.2745 -8.0752
4.5798 5.2796
7.1488 -6.2669
6.7975 8.7767
3.9793 4.4937
7.3878 -6.4062
6.8572 -8.3730
4.6211 6.1760
-7.4492 -6.4845
7.1117 5.5479
5.7761 5.9842
4.7352 4.2871
5.9143 5.9232
2.1917 -8.2670
6.2832 -7.9248
7.2019 -5.3782
-5.1252 6.5613
8.7965 -6.9097
5.0431 6.8110
9.3428 5.2535
-3.6247 4.3928
-3.3054 4.7668
4.5829 7.1387
6.8632 8.0532
8.3191 7.0847
4.5657 4.4665
7.5048 13.0066
3.7846 4.5697
4.6310 5.4125
6.8879 -4.0665
7.4207 -6.7221
4.2570 8.6516
5.7468 4.9898
8.3498 8.5176
4.5621 9.6207
4.5926 4.5202
4.5540 -4.7433
4.9728 4.4677
-4.4536 7.3816
6.1570 4.8432
-5.9870 7.1043
9.6445 6.5904
2.2655 4.7891
5.2423 -7.3123
4.3503 7.6766
-6.2643 4.5083
6.8038 3.9989
7.1459 8.4444
5.5497 6.4588
8.1293 -5.5977
-6.1289 5.6588
4.4084 -8.2940
4.5691 9.0726
4.4124 5.0917
-5.4533 5.9852
4.5056 -6.1732
7.0306 4.5824
-8.3224 7.6457
6.4415 4.6790
-7.8464 -8.0976
-7.6476 1.4033
7.1566 5.7822
3.5354 9.1831
5.5836 6.6992
5.9340 6.2924
7.6709 -4.5748
-6.6736 4.5403
9.5202 7.9805
-6.0400 -3.6623
5.9504 7.7221
-3.5423 8.3220
-6.2849 7.4584
4.7087 6.4226
-5.2374 -7.8104
-4.9021 4.1493
7.9734 6.4127
6.4356 6.3220
7.7835 3.1739
7.2183 4.7375
-3.1438 5.2153
4.3836 6.2514
-6.6725 5.8397
-6.2233 -7.9561
8.4057 4.6828
6.6731 4.3063
9.3236 2.7626
5.1967 4.6293
6.0091 6.5237
-5.8486 4.3733
-8.8044 4.4785
7.4144 8.6192
-7.7915 6.3649
8.5526 -6.9895
7.6941 9.2193
6.5867 8.2309
7.8983 5.6809
3.0489 6.1929
-6.0587 -6.6782
4.3161 5.0373
-6.5512 10.6200
8.9898 9.0111
4.7437 6.6462
5.7609 9.5279
4.4484 2.7045
-4.4874 6.8060
-8.2329 -5.4191
-7.1908 5.3595
-4.9396 6.4298
-7.7453 4.2451
8.4878 4.5487
7.7283 -9.1427
4.2827 4.7968
4.3194 5.5318
7.0878 4.0641
-5.2589 -5.4475
-7.1850 4.5104
7.1146 7.7933
5.7161 -7.0678
-4.9055 4.5627
9.2695 7.3148
6.7116 8.7922
8.4392 2.8532
6.9469 5.7827
4.3173 10.2259
-3.8990 7.2844
-7.2396 -6.5413
8.7215 4.3902
1.0597 -7.3193
-3.1210 4.5047
4.5073 5.0999
4.4783 4.5449
-5.1098 4.6126
-7.1187 5.5613
4.7528 4.6190
8.6392 -5.7714
7.0887 2.9351
7.2619 4.3580
4.2942 6.7066
7.5633 8.0515
-6.6462 5.6559
5.3119 -5.7239
-5.3352 7.0442
-7.6161 4.5281
7.6557 4.1925
-4.9215 8.0500
4.4181 4.5279
8.5219 -6.9012
4.3861 -7.6592
8.6234 9.4373
6.9091 6.2989
4.4698 3.4202
4.0993 -6.2529
6.0835 4.4537
9.5849 5.3212
-8.4330 6.4842
-7.3581 6.9308
4.5234 6.8889
-4.4634 -5.6416
4.3551 4.5689
4.4404 -5.9126
6.4030 4.5202
7.3122 1.9018
4.4020 6.6433
-7.9714 5.0534
-6.3358 4.4177
-5.7208 4.3693
7.4540 3.7021
3.2320 6.1944
-7.7338 4.2788
4.5463 -5.7501
8.4347 -6.1604
6.0943 4.5205
-5.4952 6.5468
8.2720 8.8597
7.1019 -6.6144
2.1661 7.0217
-7.3543 -4.0298
-8.1345 8.0807
-5.4011 6.4957
6.2487 5.4248
7.9266 -10.5178
8.2063 6.4559
-6.1923 6.0059
-4.8480 4.5691
-5.0040 5.4310
6.4853 -6.3212
4.5620 -4.4620
-6.8112 8.7346
4.6434 6.8398
8.4329 9.3293
4.5215 7.3304
5.3714 -7.1262
9.3556 9.1364
5.4361 6.7284
-6.6831 -6.7888
7.3182 -7.2649
-3.6448 7.1377
7.0158 1.9192
-6.6534 7.9800
6.0403 6.7532
5.6553 5.9795
8.7398 5.6687
7.1653 4.6911
4.9390 -6.3279
-10.1873 7.6649
7.4135 -2.6558
6.0094 5.9119
6.8819 -6.2588
4.4324 -8.1431
-8.1305 9.0142
7.7305 3.4502
-5.2220 4.5593
4.4873 5.3699
9.3446 1.7552
-8.1144 -7.4402
-8.2715 -7.6166
-1.8234 7.2053
10.1510 8.8481
-6.2435 6.1570
5.5053 6.8386
8.8089 -10.5239
4.5846 5.9949
-4.3894 4.7877
6.6613 6.2903
7.2729 7.3731
7.7551 6.7540
4.9981 -7.2803
7.7341 4.6374
-7.1950 0.2906
7.9296 2.8218
5.8000 4.1853
5.4773 -5.0934
-5.7890 4.6470
8.1280 -5.2918
-7.6224 5.1580
4.5290 2.7608
6.9801 4.9251
9.4602 4.4115
-5.7423 3.9998
8.0795 4.5548
-7.4777 6.0966
4.5581 5.3414
-5.9309 8.4580
7.4529 5.8373
5.9219 4.8396
4.6505 7.2307
5.3107 8.4297
5.7565 3.6048
-6.6734 7.4226
4.7407 -7.2009
4.6213 -3.5667
2.7812 5.1200
-4.5563 5.3685
-5.1819 -5.8109
-6.8070 5.7615
-5.4150 -7.8249
9.1502 -5.4698
-5.8071 -12.6679
4.4189 7.0467
6.6365 5.8302
4.6225 -5.4253
4.6060 -5.3735
4.6932 4.5142
7.3014 -6.1190
-4.6263 8.2575
7.2117 8.7126
7.1575 -5.1968
4.5207 4.6630
6.2092 4.4862
5.0731 7.9088
7.5101 3.5376
-4.8758 -5.1017
4.5620 8.6451
6.1292 6.6549
4.5877 4.5979
-7.1214 9.8230
6.4910 -3.8100
4.4929 4.4209
-4.9353 -7.1060
4.8798 -4.3841
4.4975 4.4662
10.3413 4.5360
3.3809 6.8073
-7.8349 4.2868
-7.3672 6.7016
7.0554 -5.4316
-4.5660 -4.3341
-5.3856 8.6098
6.1103 5.9822
-4.0593 4.9774
-5.1027 7.0510
2.8039 -6.1622
4.5226 5.5073
4.3589 -8.7300
8.2817 9.0639
4.3779 7.0038
8.2019 4.4403
4.2334 4.2705
6.8211 10.0962
5.1928 6.7541
4.4455 6.5890
7.2609 -7.2021
5.8636 7.5190
-7.8430 -5.9185
4.5024 -7.3443
6.4458 9.2218
6.5020 -6.0428
7.8594 6.1555
-5.0084 6.5299
-5.8355 3.3169
6.5032 6.5802
10.3594 5.4366
2.7708 -6.5773
-8.9526 6.8301
-4.6304 5.7635
-3.2291 8.2751
6.2433 8.3662
5.4421 4.1390
9.0453 4.1068
9.5333 4.5891
8.1899 8.8062
0.4609 7.5558
8.4837 -6.3819
-7.3109 4.3568
-3.8970 -6.7078
5.6156 10.5866
-6.5617 3.2771
8.4875 4.4414
5.2071 8.0443
5.5276 6.8904
7.1684 2.0768
8.2127 8.9507
-7.1736 -8.0696
4.6919 5.1196
7.6411 7.0993
-5.1595 -5.2668
4.6126 4.4668
7.5772 4.4983
-8.0844 8.0507
-5.0112 5.2273
4.7215 -7.3924
6.3768 -8.5011
8.6898 7.8523
4.0704 -8.0031
5.9867 8.4353
-6.0938 7.1283
9.7264 5.5787
4.0476 6.7318
4.6355 -5.8402
8.1285 -5.5611
7.0321 -4.7948
5.1523 6.8710
-6.6367 -7.2761
-5.9624 4.8003
7.3008 6.1145
4.2231 -7.2559
4.7541 7.2912
4.4474 -5.2695
3.8388 -4.2474
7.5146 -7.8021
5.3800 3.5355
6.3182 6.5253
6.3829 -7.2073
-5.2471 5.4476
1.5323 4.5186
-9.3480 6.6817
7.1681 -5.0438
-4.0568 4.8520
5.3375 -7.8466
-5.6062 -5.6058
-5.7876 4.6772
7.3337 5.5968
10.8524 4.4127
7.9066 3.8198
5.5628 3.5171
7.5921 8.2957
-5.3159 7.6119
5.8097 4.5974
-5.6283 8.5478
10.2672 4.9464
6.0011 7.8750
4.4590 5.4436
-6.6002 4.5996
8.8050 5.8924
4.5425 7.6993
4.6424 5.6369
-9.1987 7.9831
-8.1322 9.1818
4.4184 4.7071
4.8688 4.4780
4.6057 9.2120
6.0951 6.2754
4.9197 9.1252
7.6586 -4.3865
6.5575 7.5951
8.4482 4.5354
7.0287 -5.8832
7.1600 7.6512
4.7249 4.4979
4.2486 4.6008
-7.2045 7.9533
6.3821 6.7185
3.2134 -4.3211
-8.7818 6.9900
7.0008 7.9967
6.8826 6.4728
7.9290 7.8223
6.3652 5.2942
6.7198 7.4592
-9.8194 -7.3894
4.5068 6.3209
7.0764 -4.5161
4.8492 7.6012
-5.3803 6.1028
6.3379 4.6631
7.4101 3.8684
4.4333 7.1730
4.5614 8.3034
8.0592 -5.6780
-7.8488 4.2160
6.1829 5.1279
5.9581 2.4530
4.4011 1.0275
7.3326 9.4746
7.2374 4.5916
-5.2757 7.5170
4.8014 8.7933
7.4632 1.4236
4.3319 -7.6103
-4.2326 9.7860
5.9216 -4.9170
-3.8895 -5.8927
4.9129 4.6623
5.1311 7.6563
7.9061 8.7052
5.2224 7.2201
7.1484 5.0602
7.7827 -5.8669
7.9694 3.5733
4.4146 5.3903
8.3533 4.3192
-6.4118 4.1188
-7.3706 -7.8880
4.5463 4.8149
6.3733 -10.7944
-4.6489 4.4981
4.5434 3.4221
-5.0993 5.1780
2.2723 5.2073
4.8200 -4.9263
-8.0559 -6.4936
-7.3395 4.5914
-4.6612 8.8282
5.2104 -6.1717
4.6464 3.4379
4.2005 5.8836
4.4133 8.3943
10.9236 -6.8404
-7.8447 -4.4270
5.1966 6.5575
4.7060 -4.3219
-5.8399 6.5115
7.6526 8.3581
4.6538 6.2771
4.4403 5.4013
7.3877 6.4386
5.0311 -7.8727
5.1006 3.7773
7.3543 -7.4180
5.5581 -5.6780
7.4035 9.3845
5.9586 5.4758
7.0382 6.9174
5.2503 -7.4135
-7.3807 7.1438
5.0982 4.5846
4.6631 6.2079
3.7926 5.0443
9.3832 8.6292
5.0974 4.4118
4.5326 7.8581
-7.8246 -7.4854
7.5052 4.4464
8.0767 6.7468
5.7949 -7.2918
-6.8810 4.6651
4.4003 -8.0657
4.3993 8.1601
6.4780 4.7017
6.8963 8.0989
5.8635 6.6308
4.5896 4.7307
4.4457 -6.6861
9.2163 4.3952
-6.2196 -8.1990
7.6726 5.3585
6.1111 4.8071
8.4239 6.8707
3.2412 4.5548
8.5459 4.3801
5.3076 -7.1754
5.6571 7.3048
5.9732 11.5193
-4.8119 4.2963
5.8698 4.0657
7.7277 -6.3661
6.5595 -5.7328
-4.1150 -8.6720
9.2509 6.9154
6.2091 5.4383
8.3346 6.0105
10.4916 -10.0906
-3.3362 5.3733
5.8048 5.1919
-7.7916 -4.3520
7.7697 7.1595
-5.7737 -3.8332
4.2778 8.1010
4.7105 6.7163
5.2958 8.7545
6.2690 -7.6619
7.0790 -1.3981
-6.7207 6.9046
6.9939 -4.7796
4.9596 -5.8654
7.8590 7.5820
8.6354 -6.8528
2.8440 -7.5128
7.4396 4.5544
5.0904 -9.0841
-9.7480 7.0651
7.0711 -5.3655
8.0899 4.4165
-4.4674 -4.2215
5.0514 -4.6073
-4.8226 11.3341
4.5275 6.9732
7.8940 3.8650
6.6641 5.1423
7.2284 7.0502
5.4240 2.7588
4.6542 -6.5386
5.4753 -6.5507
-3.8421 4.4015
3.0178 8.4468
7.3116 -5.5062
-4.4777 -8.6677
7.6456 6.5837
6.0564 -4.1698
8.8016 -5.3596
5.0407 4.8695
7.0667 10.5967
-7.0997 4.3168
-6.0333 4.3525
4.6108 6.4109
-6.6830 5.9735
-7.3125 4.3859
7.3885 -8.7688
-8.0945 9.2049
-7.6295 6.4686
2.9006 6.3911
5.9626 -5.9051
4.8168 12.2472
-7.5693 -5.1683
8.2574 4.3253
4.5260 -8.7243
5.6975 7.0470
4.5188 -5.8612
-7.8470 7.8741
4.4804 -4.4602
3.5018 4.3379
4.4882 6.0594
-8.1139 -6.5136
4.5143 4.9310
10.9661 4.5449
2.5565 3.4980
5.1511 4.1716
-5.8358 8.5143
6.2969 2.9403
3.6598 4.9991
9.4971 -7.1514
3.9229 7.9376
-6.1351 7.4348
7.1019 4.5428
4.5513 -5.2889
7.3797 5.8508
-5.9997 -7.9485
4.5285 7.4355
4.1717 6.3854
4.8018 -9.1504
6.3082 -5.4056
4.5210 5.4930
-8.2635 8.2637
-10.7792 -8.1613
4.3558 -4.4366
6.0264 -8.6424
-4.8899 -7.6935
3.0731 9.3194
3.6960 5.0743
4.4332 -5.1290
-7.0223 7.0284
4.4045 -6.2577
-5.7957 -9.2608
4.4348 -5.9404
-7.2753 4.5552
-10.8251 4.5479
8.8385 3.0599
4.6959 -5.6526
-5.6097 4.7968
5.7153 7.3797
2.5215 6.6016
5.4442 6.7402
11.6133 -3.4472
5.1324 4.1068
4.5765 -6.9621
8.3401 3.9454
4.7406 7.8172
7.1608 7.5063
9.1698 -4.9136
3.9818 -8.9043
-8.3933 6.2788
-6.8705 -5.5566
-7.2981 7.2609
-8.9633 -4.3597
-2.3574 7.2381
-6.5048 -8.1123
-5.4489 -5.6779
-9.6263 -4.2298
-8.6562 7.9426
5.7216 3.9590
-5.5594 7.4847
-4.8285 8.6011
5.1532 -5.7291
-5.4244 9.3324
-5.9901 7.2430
-4.7762 4.6746
6.3573 6.8063
7.3202 6.8049
6.1684 -7.1699
-7.1330 8.2907
-6.7654 -5.5573
7.0322 -5.0032
-6.9159 -3.9568
-4.8156 4.6168
7.9979 2.9218
7.3370 8.2045
8.0626 4.3237
-6.8440 5.7041
-5.6078 9.9357
2.8540 4.5996
-5.7300 4.6885
8.3005 5.9616
-6.8492 5.8853
4.5359 4.4017
4.6723 5.3380
-7.6286 9.0718
-4.6199 4.4072
8.2542 6.3951
10.2077 6.0599
5.6542 -9.8037
-6.4368 9.3646
8.7671 4.0824
7.9302 4.9992
5.9036 4.9091
5.7195 4.4910
7.6367 4.5225
6.2676 -5.1680
-4.8039 4.3423
4.1863 -8.1194
4.2965 -3.8198
-4.2693 5.5285
8.1787 6.7389
8.0680 -5.2870
7.8216 10.7559
4.3199 -5.4019
8.5766 6.5887
4.5001 7.7284
-4.9580 -6.3925
10.5260 5.7478
-3.2648 6.8865
-5.2694 4.6648
-7.8678 1.7779
6.4432 4.8920
5.2314 4.8535
3.1431 -6.8986
-5.7490 6.2056
-5.6291 7.8557
6.4940 4.5851
4.9780 4.6172
4.6027 -4.6191
7.1056 -6.5673
1.2302 5.3365
8.2265 7.0644
-6.1200 6.7548
4.4683 7.9328
7.9558 -6.0513
-5.5208 -6.0948
7.3004 5.7872
5.9414 8.2369
-8.4754 9.3559
8.0616 7.6553
4.0434 4.9597
8.8688 -5.2848
7.6637 4.5198
-5.2383 -8.2295
4.9798 4.5576
-9.5304 4.5707
4.2540 5.7360
9.9987 8.1473
5.5674 6.2285
-6.4156 6.1270
4.3975 7.8519
5.8697 3.2488
3.3878 4.7222
8.4180 8.3647
9.9286 -6.9597
5.8139 4.4475
-6.0037 -6.7790
4.5611 8.8169
5.2246 7.6537
3.8202 2.2838
4.8168 7.0808
-7.4670 5.8623
5.6888 4.6866
4.3633 6.8099
4.5283 4.5498
4.8141 4.3983
-6.2779 4.3304
-6.4872 6.5523
4.5699 4.6368
8.9776 4.0187
7.8890 5.2034
-8.2209 -4.5636
-8.1407 8.5178
7.8821 6.6724
4.3834 -4.1262
4.7541 8.3244
8.4358 4.3768
5.7734 4.3877
4.9422 7.1039
-6.7329 7.0539
9.9277 -7.0155
-5.0783 1.3836
5.3706 5.6408
-5.9432 -6.0752
4.1756 7.8652
-9.2682 4.3001
8.9736 9.3661
6.7633 -8.6887
7.1599 4.4368
5.3980 5.9026
5.3155 3.7407
9.1385 -6.5649
-6.9907 7.3483
-5.4765 7.4773
9.8793 5.3713
5.7167 -7.4486
5.6535 -6.2745
6.1778 6.6713
4.5126 4.7203
4.7815 -4.6548
7.4111 7.7631
3.8988 -7.1021
8.9748 5.1401
-7.3996 9.3871
4.2799 -11.2515
4.2566 -7.1728
4.6086 6.7360
7.4406 6.9880
4.4207 5.2711
7.4658 -5.4513
-5.5474 4.8713
4.4129 7.7950
4.4097 7.0707
5.9906 6.0401
5.4474 7.4715
-7.9815 4.5067
8.5783 7.1592
-6.9206 5.8099
-7.2345 -6.6991
-6.4716 -5.5094
7.3416 -7.5811
4.6377 4.5027
-7.4159 1.8919
4.4057 4.7184
4.6486 6.4274
5.9280 6.5960
7.1174 10.3159
3.0154 8.4633
4.5841 4.5675
6.0605 -5.7507
7.2366 -7.0738
5.7830 8.3361
7.6835 8.2230
7.9241 -5.2809
6.9937 -4.3931
7.1506 -5.2373
-4.9759 5.6306
-8.2226 2.6262
5.6054 6.7537
8.9614 4.5062
9.5452 7.6163
4.4997 -6.0985
6.0623 4.9013
8.5925 10.1649
-6.5569 -6.4464
4.2810 9.1833
4.8415 5.6444
6.8474 6.1873
6.1954 4.6649
5.8485 6.2442
4.5698 6.8981
4.6109 4.6147
-5.6717 -7.7289
4.3824 6.4115
-4.4724 -5.8565
6.3787 7.8395
8.1189 7.0057
10.4398 4.2776
4.5451 4.5527
10.4313 10.6154
5.0931 4.7726
-4.7206 -2.6978
7.4058 9.7049
7.5303 4.2366
5.1104 -6.6099
5.5529 4.7204
6.4519 4.8203
5.5569 -5.7731
-5.6738 4.4199
3.6388 4.4218
4.5352 8.0375
7.1050 -7.7023
-4.0551 4.6916
7.6712 -7.3291
6.9182 10.0621
-4.0239 6.7635
-3.9510 4.3770
4.5983 -6.7357
-5.1506 8.3019
4.4711 5.9262
4.1065 6.8439
-5.3168 6.7783
5.0541 9.3428
4.5564 5.5588
-5.5653 -0.3508
4.5354 4.6094
6.2472 6.4793
5.5340 8.4458
8.4873 4.3217
-7.4661 4.5970
-6.1260 11.0479
-4.0687 4.3404
-5.8700 5.7433
6.5103 4.5094
3.9390 6.8546
4.5509 6.7213
8.1422 2.9464
2.6984 9.3788
4.8004 4.1397
5.6058 -6.5284
7.5588 4.6879
7.2871 -5.3416
4.6404 -9.6724
-6.2732 6.0351
9.1498 -8.0989
6.3413 4.8463
3.6272 -6.1757
8.7605 7.8788
6.5863 5.4695
-5.8961 7.5168
8.3935 -5.2605
4.7747 4.6243
3.5431 3.5703
-5.6523 4.5532
5.7946 5.5151
4.4031 -4.9674
5.4586 5.7608
-7.0446 5.4474
-6.6150 4.4699
8.7663 5.0800
8.2201 4.4447
9.1860 4.2874
4.2969 -8.1975
9.9540 8.1634
5.1868 6.7091
6.8113 6.6724
4.6485 -6.0293
4.4208 2.1438
2.5948 -7.9589
6.1131 7.3986
6.4623 7.5385
9.5325 8.5974
9.2395 4.5481
5.1756 8.8185
4.8701 3.3606
8.6447 4.5146
8.5937 6.2250
8.5200 3.0476
6.5116 -6.2041
8.9414 6.0084
-3.9659 -8.0986
4.4098 4.7755
6.3410 4.3966
6.7266 -3.8299
-7.3165 5.2994
7.9104 4.3586
-5.3562 6.5316
8.0668 8.4092
4.4264 7.1478
-6.9506 8.0614
6.3102 4.4507
10.0523 4.5385
5.3712 4.5341
-9.1241 6.4953
9.7789 -5.5982
-8.4044 3.5668
4.2296 -6.0619
7.3229 -5.1554
7.2654 -5.5239
-8.0833 -5.2003
-6.5546 6.2531
5.3581 3.3651
7.1766 3.6648
4.4514 -6.9371
-6.2403 -7.5340
7.4310 5.1791
-4.9128 4.7241
-6.6650 8.1966
4.9468 7.1616
7.0748 8.7730
7.8121 -8.0551
4.4664 4.7706
-5.1571 4.8034
6.5165 -4.0101
-6.1982 5.4622
-3.4194 5.8422
6.4476 8.4647
6.3913 6.8481
-6.2864 6.5708
4.4622 7.4233
-8.7989 4.5733
8.4312 4.2606
7.8594 7.7088
7.1580 4.1211
-6.6995 -9.7129
6.7779 -7.8325
9.0134 -2.3471
4.4999 5.2349
5.8487 5.3639
-6.4202 -7.4775
4.4093 4.5814
-3.4990 -4.5023
4.3187 10.5584
7.8765 5.4019
6.8433 11.0083
4.7625 -5.7280
-5.0471 4.3541
10.1749 9.3883
-6.7305 6.7444
7.6232 3.0177
4.4166 6.5015
-5.3392 6.3602
4.4458 4.3088
3.7977 -4.7923
7.8279 6.1496
-5.4806 6.7600
6.2695 -5.5180
-5.7603 -4.2608
7.1278 6.2307
-4.7008 4.6201
2.1233 5.4271
4.9512 4.5414
9.2608 4.5517
4.4831 -5.8856
7.9721 4.5184
10.5115 10.2666
9.1620 8.3424
9.4717 -8.6218
7.4075 -7.2118
4.1327 6.0579
-7.5496 -8.8991
3.9712 -7.1731
8.5748 -9.8474
8.3596 -4.5104
7.1934 6.8364
10.6722 -5.3456
5.2622 -4.5446
4.3626 7.3325
5.8679 7.0288
9.9665 -5.9967
4.8293 -5.5952
9.4550 1.9045
-6.1660 7.3116
9.0474 7.0565
4.9965 7.5158
-7.6533 6.1313
9.1521 5.9578
-7.1393 4.5122
3.3405 5.0799
6.6586 -6.1770
7.7175 2.8000
5.4615 8.2545
9.8669 -6.5126
-5.4841 5.9885
7.9336 2.6377
-9.2010 3.7076
5.9148 4.8663
6.3252 8.8153
4.6861 -7.6014
4.2874 4.4558
4.4472 -6.5549
5.8653 4.6442
-8.6044 4.6276
-4.9859 -5.8384
8.5282 7.4470
4.6201 -5.4510
4.1577 -6.9452
4.6843 8.1924
-5.0162 5.8749
-9.7056 -4.0572
7.6534 7.3196
7.8358 4.5721
5.9677 7.1387
-5.5268 4.8059
4.5657 4.7716
5.3812 10.2056
7.6512 4.4750
7.8026 4.3668
5.1598 4.2018
-5.8037 -9.5212
4.3895 -5.0615
6.7646 7.9671
-10.5819 4.4214
6.1627 -6.8480
4.0978 6.3749
-7.6952 -5.4355
-4.2262 4.6616
5.8123 -6.8285
9.8540 7.0860
9.2550 5.5626
-7.6101 -5.4350
4.3519 7.2451
7.4680 4.4264
6.6099 6.4203
7.0538 4.0783
-8.7174 7.3067
4.4734 4.3986
-8.5562 4.1682
9.3176 4.6777
6.9546 2.9931
4.6405 4.2131
4.4013 4.6065
8.9390 6.9946
8.6467 -4.9566
4.6118 8.5933
-7.3699 7.0566
6.1200 7.9148
10.7901 6.4264
5.3869 5.4057
10.8050 4.9235
6.8632 -8.1321
-3.3791 -9.2112
6.0349 5.4490
6.8483 4.5250
7.7741 3.6008
-5.8668 4.3881
4.6250 7.7230
9.5674 4.5553
5.6819 7.0361
4.2954 8.0534
3.7078 7.9595
4.4891 6.5563
4.7115 4.4515
4.8807 9.6867
8.0642 4.4141
-6.5161 -4.9620
-6.6330 7.4738
4.9610 5.4681
-5.3055 5.9829
4.5536 -4.2854
4.6240 7.7811
4.4554 4.5367
3.2046 4.4074
7.2054 7.8419
1.5414 4.6021
-9.7769 4.6722
5.3184 10.0859
8.8342 8.1093
5.9054 5.3618
8.6779 4.5356
4.4795 4.9003
8.1924 -6.2797
-5.6848 -6.2810
-5.4195 5.8149
9.9087 5.0228
5.6182 6.7925
-5.8399 8.5350
4.6922 7.5516
6.5009 3.8012
-5.2212 -7.1535
8.1860 4.3766
6.3695 -8.1735
4.3492 4.5960
5.0176 4.5824
7.5057 -7.8097
7.6140 4.5222
-4.1867 -4.7265
8.6066 -7.0660
5.9817 -3.6654
5.6917 4.2097
-9.7963 4.3137
7.2444 10.1485
-9.8588 8.9526
4.3885 -2.9745
11.8081 4.5271
7.8000 5.8115
4.5525 -7.4174
6.0361 -5.7841
-6.8913 -5.8251
4.5857 5.8773
-4.9170 8.5677
6.3280 -7.1766
6.1073 3.6341
4.4177 6.5297
7.3181 5.4461
-5.9345 4.3339
3.7103 -5.0057
3.9704 7.0568
4.6095 4.4503
4.3370 6.3448
4.7987 5.8985
-7.8965 -8.8596
-6.1660 5.2610
4.5403 4.4894
-4.7635 4.4615
5.9104 7.8497
-8.2359 6.6209
4.3151 7.6673
4.3420 -6.3862
4.0306 6.7450
7.7028 6.6410
7.6347 -5.3596
10.4512 -4.4446
8.3137 7.5256
8.2153 -5.3798
11.2338 7.6864
-5.2359 3.6352
5.8051 9.3401
-9.2827 -3.6382
7.6935 6.6582
5.0574 -5.6179
7.4673 -7.5198
5.3865 1.5014
7.4186 5.8143
6.0459 4.9947
7.0416 4.4455
4.1946 -3.5729
4.6394 -5.9496
8.8806 7.4469
4.5061 5.1431
6.8074 6.8525
4.3741 3.7591
5.1101 -6.0344
4.4117 -8.0626
4.8612 5.9032
4.4422 5.6067
-5.1887 -9.1979
4.5693 -4.7312
8.7594 7.7476
6.1868 -4.8747
7.7390 -7.5987
4.5925 5.6567
5.3351 4.4314
3.9701 -6.9102
5.9800 7.2357
4.4437 8.2388
-8.1853 -8.5403
8.8458 -4.1582
-6.1622 8.6307
4.6372 4.8781
4.4670 5.3974
-5.2870 3.9807
5.1915 10.4126
3.9296 -4.5755
4.5406 2.7225
4.3426 4.4928
-6.1874 6.7597
-12.1664 -11.8706
-4.4051 9.4097
-3.3602 7.8094
5.9726 3.8161
5.3467 5.4705
5.2634 -5.1468
-6.1483 4.4852
4.5807 7.7903
-7.7608 8.7452
7.0316 -6.6043
5.9998 7.9071
10.2507 6.4763
-7.3325 6.1832
-6.8080 4.5772
8.2740 -5.1381
-9.5255 -3.9120
7.2409 6.7473
6.0151 -5.9986
4.7646 -7.0889
9.3685 4.4178
9.0371 5.9554
6.9723 -6.9003
-6.0900 4.7475
-3.6816 4.4023
3.1831 -6.1593
-9.5136 6.2657
7.2709 4.7017
6.6997 4.5362
5.9509 6.3027
8.7184 4.0230
4.6234 7.2649
-9.4355 6.1883
-7.2825 4.4800
4.0752 4.3086
4.4535 -4.3471
3.5192 4.3927
-8.3618 4.5164
6.9318 -8.6325
2.5339 4.5724
4.3362 6.9832
5.0726 6.8062
-6.7752 -6.2766
8.0399 6.2477
-5.1430 2.7751
6.2423 6.8370
7.4223 4.1864
4.1054 4.6287
7.6524 6.9295
6.8816 7.4745
4.7915 -7.2643
4.5356 5.9179
5.4724 5.4041
6.2367 4.2736
7.4915 -5.5754
6.8155 7.0229
6.5480 7.1052
6.4441 -7.4419
6.5933 4.7415
6.5260 -4.2271
-7.7190 4.6254
9.0720 4.8096
8.4899 -7.2097
5.3457 7.0234
4.2631 7.6655
-1.4254 -5.9210
4.5397 3.4492
3.0748 4.5797
-11.1509 6.1470
-5.5366 5.1319
4.4803 -7.0171
-4.0530 4.2981
6.6580 5.4970
4.3595 -7.4771
-6.6022 7.4799
4.6577 9.3004
-5.6283 -7.0406
-6.6024 4.5598
-7.3388 6.1608
4.6077 -4.6499
-5.3008 -4.4360
6.4789 5.8425
4.6906 -5.1985
4.5614 -5.8836
5.5925 -3.9859
-5.5972 6.4123
10.1890 5.6405
-6.7711 5.5079
7.7583 8.1641
-5.5017 6.6180
6.1085 6.9067
4.5040 6.8215
-4.9656 -6.5701
6.6788 6.6536
4.4216 8.7000
6.1693 4.5436
4.5622 7.1740
5.1479 -8.6597
1.8783 -8.0829
5.3544 4.6167
6.2779 -4.8303
6.9655 6.1470
6.8678 -5.5833
-6.5329 9.2949
7.6805 -6.6840
4.5718 4.2219
-5.2074 4.5818
6.1853 4.4029
7.9580 8.4455
4.7343 6.8158
4.6327 4.8590
5.3271 4.6207
5.6668 5.2285
2.6047 4.6204
5.0625 -4.5757
4.5653 9.5330
7.6848 7.4978
6.2468 -7.1317
8.2660 4.5950
10.4252 3.4253
-7.8281 7.5361
-4.8611 5.6137
4.5044 -5.9495
-5.0354 6.7280
5.6582 -7.5513
4.2440 1.7431
4.6086 0.0240
6.7082 -4.9974
4.3611 7.7834
4.5513 -9.8590
7.6492 5.2561
-7.0260 6.6882
4.4846 4.3986
7.6990 10.4750
7.0469 -4.6705
5.7677 4.4950
4.5472 -7.0303
8.6063 6.0535
7.8358 4.3583
7.9001 6.4974
4.5668 9.2470
-6.0667 7.9522
8.0430 -8.1033
-6.4768 4.5479
-5.5167 -7.4846
4.3249 -5.3864
4.5099 -5.7210
-5.7020 4.1739
5.6437 8.4644
4.6829 5.4124
3.0945 8.7298
-6.3364 4.8086
-7.8746 6.6650
-5.7653 4.3197
5.9531 -5.4610
4.8457 -5.0964
-7.1505 -6.7665
8.1826 -2.5190
0.7839 6.1860
-6.0459 3.3052
2.6436 -0.8703
2.9632 -0.0454
-0.6085 2.0026
2.5556 -0.4355
2.8373 2.9416
-6.0983 0.4446
-0.2599 -3.3378
1.9202 -6.2207
2.8659 2.1168
1.2998 1.0162
2.9275 2.9281
1.4325 0.6874
-9.1133 2.3275
-0.1319 -2.5139
3.0762 -11.5055
2.1939 3.2605
-6.1319 -6.1424
2.5079 0.2140
-6.1864 -6.1420
-6.1730 -6.1075
2.9270 2.3723
-0.0457 2.8376
0.5685 2.6142
2.0893 3.3280
1.1811 2.7032
2.4365 -6.1682
2.5380 2.6655
2.7007 -0.7675
1.3314 -6.2573
1.8708 2.3129
0.9602 0.6973
-0.2206 3.3953
2.0176 3.2336
2.6578 2.4737
-0.5482 -6.2391
3.1698 1.7842
2.3207 -6.1113
2.9317 2.6203
-3.1849 -1.7965
2.4274 1.9031
2.4015 -6.2730
2.5111 3.2356
3.6177 -1.1549
2.4053 3.1392
-6.2602 -6.1328
2.4057 -6.1860
-6.1605 2.1372
-9.9532 3.0126
-6.2000 2.0289
3.3224 2.4636
1.7865 2.9552
-8.8424 2.5116
2.7536 -6.1092
2.7695 3.3114
-10.7761 2.3522
2.0720 -6.2424
0.5702 0.1570
0.0085 1.9182
2.3588 2.2537
2.9258 2.7151
1.8212 -1.6362
2.9458 3.1064
-6.1183 -1.3735
-0.9877 2.1172
-1.0620 -1.1754
2.7665 3.2926
2.2004 -1.2069
0.2064 -0.1501
1.1681 -0.4240
2.6881 0.2186
3.0036 2.0253
-0.7204 3.1017
-6.2010 3.0313
1.0713 -2.1214
2.2046 3.1319
0.3016 -2.6302
3.6848 -6.2045
-2.2066 2.1346
-6.2657 0.8252
2.1161 2.1732
0.8080 3.0249
3.5270 2.6957
2.5429 2.8598
-2.4126 3.1887
2.9147 0.5001
-6.0295 1.9981
-0.2012 2.3317
2.7331 0.5935
2.6026 -11.6511
-6.1700 0.3032
3.3639 -12.4023
2.9704 -10.6908
0.7231 -6.1437
3.3009 2.0661
2.4784 2.1742
2.3039 1.0775
0.3241 -2.2005
2.8881 -6.0733
-6.2012 2.6122
-6.2435 1.5867
2.6464 2.9106
2.8732 -6.0757
0.6459 2.7134
-6.2184 -6.1949
-9.3708 -0.6387
-0.8496 3.4650
2.6326 2.7554
0.4558 1.8859
-6.1087 -6.0992
1.9737 1.6708
2.4136 3.0872
-0.3826 2.4040
1.7989 2.7505
2.6837 0.6539
-6.1485 2.6514
3.3947 2.7612
3.2301 -6.2190
2.5612 2.7130
2.6822 0.5705
-0.3081 -6.2368
-6.3416 3.3440
2.3982 3.1313
3.0233 3.3846
-0.1078 2.7120
3.1110 2.7950
1.2481 -6.1327
-1.6235 3.3249
3.1331 2.1167
-6.2107 2.1775
2.4516 0.5936
2.5094 2.8700
2.6192 0.5785
3.1323 2.1046
0.8735 1.8712
-1.1835 3.1201
2.7526 2.6772
2.2764 2.5977
0.2749 -6.2383
0.2313 -6.2507
-1.4609 -6.2043
-6.1583 -0.2621
2.6950 2.5913
-6.1411 1.5774
-6.1495 2.6278
2.2670 -6.0882
2.9364 -1.8708
2.6039 2.8924
1.8093 0.7200
2.1268 1.9219
0.0805 2.2599
3.5601 -6.1636
-6.2163 -6.2220
2.5751 -0.6997
2.2987 3.5203
1.8409 1.9593
2.7518 0.0016
3.0736 2.4211
-6.0881 1.0573
0.6667 2.3780
2.5732 -6.2673
-6.1000 2.6204
-0.5514 2.0097
3.0290 2.9624
3.3223 2.8184
2.8574 2.3894
-6.1735 2.5627
-1.7417 2.2018
3.2543 1.6146
3.1553 -1.5292
2.5621 1.2036
-6.1892 -1.2839
2.5293 -0.5470
-1.4971 0.9234
-0.6549 -0.4651
3.1428 2.9971
2.4071 0.8116
2.5599 -6.1966
1.4053 2.1760
-10.1784 2.2422
2.6837 2.2853
-6.1828 -0.5444
2.8603 1.5366
3.0476 3.1295
-6.1503 3.1964
0.6200 -2.1657
2.5070 3.2233
3.0152 2.4592
-1.3362 -9.4920
2.9315 3.5089
2.1158 0.8365
2.5042 -0.6014
2.6104 2.4133
2.7514 2.8958
-6.1384 0.2395
-10.8244 -6.1150
1.0557 -9.2901
-0.9640 -0.0615
3.5906 1.9545
-0.1652 -0.5135
-9.5362 2.7409
2.4767 2.2460
2.1717 2.3737
0.7346 1.8828
-0.5719 -6.0931
1.3509 2.3863
2.8360 2.3569
0.9907 -0.3848
-6.2146 -7.5258
2.5061 2.8784
2.6395 2.4594
2.2737 1.3479
0.9478 2.7669
2.8073 -8.5836
-6.1834 1.1045
-1.0510 2.2843
0.3387 2.8590
1.9587 1.8804
2.8545 -6.1209
3.1957 -6.2095
2.1024 2.3442
1.0009 2.5597
2.1322 1.7472
2.2302 2.1364
2.4273 -6.1182
3.5716 0.8292
1.3652 -6.0564
0.9009 3.2709
-6.4056 2.2692
-3.7710 2.1179
-0.1995 3.1514
-6.0688 -6.2299
-6.2688 2.7392
3.0023 2.1896
-6.2670 3.3048
1.8674 -6.0524
-6.1347 1.3208
2.7202 2.9133
3.0090 2.8255
2.6843 2.5958
2.6555 -1.2223
2.4853 -10.8877
-0.1618 2.3839
2.7073 -0.6547
-6.1059 -6.1779
2.1718 2.6724
2.5888 -0.3183
-6.1576 2.7309
2.5867 -6.2329
2.1102 2.7496
-0.5049 0.4468
2.3225 2.6821
2.7272 1.3226
3.3797 3.0567
1.6902 1.6083
0.0470 0.4706
-2.7984 2.1513
2.7494 -7.8449
2.8072 2.4273
2.6285 -6.1566
3.3254 3.6999
1.1211 3.6648
-3.4969 3.4924
2.3827 2.2764
2.4955 2.2209
2.0778 -6.2224
-0.2160 2.6577
2.4334 -0.0853
2.6068 -0.6989
3.1660 0.7066
2.4568 2.7706
-6.1876 -0.2176
3.0177 2.2324
-6.0874 -0.2784
2.0797 2.7964
1.3718 0.2618
2.1337 2.4948
-6.1672 -0.6103
2.2676 -0.8886
1.9083 2.6804
2.8474 2.4968
2.6431 2.1519
2.3293 -1.3647
2.2965 2.3451
2.3688 -6.1107
-6.1075 0.0063
3.0604 3.5492
-6.1917 2.5428
1.8708 -6.1522
-6.2815 2.4945
1.9019 -2.5469
-1.8466 1.1937
2.3521 -6.1336
3.2885 -6.1781
2.8553 2.4767
0.2896 0.4344
3.3768 2.4147
2.6385 -0.1821
-6.2375 0.7210
0.2604 -1.1578
1.8291 1.2636
2.3730 2.4429
2.9745 -10.6376
-9.7096 -6.1485
1.9181 3.0850
-6.0598 2.3957
2.9557 0.4803
2.5605 0.2169
3.0261 -6.1984
-6.1826 -8.8757
2.9824 2.6755
-6.0874 -1.5190
2.9821 1.3635
0.1374 2.5943
1.1843 -0.6348
0.4290 2.5707
2.0847 -0.4736
3.0395 -10.6175
1.7631 -6.0995
2.1128 1.7067
2.5635 1.6540
-0.4247 2.5022
-0.7982 -0.2179
3.3603 2.5633
2.6572 2.5541
2.7026 0.8476
-1.4443 2.6638
2.6405 1.9083
-6.0518 -1.8783
2.4138 2.8033
2.4807 -6.0917
-0.1621 -6.2417
2.2611 3.3130
-6.1173 2.4262
2.5286 2.8461
-6.2880 -6.0809
-6.1327 -0.7565
2.6413 1.2789
-0.9944 0.4809
3.1943 2.2100
1.4360 2.4859
2.8416 1.4494
0.3659 2.8984
2.7357 -6.2314
0.6721 1.7052
2.4127 2.8020
-6.1159 3.3921
-6.1965 1.7590
1.5034 2.0873
0.2387 -6.1679
-6.2043 3.1202
2.5502 3.1734
-7.9963 0.8400
2.6305 0.3586
2.7014 -6.1559
2.7615 -6.0861
1.9188 2.9165
1.6829 1.9151
2.6173 -6.2039
-10.8307 -1.0509
2.3398 -0.7713
1.7453 1.9403
-0.1864 2.9594
-6.2181 2.8567
-1.5906 2.7523
0.9374 2.9198
1.8883 2.4340
2.9015 2.4927
-6.1208 2.1900
3.4324 -0.0288
0.7142 -8.6662
-6.1450 0.4488
2.6126 -2.2597
2.2617 2.2317
2.4242 -6.1697
3.1604 -8.9641
2.8145 -1.3152
-6.1077 3.2464
-2.3222 -0.4527
1.7649 2.8749
2.7790 2.8396
1.8124 -6.2546
2.7497 2.3875
0.9280 -1.8749
2.1652 1.1961
2.1128 -1.5452
2.6746 2.4231
2.8204 0.2182
3.0485 2.3252
2.3852 3.5680
-1.5139 -6.2234
0.2493 2.2749
-6.2301 3.0103
2.9312 2.2216
0.5948 1.9935
-6.0719 -6.2737
2.7011 2.3780
2.2842 -6.1343
-6.1563 1.7680
2.7519 -1.1985
2.7016 0.5342
-6.2003 1.6983
2.9421 2.6868
2.6419 2.6060
-6.1856 0.2923
-6.0836 -6.1677
2.6792 -0.6364
2.4340 2.3947
0.1777 2.6255
2.5675 1.3476
-2.4103 2.4473
2.9520 1.9946
2.3344 2.7088
3.0066 2.9007
-6.1558 3.0216
-0.9636 -6.2074
2.6590 3.1453
2.3412 3.0152
2.4213 0.5499
3.3527 -0.8456
0.1387 2.0495
-6.0457 0.7387
-6.2488 2.4621
-6.2713 2.8595
-0.1435 -0.2412
-6.1029 1.9663
2.5856 -6.1762
-1.5832 2.0411
3.0913 -6.1966
-0.7268 -0.2930
-1.0450 1.6862
2.1050 1.9037
2.8234 2.5414
2.8380 3.1733
2.2253 2.0815
2.5089 0.3574
-0.3716 -6.3297
2.3327 2.0632
0.3038 1.3039
1.8446 3.2302
-0.0013 2.8813
-3.4402 2.5583
-6.0856 2.8433
0.4502 -0.0794
0.1440 2.9672
-0.5868 2.4171
2.6671 2.7771
2.5420 2.3131
2.3807 2.8051
-0.6624 3.2227
2.8319 2.4455
0.4948 2.7462
-0.9489 0.1013
2.2935 -6.2959
2.5246 -6.2651
3.0104 3.3196
1.8615 3.2053
1.8863 3.4867
-1.2391 -6.1123
1.2328 2.7401
3.4631 1.8817
1.0188 2.7134
3.0404 -0.7730
3.1938 2.2095
2.9072 2.8106
2.5751 1.0322
2.6810 2.6554
0.2787 -2.0382
2.7389 2.0103
1.3925 2.7200
3.2935 2.4671
-6.2205 2.4889
2.9972 3.1617
-6.2331 2.7961
-0.3059 2.6642
0.0833 -7.5789
-0.5548 1.5088
-0.5278 2.5616
-1.0441 -6.1823
2.7373 2.4415
3.4610 -10.0296
-6.2434 -5.9913
-6.0951 2.0486
2.5341 2.6064
0.3384 -0.8330
0.0230 -6.2356
3.1889 2.1703
3.5215 1.3957
-1.2875 -6.1464
2.5908 2.1652
2.9839 2.1975
3.3324 3.0763
2.8833 2.3109
-6.1785 3.1874
-0.3583 2.4165
-2.4858 -0.5610
0.7144 -6.2208
-1.3342 -0.2771
0.8471 -6.1415
-6.1662 2.4889
-6.1719 2.8150
-0.1611 -6.1481
0.3462 2.2302
-6.1844 -6.2074
2.5462 -0.0467
-0.0023 1.2603
0.7305 0.4619
-6.1890 3.1051
2.3238 2.6276
-0.8194 2.5031
3.2002 1.9951
1.5129 1.8430
-8.3817 -6.1830
2.0640 2.8265
0.6447 2.2004
2.5544 -6.1214
3.1311 -1.9366
-6.0904 -0.9688
-0.3601 2.0720
2.7622 3.0204
-6.0890 2.8079
2.3382 -0.8463
1.9437 -6.1916
2.0759 2.5668
0.1895 2.5412
-0.0444 2.6755
-6.1009 2.7458
-0.2078 1.0518
-6.2813 1.5465
-6.2108 -0.0600
3.0127 -6.1450
2.5053 1.5370
-6.2381 2.5596
0.6752 2.4826
-1.0648 -6.2269
1.2701 -6.1754
2.6073 -0.4138
3.0355 3.3603
-0.7950 -6.1327
-6.2090 1.4799
2.4426 -0.4708
2.1715 -6.1888
1.0895 2.4649
2.6670 2.4269
3.1268 -7.9485
0.3541 3.0353
0.0081 1.1504
0.4655 3.4222
-0.3355 2.7145
3.0501 -0.2975
2.2901 -11.1494
2.0608 -0.0459
-3.4190 2.7746
1.4981 -6.1779
0.1578 2.9629
2.6041 -1.0192
-6.1750 1.1818
0.7849 1.5215
-6.2792 2.1671
2.2456 2.4907
-6.0655 2.9022
2.9801 -0.7407
2.6578 2.5344
2.3486 2.6203
-0.0847 -1.2630
3.0311 -0.3350
-0.4503 2.5430
2.6540 3.0896
-0.1213 2.7518
2.6123 2.6433
2.8332 2.2906
2.0045 3.3713
2.6913 -6.1974
2.8738 -2.5432
-6.0387 2.5197
2.2436 1.7134
2.1960 3.0737
2.9748 0.5725
-6.1541 -11.6439
-0.7512 1.8750
2.5144 0.5166
-0.0555 -6.0478
-6.0929 1.9754
2.8058 2.1554
-2.2615 1.8908
-0.2974 0.4029
1.1374 2.8115
2.9750 2.9834
-12.4358 1.9938
2.8625 2.8001
2.4872 -9.9445
1.9499 3.4683
0.8029 -6.1448
2.3564 2.7703
2.5761 2.5160
2.0312 2.3852
3.3960 -0.7588
2.5716 -6.1858
-0.3377 0.3581
2.9576 3.1455
2.8816 -6.2622
2.5891 0.0718
-0.8516 -6.2019
2.7975 1.9044
-2.8518 2.9459
-6.1125 1.9343
2.3253 0.3688
2.9126 -6.0757
1.9263 2.6405
2.6919 -6.1247
0.3855 2.2765
-6.1008 2.0767
0.4796 3.2986
2.6631 1.8249
3.1074 2.2582
-6.1763 3.0615
1.0426 3.2002
0.3711 2.6176
-1.2553 2.2899
2.7698 -0.3406
-6.1942 0.2711
2.4029 2.5090
2.1856 2.5656
0.7648 0.8057
-2.8017 2.3276
1.0878 -0.7481
2.4146 1.8947
0.3809 -9.3214
-6.1612 2.5113
2.3299 2.2650
-6.1309 -1.3954
-6.0462 2.1037
-6.1983 -6.0374
1.1820 -0.9109
-0.4035 3.0000
2.7539 2.5764
2.4568 -0.4624
-6.0920 -6.0871
2.3515 2.0069
2.5152 1.8162
2.8200 1.8024
0.0850 1.7516
-6.1999 2.9275
2.6299 2.4351
-6.1496 -6.2744
-0.2969 2.0216
3.1370 1.6470
-6.1987 -6.2451
-1.5194 1.1947
2.5226 -1.0902
-6.1953 -6.2725
2.7147 -6.1443
0.1561 2.9264
-1.0595 -6.1361
-0.2384 2.5557
2.7912 0.1167
-0.3969 0.5295
-0.0159 3.3140
2.8115 2.0896
1.9589 3.0999
-0.3157 3.8274
3.0369 -9.4798
-6.1208 3.0631
3.6597 -1.5269
2.3716 2.3154
2.6868 2.4807
3.1766 -6.0941
-6.1851 -6.1223
1.8986 1.7806
2.8321 3.0552
-6.1936 1.9614
2.0607 -0.5631
2.3644 -0.4654
0.0659 -10.3517
-6.2672 -0.3514
2.9412 2.2554
2.5333 -0.3232
2.5048 2.3157
2.7814 3.1506
0.5782 2.3142
2.4117 2.3653
1.9821 2.3565
0.2268 1.6005
-0.1779 3.4384
1.5350 2.7225
-1.8539 3.1076
2.3061 3.3669
2.7350 0.1459
0.0098 -6.1752
2.1516 -6.1178
2.1173 1.9394
3.3792 2.1167
2.3813 1.0182
-0.3869 -6.0955
-0.7539 1.4368
2.2051 2.2983
0.0718 2.4084
2.7100 2.0712
3.0499 2.2885
1.7245 3.0539
3.6051 2.5907
2.7889 2.7695
0.1478 1.1568
2.3303 2.2991
1.9155 2.3420
-1.5442 -11.5176
-6.1205 -6.0489
3.1035 -6.1226
-10.8371 2.9341
-0.4488 2.4988
-6.2470 1.6835
2.5178 -1.5332
3.4261 2.5590
1.9549 1.9580
2.0584 2.3035
-0.2807 2.5525
2.3618 2.3493
-6.1867 2.4955
-6.1091 1.1383
2.5089 0.7209
2.7554 -2.6255
3.0611 2.1585
-3.9567 0.5737
-2.2619 -6.0942
2.8161 2.5668
2.2329 0.2119
-6.2094 2.6028
-6.2580 0.7415
2.8409 -0.7733
2.8923 -8.9058
3.5768 2.3447
2.3705 2.7252
2.7719 1.9504
-1.3971 3.3469
0.2921 -6.1139
-9.8567 2.8626
-0.2006 0.1163
1.1121 2.5107
3.2883 -0.1658
0.3953 -0.6542
2.0888 -6.0620
2.9054 2.5342
3.1791 -6.1541
2.1388 3.0815
3.4957 2.5872
1.9999 1.6359
0.6003 2.5168
2.6073 -6.1664
-1.5160 3.1543
2.9558 2.6231
2.9702 2.3472
-6.2755 2.4548
-2.5217 -6.1053
2.2686 3.0334
-6.1291 2.1767
-6.1340 2.6572
1.1926 3.0374
-13.0702 2.3558
-6.2014 -6.1094
3.0858 -6.1179
-6.0719 1.9780
2.1138 2.2433
2.3002 2.8722
2.2743 -1.1075
2.0382 2.3428
3.2070 -6.2478
2.8688 0.4771
2.9233 2.4858
3.7419 -6.0961
-6.1689 -6.2683
0.0276 3.0026
2.0210 2.4598
2.8478 -0.8205
-10.8411 2.8016
2.5338 2.9496
2.8030 2.1206
2.7481 3.2659
2.5044 3.0020
2.5903 2.7101
-8.9736 0.9292
-6.1419 2.8588
2.5003 -1.1316
2.0801 2.6320
0.0869 2.6076
2.0378 -6.1091
2.0268 2.7661
-6.1352 2.2724
-6.1544 2.5147
2.2022 1.3071
-1.5215 -6.1367
2.2575 2.9888
2.4112 0.4808
-6.1930 1.9897
2.8013 2.2646
3.0053 -6.2095
-1.4508 2.8615
2.3976 2.4504
3.2819 0.5255
-6.3296 -0.5784
-2.8253 2.7545
2.9912 -0.2394
0.3124 -1.1500
2.8940 2.1569
2.1013 2.1775
3.5336 3.1388
3.2033 2.3666
3.3410 3.0620
3.0073 0.4304
3.0162 3.2510
-6.0809 3.0470
2.7962 -6.2006
-0.6791 2.4499
-2.6605 -1.5955
2.1987 -6.1410
2.4894 -11.0271
-1.3332 -6.1232
-6.2000 2.6507
2.2778 2.9422
0.3863 2.9720
-0.4621 1.4575
1.1693 -1.3265
1.5390 -6.1164
0.6440 2.9166
1.8207 1.1626
-6.2745 2.9032
2.4931 2.0958
-6.0291 -0.0954
2.9039 -1.1128
1.4269 -0.0555
2.8870 1.6874
-6.1865 0.2983
-0.5019 2.2538
0.3467 2.6566
-6.1913 3.0672
-6.0974 2.2949
2.8802 2.3383
2.1131 2.2498
2.4226 2.4270
2.9945 -0.5053
3.2236 1.5097
3.3338 3.1729
2.3146 2.1099
2.0083 2.1095
2.8791 -0.0417
-0.5499 2.4540
2.2373 -6.1944
-6.0881 2.2550
1.1324 2.5492
2.3400 2.1445
4.0003 -6.2205
-6.0903 2.4050
1.4461 -0.0833
3.5423 -6.2851
2.7263 2.8572
2.4004 0.3282
0.5690 -6.1909
-6.1775 -9.6607
-6.2523 2.7312
3.4168 2.5309
2.2971 2.4728
3.1651 2.2591
-6.1858 -6.1633
-6.2719 -0.0484
2.9506 -6.1776
-1.0251 -12.7023
2.7567 2.4113
2.9706 3.3298
2.7392 2.7344
2.8376 2.6248
2.6029 -6.0629
2.1254 1.6506
3.2237 2.1051
2.8071 -0.3019
0.4311 -6.2588
2.2929 2.7948
2.6806 1.3048
1.8584 3.1150
1.2241 -2.1205
2.7517 3.0807
2.6112 3.1641
3.0056 2.3058
2.3847 -9.1299
-0.7430 3.0244
2.5601 2.3341
-1.0615 0.9594
2.0685 2.4014
-2.7527 1.1559
2.2091 2.5710
-6.1605 2.3588
3.2827 2.5540
3.0356 -1.9938
2.7212 -0.6184
-0.9483 2.6346
3.3090 2.0844
2.4892 0.1110
2.3224 2.9494
3.0719 2.3209
-0.4541 -10.6221
2.7684 -6.2070
0.3317 1.4723
-0.7031 2.3934
2.3182 1.9850
2.6913 -6.1440
-0.9292 1.5422
0.0411 0.2046
-2.8519 2.8523
-6.2491 2.9200
2.7255 2.8864
2.5310 -0.0908
1.6291 2.7848
2.1195 1.4696
-6.1213 0.1964
2.3473 0.2644
-0.1268 -6.3401
2.7575 3.0306
2.5860 1.1059
-1.4259 1.7951
2.6120 2.4848
2.3188 -1.0894
2.9741 0.4075
2.9407 2.9331
2.3730 0.0944
-2.0979 -6.1703
1.1592 2.2925
-6.1381 2.5190
-1.0372 2.7485
0.8450 -6.2843
2.1411 -0.5088
-0.6356 1.9892
0.8788 2.1501
2.5009 2.3410
0.0285 -0.0718
0.5240 2.1724
0.6516 -0.9110
3.3578 2.6007
-6.1473 -0.4411
2.2062 2.5744
-6.1051 -0.9551
-7.0142 3.3580
-6.0947 0.9893
2.7263 -6.1614
-6.1235 2.6432
0.8762 0.9561
-6.1244 3.6110
1.3661 -6.3245
2.6247 2.5418
2.1803 -6.2145
-2.0548 2.3666
2.4365 0.6555
2.6965 2.7933
2.2961 -0.1997
2.8834 2.7261
-1.4907 2.4140
3.3478 -6.2730
-6.2288 0.6185
3.0624 2.3464
-0.2995 1.0458
-6.1726 2.4040
2.5710 2.5966
2.2115 -9.3660
2.3909 -2.4532
-6.1585 2.4955
1.3488 2.5649
-12.8236 -9.0707
2.9653 -1.3666
2.6590 1.3197
-1.8378 -1.8732
3.0011 0.4987
2.8560 3.6958
-6.0595 -0.9827
1.2005 2.1877
-6.2686 -1.7934
-8.1913 -11.8035
-6.2229 2.1623
0.3780 -6.1619
-7.4632 2.8717
2.6993 2.9357
-6.3148 1.0452
-0.5023 2.8277
2.2405 2.7211
0.3143 1.9328
2.7761 2.6798
2.5871 -1.0574
2.2507 2.0867
-6.0543 -0.5444
2.5652 2.2025
-6.1977 2.7217
2.1811 2.8053
2.0885 -1.3043
0.5939 -10.4568
-8.2218 3.0798
0.9207 -1.2552
1.0439 3.1097
-10.7985 -1.5243
-2.2164 2.4082
-0.1691 -9.3445
1.5217 2.0969
0.4800 -1.5952
-12.5688 2.4295
2.4851 3.0234
-0.7465 3.5220
-9.7046 2.3208
2.4803 0.3384
0.0746 2.0338
-0.8962 3.2807
1.8662 2.0165
1.8085 2.4794
2.8361 3.0622
1.9314 0.7734
0.3606 2.4841
-0.7615 -0.1436
2.1801 1.1612
-0.1482 -0.8787
-1.5633 -6.0683
3.2803 3.2032
2.6847 1.9605
2.5654 -6.0124
-0.1221 1.8423
-1.1650 2.6605
-0.0875 2.4372
-0.5797 2.5733
1.9363 3.3959
-9.5867 2.7012
-6.2510 -6.1227
2.7001 2.4243
2.2549 2.2168
0.3606 2.3812
3.4980 2.2195
2.4499 2.0648
2.9011 -12.0532
-0.1229 2.0872
2.5334 1.3841
2.2084 2.0493
2.2853 3.0456
2.8394 -6.1415
1.9258 3.2549
2.3615 -9.5300
-2.0062 -6.1415
-6.1332 0.8575
-6.0717 1.4627
-1.7675 3.3608
2.6426 2.9370
2.2172 0.1927
2.2002 2.4896
-6.1556 0.4951
2.4954 2.1733
-6.0851 3.6537
-2.3515 0.2950
2.5483 3.1955
1.4664 2.9137
0.7090 2.0625
-0.1182 2.4234
2.8196 -6.1212
2.8971 -6.2059
1.4627 1.3140
1.5337 2.7993
1.1801 2.3100
2.8505 -6.1659
2.8818 -6.2088
-6.1428 1.2959
2.1033 0.5119
0.3337 0.7581
2.2625 2.4219
-1.0849 1.9429
-6.2017 2.5630
2.3433 1.4837
0.0341 -0.1197
2.6119 2.6505
3.2353 2.9333
1.0392 2.6860
1.8841 2.6203
2.1693 2.5854
2.9934 0.8972
2.2695 -6.0849
-0.8765 1.2003
1.9263 -6.1470
-10.1296 2.4684
-6.1654 2.3633
2.9305 2.4482
0.6779 0.0618
-0.4694 2.1400
-6.2333 2.4256
0.6781 2.9298
0.5935 2.4902
0.4699 2.9733
0.4887 2.9706
2.0274 -6.1944
0.9177 -0.3073
-6.1550 2.1462
2.8058 2.6011
2.8512 1.2627
2.6448 2.3886
-1.8299 0.7055
2.5083 3.3502
0.4906 2.3957
-6.2633 -6.1805
3.0931 2.8384
1.2622 -6.1373
-1.1391 2.2125
-6.1866 -6.1047
2.7823 2.0642
2.5303 2.9357
1.0016 -0.3440
-1.0773 2.7964
3.8229 2.6588
-6.1675 0.9475
2.5175 2.1077
2.5193 -6.0710
2.7337 -6.1912
3.5236 2.5924
1.9042 2.7198
3.5155 2.0417
-1.0023 2.0364
2.1190 2.8599
-0.1921 -0.6771
3.0411 2.7601
-0.8949 -6.1985
2.8687 2.7084
2.3898 2.0751
2.9084 -6.1103
2.6012 2.2366
2.6800 2.9828
2.7822 -0.8771
0.9905 2.7966
-1.3237 2.6206
2.9369 2.8459
3.2102 -1.8723
2.2679 -8.3560
2.6965 3.2880
-6.0823 -6.1441
3.1939 1.8830
2.4910 2.6949
2.7569 -2.5577
2.6270 2.6623
2.2222 2.8596
2.3248 -10.7341
2.7435 0.5308
-6.0931 2.5325
2.5498 2.4809
-6.0938 2.5788
2.3884 -0.0672
0.4375 2.9938
-6.1198 3.1028
-6.1261 2.6779
2.5809 2.9843
3.6194 3.3352
0.3796 -6.2823
2.6115 2.4752
-0.1145 2.2418
-0.3295 1.3064
-0.6335 1.3463
2.0909 0.9134
-6.1915 -6.0743
0.9067 2.9401
-6.1382 -6.2303
-6.1644 3.2506
2.8408 2.2225
2.4955 3.0749
2.1611 2.9857
2.3824 2.9377
0.9247 -0.7152
2.3635 -0.4624
2.6557 2.7730
2.2865 2.8999
2.1607 1.6153
2.5849 -0.4693
2.4112 0.0228
1.8198 2.9499
1.1875 2.5778
1.4327 2.8890
2.4926 -6.1755
2.9354 2.7577
-6.2475 -1.0000
2.7662 2.8498
2.8584 0.0305
1.7773 1.1393
-6.1549 2.4337
3.0212 -0.0635
2.3608 3.1681
2.1675 2.5070
2.3385 2.2919
-6.1945 2.0359
1.0010 -6.2421
-0.1573 1.1686
-6.0813 3.0329
-0.5729 -1.1424
2.8360 2.5275
2.5781 2.2001
2.8621 3.3133
-6.0916 -6.1735
2.8829 2.5310
3.2247 2.3741
-1.0920 -1.2845
2.1475 2.6191
3.3798 -6.1673
1.9217 2.3662
2.4469 -6.0746
2.5305 2.3458
2.5246 1.6848
-11.0925 -6.1316
0.6421 2.8560
-6.1713 2.6630
3.0327 -1.7646
-0.7903 -6.2066
2.8312 0.2720
3.1575 0.5109
-0.3778 2.5393
-0.8172 -6.2129
-6.1657 -0.2529
1.1373 1.7562
3.2290 2.9423
0.6797 2.9825
1.8404 2.9765
2.2577 3.1337
3.1233 -0.4574
-0.3340 0.8620
-6.2137 -6.3452
2.7155 2.8409
2.4700 2.1973
2.9787 -6.2262
-9.1913 -6.1993
1.4497 0.8867
0.8855 -6.1943
1.4808 0.3315
2.0567 -6.1877
2.4075 2.7793
-6.1622 -0.4442
2.7468 2.7939
2.8548 2.1253
2.4714 2.4800
2.1314 -0.9034
2.7855 2.3497
2.1759 0.3742
-6.0999 0.6907
0.1565 3.3204
2.8388 -0.7825
2.2555 2.9789
3.0562 1.7209
2.3425 2.5988
2.7234 2.8367
-0.7034 2.7049
2.5388 0.8259
-6.0846 -6.1331
2.3002 0.6978
2.4723 -6.0917
2.7006 2.4212
-6.1461 1.1486
3.0494 3.5467
1.3598 1.7946
0.5299 -6.2262
1.8060 2.4573
1.8972 -6.1819
1.7624 2.3063
2.1037 0.9813
2.2263 2.3516
2.6567 2.9927
2.7279 3.0046
-6.1382 0.6027
-6.2068 2.9843
0.6320 0.1878
3.1154 2.8905
2.9911 2.8181
2.1820 2.9973
2.4444 -6.2737
3.3163 2.6110
2.6653 2.7163
2.7697 -6.1533
3.2404 2.3920
2.4554 -0.1792
2.8042 1.8964
2.6678 3.1253
-0.0965 -9.2850
-6.1824 -6.1607
3.0790 -6.1538
2.7931 -1.3030
-0.7874 0.1282
2.1473 -6.1717
-1.9345 3.8413
2.7388 3.1170
-6.3150 2.4665
-1.0026 3.0354
2.2050 -6.1052
0.7751 -6.2284
2.4252 -6.0916
-0.0424 2.1103
2.7318 0.2755
1.0581 2.9977
-6.1563 -0.7073
2.3396 -0.2672
1.9960 0.7302
-1.6904 -0.0913
-1.5917 2.5567
2.9877 2.1018
3.5083 2.8443
-6.1762 2.4282
0.8381 0.6705
2.3477 2.8792
-0.5549 -6.3272
-0.1699 2.9964
2.5655 3.4186
3.2500 2.6416
2.3716 -0.5363
-6.1805 -1.2150
3.6148 -6.0880
2.1296 -1.3514
-0.5556 2.6441
-1.0005 2.9975
2.5750 2.7789
2.7473 2.2258
0.1105 1.8605
-6.2145 2.7387
-0.8994 -6.1967
2.2477 3.1197
2.1371 2.2615
2.6553 1.8940
2.2932 -8.9282
2.8757 1.9427
3.1578 0.1590
-6.1323 2.4014
3.1400 3.2293
-8.9375 1.7576
-6.2080 -6.2337
1.2633 0.1820
2.7302 2.8386
2.7908 2.5290
2.1700 2.4658
3.3719 -0.1929
1.7044 -6.1863
3.2667 2.0333
2.4730 2.6245
2.0776 -0.5205
-6.1238 2.2675
2.2406 2.9924
-6.1933 -6.0025
2.7751 0.9996
2.5987 2.8306
-0.1119 2.4471
2.4445 -1.4829
-1.3185 -2.8992
2.9160 1.9750
0.6764 2.3576
3.1777 2.9551
2.3584 -6.1321
2.3105 -6.2647
-6.2020 -10.8874
1.8889 -6.1710
2.7396 3.0877
2.5316 2.3821
2.3903 2.8590
2.7986 1.5032
-0.4752 2.6834
-1.4303 -0.0623
2.8214 -1.7307
2.8074 -10.7826
2.0319 -0.4920
1.9062 2.6673
3.0986 -7.6534
2.5259 0.5262
-6.1628 2.1129
2.7109 1.7514
0.2214 1.5746
-6.1216 2.0911
3.3384 2.1548
1.0613 2.6568
2.6955 2.8944
-0.0820 2.6989
1.9115 1.9608
2.1294 2.4107
-0.8317 -6.1103
2.3826 1.7990
2.3653 1.0163
2.9582 2.6422
-1.2218 1.7748
2.3096 -0.4242
-0.5460 2.2827
2.1143 2.2288
-1.1913 2.3361
2.3243 2.7804
2.3175 2.7315
-6.1878 -9.0548
-6.1162 -6.1309
-6.1229 -1.2433
2.7536 -6.3013
-0.5776 2.6273
-2.0904 -0.6084
1.9034 3.1644
-6.0831 0.1625
2.0010 -0.3162
-6.0554 2.5368
1.8717 2.9246
-0.7567 -0.1680
2.8218 2.0665
3.1163 -6.2069
2.3710 2.8252
0.7897 3.0002
-6.1206 -6.1273
2.4917 2.3024
2.1766 -6.1994
3.4026 -6.1479
3.0269 2.2079
-1.6663 -8.6423
-6.0873 1.8163
3.4171 3.1875
-6.7940 -6.2347
3.5825 3.5008
2.4805 2.3153
0.1464 -1.3433
1.0763 -6.1725
2.6734 -0.9089
2.8331 0.0314
2.6644 3.0370
-7.6987 1.3492
-6.1001 0.2959
2.2691 -6.1726
2.0534 2.7126
2.8347 -6.1630
1.4896 2.5308
-6.0645 -6.0679
0.9871 2.8399
3.1366 2.6727
2.8133 2.4798
-6.0597 -6.2045
-6.1907 -6.2585
1.9322 2.4421
2.4797 -2.6798
-6.0528 2.2745
-1.4542 3.0475
3.1388 3.1427
2.1720 2.0642
3.0359 2.7728
2.6936 2.5512
2.9639 -12.4699
0.1162 0.0738
2.9147 2.8562
3.4032 -6.0621
2.5161 2.5981
0.2514 -6.1960
-6.0981 2.8213
2.7526 -6.1567
2.4208 2.9006
3.2979 2.7817
0.3737 3.0184
-6.1825 2.4844
-6.1504 2.8378
3.2422 2.7855
2.5176 -6.2875
-0.1144 -0.5499
-1.4707 2.0270
2.8544 2.9464
0.2565 2.9597
-6.1103 0.9185
-6.2060 2.4630
2.3923 2.1796
2.8883 -6.2192
2.9361 2.1577
2.2762 -6.1275
-11.3632 -6.1826
1.4686 1.6583
2.4609 2.8802
3.2364 2.0971
2.4541 -6.1302
-6.0691 2.8385
2.9051 -0.0437
-0.4997 -9.0361
-0.5966 2.6053
2.5665 1.8202
1.9003 2.7822
-0.1401 2.8511
-6.2362 2.4405
2.9164 0.7515
-0.5938 -1.2859
2.3177 -6.2393
3.1728 -6.0801
3.2279 -6.1249
2.8105 -6.1134
2.1301 2.4535
2.1840 -6.1604
0.0928 0.7193
3.1557 1.1690
2.4296 0.5088
1.3641 2.4672
1.7338 -6.1158
2.6140 3.0300
-8.8158 2.4117
-6.1377 -1.1891
3.0083 -6.0928
2.7917 2.9346
-6.0952 -1.4525
1.6937 0.2608
-0.5662 2.3099
-0.0411 2.2063
-0.4276 2.5413
2.1525 1.0101
2.0372 2.6145
-6.2306 2.9040
2.7269 2.2460
1.5913 2.1113
3.1744 1.9757
2.5137 2.4025
2.8690 -6.2072
-6.0710 3.4728
2.5385 3.1105
-8.9128 2.4498
-0.9994 2.4767
2.5236 -6.1011
-1.1254 -6.3410
1.8660 2.1255
-10.8648 3.2720
2.3613 3.0266
-6.1893 -0.0244
2.3484 2.2428
2.5333 2.2380
3.2967 -0.5240
2.9112 -2.0442
3.7978 1.9780
2.2947 -2.9603
2.8415 2.5191
-1.5714 2.8159
2.7534 3.4750
-2.5664 1.3543
2.4398 2.8493
2.8939 -1.2655
2.5825 -1.0945
2.2280 0.7794
2.5360 2.7977
1.8498 2.7015
2.5065 -6.2847
-6.1635 -1.3719
1.9304 1.2898
2.4691 1.8724
-6.0612 2.6106
2.5331 -0.8910
-6.3697 2.2178
2.3268 -7.7882
2.4091 -1.9451
3.0108 2.7741
-6.0497 3.2161
-0.8225 -1.0355
2.8121 2.0257
2.3417 0.9098
2.8033 1.0188
2.4764 -2.4628
-6.2077 2.8526
2.7037 -6.1371
1.9686 1.3142
3.0800 2.9308
-6.1746 3.0925
-3.5062 -7.7299
2.6613 1.4028
0.0907 1.7455
-6.2280 2.2652
-6.1312 3.0131
1.2487 2.7204
2.9599 2.1449
3.0751 -0.1232
-6.2378 1.2156
-6.3621 -6.0659
-0.9992 2.5474
-10.6528 -10.0353
-0.0853 2.6209
-0.2747 3.0528
2.9666 2.9711
3.2080 1.9264
2.6795 -0.4865
2.5902 -6.1496
3.0530 2.5286
0.0156 2.4593
2.5010 -1.2545
2.4293 2.1581
0.3743 3.0252
1.1170 2.2641
0.5571 -6.1415
2.3182 -0.6938
-11.8374 1.8164
1.9005 2.6405
2.6560 0.7374
3.0932 -1.5376
2.9405 -6.2564
3.2021 3.1803
2.5119 2.6636
-0.6095 -6.1085
-0.1537 -6.1750
2.0880 -0.0715
-10.2178 2.6377
2.2568 1.7016
3.8429 -6.2162
2.3663 2.4618
3.4606 1.9586
2.1315 2.7945
-10.9722 2.3106
1.6291 -6.1814
2.4527 -6.0987
-6.1388 -1.8552
2.6081 -6.2371
-10.3234 -6.1293
2.7335 -1.2773
2.5887 -6.0960
-6.1911 2.8875
2.6110 2.2975
-0.3954 -0.7070
3.2522 3.2668
0.4835 1.7001
2.3701 2.6007
1.2256 3.3236
2.5496 -6.2322
2.0427 2.2063
2.9837 2.9597
3.2156 -8.2479
-6.1850 1.6223
2.9525 2.3272
2.8853 -6.1468
2.5389 -2.7511
3.1170 3.0405
2.0328 2.7967
1.1325 0.0429
1.7548 2.5054
3.2847 -1.2788
-2.7870 -6.0386
0.7607 2.7385
3.0861 0.3868
2.3532 2.4543
-6.2840 2.2225
0.4677 -0.4415
-6.0254 2.4033
2.4746 -6.2018
-11.4524 1.9985
-0.9480 3.0318
-6.1479 0.4422
-1.9150 0.8004
2.4106 2.9241
-6.1690 0.6922
-0.3864 2.8846
-6.2170 2.5872
-1.8553 0.2475
0.8931 -6.1054
-2.4484 2.8136
-6.1274 0.0610
2.6246 0.8549
2.7349 3.3941
-6.1257 0.8508
-6.2015 -2.0118
2.6274 -1.2047
-0.1942 2.4171
2.5001 1.8746
-0.6977 2.3655
2.8162 2.2518
-1.0953 3.0199
1.9738 3.4123
-6.1531 2.4652
0.0280 -1.9751
0.1770 2.5895
-6.2491 3.0030
2.8013 -6.0859
-6.2375 2.9999
3.0843 -0.9087
0.1125 -7.6639
2.1872 -6.2151
2.7231 0.0095
2.2274 2.2533
2.9259 -1.1346
0.7529 2.6259
2.2872 -0.6152
-6.2474 -6.2592
1.6669 -6.1791
1.5499 3.3176
3.1647 3.0615
2.8830 3.4411
-6.1820 2.5283
1.9298 -6.1048
2.6930 2.0634
3.0384 -6.1775
1.7480 -1.3778
-6.1510 2.0209
2.1531 2.8113
2.6902 0.6230
2.2024 -6.1173
2.7795 0.1202
0.2867 2.6860
-1.9605 3.0182
-6.1630 0.9628
1.1054 2.2817
2.5123 -0.8455
2.4765 2.5263
2.5749 0.2441
2.9424 -0.9206
-6.2142 2.8852
-6.2471 -9.4204
2.5202 2.9724
1.5760 2.6501
-6.2282 2.2035
2.6010 2.9176
2.7833 0.0597
2.1353 -6.2244
-6.1184 -0.0256
2.6703 3.5932
2.4384 -6.0506
3.0618 2.2909
-6.1885 0.7671
0.2372 0.9774
2.3718 -11.1618
-1.7371 -6.1050
-1.2284 -0.8265
3.0901 1.1047
-6.2220 -0.2862
0.5256 2.3870
2.4285 2.5973
-6.1633 2.7636
0.5360 2.5443
2.5064 3.0188
2.5087 1.0322
-0.7475 -6.0208
3.1609 -0.8113
-6.2473 -1.2920
1.3421 -0.2137
2.3103 -0.0091
-0.0578 2.0413
