5
6.2620 8.1455
-6.6024 -6.6042
4.7498 7.6214
-9.2384 -9.4578
4.7206 -6.6020
-6.6004 4.9037
-6.6081 -6.5989
-6.6011 -6.6115
-6.6110 -6.6033
-6.6037 -6.6101
-6.5975 8.5059
3.8651 -6.6077
5.3178 6.2153
4.9242 8.6635
5.9061 4.6961
-6.6058 4.3835
-6.6096 -6.6104
-6.6051 5.2767
8.1012 -6.6003
-6.5949 -6.5980
-6.6017 -6.5982
4.6919 -6.6004
3.5436 4.6772
-9.7911 -6.6034
-6.6003 3.5256
4.3356 -6.6026
-6.6017 -6.6032
8.3234 5.0865
4.2290 8.4186
-9.4865 -6.6084
-6.6038 -6.6043
-6.6003 5.3344
-9.7998 -9.8637
3.2297 -6.6054
-6.6016 8.2464
-6.6043 5.2306
-6.6001 4.2492
5.8657 -6.5977
-6.6058 -6.6039
-6.5977 -6.5950
8.4348 -6.6076
7.9311 8.0727
8.2051 -6.6104
8.3042 5.0687
3.9816 4.2555
-6.6045 -9.8767
-6.6088 8.2036
-9.5104 5.8582
4.9022 4.5307
-6.6087 -6.6030
-6.5952 4.3373
-6.6051 -6.5996
7.9594 -6.6018
-6.6009 -6.6054
-6.6076 -6.6041
-6.6026 -6.6038
-9.7058 -6.6139
-9.6001 8.0791
4.6564 -9.6955
-6.6072 -6.6047
3.3810 3.3371
-6.6108 -6.6028
8.1593 5.2406
-6.5989 -6.6047
-9.6745 -6.6085
3.8583 4.3445
-6.6017 5.4047
8.4380 4.7100
-6.6017 -6.6025
5.8957 -6.6071
-6.6123 -6.5992
5.5801 7.7960
-6.6002 4.8213
-6.6107 4.9932
-6.6117 -6.6111
-6.6039 -6.6134
-6.6019 -6.6088
5.6847 3.1888
-6.6028 -6.6035
-6.6010 -6.6106
-6.6067 -6.6090
7.7109 -6.6123
-6.5996 3.5165
-6.6120 8.1751
5.4078 -6.6081
4.6396 -6.5965
-6.5966 -6.6047
5.3679 -6.6035
-6.6026 -6.6057
-6.5943 3.2821
4.7447 -9.6932
-6.6079 -6.6056
-6.5955 4.9323
-6.6040 5.1212
-6.5996 -6.6070
7.5505 4.5438
4.0792 -6.6053
-6.6006 -6.6102
-6.6079 4.9604
-6.6038 6.4661
-6.6168 -6.6103
-6.6050 -6.6039
4.0633 3.5368
5.9999 -6.6129
5.3838 -6.6032
-9.9069 -6.6000
-6.6082 4.9399
-6.6017 -6.5895
-6.6053 -9.4839
4.1383 4.0257
-6.6023 5.6198
2.8913 5.9474
8.1008 7.9019
3.8717 -6.6052
8.2186 -6.6042
-6.6073 4.8263
2.5632 8.5094
3.3430 5.5646
8.1828 -6.6086
-9.6311 5.0911
-6.6048 -6.6020
-6.6072 -9.9665
-9.6328 -6.5981
-6.6034 -6.6117
3.9696 -6.6027
8.0906 7.9193
-6.6052 -6.6014
-6.6076 3.4835
-6.6141 -6.6097
5.5079 4.0876
3.9483 -6.6063
-6.6028 -9.3147
-6.6059 -6.6096
-6.5982 4.8212
-6.6016 -9.7426
-6.6035 -6.5988
7.8095 3.3919
8.1043 7.6482
-9.7170 -6.6098
-6.6069 4.0042
-6.6050 8.0795
4.9176 -6.6038
-9.1398 4.6120
-6.5958 -6.6063
4.5021 5.1095
-6.6077 -9.6909
-6.5984 -6.6048
-9.7107 7.8255
-9.5765 3.5589
-6.6072 4.7111
-9.3474 -6.6096
-6.6004 -6.6074
-6.5962 5.9100
5.0100 4.2655
2.8585 -9.7098
4.4248 5.7246
8.1538 5.0621
8.6051 -6.6146
7.6245 -6.5987
7.6952 -6.6065
-6.6007 -6.6025
4.5150 -6.6071
-9.7735 -9.5566
2.8088 -6.6026
-6.6087 4.2797
-6.6039 -6.5968
-6.6052 -6.5968
-6.6005 -6.5986
5.2738 -6.6103
2.8579 6.2297
-6.6048 4.8024
7.3848 -6.5959
8.0377 5.4321
-6.6046 -6.6025
-6.6027 4.6641
7.9460 -6.6038
7.9141 -6.6035
5.5972 4.4972
-6.6018 -6.6023
4.6479 8.0883
-6.5978 -6.6081
-6.6040 -6.6014
-6.6015 -6.6046
5.3265 -6.5996
3.0616 4.7326
-6.5970 -6.5974
7.9244 -6.6049
8.5865 8.4491
-6.5944 -6.6031
4.7168 4.2055
4.4406 8.1835
-6.6013 -6.6117
8.2997 4.3658
-9.7292 -6.6111
-9.6422 -6.6089
-9.5047 7.8125
3.2552 5.5500
8.3050 -6.5970
-6.6155 5.9977
3.3005 -6.6041
3.1479 -6.6016
-6.6080 -6.6045
-6.6053 -6.6051
-6.6033 4.9728
7.9579 -6.5988
3.9514 7.7905
-6.6044 4.9793
3.5443 7.4852
-6.6035 7.7585
-6.5988 -6.6033
-6.6120 -6.6074
4.6731 -6.6040
6.0383 -9.8229
4.6491 -6.6082
-6.6090 -6.6043
8.2876 8.3133
-6.6073 5.5346
7.5414 -6.6059
5.7606 -6.6025
-9.8632 -6.6142
-9.5175 -6.6081
-6.6072 2.0142
-6.6026 3.6380
5.2120 -6.6004
-6.6044 -6.6078
4.6627 5.8110
-6.6076 5.9740
-6.5983 -9.5149
-6.6029 8.1188
-6.6122 -6.5902
-6.6066 -6.5976
-6.6080 -6.5999
2.9123 -6.6075
-6.6129 -6.6080
6.8516 -6.6146
5.4504 4.6016
4.5664 4.1556
-6.6063 5.7005
6.2003 3.4454
-6.6048 3.9707
-6.6025 -6.6109
6.1241 7.9803
-6.5996 -6.6036
6.4307 -6.6044
7.7145 4.3227
-6.5946 6.5077
-6.6089 -6.6063
-6.6033 -6.6036
7.8855 -6.6011
8.0941 4.9641
-6.6079 -6.6115
-6.6126 8.3086
-6.5979 -6.6012
4.0127 3.8578
-6.6061 4.1844
-6.6051 -6.6049
8.4223 3.7082
3.3344 7.7193
-6.6042 -6.6105
4.9089 7.3042
-9.8404 -6.6068
-9.9113 -6.5953
3.9909 -6.6034
-6.5996 4.9135
-6.5984 -6.5976
-6.6061 -6.6009
-9.3905 -6.6045
-6.6014 -6.6078
3.5027 -6.6103
-6.6055 -6.5915
4.9513 3.7785
5.6266 8.2586
-6.6030 -6.5941
-6.5986 7.8786
4.4311 -6.5997
8.3245 -6.5984
-6.6114 -6.6025
-6.6044 -6.6040
-9.6345 -6.6087
-6.6009 -6.6008
-6.6080 -6.6083
-6.6067 5.0986
-6.6035 5.1762
-9.5295 -6.6062
5.5380 -6.6177
-6.5984 -6.6028
-6.6117 3.0092
-6.5946 -6.6013
-6.6067 -6.6075
6.5876 -6.6130
-6.6031 -6.6069
-6.6092 8.0641
-6.6062 -6.6020
-9.5301 -6.5960
-6.6038 -6.6056
-6.6031 -9.7297
-6.5989 -6.5979
-6.6004 -6.5998
4.9158 7.7186
-6.6037 -6.6105
-6.6057 -6.5998
-6.6045 8.1216
-6.6050 4.6040
-6.6051 -6.6042
7.5207 -6.6042
4.0671 4.2373
-6.6001 -6.5974
-6.5938 3.5003
5.0970 -6.5987
5.7086 -6.6121
-6.6015 4.8701
-6.5999 -6.6033
-6.6061 8.1847
-6.6009 3.2242
-6.6045 5.1147
-6.6091 -6.5978
-6.6032 -6.6032
-9.5280 -6.6147
-6.6047 -6.6058
-9.6361 3.1453
-6.6072 5.9969
6.1049 -6.6060
-9.8036 4.8059
-6.5966 -6.6035
8.1069 5.2504
5.1436 -6.5991
7.8076 -6.6110
-6.6057 -6.5930
4.0068 3.8171
-6.5909 5.1549
-6.6056 -6.6033
-6.6063 -9.6148
3.4272 -6.6062
-6.6000 -6.6038
3.7973 5.0867
-6.6092 -9.3740
5.9555 3.4569
7.9251 -9.6518
-6.6081 -6.6114
5.1477 -9.8949
-6.5988 4.9233
-6.6035 -6.6008
3.5964 -6.6058
-6.6068 -6.6056
-6.5994 -6.6072
-6.5958 8.3774
-6.5974 -6.5936
4.2091 4.8000
-6.6042 -9.5433
-6.6016 -6.5974
-6.5993 -6.6060
3.9530 7.8161
5.0825 4.6523
-6.6040 -6.6135
3.3297 4.3151
-6.6107 5.2882
5.1650 4.7208
4.6742 -9.7450
4.1187 -6.6062
-6.6029 3.5565
-6.6067 5.3830
-9.8422 6.2530
7.9621 -6.6058
8.3359 4.3430
-6.6010 -6.6028
-6.6036 -6.6087
4.0100 -6.6062
4.4537 -9.7058
-6.6031 4.0722
2.9426 4.4389
-6.6094 -9.6469
5.2018 4.3718
5.2569 -6.6110
4.7100 -6.6064
-6.6092 5.4179
8.0418 7.0507
-6.6047 -6.5998
-6.6075 -6.6113
-6.6026 -6.6050
-6.6063 -6.6016
-6.5984 3.1692
-6.6013 3.1459
3.8217 -6.6067
2.6149 -6.6111
4.0856 -6.5984
5.1029 8.3561
-6.6108 -9.8063
-6.6118 7.7352
-6.6033 -6.6005
-9.7560 4.8477
-6.6050 -6.5992
-9.4637 -6.6041
-6.6077 -6.6073
-6.6047 -6.6081
-6.6037 -6.6039
3.7006 -6.6030
-6.5984 4.7550
-6.6036 -6.5972
-6.6023 4.8032
-6.5955 -6.5997
-6.6072 -9.4138
4.4925 -6.6076
5.6318 3.7411
-6.6071 -6.5991
5.1577 7.9898
2.5446 3.9642
-6.6046 7.7869
3.0235 3.9983
-6.6021 -6.6020
-6.5994 8.6855
3.3970 3.8530
5.6478 -6.5949
-6.6056 7.6805
-9.5818 5.1585
7.5920 -6.6047
-6.6048 5.5442
-9.5326 -6.6035
8.3114 6.3257
-6.5993 4.9076
-6.5939 8.3404
-9.6411 -9.7323
4.6699 -6.6023
-9.5776 -6.5998
4.0577 -6.6040
4.1540 8.6861
3.7558 5.0187
3.5719 -6.6005
-6.6088 -6.6010
-6.6086 -6.5978
-9.5576 -9.3078
-6.5999 -6.6004
7.8478 -6.6115
-9.6335 -6.6046
-6.5955 7.8677
-6.6008 -6.6101
-9.7075 -6.6020
5.3661 -6.6091
-6.6112 -6.5961
7.9686 7.6998
6.0890 -6.6052
-6.5979 8.4902
-9.7490 5.0844
-6.5936 -6.6054
3.9635 -6.6066
7.7923 -6.6043
-6.6093 -6.6022
8.0437 -9.6429
-6.5976 4.5851
6.1412 8.9289
-6.6053 4.0120
4.8858 2.6318
4.5149 -6.5947
5.8477 3.3601
-6.5997 7.8893
-6.6041 -9.7566
7.8206 -6.6050
-6.6020 -9.7005
-6.6003 4.4921
-9.5925 -6.5982
-6.6086 -9.7196
5.0946 -6.6088
-6.5981 -6.6036
7.4837 -6.6056
-6.6145 3.0113
-6.5969 4.9557
3.6333 -6.6036
-6.6004 4.4720
-6.5967 -6.6150
-6.6099 -6.6017
-9.4593 4.3930
-6.6079 -6.6091
-9.7003 -6.6140
3.9900 3.0020
-6.6020 8.2409
-6.6021 -6.5994
-6.6051 -6.6058
-6.6014 -9.6990
7.9922 6.6544
-6.6001 -9.5913
4.8563 -6.5998
-6.6034 4.7942
-9.8032 -6.6045
-6.6033 -9.4914
3.6694 -6.5926
-6.6056 5.3858
-6.5977 -6.5971
-6.5994 -6.5947
-6.6076 7.6766
6.2651 8.1395
7.9631 -6.5969
-6.6009 -6.6102
-6.6045 -6.5985
-6.6062 -6.5983
-9.7619 -6.5962
-6.6057 7.8538
-6.6074 7.8573
-6.6042 -6.6089
7.9388 2.4927
-6.5979 -6.6064
-6.6030 5.1438
8.4142 -6.6042
5.7358 -6.5975
4.8017 2.8141
-9.6948 7.7513
6.0683 -6.6071
-6.6075 2.9137
-6.6022 -6.6055
-6.6063 4.3372
5.1918 -6.6060
5.0884 -9.8359
7.9212 -6.5981
-6.6070 7.9948
3.0234 5.9070
-6.6062 5.2998
5.2366 -6.6015
-6.6044 -6.6006
3.8211 -6.6065
-6.6007 4.4851
-6.6062 6.1805
-6.6006 -9.7732
-9.7463 8.2393
8.2464 4.8282
-6.6054 -6.6041
-6.6084 -6.6010
-6.6037 -6.6157
-6.6019 4.8184
-9.6932 -6.6025
4.2507 3.5930
8.0862 -6.6003
-6.6054 -9.5783
-6.6060 8.7080
-9.8281 7.9499
4.9001 -6.6034
-6.6018 -6.6021
-6.6079 8.4994
4.5681 4.3076
-6.6012 -6.6031
-6.6011 -6.6040
7.8114 4.7972
5.0517 2.1368
-6.6058 -6.6061
-6.6070 -6.6163
-6.6078 -6.6014
-6.6080 5.8709
-6.6098 -6.6040
-6.6051 -6.5918
-6.6064 5.0993
4.6074 2.5820
-6.6077 -9.7649
-9.7091 7.4884
-6.6011 -6.6014
8.0389 5.0827
-6.6015 -6.6072
7.9462 -9.6874
4.2542 4.4482
-10.0347 4.3851
-6.6060 -6.5998
-6.6065 -6.6124
4.6049 -6.6051
-6.6012 -6.6059
5.9595 -6.6008
-6.6086 -6.5961
-6.6080 4.3193
-6.5937 -6.6027
3.2807 6.1703
-6.5993 -6.6081
7.9550 4.5730
-9.7659 8.1921
1.0595 -6.5968
3.9177 -6.5990
-6.6038 8.5294
8.3609 -6.6106
8.1121 -6.6046
-6.5990 5.4450
-6.6039 -6.6027
-6.6025 3.1117
-6.6061 -9.7901
4.5412 -9.5519
-6.6060 -6.6088
-9.9672 -6.6041
-6.6043 2.8272
3.9312 4.2299
-6.6091 -6.6017
-6.6055 4.3609
-6.6025 -6.6001
2.7647 3.9379
5.7756 4.8409
8.1901 -6.6033
4.8001 -6.6117
-9.8256 -6.6019
-6.6070 -9.3603
-6.6003 -6.6021
-6.6080 -6.6093
-6.6013 -6.6090
-9.8713 -6.6060
8.2560 -6.6093
-6.6052 -6.5952
3.5873 -9.5619
-6.6023 4.9598
-6.5975 -6.6036
-6.5996 -6.5981
4.4123 -6.6035
-6.6066 -6.6019
-9.8693 -9.7359
-6.6048 3.6875
-6.6189 7.6713
-6.6014 7.7091
4.2427 -6.6021
7.8536 -6.6074
-6.6045 2.8626
6.4297 -6.5995
-6.6028 -9.6677
-6.6054 -9.6017
-6.6031 -6.5980
-9.4641 -6.5953
4.7100 -6.6052
7.7393 -6.6027
-6.6009 -6.6064
8.2268 -9.5568
5.8579 4.1481
4.5309 4.7162
-6.6024 3.9764
-9.3899 4.9812
3.5615 -6.6004
-6.6049 5.2982
4.7619 5.1200
3.3633 4.4530
3.6724 -6.5966
5.4828 7.9013
-6.6029 4.9760
3.4056 -6.6064
8.3188 4.5878
2.2519 -6.5983
6.5009 5.1575
8.3016 5.6381
-6.5993 -6.6033
3.5302 -6.5992
-9.6273 -6.5990
4.0847 -6.6060
-6.6053 -6.6004
-9.6036 7.9749
-6.6092 4.2989
-6.6068 -6.6021
-6.5978 -6.6042
8.1218 3.8142
-6.5962 -6.6030
-6.6076 -6.6015
5.0951 -6.6050
-6.6019 3.1432
7.8011 8.4949
-6.6090 -6.6091
-6.5989 -6.6016
-6.6095 6.2342
-6.6051 -6.6048
-6.6011 -9.8001
-6.6089 5.7577
-6.6042 -6.5950
8.1764 4.3921
-6.6021 4.4194
-9.4677 -6.6049
-6.6036 -6.6025
-6.6024 -6.6070
-6.5978 -6.6092
-9.6066 -6.6042
-6.6019 4.6034
-6.6010 -6.6088
5.2878 3.4329
-6.6005 4.1547
3.8962 -6.6152
-9.6524 -6.6025
-9.6904 -6.6010
8.4547 -6.6106
6.1111 4.8168
3.9900 7.9675
5.1116 -9.6953
-6.5945 -6.6030
4.3676 3.6193
-6.5960 4.1897
5.3400 5.0163
-6.6069 8.0597
8.1762 -6.6078
-6.6022 -9.5277
-6.6132 -6.6041
4.0139 7.6337
-6.6045 4.7448
-6.6003 4.4915
-6.5996 -6.6084
-6.6019 5.0065
8.4673 7.9982
-6.6064 6.1864
-6.6087 -6.6013
-6.5983 -6.6087
4.1702 -6.6016
3.6650 -6.6021
5.7912 7.8726
-6.6010 4.6297
-6.6019 -6.6005
4.5575 3.7798
4.2439 -6.5981
-6.6042 -6.6061
-9.7924 -6.6047
5.3177 -6.6102
-6.5970 8.0483
5.5707 4.8794
-6.6044 3.9402
-6.6066 -6.6060
-6.6082 -6.6084
2.5998 -6.6029
-6.6087 8.1624
3.7531 -6.6128
-6.6021 5.5832
-6.6065 -6.6090
4.6634 7.8692
-6.5996 -6.6017
5.1039 -6.6029
-6.5993 -6.6045
8.6377 -6.6018
3.7424 -6.6040
-6.6067 -6.5992
-6.6030 7.4849
-6.6005 -6.6024
8.1446 7.9302
-6.6080 3.2616
-6.5941 3.4447
-6.6041 -9.7941
-6.5951 4.0730
4.8149 -6.6026
5.3372 -6.5970
-6.5945 3.1234
-6.6030 5.3115
8.2919 4.6158
-10.0435 -9.5041
-6.6092 -6.6050
4.4400 -6.5997
-9.3616 5.0444
-6.6059 -6.6078
-9.4960 4.7382
-6.6042 -6.6092
7.7562 7.8486
3.0871 -6.6039
4.1946 -6.6060
-6.5970 -6.5984
-6.6056 -6.6045
-6.6028 -6.5960
-6.5999 -6.5973
-6.6026 4.1499
-6.6030 -6.6119
-6.6087 4.8164
4.4297 -6.6008
4.2038 -6.6009
-6.6019 -6.6061
-6.6069 4.6715
4.9783 -6.5970
-6.6022 -6.5979
7.8402 -9.5575
-6.5979 -6.5973
3.6518 -6.6072
3.7183 -6.6076
-6.6042 -6.6002
4.8454 -6.6144
-9.5867 -6.6042
-6.6001 -6.5988
-9.6866 -9.5860
-6.5980 -9.6336
-6.6027 8.1519
-6.5986 -6.6089
8.1648 -6.5997
5.7771 -6.6039
7.8109 5.7539
-6.5995 -6.6000
8.1637 -9.5893
-6.5995 -6.6050
-6.6116 5.7877
8.2839 3.1056
-6.6161 -6.6111
-6.6120 5.2857
-6.6002 -6.6092
-6.6006 -6.6065
-6.6101 -9.4601
4.9111 -6.6041
3.4734 -6.5996
-6.6017 -6.5985
-6.6068 -6.5999
4.9583 3.3391
-9.3791 -6.6083
-6.5999 4.3013
-6.6035 -6.6079
5.4930 -6.6048
8.4503 8.1821
-6.6025 4.0520
-6.6066 -6.6034
-6.6053 -6.6042
-6.6084 -6.5951
-6.6026 2.9662
-6.6044 -9.4797
-6.6107 -6.6096
-6.6004 -6.5988
7.9784 5.5266
-6.6034 -6.5998
-6.6059 -9.6124
-6.5973 -6.6051
-6.6023 -6.6080
5.6530 -6.6032
-6.6095 -6.6018
-6.6124 -6.5975
2.9418 -6.6029
-9.8589 -6.6003
-9.6757 8.3461
-6.6074 5.0935
7.7002 -6.5997
-6.6044 4.1173
-6.5993 -9.9143
4.5143 -6.5940
4.5558 -6.6041
8.1294 5.7177
4.1687 -6.6078
-6.6072 -6.6039
-6.5967 7.6159
6.4483 8.4265
7.7671 -6.6042
-6.6062 3.8805
4.6525 8.4928
-9.7000 -6.6014
-6.6026 8.0580
-6.6055 -6.6035
4.1941 -6.6086
8.0841 -9.4868
-6.6069 -9.4417
-6.6054 -9.8946
8.1024 -6.6056
-6.6057 3.4724
3.1481 -6.6036
-9.8547 8.1716
5.0218 -6.6077
-6.6048 8.3622
-6.5996 -6.6082
4.6865 4.7888
-6.6024 -6.6046
-6.6032 7.5847
-6.6062 5.0529
4.4508 4.2524
4.1261 6.8233
-9.8302 -6.5951
-6.6067 -6.6051
4.4368 7.7730
8.3123 5.8597
3.7995 -6.6004
-6.5926 -6.6104
-6.6022 8.1104
7.9465 4.7273
3.7840 -6.6060
-6.6031 4.2349
-6.6012 -6.6079
-6.6103 5.0775
-6.6122 -6.6018
8.5133 -6.6014
3.6738 -6.6039
-6.6061 8.1411
2.4320 -6.6029
-9.5797 8.0320
-9.5467 3.3993
-6.6005 -6.6020
4.2112 -6.6054
-6.6060 5.5394
-6.6042 -6.6136
-6.6162 -6.6089
4.6883 -6.6025
-6.6044 6.5883
-6.6003 3.9865
4.7806 -9.6053
7.8778 7.6440
-6.6091 -6.5945
-6.6177 -6.6097
-9.6085 -6.6052
-6.6013 -6.6101
-6.6036 -6.6004
-6.6070 -6.6088
-6.6042 3.8602
-6.5951 -6.6027
-6.5973 4.5282
-6.6076 7.9085
3.5446 4.3118
3.6693 -6.6015
-6.6022 -6.5957
-9.9793 4.2825
5.4777 -6.5969
-6.6089 -6.5990
4.6723 -9.6592
-6.6066 -6.5969
-6.6113 6.2244
-9.5318 -6.6055
5.2117 -6.6058
-6.6015 4.7170
-6.6025 1.9585
-6.6020 -6.6051
4.9863 -6.6048
-6.6077 4.5330
5.0941 -6.6004
8.3728 3.0327
4.3346 -6.6082
-6.6086 -6.6002
-6.6128 -6.5956
3.3962 7.4814
5.1425 7.8928
4.3900 -6.6015
-6.6001 -6.6083
-6.5986 -6.6001
-6.6031 -9.6735
-9.6773 8.1351
-9.5625 3.3084
-6.6041 3.4692
4.9623 -6.6036
8.5356 -6.6029
-6.6057 4.2092
-6.6033 8.0956
4.3612 -6.6095
4.0554 -6.6019
-6.6019 -6.5961
2.8473 -6.6024
-6.6091 -9.3921
3.9299 -6.6098
-6.5986 -6.6057
-6.6003 -6.5985
-6.6029 5.4194
4.3005 -6.6026
-6.6028 -9.8334
-6.6022 -9.5113
-6.5974 8.3812
-6.6007 3.2850
8.0240 4.1420
-6.6074 3.1768
-6.6040 -6.5996
-6.6029 -6.6105
-6.6014 -9.8528
7.5635 -6.6065
-6.6017 -6.6015
-6.6107 4.9550
-6.6030 4.9649
3.8165 5.1333
-6.6000 5.1968
-6.6028 -6.5971
-9.5732 -6.6147
-6.6046 8.3088
-6.6012 -6.6020
-6.5940 -9.6133
-6.6073 4.3808
-6.6004 8.4055
3.8909 -6.6034
7.9676 -6.6012
-6.6001 -6.6000
5.5298 -6.5999
6.6791 -9.7649
-6.5992 -6.6096
4.6315 -9.5177
8.4036 5.6452
-6.6053 -6.6077
5.8269 -6.5967
5.7449 5.1786
-6.5969 -6.6054
-9.6444 2.7715
3.5144 4.4517
4.8613 -6.6010
-6.6119 -6.5984
5.7501 -6.6025
4.9913 -9.7099
4.4479 -6.6067
3.0300 -6.6106
-6.6029 -6.6019
5.3783 4.5123
7.8359 -6.6049
-6.5998 3.7380
-6.6004 -9.6526
8.3132 -6.5998
8.2866 -9.5469
-6.6008 -6.6088
8.0253 -6.6098
-6.5975 -6.6114
-6.6024 -6.6106
7.5668 -6.6051
-6.6120 -6.6079
8.1550 4.8123
-6.6028 8.1276
-6.5992 -9.7210
-6.5956 5.2615
4.2346 -9.5817
-6.5944 -6.6040
3.7737 7.6666
-6.6053 -6.6030
-6.6031 8.4013
-6.6006 -6.6000
-6.6000 -9.6157
3.4249 6.7848
4.1097 -6.5997
-6.6117 -6.5996
-6.6063 -6.6025
4.1813 -6.6028
5.7510 -6.6017
-6.6088 -6.6001
5.4889 8.0962
5.9780 -6.6056
-9.6304 -6.6058
-6.6015 -6.6035
5.2756 -6.6028
7.7959 4.7213
-6.5986 -6.5974
-6.6028 7.9765
-6.6089 8.3148
-6.6045 4.5375
4.3206 -6.5946
5.3828 -6.6114
-6.6071 -6.6011
4.3729 3.3414
3.2296 4.1275
-6.6064 5.4554
-6.6039 -6.6080
3.7235 3.9821
7.6504 -6.5998
5.2820 -6.5977
4.3808 -9.6699
-6.6105 3.6878
5.3970 3.5853
5.7199 -9.8571
-6.6056 -6.5999
-6.6102 -9.6715
-6.6048 -9.5736
-6.6078 -6.6053
4.7752 2.6662
-6.6048 3.5527
-6.6048 -9.8237
-6.5982 4.0030
-6.6101 -6.5991
-6.5966 -6.6036
-6.6055 -6.6055
-6.5972 -6.6057
8.1187 -6.6009
-6.5978 4.2316
7.8013 -6.6061
-6.6035 5.7366
-9.7890 4.1913
-6.5994 -9.8709
5.9297 -6.5986
-6.5987 -6.6041
8.2354 -6.6072
-6.6136 5.7950
4.4459 -6.6124
-6.6019 -6.6021
7.6860 -6.5966
-6.6112 -6.5979
-6.6125 -6.6059
-6.6036 -6.6030
-6.6046 -6.6011
7.8071 -6.6056
-6.6076 5.1536
-6.6032 -6.6093
-9.6193 6.2620
8.1315 3.7998
-6.5990 4.9797
-6.6029 -6.6076
4.3343 -9.3664
5.6214 7.8878
3.3041 -6.6021
4.1951 -6.6073
7.8741 -6.6101
-9.7011 -6.6024
8.2120 3.8164
-6.6008 8.3752
7.6743 4.0235
2.3138 8.0594
-9.5802 -6.5962
-6.5908 3.6534
-6.5924 -9.7153
4.7346 -9.5362
7.6638 -6.5995
-6.6065 -9.3751
3.6112 -6.6082
-6.6013 -6.5913
7.7052 -6.6059
-6.6090 -6.6048
8.4384 -6.6072
-6.6078 8.4390
-6.5987 4.3373
7.5373 4.3446
8.4161 -6.6044
5.0451 -6.6043
8.2183 -6.6107
4.2790 -6.6011
-6.6030 5.2405
4.4451 -6.6004
-6.6020 -6.6066
-6.6001 -9.5738
-6.5997 5.1425
5.1748 -6.6007
-6.6133 4.5429
-6.6148 -6.6085
5.3211 3.8553
4.4916 3.7450
6.1196 -6.5989
-9.5862 -9.7107
-6.6048 -6.6054
-6.6065 -6.6065
-6.5954 -6.5980
4.1061 8.3074
-6.6024 4.6627
3.5181 -6.5973
-6.6038 -6.6012
6.0480 -6.5933
4.2278 8.2452
-6.5979 -6.6127
-6.6085 -6.6125
8.2733 -9.7770
-6.6104 3.9331
-6.6144 3.8084
-6.6127 -6.6015
8.5470 -6.6075
-6.5976 8.3371
-6.6013 4.4644
8.3316 -6.6088
-9.7166 5.0887
4.9511 -6.6008
-6.6024 8.1321
-6.6056 -9.4679
-6.6043 -9.7802
6.3536 -6.6012
-6.6087 -6.6043
-6.6020 -6.6011
-6.5993 8.5710
4.2546 -9.7458
4.2878 -6.6080
5.3170 -9.7369
-6.6083 8.1862
-6.6075 -6.6003
6.9290 4.0522
-9.6523 -6.6049
-6.6067 -6.6049
-6.5972 -6.5995
4.4347 3.8076
-9.6508 -6.5965
-6.6084 -6.6042
-6.6042 -6.6068
-6.5989 -6.6106
7.6581 -6.6069
3.8312 2.7457
7.4210 -6.6058
8.6277 -9.6077
-6.6000 4.5420
7.6537 -6.6072
-6.6059 -9.7717
-6.5998 5.6619
4.1489 -6.6035
-6.5974 5.1922
-6.5954 6.0635
-6.6076 -6.6028
-6.6026 5.5918
5.8072 8.3151
-6.6065 5.1901
-6.6102 -6.6005
-6.5944 -6.6049
-6.6030 -6.6028
5.0223 8.0378
4.3462 5.8286
-6.6017 -10.0016
-6.6096 5.0531
7.4143 -6.6006
6.4770 -6.6036
5.3851 3.7678
3.3536 4.6552
-6.6115 5.6300
-6.6021 -6.6007
-6.6034 -6.6074
-6.5959 4.5484
2.9220 -6.6096
7.2912 3.9019
5.0353 7.7349
-6.5989 7.9781
-6.6072 -9.6975
8.5650 8.4382
8.0702 5.6801
8.4380 -6.6021
-6.6038 7.3568
5.1669 -6.5970
4.7892 -6.6064
-6.5986 -6.6017
-6.6112 -9.6568
-6.6178 -6.5999
-6.6152 -6.6085
-6.6079 -6.6119
-6.5934 4.7255
-6.6100 -6.5935
3.4913 -6.6043
-6.5989 5.2439
5.1134 -6.6043
8.8658 5.9477
-6.6036 -6.6049
-6.6012 3.8817
-9.6847 4.7117
7.8506 -6.6040
-9.6835 4.2090
-6.5970 -6.6005
-6.6040 -6.5972
3.3800 7.9614
-6.5991 -6.6046
-6.6079 8.3407
4.9607 -6.6054
-6.6112 3.8845
-6.6062 8.1590
8.3512 -6.6042
-6.6025 3.7429
-6.5979 -6.6032
-6.6023 6.6624
4.5171 7.8075
-6.5981 -6.6106
-6.6014 5.2948
7.7845 -6.6027
8.2202 3.5620
8.2956 -6.6028
8.0278 8.3040
-6.6068 -6.6019
-6.6062 -6.6035
-6.6071 -6.5981
-6.6101 7.7365
8.6380 -6.6048
-6.6090 -6.5995
-6.6025 -6.5992
-6.6061 -6.6019
-6.6053 -6.6102
-9.5643 8.6616
-6.6081 -6.6024
-6.6005 -6.5974
4.3368 -9.3912
7.6905 -6.6019
-6.6008 -9.8029
-6.6090 -6.6043
-6.6036 5.3881
-6.6022 7.7654
-9.6096 -6.6059
5.8346 -6.6086
8.0426 7.7919
-6.6009 7.5366
-6.6023 -6.6063
4.9010 -6.6056
3.9102 -6.6104
8.4036 -6.6081
-6.6052 5.6258
4.3232 -6.5999
-6.6038 4.8492
5.1587 -9.8526
-6.6013 8.2674
8.4761 -6.6027
-6.5996 8.2505
3.7149 3.8942
-6.6033 -6.6123
4.3521 -6.5975
7.9622 4.0946
5.5788 -9.6819
6.6019 -6.6014
3.1549 -6.6057
-6.6047 4.9554
-6.6060 -9.7238
-6.6042 -9.4908
5.1804 7.9328
-9.5793 -6.6075
-6.5990 -6.5980
8.1815 -6.6121
-6.6067 4.5438
-6.5961 -6.6016
7.8995 -6.5940
-6.5940 -6.6097
4.7333 -6.5929
4.9406 -6.5963
5.7939 4.1484
-6.6027 5.0239
5.8231 4.3901
-6.5997 -9.5427
-6.6023 4.8087
4.7729 -6.6042
-6.5994 5.2390
3.9250 5.4022
8.3732 -6.6001
-6.6044 -6.6072
-6.6013 -6.5903
-6.5995 -6.6079
8.2338 8.3567
-6.6074 -9.7081
3.2440 8.2089
-6.6044 4.9479
-6.6047 4.5895
-6.6068 -6.6012
-6.6101 5.6455
-6.6055 -6.6066
-6.6020 -6.6105
-6.5975 8.2732
-6.6036 -6.6048
4.3579 -6.5996
-9.7406 -6.6023
3.9812 4.6954
-6.6050 -6.6039
-6.5997 7.9484
8.3344 -6.5987
4.6733 -6.6098
-6.6013 8.4982
-6.5968 2.3308
4.4721 8.4764
3.4644 4.8267
7.9121 4.1297
-6.6078 6.0723
8.2335 -9.7548
-6.6052 -6.6112
-9.5620 4.9572
-6.5981 -6.6054
5.3286 -6.6085
8.0780 4.2446
-6.5988 -6.6070
4.8485 5.0439
3.1971 3.0691
-6.6021 -6.6074
-9.7746 4.3291
5.2208 -6.6088
-6.6048 -6.6010
-6.6051 -6.6081
7.9158 -6.6099
-6.6009 6.5103
-6.6034 -6.5992
8.1825 -6.6046
-6.6027 4.4365
3.6476 -6.6093
5.0938 -9.8713
3.5316 -6.5983
5.5414 -6.6079
-6.5954 -6.6012
5.0548 3.9596
-6.5989 4.7059
6.0330 8.3206
-6.6039 3.8146
4.1488 5.6985
-6.6080 4.1551
-6.5976 -6.6054
-6.6073 -9.6120
-6.6085 -9.5009
8.1198 -9.4770
3.3956 -6.5983
-6.5932 4.5853
3.5364 -6.6046
3.5553 -6.5959
-6.5976 -6.6067
7.4039 -6.5970
3.4555 -6.5974
-6.6025 -6.6021
5.7571 -6.6079
-6.6047 -6.6044
4.2623 -6.6064
8.0167 3.7300
8.1994 -6.6074
-6.6031 -6.6070
5.1816 6.8503
-6.6045 -6.6024
-6.6089 3.7631
4.2832 4.9951
3.4308 3.2258
8.0976 7.8230
-6.5943 -6.5987
4.1706 -6.5978
5.0123 -6.6046
-9.9272 -6.5996
-6.6035 -6.6053
-6.6004 -6.5988
3.9738 -9.5887
-6.6031 -6.6018
-6.6050 -9.5916
-6.5928 -6.6016
3.1001 -6.6131
4.9765 -9.7335
-6.6098 -6.6054
4.1213 5.7384
-6.5999 -6.6060
8.2941 -6.6113
-9.5155 5.7516
4.7820 7.3336
8.4807 3.7359
-9.8952 -6.6051
-6.6067 4.3362
4.9596 -6.6077
-9.7759 -6.6121
-6.6006 -6.5989
-6.6081 2.4918
7.5057 8.2759
-6.6121 -6.6103
-6.6118 -6.6054
-6.6074 -6.6090
8.3937 7.7632
-6.6039 -6.6011
-6.6036 -6.6005
-6.6058 -9.8704
-6.6087 -6.5980
-6.6117 8.0734
-6.5973 4.2425
-6.6103 5.0621
-6.6101 2.9818
-6.6062 -6.5961
4.8644 -6.6061
5.3587 -6.6081
3.3226 -6.6046
-9.5313 -6.5989
-6.6041 -6.5936
-6.6071 -6.6049
5.6167 -9.9033
-6.6020 -6.6001
-6.6067 8.5883
-6.5979 4.5831
7.8648 4.6789
-6.6015 -9.7139
2.7489 5.1213
1.6760 7.7807
-6.5989 3.8789
8.2768 -6.6013
-6.6066 3.8766
-6.5962 7.6473
3.0262 5.3583
-6.6032 8.2672
4.4923 -6.5988
4.9361 3.2997
-6.6016 -9.5593
4.3260 5.1445
-6.6067 -6.6027
5.5596 4.4957
3.7486 5.3316
4.1583 3.8934
-6.6003 -9.6926
3.5756 8.5149
-6.5996 -6.5999
-6.6034 -6.6130
5.9138 -6.6013
-6.6089 6.1720
-6.6046 -6.6018
-6.6073 -6.6054
-6.6074 -9.8819
-6.6036 -6.6015
-9.7846 -6.6034
7.7186 7.8626
4.6352 -9.6005
-9.7806 -6.6057
8.3169 -6.6061
-6.6049 -6.6018
-6.6052 8.0691
-6.6014 4.8940
3.0347 2.4394
-6.6081 -6.6036
-6.6053 -6.5989
-6.6094 -9.5064
3.7322 4.2792
4.4503 -6.6037
-6.6008 -6.6009
-6.6086 -6.6033
-6.6026 -6.6122
5.1159 -6.6152
4.1875 8.3128
-6.6032 3.9562
-6.6056 4.4393
4.3859 -9.8404
-6.6055 8.5068
8.2774 5.6870
5.6890 -6.6124
-6.5976 -6.6042
5.1497 -6.6041
-6.6103 3.5096
4.8503 -6.6078
5.9349 -6.6052
7.9094 -6.6028
-6.6018 -6.5979
-6.5993 5.7946
7.7186 -6.6101
-6.6029 -6.6006
-6.6015 5.4870
5.0995 -6.6034
-6.6041 4.7273
-6.6058 8.0666
-6.6042 5.3515
-6.6116 3.2585
-9.6761 -6.6020
-9.6334 4.4528
6.2932 -6.5980
-6.6106 7.7514
2.7363 -9.5911
-6.6079 7.9173
5.5098 -6.5995
-6.6043 5.1993
-6.6048 -6.6055
4.8167 -6.6054
4.8807 -6.6087
8.2783 -6.6082
8.0152 5.1706
-6.6012 -6.6036
-6.6066 -6.6067
3.7697 -6.6054
-9.8326 8.1605
8.2164 4.6081
-6.6015 3.0987
-6.6117 -6.6056
7.8211 6.7179
4.1937 -6.6055
-6.6008 -6.6079
-6.6035 -6.6015
-6.6089 5.6806
-6.6026 -6.6083
-6.6010 3.6704
-6.5994 -6.6013
6.5131 -9.7483
-6.5987 -6.5998
4.3997 -6.5966
-6.6064 -6.6071
-6.5978 5.8834
-6.6016 -6.6057
4.5474 -6.6096
8.5483 5.1492
-6.5995 -6.5975
-6.6059 4.9205
5.6096 4.4562
-6.6023 -6.6001
3.9602 -6.6079
4.1129 5.3944
-6.6036 -9.5882
-9.6728 -9.6066
-6.6046 -6.6052
-9.5116 5.6428
8.2523 -6.6022
-6.6037 -6.6003
-6.5976 4.7188
7.6058 4.9524
-6.6064 7.8650
3.9229 8.0765
-6.6078 -6.5976
-9.5884 3.2076
-6.5976 4.5020
8.4062 -6.6055
-6.6042 4.7941
-6.5978 -6.5999
3.7308 -6.6074
3.1501 4.2080
-6.6031 -6.6057
-6.6084 3.5204
-6.6056 4.9026
5.8888 -6.6087
-6.6120 -6.6027
-6.5903 -9.5534
8.2949 -6.6009
-6.5986 -9.4048
5.2706 -6.6156
-6.6018 -9.7302
-6.6106 -9.6624
-6.6018 -6.5998
-6.6073 -6.6056
7.8537 -9.7188
-6.6112 -6.6045
-6.6007 3.5784
-6.5977 -6.6156
-9.7008 3.7931
3.9461 4.3675
-6.5997 -6.6072
-6.6027 3.3894
4.0570 -6.6109
-6.6035 7.7000
3.1566 -6.5983
-6.6009 -6.6009
3.4388 5.2668
-6.6035 -6.6033
-6.6083 -9.5337
7.8958 -6.6031
-6.6043 -6.6056
-6.6112 4.9789
4.9658 -6.6031
-9.4942 -6.6101
-6.6068 8.2897
-9.5370 -6.6007
-6.5958 -6.6025
5.6158 -9.5813
-6.6102 -6.6078
7.5041 -9.7531
-6.5926 -6.5936
-6.6082 -6.6065
6.7396 -6.6057
8.5537 7.9890
4.9753 -6.5970
-6.6097 3.9999
-6.6057 1.8551
-6.6064 5.7257
3.7339 7.8690
8.3108 7.9364
5.5656 8.2103
-6.6024 7.4908
-9.4492 -6.6010
8.0349 -6.6036
3.6836 -6.6095
-6.6053 3.6667
-6.6067 8.0434
4.4628 8.0441
-9.4203 3.0910
-9.7900 -6.6021
-6.6094 -6.6136
-6.6066 -6.6053
-6.6090 -6.6077
-6.6119 -6.6111
-6.6114 -6.6013
4.7592 -9.9913
-6.6072 3.8457
-6.6022 -6.6081
-6.5996 -9.7320
8.1377 7.3978
-6.6096 -6.5975
-9.4012 -6.6004
-6.5989 -6.6058
4.0861 -6.5964
-6.6047 -6.5987
-6.5997 7.6578
-6.6069 -6.6024
6.0831 8.1687
5.8985 -6.5943
-6.6069 -9.5409
4.4371 -6.6034
5.2710 4.6760
-9.6485 -6.6033
-6.6008 -6.6009
4.3475 4.0613
3.6047 -6.6055
3.8909 -6.5994
7.9968 -6.6028
7.8264 -6.6058
-6.6071 6.5518
-9.5108 4.4743
-6.6078 -6.6065
-6.5954 -9.6985
-6.6107 4.6788
-6.5981 4.9164
2.5707 -6.6065
5.6674 -6.6002
8.0178 -6.6037
8.5870 4.1811
8.1327 3.5549
-6.6097 6.3229
-6.6131 -6.6044
-9.4188 -6.6099
-6.5964 -6.6051
-6.6022 -6.6006
-6.6026 -6.5971
-6.6041 -6.5991
-6.6092 6.3436
-6.5992 -6.6039
7.7512 -6.6050
-9.8036 -10.0696
-6.6081 -6.6094
-6.6043 -6.5951
4.9057 -6.6035
-6.5984 -6.5977
-9.6684 -6.6009
-6.6020 -6.6010
-6.6013 -9.4402
7.6273 -6.5960
8.0277 3.4194
-6.6032 6.9087
3.7828 7.9938
-6.6094 4.1029
-6.6061 4.4648
-6.5935 3.5423
4.1317 -6.5941
3.9799 -6.6059
-6.6092 -6.5994
3.2802 -6.6085
-6.6045 3.8444
7.8328 -6.6096
4.1596 -6.6099
-9.6203 -6.6014
-9.5793 -6.5988
-6.6050 5.1970
-6.5977 4.3185
-6.6015 3.8547
-6.6008 -6.6106
-6.6028 -6.5978
8.0484 5.0706
8.4604 8.3611
-6.6081 -6.5941
3.5219 8.3646
8.0289 3.3615
4.9983 3.0328
-6.6015 3.2109
4.4715 8.6404
-6.6034 -6.6009
-9.6817 3.6282
-6.6073 -6.5986
-6.6001 -6.5971
8.3700 -9.7927
-6.6200 -6.6052
6.1976 4.2413
2.2685 -6.6060
-6.6020 8.0697
8.0727 4.7909
-6.6070 -6.6014
6.5996 4.8401
-9.4445 -6.6047
6.7316 -6.5952
-6.6062 4.4409
-6.6066 -6.6101
-6.5990 -9.5136
-6.6039 -6.6050
-6.6038 -6.6031
-6.6081 7.8249
-6.6036 -6.6013
-6.6067 -9.4123
-6.6034 -6.6003
8.5197 -10.1079
-6.6047 -6.6057
-6.6035 3.4756
-9.6375 -9.3538
4.7283 -6.5985
-6.6026 -6.6086
-9.4479 -6.6080
-6.6105 -9.6760
3.7605 -6.6071
3.9870 -6.6055
-6.6023 7.9137
-6.5993 -6.6074
3.6629 5.6148
-6.6116 5.1990
8.2159 7.7631
5.4967 5.7219
4.9140 6.6023
5.2987 -9.6793
-6.5995 -6.6030
-6.6038 -6.5962
-6.6069 -6.5970
-6.6018 8.1465
-6.6082 4.9503
-9.4200 6.1321
5.3002 2.2272
5.8197 -6.6024
-6.5997 5.4484
3.4249 5.6305
-6.6139 -9.4551
-6.5987 5.3362
-6.6011 -6.6064
-6.5991 -6.6066
-9.7412 5.1191
-6.6053 -6.6048
4.0285 -9.9049
-6.6094 -6.6021
2.6528 -6.6007
-6.5962 -6.6114
5.5508 5.2872
-9.9301 -6.6079
4.3935 -6.6064
-6.5966 3.8809
-6.5944 -6.6085
-6.5995 -6.6010
-9.8152 -6.6064
-6.6003 -6.6043
5.9940 1.6425
-6.6014 -6.6009
4.7559 -6.6129
5.1452 3.6979
-6.9717 9.7763
8.2204 8.0051
-8.9015 3.9249
3.1405 1.1230
-7.8223 6.8485
0.7057 -4.1663
3.1807 7.1204
7.8253 8.9427
8.4229 2.4463
1.0069 4.2202
4.2469 7.0807
-8.4920 7.0586
-6.2139 -10.1054
-12.5784 1.5620
-10.1874 -12.1945
7.5181 -8.6473
4.2772 4.7126
6.9752 -4.1437
3.8460 8.1342
4.8310 5.9365
6.6591 6.8838
-9.4463 4.5319
-7.4766 -4.4517
4.7284 6.7340
4.1174 -6.5344
-8.3151 1.2329
0.8796 3.2900
-0.8788 -9.5338
-6.3146 11.2218
4.8915 0.5526
7.3563 3.0707
7.9078 -6.6669
3.7059 5.2611
-9.3762 7.8601
4.1312 0.4197
0.9571 -10.3342
7.3283 -7.7560
-8.6316 9.0796
1.6494 10.7894
5.6078 5.1644
4.6381 1.7675
3.0483 9.1663
7.0173 9.4641
10.5129 -9.2767
-10.3317 -8.2976
-2.9596 5.3056
3.8111 6.9448
4.3672 -9.1778
-6.7639 -7.6441
4.7772 5.7639
5.8812 -1.1569
5.2860 5.7042
4.8393 5.3814
3.9612 5.0671
6.1064 2.3506
3.8280 6.0840
4.0599 6.4306
4.6059 10.5489
-7.2125 4.9950
1.0183 3.7581
-8.0031 -17.0031
5.0971 5.9903
10.3482 -8.2723
10.1642 -0.0588
3.1672 5.1320
-3.6088 -5.7534
4.1585 2.4494
8.1095 0.3466
4.5750 7.5003
-4.7760 2.4569
5.2417 1.6668
-10.4974 4.7741
1.1293 -3.8525
3.1587 -2.2898
5.2329 6.0311
2.4589 5.1250
5.5839 5.9562
-8.4475 -7.9628
-1.2205 0.3469
6.5920 6.3325
10.5630 4.3406
5.3982 -0.7725
5.2704 -2.9252
6.0733 7.9937
2.2388 7.3426
-7.3468 4.3134
6.8619 4.4960
-10.3856 6.6648
11.8213 4.7102
7.1072 -5.3207
-8.9827 4.1840
2.0796 0.5133
4.3749 -8.5146
6.2243 -3.9748
6.1852 2.3275
-1.0738 -11.4157
-7.7717 4.9019
-0.6226 4.6537
4.6311 -6.6234
2.3698 -9.8855
5.7961 2.9917
3.5598 2.1288
-12.0982 -9.2357
-11.2365 5.3660
-12.3371 4.3706
3.7181 -0.6697
5.6907 -6.6451
0.9399 7.7572
6.6083 3.2275
-15.1988 -1.7893
0.5219 -13.0764
-5.4297 2.2235
9.2076 7.2185
-5.4950 0.8772
9.1709 0.8351
7.1520 -7.4621
-10.4144 11.7715
-11.0392 -6.7457
2.5904 1.5162
4.2435 -14.1332
7.5321 3.5312
7.8712 5.4988
4.1460 8.5654
7.6189 4.4006
-5.2171 9.1352
4.2489 6.5780
5.0206 3.2721
4.7705 -5.3991
10.4762 5.6704
-7.6911 -11.2703
-9.7539 11.1385
4.7928 3.9339
7.9405 3.5170
4.3175 -6.5029
5.8992 4.6662
9.4359 5.4162
10.3557 -11.3223
7.0226 4.5202
4.5502 -1.7845
7.8406 -4.6554
6.3409 11.8035
-6.6025 6.6604
3.9346 -4.9083
6.4837 1.5183
-4.9829 -11.3492
4.2889 5.5482
3.9925 3.1168
4.0328 8.2345
4.9656 -7.2766
8.3944 -5.6577
2.9995 8.9502
7.5369 1.9492
10.5043 -4.5674
-5.6868 -4.8564
-0.2156 5.6413
-10.9797 -11.5185
4.7614 -8.1070
2.5098 7.9039
-0.6925 5.9372
5.4156 8.2126
1.3419 6.1952
-5.2757 5.5520
3.6689 3.3355
-7.1754 4.1129
5.4446 1.1227
1.8283 4.7566
5.6206 2.3927
4.9570 2.2411
-3.7917 2.4418
-11.2006 -6.5480
-1.0152 0.4202
4.7118 6.0605
8.0865 -6.7484
5.2172 5.2317
8.5762 -0.9764
8.0747 3.8539
5.7592 9.2563
-10.8805 -10.1368
7.2514 8.6848
-4.8506 9.0256
1.0270 6.6758
4.5812 9.4034
2.1115 2.6484
-9.3061 8.7863
-13.4994 -12.3078
8.9364 3.1747
9.8416 4.9912
7.3621 6.6731
5.7251 4.7610
-7.0648 -7.0402
-7.7087 4.9838
5.2463 6.3925
7.3590 -11.9658
4.7211 6.4492
4.0135 9.0626
2.8741 5.3165
-8.9498 -7.1100
7.2098 4.5651
0.5130 -7.2031
-8.7942 4.7735
-8.6946 6.2857
6.7438 2.4401
3.8607 6.1775
4.0511 -8.3209
3.8727 5.6623
-8.3447 10.1106
0.7685 -5.1673
-7.6140 7.2010
4.2613 0.6187
5.3282 5.3673
1.5995 7.6841
-8.8420 6.2743
-0.1196 4.3584
-6.7351 7.5788
3.5084 4.0771
4.4905 3.9558
7.9657 -1.2711
5.5394 4.4942
-2.8123 0.0563
4.7104 6.6275
4.6044 4.4138
3.4861 -9.9318
4.7784 -4.8368
-12.9332 3.6165
4.2486 2.3679
-7.0700 -10.5847
7.0905 -7.6518
2.8801 3.8810
2.5049 3.8138
2.2692 4.6964
4.7831 0.7337
3.6150 4.4841
-5.4860 4.4631
7.8778 8.4090
-7.6035 3.3160
-4.0813 -9.4584
-6.0070 -13.2866
4.5274 -5.5601
-8.8770 -8.0361
5.2836 -3.3481
5.8614 3.3027
-7.9473 3.6124
-2.0543 6.6778
-4.5202 4.6354
11.1220 -15.2335
2.6303 -0.6365
7.0641 2.8559
6.1119 3.9554
6.5002 5.9211
6.0234 -7.5767
1.5400 7.6971
0.7694 8.2579
4.6080 4.7579
-5.9602 -11.5963
4.3366 -7.7726
1.4300 7.2211
5.6818 -9.6805
-5.7257 12.2299
1.9924 2.5277
-5.3406 -3.6948
4.2966 7.4698
4.6529 3.4843
-2.0352 0.8664
1.5633 -10.4616
1.5343 4.8611
1.8715 7.4014
3.3398 5.0619
0.7572 8.3271
-12.2518 4.1721
5.9447 6.9569
-11.3508 -9.2396
-7.9187 8.7146
1.1681 3.5653
2.3760 11.7675
-3.7667 3.7420
5.7651 5.6945
5.8575 3.3859
3.8096 2.2230
5.5780 7.0682
-1.1949 3.1928
-3.0872 5.0163
3.3881 -8.9464
4.7008 -3.8550
2.5221 6.5363
-11.8277 0.7311
6.2986 2.5472
2.2256 -0.0915
3.2180 5.7801
8.1854 3.8634
-5.5233 2.6837
9.0055 3.7793
5.1161 14.4050
8.4837 0.2982
4.4266 5.8029
2.4798 6.8736
2.6619 3.7367
1.3891 3.2849
-1.8752 6.7169
-6.7579 4.8790
10.6582 7.5906
3.6226 10.1369
5.8126 6.1745
6.1584 -8.8425
8.5620 7.4381
3.6142 0.8068
-8.3854 -13.1641
5.5196 3.8046
2.9106 -7.4200
-1.4662 4.8723
-7.8184 3.7249
3.1547 -7.4683
3.5430 1.9353
3.4867 4.7314
6.6199 -5.4662
7.3338 -7.0860
9.3599 7.6715
1.6518 4.0306
3.3615 5.3708
9.3519 4.2536
3.9356 -3.5757
3.0374 -11.9735
-0.6167 0.8413
2.2637 -10.0306
5.1491 5.6055
5.7702 -3.2263
-9.0729 8.3745
10.1200 7.1185
3.1873 7.7548
-2.4380 -10.5675
2.8084 -2.1579
6.9450 4.5494
1.4757 3.2571
-5.7191 8.1929
2.8411 5.0844
-12.5822 -6.4798
9.0420 4.3653
-7.9893 -4.4178
11.2422 3.3306
9.4978 4.5217
-4.4838 2.4348
6.5587 -5.0337
6.0438 9.3570
-6.0885 6.7580
3.6521 1.1990
4.9547 9.2794
6.5233 5.8588
3.2139 2.1474
-11.8539 -1.7652
-3.0349 3.3850
6.3197 8.9988
5.1729 7.4301
-4.3311 13.0769
-9.1192 -5.4167
6.9101 1.3271
-11.2473 -4.2792
5.9818 1.3375
-3.2776 -9.4684
-7.2517 4.6396
-9.4225 -1.3978
7.2956 -10.7235
7.2754 -7.6998
2.5385 -5.7897
10.3388 1.6375
5.1325 -1.7997
10.1581 2.9332
9.6740 3.4698
-6.8534 1.6540
-7.5282 3.9072
5.0397 -10.2724
-8.5843 -5.7091
5.7878 2.0450
-0.1006 -4.4677
-7.4817 7.0349
-6.3672 3.8749
4.8919 -0.2420
9.5826 -5.5330
4.7017 4.1753
5.1096 -2.2818
7.6034 10.1367
4.3951 6.0448
11.5551 -7.3589
2.9927 -6.4306
-10.1652 -0.3463
-5.7949 6.1611
-8.5990 6.8622
-3.7151 6.2277
1.6037 4.1588
-1.1351 11.3623
5.8499 4.3357
4.0491 -6.8724
6.1644 6.3646
3.4351 4.3114
-0.6820 0.7241
0.6714 3.4592
6.6722 1.0435
-9.5687 5.3049
6.0919 -8.9115
8.2934 2.1340
8.1014 -0.7512
7.0779 4.9604
9.3900 3.2265
-6.5346 5.1381
-7.1843 -6.8770
6.2986 7.7465
-6.7340 2.5613
-2.8374 -9.4193
4.7892 5.3099
-13.4345 -2.4929
3.2964 9.0296
-0.1169 6.8026
-11.3691 -7.3878
-6.9779 7.7579
7.6191 10.7552
4.8191 -7.6189
9.8784 4.6469
6.5178 -10.2338
3.7013 2.9487
5.6798 -6.0913
3.1448 -4.7002
6.3609 5.3242
3.4973 5.3765
-11.2026 2.9411
5.3584 6.8169
-7.0898 3.8210
-5.8329 4.7493
-9.7284 -14.4768
-1.6142 5.1943
5.0107 4.1626
6.8793 10.4976
4.5847 5.2413
4.6272 6.1776
3.4256 8.9114
4.8550 8.2324
5.3169 5.6656
-0.1579 1.9638
3.6612 5.2688
-9.6512 2.6018
7.8551 4.2161
5.9616 5.6355
-7.4116 1.1441
5.7406 4.2262
4.1043 -7.4187
3.5003 2.8860
-3.9558 1.8297
4.4299 9.4112
1.8984 8.2688
3.2787 4.8505
5.2214 -11.1076
-8.9598 7.3840
0.7828 -13.6747
-4.1787 -6.3343
-6.8001 6.5696
-5.3602 -5.3499
-0.0285 2.1213
2.9865 2.7939
4.5924 6.6337
2.8118 4.4517
7.4652 -7.4794
3.5809 -0.2389
2.8675 5.1792
-9.2659 2.6396
9.4696 1.9279
8.2783 5.3372
5.7607 -7.8402
4.4556 -9.7089
-9.3287 5.4547
4.5116 -9.6253
11.4498 -0.0031
3.8527 3.4979
3.5565 -10.8736
7.0797 3.9462
3.7531 5.2799
-12.1001 -8.6748
3.7422 7.4137
5.5488 8.6693
3.2386 8.5579
1.7271 3.0506
9.7051 -8.6997
-0.1788 4.1008
-7.8901 7.0317
2.7632 -0.3203
4.3436 7.3166
8.0237 1.9050
-6.7223 3.6448
5.6383 -6.5431
5.9449 7.8866
2.3140 6.5311
8.1183 6.7728
-3.4261 5.3484
8.3515 8.5560
5.4493 3.4651
1.2367 1.1475
1.7637 7.1068
3.3789 1.5030
4.4284 5.1551
4.9205 6.1630
2.5844 0.5888
10.8838 -7.8067
8.0510 2.9587
0.1441 -5.1918
9.1533 2.4566
0.7593 6.2626
-5.7001 -11.4547
3.9885 10.3724
-5.1926 4.1984
0.3081 -9.3650
-2.1155 2.1323
5.3056 -8.6850
-7.7865 1.4857
-9.1299 5.5856
10.5786 1.9885
0.5956 5.1498
-1.6937 -11.1795
3.4071 -5.1056
-5.4176 3.4179
-1.6673 0.9724
-0.7169 5.3474
3.0797 -3.1586
4.7202 -10.6213
2.7865 4.5708
2.7243 6.7045
10.1763 -9.2274
2.2969 -0.8921
1.6633 8.7326
6.1260 5.2478
3.1587 -7.3359
4.5058 3.6732
-6.1446 -6.9149
3.9136 7.9966
4.2697 3.8272
2.3714 11.4300
3.8415 8.5280
-10.6681 1.4030
4.7521 4.9627
3.8107 12.2438
-10.6482 -13.0864
-1.2348 7.1720
4.2390 6.9362
0.8102 -5.6752
-7.9886 -2.9872
6.2683 6.7469
5.9209 5.9594
6.2434 4.0576
3.5958 -8.9800
1.4880 2.6647
3.8775 3.6702
7.9111 -8.4527
-5.5208 -5.0172
4.7571 5.9894
3.5779 4.0410
5.8628 4.6573
-4.1168 -7.7538
5.3002 3.6670
11.1942 3.8889
-8.6217 -13.1184
4.9013 -7.4325
2.5921 5.3426
2.7753 6.9535
-6.6924 5.2340
2.3862 4.4995
-6.5275 3.1349
0.9584 8.4909
3.9362 -6.7147
-0.5393 7.3061
-6.5461 -7.5857
1.4459 8.4339
5.7411 -6.8046
2.2320 5.9799
-6.1348 4.1558
-10.8367 3.5451
2.3661 2.3187
7.1011 5.8672
10.9097 6.2097
6.8549 -6.4457
11.6092 0.6416
-0.8861 -3.1150
6.9430 4.3359
-8.5177 5.3881
5.9997 5.3966
2.5857 7.8736
3.9023 -5.6244
-17.6044 -6.9887
2.8601 6.1855
6.3867 -4.1935
7.1826 6.3370
-8.9219 -7.1431
-5.8819 -5.0995
8.2883 3.1966
-5.9047 1.4187
5.6838 7.6550
4.0746 3.8555
4.3077 3.2545
1.6625 5.7297
2.2530 2.4595
3.5522 1.6625
8.5578 5.7416
8.0814 4.1869
-11.1516 5.2218
5.2786 -7.6815
5.7531 8.4075
7.2845 8.3726
-6.6052 1.0108
6.8745 4.8028
4.5551 3.1041
5.9314 -7.2717
4.8696 4.4904
4.4326 11.5977
-4.9763 1.4082
5.7978 5.9300
3.0986 -6.2353
-5.4371 2.5353
0.4162 3.8679
3.9321 4.2851
0.0960 5.8264
3.0060 4.2761
-6.2706 3.4178
7.3809 0.4924
6.9373 6.5488
8.6944 3.0967
-4.7270 -9.3611
-9.9026 -8.7712
2.3644 -11.8948
3.4648 -7.3390
-8.3115 5.9761
3.4561 -8.5582
-8.2644 -7.9110
-11.2838 -10.6687
-6.3795 5.3684
-5.9878 2.6313
2.0826 -6.3700
-2.5344 5.3087
7.6927 -10.2410
-12.0643 2.4467
-2.4156 -10.9900
5.0993 -3.2092
6.4974 5.8942
-9.6542 8.4170
4.4083 -0.6807
-5.3967 3.6007
3.8197 2.3484
2.7578 5.4324
3.9422 -9.4033
7.7853 1.7892
5.5826 5.1374
7.1940 -9.0216
7.1958 0.8600
2.9215 6.6045
-14.2539 3.4065
4.9651 -13.4903
5.8487 5.0022
1.2715 4.7471
3.1083 4.1838
6.3803 -5.1422
3.9336 1.9788
8.7657 3.5976
3.4684 -6.4045
3.8284 7.6252
5.4079 -2.1958
2.5247 -11.0251
5.3052 9.0364
2.0560 4.3120
6.2886 4.6133
4.4452 3.6200
4.0298 3.6089
4.0065 -11.6456
2.2808 4.0974
-9.3409 -10.9799
7.5866 -4.1690
-5.1852 6.2623
4.4394 5.3085
3.1791 3.2011
7.0620 10.2129
-3.1082 -12.4324
-7.6026 7.2206
-3.8566 3.7590
-0.2903 5.5792
-8.3442 -6.6740
0.7877 -8.1308
-7.5041 -2.6698
2.8866 5.6362
10.2776 0.5936
7.1281 3.7439
6.1166 -0.2842
-10.8771 8.1564
3.5227 -3.9647
4.8089 -6.4779
4.5645 7.9072
1.0708 -7.3080
10.5287 2.9867
3.6695 -11.4551
3.6511 7.5458
0.8603 3.7446
-12.5432 3.0567
-5.9410 5.5310
-10.8743 3.5738
6.7541 -6.9991
5.0479 4.5220
-2.6359 -9.0138
-9.3483 1.7693
7.1804 7.7221
5.0992 1.1730
-10.0082 6.1074
4.3886 3.7356
-3.0228 -9.7453
3.6556 -5.0584
3.3407 9.1587
7.6435 3.4564
-10.9706 4.2629
4.0150 7.8420
-5.8563 3.3845
3.3961 -8.7250
3.2076 3.1779
-11.4842 13.6006
3.4124 3.9416
-8.6532 1.7006
3.2952 4.6916
8.7715 6.4312
-3.7979 1.5291
7.4948 4.8111
10.5215 4.5415
-0.2169 2.5300
10.3283 7.1829
6.4588 -10.5355
5.6502 -8.4142
11.9464 4.7846
1.6920 -9.8396
-13.3109 -0.5616
-5.8516 5.1503
4.2181 -7.1584
3.3103 -5.3593
5.7779 2.2336
3.1999 4.4608
7.3298 3.6944
-9.3222 8.3785
3.8912 -8.4079
3.0858 3.4936
2.7726 -4.1734
4.6374 4.9995
-5.9752 8.1130
-13.2248 5.9654
-4.9468 -0.0861
0.7650 2.9346
9.4283 5.3994
4.5440 5.0522
1.4847 8.4086
6.0380 -8.7824
4.8481 1.7543
7.8485 -8.9300
-5.3676 4.4732
-7.5412 5.8695
6.9754 0.4225
0.8544 -8.3732
-7.0074 3.5552
5.8886 4.9296
10.3134 3.1338
0.5276 6.1926
-5.8921 2.7155
-5.3137 2.5894
8.5660 6.5601
-4.9977 7.0570
3.8800 3.8867
1.9087 9.0745
5.8289 5.2049
1.9651 3.8025
5.4460 4.4008
6.1319 7.0773
8.9015 -0.4272
-5.2254 4.5244
8.8449 -2.1930
0.3877 4.5513
11.8672 4.5062
4.5044 1.5785
8.8567 -2.4044
1.8206 -1.8945
4.6500 6.0300
7.4405 -1.2257
9.1079 2.3226
1.0099 4.9495
9.1981 3.0297
-6.2908 2.6241
-7.1885 0.1918
4.9237 3.6901
6.9635 0.3464
-7.9286 -4.7887
1.5401 10.7676
9.1332 -6.1172
10.2585 2.9203
-9.9889 0.6294
6.8294 6.4225
-0.3532 -8.4458
9.6844 7.6291
6.5148 2.1487
9.5320 2.6231
0.1101 -9.9994
4.9721 4.4122
3.4992 4.3215
5.3868 5.1307
7.1798 -8.8707
0.4889 9.1334
3.6282 4.7594
7.2613 1.7159
7.8709 5.3476
-7.8679 4.0454
6.0246 10.2557
2.0226 7.2897
-11.1725 3.8620
3.0377 4.5781
1.2808 5.6225
1.5205 -6.6766
-1.6650 7.1753
0.3764 -12.4511
10.0613 4.7863
-8.4018 4.4729
-2.7593 9.9241
5.0178 -6.0129
-9.1800 7.3823
7.9283 7.9649
0.7698 7.5426
-7.2730 9.3423
11.0081 5.9135
4.9992 -9.8329
-9.0231 4.9816
4.8333 5.4780
6.7035 16.2281
-0.3563 5.7160
-6.4873 6.3766
8.1710 5.1381
6.6356 2.3667
8.2063 3.3555
11.5994 11.1930
6.0282 -4.6840
-3.4212 6.0550
3.1471 2.2469
-10.8962 2.3058
5.0334 3.0006
9.7856 5.0542
-14.7036 -6.4882
6.5609 4.1113
0.8448 10.2425
-0.6136 -5.2739
-8.4975 -8.0102
0.4451 -2.5462
3.8551 4.6514
3.4381 1.1096
-7.1783 5.4401
8.7884 -8.1735
-9.6300 4.8882
9.4220 7.5164
5.9527 8.4819
4.6332 -3.2914
-7.9388 5.9400
4.6937 -8.9592
1.9819 4.4333
1.5373 -11.2779
4.2554 4.4931
1.6726 5.5042
-8.6777 5.4739
1.6113 6.7389
-6.1506 7.7897
4.5337 12.3800
2.6780 -7.4288
1.1993 3.0354
-11.7309 4.8176
6.4967 -2.8938
3.9495 6.8164
6.1276 10.1823
-13.1886 0.5423
3.6914 -8.7992
11.0184 0.5676
-9.1903 3.4098
3.9661 5.8322
2.9171 4.8491
7.2832 7.3273
3.0314 8.8987
3.1224 5.5204
4.1658 -0.3627
6.2086 7.3960
7.9054 -7.1877
2.7741 3.3501
3.1090 -8.6387
5.8562 15.6020
-10.3734 -7.0629
-9.6067 -0.6675
5.2925 2.3706
5.7054 -3.0564
-2.3267 3.6807
3.7879 -0.0607
-10.2062 2.8103
1.4526 12.5944
2.0849 -7.8823
3.7805 6.5752
-8.0458 0.9992
10.4564 -9.0602
5.9204 -10.6905
-1.7075 2.4097
-5.0072 6.7136
9.5665 -6.4850
-10.4430 3.3974
3.3456 -8.7413
-3.2277 0.0726
5.1362 7.2363
2.1673 10.5961
-4.3402 10.0096
-7.1473 7.9006
-7.5516 -0.0061
7.9593 5.4227
5.1177 5.7406
4.5299 3.3336
3.1067 7.3203
6.0184 -14.1598
2.4419 -6.2210
-4.6403 3.8513
1.1474 4.9493
9.1136 -5.8734
1.1182 2.6786
-7.8061 5.5189
-9.4614 0.1329
6.3885 2.3354
-1.1471 3.3628
3.7267 3.4508
-9.3587 1.2188
4.1067 2.6553
6.2805 8.0096
6.2045 -4.9578
-19.8313 8.1761
2.5393 5.2043
9.2899 3.2213
5.0010 8.0981
7.1884 -7.7151
9.7513 -12.1568
5.0738 -9.0233
2.0948 7.5025
2.3557 8.4766
3.9749 4.1310
9.3560 0.1038
5.6754 6.4280
5.6514 -10.0397
1.7068 -5.6972
-12.6478 -8.6759
5.7480 -6.4148
12.6616 1.4373
5.9847 7.9838
0.9811 7.8989
11.1265 6.0423
8.0350 4.6659
4.8140 -4.0728
1.8901 7.8212
-7.4045 5.7251
7.1552 4.7184
2.4690 2.2396
-11.0217 1.5759
-9.1081 6.0993
5.2578 6.0179
-7.5594 3.3657
8.5666 1.1112
3.0966 6.0810
0.2061 7.8813
-6.2200 -2.0164
4.6871 0.6485
4.4388 -11.1747
-8.4233 -3.5058
-6.2826 1.5982
3.8083 1.9628
-1.7897 9.0730
-8.8912 4.7752
-7.0440 4.0083
-9.8001 -1.5852
6.6751 2.7506
-11.6810 -7.3741
2.7711 2.2378
6.0585 -7.4733
2.2971 4.7817
8.3541 -0.7880
4.0675 4.4348
1.4943 8.2302
11.3020 7.7490
6.7031 2.7345
3.3631 5.9049
10.2805 7.2134
8.0509 0.4490
7.7469 -4.6895
-0.2411 8.7796
1.8601 4.9605
7.9654 -5.8495
-10.7531 2.2440
5.5294 9.3544
-12.9082 7.0883
2.8979 7.3028
9.4771 7.3007
6.5631 7.2016
5.5223 3.2097
-9.4700 3.8970
-8.4442 5.7025
8.1837 6.2639
8.6804 5.7143
-6.8676 0.0217
-2.1320 4.3305
1.3584 0.8517
-11.2729 5.2837
-8.2245 5.8423
4.2176 9.8033
9.4379 10.1264
-5.6181 5.6992
10.1766 -3.1389
7.7855 7.2010
4.4004 10.8767
1.6841 5.2079
8.2029 -2.5482
-7.3382 5.9944
-6.4124 3.3103
4.4509 4.9998
-4.0819 -6.9510
-11.5102 -6.9303
6.9980 -4.0338
11.3988 6.4528
-12.3903 -7.4255
9.6099 3.5963
-14.1633 0.7946
-10.5898 5.1217
0.5978 -9.4250
-2.4808 -8.9729
-12.2977 3.9355
3.5816 5.1726
1.4795 3.0098
9.0243 2.5223
1.8401 3.6670
-11.1730 -8.4535
4.4221 -8.3841
5.4999 3.6472
4.1798 -5.4937
4.6041 2.0226
2.3287 4.0641
5.4466 3.3692
5.0928 4.6050
8.5772 2.8245
7.9693 -10.0839
8.7863 9.1515
5.0793 1.3417
3.1512 -8.6841
1.8322 4.3522
-13.6767 6.2636
3.7020 0.3882
2.9518 3.6484
5.0223 -1.8380
-1.7324 3.8821
5.8240 3.7743
6.5987 4.9361
2.8931 8.5174
4.9891 2.6529
-0.2388 3.4499
5.1732 8.5875
6.6234 8.6420
4.5590 -7.8752
-0.3899 3.0304
3.5821 -4.3181
11.3153 -7.4197
4.4774 -2.1866
7.1509 0.0826
-7.4646 4.3736
-8.3344 4.6556
-6.1617 -0.4167
-10.4107 9.7340
5.3028 3.0832
4.0259 2.1698
7.8905 -10.4993
5.6702 9.0690
8.5673 -4.6550
-3.3427 7.2056
2.6594 4.2082
5.5456 -4.5039
-0.7793 2.8448
0.9266 5.9080
7.3599 1.1606
5.7043 4.8709
-5.5117 1.7223
2.0054 7.3646
7.0159 2.5193
1.1493 2.7274
5.7545 10.2758
2.7557 5.9130
5.8568 -10.0679
8.9405 -11.6448
4.9154 8.1388
-8.2710 6.4886
9.7338 3.1130
-9.0878 4.9465
2.0044 -9.6760
-8.8880 4.7101
3.4585 5.6894
1.0554 3.7774
2.9432 -5.5771
-6.0326 1.3815
3.9239 -8.0819
4.2549 4.0877
-7.3648 -4.6582
-7.7158 -8.0185
-1.0182 10.2883
3.1268 3.5825
5.9455 2.7644
4.2416 6.2246
4.2670 0.5294
-9.3105 5.1421
8.7608 -13.6590
-6.2424 2.9974
2.6009 1.0600
-2.9522 6.7736
-8.0681 9.8767
-0.2507 5.3238
0.2032 4.0593
2.4403 3.1978
2.4413 -7.5350
1.9584 -7.9039
4.8022 5.7459
6.7803 4.1896
5.7901 5.9865
1.2849 -8.9694
4.3707 5.8730
4.7142 -9.5830
-9.6141 11.0790
-2.0700 8.8663
3.9175 3.0994
3.6994 2.4632
-8.8090 6.0236
4.9077 4.2436
5.0007 4.5589
5.1816 5.5567
-2.1308 3.7174
-1.4244 4.7011
-11.3328 4.9248
2.2406 9.0447
5.9110 -0.6863
-8.7499 -9.8165
4.1172 3.9181
2.9496 7.5027
3.3507 3.1662
-7.3609 -4.8707
2.4022 0.7641
4.6223 6.0958
4.0649 0.3934
4.0324 1.6576
9.5033 5.8391
-3.9836 -9.0773
4.1950 7.4928
5.5021 3.3665
8.5635 -8.9019
3.6581 6.6596
3.5480 5.1962
5.0730 -4.1166
-3.2324 4.6340
4.7274 -3.3757
1.6752 -4.2422
1.7098 8.0190
1.1745 -11.6335
-12.8688 7.0464
5.1071 -13.1147
4.8380 6.6456
3.4012 6.7769
5.0446 5.0019
-8.3852 5.8039
-8.9248 -6.7254
3.8057 2.8755
8.0802 -6.5484
-7.6470 6.1238
-4.5166 3.7074
-5.6865 -8.3905
-9.2139 -8.3685
6.0992 -7.6991
5.5031 2.9334
3.7618 7.3587
9.2619 -8.2444
0.1171 9.1167
7.6144 -3.2332
-6.3477 7.5320
7.9973 6.7638
4.0826 4.4354
5.8624 12.2268
8.2717 -2.6393
10.9483 7.3841
5.9267 8.0676
-5.0931 3.6712
-4.0349 5.2135
2.8911 6.7303
4.2183 2.9210
1.6681 0.9683
3.1242 9.5169
4.6841 6.8402
6.7444 -7.2731
2.1066 3.0955
-5.5122 4.3626
3.4343 -6.2545
-1.7068 5.2689
4.6910 -3.9822
2.8172 5.4642
4.0873 -7.6459
3.0078 -8.3480
7.2082 8.4070
4.6060 -6.2987
0.2604 2.4353
2.8610 7.1426
-9.9805 7.5409
4.2149 3.5895
4.3154 8.2209
-7.4777 8.3425
1.0660 -2.9679
3.5281 8.5647
6.2153 2.7326
5.0718 -9.9271
6.1884 4.3694
6.4876 -8.8252
-5.7637 3.1736
3.4212 6.2017
5.5009 -8.0574
6.1221 7.4510
9.2402 -4.0076
8.0450 2.2293
6.7704 4.1505
1.3638 -0.5910
6.5836 -0.7723
4.6427 5.8682
2.4530 8.4544
3.7100 5.5600
4.5058 5.1487
2.0353 0.1268
-1.3242 5.0509
5.6860 4.8860
3.7255 5.7861
6.2537 7.0445
1.6728 6.6713
-3.1765 4.2552
7.8636 8.4888
2.4413 4.1146
3.3768 0.4314
2.6069 -5.6406
4.8086 7.6555
4.0273 -0.2481
-3.4625 7.0826
3.1971 4.1057
5.4645 5.5973
4.9755 7.1264
0.4729 4.0620
-3.3862 4.4806
6.0192 2.7631
0.7469 -8.5614
-5.5753 6.4055
-0.1838 -12.3750
-6.6482 4.5052
3.8899 10.9668
5.5621 11.1037
2.0179 9.1102
-3.8335 -4.4671
9.1415 4.2676
-8.1385 -0.1128
11.3219 -4.4534
0.0422 3.8852
-9.6000 6.6844
-6.0917 3.5102
3.2887 -4.9738
-1.3671 2.4230
3.1740 5.5851
-5.7679 4.6379
4.4087 1.8865
2.8455 2.7535
7.5790 2.2775
0.6350 -7.4405
6.1813 1.5833
7.2922 4.8837
7.9480 8.2675
-7.0562 2.1169
-5.2034 4.6261
-6.7930 -7.5611
0.8716 -9.9031
-3.3152 -7.6121
3.1922 5.5700
3.8755 -7.2711
-6.2226 4.2894
3.2340 -6.7770
-6.4212 -10.4303
4.8338 4.6083
1.1439 10.2979
11.8295 5.3928
3.7830 1.8198
12.2209 8.6729
4.4274 4.9322
-1.3947 3.8834
7.5991 -5.3264
3.3169 -7.1010
10.1405 5.2020
4.4405 -3.5780
3.5192 7.9742
6.6768 6.8300
6.5773 3.9101
3.7631 1.5947
-10.6906 6.9440
4.6301 6.0292
-6.6221 -4.5294
3.9893 4.2368
2.9757 8.7688
5.4636 2.9410
-8.9969 6.2261
4.4236 4.9666
5.1154 -2.1571
-5.4918 10.0560
-7.7464 -8.4868
4.7448 -7.3833
-0.7292 -3.8673
7.2286 3.5183
2.5882 6.1946
3.3594 -7.9505
3.8436 5.7005
-3.8291 8.2132
5.6704 -5.3268
5.7049 8.3850
-4.8494 -11.9179
-5.3046 -6.8094
3.8491 4.0854
3.4961 -10.1300
-9.8139 -2.7446
5.6034 5.7163
3.9363 1.6038
8.8911 7.0936
6.9715 -2.6297
1.8469 1.3240
6.5937 3.0562
1.0010 -6.3275
-6.8745 6.8505
-7.3605 3.1345
-5.0084 7.9440
-4.8721 3.1258
-0.2183 7.5172
-1.7604 -7.1314
8.5964 -9.5478
-11.2745 12.6922
3.6908 -15.4701
-3.8627 -10.5355
6.6196 -6.9030
6.7837 3.7196
-0.0514 6.1335
9.0484 2.4206
7.7327 1.6257
-8.6161 4.7712
1.8705 -7.2677
-6.2928 5.3107
-5.3436 4.8360
1.1973 9.2484
6.5168 5.7945
-6.4107 0.3846
5.5661 6.4149
-14.9691 8.7154
8.9350 2.7606
-7.8303 3.5594
3.2640 -7.4124
8.1590 4.2705
10.2180 2.0104
-12.0662 -1.3356
5.0247 1.0527
4.6615 -11.2219
-7.2200 -10.9954
-8.4718 -4.4446
7.2166 6.2091
1.7307 1.6868
-9.4510 3.6979
-2.4427 4.7692
5.4959 6.4795
5.3795 5.0726
5.0758 3.6567
-1.5624 2.4928
4.6819 2.1505
7.0543 3.8791
5.2422 3.4001
-11.5960 3.8468
-10.4365 3.9151
6.1294 2.8006
-14.9048 -1.2442
5.9578 7.5437
2.2494 5.7629
3.7831 -12.6854
-10.5219 8.7064
5.6338 -10.8861
5.3539 1.3477
2.2646 -4.4423
-5.1595 1.6886
3.4749 5.6924
6.1458 2.9659
5.7624 -5.6878
3.5403 8.5173
2.3709 7.8907
8.1427 8.1867
2.8253 11.7659
4.4905 9.1617
1.1808 4.2597
2.3043 2.9359
5.0934 5.3728
8.0370 -1.3061
7.8177 3.8071
6.7921 -6.7938
6.3625 -10.8793
7.6316 -11.6161
-0.7558 7.4289
-8.0573 8.2548
-3.2113 3.2774
-11.8072 5.4861
3.2477 3.2300
3.7380 3.6602
8.3140 9.3205
-1.0444 3.8179
4.6677 1.8845
0.7245 3.2045
0.3189 -9.0355
5.3468 -4.3580
5.2974 3.8131
-6.9153 -6.2257
-5.8856 4.0498
6.5462 -3.7329
9.3865 1.1424
1.6132 -8.4920
6.7135 4.2540
-6.1562 -9.3673
7.7412 9.5046
-8.6735 3.3484
-9.5355 -4.3934
5.3090 4.4424
-3.5647 -4.7035
1.6544 6.5744
-7.2539 -10.9159
-5.3557 -10.3781
-10.2036 -10.5658
0.5358 3.1043
-11.3957 4.9160
4.8696 7.2154
4.4506 1.3174
-4.9773 6.5414
5.1275 -5.9415
-2.1002 -0.2431
3.8530 3.0883
7.3854 4.9840
4.8162 4.0082
3.7801 7.2501
11.0641 11.2236
-6.2769 3.0767
4.5895 1.6320
4.4285 4.4335
3.9442 4.2029
4.5332 6.3768
5.3898 -8.7280
-2.8203 -5.8342
2.9931 1.5796
4.3079 6.8626
6.0173 4.6570
-8.6312 -6.5032
-9.9396 2.0954
10.1280 6.9915
7.2311 1.2329
4.8440 5.8608
-6.7923 5.8540
-14.1536 6.5087
6.7391 -5.1650
6.2649 -9.4624
-8.8396 2.2950
2.6808 6.6111
5.4158 -4.0626
-4.6476 0.6078
6.6033 3.5533
2.1570 2.0942
3.0465 0.6163
-5.6097 -2.9077
-4.4540 2.1626
9.8989 7.2552
5.9758 8.1742
6.9283 -11.6515
10.0149 4.8771
6.4371 6.0794
7.1259 -5.8402
0.7688 1.7394
3.0540 -9.9837
4.8405 6.4516
5.3058 -11.1016
6.9423 -9.3505
3.9641 5.6431
5.0884 -5.5055
-0.9466 4.4362
3.6346 10.5261
-4.3342 3.3755
2.6878 8.8227
-9.0708 -1.9559
6.3976 -3.3936
0.7643 2.8542
-8.4874 9.6794
-10.5104 1.7461
7.5403 4.5035
5.7494 -9.8476
1.4961 4.7360
8.5019 4.2544
-9.1305 6.0614
4.1841 8.0754
3.3309 -4.1030
1.5474 -13.6035
-0.9744 4.2429
6.8978 -5.2222
-4.8893 3.5127
5.6124 7.9815
-3.7668 4.6487
4.7955 -2.3703
7.0556 4.0561
4.3258 -0.0920
2.8755 6.7456
-7.7023 4.1648
8.9339 8.2996
-3.3395 1.5638
4.7117 1.2418
5.2465 -8.0265
4.6915 1.4033
-9.8177 5.5768
3.4439 -2.4895
5.1664 3.8241
1.8818 -6.3567
-8.8130 -6.4161
3.0076 6.6121
-10.0204 1.7928
-6.2396 -8.7362
-0.6781 5.1646
5.5298 5.0132
-0.4091 5.0126
3.5644 -3.6767
9.7418 2.8055
4.4193 5.4204
3.8663 -13.9859
2.3909 -14.1293
-0.9651 9.0276
-3.5045 6.5113
0.7697 11.6256
4.1720 -7.7198
2.6093 -7.8526
6.4037 3.7188
3.1433 -8.5035
4.2213 0.0136
-6.2652 9.1753
0.0308 -7.7460
7.7154 6.4158
3.4609 -4.4443
6.3128 -12.1459
-11.6821 5.3034
3.9114 2.9508
4.5528 4.5941
6.5123 3.4194
3.1266 4.6770
-6.2997 4.0565
1.8038 4.0348
7.4947 4.5339
6.5120 10.9628
7.4632 4.8874
8.0076 2.7082
7.2047 2.3968
10.5560 -7.9164
0.7369 2.5653
5.5085 -3.6432
-10.2204 -9.2399
3.9358 3.5248
3.0535 -8.6653
2.1162 5.3304
5.4306 6.6289
-10.7937 0.1745
4.2004 4.9568
-12.0719 -9.5238
1.2418 3.0183
9.6224 3.8145
3.8572 0.9467
2.7924 5.7661
4.6629 -11.1891
-11.2745 9.4376
4.4753 5.1675
7.5416 10.1364
3.9959 0.9877
5.9863 2.5426
-5.3302 3.8606
3.6661 4.2481
3.6493 5.0300
3.9483 0.0561
6.9440 7.0066
-4.7270 3.5582
5.0569 4.4992
-0.5079 0.7771
6.7735 -11.0698
10.5575 -8.4179
3.5400 -5.4630
-11.3335 3.7433
-6.3141 2.0883
-11.2199 5.7684
6.4289 4.6630
2.8477 3.4029
6.2977 5.2917
-7.9517 6.2912
7.1929 -4.1590
1.3085 7.5233
-7.8519 8.7523
4.2399 -6.6989
6.3713 4.2369
7.6404 5.1748
6.3138 4.5211
3.4188 0.1924
1.9803 6.0244
-0.7919 8.9133
-7.3233 2.4992
4.4035 -11.6757
9.1941 2.9546
0.0425 2.9766
5.7694 7.9334
11.2273 5.3883
3.4569 4.5089
9.2999 5.5314
-4.7838 6.3216
6.6698 7.6626
3.7849 -5.3187
5.1069 5.7871
-1.1457 9.4594
-5.2411 2.8774
8.7658 3.8484
-5.2490 2.8094
-6.7152 -12.5845
3.4779 4.1760
-0.2239 6.7758
-7.1551 -5.8583
-6.1129 4.3801
-9.5877 0.1736
8.5859 4.0134
6.8811 2.7850
7.6800 -0.7397
2.5404 -7.1780
5.4713 9.3183
6.2453 1.7203
7.5948 -3.3190
3.0220 -7.8409
-1.0448 1.5190
-6.1745 6.7889
10.1755 0.6101
3.5011 -6.8633
5.2945 -5.3243
3.6716 -6.9324
7.9720 7.4113
3.8222 4.4293
6.2854 3.0450
7.1386 6.9210
4.3858 6.6510
2.2344 4.9546
8.9419 1.8053
-1.2629 5.0922
3.2586 -4.0177
4.1888 3.5850
8.3187 6.3105
4.4384 5.1455
-8.4823 4.8701
7.2614 1.3170
4.4402 2.6352
6.5755 4.9295
2.1699 3.3981
8.4664 2.4478
7.1452 -5.9162
4.4819 1.2957
-6.8334 8.1797
-1.6235 -9.0181
5.5224 -8.5577
3.9672 0.1484
-4.0968 3.7166
-9.7838 -2.1788
6.9438 5.4663
-8.9516 6.0213
1.5876 -8.7500
11.5272 0.9670
-3.9373 6.3137
4.6983 7.7427
3.7943 6.7708
0.8667 -7.7728
1.5665 -7.4221
6.2697 -10.8874
8.2793 5.8858
7.1121 2.5977
6.2177 -6.9232
6.7734 7.3681
5.2619 0.0891
-5.1365 5.0973
5.6080 -8.9732
-8.9554 -6.3600
5.4027 -7.3962
-7.2259 5.7551
5.4642 5.8385
2.9943 -4.1884
4.3849 8.3801
3.7343 2.5692
3.5099 3.9186
9.9332 4.2626
-11.3902 -4.4850
-9.7277 8.1152
12.0501 3.1425
6.5199 -9.5437
4.6455 9.2654
-7.7039 -8.3448
4.0799 12.7677
-8.3825 -0.2562
3.9976 -10.4222
3.8248 10.5816
5.0068 3.1142
7.6603 1.4905
-1.0637 3.9617
2.3869 5.6907
6.7070 0.2987
2.3771 2.4758
5.9975 5.0862
9.5627 2.2491
5.3352 3.2017
3.3571 -7.0968
4.1920 4.9229
-5.9062 5.6752
4.9311 7.3155
2.6091 0.9208
5.6385 2.7326
-10.7945 3.4564
-8.4321 -1.0018
3.4620 10.1244
4.6837 9.1586
-8.4622 -0.2063
0.4015 -6.5929
8.0655 1.8027
-7.1961 -3.8759
-7.5593 0.2767
-11.8418 4.1909
2.1466 4.2457
0.9660 4.3234
8.5976 2.5109
5.3791 -1.4507
0.8707 -5.2269
3.3189 -5.7769
-10.9266 -7.4119
-1.5289 -1.0888
5.4938 -1.6778
-10.6571 -6.4772
4.7915 3.9009
5.8468 -3.2490
-2.7690 3.4678
6.2377 8.5927
3.7322 -8.3251
5.7998 9.8414
-8.0031 4.7570
5.7632 5.4457
-8.2558 1.2201
4.6103 4.6584
-9.1190 -6.3314
4.8217 5.3027
-9.1284 0.5482
6.3665 1.5006
-2.4710 5.0787
4.4679 5.1614
3.3729 3.2612
3.5935 9.3368
-4.6358 -13.0191
2.3717 7.8373
-9.8877 5.8282
-3.7859 -1.8910
