5
-1.8216 6.6785
5.6294 -6.7639
-6.3537 6.5592
-4.4192 -1.7569
3.3913 -8.8076
-6.2320 -6.4981
-1.7741 6.9715
4.2279 -8.1515
-5.4982 6.8160
-4.8658 6.2423
2.3673 5.4802
-1.7994 6.1870
-1.8318 -1.7209
-1.6580 6.6631
-6.2596 -7.7182
5.6332 6.4180
6.2078 -6.2926
-6.3664 7.0065
-1.8079 -6.1844
-6.2825 6.7114
-6.3266 6.6134
6.3548 -1.6669
-1.7660 -1.7384
-6.4017 -6.3912
-6.1918 -1.8545
-1.7057 -6.0658
-1.7845 -1.8232
5.5142 -1.6815
-1.7737 -6.4581
-1.7613 6.6976
-1.6936 -1.7205
6.4060 -6.5857
-6.4873 -1.7381
-1.7252 -1.7590
5.0889 2.0554
-6.5943 -6.4200
-1.7506 6.5932
5.8091 -1.6365
-1.7919 -1.7421
6.2059 -6.3098
-6.5185 -6.4279
-6.4662 -1.8140
6.5059 -6.4990
-6.3989 -1.7585
-6.4364 -6.4698
6.7302 6.5958
-1.8080 5.8010
6.4729 -1.8028
-1.6731 -1.7947
5.1348 -6.2578
-1.8246 4.9721
6.3350 -1.7842
-1.8492 -1.7663
-1.7114 6.1831
-1.7531 -6.2950
-6.2628 5.3334
-1.8461 -10.3957
5.3758 -6.2126
-1.8552 5.2878
-6.2197 -1.7723
7.0265 -1.6737
5.8777 -1.8008
-1.6729 -6.4284
-1.7846 4.5898
-6.0855 -1.7630
-6.1588 -6.1812
5.8061 -1.7060
-6.2122 5.2125
-1.7437 -1.8229
5.1727 -6.2992
6.2197 -4.9977
6.2979 5.9528
-1.7678 5.8779
-1.7918 4.4085
5.6387 -6.1264
-1.6343 5.7986
-1.6944 -1.8162
-1.7559 6.0904
-1.8021 -2.1193
5.9313 5.6734
-1.7895 -5.7131
-6.1926 -1.7628
-6.4571 6.1314
-1.7510 -6.4726
5.5470 -1.7297
-1.7854 -1.7669
-6.2211 -6.0873
6.0040 -6.1654
-1.7736 -1.7619
-6.2649 6.0189
-1.7782 -1.8491
6.4673 4.0334
6.4755 -6.7065
-6.1940 -6.3705
5.2173 -6.2956
7.0381 -1.7724
-1.8725 -1.7865
6.0856 5.6085
-1.7987 6.6246
5.6603 -6.3410
-1.7640 -6.4379
-6.3879 -1.7440
-6.4449 -1.8547
-10.0591 -1.6797
-1.7979 5.9524
5.6045 -1.6187
-6.4026 -1.7631
6.4460 -1.6725
5.3000 -1.7619
-6.5051 5.7282
-1.7185 -6.3335
-1.8373 6.1491
-8.8665 -6.2796
6.2850 -8.4117
5.8898 -1.7549
-6.2299 -6.1628
-1.6925 -1.8116
5.3927 -1.7991
-1.7582 7.5434
-1.7235 -1.7600
4.2981 -1.7442
-1.8250 -1.7834
6.8242 -6.3767
-6.3919 -1.7692
-10.6935 -1.7501
-1.8284 -1.7279
6.5707 -1.5888
-1.8256 5.9121
6.9123 6.0465
-1.7658 6.6116
-1.7714 5.3706
7.2372 -1.8649
-1.8146 -1.7883
-1.8020 5.1455
6.3366 -1.8397
-6.4543 6.3891
-6.3139 -1.7087
-1.8211 -5.6335
4.8950 -1.7736
6.0436 6.2773
5.9950 -1.6427
6.0794 -1.8281
-1.7641 -1.7685
-1.8135 -1.8103
-1.6400 -1.7945
-1.7060 -1.7581
1.9458 -5.4955
6.8123 -1.7395
-1.7448 7.7902
6.2706 -1.8726
6.8020 -6.6776
-1.7840 -1.8320
-1.6757 7.9106
5.2351 -1.7907
-1.7763 -6.1801
-1.7737 -1.6197
-5.6730 -6.7937
-6.3156 -1.9114
5.9017 -6.5131
-6.5432 -1.8016
6.8842 -6.3339
-1.7947 -1.8157
6.1332 -1.7204
6.5523 -1.8585
-1.7305 5.9011
-1.7065 -1.8037
-1.8772 -11.2758
2.6298 -6.3709
-1.7379 -1.7700
5.9721 -6.3309
-6.3966 5.8525
5.9379 -1.7356
-6.4477 5.7675
6.3347 -1.7448
-1.7598 -1.7551
7.1564 6.4437
-6.5243 -1.7613
-6.1486 6.3128
-1.7191 -1.7555
-6.4164 0.6196
5.9422 6.3817
-9.6206 -1.7732
-5.6248 -1.7770
6.8460 3.8175
-5.3638 -1.7120
5.6662 5.3281
-1.8143 -1.7856
-1.7179 5.5136
-1.7020 5.1787
-1.6532 -6.8945
-8.1888 -1.7516
-1.7865 5.9951
-1.7220 5.8513
-1.7361 -10.0039
-1.8719 -1.6922
-1.6805 6.5040
-1.7922 -1.7805
-5.8587 5.7354
-6.1010 -5.9461
-1.8355 5.0276
-1.7570 -5.9937
5.8357 -1.6572
-6.3292 6.5430
-6.3020 -6.2691
-1.8420 -6.4459
5.4715 -1.8451
-6.6040 -1.8074
-1.7755 -6.4017
5.0706 0.7478
-6.4308 -1.8257
-1.7480 7.7922
-1.6949 -6.4078
1.7085 5.5240
-1.8276 -6.4489
-1.8071 -6.1855
-6.4092 -6.2169
6.3598 -1.9209
-6.0226 -1.7344
6.8452 -5.2904
-1.8587 -6.2596
-7.2636 5.5457
-1.8950 -1.7349
0.6481 -6.2452
-1.7824 7.5769
-6.4257 -1.8315
-5.3524 -1.7876
-1.7500 -1.7567
-6.2394 -1.7323
2.4364 -1.8515
-6.2967 -1.7825
-1.8493 -1.7638
-3.2240 -6.4632
-1.8242 -6.2371
-6.1849 -1.8935
-1.7434 4.4956
6.3123 -6.3405
2.4585 6.2510
-1.6593 -1.6603
-1.7453 -6.3040
-1.7237 -1.8256
-6.0517 -1.7095
-1.7513 5.2543
-6.3024 1.5558
-1.7174 6.4665
-1.7306 -1.7692
6.7921 -1.6779
-1.8524 -7.9444
5.8269 -1.8341
-1.7263 6.6538
-6.2776 -1.7530
-6.3270 -1.7642
6.7806 5.0453
-6.4642 -1.7720
-6.3891 -1.6833
6.2170 -1.6863
7.2443 -1.7870
-1.7723 -6.5165
-1.7874 6.3896
-1.7033 5.7729
6.0882 -6.0328
-1.7455 5.6029
-9.4500 -1.7330
-6.4240 -1.7913
-1.7900 7.6109
1.6719 -4.5472
5.4613 -1.7608
-1.8142 -1.8007
5.2076 -6.2530
5.3623 -1.7789
-2.3976 -1.7315
-6.4873 6.8092
-1.7526 -6.2764
-6.4154 -1.7734
6.2596 -6.4004
6.3655 -1.6788
-6.4834 -6.3465
3.5020 -6.3251
-1.7419 -6.2661
-6.4257 1.6710
2.0230 -1.7705
6.5640 -6.5047
-6.2317 -6.1966
-6.1073 5.8581
-6.3312 -1.8367
-1.6722 -1.6892
-1.5856 5.1998
-1.7712 7.7212
5.5957 -1.7391
-1.6897 -6.4445
7.0126 -1.7145
-1.7289 -6.3372
-1.8106 -1.6804
6.6041 -1.8109
6.1370 -1.7969
6.0282 -1.7922
8.2519 6.8174
-1.7657 6.5427
-6.3938 -6.0979
2.1586 6.5090
-1.8005 -1.7305
6.4674 -1.8225
-1.7986 -9.5760
6.0790 -1.7341
7.6307 -1.7335
-1.7654 -1.8273
5.5212 -1.7876
6.1554 -6.4116
-1.6987 -1.6989
6.0325 -1.7684
-6.2674 -6.4638
7.3642 -1.7449
6.3880 -7.5910
-6.5042 6.1683
5.2739 6.1187
-6.3866 -1.7007
4.2885 -1.7893
-1.8088 -1.7264
3.1574 -6.2244
-1.7841 -1.6860
-1.8740 -11.7918
0.7026 -6.1647
-8.5365 6.4647
-1.7349 -1.7562
-1.7633 6.1357
5.7687 6.6320
4.8625 -1.8350
-1.7677 7.6089
-6.3948 -6.3593
-1.7817 -1.7420
8.1895 -1.7066
5.6426 7.3534
-6.3591 -6.4512
-1.7920 -6.2764
-6.4074 -6.4203
-4.6989 -6.1487
6.2365 -1.8170
6.3130 -6.2799
1.7338 -1.8427
-1.7006 -7.5637
6.5507 6.2045
-6.2494 -6.3408
-1.7761 6.2992
-6.4359 -1.7554
-1.8032 4.9627
2.6336 -1.3019
-1.7499 -1.7289
-1.7844 5.9298
6.4497 5.8001
-6.4306 7.7637
-6.4983 -6.4544
6.3485 -1.7910
-1.8422 -6.0904
6.5191 6.1677
5.8267 -6.0707
5.5030 7.2730
-1.7593 5.6184
7.0998 -1.6591
5.8442 -1.7380
-1.7332 -6.3261
-1.7616 -1.8004
-1.7282 -1.7863
5.8611 -1.7301
4.2859 4.6018
-1.7822 -1.7964
-6.1160 -1.7321
-1.6899 -1.8037
-6.2421 -1.7081
-1.8283 -6.2652
-1.7525 -6.1427
-6.3890 -3.2878
5.9942 5.7370
6.5678 -1.7701
-6.5265 7.2543
-1.7338 -6.0803
-6.1620 5.5927
-1.7395 -1.7742
6.2664 -0.0508
6.7622 6.2469
-6.0516 -1.7660
6.8455 -1.7086
-1.8592 -1.6763
-6.2380 -1.7872
-1.6930 -6.3683
5.7564 6.5751
6.1472 -6.2211
-1.7889 -1.8398
-6.2032 -1.8427
-6.3169 -6.1866
-6.5271 -6.4057
6.6784 -1.7985
-1.7909 5.2805
-1.6930 6.1286
-1.7455 -6.1665
5.7729 -6.0779
-6.3818 -6.1635
-1.8720 -6.4244
5.5988 7.1563
5.8276 -1.7634
1.8171 5.0545
-1.7124 5.9967
6.3673 -1.7197
-1.8510 6.3609
-6.3871 -1.7473
-6.6700 -6.4908
-6.1462 5.6893
1.6253 -6.1979
7.4533 -6.5095
7.0113 -1.7502
2.3315 -1.8515
1.0661 -6.1462
6.1294 -1.8191
-6.0129 7.5236
-6.3582 -1.7031
5.2193 -1.8050
-1.6607 7.2541
-1.7221 -6.1317
3.0409 -1.8632
7.6917 -1.8252
-1.8420 -1.7386
6.2994 -9.6706
6.9029 4.0648
5.6495 1.8920
6.1837 -6.3687
0.2269 -5.2242
5.8875 -1.7626
-1.6903 6.3033
-6.4475 7.3548
-6.2110 7.4763
4.6322 -6.1891
-6.4681 -1.7133
-1.8132 -1.7150
-1.7447 5.0392
-1.7534 7.0160
-1.7685 -8.3672
-1.7241 4.3431
5.6294 -1.7316
-8.2200 5.7816
-1.7071 -1.8745
-1.7704 -1.7763
5.7001 -6.1981
-6.2932 -1.8250
-1.7049 -6.3062
5.9474 -6.3652
-6.0304 6.1443
-6.4430 6.4323
-1.7575 6.4821
-1.9362 -6.1483
-1.7783 6.4052
1.2222 0.8120
-1.7682 -6.5010
-1.7863 -1.8090
-1.8163 7.3259
2.3341 6.8729
6.7545 5.2223
-1.7734 -1.7547
6.4627 -1.7865
5.5309 -6.2862
6.5736 7.4015
-1.6759 -1.7079
-1.8403 6.6562
-6.1494 -6.5320
-1.7651 5.8804
1.7563 -6.4569
-6.0254 -1.6809
4.4226 -6.2891
-6.3391 -1.7705
-1.8186 0.1879
-1.7683 6.4177
5.8923 -6.2030
-1.7156 7.5111
-1.7764 -1.7147
6.2327 -1.7715
-6.1668 4.9271
-1.8966 -1.8361
6.3753 2.5977
7.1488 -1.6230
-1.8068 -6.5182
-6.4119 -1.7687
-5.3178 -6.1206
-1.8313 -1.7925
-6.5512 -1.7979
6.5587 -6.2703
-1.7139 6.2060
5.3742 6.5544
-1.8347 5.9603
-6.1698 -6.3332
-6.0620 -6.1128
-6.4798 -1.6972
-6.4874 -1.8642
6.0492 -1.8203
5.8535 6.5484
6.9398 -6.1240
-5.0573 7.8472
6.1879 2.3838
6.3354 -6.3909
5.1799 -6.1031
-5.5186 5.8071
-6.3705 -6.4389
-1.7854 -1.7718
-6.4922 -6.3600
-6.5497 6.3453
6.3480 -6.2882
-6.3670 -1.7316
-6.3664 -1.7562
-1.7219 -1.8163
-1.7863 -6.3072
-1.7020 1.2691
-1.7035 -1.8285
6.7715 -6.2508
0.6480 -1.7200
-6.2249 -1.8180
-6.3658 -1.7268
5.8773 6.3533
-6.3150 6.2039
-6.1105 -6.4229
-1.6832 -4.1066
6.3718 -1.7389
-1.7655 7.3027
7.6492 -1.6936
-6.5550 -1.8544
-1.8620 6.9152
6.6140 -1.7379
-1.8215 -3.3825
-1.8344 -1.6888
-8.6855 -6.1801
-6.2530 -5.2614
-6.0544 -1.6577
-1.7883 -1.8044
-1.8410 5.4065
-1.6974 6.6189
-1.6977 -1.8067
-6.3563 5.4191
3.3634 -6.1565
-1.7835 6.7459
-6.2149 -1.7885
7.1436 -1.7637
-1.7557 -1.8115
-1.7151 -1.7325
-7.7534 -1.8041
-6.2063 6.4960
-1.6808 6.7544
-1.7028 -6.4131
-5.9626 -1.8476
-6.3066 5.9802
-1.6507 -1.7603
6.5021 -1.7621
-1.7134 -1.7816
-6.4858 -7.5495
-1.7264 -1.7924
-1.8049 -1.7374
-1.8541 -1.7618
5.7917 -1.7748
5.3904 4.7259
-1.7320 -1.7247
-1.8101 -6.3087
6.1144 -6.1696
-6.2791 -1.7220
4.5258 -1.6958
-1.7881 -1.7288
-6.2059 6.4019
6.0658 -1.8085
-1.6934 -1.7855
-6.2293 7.0315
-1.8010 5.4870
6.5550 5.9292
-1.7648 -1.8100
-1.8375 -5.7781
-1.9495 -6.3950
-6.2853 -1.7149
6.7765 6.5468
-6.1825 -1.7633
-6.2205 6.6366
-1.7419 5.8225
6.4758 -1.6371
-1.7956 -1.6927
6.9112 -1.8022
5.6731 5.2731
-1.7624 -1.7888
6.7238 -1.7425
-1.8416 5.4368
-1.7265 -1.7993
-1.7435 -1.7179
-1.6272 -1.7934
6.3317 -1.7516
-6.2062 -1.7565
-6.1935 -1.7409
-1.6990 3.8637
-1.7337 -1.8024
-6.2166 5.8903
5.3263 -1.7509
6.0132 7.6092
-1.7817 -6.0016
-1.8315 -1.6986
-1.7967 5.1585
7.3345 -6.4836
-1.7621 -1.8455
-1.7348 -1.7519
6.9650 6.6065
7.1722 -4.8433
4.8737 -0.4048
-6.2956 -1.7726
-1.7387 -1.7346
-5.4412 3.1094
-6.2748 5.7980
7.3139 -1.8086
-6.1870 -1.7676
-1.7732 6.3474
-6.3020 -1.7316
-1.8684 -1.7157
-6.2037 6.4059
-1.8004 -1.7253
-1.7733 -1.8097
-6.6587 5.3904
6.4977 -6.5603
-1.8455 -9.3713
-1.8918 -6.4976
5.4725 -6.8601
-1.6711 5.7521
6.8020 -1.8451
7.2783 6.4357
-6.1092 -6.2846
-6.4327 6.6849
5.2081 -1.7785
-1.7850 -6.4313
2.0919 -6.4353
-1.5896 5.5255
-1.8439 6.3734
-1.7886 -1.7786
-6.4246 -6.1598
2.9926 -1.7109
6.3861 5.6391
-6.3651 -1.8258
-1.6754 -6.3181
-1.7407 6.3166
-6.3059 -1.6918
1.8960 -1.7830
5.5685 -6.9960
-6.2596 1.8546
5.6946 6.3640
-1.9328 -1.7780
-6.3792 6.8799
-1.7892 -6.1945
-6.0220 -1.7677
-1.8123 -3.0603
-1.7768 -6.1102
7.2130 -6.8864
5.7958 -6.4036
6.4480 -1.8267
-6.5229 5.9866
-1.6616 5.6259
-1.6373 6.2565
-1.8980 5.5153
6.6670 -6.5489
-1.7451 -6.2716
-1.7571 6.4045
-7.9980 -1.7812
-6.0092 -1.7313
7.2482 -1.7823
-1.8512 5.0115
-1.7330 -1.7856
4.8690 -6.2711
-1.6668 -1.7807
6.8028 -1.8701
6.4028 5.8387
5.9210 -1.7171
-1.7586 7.1382
-1.8105 -1.7293
-1.7613 5.8956
5.5433 6.6786
-1.8117 -1.7369
4.7907 -6.2787
1.7252 -1.7306
-1.7478 -1.7522
-1.6701 -1.7541
7.3642 5.9401
-4.4446 6.3314
5.0461 -6.2175
-1.6959 2.3406
-6.3118 -6.3499
7.6947 -6.4765
2.1330 -6.3384
6.0324 -6.3011
-1.8200 -1.8403
-6.2583 5.6113
-6.3627 -6.0423
-1.7336 -6.1813
-1.7334 -6.3040
-6.3886 -1.7840
6.7545 -1.7082
-6.2643 -6.2888
-1.7848 6.1462
-1.7337 -1.7539
6.4381 -1.7413
5.6842 6.7916
-4.8854 -6.3312
3.5205 5.4322
7.3889 4.2614
6.2807 -1.8448
-6.4192 -1.7354
-1.7818 -5.9743
-1.7893 -6.3366
-6.4632 -1.8423
-1.8775 -1.7786
-10.1464 -6.5516
-6.2330 4.4412
-1.9336 -1.7644
8.1543 -6.4514
-6.3521 5.0033
-1.8409 -7.4503
4.8884 2.0044
-1.6795 -1.7771
5.4703 -7.3502
-1.7793 -1.8352
-1.7083 -6.2140
7.0007 -6.3706
5.4463 -1.8145
-6.5877 0.5795
-1.6902 -6.1959
-1.7393 -1.9256
-6.4559 -7.6117
-6.0730 -6.5243
-1.8031 -1.7799
-6.2613 -1.8802
-1.7881 6.1104
-1.8176 -6.5413
7.0537 -6.3865
-6.1199 4.9940
-6.2742 7.1925
-1.7543 -6.2069
4.6801 2.5633
-8.0048 6.8206
7.4672 5.7600
-1.7539 6.1182
-1.8788 6.2371
5.8496 3.3336
-1.7960 7.4920
6.1355 6.1833
-6.2312 6.5656
-6.2779 -6.0536
-6.0236 7.0681
-6.2447 -6.3553
-1.7400 -1.7910
-6.2656 -1.8357
-1.7890 -1.6773
7.0007 -1.7531
-1.8316 6.4501
1.6388 -6.3893
-1.8074 -1.7885
1.1105 -1.7557
-1.7073 -6.3786
-1.7098 -6.3123
-1.7319 2.1350
-1.8094 -1.6936
5.2728 -6.0743
-1.7281 -1.7761
-1.7354 -5.5792
6.4935 6.9999
-1.8333 -1.7727
-6.3048 3.6616
-1.7276 -1.7731
-6.3238 -1.7872
5.6008 -6.3456
-6.5249 -6.0877
5.5988 -1.7307
5.8782 6.1062
-3.7299 6.5133
6.3669 -1.8353
6.4836 -1.6538
-1.6888 6.1966
-6.2808 -1.7833
7.0177 -1.8747
6.1905 -1.8024
-6.3901 -1.7101
6.0993 -1.8133
6.9779 -1.8722
7.4105 5.5100
5.9667 -1.8013
2.8056 6.7507
-1.7828 -1.6904
-1.7384 -1.7378
-6.2355 -1.7660
4.9090 -6.1546
-1.7144 -9.7047
-1.9144 6.3656
5.6936 0.4930
6.9962 -1.8000
3.4046 -1.7300
6.8210 -1.7679
-7.3905 6.6858
-3.3026 7.3027
6.0031 5.9127
-1.8489 -1.8410
-1.8572 -1.8054
6.9865 5.6349
-1.7620 -1.8133
-1.9065 -1.7654
-1.7851 -1.6798
-6.2127 7.6485
-7.1841 -6.1604
5.9453 -1.8337
-6.2138 -4.9630
-6.5451 -1.7662
5.0953 6.0710
6.3106 -1.8232
6.1771 6.6733
-1.7331 5.3943
5.1795 -0.6234
-1.6296 -1.7610
-6.5443 1.2645
-1.8321 -4.4096
6.5901 -1.7553
5.9976 -6.0745
-1.7827 -1.7557
7.2334 -1.8092
-1.9009 7.2495
-1.8823 -1.8048
-1.6585 -6.4009
-1.8393 6.6019
-1.8073 -1.7810
-1.7562 6.9802
5.5865 -1.7776
-1.7667 -1.7852
-1.6535 3.7752
-1.7428 -1.8060
-1.8783 -1.7616
-1.7388 5.5738
8.1698 7.1635
-6.1763 -6.3543
-1.8352 -6.4665
7.0902 -1.8141
6.2899 -6.3010
-1.7332 6.6633
7.1353 -1.6815
-1.8024 4.8796
6.8084 -1.5905
-1.7302 -1.7664
-5.0018 7.1957
-1.7486 6.1716
-2.2831 6.3077
6.1354 -1.7488
-6.1421 -6.4529
-6.4421 -1.7760
-1.7184 -1.7260
-1.7316 -1.7358
-1.7179 -1.7567
-1.6819 7.1376
6.6868 -1.6806
6.4872 -1.8158
-1.7952 -1.7245
-6.2404 -1.7035
-6.3064 -1.7514
7.0454 -1.7965
5.7294 -6.4015
-1.7123 -1.8039
-6.1796 -4.1590
5.9952 6.0047
-6.2352 -1.6547
6.5111 -1.8206
-6.3694 5.9015
-1.8442 6.8463
-1.7579 -1.7268
-1.8419 -1.7703
6.2000 -6.2184
-6.0529 -6.2329
-1.7003 -1.7700
-1.7357 -5.6680
-1.7246 -6.3755
5.6270 -6.5838
-1.7567 6.5047
5.5041 -1.7876
-1.7743 -1.8396
-1.7190 6.4825
-5.7126 -1.7467
-1.9528 -1.7130
-1.7427 5.6025
-1.7574 -1.6905
-1.6982 6.9152
7.6802 7.6131
-6.3402 -1.7068
3.2280 -8.8707
-1.8032 -1.8878
-1.7661 4.5064
-6.4081 -7.7365
-1.7579 4.5542
-1.8035 -6.1627
6.7320 -6.6465
6.2305 6.5503
-6.2043 -4.9260
6.6196 6.1575
7.1215 7.1866
-1.7825 -1.8237
-1.7105 -6.0612
5.9597 -1.9034
-1.8027 -6.2667
6.2135 -1.7918
-6.5959 -1.8316
-5.3338 -1.8261
-1.7880 6.7385
-1.7740 -6.5189
-6.4582 2.1482
-6.3158 -5.7738
-6.5265 3.8580
-6.2102 6.6599
-6.3066 7.6151
5.3529 -1.8030
-6.5541 -3.5565
-1.7986 5.9282
-6.3947 -1.7832
6.2430 6.2519
7.5568 6.0009
6.1144 -1.7029
8.2113 7.2791
5.1717 -1.6985
-1.8359 7.0452
-1.8214 6.3477
5.6745 -1.3052
6.5492 -6.2390
5.2651 -1.6940
-6.2599 -6.3443
-1.8388 6.0995
-1.7447 -1.8397
-1.7466 6.8548
6.2225 -1.8259
5.2803 -6.1220
-6.5498 -6.2460
-6.4095 6.5474
-1.8358 -6.3736
5.6289 -1.8226
-1.7612 4.9170
-6.0784 4.2658
-1.7052 6.0869
-1.7723 1.9205
-6.2983 5.1319
-1.7048 6.2727
-6.4441 -6.6349
-6.4628 5.9196
-1.8194 -6.5087
7.0185 -1.7980
6.1350 6.6281
-1.7773 4.9366
-6.1976 6.5420
-1.7840 5.2478
-1.6238 7.1442
6.1321 5.5073
5.8018 -6.3111
-6.3931 5.8984
-6.1488 7.6378
-1.7942 -1.7378
-6.1140 -6.3944
-1.8429 -1.7417
-6.4637 -1.7736
-6.4440 -2.0953
6.2319 -1.7009
6.9104 7.5361
6.0126 -2.2942
4.8742 -1.7536
-6.5228 6.9267
-1.7332 -6.1873
6.3304 -1.8231
-6.2098 -6.3562
5.7042 5.4611
-1.7168 5.3064
5.9522 -1.7850
-6.2182 -1.7104
-6.4747 -7.7571
-1.8169 -1.7494
-1.7658 4.8865
-6.2845 -1.7621
-6.2408 -1.7807
-1.8089 -6.3862
-6.1978 -1.7934
6.8561 6.3012
8.4491 7.3529
4.7244 -1.8062
5.7108 -1.7445
7.0307 -4.6787
-6.3034 -9.2422
-6.1244 -1.7076
-6.1125 -1.7704
-1.8260 5.2467
6.5385 -6.3173
-6.2419 -1.8560
-7.9121 -6.4014
-6.3909 -1.8125
-1.8793 7.4204
6.0604 -1.7418
6.0259 -6.1732
7.6015 6.3657
6.3879 6.4147
7.2336 -1.8175
-1.7864 -1.7863
-1.7354 -1.8406
4.9587 6.9571
-1.7962 7.1624
-1.7955 -1.8420
-1.8146 -1.8229
3.0040 -1.7401
-6.2522 4.6205
5.5577 7.6954
-6.5538 6.9678
1.1938 -1.8141
-6.3129 -3.7896
4.3044 -6.4682
-1.7521 6.6356
-1.7314 -1.8156
6.3223 -3.6725
-1.6527 -1.7014
-6.1812 5.9177
-6.2467 5.7902
-1.7735 7.6826
6.4348 4.9918
-6.0432 -6.2967
-1.7706 -6.0759
-1.7437 -1.7572
4.9264 -1.8445
-1.8106 -1.7109
-1.7712 -1.7234
-6.0098 -1.7451
-1.8465 -1.8075
2.8892 -1.7489
-6.4126 -1.8038
-1.8606 7.4920
7.6868 -6.0464
-6.0837 -6.3266
-1.7595 -1.8377
5.8068 -1.8045
-1.7688 6.4130
7.4811 -1.7555
-6.3688 6.0224
-6.5253 5.7209
-10.3077 -1.8848
-1.8120 -1.8742
-6.1529 6.4567
-6.3733 -5.9380
6.9201 -1.7112
-1.7782 -1.7593
-1.8450 -1.8263
-1.7952 -1.7998
-1.8317 6.1965
-1.7787 -6.3927
-1.7547 -1.7811
-1.7416 -1.7517
-1.7572 -1.8426
5.9121 4.7048
-6.5373 5.6793
-6.0699 -1.7231
5.2079 -13.4204
6.8422 6.6597
-1.8540 6.6417
6.0292 -1.7608
-1.7644 -3.8410
-6.1873 -1.7697
6.1535 -6.4293
5.8707 -1.8694
5.7839 -6.3052
-1.7843 -1.8260
-1.7936 -1.6681
-6.2610 -1.6486
-1.7681 -1.8717
-1.7883 -6.4055
-1.8056 -6.4255
6.3501 -1.7780
-5.2701 6.1469
5.1972 -1.8840
-1.6716 -4.1038
-1.7211 5.2637
-1.7542 5.5420
-1.7609 -6.4357
-1.6815 -1.7891
7.4799 -1.7697
-1.6709 -1.8116
5.2288 -1.7717
-6.3098 -1.7747
6.2354 -1.8300
6.1396 8.1821
6.4449 -4.0313
8.0357 -1.7308
-1.7497 -6.1409
-6.3074 -1.7452
-6.4125 -6.3764
-6.4255 6.3983
-1.6707 6.2464
-6.3119 -1.7521
6.6651 -6.4984
6.7214 -1.7362
5.2582 6.7660
5.6109 -1.8414
-6.1885 7.0436
5.2474 -1.6675
5.6242 -1.7473
4.2370 -1.7513
-1.8307 6.9957
-1.8103 -6.1042
6.2150 -1.7998
-1.7108 -6.2870
-1.7201 -1.7675
-9.2845 7.0101
-9.7679 -1.7197
-6.2179 -1.8202
-1.7806 -1.8700
-6.1607 -1.7843
5.2666 -6.2663
6.2152 -1.7071
5.3702 -1.7690
-1.6903 -1.7599
-1.7435 5.9725
5.9090 -6.4883
-6.3109 -6.3969
-6.3490 -1.7823
-1.7509 -1.7758
-6.3789 7.6933
-1.6676 6.5929
6.3519 -1.7717
-1.8144 7.0530
-6.3036 -6.1885
-1.7883 -1.6947
5.8441 6.9608
6.2640 -6.1441
-1.8061 -6.3226
5.5946 2.9439
-1.7842 -1.8084
-6.4201 -6.2337
6.2595 -6.4569
5.0523 4.8718
5.4678 -6.2315
-1.7821 -1.7957
-6.9393 -1.6753
-1.7783 -6.3939
6.1400 -1.7617
6.3718 -6.2753
-6.2263 -6.1681
-1.7365 2.6171
-1.8263 -1.7337
-1.7808 5.2197
6.3465 -6.2043
-5.4442 6.2508
-6.4266 1.7197
-1.8244 6.1093
-1.8178 -6.3232
6.3263 -1.7787
-1.8109 -6.5801
6.5463 -1.7836
-6.0767 -6.2698
-1.7299 7.1125
1.2290 -1.7275
6.1237 6.7624
-1.6818 -1.7565
5.1980 6.9606
-1.7290 6.3120
-5.2514 -6.2722
5.5678 -1.7588
-6.4674 -1.6642
6.6855 -1.8152
5.8955 6.4462
5.7632 -6.1446
-1.7673 -6.6147
-1.7917 -1.7095
5.2988 -1.6541
6.2729 -1.7825
-1.7225 6.4272
-1.8658 -5.6944
5.7994 -6.4896
7.8914 -1.6077
3.2533 -1.7777
-4.9005 -6.5649
5.5720 -7.1570
-1.7900 -6.5371
-7.5819 6.2124
-1.8002 5.8324
7.7129 5.0743
-1.7152 -1.4525
-1.7267 -1.7979
-6.2940 -1.7461
-1.8037 7.4225
-4.4225 -6.3886
-6.3384 6.5483
-1.7930 5.5442
-1.7675 -6.0959
-1.7709 6.7089
-1.7264 -4.9066
-6.1452 -1.7372
3.5690 -6.2850
-1.7228 -1.7658
6.7415 -1.8208
-1.7976 5.3647
-1.8103 5.1482
-6.5109 6.4955
6.7722 -1.8211
-6.2213 -1.7540
6.0365 -6.0780
-1.6665 -6.3236
-1.7122 -1.7998
-6.2143 7.0728
7.2680 -6.1551
-6.3184 4.8804
-6.3102 5.5862
-6.4223 -6.1625
5.5078 -6.3490
-6.4562 -6.3225
2.3101 -1.7817
-1.8582 -6.4293
-1.7841 -6.1436
6.2992 -1.6645
-4.1214 -4.8249
6.2354 -1.6836
6.6154 -1.7759
2.4684 -1.7926
-9.1643 -6.0722
-1.7675 -6.5073
-6.4251 -1.8427
6.8791 -1.8562
5.8412 -6.5863
2.6288 6.1156
-1.7231 -1.8133
-1.7614 5.9723
-6.4581 -1.6222
-6.2288 -1.8339
-6.8752 6.5595
-6.3316 -1.7873
-1.7750 -6.2822
-1.7363 5.6507
-1.8309 -6.4071
-6.0352 7.2952
-6.2611 5.8322
-1.8218 6.9642
4.9513 6.0208
7.0213 5.9212
6.5075 -6.5164
-1.6759 -1.7135
6.8747 -1.7712
5.3441 5.7937
-6.5889 -6.4978
-1.7464 -1.7977
-6.5841 -1.7256
6.9110 -6.2054
-4.0563 -6.4379
-1.6633 -1.7006
2.0709 6.1201
7.0176 3.7065
-1.7299 -1.6948
-1.7966 5.8849
-1.7902 5.5325
-1.7300 -6.4856
-6.2032 -6.2639
-5.9178 -6.2373
-1.8940 -1.7411
-1.6381 -1.8331
-1.7171 -5.8528
-2.2143 -1.6808
-6.4291 -1.7659
-6.2952 -1.7704
-6.2685 -6.3619
-6.1892 5.8951
-6.1502 6.6490
6.1892 -1.7797
-1.7622 -1.7664
-1.8033 6.4536
0.6418 -1.7364
-1.7855 -1.7817
-6.5053 -6.2783
-1.8158 -6.4391
-1.7058 -1.7777
-1.8219 -4.3726
-1.7167 8.4107
-1.6871 -1.7095
6.5298 6.5005
-1.6897 -1.8318
-6.1347 -6.2843
-1.8208 -1.7704
-1.7213 -6.2533
4.0601 -6.4190
7.0067 -6.4397
-1.8252 6.7828
-1.8401 -1.7517
-1.8793 -1.7600
-1.7909 -1.7309
-1.7982 -6.2052
6.7256 -6.2776
-1.8792 4.4898
5.8647 -6.3899
-1.7063 -1.8061
-6.3189 -1.7520
-1.8382 -1.7226
7.3294 -1.7398
-1.8300 6.1081
-1.9168 7.6999
6.3549 7.1650
-6.1438 -5.9828
-6.7320 -1.8169
-1.7311 8.0983
-1.7682 -6.3964
-1.8553 7.2576
6.1690 -6.1210
6.7848 5.1744
-1.7517 -6.3221
5.8134 4.3782
-6.2572 -6.2686
-6.4651 5.0242
6.6075 -6.2903
6.8274 -1.8522
-1.7994 -1.7265
6.0746 -1.6846
-1.7660 -6.6079
6.0464 -6.5969
-1.7682 -10.4596
-6.3259 8.1664
-1.7271 -1.7388
-1.7151 -1.8594
6.7115 -1.8562
5.8621 5.8479
-1.7783 -1.8045
-1.7432 -1.7967
6.9852 -1.7078
-1.8479 -0.1738
-6.5491 -6.2782
6.1851 -1.8210
-1.8213 -1.6784
-1.7045 -6.2658
-1.7385 7.5727
5.7979 -1.7523
-1.7389 -1.8149
-1.7149 -1.6670
-1.7492 -1.7980
-1.7675 -6.0509
-6.4054 -1.7934
-1.6818 7.2420
-1.7681 -1.8394
2.6812 -1.7477
-1.7835 -6.2990
-1.7370 -1.7719
-6.3530 6.4127
-0.0995 7.3266
6.6530 7.3862
-1.8186 -6.4228
5.4308 -1.7447
5.6240 7.1851
-1.7204 -1.7309
-1.7309 6.5117
7.0832 5.8725
-6.5785 6.4447
6.5963 -1.8214
-1.7497 -1.8246
6.1552 -1.7378
5.1546 -1.7255
5.7743 -1.8634
-1.7915 -6.4875
-1.7370 2.1152
-6.2673 -6.3024
6.6294 -1.7557
-5.8983 6.0123
-1.7806 5.6768
6.3260 -1.7901
-1.6735 -6.3883
2.3760 6.0676
-1.7637 4.9432
-6.3974 -1.7897
6.7809 -1.7314
-1.8023 7.4817
6.9300 5.9659
-6.0916 6.3852
6.7125 7.0157
-6.0332 -5.9745
7.6517 -1.7215
-6.4986 -10.2668
-1.7471 5.8786
5.2199 5.2463
5.4274 -6.6242
5.8294 -1.6849
-6.4079 -6.2701
3.2461 -1.6994
-6.6077 6.7169
-1.6530 -1.7873
-6.1528 5.9672
-1.7615 2.4461
6.0209 5.0941
-1.9052 -6.6312
3.8093 -1.7232
-6.5132 1.7399
-1.7613 -1.7079
-1.8617 -6.3175
-1.7909 7.1919
7.0352 -1.7336
-1.6557 -6.2978
6.2752 5.4552
-1.7430 -1.7854
5.0010 -1.7915
-1.8041 -6.3258
6.1780 -1.7319
-1.7390 -1.8399
-6.3236 -1.8200
5.7419 4.3915
-1.7485 5.7634
-1.7397 -6.1910
-6.3700 6.3290
5.5361 5.6930
5.5423 -1.8082
-1.7503 0.4328
6.6574 -1.6741
5.0206 -6.5182
7.2049 2.5222
7.1486 -6.3861
6.1569 -1.8479
6.9072 5.7243
5.0555 -6.5591
-3.1046 -6.1869
-5.4272 -4.6530
-1.7204 -1.7954
-4.2454 5.9808
4.6276 8.2419
-1.9335 -1.7383
5.8385 -1.8034
7.2284 7.2791
6.8752 -1.7605
-1.6812 -1.8473
3.4225 -6.1313
6.2613 -1.8073
5.7265 -6.1082
-1.7002 -6.1716
-1.7602 -6.3145
-6.2081 -1.8335
-1.7603 -1.8239
-1.7633 -1.7979
-1.7918 -1.7389
7.1697 -1.7812
6.9461 -8.1260
-6.3288 6.3975
-6.5468 -6.1166
-6.4072 6.2228
-1.8417 6.6419
6.3657 -1.7470
-6.4797 -1.7794
-6.1398 -1.8122
-1.7462 6.4025
7.1454 -1.7166
-1.7465 -1.6477
-1.7979 -6.1318
-1.7096 -6.3565
-1.7881 -1.7688
-1.7546 -1.7057
-6.2276 -6.4939
5.3320 -1.8102
-1.6822 -6.3528
-1.7503 6.1220
-1.8255 6.2661
-6.2521 5.0775
-1.7896 -1.7594
8.1566 -1.7145
-6.3715 -1.9029
-1.7230 5.0297
-1.8442 -1.7822
7.5051 -1.7572
-1.6992 5.6247
-1.7546 -1.7896
-6.2109 5.7113
-1.8685 -6.3709
-1.8075 -1.7560
-6.3318 -7.4712
-1.6954 -1.7260
-1.7355 -6.4176
-1.6666 -1.8105
-7.4694 -6.4693
5.4951 5.0164
-1.8567 5.8165
-1.7956 4.7080
-6.5578 -1.8136
5.7272 1.7482
6.0598 -1.8126
6.8058 6.4401
-1.7444 5.2894
-1.8096 4.7075
-6.3371 -6.2802
6.3363 -1.7188
-6.0719 -6.1080
-1.7400 -7.4938
-1.8310 -1.6972
-1.7307 6.6134
-1.6910 -6.6172
-1.8006 -1.8000
-6.2259 -1.8653
6.0337 -6.1492
6.3829 -1.6854
-1.7984 6.6392
-6.4056 -1.7853
-6.0778 6.8080
-1.7769 2.3009
-6.5238 -6.3195
-1.8776 4.2387
-6.3005 -1.8005
-6.2650 -6.3656
-1.7786 -6.4643
-1.7705 -1.7903
-1.7655 -6.2081
-1.8006 -5.9511
-1.7937 -1.8068
-1.8647 -6.2088
4.6618 6.9353
-6.1054 6.4231
5.8289 6.6625
-1.7013 5.9500
-1.7775 -1.7675
-1.7693 -1.7254
5.6408 6.5759
4.5273 -6.2816
1.6141 -1.7864
-6.3932 -1.6966
-6.1200 -6.0619
-1.7726 7.4221
-1.7915 -6.2413
5.8964 4.1157
2.8166 -6.3924
-1.7294 -1.7599
-1.8929 -6.2296
-6.3840 -6.1965
-6.3566 5.3712
0.0555 -1.7634
6.2497 -1.6947
6.7118 7.0188
-1.7712 -1.7421
6.8712 7.3390
-1.7826 7.2687
-1.8817 -1.8949
-1.7976 -6.4518
5.5169 -1.8318
-1.6781 -6.4013
-1.8218 6.6838
-1.8383 -6.1443
6.2377 -6.3936
-1.7521 6.4074
4.0707 7.0609
-6.2676 -1.8139
7.4178 -6.3158
-1.7801 -1.7785
6.7171 -1.7468
-1.8137 -1.7734
6.4349 6.1323
-6.4721 -6.2720
-1.6988 5.9691
-6.0144 -1.8016
5.9249 -1.7245
-6.1329 -1.6943
-1.7920 6.9540
-1.7968 -1.7576
-1.8255 -4.0229
-1.6861 -1.7400
-1.9510 -6.4486
-0.7986 -1.6833
-1.7454 6.4162
-1.7914 -6.3655
-1.7315 -1.7617
-1.7275 5.6594
5.8371 -6.2535
-1.8221 -6.1606
5.6669 -6.0986
6.4800 -6.4097
-1.7154 -1.6942
-1.8121 -6.6721
-1.8260 -6.1764
6.6682 5.7318
5.9536 -6.1941
4.6340 4.9545
-6.3401 -6.5523
-6.1515 -6.3537
-1.8482 2.7175
6.6104 6.1075
-6.2722 -1.8585
6.6209 -1.7984
7.2550 -6.1895
-6.1725 -1.7864
5.3368 -2.0234
5.7662 -1.7559
-6.3439 -6.2546
-1.7982 -1.8002
-1.7371 6.4542
-6.2349 5.8689
-8.2701 -1.7358
-6.4037 -6.2706
-3.1755 -6.2316
-6.4564 7.2816
5.9653 -1.7496
7.6096 -6.2794
-1.7894 -6.6316
-6.2910 -6.4293
5.0860 5.6680
-6.5873 -1.7010
5.2515 2.2686
-6.4092 5.6692
6.6242 -1.7470
-1.8673 -1.8063
-6.1319 -6.2533
-1.8005 -1.7910
-6.5711 -1.8298
-1.7348 6.0805
6.7654 -1.7925
-1.8259 -1.7585
-4.9833 -1.8747
-1.6871 -1.7786
-1.7966 7.1623
-1.7050 7.5877
6.9484 -6.1631
-6.3502 6.0609
-1.8137 -1.7805
3.5546 -1.7017
-6.3777 6.7758
6.1439 5.9842
-1.7687 -1.7958
-1.7869 -6.4304
-1.7783 -9.9406
-1.7329 -1.6919
5.3296 -6.3316
-6.4273 -6.3904
7.3391 6.2241
-5.9501 5.6625
-1.7103 5.7582
-1.8067 -6.3112
-6.4844 -1.7313
7.4572 -1.7991
6.5688 -1.7192
-1.7661 -6.3010
-1.8351 -5.8543
7.0865 -1.8047
-5.9961 5.9767
3.6311 -1.7549
-1.8432 7.0804
-1.6324 -1.8378
-6.0974 -6.0379
-1.6775 2.7603
-1.7585 -1.7457
-1.8133 -1.7603
6.4521 -1.8112
7.4606 -1.7735
7.1411 -1.7133
-6.3846 -1.7697
5.2915 -6.1903
-1.6876 -1.7490
-1.7199 -6.1736
-1.7724 -7.2614
-1.7863 -1.6815
-6.1798 -7.7956
-1.8583 -1.7070
-1.8217 -1.8290
-6.3563 5.4969
-6.1281 -6.1049
7.5200 -1.7702
-1.7686 5.3299
-1.7704 6.4174
-1.7583 -6.4432
-1.8538 -1.7718
-1.6840 4.4921
-1.7683 -6.4918
5.8616 -1.8689
-1.8655 -1.8175
2.2188 -1.7416
6.1592 5.8168
-1.6670 6.7747
-1.8205 6.3464
-1.6931 -1.6896
4.7238 -1.7519
5.8055 6.8258
2.1494 6.0166
6.1152 -1.8547
6.6409 -6.3655
5.7506 6.2993
-6.3785 4.5446
6.9351 -1.7792
-1.7382 6.2211
-6.3919 6.1838
-6.4359 -1.8128
-1.6493 -6.2493
6.2774 6.3541
-6.2296 -6.3354
-1.6882 7.2518
-1.7794 -6.2797
7.1813 -6.1878
7.1600 5.0128
6.8391 -1.7595
-1.8005 -1.8221
5.2609 -1.7889
6.8324 5.2863
-6.3689 4.9343
6.8396 -1.6548
-1.7121 -1.8291
-1.8195 6.9225
-1.7253 -1.8116
3.9424 -1.8423
-6.3499 -1.7005
-1.7752 6.3052
5.8612 -6.2959
-9.9398 3.6850
5.4838 -6.2589
5.7669 6.5642
-6.0280 -6.2604
6.6089 -5.9844
-1.7963 5.6667
-1.8366 6.9639
5.7530 -1.7762
5.7488 6.4113
5.7077 -1.7432
-1.6871 -1.8273
-5.8835 5.6941
-1.7819 5.6504
-6.1647 -5.9679
-6.2630 -6.3383
-1.7478 -6.4002
6.4165 -1.7918
-1.7287 -6.2123
-1.8396 5.4445
6.4756 6.8619
7.3971 -6.2703
-6.1267 7.0876
-4.8293 -1.7177
6.3271 -5.4954
5.8450 -1.6879
-6.3208 -1.8486
-1.7938 -1.7654
-1.8239 5.1804
4.6173 -6.3744
-1.8026 -1.7611
-1.7211 -6.3374
-1.7430 5.9881
-5.0849 -6.2410
5.9479 -1.7716
-1.7894 -1.7231
-1.8272 -1.7626
-1.8059 7.0471
-1.7353 -1.7896
-6.4167 7.4644
6.2968 4.7823
6.8098 -1.7960
5.2768 -1.8247
-8.1863 -1.8104
5.8102 -1.7957
-1.7193 5.4063
-6.3354 5.3162
-1.7305 -1.8058
3.1355 -1.7183
5.4289 -1.7525
5.4407 -1.7954
6.9999 -1.8003
-6.4265 5.2732
-1.8227 -6.2717
-6.2770 5.8371
-1.8738 -1.8076
-1.7554 3.6760
-1.8081 5.7477
-7.2020 6.9414
5.9340 -1.7304
-1.8844 -6.4245
-6.2794 -1.8162
-6.3249 -1.7453
-6.3328 -1.6689
-1.5614 -4.2698
-6.3595 -1.8469
-1.7791 5.6812
6.7634 -6.1717
-6.2952 -6.2797
-6.2225 5.6990
-6.5564 -1.7822
-1.8394 2.2938
-6.3172 6.7625
6.4139 -1.8333
-6.4646 5.7770
3.8358 -1.7735
-6.2792 -1.9024
-1.8097 2.9170
-6.3875 1.4046
7.2782 5.7786
-2.8130 -1.7754
5.7766 -1.7235
-1.7443 -6.3156
6.9968 6.3590
-1.7966 5.3634
-8.0443 -1.7873
-1.8616 -4.8059
5.8678 -1.7017
-1.7879 -1.7677
-1.7715 -1.8061
-9.7071 -1.7709
-1.7458 -1.7178
5.7280 -1.8087
4.9503 -2.8376
-1.8034 -8.2696
-6.3142 -1.7364
6.3217 -7.2799
-1.7447 6.6266
6.1619 -1.7840
-1.8104 5.9551
5.8988 -1.7183
7.4437 -6.4209
-1.7024 -6.4095
-6.2829 4.3561
5.3680 -1.7584
-6.3483 -1.8124
5.2657 -9.1512
-1.6701 5.2577
-1.7730 -1.8895
7.0025 -1.7514
5.6887 0.4206
-1.8604 6.2751
-1.7889 5.8351
-6.4450 5.8903
-1.7482 -1.8336
-1.7941 -6.2466
6.9855 6.4507
-1.6839 6.4156
-6.4821 -1.7607
6.1224 -3.5413
-6.1928 -6.4446
6.6944 6.5059
4.6880 -1.7293
-1.7550 -1.8194
6.3190 -1.7552
-6.4164 5.5197
6.5672 -1.7895
-6.1642 -6.2766
-6.2338 5.4125
6.2963 6.2116
-6.2625 -1.7531
-1.8887 5.3294
-1.7254 -1.7153
-1.8226 4.8167
-8.4193 1.5702
5.9750 -1.6795
-3.9499 -1.8241
-6.4699 -6.4351
6.0601 4.7972
-1.7308 -6.4465
5.8931 -3.9768
6.6077 -5.1233
6.1813 5.9220
6.9712 -1.8289
-1.7907 3.6555
-6.1857 -6.5631
-1.7703 -6.2889
-1.6838 -6.4710
5.0196 -1.8454
6.1367 2.2997
6.1346 7.1918
7.5977 -1.7419
-1.7601 6.2409
7.3192 -1.8155
-1.6692 -1.8987
-1.7099 -6.2623
-1.8256 -6.5340
-6.4027 -10.4267
7.0161 -6.2495
-5.4880 -6.3541
-2.3082 6.0835
-6.5170 -1.8440
6.8320 -1.7574
6.1582 5.9619
-6.3419 -1.7357
-1.7447 6.4251
5.7165 5.8075
5.8418 -1.7598
-1.7912 5.3000
6.3729 -4.3611
6.8122 -1.7006
-1.8119 -6.3085
5.9589 6.0966
6.5748 -1.7031
-1.8731 -6.4463
2.7601 -1.7959
-6.4751 5.1416
-8.3852 -6.4256
-1.8059 2.8144
6.1893 -1.7553
6.3126 -1.7805
-1.8590 6.3643
6.0794 5.4301
-5.5225 -1.7515
6.7805 5.7985
-1.8028 -6.3445
-1.7961 -1.7599
6.9204 -6.4261
5.7074 -6.1493
5.8935 -6.3371
5.8305 -1.8393
7.1021 5.4564
-1.7177 5.6172
-6.0662 -1.7666
5.4097 -6.2020
-1.7243 6.7730
-1.8361 5.6229
-1.6808 7.1440
-1.7646 -6.2602
-1.6781 -1.7804
5.6871 -1.7380
6.7369 5.6165
-6.4509 -1.6939
5.6985 -1.7206
-6.4998 -1.8117
-1.8252 5.9104
-1.6930 -1.7357
-1.7877 -6.3013
-6.2170 -6.2806
-1.8607 -1.6604
-6.0916 5.9250
-1.7272 6.4629
6.5157 -1.7370
7.6865 -1.7344
-6.4332 -6.3508
-1.8627 6.3017
-1.7664 6.3943
5.8668 5.7202
5.8489 -1.7079
6.3231 -6.2663
5.0194 -1.8275
-6.4370 -1.8382
5.8848 6.3311
-1.6980 -6.3953
-1.7112 5.8709
-6.4254 -1.8360
-6.3934 -1.7811
7.1010 -1.7818
6.7866 -6.4087
5.8886 -1.7660
-6.1656 7.1709
-6.3803 -1.8178
6.8041 -6.4389
-6.2696 -6.3777
-1.6631 -6.0894
6.2123 -1.7652
-1.7591 3.2655
-6.3130 -7.4588
-1.7580 -1.7530
-6.1855 -6.1578
-6.3351 5.8371
-6.2872 -6.5563
5.5581 -5.9563
-1.8095 6.1008
-1.8502 -6.5167
-1.7868 -6.4127
-1.8422 -1.7708
-1.8013 -1.6887
-6.4929 -5.8700
-6.3480 -1.7734
2.4572 7.5473
-1.7128 -1.8196
-6.6326 -1.7616
-1.7679 -10.3032
5.8531 7.4400
-1.7905 -6.4689
-1.5993 2.8722
-1.7174 -6.0733
-1.8453 5.3500
-1.7384 -6.3678
7.1380 3.2722
-6.4883 7.4381
-1.7881 5.4452
-6.1499 -6.1860
5.7358 5.5146
-1.8235 -1.7300
-1.7769 -6.1011
-1.7982 -1.7144
6.2855 -6.4602
6.6874 -1.7073
-6.2681 5.6931
-6.3572 5.5519
-6.3092 -1.8022
7.7122 -10.2544
5.8470 -6.0317
-3.4527 5.4374
6.1722 7.4372
-1.7724 -6.2431
-1.6920 6.5116
6.8010 -1.7837
7.0253 7.0276
5.8481 -1.8529
-1.8300 7.4832
-9.4398 6.4184
-1.7711 -1.6791
-1.7582 -1.7619
-1.7663 -1.8158
5.5975 5.4318
-1.8014 -1.7620
-1.6226 6.9762
-1.6881 -6.2819
-1.7955 7.3994
-1.8172 4.0829
-1.8897 -6.3884
5.7973 6.4319
6.2429 -1.8347
-6.3048 1.9767
-6.2588 -1.7870
-1.7629 6.8083
1.3752 4.6160
-1.7675 5.7401
-1.7421 4.8904
-6.3360 4.5664
5.4827 5.6911
-1.8548 7.7481
-1.8585 -1.7047
1.1957 -1.7183
-3.6314 -1.7816
-0.5570 6.3549
-1.7808 6.9988
-1.7898 -1.7567
5.3467 -6.1873
7.4713 -1.6859
5.7003 -1.7721
-1.6648 -1.7251
-6.2671 3.9758
3.2016 -1.7724
-1.8570 6.0756
7.4702 2.0871
-1.6810 3.0791
-1.7671 -6.0958
-1.7953 6.3772
-1.7837 7.1305
-1.7015 -1.7724
-0.0537 -1.7896
-6.2575 -6.3437
-1.6804 1.7793
6.8314 -1.7014
-1.7298 7.3346
-1.7708 5.8788
-1.8245 -7.5880
-8.1442 -1.7333
6.5075 -6.3898
6.5284 5.8339
6.6345 -1.7405
-6.5316 -1.7469
-1.8179 -1.8137
-6.1286 5.2281
-1.7932 -1.7940
-8.1580 -1.7463
-6.3045 -6.4921
-8.8921 -6.4553
-6.2633 -1.6757
-1.7457 4.5325
6.8914 -1.7750
5.9553 -1.6833
-6.5259 -1.7144
6.3265 -1.7110
6.4589 6.4896
-1.7628 5.4964
6.7747 1.8546
-1.6501 6.3992
-6.4759 6.0951
-3.7690 -1.8493
-1.8436 6.4653
-6.4401 -1.6637
6.3390 7.5184
-6.4559 6.2288
-6.3061 -6.4087
-1.8284 -6.3498
-6.3922 -5.7072
6.2800 -1.8897
7.3412 -1.7661
-1.7534 -6.1892
-6.3289 -1.7566
6.1922 6.9741
6.6145 -6.0641
-1.8087 -1.7467
-1.1228 -1.8486
-1.8128 -1.6977
-6.2593 -2.9862
-1.7650 -1.7770
3.5038 6.1300
-1.7477 -6.4041
-6.0936 -1.8951
-6.1329 -6.2017
-1.7763 3.0042
5.9623 3.3013
7.2194 -1.8235
-1.7460 5.8724
-1.7706 -1.6937
5.7282 -1.8191
-7.2325 -1.7585
-1.8348 -1.7798
5.7228 5.6565
-1.7437 6.2754
7.0712 -1.7282
-1.7625 -1.7069
-1.7423 -1.8038
6.7216 5.5159
6.1212 -1.7682
-1.7295 -1.7301
-1.7496 -6.3731
-1.8164 6.6882
-6.3283 6.7306
5.7031 5.2243
-1.8907 6.6983
-6.3090 -10.6089
6.3526 4.9741
-1.7795 -1.7832
-1.7604 6.5222
-1.7670 2.7770
-1.8502 7.9125
-6.2932 -6.4295
5.8638 -6.3719
-1.7355 6.5045
6.1549 -1.7402
-1.7635 -2.6341
-1.6745 -3.8966
-6.3014 -6.1382
7.5724 -1.6476
-1.7002 -1.7780
-6.4639 -6.2136
-1.8104 -6.2399
-6.1536 5.5669
6.4047 -1.8595
6.1341 -1.7424
-1.8181 -6.3852
-6.4726 -1.7498
5.7201 -1.7740
-1.8385 -1.8408
-1.7435 6.8246
5.7346 6.7012
-6.1332 -1.7928
-6.3548 -1.7611
5.3953 -1.7589
6.0688 6.8606
-3.2865 7.3370
3.2676 5.6645
5.4273 5.2146
7.2607 -3.8856
2.6832 4.4596
3.8906 5.9867
-1.9446 5.1712
7.7041 2.4431
5.1833 5.6748
5.2875 1.9990
4.1428 2.9595
-3.6359 5.6910
-3.6495 -4.4382
-3.9498 8.9922
5.2813 5.7381
5.6260 8.3376
6.6879 5.1867
2.5092 6.1965
-4.6114 5.8449
5.1938 5.9396
5.6350 6.4287
5.1849 -4.9909
-6.1270 -3.8383
5.0265 5.3929
5.3493 -3.9457
-3.7950 5.5474
-3.0682 -4.8517
6.6086 -3.4288
-3.0339 5.8795
-1.8724 7.4637
-3.8999 -2.6778
6.4288 4.8382
5.6702 -1.5605
-3.9895 -4.3372
5.3025 5.3241
5.3938 5.5366
-4.1657 4.0026
2.4219 -2.4086
-3.1254 -2.4719
3.6327 5.4364
5.4411 5.2189
5.4387 -5.7659
7.4728 5.1427
5.4353 -3.8639
5.7484 5.0622
6.2815 3.7942
-4.9203 3.7337
3.8463 -3.8634
-2.0835 -5.9817
6.9605 5.5038
-2.5626 6.3671
7.5503 -3.2831
-4.1047 -3.9101
-3.9899 5.3366
-4.7015 5.0212
4.6849 2.1829
-5.0126 2.4412
0.4271 5.3712
-2.1872 6.9967
5.6544 -3.0794
3.0091 -3.2598
6.8222 -3.7938
-3.5302 5.6762
-3.0330 4.4500
5.7477 -4.7228
5.6290 5.4181
3.4115 -5.7356
5.6586 6.3086
-2.8354 -2.2644
6.5299 5.5348
4.4695 2.3039
3.4949 4.9269
-5.2332 6.2327
-3.2441 -0.8306
3.2837 5.6045
-5.0089 10.3177
-3.6790 -4.5777
-4.5763 4.9105
-5.1703 3.2668
3.7649 -0.0677
-4.1230 2.5538
5.5722 -3.2895
5.8947 5.7083
-3.9565 5.4137
7.3603 -3.8784
-4.0029 -4.4966
5.1434 5.8276
6.2324 5.9496
-3.1120 -3.0681
5.3195 7.2985
-6.7046 -3.8045
6.4564 4.2378
7.1927 3.8322
5.4176 4.5897
1.7337 1.9185
5.2027 -5.0076
-3.8251 -0.5132
9.0427 0.7564
-3.5122 9.5588
6.6966 5.5065
-2.1211 5.0344
5.2361 -5.0634
5.6823 -3.1002
2.8898 -3.7030
-2.8314 1.8383
13.7248 -3.8025
5.1601 -2.1091
9.9599 -5.2675
2.0491 -3.6534
5.6966 2.7969
-0.8934 5.6296
-5.4736 8.8698
4.9180 4.6606
-1.6554 3.3884
2.3309 -2.0873
5.2739 5.5770
-2.8210 -2.7314
6.5814 -4.8748
-3.1338 6.0831
-4.2352 -3.9600
-2.6737 -5.4977
-2.9388 -4.2648
4.8737 5.8210
5.1385 -2.4505
5.6250 -2.0550
-5.3530 -3.3968
4.1047 -4.7136
-5.5559 5.2756
11.2572 5.5777
-3.1614 2.2940
-0.9103 5.1402
7.9421 -4.3045
-5.4246 -4.0070
-2.9370 7.6799
2.8105 -5.1582
4.9074 1.4537
5.6166 -1.6745
-4.5885 5.0302
8.5408 -3.9138
0.9403 2.8614
9.5744 -4.2095
4.6481 -4.0353
-4.8893 -3.0671
-5.6702 -5.0683
-3.1004 -3.7633
-3.3622 -2.9947
-2.1131 4.7828
5.4175 -3.9667
-2.9862 7.1255
0.9078 -4.1396
11.5473 2.1149
-4.2199 -2.2666
-1.7285 8.3612
-0.9026 -3.3686
-3.1360 4.9604
-5.4576 -4.0949
2.8098 5.1203
5.6563 -3.9356
3.4713 5.2048
5.4115 -4.6019
4.2883 6.0438
-4.1200 -3.4023
8.4305 -4.0909
5.8188 -2.7993
-4.3590 10.5102
-2.9942 -4.9960
-3.8131 6.3060
2.0061 6.0340
-3.9467 -1.9316
4.2603 6.1647
3.8934 5.7643
11.1291 -3.9223
6.0962 4.0764
9.1141 -4.0594
-3.4130 -2.9402
3.2498 8.5142
5.5557 -1.6514
5.9111 2.7308
-2.9686 -4.5754
5.6629 6.8760
8.7369 2.2180
7.5588 -5.6569
3.8699 -1.5584
1.8318 4.7671
5.4205 -1.7829
5.8921 3.3092
-4.2799 -3.7036
-5.2790 1.9134
-5.3869 6.6663
-3.8814 5.4259
2.5298 -3.9338
-5.1067 4.8063
-5.7847 5.1616
-4.3671 3.1526
-3.6953 -5.8889
-3.8592 7.3020
-2.8819 -1.5674
3.5672 10.8017
5.0474 5.2157
-5.3549 7.0835
-3.0969 5.5773
5.4455 -4.0457
4.6726 4.2835
5.3701 6.3042
-3.9814 5.9889
6.7531 -2.1361
2.6840 -2.2587
-2.0229 5.8412
8.4225 5.8436
5.0780 -5.8125
-5.3441 5.9453
-5.3862 5.8102
5.5472 6.5336
-4.3756 4.7386
-5.1599 5.5773
5.4783 5.3076
5.7373 -3.7747
5.5998 -3.7226
7.7235 2.2943
-3.3002 4.5639
5.0431 7.7958
-3.1232 -3.8587
5.9896 6.1824
-3.6673 5.7008
5.9159 -2.5351
2.7115 -4.1530
-5.9513 -2.4532
6.2157 -3.5698
2.1334 -4.6961
5.4585 -6.3397
-4.4861 -1.7169
4.2633 5.1289
-3.8560 5.9456
5.3816 -2.4996
-3.7578 4.0768
6.0186 5.2728
5.1496 1.4291
-4.9770 -4.4914
-4.9104 5.7519
-6.2119 -2.4065
4.8200 -2.6518
-5.7590 5.2954
4.9715 -3.9037
-3.0513 2.0618
-5.5642 -4.0490
7.4200 -5.1886
-5.1440 3.8796
8.7892 -5.9011
-2.5930 5.9356
5.5333 -3.8098
5.8106 -4.3985
5.2107 7.3833
5.1951 -5.1995
5.5838 -4.9916
9.8060 -3.8485
6.8211 -3.0382
-1.5823 5.9418
-2.0069 5.6194
-2.4013 1.4724
4.5412 5.2867
-4.0560 2.5526
5.3000 -5.1226
5.4694 -4.3258
-2.8634 4.6630
1.9246 2.9708
6.5653 -1.3530
-4.7567 -3.3622
2.3370 5.7430
4.6852 -6.1023
4.8350 -4.1884
5.2098 7.8278
-3.1990 5.5766
5.1046 -2.0244
0.4564 6.5811
4.9633 -1.4230
5.5833 5.6372
5.6488 4.9435
-2.4134 5.1205
5.3720 4.4370
6.1248 -2.0862
0.3510 4.9707
5.8107 5.2817
5.9618 5.6793
4.8788 -5.5426
-2.8559 -3.3219
-4.8887 4.5924
-5.8496 0.3297
7.7801 -3.5190
-2.5800 4.8680
9.3207 -3.7295
-4.4488 5.3746
-3.4800 -5.9358
5.7035 -2.9977
5.0983 -2.8933
4.1206 -5.9299
8.0139 10.1667
-2.4988 4.6290
5.8284 5.5240
2.4471 3.0213
-4.6574 -4.6066
8.4370 -6.4550
-4.6213 3.4061
1.1985 -5.0940
5.0411 -5.1873
-3.7701 -4.0958
8.5225 -3.7833
8.1590 5.6842
-3.1964 -2.1999
3.8244 -2.6406
5.8422 5.6617
6.1161 -2.1443
8.7714 6.2046
5.6033 8.0111
2.5941 8.8122
6.1281 -3.7107
-1.5995 -3.7141
-4.5874 -3.7322
5.7940 4.8407
-4.5909 -3.2200
-4.1844 4.7271
2.5825 4.7090
2.9949 9.8129
-4.0884 -4.4982
-3.2346 8.0338
3.8472 5.2402
4.3810 -0.1405
-3.1102 6.9614
5.2053 5.5604
-4.4868 -3.1441
7.3104 -2.9944
10.9877 3.0653
6.2996 5.5455
-4.9298 5.7888
5.8323 5.6103
5.0245 5.4479
6.1557 -1.7555
4.7098 5.5798
7.5109 -3.4818
-3.5080 4.0297
5.8503 5.0818
5.5201 4.8959
-4.6345 5.6539
5.5812 -5.4928
-4.3451 8.4716
7.4618 7.1353
-2.9749 -4.7761
-3.9757 0.4395
5.4006 9.0723
5.3738 3.8198
6.0720 4.6040
8.4877 -3.2268
-4.4500 5.7159
4.2360 9.4718
5.4874 5.1967
7.3122 7.7530
-1.4895 6.0074
9.3899 -5.3880
4.7964 -3.8096
-2.9616 5.2078
-4.0869 -3.3905
-3.8467 -6.5507
3.9594 -6.6215
4.2690 5.9727
-5.2916 -5.3641
5.7232 -2.1993
-4.3675 -4.8721
5.3231 -3.8738
-4.1668 5.5779
-4.9205 4.9722
5.3350 2.3855
7.3840 10.0875
6.2346 -4.6688
5.7972 5.9088
-4.1017 6.1870
5.5636 0.5310
-5.5156 -3.8812
1.4906 3.3408
10.2516 5.8851
5.3294 -3.6278
5.7221 -5.5674
-4.6304 -3.5572
5.0899 -4.7026
-1.3306 5.3920
1.9176 7.6481
5.4630 6.2037
-2.0265 -6.0224
6.1399 -4.5524
5.8095 4.4240
6.2178 4.9944
7.0383 -2.7774
-3.5427 9.0988
-3.5602 8.1769
-2.9792 5.0840
1.7331 5.6026
6.4839 5.3048
-2.6457 4.9752
9.2192 1.7788
10.8417 -2.1605
1.1694 6.2173
-3.7663 6.0675
5.1597 -3.0384
-1.5391 3.2376
5.7476 -1.8991
6.1563 5.2705
5.6653 6.5250
6.3724 5.3517
6.2920 5.5163
4.3553 -4.1439
6.2734 -5.6721
5.5095 4.9943
8.9018 -5.3708
6.1416 9.8278
5.6840 -3.1790
4.7119 -5.0142
-4.5048 8.1629
-6.3955 5.4054
3.4724 -3.3681
6.6036 -3.5467
-2.6123 -1.5472
8.9293 2.3373
6.7356 2.7607
2.9397 2.0098
3.7484 5.3045
7.0214 5.1643
4.2968 -4.4260
-2.4140 8.2339
5.2976 -0.2947
5.2504 10.6917
12.6125 5.4386
4.9798 -4.0399
-5.5186 -5.2560
-4.2696 11.0978
-4.3253 0.1893
-4.7790 3.6767
-2.4734 4.2434
5.0415 -3.5839
4.8455 9.9557
-2.9925 -1.5701
-2.4606 -2.5935
4.4443 5.6726
4.8785 -4.0582
-2.7562 4.8915
4.3723 5.8150
5.3155 7.6093
5.5992 6.6681
-4.4211 7.5510
-4.9215 5.1060
-1.5685 0.9120
4.0133 8.7690
-4.5138 5.1171
-3.8514 -6.4555
-5.2866 7.4451
2.3486 4.0079
2.8701 11.1099
-3.0890 -4.3326
4.8659 -3.1509
3.9830 5.6581
4.6873 5.4942
-6.3311 -2.8731
-5.1117 6.7065
5.5605 5.0966
-3.4695 10.4589
4.7594 5.3584
5.7208 -2.4385
8.8833 5.4114
5.3161 -1.5089
-2.7491 7.0955
-5.0486 4.5962
8.1714 5.1087
-2.8634 6.5195
-5.9340 -2.9830
6.8244 -2.3778
5.1618 7.6253
-1.3782 -3.5789
5.1758 3.0747
10.3413 -2.6997
-4.2846 5.3730
5.2212 -4.8591
2.7346 5.0433
-4.3502 -5.1869
5.3676 -4.0527
6.6239 4.8719
-4.5254 4.8760
8.2042 5.1280
-4.9085 4.5068
5.1932 5.1885
5.4301 5.7103
5.0925 -4.9452
6.0372 -3.3233
6.2770 -3.2964
11.4934 1.7314
7.9389 5.1885
2.5538 9.6857
1.1279 8.5456
5.4659 5.2839
4.2841 5.3700
6.1228 7.7835
6.2357 5.4946
-6.0493 -2.3855
4.7724 5.4985
5.1791 7.1920
5.8283 5.8789
5.2404 -3.6168
5.7468 -4.3486
-3.7989 -3.7152
-2.6428 5.0752
-4.4555 3.8503
-5.0376 -3.5744
7.5844 5.9795
1.7916 -1.1578
4.7259 -3.7418
5.3513 -3.1548
4.4292 7.2341
5.6246 7.3156
5.5700 5.5446
-2.4012 2.1075
7.9110 -4.0817
-4.0974 6.6673
1.0777 -4.3505
5.8946 -4.6892
-3.8858 4.8533
3.3124 -2.2082
-5.2592 5.4918
-1.3116 -2.5628
4.9041 5.7825
5.5138 4.6351
2.6365 -2.1787
-3.4113 -2.5439
-2.7590 4.5666
-5.7543 7.7059
-4.4089 -2.5241
4.8657 1.4609
7.9384 5.0437
-1.6649 4.0845
5.3981 -3.1135
8.2823 -3.0520
-2.7807 -3.1745
-1.0894 -4.7084
2.4346 -4.5014
5.0212 4.2480
-3.7504 5.9890
-3.4290 5.8480
6.3893 -3.7026
4.2784 8.6100
-2.2996 -4.8028
4.7789 -3.7004
-8.1398 -2.2452
5.8623 3.7977
-4.5239 -5.8706
-3.6517 -4.1553
-2.3147 -5.3041
6.8192 -2.7558
0.9972 2.7553
-4.4069 -5.4620
-2.7840 5.6103
2.1703 5.2496
4.9645 -1.3682
4.9490 -5.0216
-5.2570 -2.9141
5.4170 11.7232
4.6859 -2.6303
-3.8912 -3.9957
5.4727 8.0283
-1.5476 9.3149
9.0134 2.0912
-4.8615 -3.5260
-6.6997 3.5361
-2.4710 5.6401
5.5921 -3.6388
6.4198 6.2324
5.2093 -2.9333
4.8423 6.0869
-4.0885 2.0290
4.4006 -3.6974
-3.6191 -2.6190
6.4592 -4.8112
7.8413 6.6923
-3.9279 -3.2224
7.8355 -4.4995
-2.4119 5.6289
-4.7342 -4.1740
-4.4845 -3.1697
-3.2550 -2.4970
9.7360 -4.5631
5.4283 -2.8778
5.5367 -5.4760
-3.2315 3.3852
-3.5666 -3.7756
5.5669 2.9050
6.1657 -2.5580
4.0568 4.9890
-4.1011 5.9101
-5.1927 -3.3814
-2.0648 5.4349
8.6145 5.1618
-3.1940 -4.6485
-2.8388 -1.1370
3.1922 4.5560
6.6949 3.5543
6.1571 6.1169
5.9690 -4.1348
-3.2630 -5.3811
6.3149 3.2489
5.2584 10.1338
3.0444 -2.1575
5.6327 -5.8384
-2.0456 7.8589
6.0211 -4.5243
-2.9041 -3.4466
5.2014 9.1535
-2.5601 -4.4415
-5.2419 -5.0032
2.3797 7.1434
6.6963 4.8188
-3.6438 2.9114
-4.3008 0.9311
6.4911 5.4942
-3.8808 7.3797
5.9523 -3.5590
12.7979 2.4693
5.0825 5.5045
5.2645 3.6606
1.1956 -7.3967
-3.4342 5.8382
5.6266 4.9614
-3.8823 4.7940
-4.4170 5.6361
-4.5039 -3.9911
5.7357 3.6798
7.4173 -4.9323
-2.6469 9.4200
5.3613 -3.6771
-4.8524 6.2201
-3.6105 4.1334
5.5161 -4.4879
2.8498 -2.6428
7.1805 3.5775
5.5349 1.3192
6.7542 4.5493
-3.4882 -2.8989
5.0961 8.9325
-0.1455 5.3689
5.4798 -5.1853
-3.0406 5.4076
-5.4994 5.9488
4.7593 4.7886
8.0206 5.0272
10.2902 -5.8917
4.7628 2.4401
-4.2423 8.6426
-1.7715 7.6468
-3.6946 1.5426
5.0067 5.4915
-6.9080 5.4178
-2.2148 4.7522
1.0333 -2.0864
4.8485 -2.2799
2.4872 -3.1475
-4.9685 5.8004
-0.8517 -5.8175
8.2711 4.9546
-3.1153 -2.7496
8.9480 -2.8223
4.5904 4.1563
3.0276 -5.7954
-4.3774 6.5131
-4.8512 -2.6848
-5.0285 6.1028
1.4176 7.2945
-2.5009 -6.0272
6.1679 5.0884
8.7677 -3.8890
-4.6574 -3.0335
-4.0041 -4.5385
6.7655 6.0000
3.6126 9.8415
8.0380 5.4285
-3.0969 0.4316
4.9609 5.2051
2.6139 5.3921
4.0458 5.5275
2.2246 5.6949
-1.5947 -2.5584
5.5227 6.9829
4.9179 5.1986
-2.8920 5.9569
-3.5015 4.3814
5.6299 -3.0953
4.1067 -3.0384
5.7085 6.0138
-5.3309 3.7769
-4.4171 -2.6562
9.9943 -5.9482
9.4695 1.0081
4.4653 5.3380
3.3257 9.8512
7.4036 5.9623
5.2064 -3.9762
6.3167 -5.5495
-3.3012 5.2260
-5.3942 6.1717
5.9969 -2.8310
-3.6824 -4.4247
5.3482 5.5225
5.1072 7.3587
-4.6720 -5.4535
3.8328 5.2761
5.6072 4.5315
-4.1238 4.8026
5.7710 5.8439
-3.6916 -1.0740
8.5114 3.3734
-3.9924 -3.6188
-4.9978 5.6495
1.2098 5.4636
8.3313 -3.9093
5.7454 6.4124
-2.7863 5.7180
-2.4690 -5.0418
5.4894 4.5620
5.3966 5.8695
-1.4398 -3.2446
5.3425 -2.4339
-3.1425 3.0109
-3.0719 5.8608
3.5993 5.2397
5.3710 7.1286
5.2782 6.7636
-2.8131 5.2782
6.1554 5.8057
3.2210 5.2311
9.4241 8.8675
-3.0466 6.9562
-3.9609 3.7379
1.7936 4.8420
-3.4671 5.3147
5.4639 5.5590
5.2308 5.3764
5.3124 5.5992
4.8461 10.0697
5.6686 5.9306
-4.2183 -2.6587
6.2367 -2.7625
-2.3253 -4.8858
6.7886 -4.8917
-3.8501 7.4195
-2.0764 5.4853
-3.4696 -0.7079
2.3855 -3.9828
-2.8003 5.6707
-6.6270 5.7810
-5.0732 3.4420
-4.1249 -2.6842
6.8342 5.9196
-3.4079 -6.5674
-3.6207 4.1655
8.6761 8.8412
-2.3081 -2.1321
5.6294 2.1497
-2.6525 -3.3391
5.6828 -4.3074
3.8491 5.7659
5.8060 5.3582
10.4375 -2.2036
6.5148 9.2325
5.1896 8.5171
7.1071 -4.4843
3.6140 -3.8607
-4.1615 2.5616
5.5864 -3.0341
7.7791 -5.6107
3.4104 -4.8283
5.0436 -3.8215
6.4524 -4.5374
5.2655 -1.1304
3.8569 6.4429
3.9233 -3.0137
5.7790 10.1768
-6.1728 -3.5575
-2.6708 -4.1068
4.8629 -3.1704
6.8652 6.1569
-5.1530 2.9949
-3.1701 4.6619
8.8186 3.5483
0.3402 -7.8393
0.5624 -6.8776
8.8435 -3.7481
5.4911 5.7624
6.3128 5.0143
6.1580 7.2874
-4.3105 -6.4372
-3.6551 -5.5189
4.7998 2.7068
-3.7245 -2.8934
-6.5340 -3.9701
-3.2693 -3.2796
5.9334 1.1912
2.6330 5.7800
6.0134 -3.9647
5.6254 5.3629
6.2318 -6.1542
7.8558 5.1180
4.3739 -4.2394
0.9684 5.4375
-5.4446 2.3214
4.5762 7.9870
-5.5274 -4.7672
5.6833 6.9575
-6.7429 3.0827
6.3043 -0.6855
8.9362 6.0457
-2.1541 -1.5875
3.3990 -5.1437
-3.7953 2.6392
-3.9240 -3.8918
-3.8712 5.7476
-1.4343 6.0315
-2.8840 -1.6687
-1.3782 8.0680
9.4921 -4.0648
-4.9816 -3.1595
-4.0411 1.6369
-4.3398 -5.7020
-4.5199 -3.4028
-3.0574 7.5843
8.0646 7.0025
5.1834 5.4890
-4.9835 5.5724
5.0186 -4.4041
7.4816 5.1884
-6.7263 8.3364
3.0291 -3.6802
-4.0296 5.2684
4.7754 -5.1437
-2.2975 -5.0897
4.1162 1.0511
-5.6560 7.1935
2.9556 5.1603
4.4679 -3.2618
4.9619 5.3052
5.4327 -5.2684
-4.6156 -2.7814
-5.9922 -4.1718
-2.1980 -4.1568
-2.3042 4.0638
5.9475 -4.9313
2.5715 -6.0705
-2.5388 -2.1663
4.9202 -5.3414
5.6007 -3.6957
6.7787 -2.5082
7.1332 5.0666
-5.0342 -6.2352
5.5433 4.9694
6.3716 4.9208
5.0838 -3.5081
4.1156 -4.1945
4.4665 4.3984
-4.1105 4.8851
-3.4955 -3.5090
-1.9170 -5.4848
6.1445 5.0342
5.5151 5.6240
-5.0885 -5.1999
-3.6677 5.7301
-4.5886 5.6876
7.5487 4.9737
-5.6945 4.3544
8.9195 -1.8901
-3.9415 -5.3173
-3.0791 5.8777
3.4546 -5.5328
-5.1846 -4.0264
-4.2148 3.5352
-1.9008 -5.0622
-5.1051 6.1977
3.6565 2.3462
5.3621 -1.3052
6.6927 5.1988
-3.0330 -4.4916
-3.7550 4.7686
5.0883 2.5955
-5.2590 4.3542
-4.0305 5.0570
7.4967 3.0789
7.0650 8.0632
5.4872 4.6437
8.1560 5.4853
7.2409 5.0446
-2.1014 -2.8498
-6.3125 6.1625
4.9030 -3.8043
-5.2422 5.5921
6.6328 -4.2024
5.8596 -2.8453
3.9884 -4.3037
-5.0606 5.6860
-5.9623 5.0460
5.4866 4.3736
4.9997 3.4369
5.3571 0.9416
5.2851 7.6122
5.2348 1.6712
10.1462 -2.1272
6.1652 4.0007
-5.2502 6.3190
5.5188 -4.3733
0.4079 5.2044
8.7004 3.5994
7.1955 -4.0837
7.6614 9.2374
4.5678 -1.9474
-2.7810 4.5799
-7.4062 0.8279
10.2384 2.8629
1.7384 5.1580
5.4674 -2.8649
5.0228 4.9116
-4.5645 6.2470
-1.4448 -4.9674
-4.6511 7.6307
6.4728 -4.3914
6.4383 4.9922
5.7914 5.0414
5.3844 5.9999
-3.8457 5.2861
5.7875 -3.7479
-4.0646 2.6959
5.8064 6.3342
-3.6893 9.4485
-4.2798 6.2044
5.3593 9.8143
-5.2383 5.2074
5.8030 5.8332
5.1634 4.6562
-5.4910 5.1761
3.4360 -4.5099
6.3946 3.5513
-2.8270 6.6041
5.6736 7.7915
-2.5383 -0.1064
-4.4823 5.2039
5.7718 8.9366
3.5195 5.6750
5.2523 5.6082
5.2594 4.6283
-6.0292 -2.6536
5.6028 5.9217
-2.7463 -4.5448
6.0798 -3.4711
5.8628 3.4039
4.8454 -5.3654
5.4317 1.8282
3.3866 4.7100
8.0839 -6.6199
5.6082 9.4150
-5.3339 5.2573
4.4869 -3.9337
5.4033 4.9480
7.8968 7.1338
-3.2797 2.0462
4.0954 -2.2394
5.5062 -3.7331
5.1312 1.2465
-3.9793 -2.7951
-2.0513 3.9355
4.9133 -3.2756
5.8147 -4.2959
-4.7418 5.1044
5.5892 -3.0675
2.2254 4.1017
4.4697 2.8781
10.5561 -4.2894
4.6465 -1.3449
6.2208 5.4698
5.4461 5.0303
5.0854 -4.4241
4.9472 -2.2357
-3.9995 6.8824
5.4473 2.5693
5.3433 -2.9275
5.0861 5.7339
5.8418 -3.2094
-3.7217 2.0400
3.5636 -1.2449
1.8240 5.5585
7.8982 2.2517
6.0650 4.7307
6.2116 -1.8758
-3.4089 -5.9613
-4.5955 -3.1639
5.8278 4.0925
-2.7834 6.0925
-3.8820 -2.5598
-0.4995 -3.1489
1.3731 -4.4553
5.7463 3.6470
11.9443 8.0826
2.9186 10.7267
5.0109 -5.4158
5.8270 4.6808
8.5511 5.7193
-3.4530 4.3504
-3.9940 -4.0574
6.5866 5.4285
-4.0405 -2.7975
5.6764 4.9485
5.4204 6.3704
-2.6011 6.6262
5.9602 5.4696
6.0049 5.1416
-4.7453 5.4593
-5.9016 -4.7414
4.4143 -3.0999
-7.4114 -3.6611
-4.0915 -4.8995
5.6948 -1.5918
-4.4013 -3.5428
10.9392 -4.4221
5.3487 -3.8253
-2.5469 3.4116
6.1582 5.6213
6.2357 4.8788
-5.1369 -3.2979
7.6101 -4.2849
-2.8489 2.9379
3.4004 -2.5284
5.0383 7.7183
5.2573 3.4265
5.9163 -3.1278
-2.1048 -1.8979
4.7985 5.3818
5.5467 3.7838
3.9510 -4.6378
-3.7243 -3.6109
-2.8248 -1.5822
-4.3221 -3.5538
-3.5370 1.6450
-3.8297 5.2303
-3.5395 -5.1623
-4.2768 -3.2306
-4.8409 -5.2951
9.3921 2.7427
5.7526 6.6314
4.9206 -1.8970
3.0118 5.1799
9.7676 2.5121
-1.3074 7.5971
3.3697 -2.7774
-3.9009 5.1339
5.2605 -2.3313
4.8978 5.0943
7.2490 -4.4981
2.7210 5.6976
-4.7539 -6.4800
-2.2290 -4.1740
5.4403 -4.2548
-2.2213 -3.9671
-5.8427 5.4808
-2.9929 6.0473
9.3760 -4.1781
3.3291 0.4558
6.4047 -2.4718
-4.7059 1.7662
-0.7620 4.3912
-5.0097 8.2152
-4.5389 5.4978
-2.8617 -3.9697
6.1367 -3.0472
-6.0102 -3.1362
6.6746 -2.0480
5.3414 -0.9093
8.6396 -3.3679
3.4462 8.5448
8.3127 2.8857
4.2100 -4.0249
-3.1701 6.4955
5.6017 -3.1949
6.0508 5.3759
4.8843 4.8689
-2.5146 7.6073
4.7123 -4.3338
9.1123 5.3277
4.4052 -4.0127
10.1640 7.2564
7.6012 -4.5318
5.4869 3.0949
4.1543 -3.9014
3.4746 -5.1712
7.3996 -4.2683
-2.5193 4.4072
-2.8199 5.4541
1.5377 -5.3076
-2.4013 5.4347
-4.2389 -3.0122
3.0775 4.2338
4.0559 -2.5513
6.0531 -5.0886
-5.7869 -2.3760
4.9304 -2.1562
6.0226 4.7041
7.9754 -1.8883
9.2586 -3.6636
-5.6793 -4.4491
-1.8493 7.8649
6.8769 6.0771
5.9933 5.4023
5.8576 -3.9740
-6.0490 -4.6407
5.0048 3.9226
-4.1063 7.3513
5.5033 -1.8059
-4.4244 4.2304
5.5243 5.4104
-2.7782 -2.6721
5.9447 7.0735
4.2128 5.4432
-3.3296 5.7920
10.6915 6.3730
-6.0762 -3.3694
5.8969 5.4741
3.3254 5.1184
13.2202 4.4979
9.7038 5.7219
-3.8583 -4.1975
6.8122 -3.3698
-2.2559 4.9299
9.8030 -4.8868
1.5040 4.8384
5.4883 4.8687
-6.0385 7.8909
-2.4826 -3.2863
-4.0580 4.0561
7.2617 5.3826
4.3136 3.1802
4.7884 7.8281
-4.4467 9.5803
-5.3263 4.9244
5.1531 -4.4085
-2.6352 5.8988
11.4571 -4.6698
6.0414 5.4900
-5.1728 3.8373
1.8120 -3.2129
8.2334 8.4727
-4.7284 -5.9167
3.8787 5.5663
-2.9318 4.9250
2.0021 4.3829
7.5011 -4.8662
5.2810 -5.5120
10.2555 -4.8160
6.5547 5.9808
3.2012 6.2606
-3.2345 4.5874
-2.6867 -5.5166
2.2572 -4.8809
1.3673 -3.5447
-1.0157 9.7487
-3.0243 3.8421
6.7447 5.0596
0.5029 -6.0128
2.6496 -6.9214
5.1296 5.3616
9.9107 5.0155
-3.0669 5.3978
1.8741 6.4279
-4.5626 4.6011
7.3946 3.1014
-2.4194 3.1903
-4.4313 -2.9042
5.1632 -3.8188
-4.3452 4.2240
6.1463 5.7012
5.0809 5.4649
-4.9678 4.1511
-4.3733 5.8652
-2.6066 3.0187
-3.8411 3.8998
5.2420 -4.0214
4.4849 5.6571
-2.1542 -2.6555
7.0386 -3.0377
-6.5250 8.2799
-2.2401 4.9341
4.8432 10.4439
3.6463 -3.1957
5.8718 -4.5056
9.7608 6.6150
-4.1004 4.7641
-4.8761 -2.5840
5.4908 8.4813
8.3283 5.3488
5.0563 2.0097
6.0661 7.1101
5.9504 5.6113
5.6598 5.6902
5.1491 5.3336
-0.8549 -1.5103
-5.2262 5.8598
-5.4540 5.3467
8.2962 -2.6362
2.9621 4.4575
0.8816 -4.4688
0.8030 -1.5091
3.6276 -5.4093
2.3240 5.3070
-3.7084 4.9058
5.6887 -3.5691
8.6942 -3.5767
6.3723 5.4402
4.5209 5.8636
-3.5986 -2.8833
-5.1715 2.2558
5.6885 -4.5468
5.5697 -2.2440
2.9744 8.4046
5.0090 -4.8024
-4.5270 7.1448
-4.2683 2.1597
-1.9945 5.2644
5.1530 5.4096
5.0116 7.0917
-4.9683 4.4306
6.6707 2.3714
8.3792 3.9797
5.9591 5.4226
-2.3794 -4.0628
5.4355 -3.4688
8.0915 7.0490
5.9602 4.9050
-3.1893 -5.0686
5.4508 -5.4125
8.3730 5.3742
4.6041 5.2475
-6.1086 -3.0739
-5.3607 2.8417
7.0590 4.3363
-3.9253 -3.3660
-3.1193 3.3165
-2.6891 2.9479
-6.2395 5.5064
5.3570 5.4462
5.7520 5.1768
-2.9377 -4.6196
-3.9336 -3.3936
-2.6033 4.4701
3.6418 -2.2973
5.8840 -3.2848
5.4574 -4.1339
5.7904 5.2685
3.7853 8.2403
5.1368 6.0327
8.1796 -2.8868
-3.1053 -5.8201
-3.2932 2.2813
3.2681 -3.5242
-2.8847 -4.2894
4.8424 4.7419
-5.3850 5.4024
-3.7499 -3.9997
-4.0646 3.6454
-3.5453 6.7287
-4.9436 -3.1869
3.1825 4.3889
-3.3053 -3.1035
6.0575 5.8688
-5.1785 -3.6638
-2.7316 4.8484
5.0484 5.0721
5.1657 5.5071
-1.0516 4.3300
-2.2506 -5.0509
-3.8172 -2.1238
-3.7933 -1.7262
-5.1522 5.9344
3.4374 5.2689
-5.3572 0.7274
4.4108 5.4617
-2.9331 -2.8724
5.1972 -2.5509
-3.1746 -0.8872
5.6038 -1.5714
-4.1945 5.6885
-6.2692 -0.3543
4.2735 10.1228
5.5897 3.8519
4.5678 -5.7808
-2.7245 6.9249
-4.3425 5.6682
-3.8502 7.1287
4.6040 5.7574
2.2397 5.1176
-6.0727 4.9952
9.2438 6.4561
4.8343 5.3344
5.6561 2.5908
7.7003 5.3960
6.7376 -2.9660
-4.9930 -2.4401
1.1551 -5.8692
-4.5744 6.3285
5.9766 5.9324
-2.6756 3.9065
4.7484 8.2898
-4.8691 -3.0435
-2.7819 -2.4210
6.6848 -3.3590
6.6179 6.2536
-4.0463 -3.2526
-3.4869 -3.7648
2.1172 -3.3292
-5.5947 3.1472
4.9301 5.6303
4.2059 -3.6944
-0.8820 -3.5315
-3.0660 4.6122
-5.6840 3.1435
7.1466 -4.8216
-2.9980 -1.4502
-4.2018 -5.0576
-2.8961 -4.1542
-3.3440 5.5375
4.8777 -3.6150
-4.0505 4.7146
-4.2085 -3.1880
4.4745 -4.0500
-2.8536 4.9454
-3.8805 -2.0934
5.0197 5.3589
-0.1670 -1.5383
8.9964 7.0922
-1.8907 5.3640
2.6518 -2.7102
8.0666 7.6719
-3.8348 -3.8789
-2.2132 5.6517
4.2355 5.2199
5.9832 6.8230
7.3914 -2.3798
-4.3669 -4.4811
8.6958 -5.3696
1.4271 -6.5935
4.3230 -4.9700
-5.2480 5.6883
-4.3054 1.5151
5.5209 5.2305
5.1455 -4.3373
5.4370 0.9315
-6.3281 4.5645
9.4909 -3.4079
-2.9671 5.2114
2.7126 10.9434
-1.8724 8.5210
5.4333 -1.8845
7.7258 -3.5956
-1.2351 3.7846
7.6282 8.4071
5.0640 3.2925
3.0959 5.6743
5.9071 5.8432
6.6375 -2.2787
5.9099 2.5199
-5.5817 4.1127
7.8337 6.0117
6.5369 5.9438
1.0799 -5.0019
5.7662 5.7691
6.5603 -2.5355
5.3253 0.2446
-1.4043 -3.3546
5.5485 4.6937
-1.8621 4.6417
5.5182 7.0071
-4.3615 5.5388
9.6221 -4.7366
5.5154 7.4033
-3.9910 -1.6223
-1.2783 4.7793
-2.2375 7.8929
9.7378 -5.4751
-6.1027 5.0494
4.3600 5.9177
-4.5635 -4.2247
6.4755 -6.2395
-2.5650 5.0633
7.3510 -4.5283
-4.8713 -3.8063
5.3014 -5.0862
7.0531 7.6288
-3.4067 6.3616
-0.9671 5.2921
5.2557 8.3769
10.5248 8.0708
7.0912 -3.8254
-5.3434 2.8478
5.1268 -5.1970
7.2181 5.9318
6.2174 6.9454
9.6683 5.5159
7.6106 -3.9976
4.5342 4.6701
4.3700 5.2384
4.8167 6.1779
5.1048 4.7171
-1.1577 -3.8924
3.6304 5.9305
8.3872 5.1673
-3.6549 -6.3913
9.8036 -6.0580
7.8844 6.2751
2.6936 -3.2098
-3.8585 -3.0122
12.6990 5.8614
4.9196 -2.3466
7.6750 5.0061
-5.2933 5.7724
-4.9146 5.1885
5.4270 -3.5997
-1.1518 -4.3194
-3.8061 -3.5367
-0.6507 -5.2297
3.6174 -3.8004
10.4773 4.1177
5.5139 5.6386
5.0738 5.4962
5.4633 7.2562
-1.8693 7.7371
8.5322 -2.3490
5.8705 -1.4225
5.8773 -5.0766
-0.5985 4.3548
4.4395 -1.8721
-7.3559 -3.0632
-2.4263 5.2240
-6.0626 5.6274
-2.7158 -2.9826
-1.8652 -2.3221
5.2520 4.8200
5.8370 -2.4017
-6.8532 5.7677
-3.9008 4.0574
-3.6704 4.3321
5.8690 10.2999
-5.3609 -5.5244
11.3040 -2.6232
5.6754 -5.9512
-2.2194 7.7563
-4.3717 -5.5021
5.0601 -4.8842
-1.4263 7.8952
-1.5797 -2.0130
4.8306 6.0698
-3.2814 6.3658
-1.0858 -1.8273
5.2880 5.4915
-4.2930 -3.2239
-4.1974 5.4294
-3.2175 -2.7513
4.4418 5.1991
4.2835 2.1008
-4.2739 1.4687
-3.4071 6.4152
6.4897 -2.9663
4.1462 4.4617
10.1899 -3.2418
6.6897 4.5459
-4.8322 7.8771
-2.0647 3.4963
5.4412 5.5660
5.0550 -2.0074
5.4000 4.8518
-3.8548 5.9394
-2.4293 -4.3320
-5.2187 7.4432
-2.8693 5.0935
-4.0096 -3.9933
5.4049 -4.3677
5.4619 5.4019
7.1593 -2.5999
-3.4382 4.4297
5.2943 -3.9841
5.5223 7.2066
-4.8357 5.0178
5.9662 5.1484
-3.1188 4.7423
5.8594 -3.7650
5.4658 5.0040
-5.6360 5.4999
-3.4859 -3.7530
-1.5400 5.4150
-2.2633 5.0469
-4.5555 -1.3045
-2.9936 4.8498
4.0049 9.0795
4.7224 7.0212
6.4646 6.1261
-6.3897 6.2927
-2.2246 -3.4638
-2.6814 -3.2061
6.5709 4.6227
5.7705 5.4217
6.2978 -3.2580
5.6272 -3.4393
5.2901 5.3319
-3.6227 5.9281
-3.6283 5.8898
1.1894 5.8778
9.6480 5.7320
-4.1063 -3.2359
-6.7675 5.4829
5.8058 5.6897
5.1362 8.8025
5.4326 -1.4485
4.2033 -2.7619
8.6146 8.5589
-5.4746 -3.4535
3.8772 6.5989
-2.6717 5.0205
-2.9791 -4.2256
-2.7706 5.3137
3.5776 -3.5919
-3.1032 5.7173
-3.9865 8.9649
-2.2060 5.7813
7.5579 5.4051
-4.1779 9.0550
3.7238 3.6600
5.7507 -3.9335
12.2631 5.5946
-4.3968 -1.9818
6.1378 -4.1280
-4.0918 -3.8204
4.3857 5.2270
5.3620 6.0901
-2.5987 1.2779
5.3961 -3.4325
5.9911 -2.3168
5.6824 -2.2342
-3.3018 6.8399
-2.1282 -3.5019
-5.2054 6.7639
-5.0385 -3.9387
-3.2857 4.8831
1.6313 -3.2092
-3.3722 5.5940
-3.8593 5.2352
-2.9211 -3.3635
-5.8726 2.6521
6.3954 5.9084
-3.1122 5.7662
7.0557 5.3600
3.9917 4.6106
-5.6299 -2.3663
-4.8372 3.9109
-1.4087 6.1364
3.2607 9.4757
3.6391 5.0432
11.9319 9.9299
5.2666 5.3940
6.1371 5.4336
-3.5241 5.5527
9.6748 2.5445
5.6004 -3.8128
3.5431 -4.6140
4.2999 5.6199
5.4758 -5.1408
5.4211 5.0963
10.4147 -4.8885
5.6259 5.3613
-3.7379 -3.4720
-0.8391 7.6440
5.6184 7.4308
4.4065 -5.0160
5.1118 5.2263
6.0351 5.2857
5.5412 10.7956
14.8818 -5.8193
5.6768 6.4802
-2.8349 4.4429
6.3610 5.9972
7.8849 12.2446
5.3956 -2.0312
9.3805 6.3544
5.7965 7.8509
4.7870 -3.4535
-5.5148 -4.2075
5.3825 6.0333
-3.0392 -4.2806
5.9344 -2.0143
-3.9518 6.6611
0.7668 -4.2715
-3.5503 -3.5135
3.9250 -3.7741
-1.7813 -4.6830
-3.2702 6.2639
-3.3920 7.7611
4.8398 5.6044
6.2609 1.1356
-2.9553 -3.8910
4.5368 -2.4410
4.9870 10.7418
8.9191 8.6988
-4.1654 -3.9526
-4.4415 5.6534
-4.3246 3.2198
-3.6262 -2.6700
5.7829 5.2933
5.5985 5.4969
6.3503 8.3436
5.6432 2.9960
-2.9178 6.1387
-2.5175 5.6954
4.9337 -4.1229
6.5594 -4.9149
5.2191 -3.0287
-5.1895 5.5366
-3.7421 6.6826
6.7822 -4.3907
5.4801 0.7960
7.4599 -4.1973
-5.7145 4.7304
-0.6769 -3.5718
5.9036 5.7308
-3.0397 3.8487
-5.7085 -3.5765
-3.5364 -5.0646
5.0662 -3.9831
7.2293 -2.3823
4.9865 -3.3139
5.0084 -2.1132
5.8146 4.8082
-3.0798 -4.7756
-6.6880 5.5874
-2.3163 5.3062
-4.6867 -2.8207
4.8085 2.9799
-5.3393 -5.2948
-3.8583 -2.6532
5.9265 6.5064
5.7913 5.8291
7.5161 -2.8284
-4.6461 3.2238
-3.6855 4.3829
-2.1818 5.0088
-5.1027 -3.6284
-4.5175 5.6049
-2.1021 5.6287
9.0720 -2.7263
-3.3263 -2.1739
7.0966 -3.6895
8.1664 5.9609
-3.8043 5.5732
-0.6394 6.5279
-3.9704 -3.4170
10.2634 -4.4083
3.9934 5.3841
0.7153 0.6932
3.9489 -4.7665
8.0200 5.5592
9.3723 4.5370
5.4929 5.6785
4.0446 -4.9439
-5.3414 4.1080
5.3427 6.8528
6.5106 -2.5438
-3.7672 5.4856
4.6006 4.5525
5.3425 5.1681
-3.2573 6.4688
-7.5576 5.3618
3.1562 5.2185
5.8700 5.5994
2.1779 -4.6214
-5.7268 -3.9688
4.8768 -4.2856
7.6142 4.1822
5.4343 4.5959
3.5947 -3.4531
-4.9189 -5.4652
-3.5597 4.6006
-3.0095 -3.7211
3.0767 -1.1416
5.8233 -3.7772
-2.9190 10.3136
2.5537 5.4085
4.0110 5.6972
1.7091 5.7360
5.4684 5.3916
6.5628 5.1980
4.0080 3.3739
-4.6867 4.4047
-4.9048 3.8711
7.3298 -1.8029
5.2452 8.3614
2.7467 -3.7007
-3.8724 -1.1767
5.7590 4.7061
-1.4639 3.4517
5.6770 5.9128
5.8047 4.9403
-4.9822 5.1940
1.4261 -3.6481
-5.0536 5.3555
-3.5684 10.6901
5.8747 9.6941
-0.0875 5.1455
5.4423 7.8334
4.4312 -3.8256
6.3961 4.1353
-0.2959 -6.5977
5.4641 3.2685
-4.6513 -2.9597
-4.8691 2.1333
1.3809 5.5909
-3.5866 -4.3511
-3.0422 5.8067
-5.4758 4.6244
1.3990 5.7350
3.4532 -2.9203
-3.3443 -3.2216
-3.8490 -2.3486
-7.6263 7.5572
-3.1429 -6.0393
5.5857 10.5602
7.2770 3.5305
10.6947 -4.4338
6.8920 -5.9252
4.6545 -4.2107
6.8977 -5.5352
-3.7527 3.9130
5.6761 6.3109
-3.9903 -4.0374
4.8459 -1.9796
-0.4355 -3.9642
7.0126 -3.8938
8.1962 -3.0088
5.3876 3.8556
-5.6290 5.4191
5.6718 8.1853
-5.3173 -4.8000
-2.7767 -1.5873
-2.6275 0.8437
4.8018 8.2799
5.8466 -3.8231
-4.7098 5.5132
4.9740 -5.1461
5.7271 -3.9307
5.4782 -3.5466
-3.3773 3.1079
5.6970 -2.0548
-2.9741 6.4830
7.2060 5.1707
4.7930 5.8193
5.3646 7.4264
4.5688 -3.2801
-4.1786 1.0583
5.0717 7.1701
4.1681 -3.0573
5.6106 6.0740
4.7006 -3.5641
5.5559 -3.9568
-2.1375 6.7234
5.7019 5.2539
6.1450 2.1999
3.3232 -4.8429
5.2909 -2.9145
-0.7101 5.4453
8.0424 2.6500
-1.5408 3.9206
3.2715 -4.5034
-4.1993 3.8425
9.0977 -5.8707
-3.7665 -3.5445
-3.6985 -3.1162
5.5397 -3.5254
-4.8601 -4.7753
11.5770 -3.5979
7.7140 5.7186
-1.1994 4.7016
5.0902 -2.9975
3.8892 1.6172
-2.3305 -0.7998
2.0232 -3.4438
-4.5390 2.6164
10.3561 -4.9055
2.3699 5.5606
-4.2177 5.3259
5.2341 8.6646
5.1844 -3.8933
5.4507 -4.1688
7.1190 3.3294
-5.4977 10.7808
-3.3628 -3.8863
2.7107 -4.1051
2.1344 8.5587
-2.1292 7.5501
-2.1945 7.6646
5.3226 8.4015
-4.4677 -3.3575
-5.3215 5.2247
3.6441 7.4703
-4.8770 7.8569
5.7523 -4.8487
0.6591 5.5524
3.8926 5.2175
5.9316 2.1739
5.3809 -3.3374
0.0960 -3.2309
5.0105 -4.3220
5.4085 4.0761
5.3894 -6.4035
5.2263 5.9597
5.9671 2.8392
9.6663 8.2276
5.4399 -3.2604
-3.8707 3.9246
-2.6995 -4.6529
-1.9299 2.6059
3.1368 3.6011
8.8428 -1.3886
4.2422 -6.8490
5.1672 5.1265
7.3224 2.7865
-3.7090 5.3320
5.0390 4.8389
1.3399 5.0235
4.6212 7.3031
0.7413 -1.8771
-3.1255 8.3464
6.3684 5.6821
-4.5714 4.8275
-5.2690 4.9451
5.2588 -3.2466
4.8685 5.2920
3.0623 7.2016
6.4979 -3.4066
-3.2359 2.4218
1.0416 -3.0725
-2.0945 -4.4071
-4.4739 5.5939
-3.2400 5.7653
4.6920 5.4620
10.1212 5.9856
2.9058 5.0696
5.4965 4.9524
4.9810 -5.1092
5.5517 -4.9943
9.2705 6.8214
5.1758 -2.7198
-3.4568 3.7066
7.7875 6.9163
3.0947 -3.0391
-3.7044 3.2745
4.0405 2.9689
3.5615 -4.2941
-5.3448 5.9805
1.0883 -0.6337
5.7556 -3.1116
-3.6069 5.1681
5.3066 -4.4343
5.0001 5.4425
4.9576 4.9919
-2.1203 0.0245
6.9157 -0.5303
5.8233 -2.7238
-4.7081 8.0856
6.0071 4.3781
4.6158 -1.9030
8.6775 5.3951
-5.1700 5.4725
-3.1065 -0.5094
7.6228 5.3045
8.3376 5.4588
6.7002 5.5789
7.1011 -5.6989
11.1722 7.7254
-3.9340 4.4772
5.0702 -2.4719
3.4944 5.0565
-3.3297 6.1911
-3.3769 5.4004
-4.5724 8.7044
-2.6703 5.2358
-3.0822 -4.7339
3.8099 -5.8005
6.6095 8.1235
5.0341 -3.1931
6.9115 -4.5968
5.4008 -3.4373
-3.2528 7.4998
-5.2808 -2.2313
-4.2047 5.1767
5.3592 5.7286
-1.6420 -4.2831
4.9549 9.1331
-4.3612 7.4832
6.4114 -2.0679
5.8292 -1.2078
5.5277 5.3471
-4.1220 6.0634
-4.1918 8.7881
4.2645 9.6684
6.5818 -4.4262
1.0939 5.3833
2.0431 -4.7141
5.2613 -4.1738
7.0055 4.0857
-3.6688 5.3081
-1.2571 2.1281
6.1862 -5.5512
5.1015 -4.0631
3.7182 -3.0685
3.2320 4.8369
6.0712 -5.1352
5.2582 7.1138
5.7226 -4.2952
3.5588 4.4968
5.2823 6.1261
-6.0711 5.4726
6.1633 -3.5902
-4.8180 3.0557
5.3571 2.2524
-3.1986 -1.7296
5.6598 4.5925
5.4998 4.9300
5.7313 5.2641
3.5291 5.7975
-4.7300 6.7815
-1.8276 5.6591
-4.6488 5.3726
-5.2687 -3.9625
-3.9598 -4.2955
5.1391 4.1673
3.4800 -5.3344
5.1650 4.0238
-4.3766 -5.0210
5.0507 -3.9892
-3.0074 3.4116
3.9634 6.7261
-5.7010 6.1945
-3.4754 6.8876
-6.3334 5.3594
-2.9452 6.5163
-1.8098 5.4261
2.2024 4.4178
5.7159 5.5111
-2.8756 4.5091
4.9344 5.3822
4.1263 2.2086
-1.8849 -4.3352
-5.0357 5.4320
-3.5674 -4.4015
0.1488 5.9165
9.0097 -3.4600
5.0562 6.4682
5.7789 5.5525
5.3711 -4.8111
8.9493 4.6776
9.8279 5.3098
4.9394 5.2716
5.6127 6.9018
-3.9438 6.0257
-4.2829 1.1161
2.1664 -4.2915
4.3666 8.0717
9.5916 -4.4946
-2.7848 5.7475
4.9302 3.3574
-3.3398 -2.6648
-3.3018 -5.9442
-2.8273 -2.4647
7.9365 -3.2787
-4.1332 -2.7520
-5.0042 5.5512
-3.8023 5.5057
-4.4833 4.6632
-4.6540 2.8504
-1.9333 4.7446
6.0871 4.9625
6.6188 -3.3501
5.8398 8.9827
5.8259 -4.8332
-5.2585 7.9649
3.5810 12.0228
-2.3569 7.5687
-4.8559 6.2315
5.1363 3.2926
6.3399 6.4295
-5.6091 3.8240
-3.9277 -5.9344
4.1674 -4.4904
3.4700 -4.0079
3.2596 5.5119
-3.7838 6.0900
-4.5860 -4.1168
5.8354 5.0287
2.3827 -4.9224
6.6437 -5.9222
-5.3903 -3.8237
5.0812 8.0291
2.6786 -2.8865
-5.2695 5.5145
6.6338 5.2410
-3.6076 6.7609
-4.4811 5.1911
-1.4930 5.6062
-4.0698 4.4065
-1.7112 -3.9266
8.6470 -3.6122
5.2353 5.3401
-3.4053 2.1803
4.4932 -6.2654
-6.2803 7.4156
-0.6014 7.5092
-4.1248 3.3219
4.5994 -2.2801
7.2203 4.9957
7.9979 2.6587
6.5466 -2.5631
4.8765 -2.4969
-4.8007 -4.2408
5.1404 1.0103
-4.2778 -1.6534
5.0070 -3.0785
5.1094 5.1210
3.2750 5.5826
5.3858 -2.9141
-5.7764 9.2124
10.5848 -4.5468
5.1526 -3.1421
5.4730 -4.8046
0.8806 -3.3177
7.3268 5.7347
-6.2097 10.5298
7.4225 3.2642
-5.1150 6.6965
5.7080 3.5143
5.2127 -0.8850
-4.1492 5.8749
5.1214 -1.6055
2.8347 3.1122
5.4085 2.4304
5.4524 5.5708
-5.2172 5.5114
5.3596 2.1087
1.4785 -3.7708
-0.2567 -4.1488
-4.3697 5.6945
5.1355 -5.9071
6.3833 3.8620
1.8189 5.5832
-2.1084 -2.1530
3.8983 -4.2892
-2.8461 -1.8446
6.0978 2.9093
-4.0364 -4.9952
7.9855 7.1615
-2.4598 4.8895
5.5276 -5.4545
5.6214 4.9619
-2.3642 1.8051
6.8971 7.7972
6.3157 -4.7004
-4.4708 1.2659
-4.1274 -2.7625
6.7520 -2.4098
-0.3459 -4.3159
-5.5737 -3.4750
6.3095 7.8274
-4.7713 2.5020
4.6054 -1.6494
-3.4121 -4.8766
-4.0667 -5.0036
6.5901 9.1252
9.2614 -2.9120
-5.1916 -5.3347
-2.8142 5.1770
-4.0606 10.4423
5.4553 6.3602
6.3634 5.8019
-3.6528 4.9793
5.0486 3.4382
1.8304 5.3570
-3.0018 -5.6039
-1.7653 4.7830
-5.0045 9.3929
-2.0748 3.6538
5.7135 5.7707
3.6445 5.5760
-2.0749 5.6103
2.4183 -3.3564
-5.3785 3.5010
-6.0307 4.4953
4.8093 7.1924
4.3985 -4.0662
-0.7519 -6.1300
5.5868 4.9837
-4.3176 5.5627
5.7257 -1.6251
4.5456 -1.9805
9.7038 -3.5492
-4.9452 5.0514
5.4616 -4.5675
7.5265 -3.0312
-1.3060 -2.9555
-6.0280 6.0345
2.7712 7.2640
5.6701 -4.5319
4.7652 -4.8070
8.2250 -3.8971
8.3480 6.1694
