5
-2.2182 11.3723
5.2399 -8.5110
-8.7226 -3.5687
-8.8632 11.6976
-2.8087 -5.7581
-2.4929 3.8105
5.5271 -9.9580
6.1171 7.8887
6.0920 -5.4553
9.1876 10.3564
-8.5431 6.3894
-7.2330 6.6810
8.8378 3.0404
-9.9363 -3.6160
-3.2002 -2.7924
6.1448 5.4941
3.7259 -2.9082
-2.2765 -7.9938
6.8812 -3.2623
-8.8476 6.0926
6.1679 8.3314
4.6992 7.5306
-3.5216 -3.4068
2.9807 6.2899
6.0079 7.1160
3.5020 -8.6879
5.9450 -6.9048
2.6850 6.1358
7.5364 -2.7027
-7.3213 -5.5658
-5.1011 -3.0907
3.9172 -6.7834
5.2299 -2.6500
-3.2764 -5.6422
-5.6242 -1.2010
-7.5998 -3.9364
6.0371 -4.6941
6.1976 4.6401
5.5791 -8.8537
-5.7919 6.8257
5.2146 5.9713
-2.8597 6.7637
-2.4153 5.9082
4.9068 -9.7326
-1.9288 -3.7457
-7.8081 -4.3348
-3.9794 -5.9597
5.9022 6.0721
-7.0453 7.7319
-7.3920 -3.1709
-1.9639 -6.2608
-0.0598 6.4983
-2.5636 -11.4879
-2.3737 5.9479
5.6573 -3.3184
5.0497 6.1763
-3.9292 6.0694
-4.0545 -5.2893
2.9705 8.8051
-4.8057 9.9132
-7.2399 -3.7049
6.3043 -7.6279
8.6849 6.4062
8.1614 -2.1064
-1.2702 6.1455
12.0091 6.2113
-6.3797 -10.0256
-2.8852 -2.9514
4.9767 5.8783
-6.1604 -6.5344
5.2619 -2.4730
-2.5512 8.2103
-2.8589 -3.5392
6.2457 -1.5994
-7.5928 -2.4448
-4.3152 -8.6806
6.8773 -6.8298
-3.2981 -7.1853
-5.7731 -2.6055
-9.2567 -3.0010
-8.2304 -5.7680
-11.6243 -8.5269
-3.2661 -2.8123
-8.3917 5.9740
-8.9198 -4.3335
-3.3653 -4.4041
-4.4305 7.2446
-8.4652 -6.8777
-11.8656 7.0063
-2.8043 -8.6042
6.1375 -1.6417
4.2053 -8.3037
-3.3167 -6.5052
-3.7739 6.0656
-5.9356 -9.8762
-2.6430 -5.9832
-4.3976 -2.2602
6.7102 5.7105
-4.9048 -4.8527
-0.9249 -1.7150
-7.3562 -4.3574
-2.7618 -3.5411
7.5610 3.2380
9.0186 -5.1987
6.0443 7.8565
-6.2353 -6.9520
-10.6811 7.4699
5.9601 4.8474
5.8161 -2.1965
-9.8327 5.6522
-7.9599 -7.5593
-10.2665 -8.8469
-8.0542 5.4960
-3.5483 -5.9214
-4.2250 -9.0047
4.9948 -1.3347
5.7085 -8.1836
1.2535 2.9140
-2.4354 -1.2978
6.2344 5.9073
-5.8413 8.5375
-1.7724 -6.2180
-7.6649 -8.0193
6.3936 7.5542
-5.7681 -7.3732
-5.1351 -3.2691
-8.1075 5.9764
10.8960 2.8121
6.4021 -7.8331
-1.6559 5.4360
5.8043 -9.1384
7.4988 6.1726
15.0231 -5.2753
-6.9930 5.7053
-4.2615 -8.7945
8.0438 5.9236
7.8720 5.9862
8.2634 -5.7520
6.4922 5.8392
8.7614 -3.6267
-3.8666 -1.4293
-1.9440 -7.6079
-7.1954 -3.4187
6.7398 -8.9644
6.1845 -5.9780
-3.2451 4.9490
5.2657 5.3388
-8.6369 4.6428
-11.0723 5.2193
5.5076 -5.8139
6.1373 -9.4266
-7.9729 -5.0747
-10.1771 -2.6105
5.7765 -7.7276
4.3955 -4.9899
-4.4059 7.0364
-4.2557 4.3410
5.9507 -9.2448
-8.0587 -8.8885
1.2447 -9.7227
-4.6384 -3.4229
-1.9274 6.0047
-8.6550 7.8539
-3.3648 -8.3472
-3.6291 -2.8382
-2.9349 -8.0215
-7.8393 -8.7915
-6.1937 6.3710
13.0387 -8.3257
8.2752 3.1959
-0.3452 -0.0779
-6.9966 -3.9637
-1.8453 -6.8613
-11.0496 -9.6565
-7.4544 -3.3032
-7.2788 -1.8981
-1.8845 -6.4672
5.9687 -7.8347
-3.8659 -7.0123
7.7762 4.9434
8.0338 6.1638
4.0810 5.7295
-8.6180 -6.3338
6.1017 -7.7045
-5.5155 -2.6958
5.2469 6.0745
-3.4791 -7.5986
-3.4644 -5.3969
-3.0066 -5.2703
1.6033 2.8895
5.2277 4.3801
9.5558 -4.6029
-9.1299 -8.0405
-2.6745 -10.6397
-3.7282 -2.2992
-8.1886 6.3909
-8.8096 -2.4466
7.4822 -11.5474
7.8380 -3.7388
-3.1844 7.9524
-4.0642 4.4299
5.9653 -3.6239
5.9696 4.1127
-0.9209 -2.1104
-7.1881 6.8187
7.5096 -3.0971
-3.8575 -5.6016
-1.2470 5.7708
7.6553 -8.8081
-5.5131 -7.0078
-7.3640 -4.0357
-3.9787 5.9004
-3.0223 7.4577
-7.9090 6.0128
-3.9857 -0.9816
-3.2619 -2.6332
6.0854 3.8112
-1.8937 5.9013
-3.6928 5.5485
-2.9502 6.1156
7.0238 -3.3897
5.5103 -10.6249
-5.6931 6.1516
-6.8538 -5.6949
-6.3013 8.6022
-2.8330 -8.1655
-2.8300 -3.4278
-3.6429 -8.8513
6.3259 6.6641
-7.7108 8.8486
-10.3242 -2.3032
-8.2295 -2.7434
-9.3838 6.1566
-3.9283 2.3997
-9.3467 -7.2532
7.5160 4.1241
-7.5380 -6.5545
-7.5533 5.8655
-2.6113 5.9111
-5.1317 -8.4757
-2.5373 6.5312
5.9288 5.7682
7.3206 9.4331
-7.7557 -5.9498
-6.6484 5.8427
-8.0778 -7.3820
-9.0487 -6.3949
4.5258 8.3555
7.8603 -10.3903
6.2554 8.6280
-3.2689 9.1745
5.5976 -3.3414
9.2925 10.6099
4.4703 -8.0174
-4.1061 -8.0269
7.3861 5.8568
6.1214 6.1399
6.2302 -4.0876
6.2924 6.8252
-3.2836 -7.4506
-4.4545 -6.8782
-8.9293 7.3542
-2.0784 -7.3633
-7.2726 -1.7461
-2.5828 -11.0934
-6.5235 -7.8715
2.1117 -1.1211
4.8085 -9.4378
-3.4102 7.3940
-5.8090 -6.9793
-2.8544 -2.5876
-7.2115 -8.0543
-2.1100 -1.8986
-2.5327 -5.1041
8.4101 -6.7034
-2.0796 -8.5870
-5.9225 -0.5053
7.4777 -10.1097
-2.4087 -6.9971
-7.4612 -4.1371
6.1800 10.5783
-1.8306 -6.8958
-9.6562 -3.4605
-6.4845 5.8647
-3.9573 -6.0717
-9.1772 -1.9189
-7.3013 -7.5915
5.9683 -2.3789
4.7877 -8.4747
-10.6520 6.1273
6.2280 5.7273
-2.6977 -3.1682
-1.1852 -1.1091
-1.0463 -7.7584
-1.5520 10.2815
-0.8056 -3.9780
5.8646 6.6816
-9.9710 -8.5614
-2.2032 12.7701
-2.4676 -7.7320
-2.9523 -4.2022
5.9598 -9.6852
-7.1998 -9.3591
-6.7217 2.1720
-1.5876 1.4919
-1.8607 -2.2386
4.2397 5.3673
-10.8637 6.6307
5.9723 5.5301
-3.2802 6.3376
-1.7541 6.1089
4.0263 5.7548
6.0974 -3.4237
-3.5627 6.3281
0.2029 6.0831
6.7051 -7.5913
-9.2577 -0.7305
6.2011 4.1512
-1.2654 -5.7747
-2.4940 -7.2195
9.1632 -8.1227
-2.1462 -2.5724
-2.1426 -2.5356
5.7586 -3.5881
3.1377 -7.7261
6.8729 -6.6626
7.2494 -3.0711
-2.8474 7.2577
-4.6803 5.7275
7.3129 -7.0867
-5.8897 4.8674
1.9690 -9.5880
5.9170 -2.7806
-2.8558 10.3771
4.5837 7.5909
6.3104 -3.4544
-3.8811 -9.3205
10.6963 6.3094
-9.6145 6.1722
6.5584 8.3010
10.2150 2.7402
-6.7980 7.0694
-4.6355 11.8622
2.4765 -1.3038
-2.1912 8.5251
-7.5424 -2.7639
6.1047 -6.5817
6.5056 5.9905
9.7889 6.4771
6.2292 -1.9795
6.1195 -2.9676
-6.7205 7.1184
-9.3832 8.9737
-7.2850 -8.7600
6.0314 10.0858
9.7051 7.3380
-8.0773 -7.7854
6.2188 5.9922
-10.2395 -2.4025
-7.6730 -9.0092
-7.8253 6.3096
-1.5355 -4.4981
6.5594 -8.7267
-7.4272 6.3440
5.7733 -4.5558
6.2004 -9.9808
-4.1186 -3.0431
-4.0372 11.0289
6.1294 6.1588
9.4379 -6.1936
7.6836 -6.6206
3.5765 -10.3574
-5.7839 6.5280
-4.6002 2.4335
10.0808 6.1612
-7.7845 -3.5058
4.3567 5.5710
-7.5932 0.2954
-2.8992 -6.7163
-8.7157 4.0631
-5.2873 -5.1419
9.8914 8.4737
6.1395 -6.8675
4.8476 7.9628
4.6283 4.6545
-6.9937 5.3034
-7.8030 9.5844
7.9501 -3.4883
-9.1072 9.9449
-7.5643 -10.8797
-10.1556 6.3648
-10.8514 -7.7489
-10.6471 -9.2061
3.0217 12.5920
-0.9378 -6.4545
-1.6884 -9.7670
-2.4318 -6.1974
7.4988 -10.6261
5.4330 5.7780
-8.1881 -9.7821
-0.6566 -6.5375
-7.0938 -3.1237
10.9132 -6.4517
11.4349 -2.9143
5.9086 -1.0053
-0.4179 8.6355
-7.3248 -9.4365
-1.6293 -8.1647
-6.5126 -1.4376
3.9566 14.6181
3.0245 -2.6463
-6.5438 -7.6805
5.6706 -6.0233
6.4684 -6.8370
-9.2416 -5.2174
-2.1596 6.3951
-7.4978 -8.3538
-3.1859 -3.3886
9.8952 -8.1880
-5.0480 4.4476
6.5270 5.6586
-9.0658 10.3075
2.8132 -6.5948
4.8748 -7.5305
-1.8908 9.2193
-6.9531 -5.2348
5.8774 -6.9380
0.1333 -3.3677
5.9892 4.6841
-6.8435 -7.0106
-8.8735 -2.6165
5.9244 -8.8397
-2.1185 -1.8581
8.5302 -5.1190
-0.1284 8.3412
6.1640 -3.3634
-4.3293 -11.5111
-0.2578 -7.3326
6.9134 7.2432
-6.0917 -1.2400
-0.4573 6.0355
-2.0040 -7.3818
1.4910 6.1166
6.0847 -8.2462
-8.5154 3.9805
-4.0343 -3.6120
-1.3637 7.4098
5.8535 9.3032
-2.2516 -1.1649
6.0848 6.7172
-7.3881 10.6261
-5.9301 6.3473
6.3884 7.8486
-5.4742 4.7840
5.6802 7.5925
-1.8928 -3.4363
5.6468 5.8357
-0.1434 5.7383
-3.1190 -5.7488
-5.7217 -6.7426
-2.9962 -3.7067
-8.0493 -8.3226
-4.3163 2.8278
-2.2874 -2.8997
-2.4157 -7.1356
6.3455 -2.1622
-7.6507 4.9586
-8.3667 6.7411
8.7830 -6.0533
-5.1999 -2.4047
9.2799 -6.7425
-8.1835 -8.3007
-2.9808 -7.9523
11.7065 6.3132
-5.1354 4.1706
6.1656 6.3215
-8.0139 -10.2544
-9.6582 -4.9980
-7.0790 -2.3967
4.6046 -7.9625
6.1073 5.8117
4.0000 -0.9827
-9.2928 -4.1861
3.5050 -3.9244
-1.9165 5.2033
4.9838 9.8198
-9.8146 1.8457
-3.8888 10.5542
2.8608 -3.1434
7.2480 -3.8298
9.3216 6.7622
-1.7113 -6.4272
-2.6432 9.0283
-9.8874 3.0773
9.6248 6.2671
-7.8850 5.9184
-4.8594 5.0191
6.3350 6.3502
-10.0621 -6.6450
5.9114 6.0008
-3.3917 5.5607
-4.9570 -3.0091
9.8538 -2.5104
-9.8642 6.2446
-3.4652 6.2931
-6.2006 -2.9311
-3.2084 -3.3130
8.5211 6.5062
-9.1579 -9.3487
-7.5639 5.7912
-7.7964 -6.6287
6.2183 -8.8095
-4.1564 -9.2689
3.9408 6.4002
8.5777 6.0870
5.9255 -7.1236
5.1950 -9.5067
7.7727 -8.1350
-7.7185 3.3659
6.0085 -2.7935
-8.9485 6.0810
5.1588 -3.1525
6.3698 14.3005
9.4124 -3.0067
-3.7709 -8.4352
-9.0150 -9.7096
-2.4276 7.3035
7.6591 5.8605
8.4089 3.2396
8.6598 5.5237
8.9995 6.8906
-1.8194 6.0165
-8.0880 -4.0040
-6.9548 7.1389
6.5768 7.9007
-0.1041 6.1660
-3.5685 -9.8125
4.0048 5.7928
5.6683 -3.8366
-2.7606 -6.8244
-7.1942 -9.7838
8.2307 -11.7234
5.8061 -8.2597
-6.0734 6.1548
-2.4801 5.3246
-1.3485 8.6356
8.1052 1.3666
6.7237 -5.4091
13.5837 -2.4428
12.7890 -7.6941
6.1709 6.3894
5.8419 6.1260
-5.8260 -2.7725
8.6627 -4.2871
5.9862 4.1583
-12.7207 -2.4745
-4.1218 -10.0760
6.4267 -3.4884
-5.1355 -3.8066
-3.2745 -1.5542
-1.1615 -1.0938
4.4799 -9.0800
-8.0950 -5.1850
6.0239 9.9361
-1.2188 -7.0773
7.4502 6.4425
-6.8622 -1.7524
-7.6568 -5.8660
-2.7711 -3.3446
-7.8772 -8.9768
-2.4759 -8.0337
6.9132 -2.0954
-6.3470 -7.1773
11.0271 -4.4669
-4.1806 7.0443
-8.2633 6.9667
-6.4936 -7.6257
10.4048 -2.5842
8.8725 -8.9383
-2.5111 0.6877
4.6325 -8.6090
-10.1365 -4.9413
4.8457 5.2644
-2.9239 5.9819
-3.0160 9.2171
9.7901 -6.9391
5.8604 -4.8133
6.2926 -7.3316
-6.2635 8.9144
-7.8769 2.2886
9.8646 7.0331
6.4395 -8.0407
5.7647 1.9505
-10.1608 -1.0401
-2.5146 5.9910
7.2350 7.5723
-8.7085 9.4884
-7.0712 -1.3181
-0.9524 -4.0208
-2.8803 -1.5343
-5.6931 7.2050
-5.2057 -6.0011
-6.3981 -9.3236
-4.2545 -2.1722
5.8471 -5.8476
7.7381 -2.8839
-1.4506 5.8641
-7.2054 -2.6983
7.8601 -2.7179
-2.7315 -2.8695
5.0058 5.9329
12.1364 -8.9984
-6.8618 4.0609
-3.2115 -3.7878
-7.2654 6.1108
-6.3104 5.8830
6.1899 6.5996
-5.0577 6.0633
5.8017 6.0111
-3.8103 -3.8485
7.1291 -4.7170
-2.8909 7.6792
-4.1331 -3.1933
-8.2221 -3.6689
6.8985 -6.2077
-6.0996 5.9001
6.0332 10.8161
-9.9862 -8.5771
-4.5438 7.0464
-4.5564 8.8822
-6.9832 6.2479
-2.8479 -9.1789
-4.7579 -1.0666
-7.5423 -4.7960
-7.0572 -7.6732
-9.7128 -8.3021
-7.0477 8.2749
-3.1435 7.0609
6.0187 -3.7559
-4.0059 -8.6043
-8.2418 -3.0734
-2.6454 -7.6698
-4.4631 5.4795
-9.2904 3.3839
-3.6707 4.0530
8.7353 -7.6498
7.6955 5.3983
-9.1278 -6.9626
6.0341 -3.5947
-5.9068 0.8805
5.7030 6.1410
6.3441 4.3687
-10.2307 4.6395
8.9745 7.2376
-8.4875 8.1522
-11.6411 6.0923
6.1565 -6.7967
-1.8051 9.0003
-3.2340 6.3082
-3.3542 2.6125
-2.6764 -4.3510
7.1293 -7.7082
5.7429 -9.7718
-2.2239 -2.1946
-3.6585 6.0106
9.3648 -3.6122
-7.4677 -8.6791
-2.4029 6.2504
3.0475 6.3857
7.0207 6.2089
-6.1871 6.5239
5.7334 -10.7922
-7.0139 -2.8109
6.3045 9.4509
-9.3491 -7.2542
-3.8791 -9.7703
7.7927 -1.1667
-9.6586 -1.7082
7.0002 -8.9786
6.6858 -7.1600
-9.3227 -8.3697
5.8275 4.2511
-0.1204 -11.2043
-8.4207 -2.0038
8.2497 4.7884
-1.8775 -7.3824
7.1423 0.4705
6.2894 -10.2199
-7.0053 -6.4070
7.5595 -3.8413
-11.0471 -2.7009
9.8614 5.0828
2.9534 -5.3269
-2.6286 -7.4950
6.3058 5.8015
-6.4716 -9.0971
-8.7726 6.1498
-7.0835 -11.0043
-5.4211 -3.1894
-12.3476 -3.6010
5.9133 6.0554
6.1309 -6.7781
5.9923 -2.0027
5.8704 -8.7699
6.3972 -8.5534
-2.6002 -2.1215
-1.0772 5.5155
-6.3036 4.7699
8.8225 5.8964
6.0525 6.6163
-9.4318 -9.3900
4.1339 -9.4601
6.0058 -9.4161
-8.0617 5.9517
-7.0454 -7.3979
-6.2542 -2.3005
-1.2862 -5.3451
5.8150 5.8498
-2.0142 -8.5104
-8.2948 8.4386
11.4586 -2.0858
-7.2050 -6.8017
6.5560 -7.7199
5.8944 -1.0121
-9.3097 5.0554
-2.4246 -2.2678
6.9696 -12.1940
9.1402 -6.6690
-4.4831 -7.9337
-7.8884 -9.3486
-8.0584 -2.1399
-4.3225 -3.5609
3.4218 8.2512
-1.3699 5.9591
6.1243 8.6828
5.9899 -3.8033
4.2227 -1.3052
-0.9010 -5.2708
-4.8616 -3.9975
-4.4451 -3.1691
-2.0481 7.9568
-4.9025 6.0294
-5.2379 10.9591
11.0805 -4.0185
-8.5978 -4.1205
7.8197 -2.4211
9.6051 -5.8980
-0.3717 8.4914
-4.9983 -5.1183
-6.9306 5.9409
-2.8179 -7.8311
7.1018 -8.0821
-3.3144 7.1524
-6.2568 -6.1748
-2.7331 4.6243
5.6707 2.9023
-8.3387 -5.1682
6.5639 11.3231
-9.1521 -7.0925
-5.3668 7.7911
-2.9655 7.2210
6.9742 9.7549
-7.9906 -4.3141
-10.1081 -2.6061
4.8556 -7.9882
-6.6670 6.4027
6.1420 -7.0060
4.9912 -10.3080
6.2156 -2.5082
5.1935 -1.4255
-3.1273 -7.9862
-4.1362 4.4007
-7.1485 5.0783
-8.0744 6.8514
-3.0207 6.0804
-3.8618 6.4886
-1.8709 4.3074
-4.5255 -3.0160
6.1204 -3.2231
5.6963 -7.2815
11.6651 -2.7896
7.6991 8.5317
-6.4620 -9.1526
3.9159 -2.8117
-2.3290 -8.0107
-9.6484 0.7524
6.2284 7.4571
8.4053 4.8803
-2.3161 7.8902
7.6193 -5.7648
10.4272 5.5571
1.7309 -2.2377
-8.6919 -10.2967
-3.6852 -9.2442
-9.4832 -3.9050
5.9158 -1.5779
-6.3181 6.0357
6.9949 -3.2807
6.2881 -4.6064
-7.1754 5.9061
5.1797 3.1842
-5.0362 6.0872
-5.8723 9.1064
-1.4661 -7.2130
-0.4043 -2.4702
-4.7800 -3.2258
5.7781 6.3078
-2.2978 4.1933
8.5228 -7.9964
5.6618 5.1397
4.4152 -8.2428
-6.7326 -6.4946
-2.4779 -8.3947
5.8317 6.4415
-0.6252 -7.1054
8.0647 5.8852
5.8099 3.0660
10.9291 -2.7551
6.6260 -1.9284
9.3274 -6.7491
6.0097 -7.7940
-5.2059 -7.8650
-0.9537 5.7799
-4.4087 3.2448
8.2157 7.7857
6.3113 6.1322
-3.3164 -3.9419
-8.6075 -1.9890
5.8309 7.8996
-11.0051 -3.0005
1.0879 5.8366
-2.9367 1.5894
5.8292 -3.7469
-8.3311 6.1937
4.3692 -3.3230
-6.6084 5.2205
4.6677 -7.3515
-7.8729 7.8752
5.7352 -4.5960
-7.7821 -1.5652
-1.4580 0.9018
-2.7590 -6.8477
2.3371 -3.7050
-8.1157 -6.3120
-7.3951 6.2733
-3.4739 5.7444
5.6240 5.7379
-3.2952 6.3140
10.2845 2.7663
-5.2832 9.8742
9.2236 -6.3227
9.1590 9.5567
6.0241 5.7947
-3.6322 -8.2217
-6.4453 -6.8649
-3.8246 -1.8174
-3.5909 -2.3164
7.1392 -5.1119
-2.5811 -6.9983
-3.1130 -9.1512
-7.9385 -5.2127
5.9168 -2.5010
-5.7241 -1.7018
-4.5079 -1.3446
-6.0327 -7.3295
-2.4560 -7.5893
-3.5775 -5.4072
5.5813 -7.4356
-2.7444 -6.5498
-2.3190 -5.6905
-4.1771 -8.7680
6.2683 -9.2705
-4.9881 9.2809
9.9005 5.0575
-3.4858 -11.0178
-2.9201 -4.2031
6.4678 5.8313
-0.3658 -2.5682
-9.8499 7.1728
8.9130 -7.2182
-6.2037 -3.3101
-8.5462 -6.3165
6.2073 -1.4070
-5.4425 -2.4058
2.5598 -4.7771
-6.6952 7.6498
-1.5963 -6.0999
11.8939 8.7774
4.0963 -4.4190
-6.4842 0.8633
-6.7310 -3.5981
8.5436 -2.6080
8.8548 -1.7259
-6.8190 -4.1361
-2.5709 -4.0605
6.1902 -1.8766
-9.7066 -3.3426
-3.8737 -8.2398
6.1901 5.8067
-3.9110 8.8168
-2.4521 -11.5991
-6.9712 8.5602
-4.3842 -1.8590
-7.0580 -2.6222
-8.1176 2.6766
-2.5495 -5.5878
6.4549 5.8529
5.7824 2.7672
6.2401 -10.9765
5.6547 -6.2794
-5.7290 -7.4202
8.6234 7.5438
-5.7997 -8.4309
3.5996 -8.5868
-6.7262 6.8775
6.4889 -9.4737
6.2586 -1.6877
8.2116 6.6870
-9.5365 -1.8046
6.0681 10.1487
5.3491 8.2658
6.2580 10.0025
-4.4966 4.7108
-4.7214 4.2166
5.1532 6.2479
-2.4310 -3.8271
-0.9733 6.0636
-3.2737 -7.2269
-3.0919 -7.3307
-2.3457 -7.2356
-2.9338 6.2474
-2.8650 -2.1172
-3.8774 -4.4920
-9.4093 4.4876
6.2506 8.1179
4.3411 6.9287
-3.1991 -0.7402
-9.2257 6.0743
7.9901 -4.3367
-8.8071 -2.5593
11.1763 4.9818
-5.3467 -10.0592
7.3109 2.9989
4.4070 -8.6595
-6.6898 1.6516
-8.6713 -8.2876
5.8274 8.9065
-2.7471 -3.0643
-4.0626 -7.9752
-9.1137 5.9116
-0.3825 -4.9668
5.0335 -1.5431
-5.5451 6.1698
5.9874 -2.4845
-2.3011 -1.7469
-9.4184 7.6613
-5.4077 -11.6518
-1.3091 -8.4645
-6.6843 -7.6189
-10.2896 -2.3953
6.2665 6.0760
-5.4469 -7.1949
4.3831 -9.4838
-9.4439 -4.0616
8.1409 6.3396
6.6636 8.0849
5.8692 9.1750
-2.9281 5.6076
5.5598 -5.5999
-6.7981 -4.3433
4.7379 -5.8887
-8.2181 -2.8747
8.5776 -8.4467
-6.4045 -3.5954
-8.2074 -4.2792
-6.1671 5.8512
-1.6649 -7.4807
-10.7183 -5.0352
-3.0668 -1.8010
6.9481 7.2455
-4.3849 -8.8836
-7.1611 -9.2140
-8.1976 -10.3197
-2.5775 -7.2458
6.5955 -7.3873
-7.1443 -2.3165
4.7885 -8.4167
10.1988 6.9579
3.2127 8.6326
-4.3335 5.8078
-9.4656 -3.5463
-8.2803 -6.9121
-6.7636 -4.8872
3.9416 6.0545
-3.1403 7.6017
-3.0134 9.1143
-1.4683 -3.5190
5.2247 3.3237
4.5117 -6.5710
-5.1820 -8.0789
-7.4025 -7.4584
5.7995 -6.3245
5.4202 6.0943
5.0841 7.3065
-9.5797 5.6921
-11.6877 -8.9733
-8.6380 -8.3994
-2.8067 4.9619
-7.5036 5.8545
5.9852 -2.1721
5.6364 5.3026
-6.3493 3.2708
-4.9601 -6.0568
-2.5170 1.8337
7.3321 -6.6800
-7.6690 3.2969
-8.5629 6.1249
-1.5439 6.1669
-11.2386 -6.2940
-3.0725 -2.5227
-8.8343 -5.3202
-3.9823 -4.9506
6.8950 -1.7502
-4.1222 -6.8912
-7.5128 6.1372
-9.3584 -8.6448
-2.7743 10.1652
-7.4439 5.9066
5.6097 -3.0328
7.3398 3.2797
-5.3619 -7.3973
-4.0635 -5.9700
7.5430 -5.7474
-1.6113 6.0047
7.6095 -7.1222
4.3283 6.4873
8.5978 7.3877
-6.8794 -3.1549
9.4611 6.4615
-8.3452 -6.5291
-7.4261 -3.9241
-7.7823 -4.4103
9.8746 -5.2014
9.1304 4.1440
-8.6780 -3.6506
8.5214 6.4013
-3.8514 -4.0469
-8.6123 6.0455
-10.2188 -4.2853
5.8927 7.7585
5.9114 -7.2982
-4.4203 2.0388
-4.1036 5.8927
5.9059 -7.8285
5.6952 2.9082
-3.7036 7.5475
-7.5566 -2.6990
-8.0070 -8.0024
8.2661 -0.3644
-3.8729 -1.6366
12.7597 5.7264
-2.4457 5.9145
-10.3890 -2.2329
-6.1712 -5.9599
9.0585 7.1127
-6.3038 -9.7243
-1.9591 -3.3346
-2.6528 -1.6468
-7.2511 -10.7746
8.6501 -2.1951
5.7570 -8.8406
-0.9002 -2.9419
5.3069 5.6949
-9.8096 6.0549
-8.4921 -6.8330
-8.1224 -3.1307
5.8712 8.4582
-3.5020 -8.3128
-6.2425 -6.4031
5.8191 3.9095
-8.2870 8.3439
5.6513 -7.4885
2.5781 6.2550
-2.5867 0.7725
-3.2380 6.3576
4.6609 -0.8791
-7.7738 7.5869
-2.1280 5.9406
5.9961 -7.7430
-3.1308 -7.1433
-8.8284 0.4956
-9.6026 5.8686
2.5142 -9.5782
-2.0574 6.1831
12.3644 -3.2674
5.6443 -4.0061
-0.0537 8.6180
-2.5192 -2.1403
-1.5954 6.0708
-1.2545 7.4515
-6.4857 -10.6282
-0.4738 -9.1087
6.1924 -4.0341
5.9806 6.0915
1.7902 -1.9141
6.2240 -2.5716
-2.3893 7.6212
-3.0954 -3.1023
-5.7488 -8.8001
-0.3410 -3.6073
7.0012 -2.4884
-8.4886 13.7283
-2.6035 -2.3590
-2.4790 -9.2865
-10.1156 5.8784
7.3322 4.7670
4.6648 6.0897
-2.2781 -0.4546
-9.1509 7.5110
1.6809 -3.1276
-2.3959 5.8154
6.1346 -3.4979
-3.2021 6.3028
-2.6145 5.2556
5.1072 -6.8827
-4.1349 -8.9654
-1.7865 9.5905
-8.6303 -7.0151
-6.1635 -1.9824
1.3471 12.2160
-6.8513 5.8794
7.3163 5.8619
5.9415 10.2361
-11.2059 -11.7048
-1.0863 -2.8056
-7.1880 5.4502
5.8430 9.1347
9.9076 -8.2260
-6.2151 -8.5343
-8.2335 -8.7004
-2.0357 -2.7329
5.8463 -5.0603
-1.2535 -4.6920
6.0498 -3.3643
-2.9065 7.4787
-3.8768 -3.6191
6.0782 -1.8773
4.4775 -10.0294
10.1258 5.9202
6.0857 6.5586
-8.7351 7.9529
-6.5439 -7.3866
-3.3908 -1.8886
7.0283 -2.4388
-8.2226 -3.6355
-1.7715 -2.2410
-8.8821 -2.5299
-2.3953 1.3725
-8.3377 -8.1760
-5.0921 -8.9699
-3.4901 5.4044
-5.0983 2.0525
-6.4326 -2.1537
5.9323 -9.1848
-6.9549 -3.7533
-5.9320 4.7540
5.8078 -1.7452
7.4486 -4.1194
-8.6581 -7.2273
6.0883 -2.2783
6.1532 -1.7316
9.8545 -9.8040
-8.6687 8.9122
-9.5424 -2.9546
-6.1662 -2.5483
6.3472 5.8185
6.1246 -8.9184
-7.7185 -8.1047
-6.9652 -2.7406
-2.6563 6.9106
-2.8036 6.5960
-7.8974 6.8468
7.3158 3.3204
-3.4534 8.1485
6.1316 -6.3583
-9.7886 -5.9079
6.6590 -7.6600
4.9145 -8.4463
-6.8038 -7.2238
5.4723 -1.4421
-1.1335 -3.6597
-3.1166 -8.0718
6.2533 -2.0544
-3.3111 10.1168
8.4987 5.9114
5.8555 5.9580
-8.3815 -2.9943
3.3521 -8.0092
-5.5557 4.0019
-4.4069 -2.0449
10.6556 -6.9626
-0.9149 7.8150
7.3683 4.6012
-2.6566 5.9879
-10.2787 6.0801
6.1991 -11.5953
-2.1055 7.3196
-5.7996 -4.8062
8.1239 -7.5564
-3.9035 -3.7588
6.6628 -11.1600
4.0535 -2.1876
-3.9768 -1.7329
-3.7164 -2.5567
3.3149 3.7416
9.0369 -6.4688
5.8786 5.1037
-5.9552 10.4684
10.3050 -2.5916
6.0663 6.9265
-1.9548 -1.6041
-8.3645 -1.8573
2.7905 5.9095
7.6332 6.4810
-7.8150 -1.9991
-6.3467 -7.9818
-6.3215 -2.2314
-3.3921 9.1192
6.5351 8.0794
-2.8891 6.1097
5.7850 -9.2017
-8.4730 -7.4969
8.9584 -5.4920
-1.8327 -3.3374
8.4473 6.1581
12.1345 -3.8162
4.9856 -10.2258
5.5059 -7.8804
-3.7706 -2.4053
-3.2162 6.0067
5.9238 -8.8933
6.9640 -6.8164
8.4651 6.6634
-7.5912 6.2320
6.2051 10.5555
2.3434 -0.3097
8.2921 -0.8116
-9.1320 -4.0825
-3.4724 -1.7333
-11.7045 0.5762
-4.1436 -7.6918
-7.3589 2.3353
-9.8181 -10.4808
-7.0235 10.8849
-6.7158 -8.2361
7.9185 -6.0278
8.7987 9.4395
-1.9446 -2.9958
9.3105 4.3220
-7.3252 -7.1970
-8.0238 -7.1382
-1.0039 6.1208
-8.9415 0.3960
9.9000 5.8879
-3.1413 5.8415
-2.3645 -3.3676
-7.4540 -8.2280
-1.8742 -2.2460
-7.4942 5.2476
-3.8701 -4.9632
6.4798 5.8867
-8.8556 5.7115
-7.4289 9.1719
5.9215 -5.3149
-5.3643 -2.1343
-7.8051 -8.0003
6.1914 -2.3469
6.0919 -6.9121
-8.7088 -7.3771
6.2280 -1.8740
-8.7384 5.5919
-8.4380 9.3293
6.1165 -3.4193
-3.8845 6.1857
-2.1158 6.0195
5.2753 8.7065
6.0342 -6.9376
6.6742 -2.6631
-0.8879 -2.0388
10.7318 -6.2992
5.9306 -6.4999
-7.0567 6.0473
-3.4288 7.3349
-5.9304 6.9471
-3.8393 6.2092
11.7078 -7.4893
-4.7064 -1.9832
-8.0549 -1.2837
6.0112 8.2486
3.0505 -5.9551
-7.9617 -2.5452
5.4121 -6.0954
5.8335 -7.0772
-2.3036 -8.8545
-4.7947 -3.4305
6.1518 5.6620
-2.1140 -2.2689
-2.7697 -3.8589
-8.0488 -1.4026
-8.6454 5.8578
5.8992 5.8913
-0.2214 -5.4828
6.0817 -2.1121
6.1100 -8.4342
4.2960 -1.9827
-2.5623 7.9602
5.6973 -10.3745
-3.7060 -4.1684
-2.3202 5.9993
3.0911 7.8787
-3.4153 4.3193
-6.5867 6.1801
-6.6344 -4.5814
-9.1521 -8.8327
5.9818 10.0982
5.6333 4.9199
5.1386 6.0458
-7.9936 -6.4520
-8.4535 -9.1272
6.0221 -7.4770
5.2763 7.8666
-3.1569 4.4993
5.7325 5.8670
-6.1419 -5.6893
-4.8546 7.5235
4.2929 6.3387
-2.6698 13.5870
-7.2438 -3.7852
-5.2970 -1.3862
5.9562 -8.0369
5.8871 -9.5124
-2.6460 5.7972
6.9335 -5.9743
-8.5261 6.0861
5.5516 -9.1392
-9.2239 0.4748
-6.8494 6.8742
-1.2409 2.3420
-1.6131 -6.6167
6.0442 -7.1908
-6.0179 -2.7233
-6.3345 6.1283
-1.7509 -9.0338
-3.4061 6.9483
-8.3722 -2.2989
9.8667 6.2149
-8.7090 -7.2968
-3.7527 6.0434
-3.5953 8.8636
-0.9199 -5.2099
-1.7014 -6.6736
-8.1411 -3.6477
-1.4903 6.1929
7.7107 4.4685
-1.6835 -8.1169
-0.5867 -3.4029
-2.5467 -3.5920
-2.5790 6.2202
-7.6293 -0.5157
-3.2444 10.3157
-6.2533 -2.1995
10.8367 6.1022
-1.3809 -5.4303
-3.4688 4.8618
9.2845 -5.1346
-3.2005 -6.6052
-7.4126 8.8428
-2.0143 7.6114
7.0145 5.4835
-2.1507 6.1018
5.0538 -10.3624
-7.5045 -5.3309
3.4402 11.0343
-7.9591 -8.2926
6.0912 -8.5433
6.2519 6.6402
5.8546 8.1415
-2.6769 -3.6552
9.7683 5.7683
-6.5259 -3.5196
6.1288 -3.1203
-2.2270 10.3372
-8.2294 -4.8067
10.6301 -5.9122
-1.2433 6.0821
-7.4522 -9.1061
-6.7691 6.6704
8.2291 -4.8989
-11.0259 -7.5204
6.7684 -2.1894
6.2933 -9.8188
-2.6174 6.3347
5.6736 3.2105
-7.4812 5.5224
-3.0294 4.6673
6.0972 -1.5380
-3.3390 13.1789
5.9123 5.7394
-7.3322 -6.5550
3.8644 -4.5780
3.6775 5.8137
8.1396 -2.7417
7.1697 -1.9969
6.3293 -7.0830
-11.6163 -5.3696
3.6302 -2.8231
-8.5805 -1.9610
-4.7803 4.9165
6.3454 11.9115
-7.7808 -8.9374
7.1161 2.4959
-7.7090 6.2216
9.5073 -6.8481
6.1173 -2.4867
-7.3598 -4.4061
-4.5083 -4.0963
-3.7858 -5.9713
6.1418 7.9516
-6.4535 5.5084
6.2920 -4.1427
-10.1212 -6.5658
3.7978 -10.1065
7.2220 -3.3353
13.8778 -2.2512
5.4360 -2.5002
12.2569 -8.6797
-9.1858 -2.7997
8.1075 4.2692
-2.7866 -7.8245
6.1741 6.0897
10.1333 3.7955
-4.2763 5.7263
-5.8745 5.9945
-8.7921 5.7563
-8.2438 8.4750
-10.6997 5.9557
-7.8766 -5.4487
-8.3111 -5.4484
7.8119 6.1176
-8.4345 -3.3455
-7.2713 -4.6734
-6.8980 -9.6690
-7.0578 -6.8177
1.9824 -3.3798
4.5708 -2.7533
10.0696 -3.0323
6.2680 -2.5697
-8.9485 -5.0875
-5.6597 3.9156
-4.1352 -2.5609
4.1660 7.4992
-8.7644 7.9146
-9.6463 -10.5924
8.3242 -8.0579
5.6020 5.5753
-6.8133 6.0245
6.4333 -6.4272
5.4709 3.7338
-8.4103 -2.3557
-2.2955 -7.7046
-7.9047 -7.0177
9.2403 11.4182
-6.2712 6.1159
-2.0265 4.9407
-8.6344 5.5674
-9.6330 -8.8195
5.8206 -6.7260
-6.6621 -1.9822
-3.1164 -7.3096
-2.7949 -1.4025
-4.7562 -2.3182
-1.7206 -7.0261
-8.4942 5.6508
6.1128 -8.4302
-5.6333 -4.2742
-9.1266 6.1476
-3.6396 -7.3133
-5.4832 -2.9437
6.3095 7.2481
-3.7939 6.0912
-4.5690 -2.9532
9.1773 -2.7472
4.0229 -3.3578
-4.1584 -7.9269
6.8025 -6.2426
-5.5874 -3.8127
6.1435 7.5255
4.8882 6.1861
-5.0657 -7.4509
1.5340 6.3343
5.8844 -3.1120
-9.1084 5.2994
-12.2572 4.3386
6.0267 -4.2780
6.0018 3.9861
2.5215 -2.9187
-6.1071 -6.6140
8.9963 4.2793
6.2994 6.1462
-7.1773 5.8128
6.1943 8.0511
-1.9456 -4.4337
8.9278 -9.7821
-1.3183 -2.3523
6.9270 -7.2527
6.2288 6.1102
-1.6217 -5.2097
6.2016 -7.8358
7.2442 -7.1978
6.6284 -2.7652
-2.2900 -8.0365
-8.1728 -9.3152
-7.5082 -3.7584
-2.3507 9.9193
6.1741 9.0831
-6.1141 -7.5784
6.6751 4.6943
-6.6209 -6.6388
-5.0310 -5.5572
-2.5842 -6.4547
6.9364 -8.3639
-6.0243 4.7123
5.1336 9.7913
-7.6462 3.1804
-3.1522 6.0058
-2.8117 -8.1875
6.3125 -2.8432
-11.2864 6.5070
-7.7807 -2.1002
6.4471 6.0772
-6.4899 -3.3429
-2.8341 5.2617
6.2338 -11.0850
-1.0476 -2.5938
6.0195 7.7341
-3.6639 6.3639
-1.8823 -7.9655
-1.7743 5.6363
10.5157 5.6919
8.4743 5.9384
-9.1392 6.0753
-8.4415 5.8350
5.9283 -4.7536
-9.3612 -3.8541
-7.6188 -3.1230
7.3819 -4.0567
-0.9693 -2.9309
7.9889 6.3627
7.6076 5.8297
7.6473 -6.6081
-2.9612 -1.9038
-9.1870 -7.9371
-4.0574 5.3682
-6.9070 -6.5284
6.1964 -2.3399
6.0840 -3.5724
-2.2916 6.8079
10.6672 10.5671
7.5906 7.8566
10.1105 -3.9560
5.8518 -5.2723
5.7909 6.3268
-8.3022 -3.8467
-9.8319 -6.1717
-5.3265 -6.8894
6.4648 5.5307
-6.9327 -3.4797
-6.0400 8.7532
-0.9421 -5.4354
6.2963 -3.4201
-5.6793 -9.7794
5.8111 10.0737
13.6511 7.6726
-2.6828 8.3304
5.0314 -6.4900
1.1847 5.9890
-6.8208 -7.1363
-5.7031 -11.3023
5.6264 -1.6478
0.5735 -7.0085
7.1585 -2.5157
11.2177 -2.7216
6.1967 6.3175
7.2920 -8.7838
-2.2061 5.8429
-2.6551 -6.4344
-1.9918 6.1214
6.1865 -8.1697
-3.6690 -0.3247
-5.7570 -5.1733
-10.4316 -7.2751
-3.0128 -0.0130
5.8512 -9.4385
6.2139 6.6271
-3.1393 -3.5291
-8.9358 10.7852
-5.3979 5.9582
4.0518 5.5380
9.4931 -4.5095
7.6525 -3.8892
-9.9718 5.2569
-7.4737 -9.9704
3.8133 -2.6639
-1.2885 6.6465
6.4137 -1.4985
6.2794 -1.6743
8.1562 -3.8053
-1.3673 5.9393
5.6547 4.3286
-1.9256 -4.4205
12.1670 -8.3338
-6.6084 4.1865
8.2426 -13.4786
4.2572 3.0430
3.2683 4.9593
11.8338 -7.2932
5.8807 -6.2365
-2.0738 -6.1098
-4.3834 -7.9086
2.7904 6.1103
11.8521 11.0119
5.9145 -7.5794
-8.8531 5.9875
-11.9479 2.0857
9.3045 8.7093
-11.2757 -2.3647
-1.7792 6.1905
-3.2598 5.3042
5.8445 -2.2465
-8.2416 -1.3239
4.5953 -2.9730
-8.4918 4.9328
-1.8144 -10.2891
-8.1816 -8.3571
-8.5535 -5.9264
-1.4675 -6.6773
-3.8200 5.4190
-7.2124 -8.6523
5.3271 5.6162
-8.6136 5.9899
10.6625 0.0564
-5.2457 6.8582
-9.4746 5.0163
-1.4642 -3.3236
-5.5658 7.3396
-8.8880 -2.4723
-2.3612 -3.5226
5.9383 -5.7436
-2.4256 5.5897
-4.5763 -7.2713
-2.5660 5.9411
9.9632 -1.8260
-3.9728 3.0683
8.5031 6.4752
-2.9017 -8.1423
-6.8793 -7.5915
10.0926 6.0036
-7.9751 6.4140
-8.7540 -8.5037
-2.7394 -1.9866
-2.8150 5.5012
-7.9018 -8.1424
-3.6683 -1.6120
2.0293 -7.1821
-1.3496 -4.1604
6.8644 6.3260
-7.8747 -3.1554
-8.8367 8.3831
-10.5597 -3.7595
-7.5888 -5.2595
9.6517 4.4046
-5.5126 -1.7769
-2.2242 -8.6386
-8.5584 3.3433
-6.8931 -3.0371
-8.6520 6.3894
6.4558 -8.7389
-9.0947 3.8701
-8.2569 8.6381
6.0192 -5.2962
-6.2546 -8.1850
-1.1315 4.8646
6.2515 -3.9808
3.4111 -5.7700
-8.9516 -8.6676
-2.9260 -2.7785
-2.6583 -4.5277
11.7006 6.0641
-2.2138 6.3065
-8.9186 -5.0424
-8.8707 -10.3300
-2.0644 9.0016
-2.3549 6.6700
2.5845 5.8152
-3.0464 -3.4500
-7.0340 -7.5898
4.8086 -2.5585
7.3271 -9.7759
5.5082 -9.5593
-1.3736 -2.7465
11.1485 9.6071
-10.0992 -11.4947
5.9484 -8.3930
-7.4684 -6.7075
-7.9126 10.4815
4.1002 6.2756
-2.1338 5.7158
5.8801 -1.4579
-3.1057 -6.8529
-7.7966 -3.5267
-3.0679 5.6863
6.6849 1.9734
5.6661 3.9976
-4.6740 -8.1325
-4.2051 4.9146
-9.2944 -10.1999
-9.3457 -9.0616
7.1636 6.2282
8.7335 -6.3986
4.4215 -3.2799
-5.6499 5.9158
-2.9427 -4.9859
6.3011 -9.0758
-4.1079 -2.6280
-2.1772 -1.8536
6.0243 -8.3255
-9.1507 9.1752
-8.3847 2.6114
-1.6498 3.3601
-9.9869 -3.9217
-9.5241 -5.7905
-9.0201 -1.9116
7.7511 4.7828
-2.6380 -1.4566
-8.5711 -3.5936
-3.8421 -7.1261
-9.3787 -3.3908
-7.7055 6.3512
-3.3835 10.3092
10.9626 -6.0169
-4.3091 6.8136
-2.6901 -3.8041
-2.1903 -4.4370
2.8596 7.4753
-0.6191 -7.8795
-4.4982 -6.5912
6.1629 -3.5864
6.4978 -6.5605
-9.6851 -2.1894
-2.5691 10.3098
-4.0847 -8.7026
-1.9404 -6.2049
-1.1598 -1.1145
-8.7735 -2.0966
-2.2651 6.6249
5.9380 -0.5591
7.7275 -8.1535
-8.6015 -2.1040
-8.5018 2.0939
-9.5074 6.2638
3.2494 -6.9425
2.9214 -6.1281
-11.3556 -2.1386
-5.6294 7.4225
6.1421 6.1719
11.8107 5.9336
-10.8586 -6.8293
8.0276 -7.9819
-1.6335 -9.4552
-11.0168 5.2080
-6.1156 -2.5186
-7.5981 -5.4838
8.3556 -3.3566
5.7636 6.0625
-1.3228 -7.2315
-2.6011 5.1433
-5.3952 -2.8087
5.7446 -1.7039
4.5558 4.8683
6.2557 -8.2346
-7.2591 -8.7034
5.6921 -10.0653
5.7294 -7.2934
6.1971 -6.0850
-8.1627 7.8127
-3.1369 -2.7152
3.5069 4.5195
7.5112 6.4258
6.2039 7.2621
-8.4528 -4.0059
-3.6349 6.1482
-10.3893 -6.3508
-2.2407 -0.6064
-6.7849 4.2190
-5.8005 -7.7947
-4.6777 -5.4005
3.0257 -4.8089
-7.5375 8.9611
-8.8224 -6.7112
-4.6833 5.4979
5.9883 -7.9219
-3.9086 5.5407
8.4734 -9.8256
5.4258 -6.5026
-4.9854 3.9772
-5.0260 -8.1741
-7.3475 -4.0621
9.8089 6.0547
-3.4190 -10.5128
-6.0201 -3.1871
4.0732 -2.5556
-2.2203 2.4019
-1.7425 -3.2763
-1.4840 -5.7039
-7.8095 -5.7889
3.1680 -5.9713
-2.6460 7.1151
-3.2824 -1.0077
-3.2353 6.3725
-9.4622 -1.8051
2.9092 -2.0494
-7.7828 7.2301
5.9285 -5.9535
-5.7980 -5.9802
-9.1647 -0.8971
-8.9535 7.0861
-2.7650 -5.4753
-1.5181 -6.1148
4.3659 5.8786
-2.7365 6.1084
-3.7376 -2.0740
-2.7765 7.6062
-1.8470 -0.8102
-2.0669 -1.6338
4.2949 -3.0069
-5.0034 -0.7418
-9.5779 6.1838
7.9281 -7.9701
9.9288 -3.7751
-7.5353 5.9894
-3.7504 -5.3270
3.7031 -2.3657
-1.9064 -10.6507
6.0824 -3.1513
6.0280 4.5895
8.1282 8.6768
-2.6284 -6.8860
-8.6606 11.6613
3.1413 6.3462
6.3918 -7.3426
3.4931 9.6860
-7.6863 -5.0170
5.8260 7.0682
-7.9175 13.0063
9.5648 10.7011
6.2135 -10.6529
-5.8191 5.9844
-8.6512 -7.6960
2.3085 9.1757
-2.9337 6.0599
5.7209 -2.8560
-3.4659 -2.0992
-7.0516 2.0247
-5.6942 -1.7374
-6.8287 5.8364
7.2458 -7.8707
6.0077 6.2289
5.6151 -1.5866
-8.2078 6.0188
6.2137 11.0555
-6.1163 6.2369
-4.8900 -8.1734
6.3400 -3.0247
-8.1639 -2.0197
4.7391 -11.6988
-0.7044 -3.8913
6.2800 -2.1905
-7.8558 -10.8279
-4.1013 6.1916
-8.4448 -6.0844
2.0230 8.8301
-8.8549 -3.2838
-3.4246 7.8730
-2.3810 5.9976
-3.5615 5.7439
-2.4553 7.9522
0.1487 2.3932
-8.2194 -4.7989
-4.4915 8.3463
2.2206 -6.1296
-5.9683 -8.8920
5.1716 -7.4930
-7.6308 1.6534
0.7816 5.2399
0.3880 -8.7147
5.2286 -1.2547
4.9188 -7.9259
-7.3553 1.6100
-1.5401 -3.5377
-1.5679 -0.1084
-6.9583 -3.9950
1.4332 -1.4799
-0.5170 -8.1542
-8.9988 -7.3131
-1.0749 5.4478
5.8062 4.7944
-7.7376 -1.7644
-2.5626 5.1576
5.8346 1.7058
-7.4325 5.0812
-0.1455 -1.8568
-1.6210 -8.2093
-7.9185 -7.5538
5.4157 4.9583
-5.9087 -8.2285
-1.6409 -6.0289
-7.9275 -0.4333
-1.6415 -1.2562
-5.7690 -1.5080
-6.5259 5.5113
2.0074 -2.6033
-0.6096 5.9143
-6.5100 0.0421
-9.2242 5.6376
5.5183 -0.1246
-0.8551 5.0681
1.6428 5.3377
-1.1582 5.6063
-1.4904 -7.1319
-1.6110 0.4471
0.4689 -3.3617
-6.3587 -1.5579
5.3987 -7.9013
5.1251 -6.6402
-6.5743 -1.7060
5.7027 5.1903
0.1866 -1.5389
5.0269 -0.7056
-1.7684 -1.6488
-0.7472 -7.3713
-1.1057 5.5342
5.3029 2.0243
-6.9250 -8.5452
6.0917 1.4428
6.0611 -1.6955
-1.5906 5.5118
-5.4091 -1.5915
5.1427 -1.5211
5.5608 1.1507
-7.2544 0.2052
5.8831 -7.4511
-0.6884 5.2487
-4.1658 0.5730
-7.7273 -1.7730
-4.0887 5.1130
6.3792 -1.7645
0.4792 -1.7482
-0.2697 -1.7097
5.3969 5.5234
-7.4043 -1.6223
1.5352 3.5299
-5.3924 6.3524
4.3298 -5.0150
5.3593 5.1134
-1.7173 5.1066
0.0962 4.9320
0.4929 0.2135
-7.2774 0.1611
4.9422 0.6502
-1.2003 5.3248
2.6626 5.5587
-1.1811 0.4545
-1.8371 -0.8812
5.9465 5.5781
1.3757 -1.7387
1.0215 5.4396
5.7799 6.2624
0.2800 -1.2544
1.4846 -0.0005
-0.1373 -6.4206
5.8593 1.6795
-1.6474 5.4360
-7.8350 1.4992
5.7838 -1.1566
5.5319 -1.3826
-1.8612 2.1550
4.5840 2.3405
-0.5303 5.5602
-7.4902 -0.9175
-1.8691 4.7051
5.7378 4.6979
1.3457 -1.5699
5.6853 5.4281
-7.6319 -8.2904
-7.9422 0.1429
-1.9623 -3.5922
0.2620 1.6989
-0.5541 -8.3411
-1.5753 -9.3695
-1.7749 5.0594
-4.2605 -1.7802
-0.0389 1.5523
1.4234 0.5193
0.6201 -1.8661
5.2527 1.4118
4.9462 -2.2337
-6.3804 4.7444
-7.1431 -1.0941
-8.2297 -8.3439
5.2135 5.2043
-1.4715 -7.7503
-2.4274 -8.0712
5.6237 -0.9993
1.1266 -2.8002
-1.6730 -7.4734
1.3242 0.5879
-0.1320 5.6085
-1.7600 -1.6465
-6.9995 -7.0340
-4.9419 1.2304
5.4723 -6.4214
-1.4431 1.1187
-7.8986 -1.7296
-2.0799 -2.3845
0.2562 -1.4714
0.1611 -1.4019
-1.8912 -1.6843
-2.2105 -1.3995
-5.9353 -0.3445
-1.3885 -2.9693
-7.8345 -0.5097
5.4248 5.2783
5.6797 2.7912
-4.8549 5.3786
-0.8699 -1.6750
-1.5183 -0.0345
5.2850 -2.9379
-7.1133 -7.0031
1.9735 -4.2326
-0.3657 -6.3514
-1.5622 2.1999
1.2992 4.5213
0.7614 -1.3686
-1.1776 5.9428
-1.5788 -1.4901
-3.9053 -1.6370
5.2807 -5.4437
5.1112 -5.1064
-1.5213 0.6995
-0.7144 -1.8047
-8.4208 -1.1102
5.8580 4.6074
4.5598 -1.7266
2.6554 -2.2053
0.6290 -1.8858
5.6555 5.0231
5.2853 1.3900
1.0868 -0.8299
-1.8637 -1.5215
-2.7114 -1.1710
-2.1599 -7.1252
6.0732 5.9418
-0.3447 5.3425
5.9044 -1.5283
-0.2092 2.0536
3.8005 5.4892
1.1525 5.3200
5.2299 -0.2186
-1.5262 -0.3505
5.0822 2.2876
-2.0441 -6.4655
-3.1395 -1.6866
-6.9273 -1.7446
0.0085 -0.2898
-1.6482 0.9261
-0.4077 5.2650
-7.5909 -7.9927
5.9120 1.9132
5.0973 -3.4373
4.7131 5.0606
-7.9409 -7.7656
-7.1739 -7.0700
-8.0731 5.3200
-0.3193 -0.9880
5.8085 1.3890
5.2019 5.9718
1.1294 -1.5077
2.9810 5.3950
-7.7631 0.9288
-7.3569 -7.9574
5.2657 -8.0227
-0.5706 -7.6659
-1.5042 4.7113
-1.8531 -7.3788
5.9851 -7.6087
1.5398 -7.3841
-0.8575 5.2720
0.9543 0.2508
6.0917 -1.5832
-8.0667 -2.6437
-1.4220 -1.1768
-0.4288 4.8804
5.8829 -6.5386
5.3907 -7.1483
1.9476 -1.4060
5.3041 4.5875
6.1853 5.9093
-1.6602 -7.7294
4.9500 -1.7869
6.0007 -3.0452
5.4540 -1.7508
-6.2691 5.0430
-1.5825 -0.1110
5.1504 -1.6392
-0.4713 2.2437
-0.8238 -2.1107
6.3815 -1.5148
5.5643 5.5718
5.1935 0.4561
-1.7640 -7.2625
2.4564 -7.4609
2.2713 5.5870
0.1844 5.7323
0.2300 -1.4509
6.0220 -7.0197
0.8166 2.2350
-3.9888 -8.1625
1.6170 0.4096
0.5905 -7.0363
5.7172 -6.7333
-0.0240 -0.8767
5.7292 -8.2959
-1.9293 -1.5811
-0.9986 -7.1726
-2.3913 0.6426
-0.1947 -1.5565
1.0598 1.1597
0.8157 0.1298
-6.6118 -7.3582
-7.6614 -0.7771
-1.2445 -7.6751
5.7627 -3.0862
-1.9115 5.5021
-1.3093 -3.7186
-7.0964 -0.3350
5.8947 -1.6678
-7.3433 -1.8095
-1.6590 -1.6624
-1.6482 5.3914
-1.4002 -7.5019
5.5437 -0.1722
6.0572 -1.1685
0.8950 -8.7650
5.6425 -0.2550
0.3239 5.2464
5.3148 -0.5463
3.1919 -0.3792
-6.2510 5.6948
-6.6046 0.5215
4.8076 -8.0556
2.4506 -1.9577
5.5183 5.1939
-1.0904 0.5949
4.9597 5.4557
5.7291 -1.6565
-3.9604 1.2078
6.0093 -0.0559
-0.8079 5.1438
-7.9668 -0.5450
6.2237 -1.1690
0.9045 5.3209
-1.5430 -0.5876
5.6150 1.7115
-0.4064 5.6153
-0.0041 -1.7100
5.1581 0.4802
0.9726 5.0674
0.0478 1.3452
-1.9447 6.0719
-7.8050 -1.4620
-0.0602 -1.7126
-1.5636 -7.8554
5.3840 6.1146
5.4599 6.0301
5.1059 1.0976
5.6102 1.2851
6.1969 -1.7558
-1.7424 -3.2904
-2.8774 0.2989
5.4507 -0.6616
5.1454 0.8698
5.9821 -1.6752
-1.6253 -0.1756
-0.4210 -0.3023
-0.4915 -7.3768
5.5707 -2.2210
6.3825 5.5043
-7.6953 -1.4721
2.1000 -7.6976
-1.6377 -8.4967
5.0708 -3.5264
5.6471 -1.5479
-7.6328 -1.5145
-1.7391 5.3299
5.1479 -1.8213
5.2531 -1.8885
-1.7733 1.0113
-0.4192 5.6902
-6.6909 -6.9449
5.5942 -1.0623
5.4241 1.2912
-3.0231 0.3312
5.3867 5.5612
5.6396 5.6968
-1.7826 5.8123
-8.2468 -0.2940
-9.0341 0.5599
-8.3000 5.4482
5.3565 -7.8351
5.2219 -1.6981
-6.7517 -0.2120
0.7433 -6.8035
-6.8822 -2.0605
-1.6766 5.8715
5.2780 -1.8956
-7.9657 -0.5323
-1.3871 5.7205
5.4552 2.8618
0.4870 -1.6334
-0.6402 -1.4730
-1.8095 -2.4845
-3.1368 -6.4556
0.5282 -0.9152
5.3255 -1.0813
-7.5449 4.9770
5.4667 -1.0208
-0.7334 5.2552
-1.6864 0.6104
-1.5876 -1.5722
-6.9234 -1.8279
-1.5236 5.5307
-1.7245 5.6241
-0.0552 -2.7225
2.9685 -7.4028
0.1272 -1.2186
-6.1651 -5.0711
-8.4492 -4.3249
0.2010 -1.3534
-8.2010 -1.8328
0.2826 5.6877
-2.6617 1.5492
2.8711 -1.6741
5.6289 5.4538
-1.7182 -1.6332
-0.8169 -1.7117
-1.6052 5.5794
-1.7457 1.6189
6.1262 5.5831
6.1228 -7.9118
-1.6011 -1.6048
-6.8728 1.3405
-8.1843 -0.4327
-6.6674 0.4262
1.3762 -6.3396
5.1905 -10.0672
-6.6982 -1.8978
0.1411 6.0080
-7.7171 -3.5104
-0.8761 -8.0283
5.5072 0.3294
-0.3559 -7.1380
-0.4733 -1.8190
-6.7577 -2.8006
-8.6686 -2.6509
-8.3462 -1.7052
-6.6013 -7.9605
0.4979 -1.5311
-1.2308 -3.0944
-6.7875 6.1191
-0.6751 -7.2919
0.0960 0.4859
1.1219 -4.0531
0.4054 -2.9591
-1.5599 -1.0644
-6.4838 -9.6766
4.9309 1.1406
5.4826 -0.6258
5.5951 1.0814
-7.6811 2.8533
-8.2567 -1.7459
-2.2087 1.0852
5.8932 -0.1425
-0.5762 5.3961
-2.4874 -1.1268
-2.5692 6.3272
-1.7448 5.8168
5.6216 -3.9983
-0.3830 0.5652
5.3587 3.0685
0.9007 5.9190
-8.6139 -4.3470
-7.6138 5.8334
-1.9769 0.0502
-1.6325 1.6577
-1.8552 1.1099
-0.3485 2.1323
5.5722 -7.1027
0.6072 1.9577
5.6799 4.8246
0.1820 -1.1687
1.9299 -3.2302
-6.5125 -1.4562
-0.6668 -5.3791
-6.9983 1.3341
-6.9572 -0.4536
5.3981 -7.8922
1.0019 5.6117
-1.4648 1.8653
4.4901 5.3998
-1.7701 -1.8204
2.7254 1.5959
0.0436 5.3321
-1.7041 -0.2882
5.1902 4.9531
-4.4586 1.0226
5.0949 -7.4960
-1.7137 5.4409
5.1072 2.7497
-6.5138 0.9868
-1.5267 -8.4437
0.5872 -8.2979
5.7373 -1.7586
5.8749 1.5118
-7.7105 -1.7665
-1.8331 0.1135
0.4518 -8.1569
4.8928 4.9674
4.9606 -7.8695
-1.6423 -8.1179
4.5368 5.6275
-7.1325 -9.5461
-2.5053 -1.1843
1.2889 -1.6365
-5.4762 -2.0040
2.1618 -7.0179
-1.6715 -6.3659
5.5275 5.9504
-7.4514 -6.0982
5.8250 -1.5027
6.3578 -2.0031
1.5028 1.7190
5.8879 5.3971
0.3505 1.8559
5.3511 -7.7405
5.6855 6.2387
5.2396 -0.7399
-7.0975 5.9820
0.3188 -8.1833
-1.6453 -7.7020
-5.4987 1.0277
-1.5247 5.2271
-7.6096 0.5263
1.2271 0.8805
5.8819 3.1068
-9.0579 -1.3352
-0.0100 -7.1978
-1.4784 -8.0692
0.6714 0.1106
-1.2009 4.1842
2.6442 4.9357
0.5926 1.7028
-1.5748 -1.6507
-7.0896 5.6894
0.4460 1.5057
-7.3128 4.9360
5.5269 -6.6799
-0.2741 -7.5994
0.7635 -9.0700
5.7674 -3.6389
-1.9575 -3.0268
-5.2327 5.0529
-2.2176 1.7210
1.0833 0.4399
5.7280 -6.8386
0.8884 -8.0313
-1.6241 -1.4859
1.3132 -3.7729
1.0916 -2.3429
-1.7518 -7.7504
-1.1845 -3.0185
-1.6718 -1.7806
5.5765 -1.6936
0.6484 5.3792
-6.0652 5.3090
-0.0434 -1.5402
5.7224 -2.1664
-1.0799 5.1656
5.5598 6.0976
0.0062 -1.3841
2.1604 0.7524
0.9171 -1.5652
-1.0237 -0.9444
-1.5137 0.8059
5.7059 0.9925
-6.6143 -1.7510
-7.3307 -2.5251
-1.6366 -2.4797
-7.0342 -0.9638
-0.7390 0.4326
-0.9097 -6.7837
-1.8152 5.5329
0.5593 -1.8253
-7.6299 1.3269
-1.8186 -1.9743
-7.5616 5.1286
4.9108 0.6937
-0.1395 0.2747
5.3230 -8.3090
-4.9956 -1.6482
-1.2558 -1.6276
-3.7687 -7.0349
-5.3590 -7.5296
5.5508 -1.7204
1.0555 6.4019
2.7754 -1.5762
-2.9735 -8.2585
5.8223 -1.6760
5.3311 0.3825
-2.3362 -1.7302
-8.2964 5.5084
5.4337 0.5337
0.1601 3.1437
-7.8138 0.5325
-7.7175 0.7636
0.9344 -7.2252
5.4135 -1.6686
4.8979 -7.0464
-7.1453 -7.0547
-0.1833 3.3504
-2.7379 5.2825
-8.0346 -1.1095
-6.5878 -1.7783
-1.9987 -1.6841
1.1293 6.2101
-2.9502 -0.5199
-6.4576 -7.5707
0.8897 6.1013
6.0118 -0.0015
-1.5123 5.9503
4.6637 5.2893
5.5713 5.2429
5.4523 5.8053
-7.2933 1.7202
2.0324 0.4044
-1.6794 -8.5177
5.9903 0.7960
-1.4531 -1.7989
0.4362 5.5334
0.1636 0.6538
5.2098 5.0354
-0.3758 0.2018
5.2288 -0.4707
-2.1190 5.3066
1.3311 0.6037
-1.6481 0.4615
5.3571 -7.7006
0.0802 -7.9429
0.4591 2.7827
-3.9587 5.5328
-0.3796 0.3852
4.9966 -7.6122
-9.3272 1.6917
2.7839 0.1398
-6.3281 -6.4275
5.7469 -1.4915
5.4862 -2.6412
-0.3081 -0.0054
-8.0699 5.7551
-1.7286 2.3136
-0.4119 -6.0808
0.7947 -8.5584
-5.2749 -6.3330
-1.6463 1.4226
-1.5459 -7.2002
1.1822 5.3694
5.0272 -1.9021
-3.6114 -3.5365
-0.6902 0.1440
2.3056 5.4039
5.6590 5.5120
5.4628 5.5074
1.2248 -8.0298
1.9583 -1.6626
1.6911 2.2181
5.1588 5.7603
-1.2716 1.3219
-7.8300 5.5741
5.4692 -1.4645
2.8118 5.5647
-3.9961 5.8286
5.7727 6.0832
-10.4140 -8.2539
-2.6405 1.2355
1.0678 -0.0564
5.6776 5.2844
-2.0080 -1.5627
-1.5001 -1.6709
-6.8567 -1.5466
5.6953 -1.5853
-1.3371 -7.1387
1.3642 6.0168
-3.3006 0.9534
5.7391 -1.5139
5.3401 6.2227
0.4284 5.5191
-8.3354 -2.1727
-1.2471 -1.5805
-1.5889 -4.9095
0.1499 -1.1779
-0.9357 -7.5060
5.6952 -6.1355
0.8437 -1.3990
5.7752 -1.4432
1.3625 5.5656
-2.4533 0.3966
-1.4473 -1.5821
0.1137 -0.1059
1.6422 -2.0267
5.7644 -3.5667
-2.1831 5.4941
6.0915 0.3465
1.7684 5.6987
5.6774 0.5680
5.2661 -8.6548
-0.9806 -7.4603
5.6823 -7.8657
-4.5538 0.6079
-1.4933 -7.6434
0.0410 3.1296
-1.7094 5.6826
-1.4407 -7.2476
-1.4060 -1.6545
-1.5788 -6.2012
0.0851 -7.3317
-7.8544 -6.6958
-0.2427 -8.4556
0.1528 -1.7542
-7.8809 1.6780
5.8082 -7.4026
5.5250 -1.4832
5.6599 -7.6682
5.5905 5.5059
-7.9161 -0.6418
-7.5982 1.3532
5.3824 6.0108
5.8838 -1.6786
-6.8115 4.9115
-0.1139 0.1888
5.5760 -1.7768
-7.1540 -1.6748
-4.9476 -1.4964
-2.4934 -1.8094
-1.6068 -2.2292
-1.9701 5.2158
-1.5875 -5.1425
0.7681 2.1988
5.5864 1.9296
-6.3187 5.1588
1.2722 5.2231
-8.7338 0.6398
-6.2959 0.7441
0.7157 0.0664
-1.5159 -7.3453
-6.2955 0.7546
1.0226 5.3815
-6.4276 -6.5944
5.0683 -1.9531
-0.7009 -7.2201
-6.8660 -0.0070
-0.8787 0.7035
-1.1719 5.1670
0.7723 5.7314
-1.1224 -8.5377
-3.2953 5.0402
5.2659 0.4717
-1.7823 -1.7101
-1.0811 0.4380
1.0138 -1.5767
1.4171 1.9633
-0.9533 5.2937
-0.6918 5.0904
-5.7689 -1.2942
-1.5733 1.0644
-1.6614 5.6759
-1.6712 -2.1417
-1.6971 1.0472
5.1916 4.7709
5.6218 -1.8031
-1.3125 -7.0783
-6.2432 -9.0511
-3.0694 -7.8452
-1.1699 0.8987
-6.9628 1.1005
-1.6075 -0.0602
-1.6513 -7.4019
-0.9409 -0.1219
2.5348 5.4839
5.8330 0.1694
-1.6752 -1.4521
5.5917 -0.3694
-1.0462 -7.8701
0.0865 4.6754
2.5436 0.7106
-1.2057 -0.7615
-1.6424 6.6389
-1.0386 -7.2931
5.2248 5.6134
-6.4607 2.5303
-7.9311 0.1006
5.7073 -1.4961
1.6206 2.5181
2.0287 5.8302
5.2079 2.1579
-7.1250 -7.7289
6.0996 -1.4887
-1.9124 -7.6621
-1.5463 5.1778
-7.4987 5.4965
5.1379 1.6361
5.3950 5.5848
5.8814 5.6539
5.6806 0.1965
5.0942 -1.3909
1.8710 -2.9469
-7.5072 5.1347
2.5695 5.5378
-3.3085 5.9032
-4.2218 0.7477
5.8478 -7.8764
-0.2574 0.5303
-0.0918 -1.6535
4.8195 -0.3905
-8.2116 -0.1171
5.3353 -6.7373
-1.3976 -2.8090
5.2891 -6.3182
-6.3519 -6.3725
1.0035 1.4063
-1.3301 -7.5099
-1.1319 1.8777
0.5655 -2.9378
6.1984 -7.5096
-8.3787 -8.0429
1.5177 4.9301
1.2274 4.5512
-6.1154 -2.4089
1.0086 -7.3710
-1.7328 -0.2468
-6.6038 2.2110
-1.5985 5.6137
-3.0469 5.5529
5.1556 -0.1221
3.8724 -6.0640
0.9172 -8.3916
1.0745 -8.2299
5.5926 -1.6510
5.7978 -1.3832
5.6496 -6.8395
5.7521 5.3268
-1.5748 6.1693
-6.5751 -0.5125
-2.4153 4.8819
-3.2452 -1.6955
2.7315 0.5723
-6.8637 5.5782
5.0773 1.1886
1.3507 -7.6474
-1.6162 -6.9716
-6.0379 -7.8964
4.5484 -6.5248
-8.9598 -1.2448
-4.9367 -6.5746
-7.6414 5.3837
1.5182 -1.2657
5.1795 -0.1588
0.1748 5.2527
-1.7779 5.6432
1.9538 -1.5607
-4.4668 5.1548
-1.4172 -1.9488
1.6502 -1.7492
-6.7547 -7.2249
0.9725 -1.4689
1.3152 -0.7104
5.4935 -4.6089
5.4689 5.3409
5.6073 5.5741
-1.8602 -7.8845
5.1934 -4.8536
-7.3997 0.9786
-7.8676 -7.2402
-7.3554 2.9416
-2.4863 1.7841
5.4815 0.0986
-7.0092 -6.8929
5.0325 0.6841
-7.9522 -1.5819
-6.2664 -6.2809
-7.0953 5.6294
-1.7459 5.6078
-3.0990 1.1298
-1.7308 0.3793
-0.1415 -0.6184
5.3950 -1.7146
0.9659 -2.8120
-7.8454 -8.0286
-1.8062 -1.6237
5.6249 0.3158
-1.3284 6.0703
-6.8338 -2.2618
0.2968 5.7156
-6.6976 -2.9232
5.0627 -6.7743
-1.6147 5.2132
0.8289 -1.3644
-0.5056 5.5060
0.9836 -7.1892
-7.0642 1.7387
1.8002 -2.0623
-1.6137 4.8863
2.5707 5.3246
5.6192 -6.7151
5.2815 2.1150
-7.6336 5.9956
2.0928 -0.7853
0.0452 -1.5500
5.0600 -2.4996
-1.5341 -1.5509
4.9299 -1.4775
-8.2482 -7.9821
-1.5909 -2.0381
-7.4254 0.2310
-7.2199 -3.6512
-1.6014 -1.6813
4.5595 2.4788
0.0268 -3.8767
5.0077 5.4919
4.9086 4.9870
-6.6853 5.6316
5.6568 0.5612
5.0522 -0.2996
0.6043 1.4967
-1.6973 5.8155
5.8003 4.5904
6.7016 5.9526
1.1559 1.5219
5.6449 -0.8000
5.6755 -0.5348
-1.7028 -0.3210
5.5793 -1.2870
5.4586 -0.9012
5.5217 1.1466
-1.4971 1.1819
0.1148 -0.7755
-0.5615 -6.5663
6.2093 1.0623
5.5926 5.7453
-7.1663 -1.4699
5.8922 5.0379
0.0445 -7.6116
-8.6655 -1.0767
-0.0432 4.9931
1.7532 1.0395
-1.5554 6.3638
1.5828 5.9547
-2.7606 4.9558
-0.0972 -5.6112
5.8554 0.6469
-2.1224 -1.6655
-7.7290 5.5049
-0.5079 -7.8494
-0.4335 6.0228
-8.9090 5.7327
-4.0859 5.5663
-2.3933 6.1423
6.3554 5.8377
-1.7490 5.2883
-0.5286 5.9254
5.0722 1.8537
-1.4671 -1.5855
5.4614 -3.3837
6.2596 1.4739
0.8942 -0.8394
5.2051 5.4621
1.2063 5.4275
0.0149 -6.7807
5.2122 -0.0697
-4.7226 -1.8222
-1.6742 -6.1922
-1.4550 0.6716
-1.6742 -1.1401
0.0692 -2.3772
-3.3312 -7.9533
5.1516 -0.2764
-7.4229 0.1551
-0.2311 -6.4003
-1.6048 -0.0892
-1.8269 5.7803
-5.3304 -1.4827
0.6117 5.2884
-1.6859 -3.3647
-7.6718 -0.9248
-1.5747 -3.7914
-0.6135 -7.1110
5.0850 -8.1162
0.0103 -1.5898
5.7884 5.2809
5.2142 -1.8207
5.5958 1.6740
5.2356 -0.5103
5.8668 0.8670
5.7673 -1.7210
6.2247 5.3783
2.9946 5.7843
0.2620 -7.7809
-1.5621 -7.8362
-4.8137 -8.3478
5.2974 5.2474
0.6165 -1.6079
-7.0840 5.0188
-0.3396 5.6306
-0.0883 -7.1543
0.4927 0.0771
-6.8323 -4.5751
-0.7002 -0.9400
1.6995 -3.9818
1.1167 -0.9085
-1.8008 -3.1428
5.5827 5.9845
5.9913 0.7925
1.2959 -1.8058
5.2067 -0.8934
-1.1593 5.9947
0.3482 -1.4636
-1.5133 5.5234
5.5235 5.7460
3.8227 -7.2072
-2.8328 4.0888
4.5968 -3.0459
-0.0624 4.0981
-1.2148 5.5951
-1.6345 -1.6715
4.9982 -0.2276
-8.4616 1.4885
-1.3474 5.6250
-7.6926 -3.4825
-1.8590 -7.4681
-1.6201 -7.5299
5.1077 -1.5531
-9.5388 0.3622
-0.5119 4.9255
-7.7251 0.6244
1.0398 5.4982
-7.7862 1.3998
0.2483 5.2572
1.4811 6.1583
-0.6958 -1.5943
6.1590 -1.1337
0.4539 1.3690
6.1373 4.5064
-2.0674 -8.0517
5.0953 -0.2919
1.7270 0.3720
2.4013 -0.8132
5.4801 -1.3656
-1.8006 2.4991
-2.0648 5.3261
0.0180 -0.4953
-2.6813 -4.5746
-7.6137 -1.3223
5.0112 -1.8073
-0.6576 5.3049
-1.8989 0.5252
1.4932 5.2712
-6.5451 -7.7577
5.3713 -3.6140
5.6385 -1.8855
6.0843 5.3295
-4.8583 -6.7660
-8.0673 0.7174
5.3922 -1.2578
1.0943 0.5648
-8.2855 1.4388
-6.4786 -1.8270
-6.9133 -8.0796
-2.2258 -1.7490
-1.0561 0.8696
1.5703 -0.7919
5.3000 2.5185
0.5158 -1.4913
-1.5801 5.1892
-7.9838 -7.2978
0.7337 -6.9175
-0.7289 -1.0073
5.2582 -7.8003
-7.4721 0.0187
1.3857 -7.1319
0.0302 -1.4738
5.8160 -1.4409
-0.7256 0.2976
5.8478 4.8589
3.1052 -1.1381
4.9255 5.9941
-0.5843 5.9675
0.3397 -0.5217
1.7651 -1.5398
0.0055 -2.1960
5.4170 -5.6108
-0.6105 -7.2195
-6.4629 6.2416
-1.8258 -6.1080
0.5108 -1.9854
5.4401 0.1852
-2.5415 0.4107
6.0286 -1.5706
-2.8740 0.5804
-7.8090 -1.6511
-0.3832 -7.7203
1.2302 5.3675
-1.1117 -1.6078
0.6171 0.1713
-2.7262 5.7222
2.5397 5.4331
-5.3201 0.7754
-1.7834 -6.8007
0.7561 5.0494
-8.6841 -1.7160
0.2914 5.1013
0.6445 -1.6428
2.1539 5.6173
-1.8602 -7.0438
-7.4070 1.4272
-0.0581 -7.4558
5.7291 -1.7603
-1.4458 3.1960
-1.5753 -6.7320
5.5535 -4.0746
1.0413 6.0187
-1.1085 0.1585
-3.3349 -8.0584
6.4525 6.2860
-1.7467 -7.7717
5.1088 -1.5513
-0.2060 5.3419
2.5680 -0.2473
-3.0403 -8.3083
1.2222 0.5265
5.8307 6.1267
4.6971 5.8190
0.1017 2.0417
-8.3595 5.3431
-8.4564 0.1820
5.8654 5.8656
-1.6633 -7.9437
0.1273 -1.7592
0.6843 1.5674
0.5044 5.6546
-1.6586 -2.7090
5.7333 -0.5187
1.0036 1.3790
-1.5947 -6.2006
3.6608 -0.9821
-6.2823 -1.3559
-6.9135 -1.6259
5.3957 -6.5101
5.4883 -1.5332
-3.1023 5.7024
-0.0695 -2.3944
4.8888 -1.5203
-8.7099 2.2107
5.5716 2.2327
-2.5465 -7.7787
0.6435 -1.8308
-6.8155 0.7984
6.0300 -1.4601
-3.5895 5.9143
-3.7042 6.4202
-5.7801 -0.8806
5.7037 5.0776
4.8805 -1.7052
5.1001 -7.7975
1.6347 -0.4613
5.1365 -0.3339
-1.6323 5.0785
-6.9640 -1.6704
-7.0620 5.5409
-1.4408 4.9765
5.7731 -7.0015
4.8116 5.6225
2.7957 2.6317
5.8023 6.6218
-6.7557 6.1301
1.0618 -1.3237
5.3540 5.1483
5.4945 1.1904
1.1550 -1.7743
-6.9146 -8.7776
-8.2041 -1.4317
1.1675 -3.0854
-0.0427 -7.5056
-8.4607 5.5206
5.5835 -1.5725
-1.7146 5.8138
5.5773 -7.1477
6.0108 -3.4058
-7.6589 0.8461
5.2058 1.7029
5.4681 -8.1278
0.8023 0.4716
0.0419 5.4913
-6.6043 -1.4467
0.6235 -1.7910
-8.5484 -1.5503
-1.7714 2.4033
2.2149 0.5925
5.7363 5.2709
2.7094 -7.5734
-1.6319 -0.9929
-6.5661 -0.4268
-0.4967 2.0843
0.5458 0.5696
4.6845 5.3545
-1.8295 -0.5021
5.0888 5.4999
-1.5532 5.7159
5.2727 -7.8672
5.7119 5.0666
-1.5624 5.0335
-7.0343 1.9995
-7.9270 -1.6339
-1.2950 -1.9724
-0.8824 -0.2586
0.2376 1.0887
4.7179 4.8150
-6.8075 6.2969
-2.3795 5.5202
4.9238 6.0083
1.5719 5.3780
4.9643 -7.4088
2.0788 -0.0264
1.2949 0.3872
5.1756 -7.9269
-1.7676 -6.0105
-0.1681 5.7784
-1.4422 2.9945
0.0138 5.4392
1.9671 -7.4297
-1.6911 5.9137
-3.8814 2.0092
3.6849 0.4839
-1.6979 5.6065
-1.5233 5.5000
-1.6985 -0.8915
0.6477 -1.9986
-1.2485 5.6062
-0.7580 5.6901
-1.7247 -1.5893
-1.4037 2.8744
-0.7118 1.8394
2.0992 5.2984
5.6302 -7.1361
5.4179 -1.4248
-1.4844 -7.2331
-8.3645 -6.6317
4.9452 -2.6623
-8.9840 2.1145
-0.0116 -0.6350
-7.2349 -1.2679
-6.5913 -0.0487
0.3850 -0.3111
-7.3691 5.5773
-7.6535 5.6616
0.0462 1.8904
-1.6246 5.5080
5.8050 -7.8685
-0.7856 -1.7265
-1.4281 -1.7895
1.6502 5.2237
-7.0875 -0.0219
1.8361 -7.2193
-1.4139 5.7308
-8.2552 0.5414
5.2283 -3.0661
-6.8778 -6.9963
5.6747 -7.4227
0.4552 -1.7017
-1.8292 0.0471
4.8463 -0.9562
-0.5455 5.2150
-7.8568 -1.3033
5.7773 5.7357
-7.6833 -1.0611
-1.1309 6.1184
5.5650 5.4206
6.2159 5.6127
-7.8254 -7.3431
-3.7855 -0.5263
-1.6769 -2.1424
3.0279 -6.4573
-1.9489 4.9980
-7.5824 -6.7996
5.1747 5.9335
-2.1956 5.0746
-7.4399 -1.5508
-7.6013 -1.5409
-1.2907 5.1217
1.6348 0.3715
1.3143 5.1885
5.5253 -0.9638
-8.0838 -7.0270
5.3192 -1.5117
-1.3882 2.3739
-0.3785 -0.3407
-3.0211 2.1138
5.8035 5.6213
-2.4889 -8.5731
-3.8674 6.0853
-1.3605 -0.8041
-1.8109 1.6401
5.4458 5.3663
5.6806 -1.4089
-1.5283 -2.7942
-2.7119 0.8443
-3.1964 -5.4546
0.4077 -1.4782
-1.5138 -6.6353
-6.1668 5.1296
-1.2265 6.5836
0.1817 5.7128
5.5802 6.4346
-1.7102 -6.2423
5.7071 0.4271
-0.2979 -8.2298
1.7211 -1.1676
-0.0046 -7.0347
0.8175 0.9637
-7.1832 0.0434
-7.3876 -1.5329
5.6718 5.7657
-6.0737 -6.3574
0.4831 2.4852
0.7600 -0.8091
6.0498 -1.8237
0.6229 -7.5623
-2.1071 -1.5261
5.3800 -1.3331
4.8561 5.4710
1.3637 -1.0037
4.9834 5.2754
1.9855 -7.6032
5.0597 5.5819
-7.1724 -1.8147
1.4955 -2.1242
0.6366 -7.4790
-1.6608 5.6788
-1.5467 5.4409
-1.2760 -1.0711
-1.7815 6.0850
-1.5580 0.6728
2.2217 -0.8152
-8.1884 5.9140
0.3032 -6.3113
-1.0419 -2.3256
-1.8027 5.4993
-0.8450 -1.7186
5.6365 -1.7198
-8.0129 -2.1075
-1.5597 1.4838
-8.3557 6.0442
5.5724 5.1724
-2.8867 0.6838
-1.6028 -0.7100
1.4285 -1.4171
5.5767 -7.8145
-1.2168 -2.3674
5.6196 -7.6165
-4.0559 -2.8290
-0.9090 5.2744
-0.9331 5.3534
-1.6407 -6.7457
-6.7564 -0.2115
-0.8594 -0.0537
-1.6203 -2.1848
-1.6150 -1.0566
5.3923 1.8779
5.8771 5.4375
-1.5150 -6.9615
5.7873 5.9973
5.8254 6.5796
-1.4807 5.1505
-0.1574 -1.5776
-1.6882 -1.8061
5.3631 -0.3869
-1.7553 5.4063
-1.5316 1.2941
-6.6187 5.5003
6.6193 -2.5927
-5.4925 0.9018
5.5309 -1.6199
5.5761 -1.4250
-7.7389 -6.8518
6.0393 -6.6054
-1.1538 -6.9567
-1.5090 1.1861
1.2550 2.4499
-1.7281 -1.6353
-1.5351 -8.4643
-7.6038 -1.4486
-0.9789 -0.5611
3.3756 -0.2308
-1.6221 0.7246
-3.4966 -7.9563
5.4053 -8.3947
-1.3773 -3.3248
0.6528 0.2190
4.7129 -6.6468
-6.1382 -9.0422
5.5861 -0.8496
2.6556 5.8059
-1.1799 5.6843
-0.6331 1.0630
-1.6004 2.4209
-1.0851 -1.7286
-0.0314 3.2939
-0.0024 -6.0123
-7.0589 -1.0869
-1.6412 -5.7595
-0.6200 -0.7536
5.1593 -7.1525
5.4514 -0.6233
-1.8032 -1.4923
0.2053 5.0022
0.5935 -1.4622
5.1129 0.5770
5.7341 -5.4533
0.7546 5.5201
-1.9443 -7.9950
-2.0884 1.4178
5.8991 -1.5547
5.9068 -2.4040
5.3726 -0.4065
6.1734 1.6988
-1.4883 4.9861
5.9853 -1.4277
-1.5618 -5.6520
5.4553 1.2273
4.8653 5.0585
5.2147 1.4402
6.0794 -1.3861
-0.2535 5.8467
5.4687 -4.0444
-2.3643 5.4787
-2.6890 -7.0513
5.9894 -0.2053
6.4421 -5.5519
-7.0799 5.4146
5.4256 -2.3109
-1.2785 -8.8341
5.0188 -1.9920
0.9888 -3.3177
5.4576 -1.4621
-9.0872 2.5304
2.1641 0.3874
-7.9730 -7.9566
1.2661 -2.0434
-1.4360 -2.1149
-6.3972 -6.5233
-1.6058 -3.8592
5.5334 5.2999
-2.1452 -1.4155
0.9078 4.8990
-1.5491 5.1975
5.7485 -2.7590
-0.0447 5.3819
2.2847 -0.5550
5.2519 -1.5383
-1.0258 3.0109
-2.3311 -6.7080
-7.5472 6.2089
-1.3433 3.2130
1.7637 5.8306
-1.4317 0.4139
6.0395 -1.4852
-1.5932 -6.6745
-0.1306 -1.7857
5.5684 -7.6791
-1.6640 5.3483
6.2859 -7.4341
0.6487 -6.7061
0.0091 -0.7268
-7.7772 5.8692
-8.9174 -1.5301
-8.9416 4.5818
-7.0120 5.8013
-1.6267 0.1797
1.5334 -1.2851
-0.4188 5.1498
-1.1590 6.0961
5.3848 -7.8358
-6.9825 -3.1669
-0.6079 0.2279
-8.4399 -0.7511
0.1995 -3.9618
-4.6946 1.9532
-8.0317 5.5989
0.5640 5.2381
-0.1198 5.2441
5.2981 1.1871
-1.7183 -1.7461
-2.8198 -7.3949
-0.8616 0.8167
0.8777 -0.9204
-6.8826 1.2601
-7.3991 5.2970
-0.4200 4.9477
-1.8378 5.2726
-1.3204 1.8336
1.2242 5.7980
-7.2219 -8.4526
5.9985 -2.4017
-6.3571 -1.6053
-8.3712 -5.5647
2.0129 -1.9626
-0.6138 -1.6280
1.0578 -1.5359
0.5785 -7.5433
-1.1582 -1.6441
-1.8793 0.0667
-0.4665 -1.0599
-3.1042 -0.5015
-0.4546 5.0564
1.9223 -0.6237
1.9153 0.0208
-1.5453 -1.3196
-7.3404 5.9119
-6.9108 5.6857
-0.3270 5.8299
-1.4664 5.0588
0.5317 -0.7547
0.0878 -6.1697
5.6381 6.2310
-7.9262 -7.3574
1.8188 -4.9362
-2.2060 0.1389
-7.8319 -0.8217
-3.4261 -1.5917
-0.8920 -1.4909
-1.6323 0.6595
-9.0540 -7.9382
2.2068 5.3961
5.3594 -0.1403
-2.4669 -1.5522
0.5117 -7.9583
-1.3495 -1.5526
5.5813 -2.3033
1.3536 -1.5654
-1.4824 -1.7967
-1.7224 1.2435
2.6614 5.5490
5.9396 0.4830
5.0561 5.6366
0.2827 5.0995
5.1153 -1.2813
1.7656 -6.8284
-1.3972 1.7344
-2.1429 5.0279
0.8216 -1.4998
5.6145 1.6473
1.9282 5.6904
-1.5838 -2.6687
0.4061 -1.7554
-1.5992 5.2527
-2.9131 5.4826
-3.9784 5.0491
5.2247 0.8780
-7.0285 -3.4508
-1.2092 4.8572
-2.4149 -8.9656
-6.8963 -1.5325
-1.3348 1.8242
-7.2090 -1.6038
-1.7719 5.9608
1.2875 -6.6661
1.7472 -6.6021
-1.4041 5.7295
-7.3067 -8.9733
-7.8328 5.5375
0.7003 -0.7084
-8.5622 -6.8906
-1.3626 -1.7050
1.8408 -8.0796
-1.5332 -4.9006
5.0418 4.9247
-2.5057 0.8620
-0.1988 4.9500
1.5277 -0.7047
-1.6206 -1.5895
5.6370 1.5415
-1.6671 -0.7012
-6.7923 0.7676
-1.3478 5.7198
5.8718 2.5792
1.5965 -1.4206
0.8885 0.4669
5.9976 -1.3971
-1.5584 -8.1029
-2.2725 -0.8337
-1.8142 -7.6038
3.0086 -0.8395
-0.6756 2.1726
5.1523 -1.5864
-3.2618 -0.2112
0.7467 -6.6643
-1.8184 -1.3024
2.7773 -6.7155
5.4432 -1.6697
5.8169 2.9208
-1.7878 5.4700
1.1212 -7.2566
0.3421 5.3895
-1.9566 -1.5259
0.8559 5.3053
5.4799 -7.8864
-1.4101 -1.1293
5.6412 5.8783
-7.4933 0.7953
1.6941 -1.3576
5.3295 2.8406
5.5656 -1.7511
-7.1722 -1.4783
1.4281 -1.5438
0.6709 -1.5261
0.8396 -1.6751
-2.7047 -1.0189
-0.3630 5.7305
1.1325 5.6937
-2.5227 5.9831
5.6820 5.6188
-7.9695 -1.5820
-7.9307 -1.7008
-6.9616 -2.0299
5.9751 5.5044
-0.7218 0.9805
5.9846 -9.2421
2.5351 1.8244
-1.8628 5.6248
-1.3980 4.6128
5.1925 -3.7091
-4.1020 -3.0031
-2.8654 -8.3184
-7.8077 5.3520
-1.5742 5.6531
-1.7324 -6.2482
-0.5878 5.9329
2.3020 0.1106
-3.3100 -0.1605
-1.2901 -1.7586
0.7016 5.1399
-0.2011 -7.0632
5.8986 1.3804
-1.6014 5.2224
-0.4064 -0.2356
-1.5232 -2.9185
-3.0749 -2.5810
5.7463 -2.3401
-6.9981 -0.3084
-7.9890 -1.8950
0.1037 1.6388
5.3331 -0.0585
-1.5549 5.5453
-7.7141 -1.7327
-7.2395 6.1223
-8.4401 5.7538
-1.5006 -1.3702
-0.9318 -0.5511
6.2718 -1.6806
5.3355 0.8514
5.0369 -1.4475
-1.8092 -0.0282
5.5843 5.7014
-0.9777 0.3830
-1.8444 0.5939
5.8887 -6.8133
-1.8259 -0.2929
-1.6680 -1.6368
4.9288 5.7013
3.2194 -4.9958
0.0393 -6.4663
-7.4142 -5.9848
-0.5390 5.4146
-1.5936 5.4435
0.9765 -6.9502
2.2841 1.1541
-8.2063 5.7766
5.7352 -0.0977
-1.8707 5.6217
-1.4873 5.2743
-8.0844 5.6756
5.9491 -1.6956
-1.4455 -1.7204
5.8374 6.2234
-2.5078 1.4945
2.0682 -7.1235
-6.9039 -1.6804
-2.4209 -5.8710
-6.8102 -8.4152
-5.4885 1.6763
-1.5890 1.2812
4.7869 -0.0652
5.5474 0.7338
-7.5446 -1.8598
-0.5552 -6.4542
-2.7538 -0.3672
0.5543 -1.8813
-0.2491 -8.4109
-1.8540 -7.6924
-0.2314 5.8191
5.5224 -1.8540
5.2703 -8.4108
-1.5419 5.3458
3.3610 5.6687
-6.9231 5.5745
-1.2966 -6.3216
5.5777 2.1586
2.7250 0.1334
1.3810 -1.5265
5.2839 0.6739
5.4233 -8.6833
0.9815 0.0663
-6.4790 -1.5442
1.5971 -1.8695
-0.7803 5.2634
1.5744 -7.0950
-0.6021 -8.1807
5.6033 4.9957
3.1199 -8.0289
0.8261 5.4437
5.7419 5.4096
-1.7247 -1.0979
6.0260 -1.4359
6.0434 1.4999
5.6322 -1.3411
-0.2015 5.5305
5.4195 -8.2774
-0.8219 -1.5134
4.9071 1.9258
1.3620 -1.5690
-6.2887 -1.6749
1.1493 -1.5147
-2.7631 1.0927
4.7672 5.8170
5.1529 -1.3819
1.8872 -2.8615
-0.2144 5.4880
-7.3128 2.1370
5.2439 4.8456
-8.0173 -1.6918
0.5761 5.5396
1.8113 -8.1588
-0.5619 6.3286
-0.8593 -0.3098
-2.5066 -1.4858
0.8016 5.7011
5.6714 0.6730
0.5405 -6.8831
-1.4034 5.6002
0.0321 -1.4594
-1.6890 2.0967
1.2107 -7.7099
0.1652 -4.8519
-1.4792 -1.4664
-0.5486 -1.9198
5.1077 -8.5888
-1.4573 5.9468
-7.6781 0.7858
0.5109 0.0157
5.7018 5.1403
5.9106 6.3304
-6.8679 -1.8417
5.6371 -1.4817
1.8550 5.7267
-0.3436 2.2970
6.0437 -2.7452
5.6780 -2.1471
-6.3235 -1.3845
6.0890 6.2251
-0.4096 -0.6058
-7.1915 5.2501
-6.8973 2.7504
-7.2687 -2.0801
5.7676 5.5457
-2.3527 -1.5294
-0.6873 -0.0828
-1.6029 0.8323
-0.3036 0.8513
0.3359 -7.7337
-6.9828 -1.7398
5.5637 -1.4957
-1.5514 5.7010
5.5219 -1.8751
-1.6112 5.7179
4.9932 -7.4983
-6.8760 -7.5035
-1.4253 -1.1792
2.0817 -0.0181
5.2965 -8.1668
2.4610 -0.7073
0.5083 2.8126
-0.8969 -1.5264
-6.9293 -0.4490
-6.5881 5.4712
0.8641 -6.3745
5.7089 1.7516
-1.8178 1.1792
0.0224 5.4679
5.7173 5.3865
-1.3384 -0.9039
-1.4376 -4.6907
0.5991 -6.7644
5.9145 -7.3320
-0.9011 5.0980
2.5571 -0.7743
-0.6214 5.3032
-3.3282 -8.1872
5.7726 5.3121
0.5995 5.7498
5.6432 -0.5224
3.1665 5.3864
-0.2698 -2.0024
1.7465 -6.5935
-2.6205 -0.3756
2.2019 -5.6095
5.6561 5.8258
5.9937 5.2207
-6.7417 -7.7600
-7.7699 1.1970
5.0316 -1.9792
-1.5338 4.9721
-1.7318 0.1332
-1.6038 5.6429
4.8932 -1.4786
4.9088 -2.6742
5.9173 -0.4921
5.7655 5.3467
-1.0196 5.6714
6.0510 -7.6220
-1.4866 5.7493
-1.5117 -1.0555
-1.1702 5.5106
0.8015 -6.9079
0.5575 -1.8406
-6.0662 2.7190
-3.0519 2.8566
1.5932 5.3802
0.2393 -8.7202
-1.5165 -1.5669
-4.7061 -1.6360
-1.8814 -0.6893
-7.0902 -0.1284
5.6896 -0.7117
-1.2989 -7.2094
-3.1807 5.5098
-0.9474 0.9277
-7.5218 4.9531
-1.4657 -7.4416
5.6187 1.5017
5.1617 -6.1920
0.2257 5.8240
-1.4730 5.4934
-8.1254 -5.7234
-1.4585 -0.5458
1.3629 -2.1294
0.8220 -2.3677
-1.5042 0.9776
-1.6908 0.2622
0.2795 -2.0460
5.6196 5.2936
-6.4061 -8.5629
-7.5692 -1.6767
-1.6464 -6.0888
-1.8784 6.1190
5.7100 -1.8573
1.2665 3.2396
5.2589 5.3105
1.1203 -9.0372
-0.9633 0.6337
1.3247 2.2234
-7.4483 1.5063
1.6137 -7.1907
1.1232 3.2464
5.3055 -8.0890
-1.6410 0.8736
5.0027 -1.9204
-6.8400 -1.5720
-3.6485 0.3685
5.7166 -7.8538
5.4465 1.2897
0.4839 6.0616
0.2644 -1.7484
5.8307 -2.0688
-0.5933 4.1248
-7.1962 5.0914
5.5348 -6.5015
5.0348 6.0713
5.6546 -1.2763
-0.7897 1.8921
-7.7044 -0.4136
5.8538 -4.2773
5.0573 5.1521
5.2222 -1.7441
-2.2658 5.1846
-7.1639 5.5510
1.4205 -0.5264
-1.4903 0.0242
-0.6446 0.2831
2.1166 5.1765
2.7662 -6.4113
4.9277 2.5685
4.7372 1.1429
-3.4565 -6.4473
5.4061 -1.6724
5.4387 5.5686
4.9657 0.1261
4.5800 5.4991
5.2401 5.3245
-8.1260 5.6887
5.2757 5.4546
-0.2683 -1.6544
-7.1660 1.3050
-2.3287 5.2755
-1.2114 -6.1797
5.6136 -1.5070
-7.9054 5.4938
5.3479 0.8088
-1.4969 5.7645
-1.6787 -7.9163
-5.4119 -4.8381
5.8629 -0.5409
1.3160 -0.3195
-7.5319 -1.4706
-1.5088 -2.0473
-5.5903 -7.0429
0.3321 1.9462
-1.6327 -7.6712
-0.9098 -6.4700
-8.8941 -0.8171
-1.5937 -1.5825
-1.9836 -1.5734
2.1837 -0.6006
-8.2655 -6.7087
4.8003 -1.6947
-1.4598 5.6655
5.0514 5.6139
0.3608 -7.5812
2.0469 6.2395
0.8388 -1.7457
1.0715 1.0130
-1.5242 -1.5860
-1.5514 5.4725
-0.2568 -5.7995
-7.0333 -6.5950
2.1012 -1.5929
0.4341 1.0350
-1.5912 5.4577
1.0071 5.1673
-7.3394 0.3039
5.1964 5.2616
-6.9933 5.5321
1.6045 1.2078
5.6591 -6.3767
-1.2199 3.7042
-9.0201 -0.4917
1.1252 6.1373
5.3673 -7.0249
5.5943 -1.3917
5.1763 -1.5643
5.4861 -2.5547
6.0863 -7.2958
0.1909 5.4215
5.5766 -8.4591
-9.0093 -2.6694
-1.2030 0.3222
