5
-3.8229 -3.7322
-3.5253 -4.3157
-3.8513 0.6468
-3.9695 -2.6588
-0.0652 1.9057
-2.9616 3.3869
0.5076 -3.8133
-2.7962 4.0481
0.6266 -1.7888
-6.6666 -4.5315
-0.1638 -4.0290
-3.0839 -4.0588
0.2404 -2.7223
-2.3943 -2.7165
2.0187 1.4952
1.9527 1.3118
3.1766 2.5893
0.4936 1.8559
-3.4862 -2.9169
-3.4286 -3.4378
-2.8395 1.2842
-0.6730 -3.6502
0.9522 7.1826
0.0564 -0.4306
0.3456 1.1165
-1.1997 -3.8285
-3.6528 -4.8476
0.7082 3.8505
-3.5696 -2.9665
-2.9962 -0.4186
0.7277 1.7542
-4.2828 -3.2252
-1.5202 -0.1563
0.7772 -2.0054
-0.3236 0.7591
-0.4500 -2.7337
-9.1126 0.4733
0.8152 3.3889
0.7172 0.9060
0.1138 -2.2583
-2.9247 0.5779
0.1269 -3.5119
3.9484 -3.5364
-1.4195 -6.0396
-0.2694 -4.0545
4.5368 2.9860
-0.2326 -3.5588
-3.1431 -3.0393
-2.9026 -3.4881
-3.4648 -3.9591
-5.5095 -3.6263
-3.3856 0.5542
-3.0366 1.6710
-3.0377 5.7420
-2.9323 5.4105
1.3231 -3.4987
3.4466 -2.4518
0.6712 0.3620
0.9899 0.2044
-3.5586 0.8546
1.3982 -3.2348
0.5957 -0.1402
2.1805 1.1748
-3.4902 1.8228
3.5559 -3.3309
0.9181 -3.8482
3.7040 -4.0576
-2.7695 -3.7253
2.0171 -3.8858
-2.6956 1.1134
1.5219 -4.0139
6.1628 1.1053
1.3333 -2.8569
-0.1194 4.0085
1.8218 1.9656
-2.7611 -0.1818
2.5824 -3.0436
0.3837 0.4554
-2.3338 4.3481
-0.3584 0.0684
-3.7319 0.7947
7.0914 -2.6081
-3.7465 -4.1650
-3.8041 -3.1238
-2.2026 -2.6497
0.2991 -0.0402
-3.1372 -3.5404
-3.5884 -2.5792
5.9133 2.3688
3.8113 2.3603
3.7938 1.2417
-0.5112 -2.6771
-3.2818 -1.6903
3.9571 -3.8795
-2.8814 0.3720
0.1809 -2.1181
-4.7386 -3.3327
0.4406 -3.3305
0.0910 6.9135
-2.9642 -2.3329
-2.4709 -3.3283
-2.6127 -3.4095
-3.8702 -3.0938
0.2649 -0.4665
-3.7199 4.0420
-2.9591 -4.7957
0.5214 4.9170
-3.3662 0.6567
6.0185 3.0822
1.5722 -3.5568
3.2085 -3.9541
3.0725 2.9621
4.7267 0.1461
-2.5089 -2.9453
-2.3135 7.9713
0.1718 -3.2107
-2.8311 -0.2693
-3.2718 -0.4028
3.4622 2.3342
3.2428 -2.3008
-4.9027 -2.8706
-3.2677 1.7371
3.2922 3.8274
-3.3138 2.2187
0.9538 -2.3014
1.0196 -2.8198
-2.5529 -4.5223
-3.3438 4.7498
2.4156 4.4346
1.0279 -0.3144
3.5553 2.3550
-3.6749 -2.4797
-0.1671 -2.9701
4.1424 -0.7051
0.9729 3.3558
0.1869 1.2181
4.1795 -1.8508
-3.8376 4.7716
-3.0684 -0.1658
1.5504 3.0325
3.3527 2.0506
0.1840 -3.5286
-2.8716 4.5274
-2.3349 -0.3208
0.3051 2.0096
-0.3281 -3.3769
0.2132 -3.5254
-3.8984 1.5297
0.4840 3.0423
5.8900 -1.1186
2.2596 -7.4906
-2.3581 -2.0400
-3.2497 -3.0301
-2.4319 -0.8808
-2.3632 4.8850
0.2005 3.8462
7.5077 5.3168
0.4853 4.5790
1.9683 2.1990
0.7427 -0.6481
-2.8004 1.0754
-3.2161 -4.0114
-1.7675 1.5435
1.4810 -2.5179
0.1440 -3.3564
0.0262 2.6945
0.1749 1.5501
-2.6768 -2.7597
-3.8846 3.3187
-3.2190 -2.7710
2.2676 -2.4243
0.5817 -3.0780
5.3706 -3.2943
-3.8200 0.2975
7.2331 -1.9832
5.9739 6.5958
1.6969 -2.7460
1.5798 -3.3982
-3.3802 -3.6924
0.3238 1.1310
-0.3763 -2.6182
-5.7690 -2.4351
-4.3390 0.4182
-3.9743 0.4934
3.1628 0.1196
-2.6388 0.5911
2.5555 0.5120
4.7913 5.3585
-3.6105 -3.0665
0.5765 -3.5497
0.6178 1.7824
0.7552 0.7621
-0.2531 -1.2777
0.9729 -1.1672
-2.9700 2.6757
0.4739 -3.1166
5.5691 -0.2515
2.8311 -3.3520
1.0217 3.5065
6.1526 -2.7700
-3.4562 3.6491
-4.8715 5.5494
-3.0248 0.4272
3.2314 0.3911
10.2195 -0.2793
0.7455 -2.8757
0.6624 -1.4720
-5.8530 6.3130
-5.0370 -1.0687
0.9789 -3.7081
-3.3889 0.3526
-0.3505 5.9437
-0.7475 1.1615
7.6832 1.1826
-2.6188 3.0807
-0.4499 -3.3679
-2.0418 1.0845
-1.2265 4.6133
-3.9322 0.9145
0.6855 -2.7176
-3.4910 -3.2222
0.3569 -2.6789
-1.6773 0.1110
-3.3486 -3.4370
-2.9813 -4.4698
1.1909 4.5375
-2.5192 -4.0214
3.0110 1.0618
-1.5633 3.2711
0.7098 -0.6098
1.9883 6.6008
-2.5051 -2.8998
-3.0071 -1.6481
-2.7847 -2.8078
-2.6450 -2.1476
0.2442 -3.6078
-3.2975 1.9350
0.5191 -5.4712
-0.2739 0.0954
0.4730 -3.5278
-4.1714 0.6657
-4.3488 9.3461
0.4236 -3.8054
-3.7443 -4.5375
2.1855 -3.4716
2.5482 -0.4003
1.3882 -4.3416
0.9822 0.4857
0.6825 4.3990
-0.0820 0.4408
-3.0542 0.8691
0.2023 0.8648
2.0555 -2.9267
-2.7723 -8.7183
-0.4354 0.1017
3.5299 3.0706
-3.3582 -0.3405
-3.1474 -2.5022
-2.8520 0.9238
0.3327 -2.7957
4.4661 3.1185
1.5705 -2.2855
-3.0454 6.1946
-0.2470 -2.8190
-3.4918 -1.0505
1.7015 2.0569
-3.8506 -2.7952
6.4294 -3.2068
-4.0234 -2.8045
-3.4989 0.0424
-3.0467 0.9359
-2.2803 5.7619
-3.4583 -1.9318
0.3175 5.1694
-3.6633 4.0660
2.1950 1.2938
-2.9970 -0.0981
-3.1001 3.4084
3.9634 0.9190
-2.3585 2.9826
-3.4710 -4.5656
-1.0626 -9.7049
-2.7869 -3.2778
-3.6990 5.3416
1.8018 -1.0665
4.1381 3.2229
2.8283 -3.4521
0.0605 -3.1514
-2.2233 -4.0592
-2.2109 4.9259
2.1929 1.1933
-3.1161 0.0914
-0.2521 2.2818
3.7630 -7.3389
0.1650 1.0542
3.2494 1.5058
-0.2247 -3.2433
-3.3397 -0.5739
3.3774 4.6572
1.4140 -3.8092
-1.9372 -3.6120
5.9642 3.6555
-3.4137 5.2062
-4.8537 -2.0819
-2.4424 -0.8309
1.3224 -0.3741
-3.1225 -2.1799
5.9545 0.3169
-0.5625 0.2537
-3.4984 -2.5388
-2.7839 -2.5982
-3.0364 0.0151
3.3066 0.1287
0.9039 0.6552
0.1123 -0.9360
-6.1005 -3.2059
0.1048 1.0025
0.3040 -0.9659
0.0478 -2.8548
3.2632 4.0666
1.5276 0.1364
5.4723 -3.1085
-0.8615 0.9776
-2.2935 -3.7688
-3.7572 2.5944
-3.5920 0.8621
1.3100 1.2060
-3.6900 1.1750
-3.1667 -3.1789
-9.1155 -3.6593
0.5265 -2.9533
-3.3952 4.0155
2.3152 -1.9781
-3.4120 3.2443
1.6222 0.7114
0.6757 -8.4060
-2.4089 1.2131
-1.3833 1.0257
-2.6700 -0.4396
1.4485 1.9220
-2.1316 3.5615
3.4420 -3.8797
-2.7808 4.8405
0.0381 3.7664
-3.5967 0.0260
-5.5992 1.6052
-2.4772 0.9492
-0.0647 -1.4154
-3.7566 2.7155
-3.3702 0.0660
1.5136 -2.6860
-2.7653 -4.5354
-3.4971 0.0919
1.3549 0.8313
4.9566 -2.9779
-2.9801 -0.0549
-2.5045 -3.0743
1.7526 -3.2459
-0.5110 -3.3659
1.5963 0.8738
-0.3233 -4.4043
4.3031 -0.7793
-3.5563 -3.3936
-3.1656 -3.4922
-0.0551 3.3010
-3.5013 0.4014
4.5543 0.4131
3.7936 -3.7969
-3.1246 -2.6692
1.9755 2.2941
1.2889 -1.8961
1.7292 -3.4999
0.5948 -2.9721
-1.7961 0.3538
-3.1402 -2.6669
1.2170 -3.7696
-5.6460 0.4710
-3.1164 0.4304
-3.7805 -2.4396
1.0523 -2.7179
3.2471 0.6376
0.0928 -3.1564
-3.0625 -2.5638
0.7571 -4.0439
-0.3141 -3.6590
-2.5176 -3.3855
1.7044 -2.3502
-3.5475 -0.2005
1.4933 -1.3474
-1.5499 -0.2652
3.0715 3.3998
1.9333 3.3858
2.7196 0.9420
-0.4307 -0.1960
-3.8563 0.9911
2.4262 -3.4423
-3.7242 -0.7706
-3.9631 -3.4474
-3.0520 -0.2855
-4.5910 6.0847
-0.8225 2.5717
-0.2519 -2.5567
-3.3049 -4.5537
2.6814 0.0186
-3.6530 1.2253
0.7841 0.2864
3.9562 1.1272
0.5068 -0.5636
-2.4513 0.9320
0.7290 -2.7385
-2.5606 -11.9677
-2.7014 3.9606
3.6413 -2.7198
-2.5755 2.2764
1.4622 4.5452
1.1249 0.6830
1.4910 -3.0530
3.0904 1.0590
-3.2660 -3.1781
3.7929 -3.6810
5.6298 -3.2780
4.1035 -0.7941
-2.8056 1.4896
1.2472 0.1438
2.6590 -3.0593
5.2921 0.7201
0.6272 -1.4302
0.3911 0.9988
3.5037 -2.3253
0.9525 4.5417
0.5558 -2.6718
-4.1922 -3.3287
-3.6393 -3.0842
-3.0281 3.2291
-1.2430 -3.4138
1.0081 -0.3226
2.4468 -3.4305
0.5083 -3.0871
2.5703 1.5412
-1.1608 0.3244
-2.6092 -2.9348
0.6641 1.0649
-1.8583 1.0827
1.2988 -2.7886
-0.8105 -1.5340
-2.9478 3.3140
-3.9275 -3.5698
2.3395 -3.5812
0.5795 -3.0323
3.3946 3.8571
-0.2499 -1.5122
-2.5855 5.5840
-3.2704 -2.7999
1.0555 -2.7121
4.5196 4.7368
-3.6949 -0.2300
2.8176 -2.3924
2.4154 -0.7545
-3.9163 1.1327
-4.3212 3.8360
-1.9859 2.7763
2.6242 4.3649
-8.4638 -3.7756
1.2285 0.1921
0.1633 3.5400
-2.6937 1.7421
-2.5223 -0.5787
-3.1410 -4.0021
1.1194 -3.1929
-3.0073 -2.5359
-2.9112 -2.9085
-2.6558 -1.1783
3.0829 -3.1504
4.0950 -6.5345
2.7791 0.6960
6.2178 0.7692
1.4482 -2.9479
1.0680 -3.1910
-4.6878 -2.6640
5.9458 -3.1908
-2.8866 2.8097
0.6778 0.5793
3.5606 -0.8609
-3.7380 1.5539
-13.2954 -3.2478
-3.6104 -1.1154
-11.8392 -2.6552
0.4533 0.4999
1.7002 0.1601
-2.4800 -3.7821
1.6230 -3.3873
-3.7071 0.3166
-3.4829 -3.3971
0.1812 0.4012
-3.6079 -1.4467
-5.5562 1.9734
0.3172 -2.8809
1.4929 -0.1819
-3.3036 -2.4296
-2.8033 3.2035
-2.5171 1.4074
2.5321 -3.0818
-3.4175 -2.5153
1.4855 -2.9311
-2.2479 -0.3796
-1.3255 0.1620
-3.8743 0.0414
2.2109 -2.7074
-3.6626 -2.8689
3.5675 -0.4952
-0.3312 -2.3164
1.2265 -2.8245
-3.1654 -2.7538
-3.2831 2.6146
0.6929 -3.8943
-2.6030 4.4595
-3.5252 -3.3175
-2.9575 0.0083
3.7743 -1.0771
-3.3003 -2.2711
0.9607 1.7608
0.1824 -3.5032
2.4554 -2.8517
0.5380 1.5299
-0.1433 0.5512
3.4897 -3.5175
-1.1772 4.1696
-3.0236 1.6847
-0.6754 -3.6639
-2.3608 -2.6604
-0.4914 -2.7771
0.7999 -2.7363
1.0599 -4.6606
-1.0690 0.7749
1.0483 0.3519
-3.2921 -3.0111
3.0701 -3.7434
4.1832 2.5186
1.5467 -1.8260
-3.1748 0.0535
4.3656 -1.4930
3.7523 -0.0643
4.1744 -12.5998
-1.5099 4.0938
-3.3561 3.0593
7.9612 -3.6616
-6.4831 -0.6339
1.8658 2.5039
0.2786 -10.2944
4.3567 3.3461
1.8568 3.2963
-1.7302 3.2507
0.1082 -2.9305
4.0058 1.5327
3.2458 0.1338
-2.1193 -2.2671
0.5842 -4.0232
-2.1606 -3.3757
-0.5825 0.7119
-2.9295 -2.5743
0.6706 -3.4453
4.3380 -0.2193
-1.9518 1.8410
-1.6280 -3.0944
-1.2401 -2.8053
-1.7525 0.3321
-2.8779 3.6282
-3.5671 2.1672
2.4821 0.7009
-0.4506 4.4856
-2.9599 -2.3452
-2.8891 3.6071
0.4567 0.6623
-0.6563 -3.3544
-2.3224 1.5722
3.2622 -2.0278
1.7860 -3.1797
0.7620 -1.0820
0.8066 1.0841
-1.5547 -2.4241
0.0863 -3.6346
-4.2668 0.9255
0.4893 -2.4428
0.7016 4.6630
-2.8414 -1.6306
-3.9185 0.4539
0.8418 -1.1111
-3.3356 -6.4073
-3.2870 7.0114
3.2445 -4.0464
-3.5653 -3.7279
-2.3152 -0.6593
-0.7737 0.6438
8.1309 -11.6171
0.0502 -3.6490
-2.4904 1.7227
0.6283 4.9046
2.4112 2.3910
-3.0575 0.9312
2.9750 -3.0333
-2.5964 1.4927
1.1606 -0.3881
1.8460 -4.2457
4.6731 -0.4721
0.4366 -0.0959
0.5418 1.9335
-0.8398 2.4599
3.0020 -2.0960
1.2715 0.4472
-0.3413 -2.9334
2.5811 4.7295
0.5202 -0.3463
0.7834 -0.1858
0.4049 3.6941
-3.0417 -3.2269
1.1380 0.2006
2.8539 -0.0992
-0.7832 5.0366
-3.7187 3.1867
-5.0337 -2.4929
-3.5169 -2.6670
-4.3522 -4.2122
0.6702 2.1376
-2.4990 0.8521
-0.3909 -12.0571
5.1418 -3.4581
-3.4189 1.3411
1.7421 -0.3762
-0.3975 0.2264
-2.7614 2.0756
0.9324 -3.2155
3.0607 -10.0473
2.5096 -1.1272
-3.5827 -2.8001
-2.7529 2.0379
5.6753 -2.8030
1.3490 -3.4923
2.1808 0.3878
1.2652 -2.8072
2.0946 1.5511
-0.5962 -2.9621
5.6143 -1.4171
-0.1684 -2.5422
-1.8451 -0.3405
1.0864 3.6174
-2.9757 -1.9806
1.6671 -2.7154
-3.5998 2.4744
1.2276 0.1607
-3.1259 2.5355
-3.5239 -3.3472
-4.2719 -3.1825
-2.7591 -0.5389
-3.8598 6.1063
1.3842 -2.9120
-2.3271 -4.1336
-3.5010 1.0864
-3.3710 2.6666
-3.3912 1.2590
4.7734 2.1197
-0.7181 -2.6704
0.8874 -3.4445
0.0510 -3.7912
-0.7437 3.0260
-2.8014 -3.0846
0.9581 -2.7125
-2.7184 -3.4728
1.4837 1.2284
-4.4119 -3.3865
1.9438 -3.7048
-3.4295 0.5023
3.2705 -1.7529
-1.8387 0.3890
2.7896 -3.4729
-4.3235 0.1760
5.8191 -1.3543
-3.5709 -3.2648
-3.3023 4.4709
-4.0218 -2.3982
0.2241 -2.8944
4.8121 0.4142
-2.4530 -3.9071
0.2530 -2.2357
2.4447 -2.9880
-3.7869 -3.4562
-3.8472 -2.8193
-3.4086 -2.3791
3.5704 -2.1822
0.5606 0.3377
-4.9932 2.5758
0.6201 2.0376
0.1480 1.1458
-2.9683 0.8854
-3.4411 -0.0134
2.7441 2.7817
-3.1781 -3.2400
0.5719 5.4247
5.7171 -3.9339
0.4240 4.2972
-3.7493 1.2278
3.6458 -1.9675
-2.2979 -3.0764
-2.6755 -2.9856
1.5902 -3.1185
4.0521 -3.5853
-3.5052 -3.3438
-2.8985 -0.4842
3.7643 -2.9835
0.9323 -3.5461
-3.4800 -1.0632
2.6407 -3.6990
4.6550 -2.7851
0.6914 -4.0765
0.2660 5.0279
-3.6196 0.0994
-3.0945 -4.0745
-3.1664 -0.1159
-0.2457 3.5117
4.5120 1.2092
-0.2060 -2.9360
0.2461 -2.7000
-3.5633 3.7574
-3.1526 -3.0363
-3.6335 0.2459
-3.0642 1.0446
0.6131 1.5417
-0.0660 1.9237
-0.2396 -2.1644
-2.8172 -3.5114
0.0773 -4.4676
-2.7432 2.5876
-4.1571 -0.2822
-2.8681 -1.8177
-0.9823 -3.0078
-2.8095 0.2893
-4.0203 0.1867
-10.4814 0.5832
0.3242 -3.3408
-3.3300 4.8550
2.9127 -2.8619
-3.8649 5.1001
6.0450 1.6881
-2.2047 -3.4827
-4.8328 1.7785
-2.2500 1.8212
-3.9046 -2.6978
0.5386 2.0026
-0.6842 -2.9678
-0.2456 -4.4645
2.2929 1.7226
1.5986 -3.8596
-3.4006 0.7475
-11.0138 -2.7177
3.9350 1.5278
1.4618 -3.3741
-2.9932 -0.3318
-3.0577 -0.2872
-0.7519 0.9032
-2.2751 1.4792
-3.1121 0.8791
-3.1104 -3.1555
0.0534 -2.9687
-1.9678 0.1502
-3.1913 3.6846
-0.1314 1.0160
2.3909 -3.3590
0.7611 -2.4613
-3.6204 -3.2425
4.9761 1.7809
5.5272 2.8926
-3.7714 0.4991
-0.5573 -3.0423
0.4267 -9.2944
1.2598 -2.0465
1.6564 -3.1658
2.2336 5.0882
-1.8798 1.1170
-2.4271 1.7928
1.2869 -2.2167
-2.7770 -3.1056
0.9676 0.9608
1.7697 -3.5173
3.0810 -0.3424
1.4323 -0.2559
3.4266 -3.3110
-4.2401 -3.3532
3.9214 0.6392
1.4924 -2.9474
1.3809 -3.9556
-5.6097 -2.4233
-2.5843 -2.0301
1.3166 -3.7904
4.8905 2.3364
1.0961 -2.7141
2.9442 6.3241
4.0860 -3.0690
-2.6227 6.8929
2.7736 6.6713
-0.0522 1.8869
-2.8735 3.2743
1.2916 0.5296
-3.0647 1.1006
0.7133 2.9919
1.4084 -3.3481
0.5635 5.8290
3.2131 0.7508
-0.4420 0.5426
1.0843 5.0148
-3.6929 1.2146
6.5761 -4.0649
3.9019 1.1226
0.8609 -4.8077
0.6153 1.6731
1.0111 2.4384
-4.0423 -0.6129
-3.0497 -0.0603
0.3515 3.8090
3.4699 -0.4274
-0.5654 -1.0389
0.7695 -0.4899
-2.7989 -2.9136
0.1985 0.7257
-4.6008 -2.8114
-0.7915 -2.0910
-1.9221 -3.0464
3.3118 0.8491
-3.4351 6.5354
-0.2849 -0.0497
-3.7195 4.4370
-1.6510 -2.8220
-0.0165 3.6741
3.0032 0.7959
4.2997 1.6749
-1.7215 1.1251
-0.4213 -2.8627
-0.7321 0.3285
-3.4676 1.5792
1.7692 -3.4869
-9.4121 -0.9247
2.0241 -0.5959
1.5749 1.1511
-3.4007 6.2662
-3.2546 -2.9799
4.1596 2.7988
-2.6000 -3.6629
-3.3065 1.1221
-3.6122 3.8274
-5.5380 -4.0083
-3.9784 -0.3510
0.4839 -6.5849
-2.8433 1.8682
1.7903 -2.6047
2.6396 -3.8931
-4.1737 -2.1015
3.4480 -2.7693
-2.5578 -3.7225
-3.2343 0.7719
1.3742 1.4755
-0.7871 -4.1681
1.0508 -2.4655
3.2828 1.6158
-3.4136 -6.6392
4.6268 4.0875
0.3597 -2.7991
0.7660 -3.8164
4.9337 -3.2735
1.4131 -3.2448
-3.2299 0.8721
-3.7098 5.4969
-4.4229 1.9758
-4.0433 -9.7906
1.6116 2.0101
0.1859 1.3802
-3.2498 3.7700
-2.8241 0.7582
5.5144 -3.0596
-2.9392 1.0407
-3.2567 -3.8084
1.7183 1.0890
-3.4150 1.2210
-3.2065 1.7164
-2.9508 0.8750
1.9428 2.7272
-3.5714 0.3706
0.4900 0.4535
-2.2360 -3.5516
-2.4442 -2.7546
-3.9101 5.4872
1.8597 2.5794
0.8714 -2.0306
-2.5996 1.5577
0.1314 0.8898
-3.2152 1.0714
-0.3379 -1.4171
0.5160 5.0238
-2.2157 -3.6985
1.6597 1.4916
0.7905 -0.1685
-3.0045 -3.2699
0.7017 -0.2977
0.7964 1.3491
-4.9010 3.9597
0.5839 5.9787
-2.3567 -0.4530
-2.9358 2.6414
4.0523 3.6480
0.6670 -4.6568
0.1821 1.3309
-2.7771 -3.7447
-3.8983 -3.0706
-3.3562 -7.3753
-2.9348 0.3037
2.8753 -3.6272
2.4635 5.2396
3.3799 5.8382
5.2457 -4.0986
-1.1989 0.2398
1.0605 2.0931
-3.4808 0.3207
4.2928 -3.0325
-3.6422 0.2933
2.0167 -3.3273
2.7187 -0.1170
-2.8644 3.3704
0.7447 3.9440
3.9177 1.8569
0.3019 -7.5969
-0.1475 -0.1232
-3.8017 -2.3913
5.6367 -3.2402
-3.2229 -3.6195
-3.1655 -0.5646
0.9815 -2.4464
3.5806 4.7611
1.7940 1.3664
2.1160 -3.4203
-0.4330 -2.7021
-0.2629 5.9705
3.7376 2.8055
-2.4472 -3.2446
-4.1271 1.0288
-5.0567 0.1097
0.8766 -2.7216
-3.1239 -3.1345
-0.8674 3.8711
-3.9535 -1.8586
-0.2219 -2.8554
0.0878 2.7179
4.4871 2.7693
-0.3543 1.2270
4.2236 1.0359
-0.0603 -3.1412
0.7907 0.2155
-2.4588 -1.9733
3.2356 -4.9916
-3.0554 -4.0005
2.0361 0.7225
3.9471 -3.4384
2.4617 2.8146
-2.8733 -1.9851
-3.7167 -4.0928
-2.9221 2.2143
-0.0816 0.4263
0.1422 -2.7791
-6.2219 -0.1600
-3.4941 4.8733
3.5410 1.5278
1.8522 -3.1442
-2.6736 -3.1128
-3.5170 -2.7387
3.9388 -3.2542
6.4911 -3.7362
-0.1535 -2.9119
3.4188 1.8534
-3.0251 -3.5611
0.0944 -2.5754
7.1419 -9.2649
-2.5846 5.5110
3.8006 -3.7755
-1.0392 0.2678
4.0999 -2.9574
2.0971 -2.1812
-3.3644 1.0121
3.5848 -2.6281
0.3911 2.7448
-4.5555 0.2555
-3.1214 2.1073
0.1122 -3.6084
1.5037 1.2341
2.0851 -3.7868
-0.4642 -2.4619
2.5731 -0.3342
1.8038 1.9879
-3.2403 -2.7490
-3.1526 1.6689
6.5948 4.5265
-0.3028 0.9770
1.7065 0.4437
-2.7718 0.8785
2.0676 2.4829
-4.9897 0.1470
-2.7788 0.2642
-3.8300 -0.1457
-2.1146 -2.0470
-0.0843 -2.0596
-2.4174 3.9833
-0.9004 -2.9643
-2.7329 -3.0527
-4.0895 -0.1637
0.8816 -2.9416
-3.5214 1.0810
3.7750 -3.2349
-3.0411 -0.0574
-0.3169 -0.9299
-3.1488 4.4510
-3.1065 -9.6786
-5.6231 1.7966
-2.9871 -0.8543
-2.1630 -1.6191
-0.5139 -3.5393
-0.0324 5.6169
0.8923 -3.3727
-2.4072 5.5064
-0.3608 -1.3761
0.6859 -3.5528
-2.4034 -3.2615
-3.0315 -2.9097
-10.9482 -0.2528
-3.3637 3.4090
0.8310 -3.8766
-5.5087 4.3290
4.8281 0.4625
-2.9540 0.6605
0.1057 0.1918
-3.6893 1.4556
0.8498 -2.9396
-3.5194 6.6348
-0.4578 -3.8506
1.2535 -2.8894
-1.6188 1.6051
2.9546 -3.2267
1.9104 -1.9289
0.9446 2.0905
1.6865 -3.8514
-6.5562 0.6682
-3.5691 -2.7335
-2.0917 1.3576
5.8822 1.5740
4.2441 6.6620
0.9325 -2.8474
0.4752 0.2677
3.5305 -2.5763
4.9473 0.6122
0.8728 0.7983
3.3071 -2.9456
-0.3125 1.4557
-2.8463 -3.7796
-3.9887 3.6874
-3.0961 3.8876
0.1818 0.9036
-3.0429 1.9320
-7.1709 0.3270
-8.9932 0.1046
-0.8458 -6.2418
0.9073 1.0982
4.3221 6.2682
1.9765 -3.9024
2.0919 4.1496
-3.1814 1.9108
1.5617 -4.1925
1.4616 3.4086
-0.3412 -0.3181
1.3214 -3.2460
-3.4362 -2.8127
-4.0360 1.5362
1.8055 2.9204
4.7689 0.5068
-3.2398 7.0458
-0.7493 0.8572
-0.4288 2.2159
2.4725 0.8253
-0.0775 0.9759
2.4108 -4.2765
2.2390 -2.3465
-2.3161 -1.0164
-3.0794 -2.1473
-3.3255 -5.7506
-3.3816 -0.0355
0.5295 -3.7175
2.9091 0.1476
-1.2639 1.9432
3.8343 1.5541
5.3530 -11.4127
0.9795 -3.4344
0.4111 -4.0552
-2.7723 -0.7023
2.5226 6.3193
3.9418 -6.6541
-2.3667 0.1234
4.1100 1.5114
0.9290 0.8804
1.6939 0.5510
0.0423 0.1477
0.4064 -0.1434
0.8838 -3.4559
-0.1955 -3.9898
0.4893 -3.1900
-0.6834 1.1281
-2.9910 -2.6558
0.5786 3.0482
-3.0221 -2.5747
3.6272 -6.4455
-3.3028 -6.9964
-2.0774 4.3111
-1.4973 -3.1529
-2.8093 -2.8748
1.7259 -3.1587
1.0306 0.5424
1.3652 2.5687
0.5184 -3.0522
-2.1886 -0.2998
3.9470 0.6942
0.0424 0.7069
-3.5268 -3.0028
0.4075 -3.4715
-0.0845 -2.4380
3.0562 -4.6052
0.9753 1.1591
1.4845 0.9131
0.9703 4.5656
-3.1698 -7.3919
6.4968 1.8582
3.5307 1.0589
-7.1761 -4.4072
-4.1073 -0.0771
-3.0901 2.6650
1.8883 -2.7102
0.1474 -3.3713
4.9214 -3.7808
-3.5212 0.1738
-3.9591 0.8732
0.3483 -4.5439
-2.3210 0.8474
-0.0643 -9.1306
1.7097 1.4314
-3.0559 2.6009
0.6733 -4.1930
-0.8463 -3.8524
5.4190 -3.7907
-3.5592 -0.1484
3.1429 1.8089
0.7450 3.9581
-4.1395 -1.6463
-0.1580 -2.8227
-2.1834 -0.1285
4.2806 -3.6019
-3.5952 -3.5513
-2.9672 0.9245
-2.2875 -3.2267
3.9922 -0.6699
0.3795 2.2577
-0.5266 0.6331
-2.9657 5.4456
1.5060 1.0756
-0.2826 2.7762
1.9582 -3.6563
-3.9721 -2.3164
0.6215 0.8918
0.3289 -3.1014
-8.8228 -0.3932
-0.1344 0.6248
-3.4171 -2.1247
-2.6504 -2.9891
-3.2890 2.5575
-3.2333 2.5027
-0.0234 0.3129
-4.0794 -2.4917
-0.1054 -3.8794
0.1175 2.5398
4.3659 -0.2790
-3.5218 4.5271
1.0508 2.1950
1.5334 1.1042
0.4477 -0.1132
1.2659 1.0846
0.7069 -4.2717
-3.2230 3.2750
-3.5449 1.2760
0.0813 -3.4508
-3.0361 -3.7660
-3.5850 2.2222
-2.4252 0.5120
-2.2093 0.1675
-0.2468 -4.3186
4.3347 -2.1233
-3.5573 1.9177
-0.6441 -2.3423
0.1012 1.2831
4.7560 -3.8820
0.6436 -0.5375
-3.5482 -0.5082
-0.4547 3.1457
-2.4564 6.3224
5.7120 -4.3613
0.1222 -0.0362
0.6899 -3.7421
3.0241 -1.8971
3.4826 -0.5707
-2.0019 0.4066
2.2700 -3.6780
2.8486 0.3596
-2.3188 -3.1773
-3.0088 2.3430
-0.0150 -0.8785
4.7483 6.9731
1.7236 1.3944
3.3088 1.8752
-0.4030 0.0287
-0.1397 -1.0463
3.0684 1.6574
0.0906 -3.0403
-3.4772 -2.6940
-3.1270 -3.4209
-2.9476 -4.4769
0.1457 3.6233
-5.4054 1.7318
1.2594 -3.2868
3.9001 0.6192
6.8964 3.8911
1.6903 -0.4835
-3.1122 -3.1643
2.5053 -4.3069
0.1487 -1.5067
0.1572 1.3658
-2.8089 -0.8361
-2.6306 1.8980
1.4203 -3.9711
0.1551 -1.5615
1.7555 2.9935
-2.8589 -7.5914
0.6701 -2.2379
-0.5362 -2.7448
-0.7816 2.1551
0.3479 0.6557
1.6622 0.2282
-3.5726 0.1170
-0.1904 3.9987
-2.2182 3.0944
-2.5772 -3.8857
3.0149 4.9078
-3.0626 -3.5188
3.1805 4.5967
1.0717 -3.6945
0.8478 0.2704
3.3390 0.1083
3.4790 -3.7735
3.3848 -3.9297
2.7376 -4.2035
-3.5658 2.7730
1.9492 0.7646
1.3202 2.8403
2.6700 -4.1898
-3.4202 6.5723
-1.9026 -2.5820
-2.0814 -4.9175
3.7605 -2.8612
-3.7462 -3.8925
-3.6479 -2.4807
-2.5639 -3.7740
0.0994 -4.7162
-3.6789 1.6370
1.1467 -2.4880
-3.8730 2.1919
-2.7937 -2.6224
-0.1142 2.0325
-1.4556 -4.0730
2.6072 4.6036
-0.5211 -2.2562
-0.3172 -4.3900
-2.7599 1.3568
-3.2481 2.7979
0.1765 -2.8825
5.0244 -3.6624
-2.9359 1.7348
-0.2858 -1.0491
1.1838 0.8506
-2.9305 3.3697
6.5192 -2.8685
0.4732 1.5465
-0.5984 2.3891
-0.3762 1.6053
4.2212 1.6183
3.9905 -0.0005
1.0957 -3.0482
-2.8831 2.1809
-2.3875 4.8701
-3.8193 4.4018
0.0412 -2.4736
-2.8230 -4.3495
-3.9170 -0.4779
3.5017 2.3193
0.8688 -2.4921
7.3062 1.0789
-6.1749 -3.1574
3.6270 8.0601
-3.5892 5.0356
-2.3265 3.2442
-3.4300 2.5977
-3.9110 1.7775
6.2699 -2.6011
-2.5167 -3.0190
-2.6988 -3.4307
-0.8328 4.3013
-2.2103 0.6853
-3.7167 -0.5716
-3.4454 1.7643
-2.8553 0.5571
-2.1745 -3.0614
2.0857 -2.8549
1.0296 0.7902
-3.5284 -0.6066
-3.9580 6.2738
1.1222 -2.8321
0.3291 0.3481
-3.2463 1.0651
5.1395 1.1040
0.4474 0.8538
0.1232 -2.6095
2.6431 -0.1299
-0.1806 -3.6373
-3.7646 -3.2419
-2.4482 -3.0006
0.0000 -3.4970
0.2145 -3.0939
-0.2702 -3.9747
1.1771 0.8014
-3.6573 7.3611
-3.9621 -2.3474
-0.1586 -2.0459
-3.3736 1.5260
-2.1498 1.6560
2.8817 -2.2213
4.6025 -2.6078
-4.1318 -3.1886
-4.7583 1.2582
-4.2907 -2.8011
1.6668 3.3575
1.8573 5.2242
-2.7178 -2.8626
-0.5513 5.1118
-2.9761 -0.6564
2.4831 -2.3273
-2.8755 -2.6182
2.9837 1.7110
0.6088 2.5093
-3.9399 -3.5427
-0.0126 -4.7374
0.3210 0.1887
-3.7025 1.6906
-2.9233 -3.1365
-1.7938 0.8689
0.1702 -0.9095
3.4746 -3.4864
1.2773 5.6099
-3.8780 0.1963
-3.5946 -2.1244
-2.8960 2.3639
1.4892 3.2641
1.2713 -2.7782
0.4069 -2.8584
1.7739 3.0785
-3.5486 0.2435
-0.7941 3.6850
-3.8902 -3.2940
-3.0026 -2.3176
5.9085 0.3442
1.3343 -2.7317
0.8488 1.1633
-3.1755 -3.6314
1.7738 1.1445
-2.5466 -3.6307
-3.0065 -2.2014
-3.6003 -4.2310
4.5609 -3.9666
0.8403 -0.0282
-2.2939 1.3684
-2.8771 1.3318
-2.4921 -3.0734
-2.4110 1.2176
0.0821 1.7947
-3.0268 -3.4415
-0.5783 -2.3987
-4.1662 -2.3530
-3.4547 2.5536
3.6194 -2.5455
2.2451 0.5159
-2.5739 0.4506
0.8693 -2.4189
0.3432 1.5782
0.8668 -0.0935
1.4074 -2.1982
2.2579 -2.8986
0.7734 1.6467
-3.4338 -3.1776
-2.4714 -4.0845
3.3501 -2.0395
-2.5017 -4.0888
-3.1151 0.0853
-1.5896 -3.1886
-0.1420 1.1780
-0.3476 -3.5987
5.7138 -2.8495
-3.8837 -4.4157
-1.7664 -3.4137
-4.0370 -0.9425
-3.6493 -3.8460
-3.6575 1.4993
-3.8380 3.4401
0.1285 -1.1053
1.0464 0.7292
-2.6793 -2.2013
4.1357 -1.0675
-3.1570 0.1857
3.7864 -8.8295
1.7875 -3.1380
-4.4763 -3.7873
-2.7308 3.5637
0.7891 2.0466
-2.5592 -2.4875
-0.4273 3.8807
2.9403 4.4043
-3.5060 -2.9614
-1.4414 -0.3274
1.9568 0.6746
-3.8766 1.5787
0.6239 3.6646
3.3403 -5.3613
1.1325 -2.9622
4.7615 -3.4660
-2.5616 3.5487
0.6131 5.3897
-4.1501 0.8393
3.8753 -3.2238
-3.1514 3.3448
2.4105 -12.1130
-3.3845 -0.0432
1.4739 0.1558
2.3488 -3.9753
-3.1775 3.7982
1.6764 -0.5915
-3.0441 -0.1877
-0.1961 4.4525
-3.7077 3.3500
-3.5070 -0.5482
1.0459 -3.8044
0.8394 1.4240
6.5169 -2.9733
4.1687 0.1466
1.3129 0.9486
1.1659 -6.3155
-1.8125 0.4963
1.1981 -0.3987
-3.7371 0.7019
-0.1774 -1.8179
-2.7449 -2.3830
-3.6865 -4.0882
7.6919 -3.3624
-3.4023 1.2929
-2.4506 -3.5458
-0.1448 -2.7599
2.1233 -2.7394
-2.8710 2.1343
-0.8496 -3.1896
1.5005 2.5318
1.7803 -4.0177
5.9030 -3.4627
1.5629 -3.1372
1.7796 -3.5363
-3.3642 -2.5280
-3.2298 -3.5906
-5.1890 -3.2978
0.4349 -1.9242
-5.7778 1.3937
2.7074 0.2712
1.5244 0.0057
-1.6312 3.9945
-4.0451 0.8151
-7.0194 -0.5114
-3.1135 -3.4112
-8.2794 -2.9756
2.5789 1.1614
-0.5921 2.6466
-2.3395 -3.0236
0.9745 1.2915
0.6839 -0.0477
3.3951 -3.1395
-0.0461 2.5239
3.9582 -2.4196
-0.7407 -3.1053
0.7623 -2.7180
2.9398 2.9975
-2.6176 -2.4815
1.7568 -0.4896
0.4141 5.0289
-2.9537 0.1953
-3.0746 -2.7024
2.8751 4.0189
0.0700 -2.2952
1.0569 -0.4687
0.7112 4.2311
-4.0255 -2.3994
-3.2193 -3.1572
3.1767 -0.6532
1.5644 -3.4162
0.2750 2.3292
-11.7027 -3.0044
-3.0398 1.1313
-1.0927 -4.3789
-2.3949 -2.9020
-0.2565 -3.1474
1.2392 -3.7314
-2.1253 3.3487
1.6173 -1.1500
2.4554 1.5937
0.1512 4.6259
-3.1114 3.3312
-3.1897 6.0206
1.6424 6.3255
1.6527 -0.1733
0.2102 -3.5956
2.3033 0.1985
1.3808 -3.2671
0.2735 -4.5073
1.7726 -3.7922
2.9431 0.3136
-6.7883 -0.1430
-6.3052 -3.0074
-2.8290 3.4494
2.3695 -2.0445
-4.7336 -3.6759
0.7954 3.0802
-3.2481 1.0270
0.6006 -1.3299
1.3567 3.8285
2.8681 -2.8964
0.7653 -3.1594
3.1674 0.7624
2.2442 -0.4610
6.9204 5.0457
-3.7752 -2.8914
0.6428 0.1494
-3.7990 2.7779
-2.7105 -2.3174
1.3614 -2.5473
4.6223 0.8846
-0.3092 4.9784
3.8286 1.3561
-2.7186 1.6641
0.3473 1.5989
-0.0324 -0.6340
6.3780 -2.8172
-10.5308 0.6072
1.4021 1.6005
1.0616 -8.6029
5.2635 0.6925
-3.2356 -3.5114
-2.3782 -3.0678
-0.6588 -3.0952
6.2105 -2.6500
-3.5683 -3.1094
-3.5432 -10.3305
2.5586 3.8393
-4.1139 -2.6858
1.0133 -0.2749
3.8992 4.0426
2.4406 -2.7149
2.3912 -3.0900
-0.0115 4.2915
2.7423 2.5241
0.5426 4.2922
3.9409 -0.0966
1.3916 -0.0039
-10.7076 -3.7313
0.4536 -3.3418
1.5132 -3.2263
0.2810 1.3325
0.8808 -2.6806
-3.0873 4.0219
0.4993 -0.3216
3.4453 -3.4452
-2.2167 3.2978
1.6666 -0.7637
2.0339 -1.2478
0.7371 0.5399
1.3906 -3.2449
1.1274 -2.1275
3.9970 2.1471
-2.6701 0.6755
1.0617 4.6576
-0.8204 3.0271
-3.1839 -0.6205
0.1026 -2.8465
-4.4064 -0.1652
1.3959 2.9368
-8.3286 2.6204
-4.1033 0.4394
-2.9661 1.7136
-3.1386 -3.3063
-3.9826 1.3311
4.4432 5.1114
-0.5492 1.0827
5.4469 -6.1441
-3.8146 1.3559
0.4942 -2.9410
1.1524 4.2276
-0.6633 -3.2689
4.7906 1.7215
5.6868 0.6141
-0.5087 -3.2509
-3.2609 5.8621
-3.7175 1.2361
-3.1727 0.6594
1.6650 1.3460
-2.6866 -2.8506
1.3067 -4.3665
-2.4751 -1.7966
-1.0464 -2.3719
3.3859 -4.1003
4.7568 0.7971
4.8752 0.7448
-8.0611 -0.7074
-4.4081 0.1610
5.2701 -3.6665
5.9986 1.4347
-4.4535 -1.2424
1.5320 7.9132
-0.9654 1.9701
1.6659 -9.1479
-2.4834 1.1934
-0.2612 1.1369
3.4989 2.5341
0.7046 6.4431
0.0091 -3.5029
2.2589 0.3874
-3.0430 1.2669
-3.2291 -3.5808
-2.4783 5.6169
-2.9883 -3.0478
-3.6154 -0.5998
-3.4153 0.1945
-0.5207 -3.8352
-3.7174 0.2963
-3.2877 -3.0003
2.6157 2.9705
0.0688 -1.4455
0.8309 -3.0171
-0.6154 -3.5566
-3.2097 0.7500
-2.3605 -1.2544
1.7791 0.6590
0.7514 5.6359
3.4347 1.0520
-0.0044 5.0398
-2.3913 0.7702
2.2479 2.5633
-3.3538 -3.2524
-0.0765 -3.2998
2.8414 0.2760
-3.0206 -3.6410
4.4585 3.1984
1.0639 1.9090
0.7002 -3.5010
1.2642 3.3638
0.1547 -2.4050
0.6690 1.2441
0.6481 -3.3507
1.5208 -3.1689
2.1124 10.2798
0.9964 -3.6662
3.9514 -1.1761
0.1196 5.1384
-3.7664 6.8746
-3.1933 -0.8621
1.2633 5.9140
-2.7138 -4.3062
-0.1316 -3.0114
-3.4836 1.3493
1.3320 -2.2012
1.2490 -1.7870
-0.6146 -0.9533
-2.5430 -8.2412
-1.2873 2.7078
0.5333 -3.7423
-3.4466 0.9078
1.0928 -3.1864
-2.9864 1.1148
-3.8362 -2.1636
-3.0302 2.9926
-3.1959 -0.0210
-3.0580 1.4561
-1.9238 -0.1350
3.1536 -3.1553
-3.7884 6.3996
-3.5228 5.7078
-2.6136 4.4742
-0.3859 -2.7229
2.6012 0.7590
-8.3703 1.5695
-2.4412 -3.5785
-6.4622 0.6251
1.5777 -3.1362
-1.2946 5.5757
1.6748 6.5649
2.1492 -3.0241
-3.0481 0.8452
-2.6011 -2.5262
-3.8662 1.8213
-3.4078 -4.5652
-3.1409 -2.3605
0.6183 -1.1104
3.9431 0.3990
-0.9403 3.3003
1.2040 -4.0194
-0.5449 -2.9820
0.7661 -3.1676
0.6481 -3.2037
-2.6876 5.3853
-3.2333 3.2953
-1.2288 1.4897
1.4914 1.9057
-2.4937 0.3436
-3.7380 -3.3779
-3.7524 6.5317
4.5764 5.2207
1.1172 -3.7676
1.7506 0.3300
2.3539 -2.5673
-8.0590 3.2188
0.6400 -2.8010
-3.6193 -3.4262
-4.3583 -2.9517
1.0680 4.0655
4.0781 -3.4469
7.4438 5.9209
-1.9186 0.8232
-2.9819 1.5900
-2.2476 -1.8712
4.3059 1.1982
1.3657 2.2151
-3.2145 1.1909
-0.8354 -4.4863
-2.4925 2.6153
-9.1686 -3.7929
-4.2978 1.5903
-3.3912 3.3876
0.2183 -2.9688
0.0280 1.2418
-1.9972 -3.2217
-3.1193 2.4313
1.5432 -3.2792
-3.5702 1.7993
-2.4652 0.3746
0.4709 3.9444
3.9602 -2.8566
-0.0866 -2.8946
2.9936 2.5766
2.9143 -3.3809
-2.8503 1.7945
-2.7486 0.9056
0.9574 -2.5373
5.5418 -3.0091
3.9083 -4.0634
0.0827 -3.3500
-3.3577 0.1625
-0.1937 1.6134
-0.3570 -0.4030
0.4675 -3.9314
-3.4035 -3.3017
-2.3970 2.8545
-3.6772 -0.5510
-3.5131 -2.9213
-4.1109 0.3448
-2.6259 2.3323
3.6733 2.4208
-0.4415 1.7602
0.7312 4.1479
-2.8238 2.0877
-3.5577 1.1534
-0.6019 2.7142
-2.5975 3.9873
-5.6128 2.9835
-2.8530 3.0122
2.5769 -3.8256
0.5069 -3.6083
0.0409 -6.6379
0.4609 -2.9436
-3.8505 -1.4669
5.2867 -3.1955
-3.1658 -1.0433
-4.2807 0.7795
-3.7242 -3.2905
-3.5714 -3.1149
1.7861 1.7802
1.1310 -2.4263
-4.1839 1.2359
-4.2299 -3.5876
-2.3464 2.3278
-0.4726 -6.0475
0.9172 -2.4281
-2.8711 -2.1866
-3.2044 -3.3426
2.4256 -2.1679
2.7535 -5.5859
-4.0378 -3.0771
-3.3229 -0.5845
-4.1531 1.7911
-2.8988 -2.7785
2.0212 -0.6370
-3.9915 2.7190
-3.2329 2.9867
-2.6119 -0.1774
-2.7132 -3.3582
4.7737 0.9172
5.5327 2.2218
1.7035 -3.1614
-3.1687 -0.7326
2.0696 -12.3289
5.5231 -3.4975
-2.5949 -1.4279
3.5555 4.4680
-3.3275 0.2313
-2.6366 1.9806
-3.6019 -2.5591
4.0422 -3.4308
3.3378 -3.2666
1.3116 -3.2541
-1.7854 8.4714
2.1498 1.9861
-3.6993 -3.0125
-3.9341 -1.3579
5.1120 7.8798
2.9285 -2.4381
-2.6988 1.8064
1.9885 2.2742
1.6476 -2.7642
0.0633 -2.6212
-2.6258 -2.7313
-2.2365 -1.2688
-0.4496 6.3766
3.6910 0.6433
-2.5670 3.3522
2.1076 -3.2531
-3.8041 -3.3297
-2.9028 3.2264
-4.1395 -3.0809
4.7004 -5.0210
0.1334 6.3371
3.6647 0.9097
6.0203 3.6917
-3.4311 -1.4161
1.1120 -3.5856
0.0486 -2.3744
4.2632 -5.2883
0.1853 3.3405
-3.6636 -0.5847
0.6609 1.8741
5.5464 0.8885
4.2442 3.6632
-2.8080 1.8132
-2.6225 -0.0099
3.5228 5.1380
-2.2315 0.0274
-2.1555 -3.2120
0.7508 0.5600
-0.2305 -0.4570
0.0715 3.2162
-0.5034 -3.5423
3.7794 -2.8140
-2.8163 -3.3536
2.7380 0.3909
1.2205 1.0891
0.1475 -0.6190
-4.2760 0.4819
-2.0255 -1.4418
0.4417 0.4356
0.9404 0.2704
4.5830 -0.9401
1.5177 -3.6613
3.8003 -2.6605
1.9478 -0.6299
4.7652 0.1113
4.0601 -0.1121
3.2404 -3.4892
-2.9982 -3.0245
-3.1231 1.2228
3.8905 -3.6069
-3.9196 6.7467
-3.6347 -4.6392
6.5285 -0.7742
-4.1555 -3.6217
-0.3681 -0.7238
3.9568 0.9273
2.7288 1.6364
3.6702 1.0614
-9.6864 -3.5468
3.4607 3.8418
-2.6039 0.6074
-3.1552 2.0435
0.8149 -3.4393
1.5799 -2.5873
2.4300 -3.8080
2.3318 -2.0319
4.2410 0.6301
-2.0027 -2.5450
-4.6480 -1.6163
-3.7159 -0.4647
-3.4438 1.8838
0.3609 -2.7033
1.1636 1.5157
0.1093 0.9255
1.2683 1.9625
-4.2686 -2.1269
0.0665 -0.9554
0.7060 -2.9585
-2.5279 -3.2572
3.5394 -0.1515
-3.5275 -3.0445
-3.7920 4.0810
4.5553 -3.5163
3.2461 -2.0231
-3.1161 1.1476
0.8944 -0.5864
2.0714 2.3334
3.9491 -3.2188
-3.5947 2.9202
4.6817 -0.1083
-2.4158 4.5532
-2.1235 -2.5779
-3.4781 3.4501
-0.2962 -3.6202
-1.3922 -3.6410
0.1637 -0.2984
-0.4255 -6.6883
4.4277 -2.4746
2.6700 -0.6727
-3.8630 5.0707
1.7536 -2.9054
4.1767 -0.1661
-3.7587 0.4269
1.4645 -2.7770
-2.9829 2.2151
-4.0692 0.4818
0.0682 -3.2255
-0.7166 -3.2429
-2.5253 2.3643
0.9226 0.4802
-0.5523 -3.6607
0.7127 2.9749
-2.0708 -2.4699
-4.4909 -2.9906
-2.5219 2.6032
-2.2963 1.2418
-3.2920 0.2764
3.7385 1.8437
-1.4737 1.8086
1.7626 -0.8872
3.7957 1.7182
-2.1354 3.9527
3.4690 1.1132
-0.0979 3.2701
0.4675 1.8007
3.1726 -3.4621
2.0453 1.0535
-1.1920 -2.7236
-3.0435 0.7846
-8.1909 -0.6821
-2.7538 3.2286
2.0305 4.8254
0.8457 -3.0323
-3.6025 4.9309
-3.6464 -4.2928
-2.7787 0.8718
0.8893 0.0847
0.4786 5.1732
-1.8385 -3.0850
-3.7104 1.3248
-3.3786 1.1588
-2.9734 1.0000
-0.6096 -0.6863
-4.1625 -4.1714
-5.1249 -0.3921
1.7594 -2.6168
-2.4931 3.2867
-3.2551 -3.6203
5.8354 -2.5945
-2.7619 0.9279
-0.0836 -2.2609
1.1147 -2.4498
-1.8033 -2.6205
4.3481 1.1567
-3.1597 -1.0699
-2.8104 2.3928
-3.2342 3.6375
-1.6146 1.6076
2.0148 -3.2467
1.4489 -3.1383
2.7050 -3.6336
-4.6837 -2.7271
-1.2938 1.4401
-2.1840 0.0170
3.2932 -3.3597
4.4095 -3.8078
4.6826 0.7544
-3.2253 4.7802
6.3537 -3.6801
-2.2808 -2.4034
1.6909 -0.1748
3.0780 1.3022
1.0242 -4.7966
6.0035 -3.0877
-8.6612 0.7894
-2.0856 1.2764
1.0932 1.0611
-0.0521 1.4960
-3.2200 1.1776
-0.8528 -4.5420
1.6047 0.3403
2.5659 1.2582
4.1078 0.3611
0.0227 -1.2186
5.1216 -3.0618
-7.1661 -3.7096
0.3057 0.7809
1.5681 -2.9456
-2.6151 3.1557
-4.1064 2.5177
0.8137 -3.2005
-0.0487 -2.0669
0.4893 0.3893
6.9160 2.2905
0.4005 -1.8655
-3.1927 1.0417
-4.7098 5.1583
1.3669 -3.9268
-6.5987 0.4639
-3.9496 -5.0626
0.2655 -3.0816
-0.9931 1.9433
-0.4292 4.8313
-2.7319 -1.5873
1.2962 -3.0568
-1.6713 2.8397
-2.5737 -3.5389
1.3127 -0.7494
-3.8442 -2.8606
-2.7122 -2.5386
-3.1011 -2.9627
-4.2623 -0.6052
4.2043 4.2579
-2.7485 -3.5650
6.1490 -2.8153
2.1991 -3.4053
4.0441 1.7712
-3.0042 -3.2505
1.8611 3.8885
3.6434 -0.0151
-3.7146 -1.5060
2.0596 0.7432
7.2022 -0.4953
-2.3238 0.0741
-2.8952 -2.1930
0.9376 -2.6973
-3.4635 -0.3340
0.3912 -3.2760
-10.6922 1.2397
0.8744 1.3791
-3.3489 -0.7284
2.3872 -3.3321
-4.1533 -2.7296
-0.4089 -2.5981
-2.3926 -4.1314
2.2969 -3.0845
-4.0827 -0.1375
-2.6716 -2.7711
-2.8607 1.2044
1.5899 -3.6427
-2.7014 2.7715
-4.1965 -2.2297
-1.8314 1.4080
0.3484 0.9983
0.6072 1.1229
1.8813 -3.1752
0.2061 5.0769
-0.9039 -0.9082
-3.8142 -3.3100
-1.0079 -0.5484
-4.8792 1.2990
0.8816 1.1282
-2.5917 4.0202
-3.7504 -1.1286
-2.9422 -3.5312
-3.4705 2.0961
3.4832 1.7862
-2.8290 3.2684
-9.1533 -2.5482
-3.1220 0.6920
-3.2946 -2.9537
-3.5442 0.2976
-3.0059 0.0893
-2.6689 -2.6131
0.5872 -2.6791
4.9154 3.6584
-1.0712 -3.5872
-2.9428 -3.6225
-3.4242 -3.2620
2.7661 -4.2955
0.1410 -3.7526
-3.5633 -3.8284
-3.0726 -4.1382
-3.5557 0.5832
-3.7472 0.0363
1.1273 2.1531
-3.7249 2.4153
0.2870 4.0754
0.5649 -2.6317
-3.1502 -3.1819
-1.0221 2.3397
0.1630 0.1679
-0.1390 1.8975
4.8360 -9.8230
-2.9650 7.4997
-2.2320 -3.3566
1.5215 -1.7584
0.1243 0.3523
-3.1584 -3.2426
1.3383 3.4429
-3.0282 1.9556
0.4552 1.3749
0.6536 -3.3636
4.7183 1.2109
-2.8936 3.5606
-4.1664 -3.4908
0.1588 -3.2614
4.3227 4.3323
2.1945 -4.1558
-0.1685 1.2994
-3.7757 -3.6142
0.4556 -3.8381
0.7592 0.3881
1.5782 0.4834
0.8002 -3.1481
-1.8488 -0.9755
-3.7589 3.6424
1.4414 -3.1183
-3.4476 -2.6472
1.2579 -3.7030
-3.6976 -3.3654
-0.2602 0.3651
-3.0991 -2.9682
0.0384 -0.5374
1.9857 4.2021
0.9032 2.2693
-2.6777 -3.5326
0.3154 -3.8890
-0.9775 -0.1850
4.3294 5.2627
-1.5879 -3.5440
-4.3437 -2.3501
0.1080 -2.3334
-2.7289 3.7144
4.7963 -0.5196
7.6916 -6.5575
2.7252 -1.2385
0.5582 -2.8858
-3.9827 3.2321
-2.6373 0.4389
-2.7206 1.0538
5.6448 0.6298
2.7772 1.4494
1.7375 -2.9414
-3.5195 -3.6703
-2.9940 -3.7946
-3.4836 5.0049
1.3625 -0.5897
1.6401 5.7151
-1.8252 -3.3418
1.0405 -0.1169
-0.0598 -12.1609
4.0629 1.6914
-3.1299 -6.2352
2.7142 -3.1807
-3.3013 -3.0872
0.4690 2.3554
-4.0469 0.7365
2.4576 -2.4653
-0.1924 -0.0115
-2.4145 -2.9129
1.9294 -2.9834
4.7310 -3.5083
-0.8223 0.3364
-0.8792 -3.2335
-1.4702 5.4410
-0.0451 -12.3796
1.7197 -1.5011
-3.7427 -3.0707
2.3320 -2.8314
4.8029 -3.6192
0.5952 2.2732
-10.4913 4.7163
-2.5199 -2.9445
-3.4240 1.2638
3.7802 -1.6581
0.6106 -3.2633
1.3880 -2.4415
1.9198 -2.9415
-2.8558 3.0201
-14.2142 0.9449
5.7998 5.1196
-3.6698 -2.6996
-1.0790 -2.6812
3.7847 3.2392
-3.8640 -0.2693
-1.9731 -4.6465
0.7837 0.2818
-1.9339 2.3530
1.0596 4.5139
0.2551 -1.0526
5.3795 4.9473
-1.1261 6.3827
4.3218 5.9460
-0.8120 8.4786
4.5178 7.5977
-1.1690 9.8993
-3.2292 4.0519
-0.9417 0.6112
2.9796 2.9195
-0.8434 0.8367
3.4636 8.6887
-1.0037 -0.8958
8.5072 6.2855
7.5784 -1.2176
-1.0716 6.9870
8.2293 2.6268
4.8995 8.6602
11.6818 8.8489
14.2588 6.9389
-0.9379 8.4793
-0.7799 -0.9895
14.4547 9.7859
7.5901 6.0208
5.1357 8.5137
-0.6202 8.4332
5.1754 5.7182
5.9050 -0.9372
10.2582 7.3992
3.6697 5.3770
7.1013 8.5670
9.2942 4.7085
-1.0397 -0.9570
-1.1404 4.1548
-3.2154 -0.9909
9.0832 8.0347
-0.9920 -1.2154
10.5513 5.8884
11.1482 -0.9271
-1.0100 8.1654
6.9010 6.6588
-0.8834 8.5412
-1.0210 4.2975
4.6513 9.8645
-0.8855 1.6812
8.0274 4.8151
4.0900 -0.9121
2.4212 3.3972
9.3876 6.0813
4.7224 -0.9620
5.2168 -1.1331
4.3061 9.8758
4.1462 8.1525
-0.8015 2.1040
8.9305 6.0127
-1.0442 -0.9893
-1.0224 -1.0139
6.4368 -0.8450
-1.1098 11.2912
-1.0126 -1.2660
-1.0197 -0.7979
5.5502 -1.0923
7.5853 8.5859
7.6777 2.5788
8.3915 2.0283
5.3770 3.4017
-0.8744 5.3008
4.9461 8.2887
7.9752 3.6515
9.7412 -0.9162
-1.2386 10.1063
-0.8483 7.8817
-1.1214 4.5575
-1.6763 -1.2459
6.5994 4.0238
-1.0729 -1.0084
2.5324 8.0653
-0.9913 -1.1525
4.5040 -1.1898
3.6904 1.0134
7.2290 3.3208
6.2866 3.1676
3.3766 3.7232
8.9998 -1.0246
6.9833 2.7092
1.6772 5.7413
9.3678 7.7969
9.0278 7.9730
8.1324 -1.0940
-0.6782 4.2539
5.7619 0.8723
5.8350 4.8505
0.9157 7.1058
-0.9167 5.2430
-3.4256 3.5767
-0.8374 5.5524
6.6826 8.3308
0.9442 5.1389
8.9588 3.1374
4.9183 3.4664
6.1924 6.9699
-1.1545 -1.0281
7.3490 4.2820
0.0152 14.2181
10.0205 8.0857
12.1716 10.6343
7.3297 7.7382
-1.0266 8.7674
5.6357 4.3528
7.4578 5.5368
8.2544 -0.9524
5.1784 5.3080
10.0874 7.5789
-1.0402 0.6389
8.7395 -0.8442
0.1144 -1.1473
10.1753 7.2330
4.1035 4.9741
8.7742 5.0688
-0.7673 10.8410
8.5092 6.6879
4.3757 6.7979
8.0703 6.1809
10.5256 7.5883
6.1962 2.2490
2.9509 9.6515
-1.2899 10.9934
-1.0782 5.4534
5.0461 6.4068
10.3789 9.0577
-0.8709 4.1120
6.7070 -0.9828
6.6227 10.9339
-0.9886 8.3907
9.5994 5.7980
4.8105 5.1737
8.2173 -0.8964
11.3049 8.3671
9.0195 -0.7827
-0.9331 5.1660
9.5276 8.6908
6.0715 -1.0484
-0.8767 7.2837
-1.0924 2.8134
-0.9612 2.0593
1.3852 -1.0621
-0.8483 9.3223
6.7414 9.7915
-1.0411 -3.3551
6.2800 9.8918
6.4278 2.3379
9.3779 9.1147
9.7049 10.7533
9.2662 5.7090
6.1869 5.2488
-0.9862 6.7415
-1.0640 5.5178
-0.8054 -1.0220
1.9140 -0.9932
10.7974 3.9247
2.5893 8.9365
-0.8653 7.3539
-0.7525 0.8552
-0.7756 3.3390
-1.0690 -1.0396
9.7263 5.3591
-1.4114 5.4850
5.1178 4.7814
-1.0630 3.0386
-1.1363 3.5654
6.8077 3.4177
4.5545 -1.1148
4.8287 7.0167
7.6073 7.3715
-1.0778 1.9481
-1.0816 2.8618
3.9170 7.1777
-0.9462 7.4591
-0.8217 9.8220
11.6155 3.1978
5.1253 -0.9040
5.1585 9.2048
8.4976 12.6262
1.5078 -1.0142
8.6821 -0.9148
11.4972 6.7685
-0.7049 4.4793
-0.7854 6.9124
10.1966 8.9743
-1.1222 -1.1159
-1.0426 -0.9283
-1.0137 -1.0044
1.6368 6.4087
12.3009 3.8739
10.9639 -1.2819
7.4063 5.2972
-0.7595 7.0034
5.6012 6.8454
3.3719 7.9343
12.4513 3.6571
6.0524 -1.2256
5.9466 -0.9248
5.7834 -0.8648
-0.9802 5.8869
-1.1211 12.5690
11.4387 8.6185
8.2363 8.7174
-0.8861 7.5026
0.6665 -0.9742
6.4082 8.9614
5.0653 -0.8698
8.1430 -1.0582
9.1991 5.0967
12.5750 3.2728
9.1569 -0.9915
-1.0701 8.5549
1.3517 -1.1231
10.4534 4.7179
5.5317 3.7748
-1.0979 6.1118
12.7813 -1.1182
2.6634 3.3436
0.4226 8.9340
-0.8628 10.0856
2.7334 3.3931
9.3773 -1.0623
5.0136 5.6431
-1.0979 -1.2977
7.9484 8.3990
1.6528 -0.4353
4.4544 10.8322
5.0075 5.9602
5.0744 3.0906
-0.9777 8.1984
1.4541 -1.0522
10.7327 8.2791
3.2790 10.6737
-0.9509 5.7916
4.1644 7.9299
3.2858 10.3568
-1.2033 6.3878
1.6773 9.3955
6.8265 1.4483
2.4766 -1.0832
-0.9659 0.5468
-1.2202 -1.2031
-1.1721 4.1427
-1.2188 -0.8207
3.7076 -1.1376
-0.9651 -1.1469
6.8759 3.9463
7.0575 -3.2327
8.4553 -1.0456
3.6833 6.9123
2.9732 -0.9631
-2.1680 6.4066
14.1849 7.8373
-1.0442 6.0581
8.9965 10.9789
7.4914 10.6205
9.3585 7.9387
7.7787 0.5461
4.2763 -0.9911
-0.7959 7.0161
7.5382 9.3624
10.2879 -2.5378
3.2196 -2.4325
4.4102 -1.0500
1.8715 -1.1318
8.3279 7.6154
0.1130 0.9407
6.4261 6.1690
8.2572 7.1351
-1.1022 10.2486
2.6552 -0.9135
4.3168 7.4055
5.1581 -0.9672
1.8743 8.0624
7.0618 8.5255
5.9448 -3.9321
4.5544 3.6834
-0.2883 3.1009
5.4162 -1.0222
10.1706 8.4371
6.7716 7.8185
-0.7716 5.0354
6.5154 5.3077
8.6665 8.7595
8.0415 5.9498
9.8106 -1.1859
-0.9738 7.7651
7.3881 -3.5231
-1.2279 -0.9455
7.5087 -1.3148
-0.7939 4.0011
6.3641 -0.8621
10.8030 4.1855
7.5038 7.0428
4.0012 7.7396
6.6820 6.2985
6.0784 5.3424
9.9639 2.4229
7.5374 -0.9668
6.7173 -1.2353
2.6848 -0.9202
8.2656 5.8867
-1.1164 -1.0710
4.0626 4.1639
5.1241 1.3326
4.2526 8.8661
7.7332 -1.1659
-0.9476 -0.9759
-0.9461 6.9833
-3.6118 0.4597
-0.9165 -1.2101
-1.0418 -1.0208
9.9826 6.0561
10.6191 10.3681
7.5081 -1.1150
6.0352 1.2512
-0.9368 9.0849
9.9246 5.8447
6.4529 9.9276
4.7203 8.5635
-0.8248 -1.1165
8.9883 -1.1041
5.0036 5.7251
-3.5453 4.6324
-0.8206 8.3584
0.1551 10.0373
5.3881 8.2177
1.9559 9.8862
-0.7350 -1.0427
-0.8256 -2.9192
4.0630 -1.0746
4.8566 6.5163
-0.4253 -1.1254
-1.0578 8.3182
9.3181 7.7060
6.0868 1.5368
9.8074 12.3345
-1.0309 9.2213
4.2594 -1.0469
10.4628 -1.1985
4.9897 7.9183
9.6378 -1.1159
5.7975 9.1621
7.2733 7.2769
8.8844 0.8675
3.6888 7.3088
7.1646 -1.2293
-1.0191 -1.0447
8.5497 2.9994
3.2436 -0.8822
8.3471 0.3202
-1.5472 7.5498
9.9559 11.1045
7.4968 -0.7127
-1.1255 1.6421
9.5534 -0.4769
7.0384 3.5816
7.9310 3.5067
-0.8711 8.9716
4.7379 -0.9285
10.4193 12.2749
9.2719 6.6515
3.3691 4.2764
-0.8615 -1.0106
-0.8685 5.9638
-1.0455 7.5170
7.2023 6.4073
5.6295 -1.3016
5.0040 8.8379
-0.9714 4.4259
9.6574 -0.9640
7.0436 -0.9834
8.1576 4.2902
-0.9583 3.0920
5.0245 -1.1733
-1.0596 6.6190
7.5068 5.8062
9.2543 8.4834
-1.1509 0.3286
3.0347 7.4356
7.9311 2.3664
0.8942 -0.9636
-1.0481 -1.0581
9.5012 -0.9832
11.9208 5.8815
-0.9300 5.1107
10.1086 -0.9443
-0.9765 9.3738
5.6808 -0.9585
7.6807 2.1635
4.4362 -1.1914
-0.6498 0.6679
3.5252 -1.0216
5.4986 4.9218
10.7644 7.5267
-0.6626 6.5813
6.5171 5.6474
6.5149 7.9832
3.8891 -1.3312
8.4435 7.6474
4.7194 5.4661
-0.8024 7.1219
6.9127 -1.2870
-1.2682 4.8606
2.4306 -2.0162
7.0809 6.1844
7.7199 1.0377
2.1725 5.5307
6.7332 7.6228
-1.0548 -1.1945
-1.0305 0.9352
3.4110 -1.0977
7.1159 5.1789
8.8333 5.7967
8.4211 0.3188
6.7571 -1.0659
9.0393 6.9797
8.9744 10.2635
6.8490 2.5827
5.1494 -0.8992
-1.0672 9.4919
-1.0048 -0.8289
9.9892 1.1138
-1.0533 7.7357
-0.8515 4.5642
7.8854 4.6794
2.3465 6.3579
6.5077 9.0017
11.0963 10.8287
-1.2214 -1.0566
5.9819 2.9728
-1.0112 10.2888
6.2455 -1.0101
6.9383 -1.2968
7.3496 2.3766
8.5985 -0.7130
6.4069 -1.0084
-1.0426 2.7728
12.0060 -0.8185
6.6437 9.2189
7.6005 7.5494
6.5585 2.7736
-1.1370 0.8852
5.3611 6.8678
-1.0453 -0.8435
4.2305 4.7858
1.9201 2.0988
-1.0938 0.5760
6.0523 5.6303
7.5474 -1.0205
9.7964 6.2488
7.3965 -1.2039
4.7155 -1.0295
8.6786 2.8144
6.9784 -1.1693
-1.1201 5.8773
-4.4264 10.2887
-0.8996 -0.7452
-1.2856 7.3590
4.5347 9.0058
6.9667 -1.0357
0.8275 1.9379
4.7906 6.9479
4.4875 10.4762
1.6585 2.1683
5.2176 -1.1008
8.3608 4.2460
10.6181 -2.2312
7.1559 -0.8821
8.7956 -0.9973
-0.7104 1.5472
-0.9254 12.6781
9.8346 4.2643
8.4792 0.9946
0.5375 10.5238
7.9774 -1.1853
8.3104 -0.7865
6.0667 -0.9590
-5.0906 3.7919
6.1321 -0.9465
-2.6282 1.8171
-1.2102 7.7334
-1.0440 -0.9081
4.7917 2.2673
7.4447 3.2792
9.7347 -1.0909
-2.9623 0.9059
10.1278 11.8245
1.8646 5.0259
9.7584 -1.0791
-1.1727 8.1920
-0.7978 -1.0590
3.7742 2.7130
4.7229 4.6786
6.5260 5.8629
-0.9548 4.0798
0.9418 4.5140
-1.0904 12.3458
2.4623 -1.3914
11.5998 -1.1895
8.2980 -1.3231
11.8242 4.0669
2.5270 2.6185
7.8191 -1.0026
8.2585 4.2653
-1.1196 3.7643
-0.0425 5.1706
2.7028 9.2028
-0.9247 12.3941
-1.7314 9.8180
2.4638 5.6879
6.8721 -1.1425
6.8910 9.6611
3.8488 0.7063
-1.0738 9.9642
-0.9502 10.8683
9.1834 6.7447
-1.1794 -0.8417
-0.8959 5.5568
4.4957 7.0704
11.1098 8.6973
8.4302 -0.7352
9.1887 5.2534
-0.0348 3.7737
-0.9736 2.4692
-1.0798 -0.7779
-1.0655 11.3944
10.8081 -1.0113
-0.8291 6.1819
4.8743 11.9802
12.0419 4.7075
9.6371 7.6356
-1.1935 9.3653
7.1360 3.8294
7.8131 9.2734
8.2024 -0.9385
9.0275 -4.7626
11.3986 8.5868
3.7011 7.6536
7.7149 4.4074
11.2231 -0.7913
-1.2443 -0.8557
-1.2254 9.4881
6.3440 9.7656
-0.9920 6.6840
5.0169 7.1475
10.4714 3.3604
7.8431 -1.0121
8.4215 -0.9743
2.5371 10.0453
-1.3439 8.4650
7.5198 2.5876
-1.0241 -1.0980
3.4934 5.7547
-1.0171 2.2449
9.2682 -1.0864
9.4175 -0.9911
6.3087 7.4277
11.1439 6.1597
12.2050 -1.0378
-1.1692 10.0473
1.4982 8.1154
6.1054 -1.2933
-1.1254 5.7077
1.9032 3.6895
3.8264 7.3113
-1.1798 -0.9990
-1.1137 2.7915
4.7724 4.5184
8.4346 2.6371
11.8473 0.8189
-1.0758 9.4732
-0.9469 11.8837
8.0804 5.6961
-1.1107 0.3312
2.9434 -1.1147
-1.0360 5.7611
-0.9607 5.9697
5.9396 4.7701
-2.2290 7.7066
-1.2575 -1.0825
2.6199 -1.5697
6.9327 6.5134
8.5541 2.0158
5.6037 0.8532
7.3056 -0.9626
6.4702 7.2944
7.5622 -4.7040
-1.0425 5.6646
6.4357 12.6595
-1.1128 5.3101
6.0418 7.5052
2.9217 -0.9796
9.7502 4.5898
4.3316 7.4991
6.5508 5.6069
8.8089 5.2030
7.6027 9.9362
-0.8816 -1.0796
5.9863 -1.0938
-0.8901 7.1850
8.6334 11.4206
-1.0739 -0.9096
-1.0076 2.2631
8.1734 7.2332
-1.0331 -0.8879
-0.9871 -1.1162
-1.0108 9.9426
6.2847 1.6605
-1.1125 -0.9459
4.5973 -1.0363
-1.1207 6.5016
4.7062 9.4272
-3.3185 3.6087
8.1305 3.8874
10.6436 -2.8963
-0.8340 -0.9469
6.7210 -1.0148
-1.1167 -4.4951
8.2388 9.4205
5.4837 6.6965
-1.0545 -0.8241
-0.9855 10.2220
9.5391 10.8756
9.5896 9.7823
5.3883 -2.6292
5.9139 -1.1201
3.2560 1.8299
2.1734 -1.1012
7.1528 2.6153
7.1382 7.9469
-0.9579 -1.1050
9.1118 -3.1703
8.2200 9.2631
-1.0179 0.9940
9.9898 -1.0446
-1.0840 4.4366
3.3609 6.9398
-1.1528 6.7737
6.0551 10.5353
6.8483 3.8945
9.8532 8.4025
-0.7635 -1.1341
0.4080 10.9882
1.1719 -3.8754
7.2294 7.3443
6.6738 -0.7135
2.7731 8.4082
9.4192 11.0178
1.7553 9.0857
5.6950 -0.9945
6.0737 7.6522
8.6604 6.6159
5.7364 -1.1459
4.1869 5.9197
10.0553 6.2046
-1.0260 8.9653
-1.0510 9.7969
1.8280 10.6004
-1.0541 6.1373
2.6123 7.5723
-1.0187 -1.0674
3.4659 3.9263
-1.0177 4.9094
3.9358 -1.0108
8.4484 6.4844
3.2982 -0.8332
8.9780 4.6988
3.1221 -0.8308
5.5905 -1.0512
8.1137 8.7499
2.4341 4.9948
4.5244 4.9143
7.0848 4.5423
7.7803 -0.9330
-1.2590 3.2072
-1.1280 3.2334
7.7549 5.0542
10.9239 1.9022
6.6779 2.6995
3.4615 9.4345
8.0980 6.4572
-1.1836 9.9273
-3.0739 7.4426
-0.9628 7.4719
-0.9290 5.8392
11.5595 4.1694
2.6697 6.1163
-0.7997 4.5887
3.8379 9.4483
-0.9253 6.9845
9.2408 3.6879
-0.6772 9.4881
3.4934 8.5653
8.5416 2.9031
3.2352 8.8417
6.3637 6.1835
-0.9534 5.8038
12.6524 8.6531
4.5522 4.8858
6.3401 -0.9719
9.8519 1.7490
-1.1791 1.6547
6.0447 -1.0129
5.2584 7.0966
6.3949 2.3185
-0.8705 6.8265
-1.0005 6.3790
1.0018 11.7517
-0.2683 2.4647
7.1173 -0.7216
-1.3231 7.6546
4.2852 -1.1018
-0.8939 0.0995
-0.9708 6.8389
2.9753 7.2913
2.5379 5.8396
4.5526 7.9158
6.4763 8.8856
-1.0617 -1.0181
-0.9173 -0.9658
-0.8355 7.3079
7.7500 5.7678
-1.1359 -4.1198
3.2217 -1.1451
1.9027 -0.9907
2.5396 12.1753
-1.1030 3.5067
1.3900 -0.9614
3.5825 -0.9089
-4.5411 -1.1521
6.6482 4.8878
2.9881 10.2091
5.2866 2.6013
3.4110 4.5903
11.6759 8.9215
5.2258 9.1021
6.7326 -0.9498
2.5509 -1.3825
4.0089 4.1673
-0.8317 5.7703
-1.0821 4.6038
-1.0369 6.7573
10.8925 -1.0601
-1.1258 3.3900
-1.0077 -1.0455
-3.3972 -0.5617
9.9214 -1.0596
6.2406 5.6230
4.4380 -1.1822
3.1525 -0.9907
-1.1588 -1.3027
4.5564 -1.1165
4.6437 7.4612
2.0151 2.1368
-0.7867 11.5782
5.5907 -0.9188
6.1931 9.5219
-0.9610 -1.1583
8.0181 9.8820
-0.9689 0.2951
7.9505 5.6365
8.3040 3.2489
6.0186 9.3356
4.6445 -1.1245
-0.9219 9.8505
-0.9196 -5.0384
6.8767 7.3142
-1.0750 8.1864
8.9799 9.0965
3.9238 -1.3299
2.8228 9.3501
-0.9152 2.0652
7.3328 3.3570
-0.8457 -1.1285
6.5446 3.3493
9.8143 -0.8469
-0.9228 -0.7042
7.0946 9.9809
-2.3670 3.3382
8.2964 -1.2753
7.6072 4.2292
-1.0987 1.9761
-3.8276 -0.5026
-2.9530 3.4996
-1.1120 4.5486
7.2456 9.8097
-1.1053 1.8511
6.7413 11.1984
5.8494 3.8702
4.4333 8.0132
7.7195 5.4634
-1.0451 9.3469
9.1218 7.2986
-0.8203 -1.0397
4.7501 -1.0231
4.7214 7.9077
10.5794 1.5168
-0.7701 8.3578
4.3095 -0.9032
-1.0945 8.4629
-0.8900 10.3716
3.7640 10.9345
9.9661 7.1918
6.3038 -1.0961
-1.0624 9.3782
-0.7979 -1.1365
6.2230 9.1990
4.3665 -0.8680
4.4439 -1.0669
-1.3507 7.7324
6.3335 -0.8689
-1.0567 9.6526
-1.3675 -0.9583
4.6164 9.0886
-0.9004 -0.8491
4.7347 1.7902
4.5684 6.6628
8.0373 5.5130
7.8555 8.4429
-2.7082 7.1005
-0.9873 6.3866
5.5294 5.8587
-0.8540 6.2408
-1.0116 9.8172
6.9874 -1.1330
8.1808 -1.0442
4.7602 -1.0096
-1.1631 7.8487
6.4411 -0.8248
-0.6585 -0.9234
6.6806 7.4923
-2.1458 8.6652
10.1377 9.0952
5.0115 5.7052
7.2518 5.4300
3.6556 3.5850
7.9214 9.9099
6.9678 0.5244
8.1656 -1.0309
3.5171 8.6032
-2.9220 -0.2488
6.5508 -1.0380
-1.0310 -2.9829
5.5511 9.1470
-0.9206 -2.0490
-1.1682 1.3198
4.4543 3.0917
7.4190 10.3577
5.2287 3.8831
1.0320 8.5099
-1.0602 -0.9753
-0.8114 9.2696
-0.8516 4.1918
6.4802 8.0721
3.6264 10.7875
9.0836 9.7209
-0.9415 6.1844
-0.9372 4.1511
7.4744 2.0013
6.5921 2.9846
4.7960 -0.9676
5.3567 10.5306
6.3499 8.5501
9.7093 -5.9237
-1.2960 -0.9750
-0.7902 8.9738
4.5681 12.1901
7.4375 -1.1000
5.8940 -0.3088
3.1407 -1.0431
10.0663 6.4992
-1.0650 -1.0054
5.8700 -1.2178
2.3342 8.7123
1.2779 13.2631
6.5320 4.0142
3.3853 -0.6284
-1.1727 6.0468
6.0792 3.9829
6.0953 3.1797
3.9347 5.8331
8.2162 8.9506
-1.0255 -0.8886
0.4581 5.9155
-1.0877 -1.1964
2.6442 7.9377
6.0181 -1.0899
-1.0935 5.8887
6.9635 5.2292
-0.8733 -1.0291
-0.7753 -0.8081
7.1631 9.6947
-0.7609 7.9132
-1.0260 -1.0352
8.0823 10.4997
7.3019 6.8306
8.2816 -1.0367
-1.6175 6.3190
8.0361 10.1516
8.2829 1.4378
-1.0995 -1.2349
3.2567 1.6987
5.1659 4.6535
2.0738 -2.6824
4.2734 4.6331
7.6641 1.1175
6.4422 7.9575
6.3487 6.0664
4.1468 12.7709
-1.0958 8.7253
-1.0701 7.4805
3.0751 -0.7677
8.8134 4.9915
8.5984 -1.0567
4.6314 4.0830
4.3246 -0.9894
7.4847 11.3663
-1.0903 6.0254
5.9533 -1.0728
-1.0689 -3.6066
-1.1526 -1.0288
4.3900 8.5027
6.5736 7.2815
5.3421 6.7337
0.8348 -0.9766
-1.1335 5.9025
6.0079 8.8383
7.4292 -1.0935
5.9809 3.0602
-1.1512 6.3965
-1.1252 8.0214
8.7305 7.1046
10.1679 9.9173
-4.7061 -0.8900
9.1788 8.3535
-0.9415 1.6905
7.9148 0.0081
6.7217 6.3413
6.4816 1.1316
-1.2549 5.3273
-0.9980 5.5002
9.1504 6.1051
-1.3045 -1.0969
7.1244 7.2972
-0.8438 2.5256
7.1292 -1.0490
9.6934 2.0230
6.0615 -1.6840
-0.0079 5.5136
8.9881 7.9098
8.8028 5.6097
6.8052 8.5308
-1.6985 8.7201
9.0923 3.9366
9.7572 7.9525
-1.1799 -0.9494
-0.8062 6.9048
11.4378 -1.0781
7.9868 10.1581
9.9686 -1.0841
6.4623 2.6284
0.9762 -2.5808
5.9956 8.1309
8.6607 5.4045
5.5798 2.9477
5.3394 6.4400
7.7128 7.0096
10.5206 7.5349
8.4066 2.9758
10.9975 -4.9759
8.7825 5.2588
6.4287 5.4487
9.5170 -1.0920
9.9937 5.4821
5.5140 11.4926
5.3086 -1.0889
4.9994 2.4171
-0.9564 8.9490
11.9050 9.5625
4.0057 7.6966
-1.0166 5.7849
5.1649 -0.8000
10.3742 5.5012
8.2952 9.6760
7.5836 8.6377
6.9726 -1.0499
5.8436 2.9439
8.8434 10.2617
5.8466 10.8522
11.4821 -1.2765
-0.9932 9.6975
2.9501 4.6218
11.2290 8.3021
4.9439 -0.9930
2.5473 -0.8707
6.3684 -1.0282
10.5501 5.5478
-0.9948 -1.1851
8.2061 7.3775
-1.0763 4.7908
3.5763 3.0934
2.3247 -0.8968
7.5154 6.5690
5.9391 8.1621
6.6382 4.5996
6.9077 -1.2065
-1.0360 -0.7055
3.3740 4.7802
2.6012 -3.4042
11.8695 -0.8984
3.4515 -1.1187
1.2180 -1.0665
6.6459 5.0797
-1.1046 5.1256
-0.9064 2.9173
1.7003 7.6312
-1.1689 -1.0150
-1.2483 4.2098
4.8065 8.3707
1.6744 1.5529
-3.5137 -1.0225
4.1162 7.3489
-0.5573 1.3450
-3.8560 7.8856
6.0127 -1.2474
1.1393 -1.1722
-1.0107 -1.0573
3.2071 -1.0597
-1.0703 0.5321
7.0016 8.2153
-0.9251 3.3787
7.7011 4.9417
10.0374 -0.8539
4.0115 7.5366
-1.0602 10.2424
-0.5921 -1.0094
8.6012 2.8244
-1.6526 -1.1530
3.3201 8.1144
3.4889 -1.0267
6.1140 -1.3073
6.7147 6.7292
-0.9950 1.1979
-1.0286 -1.0048
-0.9847 9.4614
13.3403 -0.9922
-1.1544 -1.3052
9.8196 6.2692
-1.1770 -1.0235
0.6435 9.2684
5.7744 5.1527
4.5079 6.1186
-1.2576 -1.0151
5.9163 11.2619
-4.9912 -0.7423
-6.2408 11.2495
-1.1367 -4.6177
-0.8052 -1.3579
5.4882 7.5721
-1.0632 4.2309
5.4034 4.7135
3.2545 8.1459
4.6685 7.5020
6.9117 8.1407
-0.8666 -1.1470
-0.7831 4.1331
7.7812 2.0102
7.7066 -1.2557
9.7893 4.9182
6.7079 10.3700
1.3523 8.6708
9.2369 -1.0369
-0.8787 9.7799
6.7164 -1.1107
-1.0669 -1.1652
11.5581 7.9184
8.5350 8.4400
3.2058 -1.0075
5.1532 11.7304
2.7201 -1.3964
8.5474 -1.0793
4.3498 3.6735
12.7055 9.4166
10.7938 8.1559
6.1115 10.6334
5.3933 -3.6513
6.5574 2.8589
-1.1560 5.2617
6.5378 7.0915
7.3431 7.3402
10.1311 7.4951
6.0546 -1.1026
7.2130 8.0980
5.3761 -1.1092
9.0744 -1.0755
-1.0297 -0.7938
-1.1636 -0.7836
-0.9900 3.3602
-0.8719 11.0221
-1.3662 4.9555
-1.1434 -1.1857
9.8583 5.3344
-1.0276 7.8024
7.2675 4.6667
6.7665 9.2823
2.1954 -5.4175
7.9054 9.0445
12.4565 2.5177
7.0360 2.8746
10.7375 4.5248
-0.9447 9.0810
-0.9805 10.3097
-0.9500 4.6491
-0.9957 -1.1678
7.9666 -0.9532
-0.7699 -0.8688
7.2264 7.2072
-0.9160 7.5870
-0.9945 6.9942
4.6273 -0.1723
8.5427 -1.0070
7.7140 8.6538
-0.9930 8.9672
3.7155 -3.4274
6.7280 9.2830
4.7942 -1.0087
-1.4775 4.8439
7.3005 -0.8156
0.7250 5.5831
9.1992 5.7850
-1.0453 0.7538
7.6664 6.2089
5.0029 -1.0020
0.9024 -0.9251
-0.8963 12.7844
7.7298 -1.3033
-0.9938 -5.3454
8.3540 8.9292
3.1210 10.7794
-0.8896 11.1771
-0.9140 -0.9854
13.7670 2.6916
7.2876 -0.7501
9.8999 6.7829
-1.0292 6.5132
0.4771 10.4357
-0.9336 2.5469
7.6363 -1.0713
3.6962 4.3784
0.0956 4.1426
5.9657 -0.9557
8.4527 4.4630
9.0109 10.5120
-1.1204 9.5639
-1.0474 -0.7864
2.2846 9.6083
-1.1171 -0.9203
-1.1453 6.2622
-1.1468 7.0855
6.5823 4.5385
-0.8371 -1.4717
-0.7405 5.9513
-3.5242 -1.0252
9.5088 -1.0904
3.9909 4.5359
8.9763 2.8177
2.5775 -0.9052
9.0442 8.2614
-0.7448 9.0024
4.5940 6.2592
9.8981 3.2381
-1.0638 5.5600
3.7513 7.2846
7.6466 9.0118
-0.9677 11.4151
4.3376 13.0350
-0.9537 -1.1281
-3.7451 -1.0531
-0.9832 -5.4614
6.6188 7.5923
3.9371 5.5757
8.8682 1.8158
6.5735 7.5773
7.8493 8.9616
6.7639 5.0585
8.0083 -0.9895
-1.0426 -2.7845
7.6139 9.1581
1.2322 -1.1169
-0.9898 8.9379
-1.1401 -1.1836
8.0275 10.4654
-0.9468 10.1060
4.0352 -1.0886
-0.7751 7.3719
6.1302 6.2336
6.9449 1.0505
-1.0040 -1.0473
-0.9707 9.1513
10.1323 2.7356
8.8453 7.1488
3.8980 -1.0852
-0.9068 3.7003
5.0332 3.1786
5.1768 9.5503
5.5988 8.2844
9.5086 -1.0782
2.2817 6.5599
-0.8758 -1.0479
6.3889 -1.0787
-1.0162 -0.8964
-0.8432 -1.0539
11.7238 4.8188
-0.8088 9.2089
7.0196 6.1949
0.6732 0.9269
2.0785 4.4426
-0.9358 10.7510
7.7728 7.1298
6.9163 6.1845
5.8045 -1.1734
7.5094 5.4219
-1.0657 -1.0259
8.3584 8.1530
5.8113 8.2201
-1.1435 -0.7708
-1.1124 -1.0186
2.0561 -1.0462
5.4357 -0.9759
-0.9768 6.5656
-0.8999 7.9736
9.1496 6.6412
3.2364 11.0355
-0.9598 4.3323
8.6824 1.2388
-0.9253 8.1810
-1.0182 -1.1531
-0.8969 -0.8878
2.3141 -1.0122
9.1891 7.4805
3.8819 4.3507
6.7062 -0.0805
4.7400 6.8100
10.0531 5.5615
9.4691 5.9073
-1.0069 6.9074
8.6830 -1.0362
11.6470 -0.8586
6.7043 2.8701
5.7241 2.0259
5.9362 5.1141
0.4802 -0.9095
8.4300 -0.8937
5.9516 9.3950
6.6492 3.0226
7.8692 9.2714
4.0779 11.5011
9.3982 10.2903
5.0402 5.7924
2.8576 4.6340
7.5736 5.7217
10.4908 8.4803
-0.8993 9.0288
5.1019 8.2929
-1.0637 5.7488
5.1645 7.1530
9.0025 4.0462
-1.1734 -1.1105
6.6208 7.5593
9.9953 8.8177
-0.9040 1.9316
-0.9510 -2.6840
4.0980 -0.9124
9.4736 10.2548
-0.7852 5.2422
10.4751 -3.4177
4.9340 4.4542
11.0080 8.0339
-0.9888 5.7640
3.0331 5.5100
6.2409 8.3619
-0.9655 -0.8667
-1.0542 3.1644
-0.7644 -1.0787
3.7300 8.1897
6.9314 -1.1346
-0.9918 2.4706
5.6539 -0.8840
3.8506 8.4091
8.1338 8.0633
-0.8217 8.5852
8.5282 6.7927
9.3857 -0.9854
6.7653 11.9579
-1.1651 5.9780
10.6705 -0.9110
4.2748 6.3947
6.7738 8.4787
-3.1845 7.7152
2.4301 6.1065
3.9881 8.0903
8.2063 9.4670
6.8584 0.9510
3.4960 2.4184
3.1916 4.9187
-1.0677 7.2244
2.1964 -0.9806
-0.3573 -1.0061
7.4004 -0.9814
-4.9655 -0.9698
3.0500 3.4672
8.5105 8.5771
-1.0893 -0.8969
3.6945 -0.8237
5.1070 8.0404
-1.4094 6.1085
2.8405 -0.8175
-1.7605 7.9896
7.8500 9.2183
-1.2305 -1.4063
-1.0753 -1.1265
4.5548 -0.9317
-1.1907 4.9687
4.0095 9.3022
3.7248 5.5050
-1.0041 1.6342
-0.9378 2.1445
-0.6774 5.9557
-0.9187 -0.9130
1.9772 7.1622
9.1699 0.2879
-0.8384 6.5417
7.7372 5.3206
7.3367 -0.9846
8.6285 2.6900
9.0566 7.2372
3.3898 8.5057
13.1143 -0.8661
12.0792 6.6338
-0.9729 6.3472
-1.2090 10.1089
6.3592 4.8650
-0.6395 6.6093
11.3814 -0.9955
5.6059 4.2150
5.8193 6.4700
7.7404 -1.0194
6.6289 9.0765
8.2937 8.1224
8.1966 8.0401
-1.0557 2.5156
7.1209 -0.8173
3.9335 3.0481
4.1157 -0.9206
-1.1805 -1.0987
6.1466 2.7991
-1.0238 8.7180
11.0985 -0.8365
3.5585 9.5463
3.8585 -1.0981
-1.0250 5.5696
-0.9403 6.4680
-0.9296 3.6047
5.9298 4.1550
2.2967 -1.2644
-1.2901 7.2898
3.7802 10.1032
0.0951 -0.1668
7.0669 -1.1830
10.8844 6.0479
-1.3288 -1.1376
3.9793 5.7082
8.9391 8.7261
2.9084 5.6118
4.3762 7.4244
5.5926 3.8550
6.8424 7.4699
-1.0040 -1.0523
2.5179 -1.2839
3.8658 -0.9984
10.5897 5.4406
8.2177 -1.0259
-0.7362 10.3421
-0.5100 7.8974
-0.8984 5.0049
2.8335 5.0375
0.9178 9.0458
9.1405 10.3094
-0.8526 11.5703
7.0157 -0.9393
-1.0639 6.1914
8.2066 5.4477
-1.1033 7.4421
-1.0092 0.5139
6.2229 3.9310
-0.7509 -1.0686
5.3267 5.4784
5.5984 11.2907
5.8324 7.3135
8.5745 7.1559
6.2731 -0.9141
10.8323 5.9807
-0.9715 10.1827
8.1397 9.5381
8.2743 -0.4930
-1.5079 6.5182
5.6441 6.8402
4.9736 9.2835
5.8823 5.4988
0.9954 9.6277
6.8930 8.4259
-1.0161 -1.2226
-0.7802 -0.9724
7.8368 6.0631
10.1657 9.2318
6.1098 -1.0515
4.9833 -4.7856
-0.9337 4.0515
9.3182 2.2574
1.6608 6.3355
12.3751 7.7996
2.1138 7.5499
-0.9018 9.4404
4.8555 7.5643
2.2273 2.4249
10.7490 8.3959
10.6183 -0.8619
5.6541 8.1665
-0.9605 9.4031
7.3675 9.3232
-1.0139 3.2371
5.0731 4.2760
9.1142 6.9907
3.7644 8.5665
2.7442 -1.1899
6.5550 2.8440
3.5057 6.4847
6.4748 -3.1671
3.4968 -0.8865
6.7724 8.9509
4.4225 5.0798
8.5348 7.9910
-1.1758 -0.8097
0.2656 -1.0070
-1.1991 9.8749
0.0665 8.5863
4.8488 -1.0577
8.0941 3.7357
-0.8614 -1.1556
9.7638 6.5326
11.5449 -1.1499
-0.8778 -0.9049
6.6373 -3.3436
9.9890 7.5354
-0.7849 8.9470
3.7722 -0.9646
-1.1247 9.2897
6.8163 3.1605
2.3590 9.6245
8.7427 6.2905
4.6827 -1.1378
3.6068 3.3811
11.9074 5.3763
-0.9179 -0.0457
4.6477 4.6481
8.5127 3.8587
-0.9424 7.7403
-0.7939 4.7500
8.8257 -1.7286
5.5083 1.5691
7.3302 4.3977
4.5984 0.7994
7.2222 6.7434
6.6500 5.8776
-0.7754 2.4593
8.5642 -0.9744
9.3272 -0.9037
8.8929 -0.9172
-0.9586 9.7526
9.8039 -0.7981
7.9342 7.5077
3.0075 3.9686
11.8575 3.8349
5.8146 -0.9222
-0.8977 6.4395
2.9571 4.3197
7.1370 -1.1223
11.9305 -0.9788
5.7809 2.8118
-0.9026 10.2434
8.2485 -0.7606
11.3313 3.2983
5.3139 4.3179
10.0457 7.1567
6.5972 6.1914
7.3800 -0.9307
-0.9348 7.5969
4.1302 -0.7206
8.1533 4.0194
6.5626 10.2428
-1.1528 5.6097
10.9476 -1.0824
-1.0718 6.8490
4.2284 6.5553
1.2863 2.1183
11.7181 12.0724
7.1163 5.4697
-1.1020 9.1989
-3.3612 -1.3071
4.0530 -1.0026
9.2959 6.1554
11.5817 4.7653
-0.9217 12.1154
10.0409 5.2391
5.7414 7.4692
6.3265 10.8009
11.2618 -0.9221
-1.1669 7.0147
8.5908 4.9861
6.4577 6.9722
-1.1549 6.8830
-1.1064 -0.9251
10.5147 0.1701
11.2037 -0.8893
-1.0315 10.3187
-0.7126 3.3686
-1.0930 6.0013
5.7864 -0.9329
-1.8147 -0.8817
-2.4955 4.2063
5.4331 7.3601
-1.1890 3.1421
0.6853 8.9018
-1.2115 8.2835
5.2961 11.5985
-0.7800 -1.0996
8.6314 8.1065
5.8747 6.1776
-1.0854 3.9477
4.4283 7.3258
4.6349 -1.0393
7.9526 8.0168
-0.0330 9.8554
-0.8266 -1.0901
2.8637 4.6963
6.1596 6.1962
-1.0520 3.7985
10.9801 -0.8367
10.2801 7.9009
4.8381 -1.0678
1.2751 -1.2162
9.1061 -0.8557
9.8189 -0.8195
6.0489 1.7811
12.2418 -0.8074
4.3699 -0.9213
-1.1162 -2.4064
6.0086 -1.0545
3.7802 8.2427
1.6865 6.2800
-1.0917 8.3536
9.2135 6.3983
2.1130 -0.0880
5.0228 -5.0072
6.8588 6.4004
2.6202 10.5331
-0.9528 -1.0437
9.3448 6.9510
7.9102 5.8809
10.7776 7.4708
-0.8890 5.6008
11.1679 4.2206
-1.1487 6.7569
8.1450 -1.1909
-0.9257 12.1378
-2.9718 2.5104
6.0969 6.4520
-1.0042 4.2752
-0.9445 7.6650
-1.0481 6.9963
3.0392 7.9978
9.9979 -1.0314
5.6181 9.6225
4.1845 8.2009
-1.2460 6.2808
4.9939 -0.8773
-0.7291 -1.0365
5.6397 2.6648
10.1772 0.3839
7.9095 8.5649
4.5072 -1.0048
-0.8694 7.2981
6.3252 5.9032
6.0882 -0.7745
-1.0236 9.4649
9.0563 -1.2120
7.3753 9.8021
-3.5989 10.1023
4.2172 -1.0753
4.4748 -0.8065
3.9775 4.2760
7.1973 -0.9889
3.8191 7.4704
-1.2062 -1.1469
6.1798 -3.1170
5.1565 -1.0682
-1.3625 3.0323
8.5962 10.4079
-0.8591 4.5349
8.6676 5.2260
7.8576 -0.9704
-1.0396 3.0757
6.0151 7.0225
4.3895 -0.9189
-0.7737 -0.9876
7.8632 4.0117
3.0485 -0.0180
7.1304 10.1033
3.1445 5.4351
12.9499 2.0049
8.2087 3.6091
9.0729 -1.1187
11.8528 -0.9383
-3.6891 -1.1549
10.5326 -0.9751
7.5810 8.7876
7.0374 -0.9466
6.6349 -4.1338
-1.2382 8.5118
-1.0498 -0.9573
-1.0172 -3.4305
5.9193 -0.8644
-0.8544 -0.7671
9.1788 7.5602
6.1467 6.0390
-1.1642 8.2018
-1.0066 -1.1651
8.2303 -1.2069
6.0478 2.3552
3.0373 9.7939
5.2788 6.0176
5.8681 -1.2962
3.4258 -0.9594
11.4217 3.7835
5.4614 -0.9086
4.7781 4.7973
8.4487 4.9357
-0.7503 10.3883
8.3091 1.4157
-1.2574 0.3200
5.1541 10.1750
3.1120 2.9765
3.7921 -0.8407
5.4152 10.5171
7.2916 -0.9593
-1.2435 7.5647
6.6939 -1.0909
8.3450 6.3249
1.4005 3.2006
-0.9265 3.0919
5.2149 7.6437
5.3971 4.5126
9.2658 7.9501
7.6100 -1.2322
-0.7289 3.5028
-0.9241 9.3652
-0.9360 4.1487
7.5677 7.5367
3.5655 1.8405
-0.9935 5.6363
-0.9533 8.6003
-1.0111 6.6550
6.4278 -0.8068
11.3993 5.4627
4.3672 9.0175
-0.5823 -0.6473
-1.1113 7.9988
6.0242 1.6405
6.9380 3.3969
6.7206 -0.7433
7.5227 0.5345
-1.2134 7.6736
-1.1671 -1.1085
2.5511 -2.7069
-0.8382 6.6289
8.0179 9.8692
4.2601 -1.1078
8.8494 -0.8534
5.5665 -0.8241
3.5861 2.3744
7.6373 7.6716
7.4265 -1.1123
4.5257 -1.0085
11.0534 -0.9576
10.1371 1.9320
3.9837 8.5574
3.9848 8.1878
12.2569 10.2952
-0.8297 0.2614
9.5508 -0.8813
-3.6878 -0.9557
13.0506 1.7004
7.1044 -0.9714
-1.0490 3.9391
-1.0575 5.5499
-0.9792 5.1383
7.1966 5.0078
8.0037 -1.0837
0.5145 5.6339
1.4273 -0.9117
7.8424 11.3161
10.7223 8.3920
-0.9442 -1.0015
7.5041 -1.2515
-1.0569 5.5845
-1.0779 3.4203
-0.9648 6.9887
8.2989 6.9462
-0.9990 3.8881
-0.2100 10.7165
0.2048 10.5196
6.3757 -1.0187
-1.0164 -0.8176
4.5790 -1.0778
2.9300 4.9052
10.1890 8.5754
10.8022 8.9664
7.1004 -4.0243
-1.0894 -0.7610
6.3365 5.8517
-3.6697 7.1462
7.9729 6.0212
3.0113 5.9799
9.2461 10.4793
-0.9331 11.1738
6.0534 5.4271
7.0008 9.2003
0.8101 -1.0897
6.2921 -1.2591
5.0893 10.6437
8.4628 -1.0162
-0.8159 -1.2060
2.8877 -1.1034
-1.0310 12.3041
-1.7026 7.2374
-3.0955 -0.5369
3.7151 8.3147
2.3371 10.1502
12.5435 6.3938
7.8882 -0.9562
6.1883 13.1546
7.9294 7.4815
8.7456 0.3842
8.2272 -1.2026
7.9869 -0.9342
-0.7976 5.6788
5.9171 11.5886
-1.0933 3.0305
-1.0185 6.8626
6.4087 7.1824
1.0027 9.5507
2.9890 -1.1579
-1.1774 8.9414
9.1717 2.9212
7.5247 3.4330
-1.1172 3.1231
4.2304 -0.7364
-0.9042 6.3836
-0.9500 -0.8592
-1.0202 1.2472
3.8083 6.3210
3.7904 9.7406
0.2734 12.4665
9.7148 3.6687
4.5696 -1.0042
9.0955 -1.1439
5.0557 7.3149
8.5858 -0.9409
7.3992 7.5283
1.8564 -1.0181
6.8160 12.3026
12.5691 9.2654
1.4714 9.8758
9.7529 10.1114
3.6521 6.7583
8.7181 7.8788
-0.7608 1.8056
-0.9133 -3.7128
-0.9491 6.9637
3.7656 6.9750
7.1094 4.4318
9.2271 10.6976
2.7376 -1.1420
3.9376 7.1475
9.0731 4.0918
6.1470 9.1030
9.9392 -0.2179
0.9948 -1.0937
2.6950 7.3356
9.6523 9.2693
-1.2263 -3.8683
8.8629 4.6210
3.2826 9.6855
4.6528 3.7651
-1.1292 5.3575
5.6370 -3.7997
0.0797 2.3939
5.2130 -1.1686
4.2271 5.5520
2.9476 14.2793
-0.9698 -0.9188
5.7184 9.3891
3.1524 6.1508
5.2862 -1.0145
4.1770 5.8139
8.9191 -1.0613
8.3178 7.9802
7.4173 7.5697
5.2648 -0.7585
-0.8633 -4.9542
8.9965 3.4009
2.8193 9.3383
7.5619 5.5219
2.6573 -1.0968
5.1901 -1.1131
3.0435 5.1107
8.1923 5.1922
9.3544 11.1371
-1.2425 0.7512
1.7255 9.3902
7.9932 -0.9690
4.9332 0.1544
9.3771 6.4497
4.6339 7.5351
5.6284 2.7261
5.8890 10.1849
14.3041 -0.9110
10.3022 4.6777
9.6161 3.8390
3.0483 8.5206
6.2074 -1.0181
-0.8105 5.8803
8.6229 5.5278
4.4562 6.1616
-0.7384 2.1714
3.0318 3.2037
-1.1062 3.9133
1.7570 9.1070
8.8858 8.5068
-0.8712 9.9839
9.2108 -1.0102
8.8746 9.1559
3.5905 10.3963
7.5081 4.5951
-1.0509 2.9542
7.1597 -1.8956
-0.9048 7.2491
6.1382 -0.9988
9.3626 -0.8417
7.4021 -1.0517
10.2282 10.4957
5.5074 -1.0793
8.0640 -0.7413
9.8047 5.1161
3.0037 -1.1092
11.3878 5.3840
-1.1970 -1.1527
9.8741 -1.2126
-0.8784 6.4611
-1.0990 7.2523
8.5473 8.0777
2.7103 4.8299
8.1470 -0.8568
-1.0956 -0.9203
-1.1512 11.5370
7.3825 -1.2724
11.8624 8.9951
-0.9355 4.1551
-1.0360 -1.1375
7.9029 -0.7942
8.7509 4.6786
7.7877 5.5348
-0.9221 -1.2576
11.4034 5.6188
7.3891 -1.2085
10.5869 6.1908
3.5127 4.4763
4.6353 8.3931
8.0759 4.0513
4.6316 10.7203
3.1280 2.7683
8.2388 9.8941
6.6130 9.7673
-1.1538 10.0725
8.5108 -0.9020
9.2452 9.3194
8.6600 -0.9548
-3.4834 0.0516
10.6655 8.3858
1.8735 -0.7737
5.5994 6.3786
8.6359 4.4979
7.4527 8.1705
9.3694 3.4312
10.9354 8.1024
8.4518 -1.1154
4.4511 3.8022
7.1441 8.3094
5.3776 -0.9541
-1.5386 -0.9244
-1.0246 7.6217
-0.8595 8.9137
9.2018 -0.7274
10.5632 -1.0623
3.7933 10.6204
-1.1266 12.5386
-0.8784 5.5391
8.2343 6.6386
9.1206 -0.9093
4.5874 0.8787
0.1599 6.4153
8.7736 6.6579
8.9114 9.0820
3.1949 3.2021
-0.8268 -0.8270
8.9422 -0.8688
8.4220 4.9160
2.2807 7.7511
8.5336 9.1304
3.1596 8.5816
7.5067 3.8501
8.0101 8.7270
-1.1626 5.4513
5.7301 0.8930
-1.2578 9.0698
-1.1487 10.3548
6.6132 9.7221
8.6609 -0.9331
6.0482 6.6528
-0.8592 6.5390
7.8203 -1.1484
9.2649 -0.9851
-0.9847 5.7412
5.1398 4.8769
1.9065 -1.1020
-1.0992 5.0865
7.5244 6.0968
1.3998 5.2096
-0.9503 -0.9814
10.6026 2.7685
9.6158 9.1761
8.2302 7.0271
9.0897 4.3970
7.9508 7.6938
6.5529 7.0408
-1.2227 -0.8849
7.6338 -0.8979
11.1403 -0.9412
-0.9052 -0.9755
7.8153 7.8115
11.5286 6.5532
6.5450 -1.3997
-0.7231 7.7821
-0.7996 6.2510
7.2669 0.6574
10.4138 -0.8166
-1.1880 3.3841
5.7529 -0.9430
-3.2091 -0.8661
0.8873 8.8895
7.2064 4.3421
5.8952 6.2287
2.2610 4.7467
2.1032 10.6591
6.5363 8.8476
-1.0900 10.2429
-0.6985 6.5786
5.7616 0.7301
-1.5585 -1.0879
-0.4471 8.3398
7.1738 9.5485
10.2125 -1.1035
9.1521 9.4794
-3.4917 -1.0266
-0.9086 2.8017
2.5366 3.4005
1.9722 6.5141
9.2688 7.1097
5.1464 13.6234
9.6977 5.4739
-0.7762 2.9448
10.3775 4.1660
9.7611 -0.6862
4.4738 -1.0597
3.0939 -1.0247
3.5055 9.4128
-0.8124 -0.9600
7.3487 5.1030
8.5705 3.0849
8.7807 2.1377
-1.4087 3.6377
3.2774 -0.9337
-1.1050 -1.1887
9.5365 8.7803
4.9571 3.0151
6.7600 9.7974
1.3820 8.0156
10.5557 3.5252
7.6418 8.5128
-0.7026 10.9833
6.6571 -1.0912
-1.0994 4.0026
7.7022 7.1220
10.6308 -0.8259
1.1738 -0.8954
-0.7999 -1.1765
-1.1007 -0.9687
5.5062 -0.8617
-0.8496 8.7318
-0.9987 -1.2094
7.0409 -1.0488
9.4194 9.2664
-1.0498 9.5581
4.0002 6.7996
-3.3225 8.6216
-0.6663 -1.0397
-0.9031 4.3018
4.3510 9.8214
2.0842 8.3698
-1.1709 5.8197
9.6834 12.5248
-1.0629 -0.8034
6.8876 7.2715
-1.2038 10.4190
5.8826 -0.9754
5.0617 7.9984
-1.2126 5.5238
12.3473 -1.1621
9.4924 3.6848
-1.2396 -0.9674
10.7719 -0.9456
-0.9615 8.6876
2.6041 5.8811
-1.1079 3.7402
11.7914 7.6478
6.2719 10.1294
-1.2239 -0.9243
8.7954 0.8451
6.7690 7.9540
9.1309 1.0460
4.7211 -0.8653
6.0660 7.4632
4.8114 4.3669
9.7997 7.0148
8.9865 4.6204
3.8781 -0.9686
7.0754 0.9236
-1.0181 7.3407
7.1159 -1.0068
7.1381 -0.8430
-0.7826 -0.6111
8.9919 -0.8984
2.9729 -0.8658
3.8939 2.1002
-1.0103 5.8254
4.5977 -1.0948
8.3398 1.2632
-5.4455 -1.0100
-0.9405 -1.1605
2.0555 -1.0725
3.0283 4.8168
9.4020 7.8441
-1.0785 1.7516
-1.2135 2.7057
9.3656 2.3922
3.3958 10.4351
6.6764 5.6831
4.5844 7.8429
-1.1452 2.9375
5.1592 6.7544
5.4465 9.7962
8.9910 6.4927
-0.9343 -1.1026
-0.9219 9.3948
8.6850 6.4073
-0.9750 10.4090
8.6350 10.9286
6.5380 5.5889
-0.9764 -0.9044
-3.3531 5.4764
-0.7646 -1.1603
6.5602 7.5394
3.1904 -1.1191
9.9019 5.2378
8.7908 -0.8959
9.8571 7.0344
7.6572 9.6698
-2.0163 3.1037
4.3797 -1.1482
5.9502 4.0709
6.2498 -0.8082
7.6414 -1.2163
2.0548 5.4471
-0.9670 2.2925
4.6036 7.9000
-0.9867 1.2869
2.2413 10.8471
9.5891 7.4113
5.9876 4.9363
-1.2516 6.7179
5.6875 4.3927
2.5917 7.1918
4.6243 9.6353
1.8640 -1.2073
-1.1390 -0.8915
4.0684 -0.9761
-1.0164 10.4328
-0.9144 1.7653
4.2433 5.4912
-0.9732 8.8541
-1.0195 -0.9597
-1.2573 6.5545
6.9738 -6.0143
3.2841 8.5154
0.1339 3.0268
-0.8068 9.1336
-0.9335 -1.0835
8.7339 8.8094
-1.0162 9.8415
7.3307 -0.9869
-0.8413 9.5322
-0.9357 2.0878
7.7411 7.1602
6.2564 5.1824
7.0715 3.3967
-0.8666 5.4354
10.8904 7.5057
6.7631 4.2786
-0.9652 -0.9659
2.6467 -0.6587
-0.9579 10.2865
10.0496 -1.0422
-1.2106 -1.2000
-1.0064 2.4707
8.4302 -1.2268
4.9464 9.7360
-1.1815 7.0122
4.8590 6.6763
-1.1022 4.8050
1.5639 5.0090
-0.9471 7.0396
3.3651 1.5499
-0.8836 -1.2524
10.9728 5.3234
-0.9351 10.0653
-0.7555 6.5008
-0.9700 1.5442
-0.8618 11.6228
2.4638 7.0250
11.2326 8.8481
9.7660 7.7582
-0.8926 6.3225
3.6513 6.2120
5.6732 -0.9315
11.4878 -8.1810
2.3810 9.7102
-0.8864 5.6581
1.3412 7.0616
6.4027 8.3595
5.2189 -1.0526
7.6303 -0.7155
6.7653 8.4690
-0.9128 6.1545
4.4385 7.3748
-5.6007 6.0647
9.7251 7.9584
-1.0726 -1.1689
6.5076 3.8209
1.6104 1.8110
6.4105 -0.9147
-1.1672 -2.0894
5.8599 -0.7784
3.5251 10.8944
8.9940 2.6561
4.8104 7.6757
-1.0039 6.9859
5.1714 -1.1588
-1.0605 6.4969
10.1602 -0.9955
2.0034 8.4666
-1.0681 3.2683
6.0158 4.7195
9.4177 -0.8683
10.5237 4.1112
-0.9971 8.5683
-1.0422 -4.4733
-1.2547 7.1169
2.4452 -0.0839
9.5109 7.7414
4.7945 6.1323
-1.1896 8.2681
-3.3966 11.3652
1.8773 9.0833
1.3385 -0.9635
6.7106 10.7057
7.1922 4.3162
-1.0675 4.8416
11.0010 10.0535
3.3305 10.4157
-6.0701 6.3069
8.8350 7.1992
7.9422 5.3524
9.3685 7.5027
9.2861 9.1548
-2.2633 -1.1478
1.0989 -3.0043
-0.7755 -1.0479
