5
2.0923 4.9945
9.1184 8.7972
1.2365 9.4140
9.2493 0.9064
5.0919 2.9017
0.8863 -3.3931
9.0438 10.3438
-5.7555 2.6827
4.8974 9.9031
1.4952 -2.1932
2.6714 8.4580
10.7371 0.8232
6.5158 6.4336
11.3167 1.6639
-2.9526 6.6267
5.6716 7.6718
12.2620 3.9288
10.9611 7.1616
7.9207 -0.6196
7.6260 -0.0608
0.1189 2.2392
9.0231 9.4511
-2.3605 7.9056
9.2836 7.0241
-6.2670 8.1320
4.7239 5.5997
-0.0674 7.6006
10.4024 10.5681
8.6624 9.8175
3.2686 10.0223
-2.7066 2.9497
8.5350 8.1740
8.9939 6.2977
9.0391 -1.0256
1.6612 7.3309
8.8909 1.0369
2.7403 1.9315
11.6032 6.6743
9.4714 6.6483
6.3258 10.7008
0.1576 9.7250
9.6467 -1.5410
3.5540 8.2976
-5.0985 -0.9750
10.0407 9.4462
10.2699 1.6947
7.8732 9.0517
0.9057 5.0540
9.6487 9.4208
1.6562 7.3956
4.8944 0.3332
-2.0450 7.9175
2.5883 11.0312
10.5371 7.9645
9.9161 8.9242
2.3217 -3.9130
2.0938 1.2049
8.2665 9.1417
9.4891 8.2192
7.7173 9.1858
-3.7427 5.5946
-2.2812 -7.0365
2.3853 7.5629
9.3821 -0.9409
-2.7236 -0.9668
2.7875 -2.0551
0.8474 -1.6756
8.0604 9.0209
8.6052 7.6920
6.6375 -0.2442
4.3159 4.0124
5.3211 1.2490
9.1289 1.6358
7.4913 10.2831
2.5805 7.0172
-4.5076 9.3785
6.0806 -2.8284
1.9936 4.0087
8.0545 3.7659
0.4310 9.8534
9.7596 10.1273
-0.6987 -5.4211
6.1640 8.2948
-6.0770 -1.7644
11.1206 6.8917
5.3253 8.1468
4.7032 0.2397
7.7415 7.8927
8.6531 8.0412
-4.9975 0.0300
6.8370 2.6143
1.4658 3.2017
6.7993 7.5717
2.0162 8.2574
4.4328 7.8488
9.6636 9.3666
7.0124 10.6789
1.7482 7.8729
5.0818 8.0034
-0.9865 9.1865
8.7398 -7.5524
7.8091 3.7638
8.8236 -2.6890
11.2303 -7.9266
7.9716 10.1017
9.7931 0.5867
3.8148 -7.6058
7.5134 2.9371
8.3423 8.9408
1.8422 9.9066
3.0675 4.3807
5.5970 -4.0423
4.1142 8.7697
2.0624 -2.3347
0.5278 -2.7137
3.4938 9.3859
-0.4007 4.5142
2.6479 7.7846
-9.9555 7.5933
-0.7686 9.6726
10.6704 0.4517
1.8027 4.1496
10.6078 3.3070
-1.7736 5.8533
2.5034 -5.4358
7.8577 6.8750
6.6825 2.6910
-4.0233 10.7078
-5.6497 3.8718
4.0626 -0.0879
9.7288 2.0553
8.6963 1.1678
-1.4315 4.9266
3.9417 -2.5989
1.9223 -1.0515
3.4687 -3.8537
7.6272 2.3815
2.5737 9.8387
-0.6840 7.2389
0.1262 7.8300
-2.4881 10.0541
4.0733 10.6290
-0.4957 10.7546
1.0224 1.9028
8.2215 -0.5165
9.2346 7.8427
-5.1001 4.1087
9.1170 9.6082
-9.8266 3.7741
1.6806 9.4583
3.7334 -7.4827
-0.4981 0.4131
3.9296 1.9436
7.4322 9.2624
-0.9073 -5.0916
7.5250 5.8444
5.9495 -0.9148
-2.2987 10.0863
1.3712 8.9163
3.6585 0.9185
5.3732 -1.3401
7.0803 9.3818
4.4391 7.7064
-1.9319 8.5350
0.6106 0.5016
6.6612 6.2008
-0.6409 9.6246
4.0292 -4.7429
1.9929 7.3978
9.6271 5.2872
10.6654 9.1119
6.2006 4.2362
0.4741 9.6237
10.2085 0.8605
3.2416 0.5142
-0.7716 9.4328
8.2323 9.2931
6.1042 4.8062
0.0062 8.3926
13.4089 -2.4887
9.6593 10.3594
3.6738 -2.6522
10.4699 9.4427
9.2849 -0.8654
0.5636 5.9380
4.0487 6.4730
5.1891 9.3487
7.9755 10.5731
8.4796 2.3122
-3.7373 7.6130
4.2549 4.0317
6.4100 -3.5712
10.1495 0.2701
4.5591 4.3274
6.7138 -2.8098
7.4475 7.7166
8.9513 4.4172
8.9425 9.8000
10.1947 7.8387
1.1972 5.3144
7.8069 10.5255
4.1936 0.9278
4.1207 6.5963
10.5258 8.2576
2.0698 1.0184
5.3007 -3.1633
-2.3389 10.5009
8.5312 -2.3510
-5.0873 -5.0306
0.4618 4.4332
-0.7936 -0.4362
-1.1290 10.1730
11.6974 8.0963
0.2278 2.8097
1.7280 0.0589
3.9441 3.1404
4.8266 4.0791
0.4572 6.4572
-0.2577 9.8139
-3.2163 -3.3536
9.0138 -7.1562
3.7864 11.8218
-1.2279 6.4834
-3.1211 -0.6446
4.3914 1.4847
9.8598 3.2218
2.3728 3.1427
10.5303 7.3568
-2.8799 4.0898
2.1419 7.7252
9.2706 8.1303
8.4728 7.2044
4.6954 7.7722
0.6401 4.0127
8.2147 8.4142
-2.1825 10.5593
0.0913 0.9086
7.9824 -1.1508
3.8854 9.5640
-3.8379 7.1064
7.8225 3.1490
9.9538 -5.7584
7.9111 7.0995
9.1718 3.0389
3.8925 5.5004
5.8142 -6.0384
0.1069 1.0136
3.1898 3.6781
8.5520 9.2103
2.4256 -2.6205
5.0091 10.1171
5.3914 -0.2264
-3.7305 6.9140
6.9177 8.2417
-0.2251 -3.2292
8.7432 1.5563
10.4223 -5.5376
5.1525 3.2774
4.6964 11.8205
-3.2342 1.9189
-2.2514 2.4682
-1.7449 5.1722
0.1459 9.4868
8.8020 7.5757
0.9638 -6.7608
-1.6313 8.5907
7.7649 2.2598
8.0810 -7.5972
9.8349 2.8615
8.2120 4.2782
8.8019 1.6298
-5.2968 5.4068
4.5442 2.7868
2.3122 3.4596
9.1786 8.1287
8.1559 -4.1107
1.9373 4.8109
8.5930 10.2064
2.5445 9.9294
1.7268 1.3908
-5.8819 5.3343
8.8122 -2.1420
9.5735 9.9053
4.1856 7.4009
-5.5333 8.9708
0.7148 9.2784
-3.5988 10.2619
10.9732 -1.5116
9.0920 4.8092
-1.3640 1.1883
-0.5437 7.8172
2.0063 -1.6688
7.5647 7.7544
6.1285 8.9907
10.4665 2.0692
-0.1379 7.2839
1.7345 -0.5712
-2.1652 9.6782
3.9286 4.2043
7.2952 0.3553
9.0037 7.4205
7.2828 -0.1006
10.4417 9.7366
-2.1833 -1.9837
3.6907 8.4908
2.4780 9.0191
5.8614 3.7183
2.1837 6.3357
-0.6823 1.8461
2.9283 2.3756
8.9217 9.0909
6.3267 -7.3241
9.1548 2.9611
7.2116 9.0018
5.9260 6.1383
9.5088 10.2019
8.5875 9.5708
9.7933 2.8577
8.3086 2.0255
1.3213 9.2399
2.8294 -7.9407
-3.8282 -1.1643
1.4126 6.4092
-0.2423 9.2950
3.5015 3.3853
9.1770 1.8514
9.2966 10.9820
-0.7327 10.3171
-4.2235 7.5272
0.0725 8.9363
5.0249 10.1162
2.9971 -0.0943
7.8199 -2.2825
2.7529 0.9266
8.5028 4.0921
8.0827 -2.9324
-4.4100 2.2774
5.0697 9.3402
7.6945 4.3511
10.1833 -0.8635
7.4276 7.2451
3.7062 3.7622
-0.9654 4.9635
-1.5246 10.4822
8.7613 3.3460
6.6988 8.4389
8.5143 7.9054
10.2239 1.7092
0.7074 9.2358
-0.5265 1.2063
0.7686 8.3706
-0.0668 10.7465
1.2144 -0.5736
4.6026 4.3419
-8.3215 0.9064
9.4087 3.8284
-1.3572 8.1328
2.9309 7.8913
3.0842 9.8859
7.7800 0.0231
10.4199 8.0175
4.1358 2.6274
6.1661 -0.4880
-1.7395 3.5400
-1.1796 10.2475
2.1981 0.7286
-0.9404 9.0320
10.1217 8.6367
6.9035 2.5905
-3.2348 4.9193
-2.6767 2.3193
8.2179 8.2420
0.7144 5.0139
4.5374 2.7545
5.6598 -2.7811
8.4395 -2.9660
2.8438 9.0693
9.3624 7.3620
9.6922 3.9897
5.0677 1.4564
5.2201 -1.6993
-4.8537 10.8908
-1.1010 6.0458
4.7727 9.2280
10.2764 -0.7791
9.5492 10.4170
7.7787 6.4624
0.5618 5.8353
0.9816 7.6203
5.6570 4.7422
-4.9599 8.7437
4.1045 1.7762
-4.8825 7.4335
-0.1145 -1.3964
5.5824 3.4326
7.3490 4.9264
-1.4429 7.1868
5.5758 8.0750
2.1414 11.0940
1.2926 6.8527
4.1932 10.2668
2.1002 6.8776
-0.1767 10.3838
3.4692 10.7156
0.2524 5.1045
8.4055 -3.8977
3.5310 10.0524
9.4758 -4.0092
6.1188 -1.0558
7.2528 9.0724
3.9222 0.9103
8.2583 2.6645
7.5481 4.9725
5.8319 8.1794
5.7353 10.3168
7.1136 9.0052
3.1468 8.5830
9.6691 5.8510
10.0725 10.0594
8.7456 -3.7370
0.4827 6.3135
8.8482 10.3639
0.3919 4.7570
10.3501 4.0904
7.4231 0.5787
-4.5061 0.8808
9.2505 10.8519
3.1284 11.2756
4.7647 4.1168
2.4171 8.2767
10.4793 -3.9098
1.5586 0.3634
-7.2719 0.9880
7.4588 -7.5092
5.8534 5.1084
6.8287 2.7830
5.3465 7.9371
-1.5044 6.3282
7.4231 6.4465
5.2278 9.2397
7.3553 7.8684
0.1368 8.6440
-0.3974 10.7703
3.4550 -4.4233
6.2787 2.5804
8.7226 7.2963
3.4165 -1.4195
-1.4579 9.6105
0.3456 9.2855
2.4523 9.2372
5.7375 10.2178
5.4428 9.0512
10.4136 10.0032
8.5538 1.7527
9.0469 10.3072
-5.0565 3.4205
4.0952 9.8342
4.7005 -0.1517
-3.1948 9.6140
-0.2067 7.9060
9.0520 8.1634
10.4730 0.8472
9.1021 -1.5414
7.9189 -0.4322
10.3104 6.2505
5.7347 -7.8395
9.5067 4.0962
8.2922 -3.5266
2.7030 -0.4052
11.8355 7.9067
-4.6068 -2.6525
-3.9337 -4.2839
8.9080 -4.0599
9.1957 3.9197
10.7483 9.9115
0.4986 -2.5746
-0.8492 8.4183
4.2949 4.8064
9.7435 9.4379
10.1875 -3.5096
10.1440 1.1543
6.2760 -10.7852
8.2918 6.9611
-0.4220 0.4415
9.3109 1.3213
6.8465 -2.2462
-2.0464 8.3188
7.3992 -0.1489
1.5966 5.5932
8.5665 6.4957
2.0852 7.3710
-1.9505 -0.2384
9.5029 -1.0583
2.8499 3.1283
9.8946 9.7008
-0.8335 1.9056
3.0101 10.0478
8.6165 -2.5684
8.9443 9.7484
-1.1752 7.4243
5.0581 -0.0315
0.6479 7.7866
8.5487 1.9791
2.9968 0.2357
2.1775 0.3355
8.7003 8.8197
8.6294 7.1011
-0.1977 1.6147
3.3328 7.7674
-5.6312 -1.6278
6.8951 1.4947
8.5049 5.7666
1.5550 2.3539
5.8852 9.3664
6.6120 9.5001
7.9426 -3.2731
-7.7300 5.1145
1.1222 -0.0503
11.7688 3.4819
9.8404 8.7367
-0.2714 4.8659
7.6748 0.9004
8.0137 9.9922
-5.9853 5.8726
3.5790 4.5660
0.3659 8.2472
4.0708 0.9273
9.3213 4.0500
1.7350 1.8773
7.0102 6.5568
4.5859 -4.0347
-2.2937 3.1140
9.2336 -3.7721
6.3566 -2.1244
5.2302 -1.2200
0.6883 9.6913
4.2596 -0.6022
-1.7546 9.7055
-1.4403 1.1161
-1.7166 8.7661
3.1841 9.9642
10.7654 3.7801
1.2456 9.4060
7.3492 0.2447
8.2324 -1.1660
0.4512 5.8764
-1.5069 4.9648
8.5736 5.9244
6.8974 6.3008
-2.8132 8.9272
4.7247 1.8620
3.1115 3.1662
9.9528 -5.6122
10.9691 4.0077
9.6579 9.6681
9.0223 -2.7374
-3.2346 -0.5555
7.9132 3.9321
10.2992 -4.5823
7.2594 -1.6244
1.8029 5.3070
9.8070 3.8325
1.6917 -3.7649
3.8547 3.3772
3.5457 10.0775
5.0155 -1.6426
10.5534 0.2472
9.0299 1.4283
7.0679 10.0720
1.0054 10.1492
8.4213 8.6528
9.6223 3.6221
2.9868 10.5782
-0.9206 6.1326
9.8401 3.2414
7.7503 7.9634
3.5336 13.2077
2.4098 9.3529
8.8047 9.2176
10.5184 1.7542
-0.1589 2.8194
6.2946 7.3366
-2.2439 3.5526
3.1795 11.7068
3.8176 9.3814
8.8068 3.7455
-2.7618 4.5656
5.1201 8.5917
10.6905 5.2467
-1.6023 9.0274
-0.6650 -4.1147
11.1045 5.3653
8.4466 8.1028
0.3988 -0.1256
1.9644 9.0782
6.1106 8.9720
4.0535 6.8860
9.7238 0.1777
1.4396 7.7383
10.2628 7.0886
10.9910 5.1299
8.7465 9.3458
10.3499 5.2556
2.3485 -6.3786
9.7436 2.0229
7.7902 7.9465
4.0946 -0.2128
4.0916 1.9195
4.1088 8.5080
-6.1230 9.9660
7.0925 3.4426
5.9275 1.4457
10.1059 -0.3279
3.0431 -2.9595
9.3505 -0.3682
-2.5733 2.7020
8.6367 7.3833
2.4058 4.3294
1.6753 -0.2032
5.0276 10.9959
0.2395 9.7848
9.6007 -0.2749
5.9052 7.1000
6.5446 -2.1045
2.9966 0.1017
9.4876 -5.9508
10.6885 8.5938
3.9930 6.8720
2.2944 4.3393
-1.6173 4.3978
11.0275 9.9228
8.6252 4.1702
1.7031 7.8155
-5.3852 2.3782
-6.7683 10.1124
0.8633 2.7464
-1.5298 7.5620
7.6613 -1.7809
-0.0071 11.3585
6.6797 8.6451
10.3643 -4.8491
9.9856 -1.0764
6.0702 5.8467
8.6112 -1.6959
-0.9058 3.4722
-4.7882 7.5023
11.1694 5.4904
4.7850 0.2534
-0.2896 6.0850
-2.4739 5.0527
10.1261 5.5438
2.4624 9.0679
-2.1950 6.8513
8.7108 7.5576
6.3323 1.4371
10.0407 9.6342
-6.4360 5.4953
8.4332 1.4562
9.5137 9.6430
9.0546 3.4349
7.2561 -0.1452
5.4396 1.8896
1.2717 -5.5360
5.2359 7.0216
6.6679 6.2544
3.5194 2.0940
-8.3885 4.3051
-6.3199 7.0689
7.4314 0.1404
5.5642 3.9282
8.7468 8.1385
4.1947 1.2817
8.8210 1.3982
-7.9175 -1.8901
7.4063 9.8524
9.0117 2.7328
8.3860 7.7850
8.5939 0.8586
-2.5500 9.7473
8.8832 -0.2484
8.8609 2.0590
0.6401 -3.7132
9.0060 -1.5277
-2.8090 5.7583
2.5873 4.3539
-1.7588 8.3689
9.3214 2.3821
9.1862 6.8440
-8.8239 -1.2485
6.1348 8.1198
3.8493 -0.9108
8.5022 9.7196
9.8481 9.5277
7.5791 9.5505
4.8948 3.1739
9.1193 6.8983
10.0187 -1.8903
3.5205 -3.3337
7.9585 11.2392
5.1313 0.8359
5.6809 8.1234
4.0707 3.3075
7.5615 3.6758
9.7351 3.9721
-2.0899 3.8281
5.9038 5.5067
-0.5443 10.0031
7.3679 -3.3585
-1.7191 7.6104
2.2980 9.4176
5.1131 9.4367
1.7591 5.5258
7.3360 8.0926
-7.6325 8.9145
-3.6569 10.4968
5.7352 3.7747
2.9290 9.5277
4.1223 7.8129
-4.8076 7.7736
5.7647 1.5091
9.5149 10.2005
9.9928 9.5668
9.4691 -1.5925
2.0015 9.3367
-4.3475 9.5605
0.8398 6.2908
9.5126 1.9391
10.8015 2.6295
8.5163 -4.3127
8.8319 10.0820
4.3671 10.0521
6.3082 5.3605
-2.8535 8.9827
10.2211 6.3900
7.5863 5.1006
-2.0112 -2.6226
8.5026 -1.5819
0.5264 -2.1812
0.6734 8.9822
3.1100 8.6634
8.2864 7.5526
-4.7210 -8.5029
3.6203 9.8865
6.4400 6.3368
3.8405 9.9812
9.7007 6.6596
9.6512 2.4794
-3.1934 6.0881
9.7035 -1.0877
7.6981 9.0166
8.5238 9.3378
-0.6970 3.2860
9.5439 -8.4913
8.0933 4.8304
10.3578 9.8967
2.6853 9.7086
5.8904 2.0676
11.2432 4.5739
7.7246 0.7062
8.1019 8.1729
10.4112 -0.7509
9.1791 -1.8508
4.7079 4.8238
2.2628 2.6132
-2.6252 -3.2116
2.7917 11.2904
6.7913 8.6188
7.2352 8.1105
-2.1949 8.9947
-3.6706 6.7514
4.9900 -3.0320
8.1567 0.8315
7.3376 -9.2169
8.1764 8.6958
8.9920 -0.7686
9.7601 10.1490
7.4782 8.7169
8.7032 7.9031
2.5322 2.2513
10.3534 3.0293
1.3445 4.6322
4.7092 4.4344
6.1628 -1.1949
-2.8668 6.9462
6.5411 11.7859
9.2355 9.7813
1.1573 0.7349
-0.8484 -2.8465
2.5518 9.7883
-9.1166 -0.5363
8.4506 -0.8265
2.5536 -3.8435
9.0675 8.4375
-0.8853 3.4030
2.2880 5.8860
10.1174 10.0639
7.3164 3.4747
1.3093 0.0889
10.4518 0.1743
-1.0580 -1.3768
8.3714 1.6647
1.4085 -1.7159
2.8981 9.7333
2.5727 8.8211
6.2222 -1.2495
7.7957 9.5208
4.8462 2.1283
5.6943 2.1648
10.0490 7.0840
8.7194 8.0734
-6.8656 7.5009
3.9295 -0.9170
5.8328 5.4524
10.0308 -3.7284
8.7680 11.2204
4.0109 -2.3526
1.0235 7.2436
11.3599 5.3567
5.5826 1.0725
8.6974 1.4549
-1.3055 -3.3306
4.8178 -0.2126
5.0517 1.5677
-8.2995 0.6383
-0.7550 3.6628
2.0466 5.1253
-0.8718 8.1826
2.8405 8.7957
8.7070 8.3293
4.6130 8.5584
2.6478 7.2016
0.3152 5.2690
0.3606 1.2338
6.9978 5.2053
8.8474 2.5363
7.4508 1.6260
-3.7386 2.2931
6.6605 8.6810
2.9954 5.8015
-0.5716 -1.1494
1.6128 2.4625
5.5349 9.4928
3.2770 8.4772
-2.4443 1.3289
8.8012 11.0006
10.0067 0.3165
-3.8169 3.2474
2.8931 -7.6363
8.9573 -2.5629
2.6718 7.0826
3.7018 1.7734
-0.6609 10.5683
9.4251 -6.3526
2.3483 10.1028
5.6329 1.2575
1.6197 7.1252
10.3585 9.2882
0.3091 8.9236
8.4133 9.2647
11.6235 5.5889
9.8151 2.7378
2.7399 9.2452
5.4848 0.6065
8.9865 8.4735
6.3775 6.5673
5.2907 -0.0036
2.8469 10.7700
-2.1430 0.1697
11.1503 0.4042
7.2335 1.9400
6.0474 0.7049
8.9514 0.5148
6.4089 7.9370
7.9891 9.9422
9.7049 -6.9610
10.8361 9.8671
7.4426 9.6643
4.7002 9.6863
2.9420 9.6503
9.5486 9.5032
6.3155 1.5054
9.1255 7.3529
0.3684 5.4435
8.8613 -0.1750
2.1653 4.4081
9.2097 5.2041
-6.3580 -3.5204
8.8521 2.7039
0.5731 -0.8192
7.9911 4.4351
9.8650 9.0841
9.4588 9.6350
-0.0228 -1.0383
-4.8413 9.0178
10.8196 -0.0547
10.8912 1.3898
4.1285 4.9809
9.1852 9.3815
-3.0259 3.3500
-0.5367 7.7808
7.9436 -2.4154
9.2158 -6.6001
0.4875 8.5593
5.6114 11.3263
5.5076 1.5949
1.8520 8.6717
1.3354 -3.4943
1.6242 9.1399
-5.0086 4.8975
-0.5338 9.0647
4.3184 -1.1242
-0.4596 9.8525
2.7862 9.7109
4.4578 8.8860
4.0713 2.6932
4.4112 7.7269
4.9257 7.1943
2.0697 5.6725
-3.5713 -0.3137
2.0012 8.4096
9.8171 8.8421
5.1592 9.2080
7.6014 9.0685
8.4125 1.7393
1.8823 -1.4591
7.3930 12.0306
1.3951 9.4627
9.0964 4.2913
0.6903 4.1631
3.5874 4.6123
9.3607 3.8271
7.8167 10.1622
5.2323 8.3756
-0.3081 7.9169
2.3163 10.2303
9.3066 4.7472
3.8007 6.5412
5.2978 10.1510
-8.2604 9.8695
-0.4771 9.0478
8.8268 6.3406
8.3534 5.2828
8.6193 9.0657
3.9453 9.3247
2.6862 7.5571
7.7934 8.1360
8.2153 8.4104
8.3859 3.6295
6.4499 6.8457
1.2493 9.9532
4.5572 -2.0955
-5.9598 3.4266
7.6288 4.1363
9.7599 2.1664
0.9340 8.5804
0.2284 8.5038
0.7388 2.1328
0.4879 6.8257
2.1512 3.2935
10.4393 0.1099
8.1827 -2.3879
8.5158 9.4606
1.0611 8.1156
7.3077 2.3265
-2.2544 1.4102
4.3094 8.9790
9.4989 10.7212
9.6458 -0.3089
9.1011 -2.9756
10.1369 8.6783
8.1961 4.5188
2.3672 8.9720
7.9624 3.6807
5.3121 3.5684
1.4620 7.0023
7.9117 8.6877
-2.5708 7.6503
8.6839 -0.7469
8.6659 -3.0667
-0.7722 9.8258
10.6335 7.6669
-3.3893 1.9882
3.2142 9.3608
9.6791 0.2539
9.6937 5.3136
7.6811 2.2733
6.6850 5.0182
9.0706 5.6586
-0.3575 9.1052
1.8327 3.0721
7.6686 5.3824
2.7371 5.4003
6.8578 9.4289
1.0843 7.7873
4.1805 5.8483
4.4656 -2.6315
3.3313 10.5978
3.9456 -5.1307
1.5144 10.2072
8.9111 9.4601
1.6479 10.2885
0.6674 5.5275
2.4278 8.8889
-6.3801 -6.5509
5.7480 4.7408
7.4853 8.6641
6.1860 9.7043
9.7406 0.5799
0.3251 0.9323
-2.1323 4.1693
0.7881 -3.6648
3.8337 -2.6921
8.5890 1.7021
9.7821 -1.8075
5.9316 7.0018
-0.6296 1.7172
10.1370 9.7524
4.3966 10.2066
-0.8155 1.1435
5.5147 5.7958
-10.3398 3.2961
7.8276 3.0297
1.1815 -0.6191
10.6099 0.4837
-2.8872 8.5809
7.6987 2.7497
10.1118 1.6788
7.8188 4.9887
8.6754 6.9830
11.0043 7.3733
4.8467 2.2940
7.2442 5.3023
0.8599 0.9728
2.7155 1.9806
5.6730 2.8560
9.4576 10.7091
-4.0045 8.6067
1.4264 6.9171
-1.3111 2.8761
5.4558 9.9776
3.0714 4.4950
1.2937 8.1029
0.0043 9.0802
-2.0592 7.0903
1.0911 7.7792
4.5193 8.1870
9.4711 1.6214
2.2817 9.7493
8.3616 2.9464
7.2104 8.9190
7.1677 -0.4943
2.9868 -0.4180
-4.1555 4.6412
0.0984 9.8519
-1.7671 4.9490
2.2052 7.0018
3.6052 10.9200
1.4618 4.2883
8.1497 3.2543
9.7705 9.2442
8.3908 5.7015
9.7888 5.6287
4.6535 7.0041
-2.9973 0.2134
1.5438 3.1174
7.7528 -1.9577
7.7472 3.2119
9.2876 -1.2106
3.6676 5.1115
5.1229 1.8829
1.3214 9.1842
8.5014 8.7054
3.9683 0.9972
4.0738 8.7116
7.8317 7.4595
1.2589 8.3829
-3.1223 9.2059
3.5345 10.2167
-2.5268 4.9511
8.7953 10.5300
0.2416 2.9051
6.7933 0.0973
5.7559 9.7242
9.0506 2.5407
8.4374 3.2935
9.6106 7.4952
4.3017 -1.1333
2.5116 8.6264
9.6568 9.5999
7.6343 9.4539
8.9746 7.7713
9.1650 10.5074
-2.3669 1.9117
9.1690 7.2388
9.8935 7.4451
3.6577 9.3428
9.0348 5.8343
10.1519 4.0871
-6.5428 0.3604
7.5257 6.2991
9.1221 -0.4998
8.0401 9.0802
7.7844 3.3130
-2.6424 9.2201
9.8407 8.4775
4.9066 7.8230
1.9937 10.8423
7.7788 0.3173
7.4453 4.1043
9.5720 1.5192
-1.5211 3.8709
4.9411 1.3645
0.9616 7.9665
5.6678 7.0380
-4.7161 7.9419
7.7000 9.0127
-0.2455 10.7835
-0.7274 3.4431
2.3798 2.8322
7.8419 6.9824
5.1397 8.4479
-3.4697 9.0344
-2.0047 10.1066
5.7194 10.0027
-0.6868 6.6133
8.5860 2.3749
-0.7369 0.6806
-1.0994 4.9549
-1.0816 5.8498
9.7889 8.9491
-0.2544 2.5275
9.7209 0.6168
1.3698 0.3033
7.0185 7.7895
7.1494 -1.5766
-2.0612 8.7361
7.4149 10.2123
8.6417 4.1981
10.6319 4.1570
8.3219 2.7925
9.9323 -1.6677
3.9095 2.7530
8.1386 -0.3679
9.7423 -1.3068
6.1150 9.0291
-0.8542 6.7258
8.9179 2.2985
0.9102 -0.2885
-0.0305 -8.2562
-1.0570 5.2149
3.8034 10.9178
-0.9839 9.5565
8.9455 9.4018
8.4329 9.0206
3.3502 8.5122
7.9701 8.1574
7.5438 9.8283
7.3464 6.3562
9.4450 -1.7238
8.4395 -1.1945
5.0970 9.3184
-5.8027 7.2900
-1.1790 4.9095
8.4411 1.5400
5.9066 0.6951
11.0597 8.6833
8.4318 7.1457
4.8637 -6.2439
-1.3779 -0.7375
10.3258 -0.7145
-4.1912 2.8941
11.1648 5.4812
-0.2848 1.7693
-8.3309 9.6517
8.1780 0.8932
8.7618 7.7055
9.8223 9.0380
8.7901 8.2249
-1.9446 4.7779
5.7907 -2.9933
4.6645 5.2930
1.2576 8.8470
9.1590 10.1345
9.5048 9.0107
-1.8896 2.0298
9.4490 2.3238
11.3912 4.6914
1.0801 -3.9916
1.6034 1.4336
1.5062 6.0320
-4.0020 -0.0074
9.5495 3.9388
5.5641 -6.7405
4.5798 4.7114
9.5374 1.7816
-3.9359 8.9955
8.3885 -2.7355
-2.2669 5.8870
10.1456 10.3875
4.2602 7.5512
9.6702 10.4675
9.4374 2.8859
5.9084 6.8381
1.5532 8.3224
5.1170 10.6128
1.4298 7.0802
6.0806 9.8881
6.8805 1.7909
9.9991 8.8926
5.2113 -2.4274
-4.5928 9.1057
2.3452 1.6115
-3.3597 5.0310
-5.4333 -6.4430
8.6150 -10.0125
-7.0208 -4.2082
8.9598 9.4361
9.5073 4.4541
10.0776 2.8923
6.8721 8.9163
8.1647 -1.3791
6.2326 -3.1909
-4.1665 9.3444
-6.8361 10.2000
1.3136 2.4744
6.3103 -1.8360
6.4639 3.1532
7.5390 9.2565
9.0642 3.7236
6.0332 9.4111
8.3082 9.0759
11.7265 4.9802
6.7842 -1.9064
11.2216 0.0669
9.3074 8.3361
5.8716 5.0229
6.1998 6.0163
8.3881 4.6806
-1.3155 1.9189
-0.1731 4.6113
0.0150 9.2473
-2.8958 -1.3699
-2.7495 -3.0114
8.0595 7.7097
7.6790 -3.6654
3.6904 11.3084
3.5111 5.2902
5.5186 2.4964
-5.2870 2.2369
9.4009 9.6431
3.1018 -7.2702
5.8706 0.0223
2.6382 -1.2438
-0.5238 -1.1203
3.5672 -0.9335
3.2738 8.3260
-2.7798 3.6807
-1.3127 9.9528
7.8388 1.8221
7.0299 9.3080
1.2183 5.4531
8.0552 1.1605
9.5002 10.6360
9.5227 8.2344
4.8064 5.9933
8.1870 8.5328
9.3343 11.2899
4.7227 2.5619
3.4769 5.4347
0.9874 0.5733
6.5310 7.2785
8.1880 3.0630
-0.2813 -1.0245
2.3277 5.4291
2.9712 3.6739
-0.2823 1.1258
9.4642 4.1726
7.0135 -5.3706
10.4022 8.3174
2.9038 7.9610
5.1480 7.3309
7.8393 4.7738
10.4921 7.3502
6.6990 0.5912
5.9096 8.6471
2.5549 9.1773
1.2595 10.9422
-4.0091 9.9182
11.2956 2.7160
-1.0937 1.5759
0.5919 8.1115
3.9948 8.6136
10.5512 2.1228
4.4418 -4.1641
8.5829 0.4353
8.3941 8.9424
9.3336 9.7235
7.7246 1.6526
-2.3571 0.2630
-4.6391 11.6349
8.6685 7.8641
9.5077 1.7659
5.5059 4.6473
8.7992 1.2457
0.9793 10.5591
0.0010 9.4591
9.0706 3.9031
-0.9674 3.1193
9.9877 8.9412
2.1472 -2.3010
12.0258 9.7100
7.5590 9.5952
10.2866 -9.8707
-8.2504 6.8733
1.3206 4.1302
3.4919 10.5587
8.7844 1.8776
6.0636 7.3683
1.3170 4.1301
5.1447 7.2403
0.1526 -6.4673
8.2241 1.4143
10.2510 4.8176
9.1381 8.5383
-3.4886 3.3210
8.1641 -3.8699
1.5700 0.1396
8.0063 2.2752
-5.1947 6.5605
2.0934 3.5436
2.5904 4.4652
6.1450 10.4041
5.1622 7.8729
3.4836 4.2945
3.5649 -2.9035
3.9432 9.7890
-6.7827 -5.0437
8.4507 7.7784
2.7385 -0.7763
7.3693 8.1383
9.4346 8.2539
9.1876 9.9864
10.3528 4.5779
4.4853 2.3225
10.4639 4.0937
4.9901 4.8715
1.4897 -2.9965
9.8554 0.1003
8.7082 6.4180
2.4753 -1.3001
-0.9879 9.6588
1.0444 -8.8134
8.5551 10.7609
3.1661 8.8462
-0.2820 3.0615
7.4891 9.5952
-2.4350 10.4481
0.8338 -2.2974
9.1223 9.5108
-0.4867 -3.5839
-3.2012 -1.2579
2.1572 9.6567
-3.2631 -0.1501
6.3793 9.7778
8.5052 7.9548
6.6333 7.9168
2.1180 1.2265
7.9661 9.5215
8.0762 -0.0882
3.9659 4.5949
7.9578 9.5608
-0.0381 8.3158
2.8825 10.5801
7.5751 5.1064
10.9061 -3.5208
-6.4360 4.4242
4.0269 -0.7339
8.6599 5.1560
10.0892 -2.8113
1.6633 3.5811
9.3209 2.2588
10.4363 3.0774
5.2643 0.6832
1.1545 10.2131
-2.8166 7.2898
10.4937 8.8712
-0.2547 9.9549
7.4591 10.0917
-1.4468 1.2206
4.8340 8.9849
0.7250 8.9224
5.1568 -0.5403
9.0386 8.6463
9.4301 -2.5215
2.9598 -1.2521
7.9688 -4.0545
7.9742 -0.5176
8.5845 8.8565
7.5303 1.5843
7.1921 4.3177
8.5107 7.7885
1.8720 -2.8405
8.6412 -0.1546
10.6152 10.2304
8.4766 -0.0545
-2.9412 5.3292
5.9428 8.0932
8.3227 8.3673
-0.5289 5.8013
8.7032 -4.4507
9.2604 5.0451
0.2319 -3.1380
10.2176 3.6318
5.0729 9.6387
8.8562 8.9062
9.0911 7.8709
0.0113 -1.5875
10.4590 8.8227
10.3125 -0.1361
9.4996 2.7941
3.3692 8.1111
4.3254 -5.9408
8.9424 2.1550
9.9239 9.4122
2.0577 5.1749
8.1740 -1.4179
6.9582 8.0973
7.5602 2.2249
9.3906 4.3170
11.0488 4.6355
5.6177 -6.6582
5.1978 6.1231
1.5446 1.6978
3.7682 8.6372
8.6781 8.9964
6.4401 8.6522
-6.1093 7.3347
-2.1389 -0.5024
-1.2595 6.2471
-0.2181 7.7388
9.0987 -4.8447
8.9159 5.3271
9.7810 7.6302
2.5293 7.0991
9.8031 10.7357
3.3579 5.2390
5.5633 9.7574
9.0878 -0.0211
6.6431 8.4598
9.4828 7.6777
2.9325 2.7546
3.9175 4.5919
4.5786 7.3026
7.3833 1.9029
-1.4648 -1.6079
2.0530 6.8261
9.3074 -3.1084
9.4779 9.4501
7.6141 11.2604
-0.2737 4.6224
9.8829 5.2342
-5.8577 2.3450
8.1788 5.3969
1.7147 -5.0321
1.4960 3.1926
7.9367 1.1696
6.3641 7.3083
5.6037 9.7094
1.7236 7.7503
8.1323 9.3844
-4.9372 2.6532
-6.7694 0.7435
0.0823 2.8327
8.3790 10.1286
-1.9286 11.1655
10.6445 10.1080
7.4980 4.3496
0.6543 7.3692
-0.8599 -2.5234
6.4690 2.7359
9.6049 4.9816
10.2180 8.7516
-2.0945 7.3151
3.8906 5.8737
7.2208 -3.1878
5.1735 1.6903
1.1410 9.8834
9.5677 7.6189
11.3521 10.4739
3.8331 -3.9558
6.8094 2.0688
8.3930 0.6187
6.3405 9.3033
1.9721 8.5194
3.4367 10.4510
8.6602 8.3480
2.3820 1.5063
4.7776 8.2456
7.5139 9.3581
2.4000 -5.3273
3.3324 8.1688
2.4891 -2.0468
7.4061 3.7229
-4.3307 3.1291
2.2799 5.4846
8.8709 8.7914
10.2018 10.2563
-3.1008 9.3165
3.1380 10.2619
6.4975 2.2610
7.7308 5.0277
10.0474 -0.8631
0.3472 10.8421
9.5900 -0.8426
-8.1127 8.4947
5.2693 2.9710
7.8487 8.0576
9.0620 11.9340
4.0713 1.2073
8.3616 4.8702
-1.7046 1.5094
9.2490 8.1932
7.5558 -5.4992
2.6121 7.5574
2.4831 2.3491
2.3734 -2.2751
4.0263 9.8637
0.3488 9.6160
-4.8249 3.7224
2.0153 3.8361
0.1733 0.5612
8.3204 10.7984
2.3002 -0.8213
8.0529 8.7622
0.0008 2.7538
2.3246 5.3744
12.5392 8.7538
1.7564 9.0536
-1.3728 -1.5959
-2.6522 3.3958
9.6009 -2.2478
3.1419 7.5087
1.6821 -4.5808
3.7690 -2.3634
9.3248 6.1224
11.1192 -2.8996
8.7160 -0.1573
-6.0246 6.5957
8.6604 4.2917
3.7215 5.7470
0.6699 9.1775
-6.4311 3.7036
5.8750 -3.0993
10.8085 2.6138
5.1271 2.3044
5.4293 5.4635
6.1759 -0.8025
6.5100 8.2827
6.9257 8.0439
3.8924 8.4096
10.9139 3.4897
1.3843 -7.3907
-6.3543 5.0060
9.9415 10.5228
5.9302 10.5040
0.5159 6.1294
6.5447 6.0162
3.7552 6.3272
6.3306 -5.1768
-6.6528 1.8437
-0.0869 3.5985
3.8226 2.3921
3.6177 -1.4263
9.1371 8.6684
2.9869 6.5529
-4.1790 2.1788
2.3877 7.4670
-4.2083 9.8440
-2.5412 8.2607
8.0429 -0.5312
-4.0791 -0.0727
-1.1984 9.5805
8.7513 -0.4787
4.9536 8.5689
-1.5697 9.9320
1.8350 7.8814
0.9293 8.7108
8.4166 3.7913
9.3177 2.0848
0.7692 8.5844
-3.8122 4.2001
0.5892 2.8092
5.0586 -2.4625
8.9889 9.7040
3.1524 8.5321
6.4699 9.5504
8.8168 7.9326
9.3040 1.8514
-1.3648 4.1593
1.2661 5.8299
11.0462 8.9700
0.2498 6.0898
5.6267 8.1697
4.3012 3.0021
1.7634 6.4507
0.9575 3.4244
10.6859 8.5524
7.6587 5.4960
2.4525 1.1296
5.6783 5.7570
9.0553 8.9277
9.6092 9.3989
9.3774 -7.3216
-4.1294 10.3458
-1.6379 9.3367
10.3429 9.2855
4.4566 2.4732
3.7765 2.1904
-1.0247 -1.5139
8.5178 9.5769
3.8148 9.7807
8.4447 4.6009
7.8812 3.7275
6.4249 6.3020
1.5763 8.4837
1.2691 -3.2022
0.3135 0.9224
5.4194 7.8560
7.5734 9.7132
4.8897 3.6536
-0.4090 3.6799
5.0366 0.7009
10.7209 4.8030
11.1842 8.8073
4.5605 0.9592
10.6311 1.9606
1.7654 8.6763
7.5157 6.5161
3.7750 4.1161
1.8808 9.5588
3.0942 -8.0089
9.4586 4.6562
-0.4365 0.8316
10.5983 7.4111
12.3814 2.2504
0.6360 -2.6029
6.1218 8.9639
2.8459 0.6303
2.2006 -8.1092
-0.5616 6.4950
8.2657 0.3805
10.1011 8.4675
10.4326 4.4124
3.5111 0.0882
9.2467 4.9351
7.2274 6.0847
9.8147 5.7646
9.7043 10.6334
2.4279 9.5067
4.2988 11.0914
7.2556 10.9899
9.9238 9.6740
8.0325 8.6020
9.1007 7.2448
5.6605 2.2598
8.8049 6.5908
1.0557 10.5827
2.2946 0.1357
9.9894 1.5019
8.2019 9.0086
-4.9279 4.7108
5.2057 10.2100
4.2529 0.4374
1.0246 7.4189
2.7920 0.7087
5.9180 8.5700
4.1168 5.8821
-0.7908 -1.7175
-5.3382 -2.6880
4.6266 9.6361
9.8201 3.9851
5.4909 2.2562
1.5470 1.9046
10.0480 10.2213
6.5971 7.4389
8.1772 -3.9223
5.9140 9.8270
7.6213 -5.3751
1.6361 -2.8367
9.8873 2.5736
4.7042 8.5034
11.2056 2.1271
1.1513 4.4185
-0.7380 -3.4729
8.3858 6.9664
-5.2871 2.9643
9.5181 9.1283
2.9076 2.2355
5.7529 11.4914
10.5087 2.5459
10.4954 -2.5098
9.3096 -0.0226
10.0574 7.6011
9.3789 -1.0494
5.9618 0.6353
-3.3487 6.3963
10.1984 8.5350
8.1633 8.1981
6.8408 2.7492
3.0624 3.1484
-3.2142 10.3421
-4.2026 4.7933
8.0132 0.9252
6.5729 4.8646
-6.3754 5.5731
2.2509 -8.0858
7.3459 9.2356
9.6354 8.7378
8.3167 2.4979
5.0971 9.6207
3.9805 9.0701
-8.3281 8.3737
10.0578 11.2429
8.3352 0.8197
7.9252 9.3903
2.0104 -3.0249
-1.5972 6.1184
8.9283 10.1400
1.9639 8.4616
9.3742 8.4890
6.6066 -2.0180
6.9756 9.9215
10.1673 3.6729
4.5647 -4.7337
1.7217 7.7271
9.6648 -2.4746
8.6354 2.5989
9.2004 7.0881
5.6953 5.0532
9.1716 6.8669
5.2193 3.7243
4.5843 8.1547
7.8185 3.7436
5.8663 7.6229
3.5489 5.8696
11.0120 3.2288
8.3237 1.6378
7.9164 7.9153
8.6396 8.5562
6.1120 2.0175
4.2455 2.3743
4.7313 9.9307
1.1818 4.0214
8.7862 8.6937
9.7712 3.9098
6.0608 3.7508
9.9940 9.9224
2.5821 2.4055
2.5541 8.1060
-6.8479 0.9322
9.6450 1.0677
8.7704 8.9556
9.4726 5.9483
-0.2875 9.6230
7.1804 3.2746
6.3611 4.1551
8.3715 6.6074
10.4321 -3.3602
-4.5004 6.9718
0.9621 8.9457
4.0705 4.8482
10.4534 -5.5737
5.3971 9.6270
-0.3491 -1.7712
9.4492 9.0809
7.3880 5.0412
-1.7197 -1.1104
-4.1408 5.2811
3.1843 4.6630
-5.2440 -5.4301
7.8206 -4.4211
10.2867 5.2513
0.0853 2.6872
11.4830 -7.7962
9.7650 3.7673
8.1096 5.9580
2.5149 3.8054
7.6032 4.9956
4.5922 4.7931
8.0067 0.2979
-3.5465 9.3400
3.7403 10.7181
11.5739 10.6828
3.0702 -1.5931
0.5280 3.7087
9.3585 7.9088
3.5463 9.7114
2.2400 8.3575
9.6519 10.3241
0.8858 2.9959
3.8850 8.0865
7.1777 8.9381
2.3080 8.4629
10.2887 1.7287
0.2011 1.1162
9.5695 4.6705
5.4412 4.3688
10.5109 4.8241
1.9525 8.9618
5.8000 3.4817
5.1428 8.1724
10.0766 9.0323
-2.9993 8.9425
9.2002 -0.5034
2.0581 9.2703
3.4681 4.1324
3.4835 -0.8377
6.6098 -7.6709
-0.6017 6.0859
7.5262 13.1687
4.0829 3.5573
6.4398 4.8570
8.7723 9.3966
2.5902 -4.9735
4.2035 6.6895
2.1406 9.2587
7.3796 -0.4850
-4.3007 4.6021
8.4054 10.3470
5.9424 4.9000
3.8255 9.5186
7.9253 10.5776
1.5809 9.0939
-0.1510 -8.0067
3.1553 10.3650
1.2840 10.2986
1.7592 3.5241
2.7889 0.9677
4.2050 9.4764
3.1576 -2.0178
6.5000 -7.6160
1.0102 4.6693
2.3081 5.9922
9.1622 4.8788
-0.1164 3.6104
-1.8720 3.2810
9.5375 -1.3608
-0.4925 5.8056
8.5941 2.5980
1.3882 3.6715
-3.8961 3.4425
5.6104 10.3452
-6.1329 7.3339
2.0133 2.3189
9.2861 7.0170
7.5555 4.6063
8.4134 6.2749
0.8054 8.3520
-3.0620 11.5708
8.9281 4.2424
8.2158 -3.4363
3.0485 -2.5200
6.5922 -4.0076
2.6297 7.6491
3.0175 3.7180
-7.8245 -4.9350
7.8195 -8.0037
9.8018 8.6037
-1.1743 4.7280
3.7941 4.9586
4.4193 9.7400
1.6856 1.1641
3.1689 5.9324
8.1900 9.5596
7.5049 8.2807
8.0580 4.3556
2.1285 7.4014
9.8738 2.0684
2.0363 -4.1892
4.9621 7.2987
7.7480 -1.5638
-1.7989 5.8241
3.0815 3.5464
10.2236 10.1636
1.1234 10.5319
5.9782 1.8053
2.9390 -5.4325
-3.8119 9.5189
9.3017 7.3760
6.9698 8.6441
4.1948 10.6828
10.3503 12.0161
8.4527 9.7488
10.7950 0.1781
7.8254 2.2751
8.2581 8.5776
12.6375 4.9928
9.0716 7.4227
7.8521 3.9942
10.9532 -1.1020
8.4556 3.1587
-0.4059 2.4466
8.4985 0.4817
4.0551 3.6607
5.3634 2.6111
3.1238 2.0424
1.1227 10.3142
8.5601 7.8274
1.1871 2.6153
7.7598 8.8342
3.6255 2.6238
4.9090 2.3712
0.9802 -0.5294
5.5172 10.7537
6.5060 5.5570
7.5029 -1.3581
8.6961 3.5852
10.7665 4.6900
10.1680 1.7610
8.0923 1.4732
7.2712 5.9370
4.9898 2.8732
8.3316 4.4453
-5.0635 7.5481
5.4423 7.9584
0.8822 9.4382
10.5333 1.2968
3.3658 0.5770
4.0718 10.1412
9.1502 5.8920
2.5698 9.3087
2.2952 8.8268
-6.6713 -6.8872
0.1576 6.1334
2.7844 -6.9176
0.3330 9.5674
0.9450 9.2495
9.0229 8.7571
0.8213 1.7768
7.9221 2.5021
4.1498 6.0321
0.8266 7.6280
0.3357 6.8422
0.1737 7.0981
-0.8385 8.4724
-9.4650 -5.2933
-0.0058 -1.6100
-4.2267 -2.7837
-0.4944 -8.7558
-5.6269 6.1472
9.2342 8.1534
9.9516 6.8261
11.5479 8.8981
8.7337 3.8030
9.5895 5.4549
10.8746 -1.7424
7.3609 6.4631
5.0877 9.6657
-1.6617 9.3100
7.2835 7.1980
8.5930 2.5948
5.0623 6.2975
3.2028 4.1931
3.6722 1.1198
-0.1329 0.1307
1.3817 -0.7559
1.1488 3.2871
-6.1843 9.6842
4.3156 -0.3215
9.9534 7.5159
9.6695 9.2154
1.9799 7.4972
4.6591 3.0626
-2.6435 8.9402
3.9447 -2.3716
-4.7626 0.4285
5.9811 4.3981
-1.1740 6.4838
3.1093 9.6068
5.9027 2.4705
7.4588 -1.5043
5.4653 -5.0398
9.1942 8.6707
10.0433 1.6924
9.1354 0.5709
5.5010 9.2016
8.8368 7.6694
-4.3879 -1.4989
8.9083 -8.1780
9.3637 0.6078
-4.4653 -0.2501
-4.7836 1.6127
4.0996 10.3598
5.6753 9.5761
7.8197 7.9206
4.2613 11.3822
1.5836 8.3033
3.4403 9.8245
7.5334 9.0615
4.8214 1.2938
2.8352 1.5103
2.8418 8.5615
-4.8295 -0.4238
5.1960 5.6785
9.0875 -1.2081
9.4756 7.4661
4.8317 9.7875
5.2777 4.0021
-4.7178 6.3136
11.1437 9.5433
4.0824 11.3376
-11.7964 8.8443
3.9426 4.9029
8.7641 4.5738
7.0734 -0.1410
4.4819 -3.9477
7.1977 -1.4395
4.6197 5.7108
3.8800 11.0009
1.3042 2.6553
0.2079 4.9347
5.7781 11.2809
8.1171 5.2310
6.8906 7.8416
-2.4696 4.7729
3.6160 8.1108
10.9813 10.5396
-0.9231 2.1611
4.5253 1.3053
10.3286 8.3736
11.2902 10.7651
8.9952 0.2405
-6.8992 3.4133
9.5015 7.6215
8.6616 10.6219
4.9068 -3.4958
7.8350 9.5867
7.2932 -4.2690
-1.9849 8.1234
-0.7174 4.7607
8.9221 6.7376
8.5659 2.6733
4.9987 2.2126
-0.4892 2.5896
4.6847 6.3388
2.0460 3.5970
0.9788 12.0797
4.3161 2.5442
2.6652 -3.1011
2.2655 9.3560
9.2995 4.6277
6.9490 8.7567
4.7200 0.6248
0.1676 -2.3397
7.9627 2.0291
4.0788 3.8953
-4.2922 8.3456
-0.6319 2.7441
1.8680 8.3548
-4.6173 1.1584
4.3572 3.6358
6.4959 1.1539
-1.3083 -0.7912
6.6807 11.3079
10.6021 -6.2292
-4.3643 -1.2037
-1.6241 -6.8005
9.3342 -1.5033
2.7595 1.9092
9.5198 1.3314
-8.2022 -3.5075
9.5368 -4.1420
6.0109 2.3002
6.9693 8.6757
6.8482 4.5910
8.5923 7.2292
-1.3745 6.2027
6.3535 6.5817
3.3374 10.3857
-0.5286 4.4554
-5.8594 9.6350
2.5677 7.1474
8.4663 9.6049
1.5540 2.5967
5.9668 7.7977
9.5544 0.8949
3.7341 -1.4376
0.4904 1.4688
12.6194 9.7888
-5.2591 8.4288
9.8582 4.9721
9.7841 8.3188
5.3329 9.2442
-6.0192 9.2316
9.8726 -3.5207
3.1150 -0.7024
-2.8377 8.1876
9.5592 9.5839
7.9217 -4.5922
9.5705 -4.8186
3.2530 8.1027
-0.7011 9.9255
2.6764 8.0181
5.4848 -3.8969
11.2386 -0.6171
-0.8376 2.1156
-2.9643 9.0538
8.8167 9.7614
10.1847 -0.2653
0.5529 0.4505
8.9032 8.2373
11.0211 6.5195
8.7451 7.5376
2.9809 2.3093
0.6656 0.3209
8.9225 9.1314
10.3822 -7.7314
0.9213 6.2290
8.6491 8.4423
4.7605 10.6081
-7.2240 -7.0393
8.9507 7.8999
9.6377 7.7132
3.4457 8.3700
4.5080 3.5338
-1.7653 4.5318
1.1092 8.0363
7.6643 7.1300
6.9982 -4.0198
6.7686 2.2585
7.2958 7.2247
9.3150 -5.3115
5.9837 5.6338
2.5206 2.0330
6.3332 1.1793
-0.9444 8.4070
2.9339 2.5649
-3.7252 7.8293
2.0886 7.1204
8.7645 0.0380
8.9777 8.7047
7.5073 7.4459
7.2830 10.2968
6.5007 -1.1336
3.3939 -4.4472
3.4027 -1.0538
5.7837 11.4990
5.7854 9.3616
0.3887 4.4926
7.9146 0.7792
7.5338 3.9388
-0.4139 -0.8408
5.3460 10.2245
3.1133 10.1414
8.9557 5.1763
9.8188 2.8158
10.6460 -3.2898
5.1851 0.9287
0.5600 3.0061
-0.6380 8.3697
9.2497 -4.7198
7.4132 1.2480
8.9245 -3.2420
1.1339 8.4960
5.0108 4.5785
3.7349 -7.3472
3.6640 3.4804
-1.8483 -0.9979
-0.0347 5.7596
1.2808 8.6862
9.3114 -1.7708
4.3671 9.8273
-3.6305 9.1069
0.3387 3.9983
8.1622 -10.3485
1.0311 10.9178
4.0391 0.6493
9.2790 -3.0769
8.8307 -2.1137
9.5344 4.4919
6.7839 8.5231
7.5554 3.6774
-3.5220 4.8125
10.8136 9.2810
4.9895 4.1805
3.0817 -5.0677
3.1200 7.0424
10.0979 3.5209
-2.1486 -5.3643
9.0937 9.7168
9.5161 0.0686
9.9256 5.3422
8.6568 5.4070
-7.9775 9.1942
7.5263 -2.7199
-7.9930 9.0853
9.9482 2.0803
1.8857 9.4292
4.5087 4.4878
8.5770 3.5570
8.6879 7.9288
9.8543 3.7890
5.2042 5.4180
9.7818 -1.0390
-0.6773 9.0418
10.0600 10.0879
9.2672 8.5517
0.0960 1.6961
3.8308 -2.5714
-1.5251 8.1561
6.5070 1.2161
-0.9048 7.9686
1.0573 2.4833
4.7543 5.3556
9.5766 -2.8352
2.4208 6.4024
8.7651 5.1019
0.3587 5.9212
-2.4468 0.4418
-1.8275 3.5269
9.6716 -0.7167
4.4456 4.6469
8.1667 4.9366
-2.4008 8.5410
4.6570 9.7272
11.0639 12.2769
3.7489 3.2956
-3.9221 4.3872
3.6523 10.2928
7.4718 4.2494
5.0369 -0.5018
-1.2486 1.9528
-2.3286 5.2541
6.1761 9.5452
4.5496 1.4334
1.4132 -6.2907
9.3866 7.8094
-1.6943 10.2672
7.9370 -2.2812
9.5229 8.7332
4.0798 9.2352
4.6582 4.2952
-6.6723 4.4252
-0.0533 1.6109
8.7284 8.5172
9.0732 11.1897
9.3062 7.5810
4.3127 2.4449
4.8954 -6.6930
-7.9609 -5.6940
1.7946 2.9147
-3.2545 0.3687
8.0191 7.7673
-2.6966 1.2789
6.2364 9.7609
9.8178 3.2842
3.6846 3.9892
10.1704 3.3402
9.5872 -0.6144
-2.0722 -2.5054
0.4874 10.6979
2.6746 1.5112
1.3230 9.4242
1.5427 3.2419
11.1208 3.0788
8.9938 5.9616
9.4471 9.1655
3.9590 -1.1223
8.2684 2.6110
10.8813 7.4783
2.1152 2.3396
7.8994 9.6015
6.2125 -0.6036
10.6645 0.6281
9.4653 1.9386
7.4581 3.9424
2.3464 6.5930
5.3743 8.7976
-3.5335 8.2046
-0.6116 4.5816
7.1739 10.5212
-0.3986 10.3352
11.7102 3.6091
-0.4793 6.3073
-1.5626 -1.2307
3.2743 7.0500
8.0340 9.2886
-1.9750 11.1274
-4.6469 5.2168
-2.3879 5.0232
10.8216 9.5877
-8.2630 2.7596
10.2044 3.9149
4.7468 6.0242
-3.4189 10.0582
4.0175 2.7017
4.4430 1.0022
-0.3983 3.0321
6.8721 -3.2815
-3.1268 2.4387
8.4540 -0.6022
-1.6323 10.9431
2.6825 12.3453
2.0818 4.4135
7.4443 0.7708
9.3008 -0.7392
-1.4397 4.1967
7.9008 9.2337
-2.6583 2.2550
-4.1903 3.9165
5.0353 4.8960
9.1931 -1.7066
8.0884 4.1163
9.9554 10.5524
-5.6920 4.1952
7.8208 -2.0119
9.3678 10.7391
9.3345 -1.1322
2.1033 -2.6871
9.3620 0.7818
2.2839 8.4991
-2.4770 1.8628
6.1791 -1.9778
5.1223 9.2786
3.6692 9.7972
-0.7951 8.8156
10.5738 5.0559
11.6932 -2.4576
2.8654 6.1479
7.1250 0.0393
10.1797 -3.2947
1.6952 2.6350
9.3049 0.5148
7.5895 4.4943
7.8739 8.2302
5.6607 8.7927
10.2578 8.3193
6.1029 2.1187
8.8979 -3.7371
3.6853 5.7394
3.5824 2.4863
-1.5940 9.7524
-1.3297 8.2270
-2.2603 10.6713
1.6230 9.4895
7.8194 9.3923
9.5620 6.7784
6.5650 10.7031
9.2723 9.0519
7.7768 -1.4226
0.4595 -3.9190
7.8705 0.3982
-4.0505 9.4372
9.8721 9.1249
9.6295 0.8488
6.8887 0.6375
-1.7145 -8.3076
9.6523 4.7274
7.8151 3.4196
6.1084 3.7611
0.5828 4.7136
9.0436 7.3858
2.7304 -3.6719
8.9906 9.7529
13.4284 6.9128
-4.4334 9.8597
9.4012 0.5294
5.7387 10.1193
3.3945 -5.8498
8.5025 3.6617
7.9354 10.2490
3.7303 9.7689
6.4044 7.9996
-0.8420 1.7418
4.5222 3.0477
-5.6969 -0.7919
-4.3202 -2.2744
-2.7145 -2.3055
3.4721 -1.6425
-7.3032 -0.9969
-2.0731 -5.6440
-5.7721 -2.5587
-3.4999 -2.0358
-2.1628 1.6717
-4.0263 -5.4866
-2.8494 -6.0385
-6.1955 4.7554
6.1189 1.7457
-2.9761 -2.7173
-0.8017 -6.6144
-6.2619 -7.1120
2.2987 -4.7954
-0.0263 -3.8905
-0.9784 -6.7596
-7.6089 4.2661
-5.5371 -4.4709
-5.7039 -3.6449
-7.7719 0.5336
-8.9460 -1.0328
-5.4570 4.3744
-5.6157 -7.7433
2.3720 -2.3405
-0.0478 -4.7947
-1.4673 3.0212
-3.1186 -1.6380
-4.6243 -4.4204
-0.3784 -1.7463
-1.4203 -3.5151
-2.0458 0.7308
-6.5974 1.2547
2.3557 -5.2912
1.8264 1.2418
-5.7573 -0.6354
-5.4694 -7.0720
1.2535 -6.1700
-3.0026 -2.3262
-4.7278 -8.1480
1.4262 -4.4863
3.7381 -2.2781
-2.8973 -3.9708
5.3716 1.0408
-1.6447 -7.3520
-5.7716 -4.5959
-1.6374 -7.9480
-7.6879 -4.5738
-3.5324 -4.4165
-2.7039 -1.7306
-7.0326 -1.2256
-6.9684 -1.6952
-0.4979 -5.8554
-2.7982 -1.2410
-1.0006 0.1613
-2.9287 -3.0257
-0.6238 0.5771
-2.6251 -2.9344
-6.4837 -2.4481
-2.7444 -2.0791
-4.4967 -1.5792
-3.8206 -1.5134
-2.3845 -8.1651
-4.9485 -7.2452
-2.0528 -4.9171
-4.7464 -9.2844
-4.6279 -6.5789
-2.0203 -0.0052
-6.2854 -2.1220
-4.1324 -3.5575
-1.8970 -0.3676
-2.7755 -2.5657
-5.9004 -1.9212
-3.8677 -6.1685
-5.0904 3.4386
-7.1098 -4.8215
2.4828 1.2229
-2.2276 -0.8163
-4.3394 -6.1349
-2.2466 -5.5096
-3.2272 -4.7858
-1.3738 -5.1369
-5.4000 -4.3310
1.5345 -7.1396
-4.3849 -2.8135
-2.4140 -1.6449
-3.4529 -2.7545
-0.5039 4.2814
2.8321 1.6871
-4.7677 -6.2848
-6.7452 -1.9257
1.4275 -6.3903
0.5537 -3.9365
-1.0444 0.1831
-1.6767 -3.3746
-4.2826 -6.2796
-2.2087 -4.4011
-2.0260 -4.4649
-2.3331 0.2186
2.9913 -2.0660
-1.5947 -2.8063
-4.0225 -2.4101
-2.0058 -3.8746
-2.4135 3.8519
-4.2311 -0.6470
-7.1029 -3.0598
-5.4525 -5.3720
-3.7196 -6.2772
2.3113 -3.8721
-2.6171 1.6284
-3.5639 -5.5700
-5.9167 -1.9568
0.6570 -4.3319
-2.2098 -3.4668
-7.8035 -4.8327
-7.2451 -2.0295
-1.7183 -3.4848
-1.8210 2.2914
-6.1426 -3.8614
3.3650 -6.1616
-0.6350 -2.8360
-3.2504 0.5525
-1.8729 -7.9382
-6.9774 0.6130
-8.1400 -3.2234
-1.4412 -2.0403
-5.8316 2.1320
-1.2241 -2.9031
-0.6650 -3.9186
-4.2656 -2.8467
-4.8857 -0.5903
-4.5673 -6.5967
0.6441 -6.7079
-1.1726 -1.2466
-4.8837 -4.1176
-1.7514 -3.3628
-2.6866 -1.4414
-4.0854 -4.6385
-2.7185 4.3332
-1.7545 -5.0214
-0.3803 -3.7426
-6.7529 -6.7298
-4.3811 -1.5155
6.3992 -1.4402
-6.9246 -2.0725
-5.1681 -1.5813
5.4542 2.2527
-3.0105 -4.7299
-2.7608 0.4507
4.7849 4.1773
-7.3986 2.4536
-3.8217 -1.2415
-3.0220 2.8592
3.3750 4.1858
-1.6931 -4.5235
-2.0783 -1.8610
-4.4151 -4.4890
-1.3194 -5.5085
2.4808 -6.2224
-5.6123 2.3263
-5.9993 -4.5244
-1.3077 -2.4021
-1.7454 -7.1917
-6.1630 -4.5876
-3.2875 -6.6371
-2.7581 4.3116
-1.9511 -4.1935
-8.1880 -2.9386
-2.7969 -5.9236
-6.0879 0.2964
-2.4829 -1.0998
-5.9599 -3.8488
-2.0934 -1.5384
-6.4419 -4.5609
-3.9421 5.7390
-8.1814 -2.9129
-3.0735 -3.9365
-1.0897 -1.8830
1.0336 4.0834
-2.5127 -5.0018
-4.6696 -2.2164
-2.9497 -3.4821
0.7242 5.0591
-2.9067 -3.8400
-1.7416 -5.8697
0.6341 -6.0278
-5.6944 -3.1137
-1.6730 2.8717
-6.7955 -4.3779
-3.5443 -3.1398
6.3775 -6.6130
-7.7218 2.0161
-4.8665 -4.2783
-7.5030 -4.1821
0.0236 0.1320
-7.2286 1.2523
-2.7439 -5.3133
-5.4380 -4.1530
-2.3869 1.0512
-0.9269 2.2455
-5.1204 1.4973
0.0583 1.4300
-4.9782 -0.5768
-3.0507 -2.4133
-4.5128 2.4715
-0.3446 -2.9700
-2.0353 -1.3283
4.3658 -6.2341
-1.6982 -2.7274
-2.8706 -0.9473
1.2566 -5.6917
-3.8242 4.3315
-2.0122 -6.9671
-1.9088 -7.0116
0.8431 -6.3499
-6.7560 -6.1002
-1.7075 -2.1801
-4.4467 -5.6085
-1.3171 -5.8525
0.1188 -1.3660
3.2982 -2.5573
-1.6049 2.6799
3.6135 -1.4466
0.4186 -5.2442
-2.3546 -2.8303
2.2855 -3.0787
-3.4860 -6.8016
0.9946 -0.9303
-7.7416 -3.1788
-5.3000 0.3068
-6.0068 -0.0739
-3.7685 -5.7067
-2.4097 -0.8169
-1.5279 -0.1798
-5.6304 -3.0047
-1.3540 -7.4184
0.3753 -3.7328
-7.1337 -0.9364
2.7374 -0.9628
-3.8531 -4.7456
-6.0469 -2.1502
-4.5707 2.9314
-7.3745 -6.4372
-5.0200 -1.3209
-5.3467 -6.6378
-6.9281 -5.1718
0.2848 6.2189
-2.9880 -7.8454
-5.1388 -6.3399
4.5769 -5.7057
-6.4030 -4.1251
-2.8889 2.1414
-5.8582 -3.5595
-6.4510 -3.3089
-2.7158 -6.1762
1.3918 3.2928
-3.6467 -2.8263
5.8997 -7.1563
1.4089 -4.6250
-4.4705 -0.4899
-1.2816 -3.8458
-5.4418 -6.4846
-3.1355 -2.5264
-4.8492 -0.5644
3.2292 -4.7474
-3.0487 -2.6462
-6.3613 -4.8470
-4.8800 -3.4387
-3.4775 -2.9710
-7.1940 2.5572
-6.6304 -6.1412
4.1828 -4.4713
-3.6421 -0.2723
-3.4707 -7.5528
4.1195 -5.8414
-5.5271 -4.4475
-1.4388 -1.2976
-6.6317 -2.2245
-6.4357 -6.9636
-0.3451 0.0414
-2.4134 -4.9269
-2.4460 -0.8131
-0.4329 -6.7978
0.7100 -0.8830
-2.4104 -2.1658
-0.2826 -2.1413
0.2300 -5.2915
-4.4592 -8.1322
-1.9581 -2.5970
-1.5886 -2.3606
-4.5877 2.9108
-3.4162 -8.7053
-6.8605 0.1739
-6.8819 -5.4756
4.4371 -1.9054
-5.0106 4.0050
-6.5805 -0.8735
-5.3263 -2.7812
0.0963 4.4359
-3.4091 -4.0155
0.0408 -1.6012
-3.1039 -5.0213
-4.0920 4.1367
-4.8318 -5.4171
2.8459 -0.9281
-6.9639 -1.1303
-2.1967 -4.1349
-1.3273 -0.1453
-1.4247 -6.9569
-3.4405 -2.6315
-5.5327 1.8215
-2.6266 -7.6158
-6.0094 -5.1450
-0.0512 -3.6616
-2.2327 -3.5278
2.2934 -4.2884
-6.6196 -1.0907
-4.6726 -6.4597
-3.7072 -4.4160
-3.1535 4.2426
-3.2013 -0.6748
-1.1132 -6.3017
-0.1066 -5.9199
-6.9421 -3.8391
-0.3891 -3.5394
-5.4132 -1.4296
-6.8971 -0.6984
-7.4841 3.1284
-2.6210 -6.6726
-6.8111 -6.8262
-0.0262 4.9611
1.3673 -8.9721
-4.6660 -1.0972
-6.8904 -4.2811
-1.6260 -6.0522
1.5256 -0.8672
-7.0373 -3.0182
-9.0199 -2.4749
-7.2258 3.8251
3.0191 -0.7616
-3.8064 -2.3858
0.7731 -2.7608
1.9222 -2.8887
-2.7734 0.1725
-2.5890 0.9557
-1.9152 1.6666
-2.7760 -4.6332
-6.6215 -6.3210
-7.2906 -5.0897
-2.2725 -8.7249
-3.9526 3.0684
-6.1329 -4.5380
-5.1631 -3.1178
0.7271 -0.9242
-1.5424 -2.3061
-6.1528 -6.1259
-2.4493 -2.8877
-1.3166 -5.5412
-7.6759 -4.1255
-6.9239 3.6941
-1.6703 -3.0714
0.1015 -2.0221
1.3397 2.4815
0.2516 -0.7067
-3.5114 -1.0583
-1.5700 -5.2234
4.8315 -3.7614
-5.1707 -3.1093
4.0284 -1.0149
-1.7605 -5.4889
-8.9194 -6.1646
-3.3551 2.9736
-6.3765 -1.4083
-4.0114 0.7918
-1.8507 0.2516
-4.8395 -3.1665
1.4585 -6.7891
-1.2186 -8.0586
-1.3741 -1.3416
-2.5146 -3.8821
-2.4887 -5.5385
-2.1386 -0.7320
-2.6314 -4.3240
-3.9956 -5.4374
-7.1800 -2.1806
4.7252 -2.8785
-3.0431 2.1806
-6.5774 -2.4599
-3.0915 -7.7790
-7.3616 -1.6492
3.5677 -2.6193
0.4481 -2.7992
-5.2829 -5.5566
-5.7651 -3.4430
1.4955 -8.7953
-1.4370 2.2777
-1.2710 -6.9177
-1.1510 -7.2930
-4.0729 -2.2403
-5.0651 -6.8970
-6.3050 -4.3681
-1.2409 -5.3243
-5.5150 -3.1033
-2.9969 2.5503
-4.8258 -8.8615
-2.0686 -8.0482
-2.7849 -7.0648
-4.7466 2.4617
2.5864 3.2156
-2.3231 -6.3795
4.6026 -10.1984
-2.0586 -5.6976
-0.5586 -3.3920
-0.3189 2.0133
-4.0105 -1.1364
-1.3146 -2.0552
-1.6449 1.4452
1.4351 -5.8422
-6.4818 -0.7447
-3.9369 -3.5224
4.3909 -4.7213
-4.1593 -0.7094
4.6827 -4.0936
-1.7889 -3.1409
-2.4882 4.9556
-8.1486 2.6340
-6.1916 -1.7441
-1.5943 -1.2890
-2.0668 1.9320
5.0048 -3.7677
4.8314 -7.9244
-3.5664 -5.1450
4.5243 3.3299
2.8879 -5.2208
-2.0749 -0.6492
-8.4652 -3.6427
-1.4786 2.8285
-3.4384 -3.5995
3.4385 -2.9952
-7.4758 -4.6417
-6.0625 4.7589
-1.4604 -6.4105
5.1757 -1.0609
-2.5908 0.2624
-0.4911 -5.7369
-2.7324 -5.7613
-2.9636 2.3577
2.5487 -6.8487
2.8704 -6.6271
-6.3958 -2.7408
0.5915 -3.5382
-1.1285 -4.1460
1.1591 -3.1955
0.5972 3.0899
-2.7479 3.9495
-2.0622 -4.1665
-3.5891 -2.3655
-0.9457 -1.2254
-7.8517 -4.2688
-4.5590 -0.9703
-3.7113 -6.1490
-1.6797 -1.0433
-7.6274 -5.7761
-4.7821 -2.1908
7.0595 -3.7097
-2.9696 1.5293
-2.9610 -3.2683
-7.3772 -5.4700
-4.8562 -4.4911
-4.6121 -0.7371
-5.0776 -3.1210
-7.9132 -2.6305
-4.2715 3.5458
-2.1170 -4.1205
-2.0923 -5.8142
-5.6519 -7.8177
-2.9079 -1.6068
-1.1747 -2.8340
-4.8533 3.5744
-1.8090 0.0339
-4.0754 3.7645
3.9215 3.8864
-8.2786 -2.5767
-1.7504 -2.7092
-3.2764 1.1220
-1.0003 -6.6270
-5.9432 -0.1124
-5.3589 -6.6137
0.0063 -3.3345
-1.8802 -2.8184
-1.1047 -5.1922
-2.7783 -5.3249
2.1267 -2.9049
3.2757 -3.9681
-4.4473 -3.3408
-4.3800 -3.5959
-2.1473 -1.5162
-4.8243 -6.5528
3.5843 2.0865
-0.2404 -4.8990
1.4597 -3.4045
-1.3091 1.7447
-0.6124 -3.6315
-1.3811 -0.3783
-0.3657 -1.2232
5.1145 -5.2456
-5.3968 -4.1954
-2.5589 1.7326
-6.1180 -8.6619
-6.4076 -0.8526
1.2396 -7.5361
-1.6344 -5.9788
0.7433 -3.0521
-0.3022 -3.2149
-7.6849 -0.5298
-1.4530 -1.8510
5.0719 -2.4802
-2.1851 -1.7817
5.1061 -0.3293
-5.5405 -3.4797
-3.8786 -2.0737
-5.2606 -7.5480
4.0948 0.5289
-0.3945 3.2018
-1.7454 1.6701
-6.3722 4.5048
5.9990 3.6390
-8.2721 -6.9100
-3.6004 -1.4332
-8.4354 -2.3301
-3.8252 -8.9100
-3.2874 -7.2558
-3.6924 -5.1264
-1.9992 3.9390
-5.7773 -4.3232
-3.9015 0.2950
-4.4847 -0.1179
-0.0492 -4.8613
-0.8160 -3.4472
-6.4607 -1.1488
-1.6219 -4.2448
-3.7163 -1.7842
0.9747 0.1927
4.2949 -1.6300
-5.0896 0.0849
-8.1321 1.1106
-7.2388 -2.8337
0.2979 4.6520
-7.2573 -5.7497
-2.3969 -6.2442
-5.1896 -2.9291
-6.1264 -2.1650
-5.1571 -3.2355
-2.1674 -1.6560
-1.1002 1.5307
-8.9568 -4.4825
-1.2961 -4.7750
-1.1323 -4.5116
-3.3320 -3.2079
-5.2578 3.5116
-1.3410 0.2116
-2.2715 3.7611
-3.6050 0.5672
-5.6576 -1.7149
3.6929 -3.5492
2.9864 1.2549
-3.4457 -1.8548
1.3250 -1.3730
-0.2631 -3.9207
-6.1282 -1.8603
-2.7488 -2.5060
-4.4564 -4.0867
-5.8729 -6.0581
-4.4937 -0.8726
-4.1244 -7.8724
1.0139 -3.7680
-4.5809 -2.1362
-4.8626 -1.1091
-1.0375 -5.7633
-7.5432 -1.1573
-6.5013 -5.4738
-5.9164 -0.0250
-5.5404 -7.3229
-7.6449 -0.4053
4.6840 -6.8865
-7.0902 -1.2459
-6.5909 -1.2256
-6.0232 -0.6927
-5.6048 -2.2583
-5.6756 -4.5792
3.8845 -7.6213
1.3526 -4.7561
-1.7862 -5.4051
-3.1917 -6.3045
-6.9489 -2.3860
0.5851 3.4998
-7.1158 -1.6392
0.2590 4.6446
2.8031 -3.2911
-4.6668 -3.4111
1.2742 -6.7855
-2.8790 -3.6565
-5.4394 -3.0503
-3.5577 -7.0714
-0.7355 6.7271
-7.7838 -7.6683
-1.2748 -0.2087
-2.2475 2.3056
-5.8317 -7.3144
3.4040 1.8973
1.2166 1.9291
1.0888 3.7522
-2.2924 -1.7750
-5.4874 -2.9180
-2.6500 -8.2275
-3.3391 4.8645
3.6077 -4.7601
-1.1202 -2.9248
-5.0042 -0.5525
6.1526 -9.1125
0.0297 2.4338
-2.2384 -5.7964
-1.7728 -0.3386
-6.0376 0.0205
-0.1529 -6.6288
-2.9294 4.3721
-6.4353 -1.7375
-3.9335 -5.5141
-6.4226 0.2102
-4.4620 -5.2986
0.6699 -3.2083
0.3592 -1.2828
-0.1983 3.7994
-1.9717 -1.6811
0.6773 -4.3016
-1.7233 -1.6433
-8.8236 5.5217
-3.0205 2.1639
-2.3600 -2.7994
-1.7488 2.2168
3.4372 -6.8099
-4.0357 -3.0979
1.0252 -3.5505
-0.0703 -3.8015
3.9181 -1.4454
-6.9239 -1.8189
4.2126 -1.8820
-5.9988 0.6354
-6.1513 -6.7634
-4.7596 -2.3955
3.6954 -3.9530
-4.1597 -5.8182
4.0821 -1.1829
-0.4828 -2.9241
4.3115 -3.6535
-0.0366 -2.8882
1.0974 -4.1637
-4.1072 -5.3131
4.0651 2.5679
-0.0788 -4.2211
-2.5640 -5.6311
3.8768 -8.1194
-1.3591 -6.0353
-4.2589 -4.3906
-9.3402 -2.2261
-0.9868 -8.7543
-1.1236 3.6952
-4.0229 -4.4515
-2.6137 -3.5887
-2.2700 -0.1951
-4.0341 -2.9845
0.4276 -7.6863
-1.7980 -0.8925
2.8895 -3.1057
-6.8089 -2.9914
4.0668 -5.1234
-3.9473 -5.0262
0.1743 -2.4753
4.4264 -4.8955
-3.3693 -3.9997
-1.5312 0.6637
-3.4559 -5.4615
-4.4760 -0.1654
-2.2799 -0.6337
-6.5110 0.0622
-3.1119 -4.3388
-3.3543 -5.6459
-1.8958 5.5052
0.4184 -7.2167
0.1425 -1.8115
-5.9896 0.2573
-2.5322 2.2165
-7.3803 -5.6711
-7.2420 -8.5426
-2.5599 -0.6834
-4.0733 -1.1642
-1.8418 3.6039
-3.6675 4.4116
-3.3847 -8.2561
-5.4253 -3.8428
0.4258 -2.2112
-4.4946 -2.3673
-7.8149 5.5526
2.2467 -2.1376
-7.6084 -7.0954
-0.3489 -1.2301
-2.5179 3.4468
-1.2101 -8.1377
1.8925 -1.7905
0.6028 -6.4317
1.6782 -1.8333
-3.7910 -2.8398
-3.1958 -8.8491
2.1161 1.2700
-3.8283 3.6003
-2.6671 -1.8123
-8.2420 2.5403
2.8439 -3.9881
-1.1519 -1.2854
-6.1123 -3.1358
-1.2531 -5.8122
0.1230 -4.9910
-7.3575 -5.2555
-3.7537 -7.1868
-7.6271 -5.2333
3.8998 -2.8367
-0.7044 -7.3894
-3.7103 -5.4734
-3.8676 -6.3325
-5.7494 -4.1777
-3.4255 -3.6182
1.9764 -1.8621
-1.2926 -3.6969
-3.5441 -4.9273
-0.7600 0.6430
-4.2561 -3.3474
-5.8042 -5.3042
-3.7943 -1.3845
-7.2544 -0.8162
-5.6827 4.9125
-6.4815 -3.2392
-4.3709 -5.8610
-4.2956 -0.0984
-1.6196 0.6948
1.9766 -4.0295
-6.5403 -2.1288
-7.2439 -3.6010
1.8613 -5.4285
-1.4129 -1.1135
1.0005 -7.4206
-4.8675 3.4394
2.6767 -5.0934
0.6067 -8.6274
-0.5894 -7.7160
-0.4111 -2.8432
4.9599 -0.9297
-0.0035 -5.8984
-4.8398 -6.1325
-10.4400 -4.3423
-4.5037 2.5704
1.6883 -5.0443
-4.2989 -1.9230
-3.5165 2.0620
-4.8933 -4.8459
-1.4632 -7.3150
0.7456 -1.8415
4.2396 -5.2711
3.7391 0.2616
-2.0088 -6.6375
-1.8873 -0.8616
-1.1826 -3.0231
-1.5232 -6.2867
-1.6742 -0.1934
-5.8922 2.2277
-3.9342 0.3725
-3.2928 -5.6947
0.9988 -3.9830
-8.0865 -3.3002
1.4279 -6.5826
-6.8794 -5.2655
-1.7079 -3.1090
-5.8672 4.3843
-0.4286 0.2471
-3.3793 -2.4191
-2.3052 2.9002
-2.7462 -7.6506
-4.0590 -4.0516
-1.6431 -1.6027
-3.3546 -5.7604
-2.3217 -6.8141
-3.8478 -0.9719
-4.6672 -0.0843
-6.5413 -0.2019
-3.4716 -2.0872
-7.5842 5.4661
-1.0472 -4.7671
-1.6088 0.5655
-0.0323 -1.8007
-2.4783 3.6782
-1.5259 -6.5839
-2.9224 -4.2261
-3.1206 -8.2488
-2.6421 3.6355
-1.3929 -6.2224
3.0650 -5.4695
-1.3412 -3.3950
-7.3603 -1.5631
-3.0859 -0.7492
-8.8787 2.5795
5.8618 -7.1110
-4.6110 -0.5465
-2.4661 -1.6852
-1.5916 -6.6119
-6.3546 -5.9491
1.8352 -6.8211
0.5624 -5.7974
-4.9669 -0.1643
0.5027 -2.8966
-4.2721 -7.2986
-1.9867 2.8580
-6.9546 -2.0034
-0.6891 -2.6131
6.1144 3.3627
2.8129 -1.6717
-6.3177 3.4212
-3.2793 -1.7047
-5.9091 5.4610
-3.1849 -2.9050
-4.3706 3.1329
-5.0453 -6.1813
-6.2287 -6.6638
-5.8716 -4.9324
-7.5065 -1.6130
-1.5096 -1.9427
2.2974 -4.4696
-2.9919 3.7005
-9.6226 3.1549
-0.6317 1.8480
-8.1529 -8.1325
1.4250 2.0255
-0.5063 -3.8833
-0.6915 -0.0391
-1.3832 -3.9063
-6.8878 -2.4494
-5.1796 5.4183
-2.3864 -2.0936
-2.4120 5.2126
-1.0541 6.6936
-1.8967 -6.1792
-6.2577 4.3357
-3.7316 -2.0356
-0.8174 -4.7597
-5.1349 1.6723
-3.8172 -5.0644
-8.7395 -6.2023
-1.1420 -4.0086
-5.4820 -4.7786
0.3543 -1.6012
-7.5169 -5.2918
-7.0172 -4.7778
-2.8254 -0.1650
-1.6864 -6.9672
-4.6717 -3.0417
-4.7113 1.6941
-9.3991 -4.3611
-2.8725 -1.7360
-3.0294 -3.1089
-2.2020 -6.9072
-4.4797 -1.2378
2.0926 -6.9872
-8.0851 -3.4456
-1.0840 -6.0891
-4.3636 -4.1881
-6.0197 -3.8863
-3.2142 0.7712
-2.6934 2.1028
-2.3344 -7.4069
-0.4963 3.9176
-5.2501 -1.0372
-1.3724 -2.0297
-6.7894 4.1022
-0.7463 1.3645
-3.2552 -0.3998
3.8593 -3.6349
-3.4969 1.0556
-6.0284 -2.6870
-3.2301 1.2671
-0.5137 -1.6359
-3.2013 -5.1882
-0.4327 -5.9537
-3.1997 -2.4038
-1.7353 -4.0539
3.8644 0.0217
-6.2124 -4.5809
5.9722 -7.1137
-4.6283 -3.7135
-8.0978 -6.5955
-1.5655 1.5421
-3.7159 -1.2134
-3.7486 -7.1396
-2.0945 -4.1683
0.1949 1.3438
1.4624 3.2589
-2.5002 -5.2709
-3.4816 -4.6140
-2.8574 -0.7402
-6.2282 -2.9833
-0.2726 -6.9894
1.5771 -2.5519
-0.4788 -4.6513
-2.1362 2.5192
-6.9898 -2.8904
-0.2415 -3.8893
-4.6098 -6.3504
-3.2027 0.2813
-6.4023 -3.3008
-3.5088 -2.8826
-4.4101 -1.5652
-2.7241 -7.7942
-5.2875 -7.5663
-5.0776 -6.2403
-6.4885 3.1476
-4.1509 3.4839
-2.6816 -1.3187
-2.9667 -3.1009
-7.1938 -4.7628
3.0469 -5.7608
-8.7701 -3.0926
-6.7715 -4.7924
3.9881 -0.0128
-2.1361 -2.0106
-6.1040 -0.7947
-1.5509 1.7201
-5.9734 -7.8086
-1.2178 3.6514
-3.1550 -2.3047
-3.6794 -1.7438
-2.2471 -2.3583
-6.5272 -1.4550
0.8530 -2.7188
-4.1152 3.3355
-4.3349 -7.5787
-2.1320 -3.3251
-6.9246 -0.1984
-3.1567 -3.4627
-5.5519 3.4401
-0.9101 -1.3327
-6.8563 3.8550
-3.0964 -3.0699
-4.7495 -5.3590
-5.4789 -3.9320
-7.8004 -3.4134
0.4058 -0.9436
-0.7743 -5.0335
0.7384 -0.3192
-7.8316 3.9656
2.2862 -0.1365
-2.9037 -3.5014
-1.8461 -3.5998
-1.9093 -1.0764
-2.6607 -4.1160
-2.3512 -3.4368
-1.5408 1.8448
-8.7984 0.0891
-0.1893 -3.0021
-1.8191 -2.7967
-1.3682 -2.0130
-0.6448 2.5212
6.1458 5.5850
-1.1378 -1.8190
4.6172 0.8332
-5.4790 -0.9474
-6.0120 -5.3625
-6.1245 -0.8960
-5.0030 -3.9781
3.8325 -3.2968
-2.8670 -6.5683
-0.9586 -2.4027
-6.9440 -0.2122
-8.5538 -6.5330
-6.0018 -2.4912
-2.9873 -0.5883
-4.0800 -2.3024
-4.7080 -5.9613
-5.6331 -2.9960
-8.2324 -6.4694
-3.1205 -1.6074
1.8855 -3.0438
-6.6670 -6.1541
0.9846 2.4824
-2.6354 -1.6392
-7.8113 -5.1164
1.9384 -7.1629
-1.6545 5.3759
0.5412 -6.8364
-3.5604 -5.6434
-0.9550 -2.1506
-2.4860 -1.1475
-3.8413 -1.9040
4.8988 2.1632
-6.0181 -3.7843
-4.0315 -6.3608
-6.1401 -4.0220
-2.3679 -1.4916
-2.4316 -2.0334
2.9989 -2.3937
-2.0387 -1.3534
-5.2353 4.9841
-2.2329 2.3541
-2.1480 -2.0098
-4.1996 -1.7814
-9.0420 -3.5586
-4.3282 -5.0929
-7.1528 -1.4412
-1.3732 -6.3388
-2.0435 -0.9342
-7.8911 -5.6980
-5.5519 -2.5618
4.3355 1.1127
-5.6910 -6.2001
-3.3411 -2.5930
-0.6626 -2.8986
-4.5296 -1.8030
-6.9949 -7.0015
-5.7920 3.4331
-6.7322 -2.2647
-4.5974 -0.6389
-6.4155 2.6227
4.4558 0.2024
-7.8585 -0.4587
-1.3289 -3.1383
-0.4263 -6.4086
-3.1938 -3.9639
0.8960 -3.4377
-0.8369 -2.4994
-6.8101 -8.3304
-7.6224 3.3809
-0.6938 -1.9706
3.8595 -3.9844
-1.3171 -4.8547
-2.0641 -2.9977
0.8971 -6.6556
1.2536 -5.7914
-1.1776 -0.6951
-3.0791 -2.5182
-1.4100 -3.1360
3.7195 0.5052
-4.6697 -7.3689
-6.3948 -5.5987
-9.1119 -5.5652
1.8713 -7.9959
-3.3856 -7.7387
-7.4389 -8.5874
1.1320 -5.8703
-3.6791 -6.6356
-6.5491 -4.4124
-4.9419 -1.1442
-3.3900 -2.3125
-7.5159 -3.9262
-7.7579 -6.2546
6.9053 -6.5512
-1.0969 -8.4825
-1.1889 1.4585
-3.8333 -2.5549
-5.7553 -3.1274
0.0531 -4.6200
-5.5282 4.0783
2.7932 -6.4987
-5.9758 -2.8291
-2.3430 -6.3247
-2.8991 -1.8452
-4.8282 -4.6595
-7.8850 -3.6646
-1.0623 -4.6995
-4.3347 -3.7355
-2.8671 0.9316
1.9848 1.5947
0.3400 -2.3304
1.7273 1.3378
-6.9396 3.3046
-3.0381 -2.7365
-1.2481 -6.5914
1.7415 -3.8061
-3.1967 3.3218
-6.9106 -2.9238
-3.2126 0.5302
-2.6315 -3.0425
-3.1216 -3.2638
-6.5571 -1.4216
-3.8973 0.7853
-5.8612 -4.6229
-10.1480 1.3123
-3.5833 -6.0688
-0.6487 -5.6061
1.7899 -3.0523
-3.7974 -3.3035
-2.4547 -1.3748
-8.0831 0.8629
-0.2053 -7.9029
-0.5451 -3.2468
-6.1149 -4.2194
-5.7074 -4.6138
-3.5126 2.9348
-0.3903 1.2766
-5.7601 -3.6342
-7.0624 -1.5584
-1.3490 0.7770
-0.6945 -6.2879
4.7972 3.6704
-1.0196 -3.8387
-1.0340 0.6918
-6.1486 -1.2311
-1.1481 -3.7292
-2.1351 -7.2703
-1.5018 -0.4458
-9.0290 -1.9442
4.4415 4.0472
2.4969 -0.9574
-2.0902 0.8721
-4.2132 -1.4742
-6.1554 -2.3370
-3.1443 -2.0124
0.5004 -3.8254
3.7556 0.1517
-2.1826 4.6384
-3.1279 -8.1782
0.7858 -3.1374
-1.4895 -3.0488
-5.2416 -1.3890
-1.1756 5.1125
-4.4953 -2.1241
-3.2027 -2.2341
-1.9218 -4.4632
0.0986 -2.9166
-2.0602 -0.8151
-5.4200 -1.4373
-6.9770 -3.9841
-8.9556 -3.3942
5.5362 -5.9678
-6.6015 -2.0667
-3.7108 1.3690
-1.0271 3.1274
-6.7415 -2.6334
-2.2639 -5.9880
-5.4313 -7.1682
4.9304 -1.6789
-6.4442 -1.4783
2.9593 -4.4674
-2.3495 -2.7812
-2.1396 1.1011
1.3888 1.3378
-2.5301 -2.4906
-3.9937 -3.7116
-6.7764 -6.4732
-5.8675 -3.0474
-5.9369 -0.3425
-1.3628 -6.1042
-0.6115 -4.5649
-4.3681 -2.2384
-5.8558 -8.0488
-7.9607 -0.3648
6.3384 -8.1716
-0.8593 -4.1405
-2.2460 -3.3646
-5.7103 -6.5695
-2.0391 -2.7413
-5.7907 -4.8003
2.9180 -2.9513
-3.5018 -1.3605
4.5551 -1.1631
3.0819 -1.8630
-0.5689 -2.1157
-1.3600 -3.0535
-2.9583 -2.6145
-7.8025 -7.1991
-2.6247 -2.9122
-5.7751 3.9986
-6.0291 -7.9642
-0.0594 5.3902
0.0721 -7.9143
-0.5314 -2.7410
-2.5804 -4.6906
-5.2476 -2.1255
6.9211 -1.1713
0.7576 2.0987
-0.3159 4.0477
-4.9752 -4.8847
-4.5307 -0.3085
-8.2211 -2.6919
-5.5188 -5.4403
-3.1095 2.8914
6.1320 -4.3016
-3.3921 -7.2345
-2.9179 -7.3784
-1.0409 3.6625
-5.7156 -4.7556
-2.7003 -1.7910
-3.9695 0.3964
-4.7901 -3.4189
-8.3088 -8.6792
2.4879 -1.8656
-2.5521 -6.8026
-1.8014 -5.9647
-7.9718 -5.2224
-3.2162 3.4671
3.5295 -2.2138
-0.1440 -8.2161
-2.7738 -1.1318
-2.2717 -5.1270
-9.2335 -0.9962
1.5910 -2.1066
-2.0951 0.9566
-3.9355 -3.4041
-0.4064 2.9588
-0.6663 -2.4981
-0.9043 -3.1577
3.8235 -2.2548
-4.9412 3.2526
-0.6522 -5.2127
-3.7492 -2.3109
-1.1413 -2.8939
-4.9629 3.8343
-7.2046 -6.2374
-3.7037 -7.2545
4.2345 -4.4889
-7.9729 -5.0804
2.6424 -6.9838
-0.3797 -1.5128
-4.6745 -2.8201
-6.0722 1.2632
-2.1966 -5.2170
-1.3653 -3.7242
-2.2874 -5.6665
-6.5814 -3.3034
-7.6525 -5.9956
-7.1689 -2.7927
-8.1930 -1.9218
-3.0435 -0.7183
-1.7794 -4.7725
-4.6273 -0.8947
-1.9973 5.3521
-5.4963 -2.4280
-2.3027 1.8984
-6.4464 3.2913
-6.8124 -3.4158
-6.1936 -1.4662
2.1657 -3.6865
-0.8605 -2.0291
-4.9495 -0.7761
-0.2221 2.4387
-0.7976 -2.8054
-3.2132 -2.6648
-6.6639 -7.1979
-0.7387 0.7767
5.1197 3.2969
-4.2051 -1.1730
5.3463 -6.3577
-3.1263 5.0726
-6.5250 -4.2081
-5.3205 -2.0922
-2.6859 -1.0003
-3.8514 7.4779
-4.5283 -0.3841
-6.9963 -2.5446
-5.7910 -7.8900
-1.7716 -3.8125
-6.7135 -0.5390
-0.2954 -5.7009
-5.5262 -2.4769
3.2750 -0.6332
2.3313 3.8626
-6.9886 -2.4643
-7.8296 -0.7592
-6.7554 -3.6186
-7.4947 4.9175
-4.4973 -2.2563
-2.2924 -6.4024
-1.5020 -8.5750
1.6733 0.8508
-6.0851 0.2949
-1.4049 3.7427
-7.1795 4.8762
-3.4518 -6.0771
-5.9526 -2.1392
-8.0542 -2.0343
-0.6977 -0.8610
2.9952 -0.9682
-4.9568 1.9730
-3.8232 -4.3335
-2.9519 -3.7903
1.6619 6.1977
-1.9729 -0.2304
2.3043 -4.5849
-6.0206 -5.6507
-4.5744 -6.9528
-5.3614 -2.7282
-0.0540 -2.8593
-4.1790 1.8204
2.6024 -1.2952
-2.9247 -9.3306
4.4621 -2.5391
-2.1067 -6.4199
-2.4944 -5.0710
-0.5557 -3.9815
2.2134 1.7446
4.7789 -3.7608
-2.2620 -4.7214
-0.8460 -5.4234
-6.0785 -6.7815
-2.1718 -3.1032
-5.5318 -1.2573
-4.5341 -0.1643
2.6907 -6.6075
-4.7675 -3.7936
2.5989 1.7285
-0.2682 -4.9656
3.3065 -7.1313
-4.0499 -5.3894
-4.8711 1.8014
-8.1955 0.5050
-1.6314 -2.2433
-3.8573 -1.8384
0.6614 -2.0610
-6.4424 -0.1442
-1.7607 -2.2257
1.3225 -3.3022
-4.1389 -7.9940
-9.3935 -2.9995
-2.5182 -5.0488
-0.5354 -7.1123
-2.4598 -6.0679
0.6621 3.7514
-0.9571 -7.3946
-2.1492 -3.6764
-2.7409 -2.9972
-4.6539 3.2716
-1.0133 -5.4629
-2.5833 -4.6710
-0.8806 -8.2329
0.1824 -4.2504
-5.1864 5.3139
5.3588 -7.8300
-7.0595 -7.9435
-5.3851 1.4314
-4.9502 -2.4133
-8.7232 -0.9065
-1.0483 4.3281
-2.7161 -0.8102
-2.1020 -5.3288
-2.9968 -2.2580
-2.3062 2.3478
-2.9265 4.6309
-1.7406 -9.0186
-1.4712 -1.2032
-3.8583 -7.7230
-4.8626 2.1234
-2.9566 -5.1556
-4.3718 -3.4499
-1.0003 -1.6180
-3.3010 -4.2594
-3.1236 -6.6302
-7.9562 -5.1815
-6.2607 -0.0937
1.6979 -8.2858
-2.0474 -4.7389
-4.0219 -0.4216
-2.0451 5.1630
0.7753 -2.9110
-1.6213 -3.5906
-2.8561 4.4219
-1.2883 -6.9554
-4.6229 -5.8879
0.3999 0.1204
6.6792 -4.4993
-1.5761 -4.0718
2.4745 -3.0314
-5.4133 -8.8619
-10.0638 -0.4817
2.8911 -1.3479
-7.6138 -7.5296
-4.4626 -6.9138
-4.8023 -3.5934
-5.4648 -4.6021
-1.8239 -6.4490
-3.0952 -9.4262
-4.3617 -5.5567
-7.2327 2.4798
-4.0529 -0.4566
-7.2463 3.5651
-2.7873 -4.4794
-4.8862 -1.4933
-1.9197 -6.3378
-2.2321 -0.6774
-0.7607 -4.2877
-3.5010 -0.5054
-1.2515 2.5347
2.4067 -6.7180
-7.5161 -3.3531
-5.2298 2.3948
-1.4899 -1.8918
-0.3021 -0.9299
-6.7001 -4.2459
-2.0539 -7.4372
2.1424 2.9998
-4.9864 -6.2016
-4.5596 -2.4106
3.9287 0.7017
-1.7030 -3.4828
-3.9940 -8.2538
-2.6912 1.2269
-5.1385 -7.6859
-2.3106 -1.5175
-5.4961 -3.8473
-2.9643 -7.9995
0.1005 -0.8644
-1.7896 -3.1415
-1.9427 -6.1065
-2.7273 -7.6476
0.7677 -7.8785
-0.0052 -0.6644
-5.8201 -4.8063
-2.7358 1.7981
4.1227 0.8897
-2.2486 -4.1846
-2.9504 -4.9558
-4.0516 -3.6903
3.5625 -4.0558
-6.3412 -6.9252
-2.4577 -3.6541
-6.1938 4.3355
-7.1197 -9.1316
-1.3419 -2.1642
-4.3745 3.6701
2.7882 -1.7783
2.6692 4.9131
-2.4372 -3.9518
-6.4433 -3.4032
-1.1505 -3.9014
-1.3958 -8.1700
-4.7316 -5.1376
-0.0936 -6.1283
-0.8981 0.2242
-7.0028 -7.5247
-5.9624 -4.7056
-1.1030 -1.5806
-2.5241 -7.8506
0.1163 -0.6452
-5.4887 0.7996
1.3674 -5.3865
-6.2687 2.7727
1.0351 -3.3275
-2.8037 -4.0596
-2.2429 -3.4460
5.5397 -5.9816
-2.1798 -0.6857
-8.0170 0.5574
-4.9603 -3.6439
-4.9130 0.3125
-8.3075 -2.9741
-4.2910 -1.1564
-5.3178 -6.8040
-6.7084 -2.6363
4.7923 -3.2275
-6.6478 -8.0949
-4.2665 -8.0803
-1.5672 -8.5479
-7.0937 -3.5027
-4.1116 -3.2195
-4.8337 -7.0921
2.3035 -5.8610
-7.4278 -2.1282
-5.0224 -1.3160
-3.3506 -2.0051
4.6420 -1.7856
-4.4401 -3.2320
-5.5866 -2.8178
-8.4090 -7.5658
-6.7002 -1.1363
-6.1598 -2.6087
-0.3520 -2.6374
-6.2830 1.3357
-5.0753 -6.8579
-3.0666 -5.5681
-6.8808 -0.4372
-1.7498 -1.7842
-1.0921 -3.5502
-2.8777 -6.4972
-5.1551 4.3367
-2.5467 2.9345
1.8113 -5.6368
-0.3860 5.5477
-1.8085 -6.3047
0.1193 0.4158
-1.8604 -1.9478
0.4721 -4.8541
-5.3949 -5.1198
-1.9710 -8.4479
-3.1869 -8.4343
-2.8138 5.1256
0.1766 -0.3710
-6.5583 -5.5137
1.5824 2.2482
4.1627 -1.9415
-0.1999 -0.8712
-1.6680 -1.3324
-2.5372 -8.1198
0.5729 -6.7456
-5.6089 -2.9771
-4.6855 0.5546
-3.8549 -6.1108
-0.2700 -6.4210
-4.4720 -3.0452
-2.4948 -7.7416
1.6075 0.6747
0.5160 -7.7368
-1.2362 3.7673
-3.4408 -4.0025
-6.6686 -6.7485
-5.6693 -1.4150
-5.9416 -6.2387
-3.4656 -6.8008
-1.6446 -3.6528
-3.6891 -7.2485
-1.0126 -7.1391
-1.3352 -7.6495
-4.6926 -1.9401
-4.1235 0.6651
3.7135 -0.8920
-6.1526 -1.8052
-0.0062 0.5950
-6.4652 -4.9734
-1.1989 -3.3495
-7.1123 -7.2126
-5.3431 -5.4871
-1.7161 -4.5945
-2.0632 -7.0887
-4.2379 -2.4110
-7.1698 0.0433
-0.9161 5.3462
-7.3762 -5.5416
-1.5866 3.3100
-3.2717 -3.2869
-1.1734 -3.3836
-0.8253 -2.3648
-6.5597 -3.2891
-1.6469 -2.0326
-7.9126 -6.2321
5.7816 0.5527
-5.1441 -1.1379
-6.2982 -5.9830
-2.1050 -0.6667
-6.2327 -5.1462
-3.3892 -2.5578
4.1136 0.5427
3.7804 -6.1231
-2.1389 -2.9931
-6.0184 5.8182
-3.9290 -3.8728
-3.5176 -0.0039
-4.7888 -4.3574
-6.3783 -2.4544
-3.6413 -4.7480
-4.2316 -1.2272
-4.4701 3.1970
-7.6724 -6.1797
-6.1310 -8.4950
-2.6177 -2.5142
-2.0983 -5.6882
-1.0520 -6.5159
-1.2268 -9.4101
-0.6335 -3.9345
-3.6190 -6.8332
-1.7387 -1.5775
-5.7324 3.7626
-5.5367 -2.4698
-2.9450 -1.1974
-7.1906 -3.9711
1.5054 -2.6681
-3.0918 -1.2544
-1.9111 -2.5051
-3.2387 -9.2120
-2.3031 -4.3723
-1.8422 4.3618
-4.3644 -2.8464
-2.6815 -2.6401
3.9724 0.2768
2.6292 -1.7148
-0.9891 -4.0596
1.5526 -3.0862
3.4059 5.6349
-1.3469 -1.0351
-0.2422 5.4316
3.7430 -5.4849
-6.0646 -3.9452
-2.6587 -1.9746
-6.8110 -4.6490
-8.2241 -2.0158
-6.7318 -5.3733
-3.2533 -4.0628
-6.8194 -8.2582
3.4014 -5.7073
-0.4518 -0.8289
-0.4112 -1.7337
-5.1729 -1.1872
0.1937 -5.7459
0.1173 -6.0872
-5.0881 -5.7822
0.6872 0.8038
-6.4596 -1.3854
-1.7799 -5.5771
-3.9119 -0.2094
-0.9659 -2.1022
0.2515 -2.0448
-3.4341 -7.0965
1.1219 0.8075
-3.9217 -2.5332
-0.5157 -3.0717
-3.5708 4.0223
-2.8632 -2.8267
2.1030 -4.6326
-4.1985 -6.6931
-8.5477 4.5501
-4.7946 -0.8397
-4.4708 3.4546
-4.2555 -5.9670
-1.3996 2.1558
-0.5425 -5.7535
2.0827 -2.6224
3.3716 -5.8170
-2.6062 -2.0843
-6.9471 -1.9822
0.4720 5.2549
-1.6312 -4.4529
-1.5352 4.7588
-0.6732 -2.9496
-6.0356 -4.4366
-3.8661 -5.0882
-5.6520 3.6918
-0.6392 -5.8247
-9.1259 -1.0017
-1.4610 -4.4942
-4.3989 -3.8905
-1.5245 -1.7449
-3.2885 -4.4035
0.5227 -5.7512
-1.3807 2.3823
-4.2508 -4.2206
4.0011 -1.0764
-6.3490 0.5070
-4.1305 -0.5506
-4.5917 2.6760
-1.4737 0.3781
-7.9859 -2.5242
-5.6677 -3.8815
6.0684 -1.0746
-1.8596 -1.5578
-1.0116 1.5325
-0.9008 -4.4502
-4.0405 0.1472
-2.8601 -5.3297
-2.1147 -6.3468
6.2238 -8.2440
-7.6909 -0.3517
2.4115 -1.1520
-3.3041 -3.6504
6.3062 -1.3248
-7.3222 -4.2861
-4.0433 -2.8142
-4.9599 3.3487
-3.7068 -4.5960
-7.0145 1.6595
-2.3244 -3.5192
2.7898 3.3188
-2.1884 0.8813
-6.7288 -2.4222
-0.6545 -0.6354
-1.3123 -5.3477
-2.4508 -6.0038
6.0297 2.4849
-5.2199 -0.2963
-2.6278 -4.3981
1.2215 -5.1199
-2.4748 -2.8512
-5.5774 -8.2870
-6.3755 -3.7694
-2.3945 -5.8900
-4.5388 -1.6766
-4.9514 -4.7646
-4.3557 -7.3870
-3.0481 -4.5950
-7.3564 -3.3352
-4.4944 -4.1635
-7.0806 -3.1250
3.2195 -5.1784
-3.8282 3.3610
4.6616 -6.0581
-4.0363 -2.9265
-4.4761 -4.0419
-3.0342 -4.2873
-1.5697 -3.2790
1.3698 2.2132
-4.4521 -9.5938
-2.9558 -3.8647
-5.6132 -1.5566
-3.6372 -4.2751
-3.0747 3.4142
3.9742 -7.6766
-6.6292 3.2481
-4.3828 -1.7709
-5.4694 -3.2661
-2.0556 0.3936
-6.0897 -2.4223
-5.5091 5.2759
-3.4258 -6.3765
1.0021 -3.4635
0.1805 -0.1101
-5.6609 -7.7044
2.3085 -1.2035
0.1500 -3.6953
1.5824 -2.8646
-5.6762 -0.9930
-1.1078 -2.5908
-3.4184 -6.6858
-1.5307 -2.0308
1.4526 -0.9444
-1.0631 -7.0795
3.7364 -2.0565
-5.8895 6.2584
-3.2775 4.2478
0.6517 -0.6161
-6.8479 -7.2210
-1.7825 -1.6255
-1.1033 3.4006
-3.6334 -4.6354
0.6621 -2.2721
-5.1639 -0.6991
-8.9721 -3.5937
-2.3379 -6.3207
1.9675 -8.5166
-1.1980 -5.9702
-5.5337 -8.0031
-6.6820 -4.5088
-3.9381 -0.5012
3.1672 -7.1342
-2.1804 -5.8302
-6.8803 -4.7773
-1.6089 -2.9848
-3.8292 -8.6243
-8.6184 -3.2258
-4.2919 4.7583
-2.3780 1.7414
-2.6582 -1.3524
4.3784 -5.7782
4.4520 2.1029
-9.3380 2.5695
-2.9040 -6.9381
-3.8160 -3.5547
3.0358 -1.4515
2.2566 -3.0663
-0.0220 -0.8722
-5.3689 -1.9565
-3.3730 -6.4313
-7.2271 -5.1174
-8.1195 -0.2538
-5.5914 -3.0015
-3.8660 -4.0617
-3.7429 -6.1560
-3.5303 -3.3347
-1.5525 4.8362
-4.4797 -7.1719
0.4351 -3.3746
5.6908 -0.8209
0.2989 -0.1123
-4.8137 0.1917
-3.4884 -3.6138
-4.4830 2.4405
4.7297 -1.6585
-3.1248 -3.3616
-1.7534 -2.4653
-6.8017 -2.2004
4.1270 0.6086
-6.3782 -2.7000
4.2297 -2.4024
-2.8725 6.5081
-8.4516 -0.9437
-6.2883 -4.7477
-6.3735 -1.9353
-3.4579 -2.8941
0.2035 2.5205
0.1116 -2.4550
-6.0374 2.4910
-3.7928 1.6612
-6.4853 -6.2193
-0.3877 -6.6012
-2.8815 -3.8842
-1.7984 -6.7771
-5.3786 0.6751
-1.9601 -5.9072
-3.8747 0.6678
-0.5527 3.3888
-2.5923 -3.4549
-4.2057 -0.9607
-4.9137 -1.5003
-6.0376 -7.1179
6.0117 -2.6412
-7.3667 -3.4435
2.6543 -5.2834
1.8763 -6.9894
1.6618 -0.3731
-6.9108 -5.5207
0.9482 -1.0516
-6.9884 -5.3940
-3.6095 -4.5001
4.8968 -2.4619
-2.5435 -7.0188
-5.4863 4.7188
-8.8004 4.8189
-6.0673 -5.7360
-7.3322 3.2666
5.2990 -0.2774
-6.0383 -7.0588
0.0591 -7.5646
-4.5059 4.3180
-3.9521 -6.1705
-2.8224 -1.0343
-5.0763 -2.1086
-1.7151 -5.5764
2.2670 2.2671
-3.5174 2.1666
-6.0028 -8.0941
-4.7258 -1.7254
-1.2919 -6.6126
-1.9941 5.7529
-3.1163 -1.9001
2.4912 3.2082
-3.5673 -7.2213
-6.3735 0.2480
-3.8949 -5.8657
-4.0911 -0.1071
-5.0151 -5.7304
-6.5631 -2.4458
-5.2227 4.9421
-8.1605 -0.2145
5.6141 -2.5449
-1.8087 3.2522
-8.3568 -5.8054
-8.7471 -2.1818
-5.6357 -6.1379
-7.4538 -2.3437
-2.9793 -2.3200
-6.5426 -7.3438
4.1483 -0.4709
-7.5264 -8.5290
-6.8338 -2.0059
3.2003 -7.0329
-4.1981 -2.7691
-2.1400 -1.9552
-7.0238 -2.8011
-2.6204 -3.2732
-1.8255 -6.6200
-3.5071 4.2236
-7.6361 -1.1749
-5.8923 -3.1944
-2.2175 -5.3711
-3.4317 -2.4411
-2.9401 -2.6028
2.9361 2.3694
3.1174 -9.0661
-0.8233 -9.3423
-7.5827 5.6763
-2.0086 -1.6189
-4.5471 -4.1222
0.0608 -1.4449
-3.2952 -2.4971
1.9948 -2.6881
-1.3409 -3.5916
-2.0712 4.2008
-7.0638 -5.9664
-1.2843 -3.2450
-7.2722 -6.7846
-8.5753 -3.2045
-0.8193 2.6531
-2.8274 -4.5039
4.8987 -3.1523
-2.0242 -2.6828
-4.3553 -5.6983
2.2744 -5.5295
-4.9378 2.7431
3.9069 -2.4958
-2.6879 -5.6326
-2.2895 -4.3789
-2.7586 -7.1881
-3.0397 -4.0902
-1.8291 -7.9125
-8.4968 0.8626
-2.4330 0.1661
-5.3703 -2.0367
-5.0485 -1.7811
2.4164 -3.4250
-9.3511 6.7402
-7.4621 3.4332
-7.5524 -10.5012
-6.4411 -4.3726
-1.6134 -1.5394
-3.1659 -0.8276
2.2534 -5.9084
3.6615 -0.8431
-1.2005 -4.8126
-5.4085 2.7987
5.5730 -5.0352
3.0643 -5.4700
-1.7911 -6.2667
-3.4881 -4.2986
-3.1309 -1.0101
-5.7063 0.3082
-4.3197 -4.3491
-6.0831 -6.8535
-6.3332 3.5730
-5.9800 -6.5821
-5.5714 -1.8448
-5.4099 -1.0234
-7.2720 -6.8446
-2.4905 -6.3727
-6.5243 0.3801
-2.0159 -6.5928
-1.4435 -0.8236
-7.3757 -2.0674
4.6257 -0.2130
-1.3911 1.0075
-0.9970 -1.3554
-2.4252 -8.8112
-4.7766 -1.9981
-5.0423 -0.8018
-2.5243 0.5904
-1.4194 -2.8514
-4.0149 -7.6703
-4.3755 -1.3164
-2.2960 -7.2271
-3.8938 1.1882
-2.4789 4.2509
-7.3178 -4.3861
-0.5828 -7.8698
-4.3458 -2.6826
-3.6432 -5.2342
-6.1505 -3.2731
-0.4338 -1.8993
-4.1579 -5.7419
-8.1385 -5.1760
-2.6947 -2.5246
-6.1407 -3.1836
-3.0587 -5.9859
-6.6691 -1.0038
-7.1536 -6.1287
2.3710 -2.7738
2.1913 2.6735
-1.3578 0.0075
-1.4328 -2.4026
-0.8724 -6.4123
-1.0665 -9.2561
-8.3346 -4.2623
1.6645 3.7929
-6.5037 -3.7123
-5.0967 -6.8298
-3.3593 -2.8223
-3.1380 -4.8486
-2.9468 -2.8420
-4.3308 -4.1560
-6.6651 -1.3461
-1.1557 -4.6802
1.3173 -4.2228
-7.7767 -4.2903
0.3040 -7.6797
-2.2903 -2.8629
-1.8317 -5.3575
-4.0236 -0.8841
0.9719 -1.2512
2.1227 -4.5350
-4.3476 -3.5258
-2.5281 -6.8886
-2.4861 -4.2228
-5.7444 -3.1561
-6.0502 -7.9819
-1.0470 1.6231
-5.2283 3.1791
-3.1409 -2.0887
-5.0790 -1.6753
-5.1700 -2.4225
-4.6421 -3.1830
-0.7599 -3.2206
-7.4337 -9.5991
-1.7975 -4.6664
-7.6923 -3.9591
-1.5623 -5.9976
-5.1918 -2.1427
-2.8711 3.3324
0.5722 -7.8514
-1.5647 -0.3391
-6.8889 -5.9280
-8.4744 -2.6839
-2.0848 -0.5039
-2.2886 -6.4049
-7.5873 -1.2837
-1.4849 -7.0853
-6.8060 -6.0966
-0.2734 2.0425
-5.1346 -2.4336
-5.9910 -2.1087
-4.7217 -0.5664
-1.9360 -2.4046
-2.8113 -5.0483
-8.9271 -0.4856
-6.6215 4.3233
-4.5063 -5.6428
-1.3996 -2.8248
-1.0345 -6.1502
-2.4747 2.2131
-1.1386 -3.0473
-3.6125 -6.0947
2.6011 0.5518
-5.4317 -1.3066
4.0870 0.4494
-4.0612 -4.2132
1.3928 -6.3976
-4.5445 -3.6340
-3.7943 -0.0349
0.7390 1.4524
4.6137 -2.3355
-4.9787 -9.3823
-1.9180 -0.6290
-3.0901 -2.1179
-8.8260 -2.5805
1.6793 -4.1521
-5.6513 2.1727
-2.2471 0.6771
-1.8076 3.0272
-1.1846 -4.5381
-1.2604 -1.1745
3.5188 -6.1084
-6.4326 0.4942
3.8906 -7.0807
-0.2888 -7.1820
-1.0081 -7.0507
0.4553 -7.1240
-4.2899 -1.0770
-2.4841 -6.7242
4.1938 -5.8428
-2.0728 -3.0732
4.0050 -2.8122
-6.3198 -0.0481
-1.8178 -4.2350
-0.4335 2.2170
-1.9006 3.3301
-1.8089 4.4170
4.7843 -3.9524
-7.3725 -0.9281
-2.7479 -2.6637
-1.9046 -1.2852
-5.0498 -2.9087
3.1890 -6.7181
-5.8766 -7.2251
-2.0285 -0.7238
-1.3130 -3.9822
-2.4851 -2.2836
-3.0148 -2.8837
-0.0969 -3.3420
-1.3531 -4.5591
1.7387 -4.5194
-6.1993 -1.0231
-2.8671 -5.1739
-5.8458 -5.6742
-1.2288 2.0392
-1.5444 -0.6124
-5.1247 0.1153
-2.7201 -0.7824
-6.9750 -5.1506
-6.3055 2.2699
-3.6568 -3.7600
-7.7829 -3.8623
0.8181 2.5978
-2.5728 -0.5942
-2.0609 -9.1719
-5.3717 -5.1334
-2.5752 -5.0426
-1.8087 0.3545
-5.5317 -5.3407
-7.0938 -5.0344
-2.0360 -1.3678
-0.6928 -0.9271
-0.8596 -1.7687
-3.4085 -7.7690
-0.2127 -4.5668
-5.3069 -4.3532
-6.2897 2.4838
-2.6311 -1.2668
-5.0098 -0.7139
-0.3079 -6.7973
-2.5019 -2.9372
-2.6238 -5.1110
-5.3142 -4.3161
-3.8400 -3.0307
-6.2532 3.4669
-0.6660 -2.7161
4.5313 -2.4676
-4.3070 -6.1564
-4.9915 1.6421
-6.7827 3.1794
-4.8678 -0.7321
-1.2550 -6.2925
-2.6435 2.3830
-5.9706 -5.1076
-7.6488 -0.6665
-6.0387 2.1266
-3.7851 -3.0619
-2.5397 -3.3184
-3.2231 -0.8116
2.6091 -1.5172
-1.1215 -3.8889
-0.6260 -4.5310
-0.3944 -1.8412
4.7672 -2.4080
-8.0068 2.5577
-4.0280 -6.0773
-5.5572 -1.3317
3.6755 4.7878
-1.3842 -7.1892
-6.6068 -1.5437
-2.5898 -6.7230
-1.5055 -4.6550
-6.1005 -1.3628
-3.9941 2.3543
-4.4333 -0.8607
-4.8291 -2.6069
-2.7967 -1.9498
-6.6388 -5.0097
-1.9984 -3.5831
0.9563 -2.1384
-3.2545 -3.8804
3.0466 -0.6390
-1.2240 -2.2776
-0.8637 -2.9028
-0.1476 -4.2196
-3.6338 -1.2469
-0.6319 4.2473
-6.0390 -4.6533
-0.6919 -5.2734
-1.3594 4.2431
-5.8972 -1.2885
-7.1017 -2.2251
-5.2177 -0.2136
-1.2027 -5.0151
-3.0515 -5.8127
-3.8121 -1.4980
-5.8318 -0.1920
4.6200 -0.1983
-4.0376 3.8812
-6.5208 4.2657
-3.9598 -5.7040
-3.5975 -2.0398
-7.2402 -6.2824
-3.4554 -1.1367
-1.6361 -4.1360
-7.3456 -5.8562
-6.4025 -5.6787
-1.8556 -5.9740
4.6063 -2.9551
-1.0740 -1.8758
3.4939 -2.8406
-4.8746 -4.9451
-0.7131 2.9247
-0.6155 -2.1614
-5.9162 -4.6719
3.3044 -4.6382
-4.4669 -0.9161
-1.4570 -5.9958
-0.9606 -1.1296
3.0718 -1.0496
-2.1862 -1.7961
5.7435 -5.8137
-1.9504 -7.5632
-8.8656 -2.9880
1.9693 -7.2351
-5.6860 3.9382
-5.6848 -5.6534
-4.2932 2.1777
0.7730 -2.5390
2.3085 -0.7488
-2.5168 -7.2956
-2.0277 -4.2186
-1.8655 0.3977
-7.3122 -3.4031
-5.9427 -1.7182
0.8438 -4.0687
-1.5956 -1.7946
-7.4041 -4.5099
2.0630 4.2323
-4.6356 1.1645
4.1956 0.3014
-4.6900 -0.6708
-6.7538 -4.3455
-6.3982 5.3493
3.2115 -5.4477
-5.2428 -3.5326
-1.7697 -4.9848
-3.2233 -2.5718
-4.6009 -0.0263
-5.1655 4.0782
-2.0095 -3.1928
-4.2665 -4.2767
-5.6017 -4.9722
-7.4649 -5.4203
-7.8821 -6.3788
3.9373 -2.9749
-2.4959 -8.0797
-1.7283 -2.9074
-5.7365 -4.0499
-9.2412 -3.4098
-3.1550 -2.4864
-7.3182 -0.0921
-2.4029 -5.3814
-6.8575 -4.1511
6.4913 -2.8766
-4.0233 -9.2634
0.1960 -2.4461
1.1414 1.7198
4.8373 -2.2591
4.7727 4.4834
-2.4131 -3.0412
-6.4158 -3.4704
-2.1285 -1.0901
-3.8163 -1.6421
-5.1461 -11.3070
-4.7324 -5.0364
-0.6549 3.1594
-1.5320 0.0128
-3.7588 -9.1938
-9.8723 3.3104
-1.3241 -0.3081
-0.9641 1.8926
-3.4910 3.4894
4.2226 -5.1381
-6.3371 1.9320
-3.7767 -1.9115
-0.8754 -5.8085
-1.8337 -1.6753
-7.8624 -7.4398
2.0031 -6.6465
-4.1335 -1.7007
-1.6346 2.6275
-1.0894 -0.5109
-1.5546 0.3374
-2.9235 -1.2109
3.7635 -0.9874
0.5720 -1.3184
-7.3859 -5.6058
-0.5854 -3.8529
-3.5192 0.5635
-7.2019 -0.4290
-4.4695 2.2974
-1.7733 3.5535
-6.4239 -3.8754
-7.4195 -4.4448
3.1634 -3.1784
2.5872 -1.0949
-3.9848 -2.5902
-1.6364 -8.0044
-0.8246 -1.4934
2.5802 1.7403
-4.0691 2.1707
-6.4575 -4.2798
2.7365 -8.0102
0.1498 -4.6939
-1.8808 -0.5606
2.2430 -7.1856
0.3848 -6.1900
-4.4839 -10.1667
-1.4536 -0.0582
-2.1012 -1.3896
-2.3921 -7.8725
-2.2507 -2.4778
-8.0391 -1.9814
-1.2447 -2.5213
-6.5463 -0.7053
-1.3364 -5.8370
4.2890 -6.6577
-2.5971 -1.9991
-0.8677 -3.0135
-6.9112 -1.0686
2.4489 -1.5420
-2.1041 -4.9054
-1.3130 -7.0407
-1.2082 -6.4108
-7.1230 -3.3980
-5.3589 -6.7533
-1.7078 2.9876
-2.2542 -0.4464
-9.0739 -6.7990
-0.8762 1.7220
-6.6195 -3.4637
-1.5454 -2.1833
-0.5741 -8.2505
-5.2711 3.6819
-3.8491 3.3833
-0.2972 -3.5652
-4.1001 3.4213
-7.3532 -2.3140
2.0859 0.7763
-1.9802 -1.4950
-6.9037 -6.6049
-7.0010 -4.1692
-4.1377 -4.1008
-1.7091 -3.3673
0.1222 -0.3172
-4.7254 -1.2071
-3.1977 -4.4527
-2.0505 2.6740
-2.0880 -6.4307
-3.9229 -0.2534
-5.8803 4.8745
0.8572 -1.6659
-0.8408 -1.2430
-0.9709 -5.4991
-1.9448 -3.7068
-2.4072 3.0370
-5.9641 -4.0620
-5.6379 1.7279
-3.0994 -3.0929
2.7247 0.6362
2.1468 -4.4862
-0.9039 3.3719
0.5582 -3.6674
-7.0517 -7.1007
2.2700 -1.1285
-0.0519 -8.4192
-2.3105 -6.3055
-3.7168 -8.0631
-3.2644 0.8631
-0.8027 4.9574
-2.3427 -7.3211
-2.0613 -4.0018
-2.2195 -2.2371
0.3826 -3.4115
-1.4319 -0.7205
-3.4790 -5.1281
-6.9723 -3.0516
2.5103 -5.9731
0.4999 -2.9167
-5.3313 -2.7082
-7.2144 -10.0147
-2.2888 -6.7893
-2.9952 -5.1377
-3.6149 -3.9567
2.7471 -0.7782
0.1135 -3.7095
-3.0260 -1.4379
-2.3835 -1.5752
3.3317 -4.1114
1.5277 -6.0398
-5.5996 -1.9136
-2.3502 0.1210
-5.3942 -0.2225
-2.4070 -1.6232
0.1958 -9.9690
-1.1356 -6.1106
-2.5508 -0.7948
4.4251 1.5954
-1.6880 -6.0528
-1.6266 -4.5460
1.4552 0.0663
-5.5997 -4.8593
-1.5446 4.7506
-4.0776 -1.7911
-1.6221 0.2104
