5
-0.0419 0.0886
4.0440 -6.9859
2.4193 -6.8069
3.0868 6.0965
-0.1143 4.0394
1.6212 0.2968
3.7507 4.0148
-6.3040 -4.3163
-3.9858 5.0176
-4.2614 0.4936
2.4608 -5.4184
2.8926 -7.7455
-6.8117 -8.6005
2.5032 -4.8266
5.3636 3.1354
5.6623 -6.8891
5.3544 -5.0400
5.7544 -7.3110
3.7468 -4.9484
2.1408 -4.8783
2.5483 4.4683
-1.4110 6.6853
-3.3652 0.8726
3.2080 4.3705
0.9869 1.2564
3.7290 -0.4961
7.2508 3.9072
-5.6593 4.7308
3.0856 -4.4914
1.2093 -2.0379
3.8768 5.6255
-4.6100 -5.8424
-5.8289 -5.9445
4.7056 -4.8607
-1.8144 3.6605
-3.8385 -8.3710
-6.8060 4.4388
-1.6213 3.1328
-1.5009 0.3970
5.1309 6.1324
-0.8248 -3.7080
4.7431 5.8054
5.5633 5.9957
3.9088 2.0503
5.1631 5.2099
0.7862 4.4694
4.8909 -4.8467
-7.7571 -1.6633
-4.2391 -3.1650
-3.1767 -1.6889
-5.2252 -4.0230
1.4394 3.7182
3.1860 -3.7578
-8.9324 3.5871
2.4715 -3.9728
4.2243 5.1468
4.0880 0.5598
2.8805 -5.6979
1.5996 -2.0827
-4.7357 4.7717
5.3412 2.9811
-0.2123 4.8844
3.9243 0.5312
4.4920 -3.5793
-11.6865 5.5211
4.2033 -0.2246
-1.5284 -8.8917
0.2105 3.8050
2.2710 -5.7872
2.7335 -5.5274
6.3001 4.3148
-2.0734 8.0282
2.1234 -7.4777
1.9777 3.9382
0.2554 -0.5290
-2.8152 2.3974
-3.1156 3.1855
4.2005 2.4019
-5.5315 -2.8536
1.3375 -1.8025
-2.9748 -1.7401
7.1798 -1.3217
4.2793 5.0218
-11.6297 3.1243
-3.5797 4.6663
-4.6621 4.4314
-6.6506 0.2236
3.5243 -5.2273
-1.0859 2.6645
3.4298 -9.4891
-4.1072 6.3368
-9.7935 -10.0505
-7.3989 3.6783
-7.2708 1.6552
-2.0832 -1.0820
-1.4006 -4.8666
5.1418 4.5223
-3.6547 4.8307
0.6877 3.0362
2.7201 -4.7719
-8.7600 4.1837
-5.3922 -4.8628
4.4513 4.4386
-4.2122 -1.9159
4.9087 -6.7287
-4.7179 -4.0830
-6.0968 -9.5705
-7.3875 -0.6621
-0.7654 -1.5502
-4.1489 1.8817
0.1320 -7.7509
-3.7337 -5.8733
-5.8828 3.9251
6.7307 2.6345
-2.5742 -2.8429
-4.3934 -2.1061
2.2828 -6.8614
-11.0954 -5.2974
-10.7444 -0.8450
-4.3867 -7.5481
-3.6634 4.7177
7.2124 5.2004
4.3603 -2.4877
4.6845 -5.4512
2.9007 -1.8739
6.2115 -2.4685
-1.9461 -7.6267
-4.6412 5.2128
-3.0111 3.4574
-2.1582 4.6881
-2.1841 8.5124
1.6292 -7.1550
3.4145 -2.3694
1.3364 3.5300
-6.9110 -8.9065
-0.0399 -1.3847
0.6952 -2.6737
-2.2256 -2.5332
4.7685 -3.8415
-6.3612 4.0898
-6.0689 5.2325
-6.1933 3.3164
-6.5611 2.0153
-0.2306 5.0518
-2.8663 4.7033
-1.1283 -2.1688
1.9915 0.9233
-7.5314 -1.1425
-8.7280 0.1987
3.1174 6.6763
3.6639 3.2609
-5.5674 1.9394
2.1843 6.1308
5.3141 3.4631
-5.4529 7.0384
1.7747 1.4802
-7.0034 -5.1364
-7.3333 -3.3721
6.0749 -6.0164
1.2253 3.6788
1.1582 -4.6125
5.5023 5.7793
-2.1255 4.5859
-5.5996 5.4429
4.7042 0.4994
-6.0652 -4.2188
-6.2452 -4.2202
-0.4601 0.1334
3.1469 -6.4389
5.4688 2.4005
-9.9673 4.9991
-11.0102 5.5465
4.2369 -7.3254
-2.0385 0.1860
1.5826 -2.0224
2.8313 -5.4133
5.0351 -5.1144
-7.3856 0.4987
-3.6659 2.1276
6.4991 -8.2369
-1.3254 3.8832
-2.0119 -7.5437
-4.1039 5.2232
4.9137 -5.4910
4.2914 0.5878
-1.6197 -7.6416
-5.4334 -6.5367
-0.2803 5.6279
-2.6427 5.5768
4.3665 1.8836
4.6506 1.1779
5.6424 -5.7977
-6.6031 1.5673
-6.0363 3.1698
5.2257 -2.8988
3.7538 6.0189
4.4326 -2.6775
4.2952 3.9329
6.7878 -5.8957
-10.4845 6.5011
3.0714 0.0909
3.2736 -2.0856
3.2728 2.6887
0.3215 3.2028
5.8511 4.0133
5.2947 -2.3025
-3.2040 3.2364
-7.6368 -3.4005
3.1375 -1.4916
3.9946 -3.2932
-8.8510 3.2692
3.4681 -7.7805
-1.1698 -9.1632
-7.1953 -0.7517
-4.7498 1.0079
-0.9261 7.4599
4.5631 3.5595
-4.1004 -0.0521
3.5320 -2.1483
3.9594 -2.8120
-2.3384 1.8200
3.4693 4.4595
-4.9197 5.3666
-4.1339 4.9257
-3.5021 5.9005
-4.8865 -2.2263
-4.9473 5.7392
2.1325 5.0194
5.2137 0.6286
3.6435 -1.9410
-3.6748 -2.7032
5.7095 -3.9331
4.3401 -5.3066
-4.5084 -0.0109
3.5707 -6.7811
-7.0130 -6.6487
-3.2891 -1.1185
-6.0094 -2.5896
6.2615 -4.2206
-4.8880 2.9612
1.8101 5.4792
-2.6685 5.3397
-4.8840 4.6922
-0.9315 -1.3967
-0.4560 3.6053
4.2932 5.2608
-4.3532 4.6081
-5.3376 3.3255
-7.0456 0.5829
-5.5339 -0.2235
-3.8726 6.7948
-2.7224 -4.2252
-5.9508 5.9212
5.1005 4.7885
5.3873 -9.0494
-7.1478 -1.8863
-1.3803 4.1844
-5.7142 3.7952
0.9536 1.4440
-5.1833 2.6595
3.4662 -4.0001
-2.1980 -3.3520
-1.5696 -4.0623
-3.9307 4.2440
5.3850 4.2707
-1.2715 2.1657
-2.2695 -6.4248
-7.8155 0.6261
5.2980 -8.5463
-1.6413 -5.4950
-7.4558 -9.5392
4.7981 4.2352
-3.5743 -2.0773
4.1679 1.7014
-5.2343 5.0860
1.4660 5.5181
-6.4346 2.3205
-0.1353 -10.2236
4.4217 -4.9662
1.5633 5.7403
3.5728 -8.1482
-4.9698 -3.5346
4.9968 1.8939
-1.2071 0.4953
-1.9396 -8.5169
5.2324 -4.0329
-2.1443 6.3459
-4.0140 2.1683
4.4119 3.7643
-5.5125 0.7252
2.8891 3.2543
-6.9003 -3.4764
6.0513 -2.4984
-6.2217 2.8058
-4.2584 5.5619
2.3816 7.1310
-1.0083 -0.7231
5.3707 -5.4795
3.9337 0.2971
3.6907 -8.0774
-2.0821 -3.4393
-1.1985 -2.2856
3.8291 3.4418
-5.3510 -4.8098
-4.5408 1.4117
-6.6617 -2.8988
-5.4619 5.9215
-0.5869 4.7929
0.1739 -2.1483
0.9368 -1.9140
-12.2499 -8.2573
-7.5928 -5.5305
3.5865 -7.6113
3.3126 1.9455
1.5498 -1.8192
-6.3844 1.2331
3.4092 2.6563
1.8834 2.7400
-5.1240 2.8863
-0.2721 -1.2741
-7.3751 1.0067
-2.6397 5.3467
1.0408 2.7646
3.9886 5.4041
3.5481 4.8174
4.0263 -7.3227
-6.6319 4.8627
0.0843 4.1317
5.6963 4.7441
2.7370 6.0797
-0.0240 -6.7332
-2.4781 6.8847
-1.1417 4.3173
-2.9972 -4.6831
-7.1409 -2.2377
-6.5047 2.9837
-1.8716 -6.6384
-6.3878 -2.4127
-11.3917 -1.1425
-5.3004 4.5989
4.4129 5.5379
-5.2630 4.8706
2.3362 6.2194
-4.3140 -4.6423
4.7331 2.7520
1.4016 1.4556
-6.1648 4.8116
-7.3832 2.2481
4.9449 -0.9503
-3.2425 -1.1000
-2.8651 8.0193
3.8788 -3.9980
-3.6703 1.8626
2.4903 4.8847
4.2005 5.3142
-2.1322 4.0303
5.4447 2.2827
-5.1520 -4.8808
5.6390 -9.8509
6.5082 -8.0915
3.9418 -5.9274
-1.0761 2.8001
4.1399 4.3972
-3.3138 4.8051
0.9188 -7.4184
3.3646 3.8759
-4.8020 3.8967
4.4247 3.1193
4.7937 2.9695
3.6424 -4.0081
6.1963 4.4112
4.8526 -4.0646
-0.1070 -0.5757
-12.3061 3.9836
-8.8816 -4.5796
-5.8701 -9.0432
1.6118 3.8458
3.2076 3.9425
-2.8931 5.2350
3.5995 -9.1719
0.4370 -3.5703
-6.3453 -0.9291
1.2516 5.2981
-8.1608 -8.4282
-2.7939 -6.5786
2.1480 3.1955
-9.5410 -2.1286
4.5888 2.8727
4.5832 6.4071
1.2642 5.2548
5.2878 2.0457
3.7908 -7.0365
6.1691 4.0076
-3.7976 -3.0002
6.4526 3.8165
2.6533 -3.2285
-6.3802 -0.9144
-5.1509 -5.8523
0.0926 3.9411
-8.2491 -5.0751
6.4489 -0.5480
3.3447 6.7008
0.1253 -1.9951
-6.4868 -2.5020
4.4362 6.3115
-7.6349 -0.9856
4.5209 5.0248
-7.2377 -8.1057
-5.5020 -5.7878
-2.5856 -4.3809
3.7832 -2.3324
-3.1155 -6.6632
-6.9284 7.6505
-2.8050 0.5032
-3.4959 -5.2796
3.6580 4.7960
-1.9769 4.5897
3.1838 -4.5729
-1.4221 -3.6693
3.0640 3.3921
-0.3642 -0.0974
-3.1635 -1.2305
-10.6790 -4.1596
5.4872 -5.6916
-1.0164 1.6539
-3.9558 -7.5136
-4.0191 3.6780
4.4998 -6.4036
-6.9986 4.9848
5.7370 -3.8751
-0.2811 -5.3976
0.9773 -5.4142
-5.2261 0.7779
-3.9105 5.7592
-5.2588 0.3303
-8.0325 -4.4794
3.9033 -8.1891
-2.5045 4.3207
-2.9857 0.5387
5.6719 4.8713
4.5072 -2.9938
-5.3682 -4.1858
-3.9897 -4.8724
-0.6164 -1.7003
3.0817 -3.1770
-0.4620 -3.1971
-9.3128 3.5663
-5.8773 -3.1331
5.1488 -5.8685
-0.3247 -6.5302
4.7846 -2.8303
3.9384 -3.1299
-5.8236 -3.1030
0.1093 3.3028
1.5101 0.6845
-6.4496 -0.7100
4.3288 -4.6750
3.8180 -5.1624
-6.1617 -6.8372
-7.9948 -5.7039
5.3291 6.7828
7.2619 1.0406
-6.7753 5.5710
4.2225 4.9160
4.8288 2.8931
4.7429 5.0657
-4.0627 -2.5257
3.2826 -4.0189
4.0216 -2.4122
1.7816 1.9990
4.5945 6.2798
-6.8324 -2.9662
-5.7529 -6.1348
5.5867 -0.1741
-4.4235 -4.4567
-13.5207 -2.9252
6.9754 -3.7937
2.4002 -6.0028
-4.6291 2.5920
4.3900 -7.4214
-4.9694 -8.2303
1.5041 -2.3644
2.7573 -5.1241
-2.0547 5.5278
-5.6376 4.6731
-8.6302 4.7027
6.2629 -3.3601
7.2795 -4.5027
-6.2572 -6.1686
-4.6893 3.3285
-6.0931 5.1346
3.1891 5.3039
4.0690 -2.6089
-5.3635 6.0100
4.4532 -7.4184
-3.6587 1.1669
2.8559 4.2874
-6.7307 -4.3603
3.4095 -0.8759
3.7099 -4.9621
-4.9571 0.3958
-1.6313 -7.3483
-6.6318 0.3203
-6.6731 -3.5888
-7.8118 -0.2372
4.8528 -4.9717
-0.5963 5.4200
3.3271 4.5170
-1.1150 -5.4295
-1.7271 5.7134
-3.5314 -2.1209
4.5647 -0.0284
6.2194 2.4868
-0.8131 8.2642
-1.1718 6.2437
3.4484 -7.7755
5.5954 -3.9411
4.1398 -1.8918
2.9523 3.6320
-4.2898 3.6196
1.9314 5.9598
1.9685 3.3792
-4.3801 -4.2219
-2.9739 4.2035
-5.2976 2.6773
-3.3062 1.0528
5.6966 2.6670
2.5087 -0.5729
4.6384 3.3208
5.5002 -2.6721
-5.8371 -4.5766
-1.5314 -1.5001
-8.2764 2.3630
-1.9624 -4.0123
-8.1245 -1.4195
-5.6359 2.8226
-1.6378 4.4131
5.2558 4.6790
5.8648 4.5086
-0.5292 4.8777
-3.4553 -4.1563
6.0782 -3.4872
4.8249 5.0272
-7.9745 1.4035
4.0377 -2.0153
5.0112 2.7296
1.4567 -1.0906
-1.0517 -4.7999
0.2618 3.5880
-4.7041 4.9271
7.1410 -7.6238
1.9329 -4.0515
-5.5752 -3.8110
-1.6747 -5.7083
3.4803 1.0877
6.5093 -1.8403
-6.6575 -0.1212
-7.4262 2.7835
3.7223 6.3577
3.1250 1.0063
-4.5108 -1.4320
4.2554 -5.0635
-2.1927 -5.8056
2.7105 4.3434
4.0818 3.0565
3.9509 -7.8198
-7.2652 -1.7349
-7.3767 -4.5930
4.4722 -4.9154
-3.4418 0.2911
-5.4467 -1.3217
-2.9404 -8.8721
-2.9470 -4.1337
-0.0650 4.0757
-0.1027 0.3621
-5.7574 -1.7067
2.5691 -0.2588
6.5928 -3.7900
-9.4642 3.0850
-2.1368 -6.2038
-7.9322 -0.2687
5.3703 2.7873
4.3333 3.7606
4.3662 2.1944
4.2078 -1.3420
1.4111 1.2061
-8.4523 9.6321
0.6887 -6.9529
-4.9144 3.4165
-2.7879 3.8910
-1.6821 4.5463
2.9617 1.9993
-1.5920 -7.2208
4.8168 2.0044
3.6502 -6.3774
6.2931 -4.7646
-5.3155 -3.7633
-2.0172 6.0913
-8.0936 -9.0364
-1.5772 -2.0536
-2.3200 4.4414
-5.1242 3.4646
1.9702 -5.8033
-5.4908 4.3551
-1.9158 -2.6266
-4.1172 -1.8452
-2.2087 -6.2841
2.0489 -1.0041
-4.1983 -4.1936
3.8259 -6.5980
-4.1441 2.8244
0.0940 6.1233
3.7780 6.6370
4.4195 -3.7163
2.7929 -2.1337
-7.0175 5.1108
-1.0360 -5.5171
-4.5596 4.7572
-2.0517 -7.6267
-5.8951 2.1764
6.2031 -9.4021
4.6147 2.2096
5.4010 -1.8965
-4.4585 4.3685
-5.8800 -6.4247
2.9374 2.9612
4.0069 3.4005
-5.7938 -2.8477
-4.1957 -3.0078
5.7402 -0.7125
0.4575 -2.6273
3.4909 4.1010
-0.2948 4.5303
-4.8223 -8.9884
5.1090 1.8191
4.6166 4.4186
1.2692 5.6890
3.5643 4.1615
4.6326 -1.0668
-3.7255 -4.3496
3.9873 4.0814
-6.7904 -6.3805
-3.1211 4.8092
4.8615 1.6256
-8.5100 -4.0935
-3.8469 -4.1247
3.3382 -8.6356
4.3341 2.1765
5.8702 -4.8734
-6.1418 -4.6301
5.3624 4.9500
2.0329 -13.5812
3.5231 5.2592
0.9879 4.4165
-2.5328 -1.7680
7.9049 5.1175
5.6581 5.7108
1.5238 4.8676
-2.4027 -6.7907
5.0311 -4.8442
5.9622 2.4625
-11.9889 -7.1879
1.5303 -3.1027
-0.2101 1.6359
-5.7911 8.8503
1.5011 4.1232
-5.1172 -0.5346
4.8364 -0.5779
-7.8219 -7.9485
0.9805 3.9121
4.0739 4.8799
3.6092 6.7533
5.2755 -10.1632
1.5639 -4.0735
1.9089 -6.7043
-3.3645 4.3890
1.7021 4.6550
-4.1836 -6.7984
2.7566 -1.8796
4.5638 -4.7369
0.2577 -11.2370
-1.8494 3.3784
3.1069 -5.0810
0.5776 -2.3865
-9.2509 7.1258
-1.3481 -4.4816
-3.4297 2.5954
0.2437 -4.1135
5.4671 -3.0098
-0.0892 -4.4935
-4.0111 -5.6546
6.8135 -0.9003
5.3509 -7.1749
1.7760 0.5473
4.0776 1.5419
3.4442 -6.1888
3.2952 3.3951
-2.4875 2.8876
-4.7816 -2.3319
2.7142 -7.9976
0.2817 4.2108
2.0465 4.6824
3.4938 5.2711
4.5209 -7.2182
-5.3974 1.6768
8.1768 -4.9275
6.2005 3.0533
5.0793 -5.4498
-1.5552 3.4847
0.9654 5.0588
-7.2517 -0.1405
-8.4809 -8.9018
-3.8577 3.9645
3.3645 0.2684
5.9337 -4.2374
-5.2638 -3.3629
-9.1355 -1.2728
-2.5376 6.2436
3.2965 -2.5261
3.7818 -8.1780
3.6117 -5.7553
4.0438 -1.1828
6.0824 -7.0605
-3.1250 5.1784
4.8500 -1.1259
0.8216 8.2631
-5.1564 -3.5096
4.1995 -0.6268
1.4326 4.9489
5.9124 4.4130
5.9167 1.6083
2.8793 -4.5886
-1.9375 -3.2683
6.6518 -1.2424
2.7586 -4.4314
0.2835 2.5919
3.2467 3.1335
-10.2697 2.2540
6.4545 6.1174
-1.8579 -5.5409
6.5292 6.3729
7.6737 -1.3533
-8.5324 -4.3399
5.1104 -8.7786
4.9911 3.1121
3.8853 2.9135
-5.4798 -0.9091
3.0200 -0.8297
4.3366 -7.9340
3.3013 4.8719
-7.9750 -6.6044
4.6529 -1.1085
3.7100 4.5744
2.2743 -2.5028
-3.6331 -4.3812
-7.1477 4.5639
-5.3178 -3.6876
-6.2034 5.8115
-2.4537 3.9774
4.5591 0.3302
2.5896 6.8573
0.2074 3.1761
3.2624 -5.6361
4.2941 -2.6279
-0.3692 -5.9687
-1.5672 4.9079
3.6719 -3.6022
0.2386 -4.0928
3.0292 -1.4162
-2.2783 -6.7501
-0.1546 4.2767
2.4799 6.9435
-6.4024 2.6562
6.3482 -5.8682
3.2087 -0.8307
4.0331 4.9478
4.2053 -5.9082
1.3764 3.6593
3.7104 3.2487
5.8017 5.5392
-9.4348 -9.7619
0.2400 4.7429
-2.0992 1.4975
4.3064 4.0720
-2.7260 -8.4570
-2.4997 4.8382
5.0460 5.7039
1.1426 6.2415
1.9414 -3.7570
-1.2149 -5.0429
-2.3694 5.8118
-9.1574 3.8060
3.8649 6.4384
-2.3565 3.9335
-6.4289 -4.7434
4.5278 -1.4765
3.1790 2.5129
2.4495 5.3994
-2.0889 5.1013
5.4883 4.5219
-6.7529 6.2375
1.2360 -5.8931
-1.9261 -2.1154
0.9587 -6.6839
2.2549 -4.2223
5.4119 5.9871
-6.7554 -10.1929
4.0183 -4.1368
0.9366 -1.4752
-1.4944 -1.0011
0.1143 1.8433
-4.0424 -3.9689
-5.5586 1.7781
5.0950 -6.7756
1.5483 -3.7397
-2.9736 3.6373
3.7208 -0.3502
4.1209 3.9733
1.7390 -7.8606
4.6415 -6.1769
4.9543 0.8513
3.2306 -2.4712
5.5490 -2.8604
-11.0025 -2.2994
-2.3796 -2.7693
5.2390 3.4408
-3.1649 2.4465
2.4314 4.2479
4.7079 5.6594
-6.9244 3.6386
4.9236 -0.8200
2.5352 4.1502
-3.4099 -7.5629
-4.3799 3.9661
-5.2682 -1.0767
-3.8954 3.0248
7.1703 -5.1135
-0.4189 2.8050
4.3174 -1.5599
3.4979 3.0256
6.4527 4.7895
-6.0004 5.5921
4.5459 5.9637
5.0205 3.4743
-4.7795 -3.2814
-4.1161 -4.5716
-6.1090 -3.0832
-1.9626 2.6667
0.6499 -7.7741
-1.7224 -0.4813
5.8564 -7.5978
-1.8621 5.1560
-7.5698 5.2807
3.2370 5.0573
-3.6715 5.5274
-1.2891 -1.2927
4.4615 -6.1394
-2.9860 0.1881
6.3847 -0.7964
-4.7745 -8.4248
4.9309 -5.4840
0.9404 -6.4766
4.5018 1.6290
5.4471 -1.2698
-2.9568 -7.1533
-1.5284 -2.6996
-4.4277 -1.7977
4.8974 5.2650
-4.0884 5.7149
2.7506 5.9692
-4.3921 -3.4579
-1.7663 -3.4540
4.9759 -7.1777
0.5950 -5.4115
6.3704 -8.1423
2.5599 4.3179
-4.5461 -4.1568
4.2694 -0.5690
-7.4321 -2.5996
-7.5658 4.7485
2.7721 5.0295
7.0268 6.0768
5.3102 -0.3028
-3.4014 -6.6568
-10.0657 -6.7798
-4.1712 -5.4783
-4.2352 5.9755
4.0412 4.0017
7.2575 -2.9022
-1.4605 -0.7862
5.0080 -4.3102
7.7414 -6.5165
-7.1901 -2.0946
1.6440 1.7818
6.5958 -2.3248
-5.4656 -3.1635
5.2638 -6.7319
-4.9049 -5.0501
-4.2656 3.6694
5.4056 -10.4394
-0.0512 -2.9971
-4.6147 -1.7485
-5.6953 -1.4453
-6.1683 0.0373
-6.2219 -4.1582
-1.7084 -5.4752
5.6755 5.3408
-5.8713 4.3939
-0.9573 3.5782
4.5567 5.4793
2.4850 3.6844
5.3594 -3.1435
-2.2681 -6.0063
4.4757 4.9475
-6.8886 3.2170
3.9839 -2.5333
4.3763 -4.6388
-7.5339 0.0005
-8.3988 -9.1795
-5.7025 2.2044
1.9416 4.8354
3.4889 -3.2716
5.8909 1.5696
4.4595 -1.4655
-11.3637 3.9531
-6.2161 2.7209
1.7382 -10.3222
4.2524 4.7561
4.5001 -3.5898
-8.0411 1.8653
-6.1845 3.9644
-4.5954 5.4894
-4.2458 2.1013
-1.4019 4.3954
-5.2532 6.3170
0.5152 0.7840
-3.6783 -4.7280
-5.2753 -3.7254
4.2285 -7.2804
3.0993 0.5334
-2.7164 6.5659
3.1197 -7.0961
-4.7830 -2.7932
3.4255 -4.0940
-6.1944 -0.1962
2.7141 -9.1163
4.8785 3.8308
-9.5831 -1.1895
2.5869 -5.9503
5.0743 2.3123
2.5836 -10.2058
-1.9555 -8.4946
-5.5139 -2.5295
-0.7335 1.3422
-6.8547 -2.0817
4.8118 4.5599
0.3626 3.6183
2.4988 3.9437
-2.0712 -8.6204
3.4180 3.8926
4.2811 6.6988
3.8947 5.6299
-2.7741 -4.5450
4.4352 4.5869
-1.2627 -4.7994
4.3785 -0.6704
-3.4007 1.0996
-2.4305 4.5597
-3.4713 1.4917
3.9545 -1.6357
-3.6007 0.6655
-5.4662 -12.8182
5.0274 -5.7605
1.8767 -8.3084
-0.8031 -5.1332
-1.6784 -3.9723
3.3535 4.8020
-4.7153 4.3260
3.1309 -0.7712
-3.7691 5.5487
-3.5575 4.6253
-4.9937 2.3983
-6.9783 4.9320
-0.2432 5.0566
-6.1535 4.3071
1.1296 -4.1088
-11.6572 -3.0758
-4.0065 -2.7475
4.8203 -3.1062
0.9308 -2.4228
2.9930 -4.8370
-3.8063 2.1181
4.7773 -4.2751
1.3723 -7.8761
-7.6203 -4.8256
2.0947 -5.6605
6.0523 4.4699
5.5125 5.6553
3.1706 4.6473
-2.9123 4.6886
-2.8926 -4.2073
4.2133 0.7303
5.5802 4.8374
-2.7544 -6.5233
-4.5237 3.3686
2.7711 -1.1164
-6.2974 -2.9319
-5.7753 -0.5832
-2.4062 -7.8993
0.8358 -4.4413
-3.5943 2.7265
1.7716 -5.3592
0.9993 -1.2403
-7.2701 -8.5737
4.0369 -2.1047
-0.1410 0.9545
-6.2235 2.5694
-3.8011 -1.2702
-5.6612 5.1961
7.1564 -2.7013
0.5533 7.1252
2.2162 -6.2677
-7.5498 3.5300
4.4692 -2.5992
-7.8597 1.5829
-1.7619 4.2228
5.9599 -4.4001
-4.4228 -4.0929
4.3408 3.3340
2.2671 4.7239
-5.5337 -1.2071
-3.2564 5.5429
4.5336 5.4033
-4.4795 4.9184
-3.7692 4.5347
4.1461 1.2568
3.9194 -2.1060
0.3190 7.3604
-3.5933 -5.2139
4.5664 3.3801
-5.2381 -0.7651
7.5188 5.0417
3.9364 -5.0927
2.4869 -5.5953
-5.5396 2.8195
-4.7717 3.9926
1.4991 -2.0497
0.2127 5.3389
4.0506 3.4559
4.0278 5.9254
-2.2383 4.1406
4.1577 4.5861
5.2283 5.1315
-7.1582 4.5317
5.7230 4.0534
5.2138 0.6572
-0.6278 3.6166
2.7038 1.4679
-7.4288 1.9371
3.1934 -0.4194
-7.2472 -2.1921
4.0964 -5.7769
-0.6980 5.9195
-7.0694 2.8738
5.0875 -7.1077
2.1155 -6.6427
3.2130 4.8154
1.7380 4.0475
4.5853 -8.7082
-2.0679 -0.3980
3.8185 5.2572
-1.7878 3.7202
5.0447 5.6667
-3.5586 1.4974
5.7064 -9.8634
4.3766 2.9837
3.5175 3.9680
-2.5617 -9.1613
4.9807 -5.8295
-3.8683 2.2376
-2.6774 -3.7811
4.9316 1.0816
4.7253 -5.9810
6.4580 -5.6783
-3.3298 -5.5844
0.0944 -2.1169
2.2026 5.8673
-0.6568 1.3017
0.3258 -4.9499
5.5016 0.9710
6.4886 -5.0086
-3.3507 -6.7988
-8.1094 -8.5924
-3.9202 -4.6503
-1.1503 3.6749
-3.2676 4.0269
-8.2305 6.1736
-4.8834 4.0547
0.7884 3.0266
-4.1934 -4.2290
3.9666 -5.1236
1.5045 5.0723
5.3588 4.9416
0.8470 3.6580
7.8903 2.3126
4.9355 -1.3913
-4.9352 3.6633
4.2905 1.2208
3.4646 2.9517
-5.8176 -1.8975
2.3165 5.4837
1.2643 7.6040
-5.1930 3.7718
4.1139 -5.7633
-5.3406 -5.4800
4.8851 4.1907
3.7428 -8.1715
4.1061 -7.5648
-0.5533 -6.0976
-6.4240 2.1378
3.1609 -1.1853
-1.7795 5.4896
-3.3693 -5.5854
-0.8085 3.2569
2.8518 2.7064
5.3665 -1.7075
-1.6179 -4.6939
2.6022 -8.6084
-5.6642 0.3131
0.2854 2.1483
-5.3681 4.4993
4.6767 0.8152
-10.2445 3.9264
-3.6770 4.5402
-9.1554 -5.5722
2.7072 6.2197
5.5983 1.7738
4.3281 -2.6288
2.5132 1.3219
-3.7783 -0.1573
-1.4693 -1.6570
-4.8932 -0.7557
5.0389 3.5493
-4.2060 -1.2312
0.3345 3.9760
-5.0353 0.6572
3.9421 -0.0307
5.1195 -0.2746
3.9769 3.8805
1.3935 -6.2790
-6.8648 5.2296
-9.3225 3.9552
-5.4919 -1.6370
5.8002 -6.6226
-0.3934 4.0285
-0.3498 -0.1776
-2.2547 -4.7919
-5.0741 6.9248
-5.0004 -3.2852
-5.1473 0.4968
-5.3129 5.5659
4.6714 5.5935
-2.2280 5.7204
4.9921 2.7864
2.4460 -2.4296
5.0205 4.7706
3.3405 1.0835
-1.9005 3.5166
1.7726 -6.8255
-0.2572 -7.7910
-6.8643 -3.2920
-1.8451 5.4904
7.0652 -6.9557
-6.8810 3.9712
-9.3293 2.8191
6.3140 -4.4726
2.5367 2.1782
4.6828 -2.2608
5.3437 3.7716
5.3601 5.8477
4.0795 6.2304
-1.6881 -5.7688
-5.6389 0.6853
4.7605 -2.8060
-3.3289 -4.7599
-5.9834 5.2700
6.5515 -1.7551
3.6920 -4.3759
-8.8127 4.0571
5.9747 7.6543
-7.6238 2.8331
-3.1792 6.3118
-5.4227 4.4850
-7.3823 -3.9753
-3.1403 3.0802
-0.7087 -4.4910
-3.9375 3.7988
-7.6131 7.5818
5.6289 -4.5865
1.7771 5.0302
4.6868 1.7356
-3.9971 -5.7097
-7.0328 2.6021
3.5865 -2.8743
-3.7186 -4.6199
3.2640 -7.0997
5.3006 -4.6516
-8.0649 4.0224
0.4739 -5.8965
4.6668 -0.0992
0.9532 3.3942
4.8820 -0.9429
-1.0475 4.5041
4.2708 4.7084
6.3716 4.9057
-4.4848 -6.1303
3.1390 3.1043
-5.1695 4.3848
5.3349 5.0473
4.5308 -6.3536
5.3206 -4.0889
5.1515 5.6346
-1.5745 -1.9677
4.0391 2.7529
3.0518 0.3677
-3.1711 -8.0160
-0.1900 -4.7106
-0.0548 -0.9071
5.8413 4.6253
-4.8469 -6.4621
4.6628 3.8617
-2.5657 4.5555
3.0831 5.0534
3.6958 2.4470
4.0879 -4.0581
-2.6602 2.2807
-2.7121 3.8914
3.1408 4.9040
-2.1756 -0.6319
-2.9290 4.6506
-5.3388 -8.2210
4.0996 2.3867
3.5798 4.8746
-7.6332 -7.4496
1.2306 -4.2426
3.8249 4.1326
-7.3954 -5.2317
-3.1784 -1.5952
-4.2588 6.2157
2.6187 5.4968
6.9839 3.5421
-4.1999 3.8757
-0.4060 -6.0784
5.6690 -4.4210
6.0166 2.5815
-8.2086 3.3294
-4.6778 7.1252
2.9504 2.6041
2.6307 5.5983
-1.3077 -1.4551
1.3571 -1.3233
-2.9151 3.4190
-6.0871 -1.1819
2.0974 -5.6736
-0.7046 2.7534
3.7614 4.3153
-2.5856 -8.4303
3.4845 -3.6263
-6.8995 3.8188
3.5544 -3.5586
1.1413 -6.1019
5.0739 7.5508
2.4074 -4.4949
-4.8215 4.9556
-9.1716 5.4647
-1.9636 6.9960
-4.9596 -1.4388
-1.6942 4.3487
3.3280 5.3123
5.4789 -2.1041
-5.1673 -3.0266
-5.6487 4.8762
3.8365 -4.8936
-0.0174 -2.5342
5.6146 3.1212
-3.9839 2.5777
5.5971 -3.6775
2.5141 7.9196
4.4306 -6.1110
-0.1492 -4.7910
-3.4968 -3.7252
4.2550 4.9676
-2.6909 -4.0483
2.7097 -1.1491
0.0643 3.5764
6.5094 4.6193
2.4173 5.1273
1.8069 1.8873
5.3622 6.0713
4.2972 3.5355
0.3449 0.5603
0.0068 -8.0568
4.6493 5.1413
4.3205 4.8329
3.5823 5.0341
-4.1087 -5.4361
3.0974 -5.8491
2.7623 4.5746
-3.8799 -1.5467
6.1970 -4.0253
4.4137 1.8799
1.3074 5.5393
-2.1728 -1.9324
-5.4092 -4.5943
4.1822 4.9908
-4.4526 -7.7576
-7.1887 6.2367
-0.5210 3.7232
1.0378 5.8738
-0.0763 4.3033
-1.3499 3.2949
4.6424 -7.1478
-5.2363 0.4918
4.4132 -6.9532
4.8410 3.6664
1.8650 -4.5377
-3.6628 0.1944
3.9488 -10.3325
5.6323 -4.7210
3.9720 6.2234
-6.3397 -3.4722
-2.5043 0.3873
-11.9169 -5.7005
2.9759 5.9314
-0.8982 -6.5548
-3.9524 1.4848
5.3876 -9.9924
3.5444 4.5309
5.6674 -5.1028
-4.7546 3.7203
-6.6350 2.3463
1.2513 3.7750
-5.9602 4.5300
5.1874 0.7782
4.1616 -8.3024
8.6520 5.3112
3.2403 3.5134
5.4239 -3.1340
4.9008 -9.7254
6.4261 7.2944
-0.2382 2.1675
2.6103 -0.6631
-8.8596 8.7116
-6.7479 -4.8199
-3.5477 4.5134
-7.7145 4.8401
-7.0029 4.4897
-2.1308 -7.1291
-4.6843 -5.5238
-4.5792 -8.2311
-8.2638 5.5825
2.0604 -4.4607
4.4444 5.1173
3.7314 0.3742
-4.0078 5.6984
2.9186 -1.0725
3.7691 -5.8375
-6.2743 -1.6511
1.6900 -3.3883
-1.0355 -1.7279
-10.1663 2.6738
-4.7934 -6.7193
5.9730 5.1359
4.8482 0.0797
-5.3142 3.2540
-2.6640 3.9917
-1.5605 -4.0378
-8.8310 -0.9994
5.2745 3.2073
3.8663 -7.1448
-4.1783 1.8924
-4.2136 2.3122
4.3104 3.2315
-0.3409 3.6864
-5.4495 -7.4821
-3.7886 -1.3430
-7.8823 4.6417
-8.0925 5.5173
-4.6042 -3.9883
0.0298 6.5010
3.2627 2.2476
-0.2238 -3.9386
-0.6785 3.0910
-7.4949 -5.1804
4.1373 -0.6791
-7.9969 4.1747
2.4989 3.4783
4.6787 2.6706
3.0513 4.4386
-5.1077 2.1426
5.8111 6.7549
4.6811 3.9521
0.2415 -3.5271
4.4676 -7.3600
-3.0810 -2.9451
-5.3873 0.3053
5.5655 -7.7271
3.4775 4.7511
-1.7597 3.2421
-5.4631 -2.6916
4.0046 -5.0071
-2.1859 -1.1158
2.3161 6.3053
3.6569 3.9848
-10.0291 -5.7890
5.6884 -4.4625
1.4206 5.0100
-5.2756 8.0538
0.5823 -5.2205
1.5203 -0.4049
3.2683 -3.9423
-3.2840 3.6857
5.6124 0.9867
4.1730 -6.5707
-0.6826 -4.3164
5.4903 4.5828
-5.7936 3.7881
3.0465 -3.0404
-4.9363 -1.5539
-4.2127 -2.3751
-5.4130 -3.7831
-7.5275 -5.1203
4.0582 5.6865
3.4643 -2.6084
7.1866 2.0278
-7.0598 2.0078
-1.2555 -3.2915
3.8689 2.9980
4.7738 -0.1747
-5.1030 -7.5374
1.7335 -6.9907
-4.8905 -1.8671
6.0446 5.7374
6.6406 4.5662
1.1372 -6.2232
4.4504 -8.4559
4.8055 -6.4237
3.4921 5.4124
-4.1837 -5.4274
4.2121 -5.1680
2.7564 -5.0455
3.1636 0.3480
2.9399 5.6879
-0.7571 -5.5110
-3.5819 1.3031
3.6544 3.2959
1.6488 0.4082
-1.9113 -4.2542
4.7273 -4.4399
3.3925 -7.0412
-2.3703 3.4544
-2.4632 -6.2850
5.5221 -4.3822
-2.3458 3.4221
-4.3223 -5.1013
2.7830 5.1702
-3.4489 0.8679
-2.9810 -5.0826
-7.1442 -3.3178
-7.1435 -4.3648
-4.6394 6.9950
-5.0592 -7.1500
3.4439 -2.3317
-5.6343 4.5247
-5.5736 -0.2947
-7.0734 -5.0700
4.7314 3.6641
0.0403 -3.1187
-3.9772 -1.6819
4.5599 5.0515
-2.5070 -1.1998
4.9594 -9.2825
-4.0724 3.7248
1.8269 3.4362
-2.0948 1.7159
2.9099 5.7757
5.3125 4.7788
-6.8545 0.4404
4.0184 -7.2949
-3.7019 -5.7143
3.6902 -3.8432
-6.6120 1.4958
2.1269 2.1865
-2.7277 4.0655
-1.0172 -6.6263
-3.9969 6.2201
2.4799 2.0271
3.1169 -1.1022
6.4613 -2.0173
-0.6167 -1.1013
0.6471 -3.8044
6.9242 -2.5122
-2.6286 -3.0146
0.9651 3.6877
4.2438 -10.3478
3.9892 3.4076
-0.5952 -2.0984
6.2251 -3.2129
-3.2228 1.8984
-0.5144 -5.4653
4.8545 4.8592
-2.9050 -4.2577
-2.2387 -0.9897
3.6644 2.9393
3.8823 -3.1913
-4.7171 -2.4929
-0.0980 -5.3742
0.1592 -3.0893
4.3666 1.0861
-0.9163 5.4029
-7.8312 -6.7788
-4.9797 2.8438
3.2381 5.3717
4.1432 5.9895
4.8551 -6.9487
-4.3614 4.9592
5.9607 -3.7008
-5.0928 4.3652
-3.0202 4.2588
2.7015 7.5129
-8.1147 -4.0218
-4.1046 5.6113
-0.0798 5.4408
3.0018 1.0669
-7.7475 0.1594
-3.4834 6.2912
-1.9182 -5.4427
2.1970 0.1834
3.2648 -1.1196
-3.8798 -2.4992
-4.8139 2.7521
0.1995 -2.7775
7.0642 1.5766
2.5938 -0.9307
-4.1194 5.7909
5.4750 -7.0896
-7.7470 2.1227
-4.9432 -8.5539
-3.1277 0.2976
-4.4041 3.3576
2.9181 -4.6483
-2.8470 6.5192
5.0083 5.1046
5.4440 3.4346
3.8229 2.1117
-4.2924 0.3477
3.1485 -2.7834
-2.3515 3.7675
5.0526 2.8882
-3.8864 -0.6324
-6.0277 -5.0209
-0.5914 6.0090
-4.2965 -6.3967
-1.3508 -7.6682
7.2971 0.0106
2.9107 1.4040
3.1145 2.1627
-4.6533 -4.5033
4.4103 -3.7978
3.8782 -7.1375
-1.7224 -5.6109
-0.6773 3.0125
-6.3118 4.4784
7.0905 5.3877
4.5132 -0.7107
-0.4397 -0.2904
-2.9454 3.0055
5.8084 -3.0238
3.3074 -2.6722
3.6378 2.7542
-3.6934 2.5305
-6.9749 -6.4775
0.3737 -1.1046
-6.8822 1.2880
-4.3696 1.0242
4.8182 4.6371
3.6435 0.8604
-4.6855 4.6173
-4.8197 -5.0195
3.4061 -5.1756
-1.9886 4.8155
-4.9668 -6.4944
4.7539 1.1909
-9.7494 -3.6303
3.4431 2.0773
-7.2084 6.3298
5.4737 3.9027
-0.3540 4.9189
8.3954 -7.8687
3.8537 -5.8225
4.1803 -4.3040
-2.9636 6.5632
-4.4505 -3.5009
5.8681 -5.9820
-3.7776 3.3314
-5.3730 2.1430
-3.7226 2.3602
3.6721 6.6008
0.3923 3.4416
2.7459 1.8159
6.2660 6.2991
-10.8498 -5.6387
5.7348 1.9377
3.7029 -4.0316
3.6989 -3.6145
5.5095 5.9389
4.5290 4.5106
1.4254 -0.1650
5.8076 -3.2217
-7.9221 -2.0763
1.6353 -0.7943
-3.6340 -8.9623
-1.5568 -5.0051
0.0065 -3.4827
5.0267 -8.5750
-9.9443 3.8804
-2.7909 3.7416
-6.9438 -5.7556
6.0028 5.5463
-6.0767 -2.0722
5.4541 5.6669
3.6502 3.1931
-3.0533 6.6875
1.9945 1.9307
-2.1830 -5.3048
0.6721 -0.0498
-2.8784 0.2642
2.0635 0.2316
5.8787 1.1039
2.3548 -5.7144
-2.0626 -4.6530
7.3169 1.2702
3.4441 1.3475
5.4371 2.7593
5.8250 -6.1062
-1.4790 0.4166
-1.8816 3.2532
6.6115 5.2709
6.0750 -3.5591
-2.7539 -6.0493
-0.2505 -2.9996
-7.4240 6.2971
-4.1725 5.2083
-5.9916 2.6228
6.6362 -2.1215
4.1281 0.5615
3.3126 3.8836
4.1524 -6.1432
-4.1384 -8.1476
5.0686 -4.9821
4.0253 6.2590
3.7444 -5.2384
-3.8999 -7.1945
2.1523 3.2543
-2.5561 6.2484
-9.9743 3.1003
4.1884 -3.1333
-5.3716 -0.1250
6.8041 -5.7186
-3.5324 4.8754
-4.4078 2.2432
0.4326 -5.9308
3.2910 4.6071
4.8108 3.0798
2.7502 4.0685
-1.1916 1.9837
0.9540 2.1156
-7.1640 6.0930
-3.0006 6.3511
5.5440 -0.3549
-1.2598 4.1345
5.2442 4.5882
5.5132 3.7233
6.3808 3.6966
5.3513 0.8832
-10.5539 5.3430
-2.4885 -3.7102
-4.9157 -4.6241
-9.8414 1.5298
-6.2367 -1.3829
1.2931 -4.3184
0.3807 -3.0702
-3.0611 2.5390
4.5828 1.8719
-1.8846 3.4642
3.9795 -7.1187
3.8169 3.3026
-5.7987 5.0713
5.9306 3.0209
0.4986 -3.0017
-3.0900 -5.5663
2.4586 3.9404
0.2398 0.1274
-1.9113 4.0028
-3.6535 4.5512
-0.9878 8.8359
5.3544 4.2533
-3.2487 -0.2541
1.7420 -4.2633
4.5776 -4.6090
-3.2647 3.6573
-4.7782 -1.0652
-5.3589 -6.2578
-4.1781 -3.9000
-2.4067 1.2456
-1.6422 -1.1312
-3.9347 -1.1189
-11.6633 -3.2011
4.8015 5.1905
4.1421 3.8078
-4.9093 3.2889
4.1039 3.4388
-5.2173 -1.7121
-6.4469 2.9427
3.8969 0.6176
-1.0915 5.3719
2.8472 0.1735
-3.4826 5.5320
0.5898 -6.8517
3.3201 -4.2474
5.1206 -1.5353
-2.4663 2.2303
-7.9155 -6.5410
3.0534 2.8027
5.5132 0.2481
3.9677 1.7151
2.9308 3.9105
3.3941 4.0402
-3.6535 -5.4370
-3.6079 -6.1315
-6.2555 -6.4429
-4.5053 -4.5931
4.6052 -0.1852
-11.4468 -4.3646
2.9407 -3.5032
-4.1885 0.5430
-3.1815 6.2731
-4.2472 -2.3110
6.0560 -4.2975
-0.2204 -6.5775
6.7181 5.5295
-0.1221 -4.8997
4.2790 -4.7385
-2.5121 2.2602
3.2088 -8.1333
-3.6953 1.0194
4.8837 -2.7827
2.9682 -12.2410
-3.4489 2.2909
4.3603 1.6582
4.1302 3.3041
2.4528 -2.8333
5.1548 2.0047
4.8259 2.3696
-3.1088 -5.1253
-2.3141 2.8386
-6.8903 5.0353
-2.3139 -7.5902
5.3705 -3.1447
5.3750 -1.1158
-9.5156 -1.0404
-5.5084 -3.6150
-3.8191 -7.7092
5.8084 -3.3511
6.1678 4.8134
-9.5477 -5.3264
3.0198 1.5004
3.7420 8.8873
-6.2374 3.3977
5.0929 -5.4514
0.0544 -7.1138
-7.5196 -7.5211
-4.2830 0.8183
1.6777 2.0562
-2.0877 4.5168
-4.3222 6.3543
-4.1783 2.4298
5.1428 5.9550
-1.7333 -2.7782
5.0335 -7.5865
-1.7901 4.4398
3.7900 2.1541
2.1536 -4.4395
7.1993 -2.7546
-5.0065 4.5359
-5.2913 -1.7497
2.8372 -6.4805
-1.1730 -3.2567
-5.1886 4.2001
5.9106 -8.3090
-1.5928 2.9984
-3.6065 1.0254
-2.0619 3.2150
-6.7579 3.9182
-1.9791 6.4193
-8.5059 -6.0349
-5.8629 3.4003
-1.9642 5.3489
3.0362 2.6009
-1.5022 3.7106
0.0157 -2.7350
-1.4372 -0.2156
-2.7181 5.4752
3.2693 3.9557
-3.6361 1.4302
0.5188 1.4579
3.6853 -4.2301
-6.6410 -6.8143
-2.8689 -3.7678
-8.8711 -3.7630
-7.1756 3.9393
-7.3313 3.2893
-2.0617 7.4984
-5.6605 2.6161
-7.2110 -7.4745
4.2108 -0.7350
-6.5112 0.4569
4.3313 2.1780
3.9569 6.3817
-3.3560 0.2739
-5.6875 2.8466
-4.2217 4.5174
-0.9996 -2.7268
-10.8507 1.1010
5.5221 4.1326
2.8300 4.5207
-4.6860 -1.4490
2.3667 -2.8539
-5.8250 3.3507
-3.7262 -2.3003
1.6447 -4.1753
-1.6780 2.5350
2.6928 3.7360
4.5962 -6.1595
3.3051 -4.5042
-5.1937 6.4689
7.3056 -1.1375
4.7450 7.4021
1.9298 -2.6501
-6.3838 -2.5163
-2.1427 -0.4091
3.9906 -2.4831
3.6945 2.9896
4.5039 -1.1570
3.8733 5.3041
5.1110 -5.0570
4.5728 -3.4846
-2.8467 4.0926
0.1759 -5.8705
-9.4608 0.5122
4.9605 -11.0003
-4.3714 -5.9834
4.7469 -6.2971
2.4122 1.3486
-3.4887 2.0559
-4.0932 -7.5995
4.5600 -9.5670
4.1871 2.8190
5.6976 -5.6355
-5.4731 3.0103
2.9974 -1.5900
2.4263 -3.7952
-5.8135 -4.3681
-5.2456 -0.7456
-4.7417 -5.1262
2.9800 5.0905
2.1940 -0.1984
-2.5815 -4.5538
4.2806 3.3502
4.5349 -3.6304
4.0801 -5.6867
4.8398 -1.2868
3.6053 -1.9559
-3.8520 6.2519
2.1503 -7.9386
4.4533 7.7505
4.4253 -2.9325
2.8947 -7.1908
3.0082 4.0627
-2.6456 7.5203
3.4165 0.8514
-7.0674 -6.2111
-5.5262 3.6679
-7.4539 -2.3377
4.1326 -5.8908
-3.9382 -6.9512
-0.1120 -8.5082
-1.0521 -9.4991
-7.5957 4.4271
-0.3463 -3.1739
2.9924 -2.5472
6.0770 -4.8664
-7.5032 3.3495
5.4728 4.8722
-3.0007 -7.2209
-0.6931 3.6087
1.5131 -1.4974
-2.7473 3.8752
4.7374 -6.9729
-4.1455 5.0496
2.2602 5.3212
-1.7697 4.7332
-6.4114 7.1204
7.3994 6.7891
-5.1533 -5.4953
5.8967 4.5381
-3.6026 -5.7022
3.2797 2.2704
-5.1135 -3.3340
1.0670 7.9813
-5.5010 4.8290
-5.8963 -9.8526
3.9413 4.8753
-5.6307 -6.5968
2.7696 -0.1025
5.0452 -3.6398
4.3831 -5.9989
6.8809 -6.8337
5.0614 -2.7207
-7.7768 -1.8845
4.1859 -5.5992
-1.9981 2.1009
2.1890 3.4730
3.2331 3.7213
4.6358 3.3672
6.2936 3.7167
3.7412 -2.0308
2.6704 -2.6734
4.7975 -6.8927
-6.2891 5.5092
0.0778 -1.2533
3.9307 4.6479
-2.7971 1.8535
6.8864 2.1244
-2.9848 -3.5122
-7.4560 1.4492
-5.9790 -8.6139
0.2532 -2.7579
-5.1834 -2.0394
-5.8246 5.7309
5.0062 2.1393
6.9136 4.8295
-3.7307 8.5004
-7.3225 4.7854
-2.5570 -0.9423
0.9666 -4.4969
3.1649 6.6242
6.2387 3.7058
1.4220 -4.2419
4.5769 5.6253
1.4079 -2.1367
6.5081 3.7207
5.5394 3.3286
-6.0011 2.3986
-3.9070 -6.1163
-7.4779 4.2956
-4.7237 -5.7381
1.5455 1.0624
3.9265 -3.6612
-1.1536 -4.4467
4.4871 0.8599
5.0695 -7.6873
-4.5240 -7.6423
5.0047 3.0115
-2.8362 4.9847
-6.7786 2.6396
4.3073 -2.8293
4.1803 -3.1712
4.2423 -6.9407
5.0478 2.5090
-6.3088 -5.2703
5.7667 2.9511
5.2979 -1.5497
0.2383 2.3532
-8.5335 1.1798
4.6685 5.2878
4.0661 -1.3359
-6.7014 -4.5373
2.6453 -1.2059
-2.1809 2.5080
3.4378 2.7822
-2.3968 4.6811
-4.6628 5.6415
3.8864 -1.3507
3.3000 1.3465
-8.0976 3.6603
1.0471 4.2195
-6.0059 3.6891
3.9692 -0.3345
-11.0235 -5.4001
3.7755 3.9439
4.1439 -2.0115
-6.3964 -5.5551
-3.1492 -4.6854
4.3167 1.6888
-4.3106 4.5704
-9.7941 3.7750
-2.7001 -7.4023
-3.3819 2.1227
-8.8217 2.9183
-3.2801 -1.5859
3.7899 1.6970
5.6124 -1.5488
5.5147 -7.7765
3.2304 0.5218
0.4350 2.8155
-3.5344 -5.8403
4.1749 4.0434
0.8053 4.4781
5.1828 -6.3381
6.7070 -6.6609
2.9124 3.7555
6.8934 6.6908
-3.9073 -1.4098
-5.5582 4.9327
3.6000 -6.9346
1.1804 -8.4036
-1.3100 4.4046
3.8356 -6.3390
2.6573 4.0133
-3.3659 3.5786
-8.1562 -1.2346
-4.8931 3.9783
-6.5683 2.2876
5.4064 4.7276
-3.8292 -2.1116
5.8037 5.4985
-1.8789 0.8815
-6.6555 3.2297
-10.7300 2.6190
4.0025 5.7658
3.6058 -6.6646
6.6670 -0.7184
-5.7369 6.6632
-2.8464 -6.6339
2.8396 4.7806
5.6884 -8.2153
-9.8937 -3.8300
-5.1505 -6.1614
3.6328 -1.6452
-4.3514 3.5910
-4.9034 3.3107
-8.3465 6.8669
-5.5913 2.9220
5.2997 2.9609
1.8819 1.0295
-8.2452 -3.6184
4.7033 3.2198
-5.2741 3.6858
-4.6185 -3.0435
-4.1694 -6.3686
-1.6793 1.1039
1.4976 -2.0688
-1.5014 -2.5080
1.8920 5.4280
-5.5018 6.6462
-5.2431 -0.7319
1.9730 -1.8297
3.7347 4.9204
-8.2436 2.2323
3.0991 3.9172
-8.6218 4.3368
2.2808 -2.2227
-0.1247 5.7783
-8.4343 -1.4494
-1.0209 -10.4495
-8.5348 7.1030
-1.4432 0.8107
-3.7694 3.8161
-10.7997 3.7022
-8.0693 -3.7115
6.7272 -4.7001
5.0663 -0.2629
-3.4640 2.8379
-5.7043 4.1788
-7.1111 -6.0911
-2.0750 3.4391
2.6480 -2.9959
1.8961 -0.5992
4.1671 2.4870
-2.3974 4.7473
-5.1262 4.3660
-3.2743 -0.5439
-6.4763 -4.2447
6.8469 4.2825
-5.5052 -1.8860
3.3769 -3.5953
-7.7420 4.8087
4.0110 -6.9785
4.2481 4.3061
2.7696 -9.7822
4.3032 3.9663
-1.3953 -6.2878
-5.8655 -9.2590
-6.0891 -7.4668
-4.5581 -4.8983
-5.0386 5.4412
5.6113 4.7697
-1.5918 1.3799
-1.0924 -4.2108
-6.4056 -7.3041
-5.7157 1.7689
-3.3274 -2.9495
-5.8910 0.9340
5.8815 -2.6498
5.2841 -5.1496
3.0126 3.8308
-1.9613 4.4684
-4.0791 -0.0045
-4.4689 5.3858
-8.6445 0.5943
-1.0530 -4.3276
-3.8155 -3.8639
-0.9382 2.4744
2.3212 -9.7222
-1.5418 -3.7720
-3.9295 -8.5504
-5.8775 -7.1156
4.5226 4.4314
4.2189 5.0524
-0.9356 1.6983
5.3274 -7.5826
4.9155 -7.0956
-6.3588 -4.0376
5.7199 5.0977
1.9675 -5.0213
2.4510 -4.5429
-4.9376 5.1177
-4.5561 4.0618
4.0713 5.2003
6.4394 -7.1250
-0.8520 2.3956
0.0422 -5.1187
-5.4066 4.9135
4.5062 6.3345
-2.5812 -2.1532
2.4049 -3.4949
3.7984 -5.5332
4.8607 -8.4852
1.8872 1.9745
7.5417 6.2088
2.6694 4.8752
-7.8692 4.1071
-0.0696 -2.4097
-6.5475 -5.0381
-6.5225 4.7422
2.3029 4.2736
-5.4223 2.1879
-5.8726 -2.5917
1.9300 -2.2868
3.2638 4.8270
4.5834 3.3426
-7.0174 5.8088
6.8504 -6.7521
-5.1589 -4.4833
-7.3221 -5.8440
5.1420 6.5100
0.4109 -6.1482
-7.4720 -4.8037
2.6452 3.5680
-6.5240 -0.9900
3.3350 3.7932
-2.0276 -4.0418
6.5126 5.6517
-3.2471 -5.9624
-2.7756 3.1973
5.8977 -0.7395
-2.4277 -5.9893
5.4353 -0.0739
5.1236 -2.9499
0.3277 3.3930
-7.5763 3.8435
5.5223 -3.9206
3.8259 -7.6053
-2.4129 0.1864
5.4672 -4.9996
1.5417 1.2607
3.2856 5.5050
2.8668 7.0637
-1.1216 -0.3808
3.0635 -4.6405
-6.3479 1.2650
-1.3729 2.7546
4.5325 -1.7274
5.2606 -2.5152
7.1373 2.6924
-0.3661 -3.1585
-3.3291 -3.4647
0.4841 4.0412
5.7630 5.2937
0.8872 -2.7461
0.3834 -3.6139
-6.9840 1.3656
0.7412 -3.7559
-6.0749 -5.3867
2.3680 4.0097
-3.6505 4.2223
2.1630 -2.4014
-2.7558 5.6042
5.1813 3.7414
3.1562 6.7837
-1.7589 2.8659
-4.6278 -6.4767
6.2139 -5.2369
-2.7679 6.4869
-4.0807 -8.9904
2.4050 4.1383
3.0413 -6.7820
0.2936 2.0252
6.1076 1.5778
3.2397 4.3186
-10.5446 1.2811
3.0457 4.0632
-2.0027 -6.1720
-3.9721 3.0638
-3.1316 -2.1372
3.6631 -0.9978
-8.1476 5.8119
4.7249 -2.7365
4.7944 -1.1084
3.5374 -5.4735
-4.7739 4.5966
0.1708 -3.0209
2.8099 -2.6296
6.5202 -0.8522
1.8330 1.4845
3.7134 -7.6664
-5.7432 3.3579
-1.5702 -3.9337
-4.2408 3.0028
4.3422 -7.8843
-6.6637 0.7961
4.2424 3.7552
4.0092 1.0328
1.6802 3.2716
4.3584 5.7641
-3.5280 3.8801
-3.0488 -4.5062
-0.1780 -0.5649
3.8727 -3.3501
1.5859 5.4122
-9.6814 5.4909
-7.1521 -1.7417
-1.6664 -5.2639
-0.6307 -1.8141
3.3839 -4.6316
-1.7563 -6.5744
-6.9949 -4.2139
-3.5646 3.1597
-1.7478 -4.3802
3.6309 0.6012
4.6014 -3.1465
-2.5981 -1.0919
5.9715 -8.9578
0.6724 -2.0789
-4.7352 2.1225
5.0199 4.3506
1.4110 -2.5935
0.0300 -3.2417
3.3829 -7.3048
-5.9289 -7.6737
-3.9414 2.7717
1.5531 3.0894
-6.6732 -3.7681
2.4311 -1.9588
-5.0351 5.1620
5.4026 -3.3048
-3.6414 4.2905
-5.8350 -0.0424
3.7527 -4.1763
-1.4646 -4.7725
3.1435 5.0616
4.1096 -1.3712
-0.9396 4.6705
3.5418 6.4510
3.9934 3.9106
-2.2077 4.1810
6.4228 -2.0583
-1.5648 3.7698
-6.4441 3.2009
4.9651 -1.0111
-2.9001 -2.9320
1.5200 -3.3422
5.8688 -2.3519
-4.0660 1.1226
8.0740 -4.0001
2.1506 4.1512
-2.6524 0.7790
-6.8306 3.2309
1.0345 2.2773
6.0194 -5.8299
4.4452 -5.9945
0.2854 1.0422
-3.8350 3.0512
4.1783 4.4075
-3.6379 -0.0780
2.5484 -1.0984
-3.3943 -1.5600
-1.4957 0.1078
-0.3288 -1.3347
7.8574 -9.2573
4.2145 4.6878
6.1420 -3.7023
-5.9055 4.0308
-4.5726 -3.4337
4.8619 -5.8244
3.4063 1.6945
3.8207 -7.0482
-6.9286 3.4593
-0.3103 -2.7137
7.4385 -4.1809
4.6192 -7.1859
0.2689 5.6803
4.7976 -1.7713
-2.4638 6.1908
-1.6589 3.9699
0.1399 -3.1917
4.3800 -7.3752
-1.1780 -2.0783
4.1921 -1.5645
4.9837 -1.6289
4.9808 1.3536
-5.6825 5.2322
-8.9565 -0.9878
5.0594 -7.6474
-9.0813 -7.3056
8.5533 4.2095
6.2139 -4.9683
0.9326 6.7711
-2.0287 3.6021
-6.3221 1.1773
2.9072 -6.2438
-7.4770 -2.9041
2.5986 3.8007
3.0850 3.3561
4.1602 -0.6275
-1.4366 1.4703
4.5013 -0.5930
2.3341 -3.3013
-1.8299 -0.9645
2.9363 3.0096
3.5493 -0.2498
-0.4503 -8.2487
4.6400 3.2907
5.1269 -1.7373
0.3856 -7.2986
4.8305 -4.9937
-5.1112 3.5907
3.2715 -7.1338
-5.1921 4.0391
0.9402 3.4658
-5.6598 0.8247
2.5647 0.8700
5.9825 6.3001
-0.1165 3.5873
5.8503 -2.5649
4.6616 2.0860
-7.5404 3.0001
2.6880 6.3668
5.4280 -2.0772
0.1331 1.4722
-1.5486 -5.1732
4.3217 4.0035
4.3065 5.1826
-4.1028 -6.3889
6.1961 -7.3487
-1.0019 -2.5584
2.3864 -4.5817
3.5285 6.5616
1.1007 4.6002
-4.7501 1.4512
-2.3859 4.0959
2.9480 -5.9985
-3.9415 2.4496
-1.0826 5.2553
4.7048 -8.0057
-2.3734 -2.4718
2.2231 0.6978
2.5413 4.2291
3.1225 1.9921
-2.5880 0.1559
-1.2688 -1.3867
2.7190 2.0415
-2.3670 -0.7549
2.5457 -2.5617
-2.1579 -3.9878
3.2734 -1.8152
-1.0094 0.8162
-2.2429 -1.2823
1.3677 -2.6979
1.5329 -0.0895
1.4112 -2.3317
3.2611 -2.2817
2.0143 -4.1245
0.3034 3.8063
-0.4149 5.0235
1.0669 4.1011
-2.1751 1.5130
1.6603 -0.1793
3.3050 2.2059
3.3945 2.3720
0.3139 -2.2705
-1.0142 2.9620
2.6189 2.6962
1.8118 4.7370
3.5565 -1.4710
-0.1907 0.4798
-1.8420 -1.6630
-1.3355 0.7286
1.8291 -2.1266
-1.4030 0.6458
-3.1116 -2.8833
-2.0507 2.8832
0.6806 3.3786
3.5313 2.8449
-0.4786 -0.2714
-2.0598 4.8075
2.4911 3.8741
2.8751 -0.5518
1.1939 -0.7878
1.3680 1.7535
-0.1013 1.0310
0.2491 -2.4967
-2.1131 -2.2497
-2.6986 4.7112
-2.6023 0.3255
4.2555 -1.6486
0.7973 -2.4169
3.1517 -3.0817
-2.2831 2.0729
0.9662 -1.4370
0.5242 3.6890
3.6770 -2.8004
2.7346 0.7017
1.3494 -2.0631
-3.4590 -3.2187
1.5084 2.2091
-1.6253 3.0163
-0.4324 -1.0776
-0.6259 3.7997
0.7955 0.0436
0.5078 -2.4511
-1.9856 -2.5563
1.6090 3.2937
0.6389 0.5595
2.3777 -1.3591
-0.4485 -3.6686
-2.5387 2.9086
0.8758 -4.3116
2.2935 0.6813
0.5412 -3.8287
-3.9463 5.1369
-3.3089 1.8580
1.2205 1.6597
-2.2823 4.3907
0.3012 -2.1332
0.9380 -2.2173
3.6283 -2.0645
1.6484 1.2372
-2.8930 3.0014
0.5526 2.1897
-1.5509 0.5718
-1.7436 -1.2682
1.3786 -2.6524
-2.1971 1.4935
0.9252 -2.5748
-2.3503 -2.1827
-1.6235 0.8012
0.9347 3.1015
2.3136 0.4929
-3.2024 -2.8213
-0.8265 -2.9971
1.8512 2.7826
0.4368 0.1566
2.9047 1.9264
3.1948 1.5411
0.7330 2.0185
3.4448 -3.6450
2.6200 1.3856
-2.7515 -3.3781
2.2728 -0.8537
-0.7988 -4.0467
-1.7707 0.8120
0.8995 -1.7055
0.6582 -2.9492
-2.0095 0.9821
-3.4182 0.8113
-2.1529 3.8563
0.5927 -2.6808
1.9189 1.0738
-1.3858 -2.8021
0.8050 -3.2530
-0.2035 3.3208
0.8329 -3.0622
-1.7640 0.8456
3.1941 -2.6452
-1.8172 0.4377
2.9240 0.5269
1.9660 -1.4183
0.2089 -0.6446
0.8607 -0.0873
-0.0987 0.8766
-0.9986 -3.1379
-3.7221 -1.0091
0.7021 1.5019
-2.8468 2.1637
-2.5103 2.1869
-2.4654 -1.4910
0.9640 -2.5610
2.4420 0.7102
-2.5694 -2.9100
0.5403 -0.8045
-3.7177 0.8856
-2.6247 4.1456
0.3306 4.4309
1.0611 0.5285
-2.1627 1.4400
-2.3313 1.0955
-3.6295 0.2759
3.7413 0.5829
-0.6828 2.3593
5.2063 -1.0595
-2.1574 0.0071
-4.0944 -1.6253
-2.0195 0.8848
0.8060 2.8961
-0.8563 2.9118
0.7031 6.5549
0.6417 0.3409
2.2511 0.6949
-0.4872 0.1645
1.9837 1.0256
6.6555 -2.9477
0.7933 1.8642
2.1503 -0.3664
-1.4214 1.1263
1.2914 3.4483
0.0960 2.5676
-0.5280 3.2937
-2.4348 1.5057
1.0838 2.5214
0.8144 -2.9343
0.7905 -1.2930
0.6513 -2.4009
1.4314 0.8570
1.7385 2.2211
0.9168 2.1867
-2.7941 0.9383
3.2321 -2.6680
-3.2764 0.9292
2.9729 3.1007
0.3925 -4.2649
3.2192 -3.1143
-4.0051 -2.3902
-3.3319 1.1667
0.7180 -3.9634
-0.4958 3.3338
5.5766 -1.5216
3.6604 -0.0272
-0.1268 -1.6167
2.8557 -0.3145
4.8347 0.8346
0.7643 -1.5885
-3.5380 2.5421
-2.1166 2.8674
-0.4396 -1.3385
1.3944 0.2960
4.6484 -3.1011
0.8850 3.3690
4.5088 1.2552
2.1112 -1.9675
2.0823 0.3524
0.6454 0.9047
0.6279 1.4577
0.5607 0.7280
0.9533 1.8540
-0.6165 -3.5442
1.5318 3.2801
1.8323 0.8664
3.3004 -1.9650
4.4472 2.5376
3.2459 -2.5841
1.0574 3.5223
-2.9024 1.0769
2.3414 -3.2680
0.4809 0.9249
4.6097 2.2527
-0.3187 -1.1669
-2.0764 0.8371
-2.7682 -0.5792
-2.3182 -3.5441
-1.4459 4.4851
0.1622 2.6732
-2.8665 -3.0426
0.0210 0.6904
-0.6468 1.0423
4.0837 2.0254
0.8771 -0.3938
0.8214 -0.2582
3.0719 2.1439
2.4591 1.5105
-1.2503 0.9133
-1.9378 1.2923
2.4311 3.9075
2.1900 -0.0858
1.3529 0.6169
2.7567 0.6080
-0.9554 -1.1658
2.1533 0.8692
-2.4284 -4.0796
-0.0620 -1.3065
0.9064 -2.2504
-1.8653 -3.3702
-3.6438 0.2686
-0.1491 0.7665
-2.6092 -2.3857
-0.2277 0.0869
-2.7564 2.5233
-2.7260 0.2709
-2.0994 -2.3068
0.1639 -1.6725
1.9080 1.6115
3.3861 2.6984
-2.9239 2.6196
0.7211 -2.4239
-1.3125 1.6175
-2.8537 2.4625
3.6338 0.7201
-1.9256 1.4368
2.0325 1.4472
-0.5002 0.7992
-2.9854 -1.6888
-2.8370 1.1233
0.8885 -0.3284
2.9013 -2.3442
-2.3064 0.6545
1.7437 -0.9225
3.9062 -1.3986
-2.2443 -3.0371
-0.1054 -0.7934
-0.1631 0.3708
3.6465 1.1125
4.0345 -1.5432
0.8986 -1.1832
0.9360 -1.3795
-2.5608 -2.4779
0.7124 -0.1855
3.2896 1.9496
0.8521 3.9784
2.3753 0.5442
0.8150 1.0340
0.7181 -0.3459
-1.3802 -0.2372
0.4956 0.7155
0.5102 -2.6713
0.5317 2.6562
1.6567 -0.7784
3.5452 2.1310
1.9961 -0.5908
0.3277 -2.2319
-3.8488 -1.9540
0.7418 5.7114
5.0391 2.9981
4.3384 2.3444
1.4761 0.2404
-1.9913 0.7480
1.2586 0.5471
-1.1593 0.8279
1.1074 0.6794
1.0911 1.0668
5.7840 3.0238
1.7945 -1.0380
3.4630 2.3347
1.3305 0.7906
2.5209 -0.6714
1.4422 0.9120
0.6692 -4.7829
-2.3514 -4.0700
-1.9061 2.1006
-3.0339 -2.8281
2.3212 2.5763
-0.9279 -0.0713
-1.0346 0.7885
3.6383 1.5962
1.5960 -3.2341
-2.6442 -2.2808
0.6750 0.6412
-2.0248 -1.5568
0.0650 0.8441
0.8643 -1.0015
1.1916 0.6015
4.6633 2.5316
-0.1564 2.0781
0.2659 0.8935
-2.2137 0.4900
1.2151 1.0547
0.7692 0.6488
-2.2369 -2.3808
2.5425 2.8112
2.7963 1.0906
-0.2347 4.4013
2.1773 -0.7221
2.7887 3.4981
-3.3113 1.7645
-0.8403 1.6779
0.3300 1.3473
0.4501 0.6073
-1.2317 0.6223
2.7342 0.8446
0.7149 -3.3907
-2.3427 -2.2789
0.6679 0.1050
3.8674 -1.2337
-3.2314 -1.7763
-1.9877 4.2744
3.4655 0.1150
2.0733 0.7081
0.6477 0.4589
1.9480 2.3320
4.2063 -2.5112
-0.3654 2.0964
1.7407 -0.6800
-4.1618 -0.3142
-0.8451 3.0894
1.7784 -3.0183
1.0926 -0.3250
0.7727 1.6128
0.2690 0.8299
0.7484 1.4024
-0.4101 3.5748
1.9889 1.6623
0.8600 2.2481
1.1244 1.1296
4.7826 -2.4109
3.2453 0.9514
1.8913 -1.9583
1.8784 0.8963
1.2823 3.0730
2.9695 -0.0541
-2.7044 0.9909
0.1837 -0.3265
2.4197 0.2563
-0.9438 1.1964
1.9353 2.3639
3.0080 3.6713
-0.7629 -2.5234
-1.0341 3.8652
4.2995 4.5286
-3.9745 0.9089
0.8056 0.9041
-1.3637 3.6250
0.6560 4.4472
1.3718 0.9959
2.8865 -0.2048
-0.1359 0.6213
3.1500 0.9529
-0.4007 -0.2126
-2.1855 0.6875
-0.3036 -2.1032
-3.7652 0.7428
-3.1157 0.7257
1.7538 2.9515
-2.7910 -3.9013
1.3853 -1.4744
1.6915 3.3109
0.5863 1.2841
1.2485 1.4519
1.0288 -3.4705
0.5440 -0.5881
4.1155 -2.2013
1.4787 3.1316
1.7556 -3.1658
-2.6701 -2.0848
-1.8630 0.7589
2.3102 3.7587
-3.3060 0.9739
1.5043 -1.8043
-0.8155 1.0880
-0.4459 -3.2202
-0.6188 -2.8610
1.7746 2.1227
-3.1383 -2.9501
3.2844 0.1456
5.3144 4.0794
0.9220 2.7132
0.0595 -2.5052
2.2777 -2.1774
0.8439 0.7945
3.4199 1.2890
-3.7661 -2.3699
-4.4759 0.9321
3.1990 0.3195
3.2959 0.8629
4.4460 0.7831
-2.2780 0.7333
0.1314 2.3282
0.3626 -0.5039
-1.9516 -0.4541
0.8065 0.7665
3.8603 -3.1479
3.4185 2.6682
-3.2671 2.8521
-1.6259 1.3910
2.6496 0.7950
0.6807 3.5219
1.0361 -3.1544
-3.1715 4.2176
0.3683 5.0516
-2.8847 1.3700
0.7591 0.3636
-2.1184 -1.9885
-1.6106 -2.5253
-0.0535 0.7272
-4.1300 1.5111
-0.4395 -2.4128
3.4542 1.7404
2.6953 -1.5446
4.7130 -2.8360
0.8056 -1.1463
-1.7769 -2.0250
-1.3562 0.8171
0.8930 -4.2509
0.6892 0.9564
-2.6369 -1.2601
1.6359 -2.1264
1.7460 0.7778
2.2101 -1.4262
-0.6038 0.9275
-1.6767 0.9201
-2.2735 1.0443
2.9646 2.9183
2.3779 4.4337
0.9042 -2.2740
3.0269 0.5908
-0.9420 -2.8839
0.5916 -0.5297
1.5647 2.5972
1.9488 0.8568
3.4888 1.3339
0.8826 1.8580
2.9092 -1.5969
-0.3732 1.3597
0.1356 -1.6643
0.9063 -2.5437
2.0031 -4.6251
3.7021 -4.4855
-0.0183 1.0667
-2.6992 -2.6216
-1.8790 -2.3526
2.9534 -2.0507
5.2024 -1.9712
-4.0501 -2.3676
2.3357 -1.9702
1.1914 4.5727
0.7542 1.0021
1.2921 -2.6008
-1.1905 0.9732
-1.5648 1.3541
-1.0110 5.1891
-2.6906 3.7703
1.7121 1.6457
0.9981 1.8224
1.9566 -2.6362
1.6915 3.5305
-3.7317 4.2438
0.9954 1.5347
6.7368 1.4272
3.0483 -0.4783
2.7635 3.2597
3.8580 3.1048
-0.6983 -2.9508
-1.4444 -1.4777
-2.1866 0.5631
-1.3823 5.0446
-0.9227 3.7326
3.6816 0.7313
0.5197 0.6883
-1.5071 0.7435
0.7097 -3.7263
-2.2558 -4.8856
-3.5820 -0.6652
3.1419 -3.9080
-1.5167 1.8893
-1.5952 2.3410
-0.8697 -1.8910
1.6229 3.3022
-2.9986 4.2798
0.9104 5.4200
-0.3426 2.1542
4.5232 0.9610
0.6432 2.7830
1.3497 -0.5944
3.4630 4.4218
1.3876 3.9467
2.5105 -0.2981
-2.5812 0.7740
1.1862 0.1308
2.4573 0.5766
2.4370 -2.1595
0.7601 1.9855
-1.1700 1.2590
-3.4484 -0.8603
3.0698 -0.3572
-0.8572 5.1476
2.8606 1.4138
1.6391 -0.8059
-2.0406 0.8369
-2.3068 5.0681
0.9483 1.1176
-2.0510 -3.9634
0.8284 -1.6220
2.6704 2.0772
3.3133 0.3501
1.5620 1.3224
-1.2836 1.6387
0.9529 1.3629
4.7036 -2.7078
1.9911 -4.6942
1.0764 0.0413
0.8770 2.8371
2.3400 4.3332
0.3501 0.1385
3.2932 -1.1646
-3.8134 -1.7424
-2.7187 4.0953
-2.7088 4.8532
-0.8889 0.7678
1.6811 -0.9803
0.7456 0.6611
4.1971 -3.5357
1.1874 0.4354
0.2559 2.8149
-1.7541 2.7791
0.9485 -0.2051
1.8692 1.0095
-0.0924 -1.1404
-4.6769 -1.5798
-0.4828 -1.1296
1.9042 -2.6708
3.1187 1.8450
-1.0608 -0.5581
0.0196 -0.9148
-1.9196 0.7390
0.5802 -1.7615
2.1543 0.8487
0.9040 -3.0270
-2.1734 2.8688
0.9945 1.3523
0.7391 -1.9923
-2.6204 0.3922
1.7854 -3.6300
-1.5088 -1.2297
-0.9862 -0.4159
3.2637 0.6602
-1.4355 -2.8080
-2.0548 -3.6050
1.9259 -1.4441
3.5290 -0.2935
2.9820 3.0420
3.2691 -0.2106
2.6327 -2.1320
1.5173 2.8752
-2.6936 2.5384
3.2012 -4.0286
-2.4457 1.0104
4.1843 -1.4815
-3.8987 -0.9771
2.8589 0.3999
1.2645 -3.4674
2.3809 -3.1474
0.9527 -1.6839
0.7275 -2.8630
2.5721 -2.6447
-1.3874 0.0466
5.1937 0.8196
-1.2613 -2.6940
2.6300 1.1673
0.9470 1.6137
1.2788 0.8639
3.6143 3.9611
4.8407 -1.5411
-0.3586 0.7750
-3.3013 0.6614
0.5040 -1.5722
-3.4237 -0.1479
-0.6914 -2.6298
-1.7959 3.6739
-1.1056 1.2169
2.9318 -4.0428
-0.3263 -1.1058
1.2658 0.5073
-2.3545 0.8767
-3.2911 -3.0612
-2.4663 0.5534
-2.4757 -3.5288
0.7921 1.3310
0.5052 0.8752
3.1158 1.0532
1.4191 -2.7493
0.6305 -1.9205
0.7904 0.8070
1.4122 3.1696
-1.1266 2.2635
0.8153 -1.8337
2.8841 -2.4273
-1.9204 -1.5192
-2.7988 -2.9992
-0.4598 2.2569
0.9410 2.0402
-2.8506 -3.6001
1.0067 5.1151
4.1712 1.3233
1.3508 1.4048
2.3882 2.8074
-0.3916 -2.5052
-1.8142 4.5121
-1.1871 0.4982
0.9234 -2.5070
4.9920 3.4515
0.5867 0.8035
-2.6184 -2.3813
-1.7254 0.6967
2.1325 -2.2755
0.5194 -0.1910
4.0763 1.0885
-1.0792 -0.7476
1.7711 3.1234
1.2578 -2.7173
1.2806 1.4868
-2.1715 0.3040
-0.9593 2.1692
-0.3602 -1.1154
0.1009 0.4536
2.7884 0.3835
-2.3894 -1.2805
2.3102 -1.8156
1.5770 3.1637
0.5877 -2.3539
3.6396 5.5873
1.1283 0.4257
1.0021 2.1111
-2.1134 2.1368
4.0748 -0.8971
1.7224 -1.1329
-3.9162 0.6962
3.1450 2.5705
0.0651 1.3239
2.7341 2.4333
1.7611 -0.5029
-1.5414 -2.2814
2.7160 -1.5486
-3.7661 0.6250
3.0605 -0.5092
-1.4831 -1.4774
0.2668 -2.4635
3.3027 -0.7661
0.0143 3.8777
-3.2352 0.9963
1.5950 -0.9270
3.4285 -3.2437
0.6734 -2.1842
3.9057 -4.3240
3.6841 1.6859
-0.8969 -3.6827
-0.5138 3.1242
2.9214 -1.1497
-3.2029 -3.6340
2.5511 4.2887
0.7539 0.8416
0.6491 2.0524
2.1878 2.1239
0.7273 -2.1845
1.9943 -0.4511
3.0119 2.7084
-2.6648 0.7261
1.4766 -1.4053
-0.9747 0.6952
5.1755 0.6412
0.3658 1.7071
2.1733 -3.1008
-2.5563 -3.0982
-1.1199 0.2000
1.9821 1.7979
1.8910 -1.7631
5.2892 0.5369
-4.0288 2.5189
-2.6567 1.1499
-1.0326 0.9672
-1.9557 -1.0137
2.3554 0.8465
2.9651 4.5012
-1.4481 1.9647
-2.6864 -1.6755
0.9325 0.0323
2.3356 -1.0865
-0.6966 -1.7213
1.9184 -1.8495
1.6329 -1.7712
1.4800 0.6890
-2.9715 -1.2586
0.5595 2.6495
1.7056 1.9941
-1.9482 -2.9353
1.6081 5.9214
-0.8929 -0.7072
-2.1245 -0.8769
2.7093 0.1537
3.7313 2.6106
0.7265 0.7666
0.3679 -1.2483
1.3576 0.7853
-2.7920 -0.3920
4.5296 3.8039
0.8194 1.6229
3.0932 2.2645
-2.8991 -1.5576
3.5009 0.8292
1.2528 1.7154
0.6871 -4.2970
-1.2905 0.8675
1.6777 1.2035
0.6600 2.0264
0.7927 -1.0005
3.1922 0.7616
0.4685 4.7495
1.9450 0.9220
-2.3428 -3.1121
1.8785 0.5294
2.7135 1.9793
0.2704 1.8412
-3.9545 1.9314
-1.4535 -2.8968
-2.1403 -2.3631
-0.8998 2.3619
-1.0783 1.9508
0.9394 5.1878
1.7358 -1.0381
-1.7018 1.3248
1.1293 -2.6730
1.3608 -1.7275
3.4089 -1.9373
-2.8564 0.7535
5.8003 -1.9202
-1.6341 3.5940
2.5211 -1.7309
3.2303 -6.0031
-3.0681 2.1437
-3.1895 0.0180
-0.4196 0.7522
2.1644 -1.0731
0.5662 3.7109
-0.8102 0.8393
1.6050 -2.2999
0.4220 0.3610
0.3796 -0.0413
2.2001 -0.5802
0.5587 -1.6709
-0.2138 1.2453
-2.5070 4.3323
-1.6440 1.4633
-1.7752 0.6364
-3.1648 -0.3111
1.1208 -1.2359
0.2958 1.6804
-0.1113 -2.4415
-3.0570 -2.0077
5.5537 -1.2850
-2.5246 1.3359
-0.2451 0.3921
-2.2268 1.8602
-2.3859 -2.5040
0.3191 -2.4858
0.1683 -1.5799
-0.9579 1.6918
-1.2785 1.7470
0.1357 0.1315
3.4430 2.0210
1.1206 -0.6776
1.5132 -0.9593
0.6857 -3.1481
2.0002 5.3052
2.2168 -0.3205
-1.9256 -0.2816
0.5373 -3.6945
1.5783 0.6230
-2.4696 -2.3200
-1.4564 1.8430
-0.6088 -3.0321
0.8494 -0.9548
0.4669 -1.9536
0.0448 -1.6652
-0.8832 2.0734
0.4257 -2.0238
2.3802 1.1814
0.6606 2.3290
-0.9337 -2.3170
2.6060 5.4784
1.7605 4.3899
2.0478 -2.4612
-1.4367 -1.6708
-0.6797 -1.8895
0.8129 0.6215
0.8100 -1.8449
0.8358 -0.2247
1.8498 0.0806
1.7267 1.4031
1.1608 3.3461
3.0573 1.1242
1.0003 5.1253
-1.3899 0.7100
4.1278 2.3909
0.7901 1.6196
3.4543 -2.6730
2.7546 -0.6088
3.4776 -2.3343
-0.7940 -0.1492
0.9836 -0.8898
-2.5263 -0.7020
2.7158 2.0464
1.3142 1.6238
4.2129 -2.9004
-2.2920 -2.8316
0.7798 -3.0509
-2.1810 0.7523
2.6144 0.4140
-4.3378 -0.7394
0.0833 3.2787
0.8974 0.6993
-0.2668 0.7374
2.2581 4.5546
-1.6342 1.6238
-2.6477 5.8326
0.2749 0.8722
-3.1403 -3.4306
0.0560 -2.7696
-3.2119 -2.3605
-0.5893 -2.0894
-2.5491 -1.1997
1.6684 1.0163
3.6523 -3.1241
4.4890 -2.4841
-3.8947 -2.6943
-1.4765 -0.5658
-1.2725 1.0020
4.1352 1.7181
1.7387 2.3307
0.9258 0.7229
0.8340 -2.1636
1.9643 5.7401
-3.4059 2.4617
3.4423 0.8481
1.0048 3.0719
-2.7850 0.7136
2.6999 1.8049
-2.3064 -1.3570
0.8253 1.3193
-1.8942 1.0883
3.3867 0.1223
3.7214 -3.3955
2.7026 -1.7803
-2.8634 -1.6919
-1.8728 4.3323
-4.6016 2.8016
3.0501 1.8492
0.5384 4.6829
-0.6477 1.8242
1.5199 0.7926
1.9667 -3.0639
0.8666 -1.6388
1.3161 -0.8746
0.6881 -1.5348
0.7866 -2.8307
1.8526 -0.1439
0.6522 1.5588
-2.4440 0.8933
-0.9958 0.6098
4.6752 1.0656
5.1541 -2.7648
1.6860 -1.8231
-2.8859 1.0401
-3.2623 1.0246
4.6586 2.3805
2.1888 1.6230
-1.4655 3.3546
-1.2560 -0.0838
1.3120 0.5703
-0.9767 3.6913
2.1336 -1.8282
6.1786 1.0699
3.0378 -0.5865
0.8053 0.0042
-0.9108 -1.6076
4.5668 -2.1573
-2.0110 -0.0525
1.3566 -0.7943
-1.9357 0.2167
3.5123 -0.3447
-0.1195 -0.6987
-1.5172 1.8293
1.4789 4.4281
-1.6208 2.9873
0.7022 2.7619
0.7679 4.0809
-0.4919 0.5501
2.3689 -2.6627
0.8339 2.7529
-2.5425 1.9097
-4.3659 1.0869
-2.3426 3.3234
-1.3590 1.5568
-1.4711 0.6166
0.9494 -1.1089
2.9439 0.0627
-3.1325 -1.7199
2.4734 0.9506
3.5994 -1.8224
-2.9598 2.0098
0.1877 -2.2689
1.6290 0.7764
-1.2478 -1.9779
-0.0942 -2.1133
2.0100 0.7996
0.4147 3.1425
0.0542 -0.5498
1.2762 6.9041
2.4437 1.4547
-0.7062 0.6168
0.6063 0.7688
0.9749 -1.7764
-0.8804 2.3726
0.8614 -1.2845
1.1768 -0.5232
-0.3103 0.4522
4.1692 2.8262
-1.0204 5.3115
0.7102 -0.0669
-0.9345 1.8541
0.6369 1.1060
-0.1098 3.2463
3.6543 2.2220
-1.6169 -3.1898
3.2341 -4.1928
3.3538 0.4987
0.1047 0.3432
-3.5187 0.7330
2.1856 -3.4742
-2.0292 -0.5547
-2.7845 -2.3951
1.8180 -0.8334
-3.6860 0.6454
-1.9480 1.0673
-2.2134 -2.1138
-1.9440 -0.1313
3.6722 2.7446
2.2375 -2.0984
-3.6351 2.3676
0.7849 3.4432
0.7391 3.4617
-4.0918 0.2899
4.9075 3.4744
-1.9072 -1.2345
-2.5557 4.2385
-2.5417 -2.5660
-2.2218 4.1274
1.4030 -2.5990
-4.1020 5.7046
0.6425 0.8169
0.7706 -0.2058
1.7161 0.7709
2.6586 -1.3648
0.9141 -5.3169
-1.0690 -3.0261
2.3278 0.5533
1.5034 3.2485
1.2068 1.8362
-2.3716 1.7425
-4.9967 -3.8412
-0.2194 -1.9284
1.3981 2.3991
-2.1478 3.0474
3.7782 1.5434
0.4640 0.5219
0.9531 -4.8303
0.7761 -2.6633
-3.0677 -1.9948
1.4757 0.9193
-2.7650 0.8022
0.9682 0.8125
1.4431 3.8452
0.7753 -0.7840
3.7624 -1.0665
2.1967 1.4540
0.5776 -0.0740
0.9075 -2.1814
0.2718 0.6763
0.0974 -2.9100
-2.8648 1.9230
2.0120 -3.8902
0.6435 2.9668
-0.3603 -0.4904
3.0744 1.7461
0.8377 -0.2374
-1.2610 -2.5359
-1.8285 2.4217
1.1664 0.6293
2.2528 2.1968
-2.3871 -3.7929
2.6224 2.2212
-0.6321 2.0381
-0.2572 0.3739
-2.4514 -0.0513
2.0449 0.7465
-1.4286 -1.2883
0.9957 3.4061
-2.9654 -3.3789
0.1078 0.9799
-1.6604 -2.5412
0.5144 2.9599
-0.3072 -1.4774
0.6103 -0.3736
0.7811 2.8433
0.7178 1.8290
-0.1629 -1.5335
-1.9114 0.8675
-0.2938 1.4304
-1.3426 2.5919
-0.6072 0.3575
1.3517 5.4764
2.7206 2.1640
0.8395 0.1212
1.0234 0.9414
2.3465 3.2125
-1.5980 -0.9130
-1.3241 2.4282
-1.4146 1.2206
-1.4168 0.8476
-1.7930 0.7344
-2.0669 1.0149
1.2249 1.6814
-1.3200 1.4605
0.8655 -1.0597
2.2403 2.1140
3.0009 0.7290
2.0712 1.4786
4.8040 0.7225
0.7236 1.1454
-0.1137 2.1291
-0.3546 1.0912
-0.7497 3.7929
-2.9799 2.0313
2.0203 -3.8639
2.0126 2.0944
1.1877 0.4604
0.6774 0.9162
0.8902 -0.9649
-1.3029 -1.3165
-2.6581 -2.4345
0.1639 0.8556
1.5001 -2.2631
1.3016 0.5439
-2.4508 3.3815
1.6921 -1.9039
2.2605 2.3334
-3.6679 -2.1120
1.7306 -0.6995
1.0423 -0.6251
2.2550 -0.9055
3.4563 -1.7209
0.7111 -2.4006
-3.9055 -2.0718
-1.3861 2.1269
-1.2606 2.5991
0.7019 0.2727
0.8307 4.2086
0.4848 1.7412
0.5026 3.3527
-2.1457 -2.3435
-1.6072 -0.1592
1.4225 3.5988
0.0502 -1.3121
0.8404 0.5762
2.0799 -3.8881
2.9283 0.6511
-0.2827 -1.0302
1.3699 2.0063
-1.9849 -4.1145
0.9893 4.8338
0.2771 0.6103
0.8660 1.5258
3.7464 4.1986
-0.7759 -1.2275
1.9572 1.5925
1.6951 -2.3247
0.0387 -1.7313
-1.3285 5.8955
5.2863 2.3550
1.5661 -2.2106
-0.7984 1.9533
-2.6159 3.1671
-3.3626 0.2052
-0.9387 2.6796
3.0898 0.8365
0.3446 3.0643
-0.2524 2.2895
0.8001 1.3811
4.0572 2.2608
-2.1021 1.8600
1.3387 6.8033
-3.2247 1.2463
-3.6674 1.4967
-2.7194 -2.3127
0.7023 1.7425
5.1724 3.8002
4.2733 -2.9329
2.7756 -3.0152
-0.5159 2.8698
5.6196 -1.8003
-2.3647 3.8171
3.0985 2.0367
-3.0119 -2.3411
1.5105 0.4520
-2.2080 0.5334
4.3433 2.9981
2.5822 2.0940
-1.3115 -0.4056
4.5148 -2.0404
0.8813 2.8465
-2.6228 1.1486
5.7505 -2.4492
2.9409 -0.6408
-2.4682 0.8046
0.7020 -1.5746
0.9119 -0.7182
-1.1023 -1.7344
-4.0313 -2.9172
3.7271 -2.9578
-2.1202 2.1095
0.5742 0.3070
4.6589 -0.3676
-0.4441 1.0196
-2.5176 -2.9537
0.9851 2.4750
2.0199 -2.9757
-0.2565 0.7041
-0.0404 -2.0561
5.0856 0.8393
-4.8911 -1.2461
-1.1599 1.0232
-0.7215 -2.3129
-1.1645 -0.8536
0.8988 0.6399
-0.8017 0.7748
2.7552 2.2710
2.2193 -3.0373
2.1293 2.7989
0.3333 2.6749
-0.1924 1.6242
-1.4490 0.8618
-0.8251 1.7364
0.1945 -0.3549
-3.2676 0.9146
-1.8669 3.6642
3.1857 2.8343
-0.6098 -3.0297
-3.3680 0.1453
1.3961 0.9598
3.0750 2.6985
4.3539 2.5161
0.6235 3.1678
-2.9510 -0.6425
5.5368 3.0484
0.2483 -3.3926
-2.6515 -0.6887
-1.6004 0.5667
0.8627 0.8478
-1.0102 2.5791
2.6303 1.2380
-4.0927 1.0628
0.9064 0.7263
1.3764 -1.7925
-1.4771 3.9703
2.7155 0.8253
2.3325 -1.7040
-0.7098 1.1012
-1.9505 -1.1157
0.9050 -2.8970
1.0711 0.0017
0.2679 -2.5585
3.1617 5.7516
1.5166 1.0065
1.5523 1.9486
4.7673 -3.9629
0.9670 2.1814
-2.0193 1.3565
-0.7195 2.5820
3.0914 3.9278
1.4529 -0.6528
-2.9935 0.3165
-1.7650 4.6518
2.5878 2.8655
0.0588 -0.5933
-2.8392 -1.6070
0.9678 -1.6447
-3.1384 -1.9609
1.1689 0.5218
0.6105 0.5059
1.5369 1.1909
-0.5558 1.0530
1.4328 2.6027
3.8174 0.7120
3.2792 0.8711
0.9088 1.4495
0.7238 2.0835
5.1966 1.8556
-1.2960 -0.6632
-2.8202 2.5896
3.1888 0.7322
4.6765 2.3710
2.8077 1.8863
-0.6375 -5.0290
-1.6362 -2.4424
-0.2910 0.5052
-1.6073 -1.0156
-1.3941 1.6283
0.7545 2.2563
2.4982 0.4119
0.4991 1.1966
2.6951 2.1609
1.8066 -2.4318
1.2746 2.0701
2.1648 0.0915
4.8168 0.8715
-1.5346 -0.6271
1.8111 0.8885
0.9120 4.2732
-1.7921 -2.4623
2.4833 0.8419
-3.6127 0.8165
-3.2350 -0.1196
0.8611 -1.2835
-1.0959 2.3733
1.2458 2.9914
3.6140 0.9210
-2.0504 -1.3535
4.8110 3.7601
-1.0639 -1.9099
5.1489 -1.7982
2.7045 0.1089
-1.2352 -2.1687
2.6853 1.4810
0.8582 1.2422
4.8788 -3.2323
0.9251 -2.9804
-2.6403 0.4639
-0.3136 -0.9340
-0.1773 -0.3772
-2.1821 -3.2229
-1.1028 2.6213
2.1951 0.7272
2.1278 3.4706
2.7333 0.9868
5.5581 2.4362
2.4403 -0.8245
-4.4669 1.5670
1.2033 5.5190
2.6137 0.8559
2.9499 1.1922
1.3088 1.6835
-4.0980 0.6168
-0.0478 2.8941
-3.0238 2.9117
0.4460 1.3054
3.1125 1.7619
2.7670 3.9689
2.7964 0.5200
2.7451 1.1279
-1.2352 -3.1978
-3.7036 -2.2158
0.8738 0.9948
0.3026 2.4656
1.5204 3.1155
-1.8326 0.9709
1.0826 4.1230
3.6825 -1.0339
0.5558 -1.4537
2.6287 -2.7184
1.1537 4.1434
2.9298 0.9592
-1.5218 -3.0029
2.2553 -3.9012
2.0966 1.7453
4.5164 1.1707
3.2440 -1.8144
-3.1946 1.6243
-0.7239 -0.0424
-2.4860 0.7619
2.9674 3.0825
2.4118 -2.4219
-3.6727 3.7526
2.3062 -1.7207
1.6188 -0.3895
0.3683 -1.8581
2.7203 2.6528
0.0847 -1.2144
1.8886 0.8079
1.2678 -0.2083
5.7883 -1.8402
4.0224 -2.4478
-3.4381 3.0104
2.1145 0.7413
-3.3278 -1.1487
0.4655 2.6165
1.0608 -2.7227
2.1456 -0.4473
0.9535 0.6198
2.8343 0.5902
-3.9094 1.3126
0.7251 0.0260
-2.2165 -0.2019
1.9652 -2.9971
2.2999 0.6498
1.5295 1.9022
3.0794 1.9026
2.7994 -0.2108
-0.0345 0.6514
1.0592 1.7674
-2.4096 1.2488
2.3373 -1.0466
-1.6033 1.3404
-2.6962 -0.2468
-3.3853 -1.2681
-1.9872 -0.2993
0.7648 0.0125
-2.5359 -2.6295
-0.5220 0.8360
1.6719 -2.5002
-0.7919 0.1314
0.2356 -1.2378
0.5693 0.9456
1.3439 2.9709
-1.9087 -2.5827
1.3533 -2.7511
-0.3755 0.7153
-3.9411 3.8305
0.9008 -2.2943
-2.6500 -2.2622
-2.5080 0.9471
1.1454 0.7754
-0.0106 -0.2081
0.5020 -1.9141
5.2352 1.7446
3.6791 1.5744
3.3609 1.7979
-1.7677 0.4473
-1.5132 2.8561
2.2489 -1.7803
-1.6385 4.7486
-1.8218 1.6229
1.5529 -2.0767
-0.9010 0.8778
0.8482 0.8826
-3.0638 -2.4020
-1.8642 -0.1516
-3.3920 2.0503
3.2846 -2.4816
1.0131 0.8067
3.0841 -0.1308
3.0431 -4.8011
1.0948 0.9539
0.8055 0.8831
2.4747 -2.0961
-2.1777 1.9195
-1.0724 -0.2871
-0.1360 1.5885
1.3520 -0.4498
5.4766 1.6609
2.6681 0.7212
2.7692 0.7452
5.5360 1.9299
-0.4642 -3.0295
0.7384 -3.2663
-1.6761 -2.2780
0.9478 -1.0419
0.4139 3.7008
-3.8089 3.3244
2.7930 2.4886
1.3019 0.9113
3.3975 -2.6405
-0.8751 -1.4978
0.6765 1.3546
0.7308 -1.7094
2.6868 -0.5100
5.4168 0.1722
0.7103 3.3541
0.2081 5.1639
1.4368 -0.7390
1.4091 -2.3253
-1.7001 2.0998
2.3034 0.2045
1.8364 0.7466
-1.7717 -1.9601
0.3127 0.7854
-2.2472 2.0435
2.2625 -1.7025
-2.8924 2.1578
1.0683 -1.9028
0.8629 0.9833
-2.2274 -4.4442
0.0391 0.3711
0.6358 -3.8298
1.1525 1.7048
-1.5582 3.3442
-2.4034 -0.5115
2.3890 0.1454
3.9172 -1.0672
-2.1961 4.6704
-0.1438 -1.9221
-2.4721 -3.1547
2.7741 2.2579
1.6638 1.6034
3.3615 5.3088
0.0525 0.7352
-0.5435 -1.1281
-0.2370 0.9468
0.8953 0.9322
3.0710 0.7211
-2.5436 -2.2742
3.7912 -2.4613
2.5651 1.3629
-1.5753 3.6869
4.4784 -0.0452
-0.1261 0.5714
-0.5523 1.4890
-1.9462 -2.7875
-2.0256 -2.2521
1.6210 -1.8168
-1.9018 1.0087
0.8500 4.6188
2.1672 -1.5328
3.4567 2.1728
-2.7817 3.2690
1.1987 1.0713
0.9346 -0.9761
-3.2805 -1.1414
-1.4879 0.7607
0.4377 -1.2728
-1.0947 3.2556
0.8790 0.6518
2.5544 0.6614
3.2889 2.7323
-0.9051 -0.7413
-3.0403 5.1860
0.7234 2.6649
3.1305 -1.3302
-2.8040 -3.8880
0.4468 1.5326
-1.6532 -3.3587
3.9605 5.8631
0.6841 -0.5828
1.1534 1.4563
1.2561 2.0550
6.4398 2.4486
0.6004 1.6819
-2.0499 2.7323
0.1474 0.6400
-2.3874 -2.1219
0.9803 0.8915
0.8131 -1.0263
-1.4887 1.9645
-1.4005 -1.5171
4.4763 3.3602
-4.7780 -2.8138
3.6860 1.1135
2.5995 -1.8310
1.6511 -2.5371
1.0121 5.3198
3.2473 0.6886
1.0971 -1.2438
3.1763 -3.1897
2.0384 2.0628
-1.9699 -5.2568
1.4663 5.4151
-0.9830 -3.0886
4.6364 0.7134
-3.4948 0.9422
-1.6637 -3.8560
2.1912 1.4143
0.8772 1.7666
-0.8896 0.9358
1.5865 3.0877
2.0160 -2.6989
5.4171 4.8804
-2.7171 5.1680
-1.7417 -2.5054
0.9670 3.6961
-2.6969 1.7657
-2.0770 -1.0986
-1.5786 1.9468
4.5579 -1.6940
-0.0790 2.1446
3.9075 3.6076
-3.4257 1.5207
0.7457 -1.7928
-1.1921 4.7498
-2.9487 1.5177
0.5929 1.7491
-2.6004 -2.6130
4.8522 2.9764
-3.5344 2.0721
5.3078 1.0219
0.6636 -2.5763
-3.9183 0.9681
4.0702 0.6654
0.0925 3.2580
1.0762 0.9128
-2.2451 5.7473
4.3610 0.3552
-1.9211 4.2574
-0.3665 2.2693
1.3333 0.6735
-3.6116 3.7454
0.8596 0.5941
-1.7752 0.6542
1.8228 -2.2838
-0.5990 2.3679
-1.4970 2.5799
0.4363 5.5427
-3.5413 1.5461
1.0723 -0.8587
0.4666 1.3247
0.6453 1.5764
-3.1180 1.8279
0.4111 -0.8088
-2.8970 1.4593
-0.5171 3.6275
-3.1951 -1.3494
-1.6423 -2.1128
-0.5122 3.8639
-1.6015 0.8015
-1.4392 3.1902
0.4475 4.5255
2.2467 2.3891
0.6941 -0.5346
0.6840 3.6621
3.3887 -1.5799
-0.1666 3.5432
-2.8297 -1.3749
0.7748 0.6485
4.3411 -0.6419
1.3686 2.3953
1.5829 4.4527
-1.7909 1.8287
0.3817 1.1167
0.8239 -0.7913
1.6548 -2.2059
1.3617 0.1355
-2.1123 2.1257
0.7159 5.7061
3.3332 0.4345
-2.4578 3.6268
0.8657 -0.9973
4.6350 0.3422
1.8372 3.0799
-2.4035 1.7784
-3.1186 -2.9724
-0.6990 -2.2046
-2.7666 0.9613
6.3366 -2.9073
2.0059 2.3418
0.8648 -2.2111
1.7263 2.4327
-1.9488 0.8610
1.3190 3.4017
-0.8449 0.6684
2.9768 -3.6320
-1.6851 -1.9780
2.0127 1.9314
3.6725 1.7699
4.4148 -2.9705
4.0447 2.5979
-1.6450 -1.1997
0.7435 -3.6226
-1.3486 2.6132
2.0612 1.5798
3.5821 4.7506
1.1550 3.9195
0.6609 2.3441
-2.0500 0.9733
1.8451 -0.1304
-0.8164 3.9930
-0.3836 4.1114
1.5729 0.4519
0.3420 1.9716
-1.1525 1.6083
-1.1853 -2.2236
-2.5987 5.0008
-0.4171 2.7895
2.8996 0.6988
-1.3299 -2.5859
-0.4819 -1.1223
3.1518 0.8298
4.2843 3.8428
-2.2515 3.9604
4.8203 0.9380
2.9176 0.6723
-2.8862 6.3113
1.0898 3.5801
1.9808 3.6508
-2.0694 1.3841
4.5931 -0.7094
4.1371 3.7484
2.3451 -5.3791
0.6462 0.4013
1.1827 3.2318
-0.6837 2.2893
1.7139 -1.7036
3.5227 3.7769
2.3430 0.6585
2.6606 -2.9790
0.5871 1.4953
-0.7098 0.5923
-2.0381 -3.3531
3.5981 2.2235
1.2679 1.9979
0.4703 -2.2001
4.4538 0.8734
-2.9809 -0.6314
0.7225 1.6967
-0.0962 0.7121
-1.4995 2.4261
0.7478 4.4013
1.3466 -1.8393
-0.5923 0.5112
-0.1483 -3.8997
-2.8061 0.6181
4.6182 0.7497
3.1809 -0.9718
2.5971 -1.3858
-2.8503 -2.0830
2.8274 0.9864
-3.3771 -0.1614
-1.1184 2.0017
2.4405 0.8104
-3.1340 3.6796
2.5614 4.6847
-1.5213 0.6137
-2.2861 0.2460
1.5880 -2.6545
0.3813 2.8357
0.6988 1.1158
2.8639 1.8553
5.6763 -2.3353
1.1706 -0.2362
4.7523 1.4865
6.8764 -4.2973
1.9363 0.3132
2.9918 1.4789
0.7312 1.0576
0.9572 1.6366
0.0368 1.6017
0.3824 -3.7263
0.6112 5.1007
-1.7849 -1.0291
-2.6523 -1.8753
0.8537 1.4913
-1.5301 0.6826
3.1134 -0.7827
-2.4699 3.3350
0.1497 0.2872
3.2056 1.4331
-3.3293 2.0582
0.7253 -3.2318
1.2769 2.9340
-2.6122 0.0927
1.7521 1.5314
-2.7430 -2.5135
-1.2624 4.2589
0.0189 3.7353
0.8731 -4.0532
2.0355 3.3410
5.3632 1.3373
0.7482 2.9847
2.0269 0.2773
-1.8384 1.5305
2.1166 -3.5563
-0.0273 -2.0551
-4.0153 -0.7381
-2.6210 -1.1664
-1.7334 0.8266
-2.1073 -0.6547
-1.6562 -0.7606
3.4081 2.8257
-1.9498 0.4809
-1.6625 -1.8408
0.3140 -1.6930
1.9822 1.5252
5.0447 -1.1715
-1.0372 -3.8480
0.6741 -1.4484
-1.1658 -0.4308
1.7150 -0.8296
0.9757 0.7387
4.4486 -3.9221
5.7080 4.0613
-0.1979 0.6874
2.3468 -1.3008
3.4315 -0.1615
0.7596 0.3096
-1.1932 0.9370
1.9541 -1.3468
1.5762 -1.7600
1.8752 -3.3486
3.4095 1.1649
0.6992 2.4431
0.5596 3.6629
0.7338 -1.6482
4.4679 2.2565
0.8312 -2.1872
0.0799 1.2952
-2.4337 -1.7138
1.6075 -1.7269
-2.9280 1.2818
-1.0464 0.2458
3.0359 4.3876
0.7337 0.0132
-2.9753 0.6813
-0.5788 1.8997
3.6545 1.7406
2.2474 -3.8586
-1.4746 -1.6212
1.2100 -2.7559
-2.1726 1.7360
2.8403 -1.5537
2.6193 -1.9814
-2.4945 1.4964
1.3001 0.8480
1.1791 0.2261
-0.6653 -1.6809
1.9585 -0.8757
0.7737 -1.1638
2.7678 0.8663
0.6274 1.3548
4.6012 -2.2241
-1.4514 0.6691
3.2440 -0.7340
2.5813 -2.7121
0.5543 1.8549
-2.9478 0.7697
-1.3195 -1.2808
2.2041 0.6267
0.9619 2.2067
0.5423 -2.0280
2.2168 -2.3477
2.8560 1.2153
0.7388 0.5565
2.6813 -2.6734
-0.8781 0.8493
-2.2558 -0.5634
-2.6290 3.6752
-1.1879 1.0980
-2.2966 1.3799
-2.5765 1.6064
-1.4117 -0.5922
0.9390 1.6651
1.5285 -1.5907
3.2591 5.0945
-0.7634 -0.9948
1.7311 0.0765
1.1329 3.2684
1.6474 -2.4078
-1.4405 2.2832
-2.4726 -2.3134
0.5667 -1.6859
-2.5634 0.3038
-0.8052 1.0022
0.3931 0.8569
-1.9241 0.3906
0.7251 -1.8675
-2.2376 3.6914
0.9514 2.9157
0.6568 1.0897
-2.9556 3.0957
7.0729 -0.3308
1.3067 0.5910
1.7306 -0.2516
-1.4264 2.2218
2.5044 -2.5949
-1.3338 3.8726
1.0046 0.5052
0.8781 1.6656
3.3927 0.5243
2.5763 6.1776
2.0203 -2.2633
-2.5831 -2.1162
1.9971 -2.3267
0.7824 0.7372
3.7454 2.5430
-3.9824 2.1864
-2.6799 -1.5458
-3.4963 1.2280
-0.9110 -1.0497
1.7182 0.0770
-2.3245 3.0592
1.8530 4.1964
1.4710 3.3263
4.4499 -1.7759
1.0130 1.0121
-2.0834 2.9916
-2.8329 0.8336
-0.6837 -1.7276
-0.5071 1.5816
1.6200 1.3231
0.9670 1.0671
1.8075 0.8181
2.5722 2.2820
-1.8383 -1.0001
1.4338 0.7049
4.2973 3.2460
2.0092 2.9789
-0.0804 3.1250
1.8757 -2.5332
0.6476 1.1879
3.7861 0.8366
1.1534 1.4653
0.0439 -1.7135
0.8871 -1.2722
-5.1913 -1.3269
0.4720 -1.4070
3.8493 1.1298
2.8211 -3.5787
1.0805 1.1480
3.0071 -2.5948
3.0581 -0.6999
-2.3721 0.2888
-3.4454 0.9153
-2.6722 -0.6825
3.0163 -1.0314
0.5464 5.5854
1.9096 -2.0118
2.4187 -0.7156
-1.2284 0.3462
-3.7117 -1.9018
1.4674 -3.3209
1.0653 1.1199
0.9594 5.4437
5.1538 1.6185
0.5383 4.1885
1.5978 -0.6529
-2.5772 -0.8548
1.0057 3.2819
-3.4097 -3.0815
2.5415 0.5209
0.7406 -2.9768
-2.3286 0.7279
0.1632 -0.1256
0.7870 -0.7208
1.7827 0.8931
2.8360 4.7582
0.7767 0.6362
0.4282 1.1415
2.5018 0.6166
0.9470 0.9667
1.9040 -1.4975
-0.8565 -2.8403
-1.0760 0.9521
0.4351 -2.8465
1.0443 4.7273
3.8469 0.0031
2.6414 4.9589
0.9656 0.7212
0.0627 -2.0838
0.7462 3.4230
-3.1929 -2.0766
4.3400 -1.0359
-1.7072 -0.6828
0.0393 1.1573
2.2792 -1.6682
3.6093 0.9656
-1.3472 4.0763
2.2033 3.2299
-1.9154 -0.9090
4.3675 0.4378
1.8467 4.7112
4.9385 1.1842
3.1400 0.8385
-0.7528 0.9097
1.2651 2.4333
-1.7256 2.8745
0.6210 1.7480
3.2003 2.4926
-1.1057 -2.1358
0.3949 0.9567
-2.3968 -2.8480
-1.1666 -1.7460
-1.5882 -2.0273
-2.4075 -0.0274
3.8638 0.6979
-0.8453 -0.2092
1.2623 0.6292
-2.7403 0.6768
-1.5063 1.7698
-1.4659 -1.0462
3.4891 -3.0997
3.3848 -4.8495
1.3077 -3.0253
0.6434 -1.9003
-2.5591 2.7318
-3.2781 3.4004
1.0870 2.1431
1.2491 0.8949
1.4927 1.1735
0.7389 3.2988
2.2616 -3.0735
1.3702 -3.0531
2.4586 -3.4058
-3.4135 1.2245
-2.2292 -3.2967
-0.5098 -0.9284
4.4026 2.7729
1.3062 0.4390
2.2923 -1.8576
-1.5031 -0.6340
0.7938 8.1421
-1.3856 3.0251
-2.3169 3.2576
0.6404 0.5872
-0.3625 0.6063
-0.6653 5.0418
-2.7605 1.3563
3.4739 1.4056
-2.3565 0.6495
0.6882 0.7298
1.0666 0.8572
1.5655 1.0081
1.6426 4.6828
0.7396 1.7043
0.4294 -1.6078
-0.0280 3.7348
3.6437 1.0567
-1.7531 0.7944
-2.5043 -3.1922
-0.8360 1.2470
-2.8075 5.1710
-1.3784 0.6206
2.7287 3.7446
1.5218 -3.1029
2.7296 1.5832
1.1055 -0.5391
0.7826 -2.0690
1.7810 0.6836
0.7265 2.4483
-2.0910 0.3527
1.4534 -2.3284
2.0275 -4.7707
0.5769 -3.7446
1.5813 -2.8289
1.5298 4.7772
-2.2342 1.2112
1.3459 0.5359
-0.6006 2.7726
-1.0084 3.6522
-1.4999 1.4897
-0.2991 0.2876
-3.4834 -1.3517
1.8894 -0.9495
-1.2752 2.7797
-2.8046 2.1318
-1.8095 -0.7683
-2.0843 0.9405
2.3569 -1.0614
2.1227 2.0635
0.6882 1.0257
0.8552 2.1881
-2.6823 1.3987
2.7082 -0.8116
-1.4274 0.7365
2.8016 1.7102
0.1654 0.7950
3.5569 0.8122
-1.7899 3.6939
1.9723 1.6291
-3.6534 1.4042
0.7386 1.7194
-2.2060 -3.4291
-2.8483 2.9120
5.1438 2.3680
2.4505 -2.6716
2.4040 0.7238
1.9838 -2.0112
1.2613 3.9996
3.0121 0.4756
1.4013 0.2155
5.1526 -2.3159
3.7273 0.7371
2.6433 -1.3595
1.0654 -3.5447
1.1942 -2.1862
-2.1532 -0.7746
0.1772 1.0336
0.9093 -3.4363
-1.7105 3.5951
0.7523 -2.5898
3.0455 0.5535
-1.0720 0.7219
1.3083 0.8364
1.4542 3.5984
4.4705 3.1838
2.2799 -3.1050
0.9935 3.2777
1.0519 -0.1919
-0.1467 2.1174
-1.2064 1.5018
0.2069 -0.3245
-0.7493 -2.7620
-3.2507 2.5225
0.5454 1.1406
1.7314 -0.2074
-0.5581 -0.3852
2.1598 -1.3067
-2.8092 4.4197
-1.1468 -0.5538
4.2012 1.0164
3.2844 -1.1072
-2.5867 -2.0061
-0.9614 4.7781
-0.8223 3.0810
-2.4485 1.3450
-2.8304 2.0888
-2.0128 0.5843
-2.3978 0.4917
1.8852 1.5731
-0.9528 0.7598
0.7923 -2.0639
-0.2355 1.1502
-2.9368 2.2651
2.9185 0.8277
-2.2477 3.4326
-1.3309 1.3432
1.0592 -2.8252
0.0213 3.8262
-0.1157 -0.5112
-4.4643 0.5799
-1.9601 -1.2470
1.7913 0.5679
1.1647 1.3133
-1.7553 1.3807
2.1586 -1.5316
-2.2197 0.4896
2.2606 -1.7083
1.1736 1.1207
-2.2934 -2.9606
1.1656 0.8724
-2.6655 1.5153
-3.1491 -1.8216
-1.9934 1.7951
1.0270 -1.6743
-1.1026 -1.8878
0.1210 3.5825
-0.0889 -2.8043
0.5857 0.9105
0.7394 2.3641
-2.3793 4.0153
-1.7745 -0.9354
4.4393 -2.4932
1.1328 -1.2414
1.6447 2.4886
4.8071 2.6511
-3.5888 1.7230
0.7572 1.6705
-0.8733 -2.7613
1.3832 -1.0832
-1.7680 -1.9706
2.8646 0.5418
5.5746 0.0453
1.2753 -2.0449
3.6214 2.7042
-0.8206 0.6582
1.0760 3.2536
-0.8119 4.0269
5.6456 0.8882
1.4254 0.5772
-1.6480 -4.4047
-1.9768 2.2036
0.9613 4.1231
-1.1437 -1.3404
-2.3905 -2.0902
4.9732 3.3940
0.8185 2.8936
-1.4906 -2.5023
-4.3777 2.4048
1.7041 0.6388
-0.1768 -1.6446
3.1843 0.5588
-1.0858 0.5275
1.0655 -0.5253
0.6411 1.6396
0.6283 2.1076
2.0195 -2.9122
-2.6420 0.9261
-3.8429 1.6012
2.1961 -4.4065
-2.3862 -3.3690
0.7856 6.1649
-3.2398 -3.0831
1.5008 -1.7972
2.1516 1.9238
0.8086 -2.9629
0.5063 -1.3025
0.2001 1.7678
2.5227 -2.8356
0.1747 0.3122
-0.2953 0.8549
1.4943 -1.8863
-2.3044 0.3399
-3.4106 2.0190
0.8435 2.6971
3.5124 4.8130
4.4937 0.3412
-3.8061 0.9470
0.7353 2.2466
2.3660 1.7543
0.8191 2.7361
1.2866 -2.4951
0.0235 -1.7829
0.3733 -3.7715
2.3183 2.9999
1.4780 2.4665
2.2855 -0.4600
-0.6422 1.4549
-0.0819 0.7180
-0.2513 0.5779
-2.2891 1.3910
0.4109 2.3944
-2.6314 -1.1173
0.9166 -1.6067
-1.4438 -2.0114
2.0948 0.9158
1.4084 2.3100
0.9256 1.0660
-0.4427 0.5609
4.5977 -2.2892
-1.9416 3.4791
-2.7172 0.6249
-2.9401 -1.5762
-1.7216 -3.5927
0.5948 3.3593
0.8167 -1.3224
1.0090 0.7370
-2.0370 -2.7361
1.9637 0.7627
0.9189 -0.7783
-0.6604 2.3907
-0.9148 -1.7293
-2.3900 -1.1307
1.0604 1.3272
-2.0041 -2.0684
0.7990 -2.1485
0.6210 2.2126
2.5264 -2.6864
1.2929 -1.9455
-1.4618 -2.1763
0.0406 -1.1334
-2.7400 1.6928
3.2414 3.0990
1.9675 1.6577
0.9480 -1.6026
2.7233 5.0867
3.7301 0.0890
4.7474 1.5020
2.9493 -1.6608
1.3920 -1.0892
2.0183 2.2282
-0.6248 -1.8228
-4.5763 -2.9667
1.9646 2.0041
0.9204 0.5638
2.1845 0.9309
0.8564 2.0661
-1.8421 -1.1477
0.9369 0.7397
-2.2508 -4.6302
-2.0518 -0.9180
-2.8198 1.0331
3.0891 -3.9269
3.1363 0.3645
0.5893 -0.0960
1.6744 4.0731
-1.8490 -2.2395
5.3211 2.6448
-2.1571 1.9272
-2.7775 0.6541
0.6895 1.0648
4.5535 0.2366
-0.2958 -1.4800
2.3125 1.7421
2.9957 2.0414
0.1882 0.1470
-2.0626 1.0982
-0.9779 1.5196
-2.2755 -2.6427
-2.4333 3.0569
-2.3844 -0.2432
1.9378 2.3300
-4.2873 -2.1122
2.2620 -0.9230
-0.0050 3.1001
1.2474 3.2660
-1.9585 2.1541
-2.3509 -1.2617
-3.4871 -4.2711
2.0947 0.8026
-0.9456 -0.0418
5.2891 -1.4438
4.5153 -0.3646
1.0458 0.7701
0.8521 0.7343
3.5044 0.8895
0.9702 1.9230
2.5452 3.3331
1.6590 0.3802
3.1043 0.0558
0.6564 3.4363
-1.0773 1.9905
3.7654 -2.1345
3.2392 -2.5250
2.4123 -2.0722
0.4778 2.0250
-1.3730 -1.7685
3.9879 -1.5640
-0.4539 3.8581
0.8322 -2.2092
-0.0746 -2.7438
-0.6720 2.7161
5.1061 -3.0863
-5.2391 1.2833
3.3863 -1.6642
0.7164 2.9262
1.6183 3.5228
-1.0323 -0.1604
1.5597 0.7538
-3.2032 -2.1498
0.7476 0.7328
0.5923 -0.1265
-2.8800 -2.2572
-1.9385 -2.1552
1.5952 0.9007
-1.8312 -0.9506
-3.1361 -0.7614
1.7282 -0.2137
0.9109 0.9967
0.1136 0.8946
0.9605 1.0210
1.9856 6.3440
0.7754 2.2459
2.9177 -2.1003
1.4474 0.7942
3.9480 -0.4917
2.1752 3.1085
0.3939 -2.9758
3.1699 2.6187
0.4930 0.7927
2.7080 2.7520
-0.1335 0.0819
2.2958 0.7167
-2.0597 0.6483
-1.7603 -0.4490
1.6582 2.4009
-2.6100 -2.7673
0.7714 -2.0927
-0.2048 5.9961
4.6922 1.7739
0.9599 -1.4418
0.9584 0.9986
3.2267 5.5998
-2.1411 3.2076
1.5087 -2.1426
-0.1235 0.6525
1.4118 -1.2839
-2.9542 0.7278
-0.5478 2.5266
2.5559 3.0320
-2.9216 -3.7053
-0.9052 0.8354
0.6585 3.8523
-1.0540 -1.5185
2.2095 3.9685
1.8077 0.7589
-0.3578 1.7328
-0.0340 2.8720
-0.8049 0.9278
-2.2357 0.9349
0.7860 0.7345
4.4062 0.1456
2.2333 -3.3381
-3.5629 0.5289
-0.5081 -2.7594
0.2586 -2.1287
0.7193 -2.7769
-0.3937 1.8100
4.2345 2.9619
-2.4530 0.6181
3.3678 1.1481
2.3625 -2.7895
-0.7626 -4.0283
-3.6042 -3.7067
3.5006 -1.9114
0.7794 0.7971
1.3660 1.2890
3.7577 -0.9355
-1.3915 -2.7323
-1.0921 -1.9991
-4.2048 1.2704
1.1822 0.1558
0.9199 -1.6147
-1.0369 2.6192
-1.2428 1.2151
3.4575 -3.3210
2.0955 -1.7104
-2.7303 -2.1294
2.6626 -0.0766
3.0697 1.4010
-0.0258 -2.3542
-2.0832 3.8857
1.5959 0.3133
2.9238 -3.1749
-3.5624 -3.5496
-0.4997 0.2713
0.7199 3.6432
-2.6424 0.8598
1.8788 1.7270
-1.5234 -2.6668
2.8825 0.6768
1.1403 -0.9930
-3.6526 2.0666
4.1806 0.8707
0.8093 0.6212
3.8517 1.7216
0.7622 2.0461
1.7863 -2.5464
2.5647 0.1951
-1.5535 1.3400
0.7366 -3.2300
2.4593 -1.7658
-3.0859 0.1651
2.5278 1.4250
0.7252 -2.8486
-2.8789 1.4798
-3.3350 2.6138
-1.4662 0.8539
1.7160 3.4844
-2.9066 2.6480
2.1320 0.8038
1.0531 -1.7068
1.3918 -1.3326
2.0987 1.9469
-2.2547 1.0632
4.4604 0.5443
4.0602 1.9808
0.6610 -4.0746
-2.1553 -2.0413
-3.7720 1.1865
1.9564 -1.7371
