5
7.6199 6.6223
4.8854 11.3898
4.9042 4.1398
4.0555 -7.5511
5.3886 5.1115
4.1744 -7.6581
5.2019 4.3800
4.4883 3.7057
4.6352 5.2821
-11.6067 3.8541
-10.0336 11.2117
5.4671 5.5397
2.5410 5.1116
3.6182 4.8304
6.7519 5.4881
7.4023 4.0511
4.3342 2.5620
3.8549 7.3766
4.1877 6.6918
4.0375 -8.3273
9.6046 3.9222
6.6191 4.2183
6.3421 3.4352
5.7320 -7.8505
4.8914 -13.3259
10.8473 5.3587
3.8798 6.0669
4.5884 5.0852
3.2954 5.6315
10.5966 5.2221
7.9085 4.2962
6.3642 6.0643
3.2616 -8.4551
10.2261 3.7162
7.6899 9.7715
6.3409 -7.4378
3.1476 6.0059
5.7850 4.5132
5.0682 3.9010
4.7272 2.4275
6.4875 5.4605
-9.1257 -5.0809
3.3059 5.0663
11.5450 -9.3675
3.3400 10.4530
4.1273 -10.3246
5.3088 6.3227
4.5971 4.2319
10.0402 5.0829
7.3069 4.5570
5.4333 4.0207
-9.3815 3.6969
6.2805 -7.5855
6.9269 5.8014
10.2615 4.6596
9.0948 4.2683
2.3179 -7.4163
4.0194 5.8918
5.1616 2.9932
7.1658 5.1243
5.3962 3.7027
10.3651 8.9831
6.8098 5.2237
5.9474 5.6158
5.3760 3.5575
-6.3269 -7.6109
5.1155 5.5972
1.7473 3.9372
6.6797 5.6513
4.5347 3.3812
2.9936 -2.1844
-7.4086 3.6836
6.2969 4.5075
5.4526 -9.1372
5.4619 4.0410
3.8655 3.9774
8.7323 4.8505
3.6227 6.0969
3.7994 4.8058
5.7470 4.7282
4.3866 3.6358
6.7141 10.4659
9.7386 4.1309
5.1935 5.0126
7.6116 4.3665
4.3884 6.8390
5.6393 -6.9441
-8.9298 4.6208
4.9903 4.8730
4.9610 3.7208
4.9496 4.0514
8.5992 11.2481
2.7078 -9.7873
4.4805 4.6706
-5.6714 5.1247
4.3473 6.6879
5.6791 -4.5082
6.2409 5.7238
-7.0521 -5.7548
6.0712 6.3423
4.4859 4.3527
4.8295 3.0671
3.8119 3.8639
-8.7757 4.9695
4.9205 -8.0866
-8.9985 3.4189
5.3968 6.3133
4.7841 -10.1529
-8.4073 5.8204
5.1242 7.4748
-11.0095 4.4264
3.0611 -6.2391
8.8406 4.9418
4.6215 4.4368
-4.3113 7.8737
5.3265 5.7446
4.5689 5.0412
2.6387 9.5573
-2.8015 4.5316
4.0352 4.1109
-3.7724 7.0184
3.5558 6.2957
2.2193 2.8439
4.4229 4.4852
6.5380 -3.6476
6.5739 5.9712
2.4229 7.1731
-6.6170 -6.7423
6.7110 2.2765
-8.2077 6.0176
5.8501 4.1406
-7.6278 -2.5851
6.1579 4.3674
5.0689 4.8042
6.1785 10.2382
6.5558 6.5572
6.1978 -9.5330
2.3743 -6.9170
2.5539 3.8988
5.3878 -7.9805
5.4375 4.6348
3.3752 4.1619
4.1810 4.8309
5.2649 3.6161
-7.9752 5.4017
4.4973 8.1805
4.7040 6.2530
3.6610 3.0976
5.7368 2.8176
5.7494 4.6163
3.8089 4.9049
3.3847 9.8756
7.5954 5.2902
4.8888 3.1859
5.2114 4.8218
5.7707 4.9711
4.5652 -8.5181
4.8746 4.8321
-8.0116 6.2841
-6.6436 5.0026
5.7801 6.7897
4.3798 -3.5585
6.4129 4.8599
5.1019 5.6140
5.1191 2.3540
4.6705 -3.1235
3.3837 -6.3195
6.0582 3.9752
4.1437 5.1398
4.6143 -8.4638
6.3789 4.4336
4.3752 4.7042
4.9084 4.2716
3.6181 2.6583
5.5227 2.7208
2.3768 8.8663
5.9017 4.9427
3.7715 -7.8704
3.7776 11.8642
4.9658 -7.5866
5.1186 5.4501
4.8256 5.2077
3.1163 4.9457
3.2611 -8.1924
6.6534 10.8042
5.0959 6.8000
-6.9894 4.1728
5.4927 4.3011
-7.8355 3.4938
-6.6992 13.8260
2.8621 4.8408
6.2651 -4.1524
2.9452 8.4835
5.2937 3.7211
-8.4174 3.0655
4.3649 4.0282
5.3466 4.9403
2.6344 6.2382
5.2797 5.8031
5.1252 4.2555
6.4014 6.6233
7.3064 4.2185
-5.9434 4.4568
4.8873 -2.9849
5.8349 2.8865
6.0080 -4.0268
-8.8428 4.8762
2.8558 -8.3209
3.1942 3.1920
6.1987 2.8719
1.9367 -7.8598
4.1156 6.4924
-11.1892 -7.1847
8.5871 5.7282
5.6106 -10.6902
-7.8318 3.3225
2.7599 2.6999
-6.1840 -11.0099
6.5760 6.0938
4.2698 5.2418
-7.6323 3.0105
-1.1241 3.1056
2.6234 4.3558
8.7859 6.7147
6.5521 2.6764
4.2560 1.7278
-6.9033 1.2823
4.9673 -9.4267
2.0131 4.3253
7.0204 4.1158
4.4640 3.2134
4.2740 4.3227
6.0221 4.6363
9.6082 -10.4541
7.0604 -8.7101
5.4320 2.8485
2.8634 2.8598
-6.9413 7.1150
4.5771 4.4656
6.4624 7.8116
3.4991 6.2363
7.0536 9.3256
4.6248 -3.5243
7.5312 4.1678
5.2377 3.8933
-9.3277 -8.4568
3.8723 -7.0881
7.1616 12.2725
-8.3195 3.6754
-4.9924 -7.0251
3.9686 6.0041
3.4273 7.9019
6.3328 6.5530
4.6995 3.6027
4.6053 5.5692
4.9598 3.7046
4.4668 3.3523
6.3177 8.7593
-8.7731 -9.3779
-5.5723 4.5254
3.6865 -6.4228
11.9773 6.2769
2.5814 4.0448
5.3139 2.3799
9.6989 6.6174
3.8151 -7.8197
3.1559 5.4993
3.0099 4.7665
10.0736 3.6401
5.7948 -6.7502
4.4496 8.6352
4.5584 3.2142
3.0929 4.2381
4.6584 -10.5319
3.3562 3.2313
5.7798 5.5690
-10.8561 -11.3944
2.8128 3.1064
-6.2418 1.6512
3.7868 7.8189
-9.8373 3.6644
5.0384 5.8785
-8.4639 -7.6564
-10.4745 3.4347
2.4081 6.9395
3.9508 6.5704
-9.0174 4.7395
-8.4165 3.9463
9.1103 -9.7784
4.5053 4.9264
-4.1598 6.4697
6.0431 -8.9074
5.9541 6.3010
5.2284 6.1374
10.0938 7.2763
6.3481 0.8636
3.6899 3.9721
5.3680 -9.7122
5.2498 10.9467
-2.2430 3.1633
4.0510 5.1241
4.7136 5.2686
3.6786 5.3011
6.5228 2.9099
7.2248 5.2649
3.7645 5.9109
5.6611 4.8880
2.9525 3.9485
-8.4812 4.0243
6.4274 3.8457
3.9322 -6.1063
4.5309 4.0580
4.3298 10.7480
3.3775 -6.9742
2.1348 4.0031
-3.6266 8.4558
6.4434 -7.3181
5.9493 4.9771
2.7920 14.0335
7.3446 4.8740
3.5547 5.7612
4.9815 5.4534
8.1736 4.8446
3.7179 -10.1713
5.3472 -9.2491
4.5094 -8.0423
8.8470 3.6529
5.6592 12.3455
6.3575 3.3920
7.3415 6.8997
5.4225 3.1416
5.2817 4.3026
4.5777 6.0924
5.9444 -6.7626
6.8201 10.4470
4.7443 4.3573
-6.3490 8.4612
2.7475 6.7949
4.3449 6.7592
-6.9988 7.2249
4.0563 7.4013
5.0238 5.7650
-9.5855 4.1567
3.8029 6.0903
1.5711 2.4465
8.0994 4.1478
3.6284 2.9175
-7.5565 4.0817
3.2037 4.6188
-8.8892 -11.5516
-7.3574 2.4770
-7.7036 2.7869
8.3420 2.0967
5.2711 -8.5828
4.4969 4.4460
5.7308 9.7751
6.0321 6.1194
5.2220 8.5827
4.9251 3.4711
-10.4224 5.5428
-11.5372 -1.3800
3.7708 5.0517
4.5456 3.2599
4.3189 4.5090
5.0233 -9.0101
-5.0639 -6.0388
6.3722 9.7915
-8.6766 5.2259
5.7217 5.9410
4.2180 3.5169
3.8543 2.4569
8.5117 6.0087
3.4656 6.0574
3.8825 2.0540
3.6372 2.1107
3.9983 3.6545
4.5628 7.0116
4.7961 6.2996
4.0220 4.5643
6.3583 5.3768
4.5813 3.0297
8.1428 6.0131
4.0171 6.4426
8.8234 5.0840
1.4369 2.8406
4.3238 4.7144
-11.3813 2.5512
-8.3358 5.1032
-2.7512 5.5815
-6.9121 7.4297
4.4509 4.6214
4.9381 7.2530
5.7404 6.4155
2.3644 4.4350
10.5863 5.1277
5.3727 4.5503
4.4549 5.9901
4.7992 5.3949
6.3600 5.0413
-9.2598 4.0296
2.6882 4.0176
3.8015 2.5574
4.4149 9.0807
-2.1468 -8.7097
-3.3802 3.3125
3.9329 3.9636
-10.2774 5.2497
4.1751 6.5392
5.5351 3.7303
5.9200 5.6130
4.2319 3.7041
4.4282 4.5673
3.7591 -9.2878
4.5880 6.7231
4.3537 6.8698
2.4123 5.5191
4.3033 3.3433
9.7769 3.6246
-9.8514 11.0718
4.0864 4.0003
6.4674 4.3312
6.1325 -7.7590
-6.5726 9.1728
-8.4426 4.0444
9.3959 2.6819
4.7367 7.3027
-9.5186 1.2765
7.1889 -6.4719
7.1250 -8.5121
4.8998 4.3945
4.1811 3.8702
12.6026 5.0932
7.5368 5.6595
-8.1847 10.1038
5.0345 3.8490
4.6684 10.6154
-7.1603 -7.5722
4.3206 4.4814
3.8856 4.8376
-9.6011 6.1711
3.4875 11.7751
4.4174 4.2777
3.6202 4.0024
4.3866 4.7852
-8.6229 6.1102
6.6320 4.5191
4.0772 6.2884
4.4345 5.1195
4.9625 3.0941
6.4188 3.1557
4.7336 2.5373
2.6835 3.4927
5.3838 4.2506
4.1574 -7.9316
-6.9414 5.1569
3.1355 -1.9420
4.9349 13.7130
-10.7824 -7.2261
11.0907 -8.7562
-3.9673 6.5383
7.1670 4.3608
6.4510 -6.5314
3.4251 6.1577
7.7265 5.0363
5.6416 -10.6444
5.3659 4.5791
-9.6284 6.2238
4.2298 -6.7238
3.1897 6.9478
6.4598 4.7059
-5.2971 8.7421
3.7569 4.0084
5.3501 3.0978
5.0061 4.0962
10.3972 7.5318
10.8106 4.9312
5.8196 -6.6017
6.4492 8.5962
4.7475 5.3475
4.8339 4.8943
4.1567 9.9964
5.4196 6.0923
6.6111 2.7190
11.3982 11.7636
4.1152 3.4758
3.8962 3.9961
2.6494 5.1710
3.9571 5.2360
3.5295 6.6929
-10.6139 9.7424
4.6840 4.3088
1.8814 -10.0001
5.2283 4.2753
13.0626 5.3249
4.0646 5.4099
3.8803 4.2223
-7.3543 5.5250
-10.5724 3.8547
4.4287 5.8358
6.1414 4.7412
4.7435 3.6167
7.1287 -9.0202
6.3283 -7.9823
4.5674 10.1710
4.8291 5.9284
7.2828 2.8306
-9.7291 6.3758
7.0433 4.8808
-7.3361 3.2304
-6.7154 3.4170
6.2018 4.2342
-6.7567 6.1656
5.3720 6.1375
5.8739 -7.6171
4.3213 2.0835
5.6151 5.6446
6.7364 4.9510
3.8317 3.3163
3.3951 3.3908
4.3009 2.8166
8.7811 4.0108
11.1216 4.3977
4.4612 -6.3849
4.9934 3.5433
5.5383 4.3416
6.5656 3.4648
2.1323 3.4518
7.4756 4.8344
-8.1090 2.1208
5.4909 -9.5438
-8.4470 5.6926
1.4789 8.4075
-10.1629 4.3244
-7.6073 5.0840
4.2162 3.6820
5.6401 3.8505
4.8748 3.8095
4.5187 5.3834
-9.0251 3.2061
8.8379 3.8043
4.4977 4.6457
3.7255 3.4940
4.5511 3.5770
4.9481 5.6589
4.7434 3.3542
5.3177 7.0016
3.6613 4.0341
4.1500 -9.6771
5.3476 5.3804
4.0095 -6.4732
5.7775 -7.8616
5.2176 4.1102
4.9533 4.2380
-8.8203 3.4248
5.3973 4.2775
6.1305 5.5722
7.8987 3.4225
8.0969 4.3989
-8.7209 5.2122
6.1604 5.1129
2.8722 -5.8722
-10.0681 5.1928
5.6577 4.8891
3.5194 4.1917
6.7277 -6.3790
6.4867 4.6804
4.7631 4.4089
-3.0228 5.2239
5.0149 2.8463
4.1061 -10.5418
-9.2056 5.9669
5.7868 11.4972
4.4133 4.5258
6.6563 3.4165
6.2252 2.5903
2.8813 -9.7233
3.1392 4.7060
4.5889 -7.3552
5.0716 6.0264
6.5926 4.2786
-8.1858 1.5803
5.1673 4.4039
3.1154 4.5059
5.6179 2.9836
3.7962 -5.6430
5.7896 -4.2951
6.9550 6.5011
-5.5722 -4.0516
4.2451 5.2118
3.1100 5.3368
5.7541 -7.7579
6.6748 4.5741
2.9951 5.3657
6.2819 4.6742
4.3912 4.9347
3.9852 5.3259
5.1790 11.6572
4.1849 -5.9642
-8.3880 5.8247
5.4137 6.6226
3.9305 5.6329
4.5213 4.7822
5.0014 3.5039
3.5588 4.0400
3.4581 5.4811
-8.8836 3.8948
5.3793 6.7958
-8.2114 4.4140
4.7732 7.3998
-9.8419 -7.4203
3.6733 4.9800
9.0018 5.7388
10.6159 -1.1075
-10.9079 -10.6946
4.6580 4.1534
3.5199 4.8110
4.6308 -1.9015
6.2632 3.4251
5.3001 5.3252
3.2666 6.7778
-7.9146 4.9367
4.3302 -5.7519
5.8425 4.8926
5.4282 -6.3863
-7.3317 3.6011
-6.0024 3.8624
4.6496 6.3439
-8.6870 3.0709
-8.8443 2.6845
3.5378 -2.3804
1.8732 -5.7527
2.2059 4.8985
3.3016 5.3056
-8.0186 5.6451
3.4666 4.8039
-1.9416 5.3102
2.8970 6.3244
3.0240 4.9199
-6.0362 7.3579
6.4021 6.9346
5.9681 3.5100
6.2350 5.5850
4.2962 6.4012
4.4189 3.9139
5.6597 5.2984
5.3146 9.7148
-7.4732 4.2106
5.1429 -4.6443
-8.9682 4.9287
2.0088 1.8325
-4.3372 4.7633
2.7478 4.4718
4.5982 5.7504
4.2134 5.9124
4.7220 -9.6727
5.8677 3.5189
5.2416 2.9272
-11.4872 4.7544
5.1443 3.0466
5.3945 -7.2308
8.2831 4.1373
11.1566 -8.8618
4.0547 -3.5279
6.4213 4.1807
-7.9411 -6.4880
7.9507 4.0073
8.7921 3.6954
10.6987 3.7961
4.9926 3.8167
-9.1418 -0.7847
4.7313 5.8912
5.7531 5.5905
5.5413 -6.5290
2.3840 6.2805
10.0106 -9.5145
-7.8043 -5.1809
5.6108 8.6403
5.0526 4.1008
10.5252 5.8413
6.4636 4.9492
-3.2784 4.6451
3.6881 5.0354
9.4808 4.6253
4.2745 5.0821
3.7984 5.7433
5.4646 2.4049
5.4212 3.9801
7.4497 2.3265
3.6535 4.1995
8.7457 5.8007
4.9521 4.1859
4.0534 3.8951
-8.1088 2.2464
6.2939 4.5440
4.9609 2.3185
5.3778 11.4039
5.4025 7.0522
5.0742 -8.8079
3.6246 9.4263
5.1972 8.9551
-8.4616 4.0764
4.3467 8.7381
5.7442 3.1395
3.3673 4.8493
3.9842 1.0846
3.9209 5.0788
10.3663 3.1877
5.9371 -7.3287
5.6141 2.3922
5.4129 4.9762
2.9191 -3.6858
5.8653 3.1855
5.7851 4.0884
3.2119 5.1768
4.3694 -11.4436
3.9116 4.4907
3.9880 7.8281
3.7389 4.9222
-6.7904 4.8909
2.2339 4.7579
5.4001 -8.6104
4.4200 5.7969
4.2218 5.2024
5.1074 5.7045
5.8101 4.3890
3.7053 5.1202
6.1114 -6.5248
-9.3499 3.2092
6.0408 6.7608
3.4102 7.9983
4.8940 6.9379
5.3965 -8.9179
5.0307 6.7821
4.4879 7.3562
5.1441 3.1910
2.1508 4.7865
3.2556 3.9566
3.9584 -10.0530
4.6801 6.5301
4.0734 2.4259
3.3777 5.9313
2.7810 4.9246
3.2081 5.5173
4.3010 5.7184
5.7050 -9.0699
3.2650 6.8223
4.2451 -9.0945
4.0857 5.9057
-7.1047 4.7592
6.3188 6.0900
2.8395 5.2807
4.0569 3.4048
-9.4767 3.8984
4.5513 3.0494
3.5440 4.3194
10.3058 5.3455
-9.3085 2.2990
-4.0500 6.1152
7.9336 -9.4845
5.7767 4.6704
4.3124 5.1586
5.3500 6.8095
6.1021 -8.8916
4.9677 2.5824
5.0766 -8.2574
4.3668 6.9609
-9.6695 8.8226
-10.4051 4.2125
-5.0559 -5.1911
10.8146 4.6799
2.9400 5.9569
-4.8895 5.0343
-4.3157 1.5298
5.8480 5.3072
6.5110 4.4228
-8.8561 6.5350
9.0536 4.9418
6.7130 3.3806
11.4062 6.1975
-5.8578 6.7756
4.2050 -6.3218
-8.1604 3.6904
2.7406 3.5513
4.7442 7.0453
3.9546 -6.6933
5.5798 5.7154
-6.7276 3.6266
8.6816 4.6486
3.4330 5.8683
5.0918 2.9969
-6.2403 7.6045
5.4301 3.1403
3.9248 4.9155
4.6180 9.5148
6.2275 -9.5232
5.8504 3.0544
5.7382 7.9479
6.2475 2.9648
4.9243 3.4389
4.5108 -6.9059
6.0737 8.3237
5.0826 -9.9561
5.2718 4.7278
4.5850 4.6672
6.7628 5.2609
4.3357 3.8098
-8.7030 4.4243
4.8804 4.0905
3.3551 6.0529
6.2500 10.7370
9.4533 4.2716
3.9793 5.5723
7.2510 5.1885
-8.9208 5.5986
6.8644 8.0402
5.0413 4.1240
3.3265 3.9604
5.4765 10.2340
3.8815 9.9895
-9.3945 8.6687
2.7299 3.2249
8.7810 3.5789
5.2829 6.1465
5.7069 5.0031
5.2704 -9.2405
5.3149 4.1367
5.5855 3.7601
5.0899 -10.2534
6.6068 4.9096
4.7544 -7.2314
6.9635 3.2427
10.9553 8.2407
4.2486 4.3405
5.0492 -9.6782
-9.4356 5.7741
4.3097 2.8872
-1.0361 5.2366
-8.8682 6.4060
5.9358 6.2017
3.7673 -4.6666
3.4563 4.2534
4.6802 -7.8251
3.3669 4.6373
4.7759 2.7665
2.8121 9.8074
10.0448 4.9534
5.3343 -7.4781
4.9045 5.6989
2.6123 9.1961
6.9223 -7.7757
4.3710 5.4093
4.6394 4.1817
5.1252 3.9042
3.2538 3.6471
8.0542 5.7484
-10.0855 7.4403
10.2000 -10.1304
8.6478 6.4631
2.5052 5.2911
4.8265 3.5823
10.1138 3.2242
4.2481 7.5929
8.0407 5.1583
5.7769 -7.8484
-7.2639 4.0679
5.4698 6.1485
5.0039 -10.2935
5.2790 8.4866
3.6164 4.8151
4.0194 3.4257
3.7241 -6.8875
6.7215 3.1932
5.2651 3.7510
3.4156 -8.5345
5.3023 2.0683
4.7516 -9.4180
7.2910 6.1485
4.5198 3.9857
5.3312 -8.5403
-1.0194 -9.3335
5.4949 8.4020
4.9961 4.1060
3.4043 6.2159
5.2434 -5.8258
-9.6206 5.8536
5.0817 7.1036
8.3063 4.0599
4.5521 5.0122
5.8240 -10.8423
3.0073 4.7506
5.1816 4.6260
-8.6762 3.0710
-9.1602 4.4185
10.8986 3.9888
4.1589 3.9136
1.6693 1.9289
11.5435 6.8929
4.1156 5.2295
4.0081 5.3052
4.0351 10.0874
12.3110 10.6388
4.7923 -9.8156
5.4318 -9.0213
5.0762 3.5487
5.5222 6.6294
4.4025 3.6412
5.5535 5.8566
3.8642 12.7520
5.4791 2.8915
4.9416 3.0657
3.6709 5.3895
5.3993 4.0203
4.9340 5.5816
5.2567 3.6338
-4.1900 -6.9733
5.3112 -10.1097
5.7571 6.4079
5.4961 4.3219
-10.9443 4.1521
6.0096 5.4813
4.9164 -7.2441
5.8016 -0.8856
-8.9533 3.1206
4.7326 -8.4595
6.5781 6.0149
4.0289 4.8413
-10.2381 5.7036
-6.4624 6.3368
5.7035 -9.5967
12.8969 4.8521
4.3518 4.8266
3.8087 6.5228
6.3211 4.5410
-8.7536 6.7946
4.5294 4.8861
9.7248 3.2348
5.2697 3.2927
10.4182 1.4948
5.3962 -7.5501
5.5689 4.9993
1.6430 4.0171
7.8419 5.6408
4.9310 5.7591
6.3313 5.6925
6.1078 4.2080
2.8176 1.3595
4.2404 4.7195
-12.1867 5.1051
6.0036 8.0717
4.7649 -7.4512
5.2247 6.5891
2.6732 6.8951
5.1808 9.5714
-2.8693 6.3985
11.3978 5.3594
2.0056 11.7890
5.8644 5.2791
-7.8716 10.1383
6.8468 5.9582
5.6322 -9.2411
5.1170 -5.8336
3.4439 5.5717
6.8119 5.0513
3.9015 11.3738
-3.7716 3.5403
5.7969 -8.1030
6.1616 4.4806
-10.8927 8.3709
4.4092 4.2130
4.2480 5.4455
4.2211 8.2341
1.8505 3.6943
5.7375 4.7015
-7.8675 4.4905
3.9101 3.8248
4.7920 -2.0633
3.7182 4.0239
-2.7927 -9.0978
3.1800 2.2175
4.9143 -4.9248
3.5618 5.1934
5.6494 8.1420
4.1682 4.2655
6.3772 3.8536
5.1825 5.0726
3.9173 4.9886
4.3135 -9.2765
9.1327 2.6856
4.4894 -5.1756
-7.3984 4.2605
-10.2290 3.2161
5.4463 -3.9868
10.1048 5.6443
6.2161 7.2551
4.0017 5.2454
5.4701 3.2584
7.0687 6.3133
3.5792 3.4489
3.4084 -6.8252
-10.6779 3.6120
4.3086 -8.1156
-2.6587 -7.6482
-7.3579 4.9380
4.2330 2.4915
-7.4429 5.8056
4.0455 4.2329
6.2611 3.8840
9.1152 6.3809
6.7222 3.4906
-8.5874 5.0753
-9.1961 4.8677
11.4504 4.3232
-10.0261 3.0804
4.1718 6.0665
-5.6116 4.1787
4.8010 2.7007
6.7713 5.9174
4.7168 5.6768
3.3998 5.7019
4.7052 5.7848
5.3104 6.2096
4.2756 9.4877
4.9850 6.4224
6.9883 3.2562
6.0597 6.2718
4.9339 3.5339
-6.0664 3.3563
3.8570 4.0056
5.1254 4.7864
3.2496 5.7450
3.9871 6.8313
6.1900 4.2673
4.7641 2.1538
5.5771 4.7353
4.2563 -7.6933
3.7864 7.1553
5.8362 5.6425
-9.2026 5.9504
5.8751 -8.3779
5.6295 2.8024
-0.4393 5.1799
-6.2166 4.5143
2.9309 6.0031
4.8120 6.5571
4.3750 3.6968
3.0461 10.8482
-6.7112 5.1577
-5.4641 4.2074
-5.5864 -1.4335
6.0238 5.9286
5.4115 3.2668
4.7045 -2.3798
5.1213 6.6701
5.5078 -8.8694
7.1395 4.0424
4.4264 2.9206
6.2978 5.3687
5.7170 5.2474
5.0787 3.6436
5.8558 4.7814
3.8799 7.0226
4.2772 5.0066
7.2420 3.3310
4.0352 4.6093
5.5987 1.9087
3.1432 -7.1845
6.2066 2.0498
4.6584 3.0624
6.1544 6.1438
5.0150 4.9982
7.8086 2.9129
3.5260 7.4802
6.2615 6.3674
4.6090 4.6777
-10.0044 5.0936
3.6801 5.6371
6.2232 3.6754
4.8795 -10.2789
-12.5886 6.4119
4.9886 5.0984
-10.5846 4.9698
3.3896 6.7326
3.6677 4.8392
1.8178 2.9410
5.9888 13.2424
5.4083 4.1252
3.5455 5.0327
6.1647 3.3733
4.0483 3.8944
2.7838 -8.9600
5.6310 6.9203
-10.0136 2.6102
7.3476 5.9640
5.8247 6.9841
-6.5548 -8.5019
1.5489 4.1124
6.1188 5.5108
-2.5672 6.3522
4.3208 -9.0209
4.6491 7.3974
-8.8788 1.8106
3.0207 5.5840
4.1883 4.3431
5.2297 3.5198
-3.9184 -7.5974
6.5256 5.2118
5.8637 3.6883
-6.8859 5.2469
4.9459 10.5906
8.7105 -8.6391
5.4066 5.6636
-9.8425 5.6632
6.7018 7.1705
4.9264 5.3357
5.8677 4.4472
4.0629 -8.9252
-4.8847 8.8565
5.7863 -10.4316
3.7680 3.0752
5.4036 3.5909
-8.8956 5.5509
6.9792 -7.9366
6.2205 5.4625
5.3250 3.7109
5.3297 2.7638
-8.1446 -8.8619
5.1380 5.8105
4.6191 3.7437
3.8507 3.1480
4.0553 8.1268
3.9486 3.0561
11.2504 14.4818
4.9033 5.4098
7.8364 5.4126
2.4972 1.9204
-7.1729 4.8788
-10.8973 -6.5936
3.5283 -8.5792
6.4928 5.1598
4.4409 4.3376
3.2737 5.8601
-6.9716 -9.7291
5.0395 -9.4172
-8.0495 5.4983
-6.6910 5.4594
-5.8073 -8.6075
10.1314 6.4041
5.6367 1.6108
9.0128 4.6376
5.0829 5.0594
-3.9499 -8.7934
3.4708 5.5432
5.9242 6.5545
2.4209 5.6794
5.9025 5.7237
2.0242 3.4379
4.4855 7.1363
3.2644 4.8410
7.9133 7.4762
2.9512 4.9724
-8.6796 6.6101
5.9488 4.6712
4.3823 4.7158
4.9627 4.7445
6.1174 -10.7297
9.3880 4.4083
4.2005 -1.8997
5.4440 8.6547
4.3904 -9.5244
5.0828 11.5857
1.3561 4.3379
8.0026 5.2148
5.0652 4.8803
3.7474 -6.0451
5.0044 2.6087
-10.3293 3.1170
5.8189 -7.4712
-10.0181 5.0274
8.5968 -5.8900
2.0261 5.1493
4.1456 5.1878
8.2797 5.0078
4.8544 -5.2993
1.9468 -7.5870
-5.0169 4.4846
5.1085 -6.7697
4.9627 5.2486
4.1798 3.7480
4.6770 1.2668
4.8201 5.4097
-8.8953 4.2954
10.6297 4.2869
5.1857 4.8729
3.1067 5.9464
5.1329 5.1437
-8.3810 4.3889
5.0028 6.2577
5.5873 5.6167
4.7632 6.4133
-6.0914 5.3880
4.5996 -6.5687
-10.9208 5.6965
-10.4601 -6.9807
4.1250 6.6034
2.9463 4.4005
4.4107 -5.3417
4.0724 5.4585
9.6275 5.1721
-10.4346 4.4962
4.6870 3.0957
3.1603 6.2976
4.7243 4.9413
2.4295 6.2073
-12.2970 5.8476
4.1002 5.0768
5.5068 6.5548
5.0915 3.5598
3.9555 4.5728
-8.6471 3.3493
-5.2420 -1.2773
-11.4060 6.3275
6.2569 5.8576
3.3752 6.9609
3.8036 5.2130
-7.1660 0.1719
5.0413 3.5614
6.6541 4.2176
2.8683 6.0210
3.9734 -10.3185
4.7425 5.7037
3.4196 2.2809
4.0880 3.3303
3.7785 2.0557
5.5538 4.6950
-9.5896 4.7009
6.2425 5.8897
4.1606 -8.0616
4.8412 2.5964
4.3692 3.6258
4.8083 2.5357
3.1123 -9.2467
4.4733 4.2903
6.4822 3.8984
5.2597 4.0498
3.5514 5.4774
4.0134 5.2504
5.0214 5.4445
-10.1549 4.7339
4.6461 4.1131
2.5987 -6.8499
4.6927 -10.0034
9.1759 2.9561
3.6775 5.4280
4.8592 -10.2847
-9.2478 -10.6337
5.1716 3.6499
4.8271 2.4672
3.8430 4.6133
3.1789 4.6019
2.7812 7.1768
-6.2056 -5.8615
2.4221 7.2966
6.4966 6.8927
5.6792 2.7969
5.0333 9.0047
6.4928 3.6848
4.0319 4.4743
4.2452 4.6111
5.7523 9.8187
-10.7989 4.2190
2.3232 4.6106
5.4204 4.8029
5.7459 6.3872
4.2794 4.2811
-7.8422 5.7498
5.4141 10.0897
4.9542 4.4135
-4.6005 3.0030
5.8923 -0.4541
5.4885 5.8426
3.6509 5.7686
-11.6126 -10.7242
4.9436 6.4534
6.7067 3.5478
5.7962 4.5493
1.8666 4.1471
1.1480 3.7115
-5.9824 6.8936
1.6558 -3.7845
4.0362 3.1031
5.4584 4.1349
5.4333 -8.2746
5.5048 -4.3806
9.2301 5.0424
5.3230 3.3997
5.6532 4.4830
2.6988 5.4813
-11.5904 7.8183
5.5954 5.0267
2.7903 3.5946
6.0678 3.8688
5.0865 -9.2193
3.7750 10.6764
5.3284 1.7468
4.7676 5.7172
7.6609 5.9145
4.8961 3.3980
-7.6294 -10.6699
3.1909 12.7295
5.2381 4.6150
8.3820 1.5109
5.4858 -1.1353
5.1668 6.2061
7.8713 4.3427
-9.6285 6.2266
6.0300 5.5021
2.7507 1.7716
4.4724 5.3608
5.1097 3.2542
5.1040 5.8532
-9.7520 -8.9575
4.7178 5.2787
-8.8793 2.9710
5.0751 4.7355
4.6703 -2.8797
2.3069 3.4700
5.2566 4.3094
5.1044 4.4165
4.3995 3.5671
6.2316 6.1559
-6.1757 7.6459
4.5099 6.9568
8.9818 5.5393
5.5787 3.2275
3.4262 -8.2941
-4.1882 6.2654
4.4718 3.9422
3.7689 5.6842
4.4620 -6.8897
2.4687 -10.5638
-7.4671 -7.2708
5.9007 -8.7268
6.3589 6.1899
9.2324 6.0640
9.8881 5.4762
-11.0396 4.1754
4.0467 4.8826
7.6023 3.5764
4.3047 5.4183
5.8644 -8.3545
-6.7970 5.3878
5.1860 3.8434
-7.7306 4.4572
4.2513 -7.5126
2.2620 -8.4950
-8.6144 3.0876
5.5736 -6.0455
3.9163 5.1585
-7.0144 5.0412
-7.0995 -9.3366
5.3741 3.1682
5.3515 5.2324
4.8329 5.2410
-9.9600 3.5923
7.2012 5.1354
5.3347 5.7120
5.3979 7.1488
5.9413 5.8161
6.6467 -1.0909
11.6821 5.6887
4.5197 3.8799
3.5128 10.8103
8.9913 4.1353
5.0800 3.7676
6.4616 -8.8960
4.7896 3.0719
5.0941 6.4846
9.5363 -8.5548
5.4798 -6.6908
4.5199 4.1932
3.2910 3.4972
5.4276 1.9904
3.7943 -7.8948
4.9294 -9.1152
5.0000 -2.8053
3.8516 6.0725
4.3480 4.9761
8.5220 7.2450
5.2462 4.8888
5.2116 7.1554
5.0926 4.8736
-7.9684 3.2807
5.5097 4.4308
6.7022 2.1725
8.5060 8.2811
4.8962 6.4560
3.7767 10.4682
9.7431 -8.1426
4.2161 12.0618
6.1116 -4.6294
3.0203 1.8739
4.2141 5.0251
1.9818 5.3325
5.6499 -4.1937
7.6522 4.6355
6.7855 -3.7868
4.7931 3.6636
3.3824 4.0314
4.8109 -9.5613
5.7251 3.5712
-2.5215 4.5378
-9.2939 2.2369
4.0822 4.0666
6.4385 -10.7655
5.2761 3.7325
3.8361 2.4941
5.2843 -3.4651
4.2926 10.0053
4.1708 11.6500
8.7087 4.1872
5.7921 4.0580
4.0629 -8.2019
-2.5305 3.5380
3.8739 4.4994
4.6769 7.2060
2.3848 4.3614
1.6335 -9.9368
4.6706 5.3077
3.9634 5.3154
3.0711 3.6446
5.2309 5.7910
4.4307 6.6259
3.9564 5.5480
3.1784 -9.3010
5.5558 4.4915
3.7033 4.8383
6.7772 10.2707
3.5785 6.5850
4.9422 10.3060
3.3890 7.3697
5.4614 4.0792
6.1422 3.8868
7.6842 9.0809
6.5030 5.2006
5.1738 3.5897
-9.0599 2.5576
5.7934 -10.0241
-7.0168 3.3437
6.3515 -7.3942
3.9188 7.3018
4.2101 -8.4700
8.2020 4.8679
6.6656 7.2538
4.9532 4.4023
5.0862 2.9497
5.2322 -6.6648
5.5166 5.7878
10.3622 5.0196
4.4174 2.8502
11.5076 4.7123
5.5179 5.4269
12.7943 4.3801
3.8794 5.5444
8.0285 5.5097
4.6957 9.6389
11.5130 2.7383
3.7278 5.6397
6.5543 -9.3783
3.2593 5.1270
4.6075 5.1860
4.5288 -8.9449
6.1111 3.0116
4.6054 5.9387
-10.9226 3.7967
4.1054 4.5384
6.7505 4.1187
8.9849 3.1517
-7.1275 9.8969
4.3185 4.7473
6.0241 -4.6368
-8.9523 4.9973
4.6080 6.8807
6.1752 6.1291
3.7987 1.8012
10.7833 5.0932
-5.9853 4.0266
5.1441 6.4982
3.5992 5.5459
2.6916 -10.4130
12.1394 3.0548
5.0112 7.6123
5.7231 5.1258
7.8315 8.1014
3.7968 3.9022
4.7561 4.5354
11.8125 6.6987
4.7180 3.6010
5.3426 -9.5131
3.7354 5.3411
4.6593 3.4715
4.4463 8.1769
3.4426 -7.4042
-7.7129 2.3521
5.3583 -8.0984
6.8385 -10.5712
5.5416 -3.6349
5.4097 -9.6144
4.6677 3.0348
-8.1040 -6.6254
6.0212 4.0493
5.5705 5.2930
3.6558 5.9194
3.0680 3.9390
5.4544 5.9362
5.2642 5.0345
5.8658 3.9292
7.6147 5.2789
1.2147 4.1279
9.9503 2.6172
-9.7382 2.8455
5.5026 -10.5612
5.3857 -7.5032
4.0077 4.4708
5.9934 1.8920
10.1538 3.8881
5.6474 5.0565
5.8474 8.4626
-10.3162 -8.9714
4.6154 -13.5499
5.7493 -9.3810
9.2379 5.5382
12.0206 3.3192
4.1212 4.2998
9.6348 7.1819
4.7163 3.5721
4.5821 4.3824
-8.4157 4.3047
7.0459 3.7109
2.0791 3.1693
-10.5425 -9.4257
-9.2660 4.2727
-8.1329 4.2750
-7.5505 2.4065
5.1707 5.5823
9.6886 -11.4446
-9.0953 4.7218
5.2256 4.2855
5.3049 -9.0083
6.5074 3.9266
4.9986 2.2622
3.6241 5.4178
3.9196 8.6736
4.9073 4.3279
5.1459 4.8887
-8.6163 4.7131
4.9854 -10.0814
4.6029 6.2753
6.9142 3.5316
3.9751 3.5451
-7.7460 4.1969
-9.5718 10.8908
2.2425 3.6914
4.0051 6.8596
5.9427 3.5714
5.3683 4.2249
5.2366 -4.8109
3.7536 -9.5164
4.4707 5.7255
4.7575 3.4631
3.3330 9.3169
4.1770 7.4702
4.4243 -6.2461
6.8767 5.5840
3.8827 4.2695
4.0994 3.7228
4.6808 -7.6560
-8.1013 -8.4099
-8.5850 4.9838
5.8403 -10.1853
3.3290 3.5768
-7.7130 3.6138
6.3864 5.4264
4.2295 2.5493
-9.4828 4.2190
-5.0969 -10.2975
-9.3771 5.8316
4.3127 6.3974
3.3000 6.0388
5.0395 4.0251
5.5110 -9.3356
5.0693 2.7585
3.2994 2.2468
3.6232 10.8998
6.1966 4.0934
3.8549 -7.0913
6.0124 4.1116
4.3518 5.5377
4.5036 4.9489
-3.2361 -9.5595
-9.4298 4.4618
4.6475 -12.6178
5.9229 4.3193
7.8631 4.3337
1.5629 5.8137
5.2279 7.3716
5.1169 4.6147
6.0756 9.8636
6.1111 -7.9976
3.0996 4.5637
5.0234 4.2481
7.9158 4.4403
4.2166 5.5341
4.3056 -7.4819
5.9356 4.0704
3.7753 4.4861
-8.8241 2.3630
3.5328 5.6624
-5.5409 6.0945
3.1655 -4.7862
4.3555 -9.1482
-10.5816 11.2429
11.9675 5.1128
10.6782 3.0521
-7.0748 6.1189
3.2386 6.0655
5.3725 -8.9256
3.4758 -9.5227
5.5454 3.7978
3.3435 4.2937
6.6765 3.9391
6.8706 4.7177
4.1341 4.1031
14.0287 2.9382
3.9255 11.9768
-7.1845 -9.9226
4.5719 9.6104
3.6169 5.0163
0.9385 3.4391
-6.3738 -10.4325
1.4331 5.0846
-4.8917 6.2910
4.4839 4.9445
6.1741 4.0164
-9.0013 -9.8826
2.1558 4.7697
6.1616 5.9655
11.6722 7.0261
-10.1633 3.8892
10.6054 4.5702
2.9782 6.0358
5.6915 -8.2692
-4.7417 5.4690
4.6839 8.2996
3.4570 5.2115
5.0708 4.8595
4.1550 6.7014
8.0901 9.2916
-10.4178 4.6532
5.8644 5.7232
-6.0125 6.9202
4.9500 6.6470
5.8997 3.2501
-12.5093 6.3998
6.3006 3.3316
6.4915 4.1999
2.1151 7.6090
6.9555 3.9781
-8.4345 7.2182
6.2167 4.8552
3.3121 -8.6737
5.5338 4.6898
-8.9205 -7.6696
2.2269 10.2433
-8.9970 -9.3355
4.5918 4.4519
4.5235 5.9120
3.4576 4.5802
4.0615 5.6370
-3.9749 4.1740
3.9709 3.8480
-7.7743 4.6838
3.0250 4.9776
-3.5149 -10.0523
3.2747 4.0506
6.6580 4.8476
1.9861 9.2504
10.2103 3.9355
5.5522 -7.5034
9.8398 4.5106
-7.5902 9.2392
-7.0746 6.7692
5.4687 2.8108
3.3822 4.1451
2.8051 -8.0025
0.8163 -9.3401
2.9554 2.3698
-4.3795 3.1729
7.4084 9.5556
2.9002 3.0557
4.8593 -11.0303
4.3824 5.1608
3.8758 4.9339
-8.5202 -10.7620
2.8250 9.1525
7.6832 6.9562
5.8907 11.9349
3.3953 -7.9114
3.3062 -6.4809
-8.0584 -6.7028
6.6189 4.5474
4.5586 6.0592
2.9125 -2.7167
5.9248 4.1420
7.0266 -5.8842
-7.1487 4.4484
-7.6327 5.5651
5.8877 3.7098
4.0930 -9.0330
3.2115 5.4194
5.7643 3.2649
7.7675 4.6326
4.6977 -9.4457
9.8995 5.7481
5.2218 4.8382
5.4838 7.5961
10.2387 4.6820
4.5368 10.2644
12.0556 4.3821
3.0001 -8.7545
-9.1357 3.7690
5.5875 5.7085
5.0888 4.5028
6.2123 7.9707
-8.8932 4.7794
5.2747 3.7873
4.3148 6.2479
2.7897 -8.8657
5.3778 8.7778
-8.3499 2.8837
4.9413 4.5164
-4.7922 7.1453
2.9555 4.1754
2.5148 5.3744
6.4621 6.3255
3.1801 9.3682
4.7532 3.2122
4.9027 4.0055
-7.4303 -9.4671
3.9450 12.4165
4.6132 6.2228
4.7912 4.4482
4.3117 4.9725
5.3843 4.8184
9.4516 4.4020
3.6928 2.5615
5.8129 5.2583
2.7209 4.8025
3.0132 4.9388
-10.8146 -9.3356
3.7260 4.4212
-3.8142 7.0929
3.7114 7.0170
-8.6577 4.8931
3.5537 5.8202
2.7599 2.0370
3.0219 4.4136
4.4415 3.6215
6.0806 7.7415
3.7581 5.2876
3.1610 -8.7322
4.2318 5.1350
6.9495 7.2651
3.3788 -4.8191
4.6689 4.7005
3.3179 4.7976
3.9700 4.4372
5.4907 4.8174
7.4278 3.5840
4.2115 3.9510
-6.6690 -9.6180
8.0477 10.1359
7.3770 4.8014
5.2013 -7.4206
4.8957 3.5402
-10.5039 -3.1457
-7.5174 4.6646
6.1584 10.6932
1.0494 -6.8589
5.1239 -9.9959
6.1565 8.0092
-8.5929 4.3479
-5.4543 -6.0091
-5.5320 -5.4269
-6.1385 -5.9468
-7.0722 7.8501
-6.7384 -7.1301
-5.8851 11.7135
-5.9547 -6.7948
-5.7412 -6.6641
-6.2865 -6.3139
7.9363 -6.7185
12.5961 -4.8398
-6.4968 -5.7130
-5.4623 -6.2388
-4.4200 -5.7929
-5.8136 -5.4327
-6.2006 -4.9013
-6.0561 -6.1706
-6.7639 -6.7192
-6.5209 -6.3614
-5.6240 -6.2138
-4.4556 -5.9657
-6.0004 -6.9472
-6.1881 -5.3015
-6.8031 9.7083
-6.5660 -8.6580
-4.7095 -6.9293
-5.0406 -5.6183
-6.3195 -6.0973
-5.8269 -5.9294
-5.0353 -5.9782
-5.8296 -6.2388
-6.6779 -5.8307
-7.0120 13.1220
-5.3418 -6.8128
-6.1773 -5.6587
-6.3125 9.5235
-6.1705 -7.3448
-5.7790 -6.6738
-5.2455 -6.9514
-7.0279 -5.0203
-6.6059 -6.6347
11.7004 -11.5115
-5.6702 -7.0427
-5.3011 9.4631
-5.7383 -5.6799
-6.4186 9.2033
-6.8495 -6.1660
-5.7002 -5.6452
-5.5488 -5.9033
-4.8554 -6.1023
-6.6089 -6.3294
-4.4788 -4.4663
-6.0741 15.3070
-5.5299 -6.1234
-6.3618 -6.0669
-5.6214 -5.9658
-6.1174 8.3695
-6.6083 -4.8663
-5.1727 -5.8444
-5.5789 -6.9083
-6.4884 -5.3860
-4.2487 -4.4173
-6.2748 -6.0510
-6.2991 -5.6504
-6.3757 -6.1029
-5.7326 8.9613
-6.4873 -5.7620
-6.2042 -6.6660
-6.9414 -6.3098
-5.4457 -6.7155
-5.9292 -7.0465
9.3782 -6.9694
-6.9433 -6.4829
-4.7917 7.3788
-6.3685 -5.9632
-6.2724 -5.7794
-6.3427 -6.6603
-5.7527 -5.7528
-5.8152 -5.5863
-6.0405 -6.4420
-6.9069 -6.6576
-6.1740 -4.1090
-4.6381 -5.2375
-4.9945 -6.1001
-5.6658 -5.8809
-5.2463 -6.9799
-6.4342 -7.6870
8.7828 -5.8168
-6.4354 -6.0364
-5.4752 -4.8116
-6.8156 -4.7074
-5.6453 -4.9566
-5.8538 8.7695
-6.2508 -5.8392
-6.9264 -6.4604
-5.0185 -6.0068
-7.1921 -10.3202
-6.6901 -6.8024
12.1764 -7.4034
-7.0692 -6.3939
-6.7388 -6.4346
-5.6272 -4.5503
-5.1983 -5.8459
11.3125 -6.2989
-7.0885 8.5790
15.4807 -5.5771
-6.8996 -7.1519
-7.0604 8.9118
10.8230 -6.0709
-6.3033 -6.2920
10.1179 -4.8653
-5.6297 -9.6382
-4.5490 -6.3726
-6.7022 -5.1749
-9.6769 -6.0016
-5.6399 -6.9216
-5.7080 -6.1479
-7.3261 -5.0799
-8.3182 -6.3019
-6.4130 -5.3317
-7.9777 -5.5422
-4.6928 -6.1052
-5.5536 -6.8731
-5.8301 -5.4997
-6.7449 -10.4128
-6.4719 -6.4485
-6.5433 -5.7354
8.7586 10.3212
-6.4464 -6.3487
10.2778 -5.9211
-6.6900 -5.3413
12.7431 -6.8003
-6.3948 -6.7811
-5.2380 -4.3139
-6.3614 -5.1678
-7.2279 -6.6741
-6.0775 8.7350
-6.2477 10.5464
-6.4196 -5.9790
-5.9457 11.3796
-6.1290 -6.1682
-4.5686 -7.4279
-4.7578 -6.0242
-6.8457 -5.7089
6.6093 -5.4393
-6.1641 -6.2401
-6.7765 -6.9013
-6.3093 -6.5166
-6.3024 -6.0144
-6.3109 -5.2142
-7.0395 -5.1086
-6.6845 -4.8085
-5.6536 -6.1976
-6.6077 -6.2881
-6.2260 -6.1519
-6.3294 -6.3393
-6.9025 10.0414
-6.4707 -5.4417
12.5955 -6.8562
13.1929 -6.9271
-6.6995 -7.1360
-6.6443 -9.7664
-6.3404 -5.3122
-6.0874 -6.1980
-5.2224 -4.3245
-5.9783 -6.0644
-6.9496 12.3238
-6.6203 -6.6770
-5.2408 -7.1032
-6.2178 11.8058
-6.7306 -5.6865
-5.6067 -6.8724
-6.3881 -5.8091
-6.6442 -5.8241
-5.5879 -5.9902
-6.4212 -4.2768
-6.1835 -7.1199
-6.8822 12.4921
-6.5296 -4.9744
-6.2767 -8.9739
-4.2095 -6.1993
-5.9277 -6.3569
-6.4735 -6.1771
-5.6278 12.1213
-6.9161 -4.6006
-6.8446 -6.0884
12.3592 -6.8158
-4.9697 -5.9496
-7.1974 -5.8823
-6.4639 -5.3234
-6.3089 -4.3162
-5.7512 -7.6176
-5.4790 -4.4610
-5.9496 -6.0709
11.7144 -6.8345
-5.6741 -6.8285
-5.2643 -7.3590
-5.6220 -4.8143
-5.2200 -5.8585
-5.6529 -5.0759
-6.9085 -5.8416
-5.6465 -5.9502
-9.7229 -6.9070
-6.8860 -6.9098
-6.2491 -4.8462
-5.6456 -7.2931
10.9317 -7.0166
-6.2546 9.3503
-6.1558 -6.2789
-4.8087 -5.2645
-6.2680 -9.3718
-5.9337 -6.6221
6.1186 8.6131
-5.2463 -5.5762
-6.7461 12.2499
11.1182 -6.0910
-5.8729 -6.2465
-5.9016 10.0987
-7.2947 -5.6789
-6.3653 -4.5120
7.4445 -5.0277
-8.6432 -6.4036
-6.8242 -6.2553
-4.9037 -5.6057
-6.7498 -6.3470
-6.2947 -5.4821
11.2651 -6.5468
-5.1626 9.0571
-5.9444 -5.9925
-6.7533 -6.2921
-4.4356 -6.8023
-5.9707 -6.4731
-5.5105 -4.3801
-5.4550 -6.2908
-6.0141 12.2262
-7.1811 -5.8644
-6.6006 -5.3590
7.7262 -7.1154
-7.0414 -6.2848
-6.6612 -5.6005
-6.2562 -6.8112
-6.8529 -4.7196
-5.9140 -5.3866
-5.4720 -6.1040
-5.6212 -5.0903
8.7101 7.9928
-6.5378 9.8944
-6.4504 -4.3023
7.6207 -5.7479
-8.4145 5.9644
-6.0665 -6.2560
-5.7839 -5.6933
-6.3832 -6.8624
-6.5782 -5.4675
-5.2655 -5.5454
-7.2575 -6.3257
-6.2018 -6.4610
-6.5461 -4.8550
9.9488 9.6972
-5.6303 -6.9047
-4.4260 7.5422
-5.1208 -5.6860
-6.6159 -5.4384
-6.1062 -7.0884
-5.3299 -6.5327
-5.8933 8.2453
-7.2384 -7.4196
-5.8386 -6.7908
-5.1340 -5.9979
-6.8563 10.2560
-5.7516 -5.3326
-7.3192 -4.6277
-5.5552 -6.2208
-5.1842 11.8832
-5.4628 -5.3773
-6.9529 -6.2995
10.6698 9.9632
-6.7085 -6.4484
8.0578 -6.3642
-6.8238 -6.0546
-8.6381 -5.2308
-6.6678 -6.2654
7.6846 8.4279
11.7622 -6.4262
-5.4871 -6.2320
-5.7718 -4.8108
4.1750 -5.1253
-8.1794 -5.3043
-5.6711 9.2917
-6.0273 -6.1350
-7.4598 -5.5458
-7.2026 9.3644
-6.0774 -6.5594
-7.0488 -6.8501
-5.3961 -4.3929
-6.6241 -5.5543
-3.7423 -6.5632
-5.1590 12.5823
-6.6320 -5.1719
-9.0235 -6.0582
-4.4042 -5.6091
-6.0927 -4.3855
-5.9492 -6.1089
-5.8702 -6.7625
-6.1438 -6.4752
-6.3817 -6.7856
-5.5790 -5.4921
-4.9894 -6.4404
8.9274 -4.6595
-5.2789 -5.9160
-5.5117 -8.5341
-5.4970 -6.2002
-6.4734 -5.0968
-5.5264 8.7648
-5.5975 -5.7666
-7.5572 -4.2234
-6.0052 10.8865
-6.3153 -6.5871
-7.2852 -5.5604
-6.2138 -6.5521
-5.2002 -5.0522
-6.5772 -7.5585
-5.4790 -7.5031
-6.8220 7.5866
-5.4645 8.9107
-5.8309 9.0802
-5.0039 -5.3310
-6.2967 -6.4544
-6.1911 -6.7624
-6.1423 -5.4478
-7.0290 -5.6759
-5.4800 -6.4482
-5.8543 -6.5404
-6.6387 10.5836
-5.9034 -5.1602
-6.1030 -4.5330
10.8159 -6.4056
-6.4651 -6.0817
-6.0500 -6.6035
8.8703 -4.4218
-6.2047 -5.0362
-6.1238 -6.6770
10.9824 -5.8703
-6.0622 -6.5178
-5.6295 -5.2899
-5.0502 -6.6813
-5.6324 -6.3273
9.5973 -6.5658
-6.6858 -4.7505
12.9137 7.2729
8.6213 -6.1041
-9.0872 -5.5396
-4.5827 -5.1699
-5.4752 9.2636
-6.3267 -6.6265
-5.4194 -4.3497
-6.3080 -5.2647
-6.3732 -6.5008
-6.5066 -6.8108
9.1695 -5.8261
-9.5890 -10.7820
-5.2995 -5.9095
-7.1046 -6.5958
-7.4176 -6.1091
-7.0958 10.6556
-8.2307 9.7982
-5.5546 -4.6786
11.2215 -5.3300
-5.3070 -6.1791
-5.8314 -6.3199
-6.9819 -6.5111
-4.6350 -6.3759
-6.2213 -6.6299
-5.5870 -5.6676
-6.5014 -5.8793
-6.5820 -6.2490
-5.5596 -5.7540
-6.0764 -6.0770
-5.6272 -6.3085
-6.0439 -5.6863
-6.4939 -5.1197
-6.0994 -6.8269
-4.5485 -6.5787
-5.7919 -5.7058
-5.4088 -6.2437
-6.0392 -5.8834
9.2524 -5.7279
6.6973 -6.1920
-11.0019 -6.6832
9.8440 -5.9854
-4.5794 -6.4875
-5.1470 -6.0292
-6.5946 -6.2626
-5.0664 -5.0308
-6.1559 -6.5587
-4.9376 -6.7141
-5.7163 -5.9346
-5.5003 -7.0851
-6.5082 -6.1608
9.0387 -6.4112
-5.6336 -6.3761
-6.2773 -5.1794
-7.2572 -5.3146
-8.3052 5.9377
-4.5497 -5.7171
-6.2753 -6.3353
11.2971 -6.5069
-5.8728 -6.0001
-4.9625 -4.0313
-5.8111 -5.6023
-6.1109 -5.9267
-6.2303 -5.8254
-6.4927 11.5826
-5.2454 -4.9346
-6.0572 -5.8934
-6.4835 -5.8311
-6.6053 -6.7501
-4.6770 -5.5154
9.8820 -5.3242
-6.0455 -6.2621
-6.1827 -6.5216
-7.0206 6.5870
9.7541 -5.2383
8.4293 -6.1237
-4.1997 -5.8516
-6.7319 -5.9474
8.0690 -6.9281
-6.8911 10.3677
-6.4650 8.1824
-6.2890 -6.9164
-5.3739 -5.4035
-4.6726 -6.4401
-6.2953 -6.6794
9.0606 -4.9037
-5.4144 -6.4305
-6.1587 -5.5006
8.5217 9.9337
-5.6065 -6.2905
-5.0793 -6.5262
8.3248 -6.4836
-5.6389 -5.5517
-6.4290 -6.1470
-7.0252 -6.1698
-6.5236 -5.7249
13.2982 -5.0836
-6.2695 -5.7909
-5.7356 -6.5691
-5.7551 -6.4385
-6.8616 -7.1228
-6.4628 -4.0829
-5.6832 -5.8710
-5.1393 -5.4777
-7.8813 -6.2726
-5.8847 8.3622
12.3889 -6.6985
-5.4079 -8.2462
-5.5702 -4.6434
8.2400 11.8702
-5.7600 5.1357
-7.2695 -6.5187
-6.9705 -5.7116
-5.8386 6.0354
-5.8666 -5.7929
-6.1578 -7.0019
-6.0439 9.5632
-6.0295 -4.9942
10.5464 -5.4667
-6.5347 8.4138
-6.1297 -6.9106
-6.5289 -6.2568
-5.6206 -4.9201
-6.2886 -4.2182
-5.2513 -6.4302
-6.4048 -5.6960
-4.8253 -5.8869
-5.6607 -5.8053
-6.5939 -5.8051
-6.0495 -4.1769
-6.8030 -7.2476
-6.6728 -6.4118
-5.5189 -4.6903
-5.5866 -6.0849
-7.3104 -5.7554
-5.8539 -6.3189
-6.5615 -6.6155
-5.0032 -5.4382
-6.9119 -6.5204
-6.4605 -6.0812
-5.4683 -6.4214
10.9325 -5.8871
-5.6166 -6.8279
-6.5096 6.8399
-6.0893 -6.1748
-5.0878 -6.3927
-6.9052 -6.1936
-6.8005 -5.0509
12.5818 -6.6777
5.5381 -5.3073
-4.8904 -6.9072
-5.8630 -6.7753
-7.4886 -5.3707
-5.9436 5.0111
-4.8081 10.3766
-6.6821 -5.7834
-6.2464 -4.1104
-6.0466 -6.1041
8.9254 -7.0350
-6.6442 -5.0795
8.4615 -5.8433
9.6367 -6.4963
-6.7423 -5.8722
10.0837 -4.8316
-6.7892 -6.6072
-6.2815 7.0503
-6.6470 -5.2180
-6.3619 -6.2799
-6.8072 -6.5137
-5.3329 -6.6178
-5.0872 -5.6639
-5.3597 -7.2265
-5.7654 -5.7821
-5.5781 -5.4828
-5.3084 7.3729
-6.3278 -5.3880
-4.4969 -6.0664
-5.8427 -6.4694
-5.6552 -6.1608
-4.6959 -5.8794
8.9672 -5.2367
-6.1191 9.4496
-6.9989 -6.0086
-6.6883 -5.3078
-8.3085 -5.9880
11.7122 -6.6212
-6.6846 -6.4723
-6.8497 -6.4931
-5.9590 -6.4292
-5.8404 -6.6586
8.9856 -6.0632
-4.6825 -5.4977
-4.3399 -6.0661
-4.4872 -6.0524
-5.5696 -5.7986
-5.3160 -6.6107
-6.6178 -4.8827
-5.8444 -5.9360
-5.5061 -5.5348
-5.7576 10.7470
-5.8392 -6.1608
-6.6866 -10.7145
-6.4579 6.4772
-6.8718 -7.2243
-3.9774 -5.8006
-9.6083 -6.2380
-5.0155 -5.1899
-6.0853 -6.4672
-4.7893 -5.2101
-6.7581 -5.5725
6.2637 -6.0758
-6.2096 -5.6354
-5.2003 -8.5023
8.8109 -5.7548
-5.2116 -4.8579
-6.6633 -6.2504
-6.1853 8.0318
-6.3896 -5.4410
-5.6327 -6.0298
-9.1384 -5.0469
-5.4407 -6.0401
-6.4923 9.6363
10.1317 -6.0532
-7.0526 -5.5176
-5.8141 -7.1257
-6.2924 -6.0982
-6.1550 -6.2196
-5.0956 12.1861
-5.8658 -6.0477
-6.3495 9.4953
-6.3795 -6.4461
-6.5471 -6.5542
10.3813 -6.4587
-6.5914 -6.4368
-5.5079 -4.5629
-6.3040 -5.8866
-6.2912 -8.4983
-6.2273 -12.1664
-4.2431 -7.6700
-9.2380 -9.5921
-6.7743 -6.2075
-6.0739 -5.6587
-4.4776 10.9613
-5.5558 -6.2272
-5.0692 -5.5743
-6.4940 -6.0142
-4.7644 -6.3618
-6.4337 -6.3132
-5.9298 -4.9389
-6.3806 8.6460
13.1376 -5.8545
-4.7644 -5.6856
-6.1967 -6.8635
-5.6770 -6.3270
-6.7022 -5.8399
-6.4886 -6.3684
-6.4911 -6.5578
11.8435 -7.1352
-6.2682 -4.6862
12.6277 -6.4721
-6.4398 -6.1636
9.6724 -7.0693
-7.6856 -6.4475
-5.2514 -5.4536
-5.3995 -5.3976
4.6813 9.1123
-5.2431 -4.8591
-6.0536 -6.0159
-6.4229 -9.1813
-4.2309 -5.2319
-5.7030 -4.6748
-5.7503 -6.1685
10.2958 -7.0545
-5.4777 10.9182
-6.2430 -7.2710
-5.3870 -6.7973
10.6295 -5.0368
-7.4310 -6.0963
-6.5742 -6.7452
7.5888 -6.1278
5.7671 -7.4020
-4.4700 -7.4148
-5.4166 -10.8767
-5.7103 -6.4030
-6.1100 -6.6992
11.7419 -6.0334
-5.5231 -6.7108
-7.1386 -6.0509
-6.0973 -6.1366
-5.3182 -6.8346
13.3040 -6.0595
-5.9321 -5.5292
-4.5344 -6.8167
-6.1428 -5.1348
-5.9568 -6.5601
-6.8534 -6.5862
-5.0632 -5.5312
-7.1762 -5.0682
9.8302 -6.4702
-5.7854 -7.2741
7.8381 -4.1006
-6.7258 -5.5384
-10.4916 -6.8178
-5.3080 -6.2708
-6.0411 -4.6644
-5.1040 -6.9800
-6.4833 5.6486
-6.2690 -6.4494
-6.5462 -5.5971
13.5898 -7.0340
-5.8515 -5.6760
-5.5914 12.8286
-3.8727 -6.7096
-6.1091 11.0938
-6.1802 -10.4776
-6.6771 -6.7059
9.8526 6.9235
-4.7455 -5.7642
-5.0575 -6.5192
-6.5824 -5.8194
-6.1642 -6.5799
8.1163 -8.6793
-6.6010 -5.6218
-5.6233 -5.8798
-5.4570 8.3245
-6.4339 -6.4072
-5.5007 10.4796
3.4072 -8.6259
-5.9029 -5.4158
-6.8103 -4.4607
-4.5300 -6.4455
-6.1760 -5.5804
-9.5048 -5.9234
-5.7048 -5.8212
-4.5207 -6.2256
-4.7685 -6.1839
-6.7262 -6.1616
-6.3206 -7.1332
-6.2421 -6.8662
-6.1811 -6.3401
-6.8531 -6.6978
-5.2580 -6.7662
-6.2226 -6.4847
-6.8631 -5.7593
10.1353 -6.7419
-6.3794 -6.4659
-5.4409 -6.5105
-6.3690 -5.1737
-5.3662 -6.3798
-6.4676 9.0681
-6.0371 -4.4364
-6.6952 -6.0390
9.6653 -7.3648
-5.7816 -6.2944
-5.0022 -6.3103
-4.7819 -5.6231
-5.3968 -5.7982
-5.7779 -6.0436
-5.2556 -6.6540
-6.5226 -7.4933
-5.2763 -4.9574
-5.0474 -5.2757
-4.1930 -8.1051
-6.2111 -5.8380
-6.1803 -5.4468
-5.9838 -5.9435
-6.5760 9.6935
-6.0744 -6.7797
-6.8179 -3.8587
-4.3450 -5.9859
10.6050 -5.5538
-4.1690 -5.1596
-6.7773 8.8539
-5.1647 -6.3715
-6.3771 -6.0470
-6.0178 -6.1799
-6.6533 -5.4499
-5.1905 -5.0858
-6.6389 -10.3342
4.8057 -6.8994
-5.6450 -5.9883
-6.6909 -5.5346
-5.7540 -5.7660
-6.0986 11.2350
-5.7086 -6.6844
-4.8038 -6.4942
-6.5088 -5.2793
-5.6764 -6.1873
-5.1706 -5.3403
-5.6370 9.6494
-5.6345 -5.5790
-6.1221 -6.6913
-4.1734 -5.1375
-6.7285 -6.1112
-5.8763 -6.4107
-5.8610 -6.1763
-5.5344 8.6763
-5.7514 -6.1257
-7.1875 9.9969
-5.6711 -6.6251
11.4858 -5.6498
-6.0936 -6.0602
-6.3631 -5.4362
-7.1151 -5.0537
11.5537 -5.8404
-5.9508 -6.0449
-7.4844 -5.6030
-4.4851 -6.7409
5.2257 -6.1403
-8.0706 -6.5727
-4.2379 10.4941
-5.6361 -5.6576
-6.3118 -5.9453
-4.2224 -6.4809
-6.4377 11.0841
-6.3246 -5.9205
-5.7510 12.2475
-6.1233 -6.5028
9.5785 -4.9971
9.5748 -6.8329
-9.3851 -12.3586
-5.6131 -6.6299
-5.0083 -6.3454
-10.0126 -6.6828
-6.7246 -5.3192
-6.7488 -5.9633
-6.3763 -6.8333
8.1025 -6.2541
-5.6467 -6.3896
-5.7442 -6.2420
-4.6278 -4.9938
-10.5503 -6.5315
-5.2599 -6.2977
7.7312 -6.2543
-5.0268 -7.2377
-6.1407 -7.2079
-6.2874 8.1432
-5.5558 -6.3110
10.3296 -6.4824
-5.2916 -6.0986
-6.5043 -6.1601
-5.9847 -5.6469
-9.5174 -6.7592
-5.7148 -6.6276
-6.3590 -4.7192
-4.5684 -4.3140
-6.8368 9.0346
-4.7612 -6.9388
-6.1448 -6.1655
-5.2537 -5.1556
-6.2222 -3.9855
-6.2826 13.6185
-6.4966 -5.9770
-5.9575 13.5196
-7.0214 -6.3748
-6.2142 -5.4956
-6.2888 -5.8288
-6.1264 -6.1266
9.0773 -4.8265
-6.2825 -5.1526
-6.4655 -6.6127
-5.5700 -5.5697
-4.6768 -5.6766
-6.3750 -6.4537
-6.0776 -6.6874
9.6974 -6.3885
-6.9649 -5.5522
-6.4724 -6.3673
-6.3947 -6.9922
-5.5939 -4.9776
-6.2232 -5.7638
12.1203 -5.2295
-6.1319 -5.1365
-5.0548 -6.2616
-5.7645 -6.0730
-6.5402 -5.2350
-5.8139 8.2693
-6.6371 -6.1531
-5.6239 -6.6860
-7.1940 5.9275
-6.5858 -6.6396
-6.4196 -4.8900
-6.0840 -6.1020
-5.5388 -5.7360
-6.2301 -5.8602
-6.3511 9.1645
8.0062 -7.0115
-6.5399 -6.2852
-8.1764 -6.7626
12.8311 -6.3727
-5.8163 -6.5115
-5.4014 -10.3450
-5.7741 -5.8905
-6.3001 -7.7411
-5.5659 -6.3575
-6.8766 -6.1995
-6.5536 -5.6686
-5.5982 -6.3781
-5.7312 8.5060
-6.8646 -6.5056
-6.0204 -4.5763
-6.0139 11.5830
-6.4612 -5.1449
-5.8254 -6.6967
-6.4561 -6.7232
-5.9666 -6.7648
-5.2904 -5.3774
7.4888 -6.8233
-5.9223 -7.1105
-5.8221 -6.2353
-5.4752 -6.0767
-6.4326 -6.5934
-4.8750 -6.3483
-6.7382 -7.1523
-6.0911 -6.6528
-6.9134 8.9318
9.2652 -5.2545
-5.4933 -4.9340
-6.4341 11.2248
-5.8305 -5.5203
-5.9718 -5.9082
-4.9026 -5.2424
-5.3857 10.6943
-5.8146 -6.9534
-6.8770 -5.0940
-5.0016 9.3043
-5.2721 -6.3969
-7.2191 13.9230
-6.8563 -6.7595
-5.5278 -5.8542
-5.4582 -9.8553
-8.8569 6.1443
-6.0968 -6.5920
-5.9416 -6.5251
-5.7010 -6.2356
-6.1178 -10.6082
8.6968 -5.5618
-6.7693 -6.6215
-5.3444 -5.2676
-5.6641 -6.3766
-6.6531 7.5195
-5.4160 -6.4177
-6.4568 -6.8349
7.8565 -6.0122
8.3946 -6.6291
-5.7133 -5.2132
-6.1328 -6.2969
-6.5769 -5.9199
-4.9257 -6.7584
-5.0273 -6.3266
-5.9299 -6.9615
-5.0072 -4.7035
-4.3561 -4.7356
-5.7739 7.7529
-6.8466 9.4043
-5.5053 -6.1613
-7.0091 -4.8726
-4.3204 -5.6689
-5.5509 -6.7450
-6.0528 -5.5384
-6.5765 -5.4085
-6.5580 -5.8439
-6.4207 -7.0789
-6.1213 -6.2054
-6.1519 -6.4367
-6.5341 -6.7568
-6.8331 7.2940
-6.6320 11.0570
-5.7055 -5.8818
-5.9584 -5.9694
4.9101 -6.4173
-5.5749 -4.7756
-6.8616 5.1410
-5.9062 -8.0639
11.7109 -5.9575
-5.5057 7.8016
-5.9984 -5.2932
-6.7706 -5.2023
-8.4797 -4.7059
13.7062 -7.0819
-6.3367 10.1035
-6.5983 -6.5902
-5.9930 -6.3005
-6.0570 -5.8598
-6.2126 -7.2741
17.9734 -6.2713
-6.2605 -5.8032
-4.1731 -5.0211
-6.2610 -6.4093
-4.4326 -7.1161
-6.0456 11.2620
-6.6933 -5.7898
-8.2655 -6.4850
-6.2716 -7.1614
-6.0934 -6.0795
-6.0599 -6.1831
-5.6755 -5.2517
-4.5045 -6.1406
-6.0085 -5.2294
11.4261 -6.8396
-6.5245 -6.2121
-5.6186 -12.0332
-6.6562 -6.3225
-5.6405 -7.1506
-6.5292 -5.3648
-7.2239 -5.1526
-4.4356 -6.1467
-5.6445 -7.0366
-6.1200 -6.5709
8.4978 -6.0468
-4.9371 -5.9004
-6.4845 6.4502
-5.7486 -6.4216
-6.5039 -5.7234
-6.4001 -5.9047
-5.1237 -4.6771
-8.7575 -4.6420
-5.6223 7.1881
-6.3054 -5.7921
10.8654 -6.1584
-4.5792 -6.0734
-4.8683 -7.1307
-7.0939 -5.3968
-6.5176 -6.6615
-6.1328 -6.5186
11.1939 -7.2040
-5.8346 -5.3075
-5.8828 -7.1328
-6.2917 -6.2858
-10.4129 6.5852
-5.6087 -5.2699
-4.6159 -10.3416
-6.0237 -6.3021
-6.6666 -5.4482
-6.9596 -7.5372
-5.9165 -5.9550
-6.5123 -6.5636
-6.2058 -6.1977
-6.9007 9.6989
-5.4521 -6.5090
-6.9195 -8.6460
11.3049 -5.2039
-9.0763 -6.5738
-5.8647 -7.0558
-5.5521 -6.1831
-6.0182 -6.8471
-5.6773 -6.4915
-5.9508 -6.7834
-6.4624 -6.6138
-7.2089 -6.6781
-6.0847 -10.6667
13.1030 -6.3194
-5.1425 6.7991
-10.6943 -12.5049
7.1427 -6.4025
-5.1423 -7.1736
9.8911 -5.8609
-6.7099 -6.3077
-5.2225 -6.0316
-5.5300 -5.3346
-5.9760 -6.2699
7.9272 -6.3430
9.6662 -5.5055
-5.3675 -6.4445
9.3848 -5.5627
-5.6608 -5.4601
-8.9156 -5.0980
-5.7003 -5.8531
-6.5848 -5.7813
-6.5270 -6.4169
-6.3562 -5.0689
-5.7888 -7.4606
-6.0120 -6.2512
-4.4878 -5.3943
-6.2398 -6.3946
-6.3860 -6.1689
-6.2542 -6.5983
-6.9048 -5.5893
-9.7880 -6.4544
-5.9819 -6.7742
-6.3517 -4.4817
-4.9176 -6.1182
-4.9169 -5.2115
-6.5307 -6.1809
-5.7133 -5.0874
-4.9451 -6.6242
-5.0586 10.5203
-6.5700 -5.3075
-6.3737 -4.5438
10.6582 -6.1068
-5.0050 5.2537
-6.6447 -6.3015
-7.8760 -5.8561
13.8566 -6.9100
-5.5615 -6.6031
-5.4245 -6.5588
-6.9409 -6.4425
-5.1084 -6.4253
10.6376 -3.9665
-9.9206 -5.8667
-9.2679 -11.2975
-7.1070 -6.4328
-6.7456 -4.6195
-6.1806 -7.7147
-5.8014 -2.9664
-6.7942 11.5773
-5.0301 -6.2675
-5.4731 -7.4667
-6.1857 -5.8894
-6.3030 -4.6294
-6.5809 -6.4726
-6.3084 -5.6012
-6.2145 -6.6070
-5.6491 -6.3261
-6.3830 -4.7985
-6.6092 -5.0164
-4.7759 -6.5946
-5.2517 6.7487
-6.7711 -5.9333
-6.9423 -6.1887
-6.5012 -5.7773
-5.0042 -5.5335
-4.9295 -6.1153
-5.6337 -4.8183
-5.6752 -5.9792
-6.4041 -6.8998
-8.9077 -6.1399
-6.1453 -6.0120
-6.2320 -6.2615
-6.5592 8.1828
14.3705 -5.6962
-5.7593 -4.8121
6.8789 -7.3519
-5.4792 -4.8297
-5.9575 -6.5483
-5.0682 -4.9014
-6.2692 -4.7696
-7.0140 -5.5652
-6.2205 -6.3110
-6.8328 -6.9064
-5.9288 -6.7869
-5.8587 10.8562
-5.0506 -6.5075
12.7497 -6.4931
-6.7346 -5.7454
-5.8615 -6.8066
9.7500 6.6215
-6.2987 -6.6124
-7.0804 -6.8903
-8.4839 -6.8376
-6.6557 7.4947
-5.5475 -7.3345
10.5122 -5.6849
-7.6586 -7.2077
-4.9326 -7.0469
-6.5145 -6.4557
-7.7086 8.5574
-6.8104 -6.5780
-7.0732 -6.0600
-7.3221 -7.2635
-6.5588 -5.7373
-4.2601 7.6572
-6.4830 -6.1666
12.1677 -7.3317
-6.7229 -6.3981
-5.7209 -6.4825
-5.9704 -7.4765
-4.9292 9.6840
8.9249 -5.1075
-6.8771 11.6214
-5.7082 -7.0829
-5.2190 -5.8681
10.3403 -4.4845
-5.6987 8.7431
-6.4989 -5.7481
-6.6401 -5.4222
-6.6190 -6.2244
8.2086 8.4593
-6.3683 -6.7432
-7.0814 -4.3658
-5.7060 -5.9133
-5.9582 -4.6751
-5.9352 -5.6986
-5.0116 -5.3329
-6.6890 -6.8586
-6.5331 -6.3250
-6.3696 -7.2847
-7.8916 -7.2145
11.0040 -7.9033
-6.4175 11.2406
-6.4725 -5.3942
-5.1959 -4.8514
-6.1893 -6.6322
7.6977 8.3707
-6.3916 9.7730
7.1473 -5.1634
9.7646 -7.2695
-7.9811 14.4041
-5.0828 -4.1843
-6.3996 -6.2496
-4.6754 -6.5366
-6.1584 -6.1603
-8.1726 8.1644
-5.2291 -5.8138
-4.9101 -6.0106
-5.8941 -6.8579
-6.0548 -6.4378
-5.5523 -5.1170
-5.1872 -6.7168
-5.9868 -6.9930
-4.9400 -6.4327
-6.4502 -6.3771
8.3568 -5.7661
-5.9605 -6.5789
-6.3532 -5.4188
-6.6290 -6.7758
-6.2222 10.9295
-5.3263 -5.0455
-6.2196 -5.8050
-6.5406 -5.1458
-5.7277 7.4968
-6.2517 -5.6084
-5.9316 -6.1037
-5.6094 -6.1487
-4.9267 -4.5488
-5.9972 -10.5525
-5.9976 -6.3067
8.9677 -5.1831
-5.1267 6.1232
9.0992 -6.5245
-5.5752 8.8465
-5.8955 -6.5855
-5.7403 -5.9601
-4.6083 -5.9606
-6.8405 -6.0324
-4.5233 10.1383
10.1659 -5.5287
-6.2467 10.5285
-6.0219 -6.6932
-7.0715 -6.3588
-5.9658 -6.6631
-6.5995 -5.4938
8.5756 -6.7344
-4.9568 -5.0990
-6.2360 -6.8643
-6.4689 -6.9361
-5.6593 -5.9888
-8.3238 -6.9584
-6.3254 -4.8978
-6.5161 -7.3008
-5.6904 -6.4831
-6.7898 -5.7886
-5.8770 9.9242
7.3959 -6.5249
7.3446 7.9110
-7.2794 -6.4622
-5.2740 -6.2011
-6.1329 -6.2327
-5.5670 -5.6373
-5.8084 -6.1274
8.7604 -5.5191
-5.7621 -5.8364
-5.3623 -6.5320
-6.4167 -6.3914
-6.1973 -5.1654
-10.7762 -6.6489
-5.6391 -4.5027
-5.9133 -6.5328
-6.5468 -6.1161
-6.9548 -6.0285
9.6287 -6.1548
-11.2438 -7.0601
9.6703 -7.1128
-6.2046 -6.5163
-6.1037 -6.3417
-5.8691 -5.9705
8.2926 -6.4535
-5.9985 -6.1728
-5.6847 -5.4759
-7.2513 -6.2202
-5.0174 8.4545
-6.3235 -6.0945
-4.9367 -7.1101
-6.5200 -5.9796
-6.1347 -5.3118
-6.2906 -7.2644
8.8376 -5.8760
-5.7539 -6.1644
-6.7637 11.0005
-6.1652 -6.5395
-5.5661 -5.9755
-5.6899 -6.8894
-6.8317 3.5607
-6.1615 -5.6263
-6.2474 -5.3707
-5.7923 -6.3250
-5.3688 -5.7351
-5.8669 -5.6836
-4.5605 -6.3333
7.3587 -6.4103
-6.8642 -6.7965
-5.7459 9.3556
-6.5096 12.1224
-5.1773 -6.0871
-8.0810 -6.4454
-5.6126 9.6296
4.3311 10.5977
-5.5260 -5.3619
-6.7962 -4.9522
-5.6462 -6.1183
-4.8884 -6.0163
-6.7167 -4.9006
-7.7734 14.6088
-6.4498 -6.2766
-6.2332 -5.0775
-6.2567 -3.9562
-6.5986 -5.8509
-6.9935 -5.9877
-6.0997 -5.9745
-5.8695 -6.0110
-5.5225 -4.9969
11.8809 -6.3636
-5.9619 -5.7486
-4.4741 -6.4255
-6.9552 -6.3286
-5.7397 -4.9343
10.2871 -5.9974
-6.1233 -4.4727
-5.8206 -5.7481
-9.6858 -5.2871
-6.5397 -10.4884
-4.6673 -5.9912
-6.4435 -6.8868
5.6057 -5.4269
-6.3199 -6.1406
-5.1415 -6.4475
-5.9747 -6.5412
-6.6960 -6.1577
-5.6553 -5.6966
9.7328 -4.7500
-6.1494 -9.3367
-6.0498 -5.1909
-6.3271 -5.6767
-5.0629 9.7575
-6.3673 -8.7273
-4.6563 -5.4372
-6.4090 -5.7293
-5.7006 -5.9408
-6.3180 -6.2190
6.6812 -6.9781
-6.2980 -6.0334
-5.6790 -4.9541
-5.4337 -6.0487
-6.9327 10.8116
-5.4893 -4.1906
-6.4565 -6.0201
-6.3067 -6.9852
-5.8878 -6.7539
-6.7163 -4.5548
11.5103 8.0195
-7.1115 -6.0809
-4.9241 -5.7435
-5.5192 -9.1420
-6.2017 -9.9854
-6.1789 -6.5928
-6.3126 -4.5399
11.0971 -6.2263
-5.6166 -5.9902
-4.5857 -5.7935
-6.4164 -5.7261
-7.4111 -4.6471
-5.5818 -6.5356
-6.8977 11.5245
-6.0028 -5.2586
10.8310 -5.0420
-5.9127 -6.7907
-5.2052 -11.2049
-5.9991 -5.4422
-5.8507 -5.6257
-6.2143 -6.5925
-6.8521 -6.5101
-6.5348 -5.7980
6.8985 -6.2099
-6.5158 -6.3717
-5.9621 -6.6372
-6.2478 -5.4013
-7.0929 11.1689
-9.6315 -5.9756
-6.2326 -7.0252
-5.7231 -5.9893
-6.4757 12.3692
-4.6950 -7.2517
11.7881 11.1836
-6.2467 8.5361
-6.6649 -6.1235
-5.4996 -6.6851
-4.0709 -7.1723
9.7534 -5.5590
-6.6473 -5.5927
-6.4596 -6.5037
-6.1348 -6.4506
-6.4973 7.2425
8.9171 -6.8897
-6.2307 -6.3903
-7.6421 -6.2944
-5.2135 9.1775
-5.9331 7.8080
10.5346 -6.2521
-6.5341 -7.8940
-6.6501 -5.7297
-8.2301 -5.2094
7.3354 9.8570
-6.5273 -5.3853
-6.1722 -6.0636
-5.9901 -4.9318
-6.2289 -5.9477
-4.9109 -6.9892
-6.2707 -6.7858
-5.9584 -6.3454
-6.5052 -6.8372
-5.5899 -11.3693
-4.6082 -4.9401
-6.3154 -5.1156
-6.4477 -4.6965
-5.1848 -5.1371
-6.6033 -5.8372
-6.3708 8.5209
-5.2587 -5.4377
-5.9856 -7.0575
-5.9557 11.0697
-6.5698 7.1500
-4.5214 -6.0789
-4.8776 -5.7133
-6.0927 -7.4755
-6.1550 10.6408
-7.1645 11.1209
-6.8457 -9.1127
-3.9516 -6.5381
-5.8742 -6.4271
-5.7851 -7.1907
-6.7777 -6.3083
-6.2679 -5.6901
-5.7499 -5.6597
10.6131 -4.6974
-5.9162 -4.7578
-7.2361 -6.2080
-5.2485 -4.8653
-6.2930 -4.9860
-6.5015 -5.1944
-4.7117 10.7632
-6.3558 -5.0220
-6.4815 -6.1688
-4.5423 -6.8208
-6.0155 -7.2083
-5.8835 -6.3860
-5.7477 -6.1762
-5.4370 -5.2548
-6.8366 -11.0233
-5.8944 -6.7058
-5.3636 -5.7112
-5.9551 5.7316
-7.1123 -6.6484
-8.4038 -5.2073
8.5829 -6.1697
-5.7162 -6.1842
-7.2147 7.3333
-4.1767 -6.0023
-5.3379 -4.7504
-6.7631 -10.4845
-5.2446 -5.3953
-6.4884 -4.4879
-6.8288 -6.5316
-6.6686 -6.8972
-6.0727 9.4614
-6.8744 -5.5217
-5.9826 -5.6081
-7.0251 -6.5917
-6.4070 -4.7710
-5.0751 6.8353
-6.8375 -6.2954
-5.6881 -6.7890
-4.8999 -5.7805
-6.0970 -5.7764
-6.8998 -5.4122
-6.2802 -5.3316
-5.8490 11.6362
-6.2886 -6.9566
-6.2795 -6.0952
-6.0767 -5.6042
-5.8697 -5.1321
-5.9207 -5.4005
-5.4287 -6.4912
-6.4404 -6.8394
-4.3947 -6.1832
-6.4456 -4.2017
-5.9532 -5.8077
-6.5366 -6.4093
12.0747 -6.4092
-6.8976 13.5069
11.1001 -6.3341
-6.4944 11.5173
-4.5053 -6.1367
-6.5563 7.2919
-5.2781 -6.1997
-6.2977 -4.9109
-6.9346 -6.9726
-4.7409 -6.1207
-6.1989 9.1480
-6.6717 -6.1136
-5.8595 -6.2134
-5.6135 -6.1959
-5.2917 -7.0140
-6.7989 -5.7241
-5.6650 -6.3495
-6.6833 -6.2151
-5.3328 -6.5503
-5.4302 -5.0124
-5.0355 -6.1158
-6.2824 -5.9924
-5.9754 11.4461
-6.1329 -6.1480
-5.6480 -6.1642
-4.7282 11.5064
-6.5018 -6.2431
-4.5917 -6.4056
8.3208 -7.2073
-5.6136 -5.0834
-5.7336 -6.8597
-5.4180 -6.5037
12.9463 -5.3860
-5.0835 -6.1547
-6.3224 11.0854
-8.2096 -6.5257
-6.0583 -4.9247
-6.1241 -6.9934
-5.9175 -5.2495
-5.2211 -6.5867
-7.3102 -5.0187
-5.7607 -5.9000
-5.7266 -6.4021
-6.8042 8.1933
-5.4090 -5.7123
-6.3604 -5.0141
-6.2865 -5.5966
-6.5995 -4.3561
-7.1216 -6.8281
-5.6001 -6.4741
-5.6016 -5.2745
-6.5507 -7.1194
-5.3758 11.5330
-4.7751 -5.6761
-6.1713 -5.9509
-4.8667 -4.7086
-7.1775 7.9233
6.4090 -6.6548
-6.5819 5.9313
-6.9628 11.3436
-6.5306 -9.5216
-6.8775 10.6317
-5.8121 -6.0887
10.4044 9.4483
-6.4923 -5.9339
-6.1786 -6.2801
-3.7743 -5.5045
-4.8858 -6.5407
-5.6223 -6.1592
-6.0970 -6.7997
-6.9176 -6.5370
-6.0792 -5.7835
-4.2239 -6.5202
-5.7254 -6.3232
7.8403 -4.6439
-6.0657 8.4423
-5.6344 -5.8488
-5.8460 -6.2560
-6.6402 -6.7124
-4.8983 -5.6018
-4.3414 -5.9138
-6.5765 -4.6195
9.5254 7.6831
-6.2121 11.6804
-6.5513 10.2348
-5.4084 -4.7761
-4.6734 -5.5716
-3.0749 -7.0110
-6.9499 -5.9441
-4.6219 -5.7913
-5.9512 -5.7174
10.0698 -6.5529
-5.6460 -5.7860
-6.2377 -5.4970
-9.5943 -7.1299
5.9692 -5.2432
8.9978 -5.4019
10.2645 -6.3240
-6.1475 -6.1149
-5.2694 -8.6854
10.7469 -4.9941
-6.4938 -5.1288
-6.2736 7.0793
-6.3711 -6.3250
-4.7744 -6.1947
-4.6792 -6.8895
-5.5687 -4.2975
-5.7688 -5.4857
-5.4594 -6.9750
8.7969 -6.5524
-6.1988 11.0190
-4.7421 -6.2570
-4.9714 -5.8149
-5.2442 -6.7896
11.5989 -6.1522
8.4025 -5.2351
-6.1724 -5.2488
-5.8265 -6.3845
-6.7070 -6.9635
-7.1081 -6.5763
-4.9411 -7.3621
-6.0326 10.8904
-5.3031 -7.5672
-5.5523 -6.7040
-5.3879 -5.2582
-6.5377 -5.6992
-6.6106 -7.6638
-6.2614 -4.6579
-6.6421 -6.4979
-6.2219 -5.6551
-5.3193 10.3929
6.7971 9.8912
9.9977 -6.8393
-7.2686 12.9409
-5.9275 -6.0927
9.9192 -6.6645
-6.6522 -4.3647
-6.1525 -5.9237
7.9641 -6.4717
-10.5782 8.4316
10.8652 -6.2039
-6.0988 -5.8124
-5.3181 -6.2850
-5.8102 -7.1883
-6.0895 8.4952
-6.8763 -6.4436
-5.4652 -5.3817
-5.2875 -5.1597
-6.4212 -5.5927
-6.1394 -11.3967
-6.4686 -5.1484
-6.6916 -4.7328
-6.2713 -6.3027
-6.4698 11.8253
4.9964 -5.7682
-4.7004 9.2952
-6.7989 -5.6751
-5.1032 -7.1318
-5.3703 -6.1961
-5.2348 -6.0438
-5.7669 -5.4173
-6.4982 -4.6716
-6.0992 7.2046
-6.1570 -6.9696
-6.7593 -5.3493
-5.2873 -5.0437
-6.2879 -6.1677
-6.2870 7.3554
-6.2334 -5.6243
-7.1417 -7.3065
13.5510 -6.3718
-6.8878 -6.7646
-7.4781 -5.9510
-6.9074 -8.5748
-6.8655 11.7907
8.7603 -5.5965
-5.4899 -6.6666
-4.7614 -6.4985
11.4243 -6.3425
-6.5820 -7.6892
-6.2403 9.1501
-6.0707 12.2185
-6.2505 -5.1403
-6.2454 -6.2482
-5.9605 -5.7537
-6.5836 -5.6977
-6.3005 -5.4945
-5.0296 -5.9484
-5.8602 -5.9805
12.3874 10.6126
-6.1157 -6.1095
-6.5380 -6.5191
-5.4596 -5.5908
11.2279 8.7116
-5.3019 -5.2946
-7.7638 -6.6311
-5.3443 -5.5505
-6.1297 -6.4966
10.3210 8.2074
-7.5399 -6.5927
-6.2793 -6.2529
-4.6864 -7.2399
-10.2666 -5.4088
-5.3625 -6.7862
-6.9246 -6.4326
-6.4709 12.9010
-7.9569 -5.2037
-6.6137 -5.5013
-7.3928 -5.7423
-6.1974 -6.3909
-6.8062 -6.8776
-5.0312 -5.7180
11.2901 -6.4623
-5.0982 -6.5268
-9.0114 -6.8829
-6.1530 -5.9341
-6.2017 -5.4489
12.2614 -6.4938
-6.3845 -5.4158
-5.5736 -5.0232
-4.8537 -6.4217
-6.1329 -5.0927
14.2444 -6.1475
-6.6673 -6.1870
-5.7441 8.0482
-6.5841 -5.7330
11.8012 -4.3736
-5.9310 -5.4675
8.4191 11.6136
-6.4438 -6.0433
-6.0776 -7.0425
-6.6650 -6.1416
-5.9001 -6.4219
-7.4707 -7.3498
-6.3703 -5.6217
10.9451 -6.5941
-5.5154 -6.3595
-8.0731 11.5273
-5.1006 -4.8653
-4.6807 -6.9884
-5.3520 -5.8391
-5.7434 -6.4738
-6.8666 8.4677
-4.7855 -5.8071
6.8489 -5.0066
-9.3569 -5.1104
-6.7385 -5.9880
-6.2936 -5.3829
-5.5202 -7.3415
-5.3865 8.0847
-5.6956 -4.9393
-6.8203 -4.9235
-6.9963 -5.4149
-6.2037 -6.8958
-7.0888 6.1205
-6.1078 -6.2717
-5.9577 -5.6765
4.7680 10.4160
-5.4650 -4.8482
-4.5868 -6.6609
-6.1664 -5.4173
-4.8791 11.5078
-6.3878 -5.6604
-10.3384 -7.8381
-5.5362 -7.1415
-6.6311 -6.1146
-6.4179 -4.6887
-6.0687 -5.9562
-5.2797 10.4250
10.7284 -6.7170
-5.2831 -5.6679
-6.3383 -6.4537
-5.7462 7.2281
-5.7685 -6.2788
-6.0639 -5.3096
-4.8422 -7.1379
-6.7672 10.8774
-5.9284 -6.0889
-6.7884 -6.5767
-5.8448 -6.6072
-5.1640 -6.4869
-6.1284 -5.1343
-4.8624 -7.2267
-6.3574 10.2490
8.8495 -5.3778
-7.6790 -6.6919
-7.1694 -6.4193
-6.5753 -6.1561
11.1768 -4.8480
-6.7240 -6.2253
-5.6668 -5.6351
-5.5662 8.4123
-5.8719 -5.6197
7.6645 -6.0580
-5.7295 -6.0495
-9.8958 -6.7848
-6.7464 -5.5788
-5.7666 -4.1984
-6.0214 -6.5617
-5.8966 -5.1382
-5.9059 -7.2989
-6.7630 -6.6794
9.6351 9.3980
-5.8474 -5.4775
-5.0993 -6.5056
-6.6405 -6.4992
-6.5708 -6.5216
-6.8931 -6.0693
-5.1742 -5.2274
-6.1566 -5.2749
-5.4839 -6.4767
-6.6719 -6.7167
-6.2660 -5.7598
-7.8693 8.1777
-6.2536 -4.3911
-6.6476 -6.3347
-5.7873 -4.7042
8.5323 -6.6550
-6.3973 -6.1858
-6.2273 -5.3507
-4.9452 -3.8746
-5.2481 -7.1382
-6.7508 -7.1857
-6.3352 -6.4526
-5.4958 10.4837
-6.4693 -6.2675
-5.3578 -6.5168
-6.4728 -8.4123
-5.2748 -6.3967
-5.7956 -6.7137
-5.8590 -5.6921
-4.5027 -5.8243
-6.4119 -6.5019
-5.4785 -6.3400
11.0714 9.8580
-5.9539 -4.7044
-5.7899 -5.9719
-6.2366 8.6315
-5.9998 -5.5029
13.3009 -9.3611
-10.5262 -6.6187
-5.6483 -5.3678
-5.6200 9.2612
-5.9194 9.6531
-6.4503 -6.7169
6.3920 -7.1740
