5
1.2199 0.7597
-8.4612 -4.6831
1.2238 6.8855
7.5684 0.2862
0.3012 -2.3159
-10.8729 -9.3163
0.2987 -8.7388
-9.0110 -4.0318
1.3729 -9.8644
5.2240 0.2599
-7.4120 1.5589
-9.4324 1.2146
0.2794 0.2925
-5.2731 0.2897
0.2993 -9.5075
2.2107 -7.4344
-9.7740 1.4855
-6.1446 1.2938
0.2945 2.1801
0.2813 -9.1285
0.3058 1.5750
0.2732 -11.0110
0.2827 -3.8381
1.5283 -6.4335
-5.5556 0.9047
0.2943 0.2800
2.1824 -3.5215
0.2945 -8.3547
0.2959 0.2705
0.2795 -7.2882
-10.6121 1.0252
0.7864 1.3597
0.2828 -6.2457
0.9513 0.2890
1.0562 -9.0381
-6.7599 -9.4622
0.2857 -9.5227
-8.2504 -10.6803
0.2681 0.6719
0.2767 -2.8190
0.2763 0.2811
1.9662 1.4310
2.2970 -8.1553
-6.4145 0.1957
0.2729 -10.0432
-5.9638 -4.9430
0.2931 -5.0930
0.2856 0.4333
0.2855 -9.7539
-10.4278 0.2812
-9.4394 1.5545
0.5310 -6.3241
4.8450 -9.4821
0.2669 -8.9063
-9.8218 0.2696
1.1914 1.3008
0.2947 6.2520
-10.4009 -8.5369
-5.2041 -9.3284
0.7242 0.2844
-6.3901 0.9454
-3.4237 1.2307
4.8223 0.2356
-8.5013 -8.3504
-10.9771 0.2821
-4.9828 -6.1075
-9.0737 1.2997
0.2830 1.8692
-4.0573 -8.7118
1.4392 1.1263
-6.3910 0.3169
1.8193 0.2921
-5.4900 1.8398
0.5433 -10.9618
1.2229 0.2924
1.1050 6.2580
-6.4471 5.4828
1.3867 -8.1211
-4.4295 0.2724
1.4321 -9.7305
1.6745 1.1749
-8.3560 1.4316
-9.4884 0.2835
-7.0888 1.9524
0.7057 0.2859
1.3396 1.5526
0.2927 -5.5261
1.7178 -5.9601
-5.4399 1.1120
-9.4702 -9.0303
0.2958 0.2760
0.2894 -9.4228
-8.3631 2.2457
0.3073 1.6530
-8.4543 -9.3788
-7.0658 1.0902
-8.6628 -6.3819
6.2413 -4.6297
-8.9314 -6.9968
-10.8458 0.3081
0.2993 -5.8116
0.2836 -9.7552
-10.6479 -8.8399
-4.6456 -9.7393
-8.8083 -4.8513
0.2800 -3.1515
-9.0232 -5.4828
0.2672 1.3173
1.3428 -8.1232
0.8758 -9.9393
0.3110 -8.7848
0.2838 -9.8201
0.2754 -9.4235
-3.2283 -4.4150
0.2600 -6.2550
1.4224 0.2712
-4.0388 0.2833
-4.3861 -8.0316
-10.5647 0.2873
0.2988 -8.2860
0.3042 0.4297
1.4233 0.2801
-8.6730 0.2681
-9.3100 0.3007
0.2949 -9.1862
0.2955 -9.3025
0.2912 1.4301
-6.8493 0.2715
-11.0669 0.2670
1.3441 -8.5649
-8.0173 -9.7605
-6.4368 -9.0091
1.3830 0.3014
-3.7062 2.9059
-10.0754 -8.7032
0.2764 -9.4694
0.6849 -8.9279
0.2802 1.0064
0.2919 0.2701
-7.4114 -1.2534
0.2885 -11.1924
-10.4133 -8.2857
0.2932 1.3950
1.2124 0.3027
0.2805 -8.0958
-8.0687 0.3030
0.2714 -9.4197
-6.0259 0.2801
1.7097 1.0125
0.2932 0.2658
0.7176 0.3002
0.2743 0.8076
0.2870 -6.5724
1.5741 -9.2630
1.4384 0.7734
0.2815 1.4471
0.2906 -6.0234
1.3419 -9.6709
-7.2544 -9.3229
-8.9197 0.2751
0.2621 0.2858
-6.0034 0.2794
-9.2386 0.2858
0.2840 1.3985
-8.4712 4.8616
0.2768 -9.9772
-9.8585 -8.8435
-8.3026 5.6258
2.0582 0.2954
2.5764 -9.8384
1.2886 0.2752
0.4683 0.2802
-4.4663 -9.6641
0.2882 0.9770
0.2944 0.2758
0.2872 1.6962
0.2836 1.6472
-5.3948 -6.6161
-9.4779 0.2934
0.3091 0.2853
6.2758 -10.8246
0.2956 -9.0470
0.2831 1.6567
0.2752 0.8117
-9.4670 1.3008
1.1121 0.2999
-5.8743 -9.9700
-9.4150 -7.8830
0.2966 0.9077
-10.8228 0.3007
-8.3743 -9.2201
1.1951 -7.2740
1.1676 1.3531
0.2919 -5.0031
0.2810 0.2840
-9.2780 -9.3256
0.5967 -10.0817
-6.9800 -10.2316
1.5286 -6.1377
-6.3291 2.2615
1.0937 -10.6020
-10.4306 0.2828
0.2804 1.2364
-4.9010 1.4424
-5.9239 -7.7637
1.8476 1.0721
0.2716 0.2694
-9.9406 -9.4012
0.2795 0.2876
0.3049 1.3459
-7.9610 -5.9201
0.2682 -9.2107
-4.7422 2.1047
0.2774 2.2633
0.2873 -8.5113
-8.5141 1.0188
-10.1246 -10.8762
-6.7899 1.7026
-9.7611 1.0870
-5.5659 -10.0886
1.7054 -10.2832
-9.2562 -7.4004
0.2734 0.2765
-9.2739 -10.4495
-5.7256 1.4780
1.2912 -7.7251
0.2856 0.2968
1.4899 -9.0001
-8.7482 1.0562
0.4313 1.7153
0.3004 0.2742
-7.2668 1.6475
0.2792 -10.8101
-8.6486 -5.7884
-10.1174 -7.8882
0.3102 2.0521
-9.0072 1.1414
-9.5794 0.2899
-10.3377 -9.8227
1.0619 0.2857
-9.1024 -0.1748
0.2757 -1.4089
-9.6437 -8.4915
0.2878 0.2714
-9.5082 1.1946
1.0976 0.3030
-6.4888 0.3854
1.3313 0.2780
0.2944 0.3023
0.2941 1.3433
0.7354 0.2848
0.2952 0.2883
1.0698 0.9067
-7.2147 -8.9626
2.1289 0.2678
1.6436 0.2841
0.2889 -7.2320
1.1081 -9.0490
0.2949 0.2922
1.4214 -7.9311
-8.8748 1.9237
0.2909 0.3232
0.2976 -8.6170
1.7996 0.2708
-9.6142 -8.1240
1.2751 2.5080
0.2898 0.2886
-4.5400 -8.5781
-7.5976 -3.4534
-10.7111 2.3495
-9.8671 -5.5496
0.2830 0.6073
0.2805 0.2767
-7.0740 1.4756
-9.0149 1.0074
0.2794 1.7800
0.2860 1.1925
-8.7927 -9.9165
2.0035 0.2653
1.5212 -3.9566
0.2858 -8.5247
-8.3707 -7.7662
-9.8926 -8.4977
1.0063 0.3117
-4.1160 -8.5716
0.8526 -4.4504
-10.6053 -6.3602
-11.1551 -8.9780
1.9985 1.5096
0.9714 -10.8740
1.3715 -7.1669
0.2865 0.2899
2.2690 1.7036
3.9786 1.0963
-10.1273 -10.2611
1.2893 0.2939
-9.9769 -6.7928
-8.7892 -11.4652
-10.5840 0.9883
0.2676 -9.7154
-7.6044 0.2773
0.2809 -9.5969
-9.4716 1.3187
-10.3405 1.6010
1.6099 -8.7565
0.2830 -5.4808
6.1619 2.5914
-3.9412 0.3017
-6.0110 -7.5380
0.2859 -7.9507
-7.3032 1.0722
-5.6396 -9.2958
1.7431 -6.0692
0.2792 0.2890
-6.3310 0.3011
-9.2742 0.7545
1.3574 -8.7547
0.2684 -8.7950
-10.5751 -9.8166
0.2870 1.1424
0.2681 -9.6135
0.2835 0.2693
0.2803 -11.0850
0.2791 2.5419
0.2891 0.3037
2.7188 -5.5499
-10.2934 0.2745
-9.4517 -9.9787
-11.1895 -9.7547
0.2786 2.4006
0.2750 0.3032
1.0567 -7.1679
1.3912 1.4890
2.2046 -6.1611
-4.2728 -8.4515
1.3005 -5.3684
0.2812 0.2895
-8.3440 0.8581
0.7145 -5.7447
0.2991 0.2969
-9.0154 1.4900
1.4587 -7.6152
0.2769 -3.3865
-10.5014 -4.7523
0.3046 -9.3987
-9.4049 1.9046
0.2713 0.2877
0.2771 -4.6529
-9.3027 1.2148
1.9114 1.8692
-10.6487 -2.2633
0.9677 0.3019
-10.5627 -8.9774
0.2977 -6.7239
0.7822 1.6770
0.2698 0.2934
0.2714 0.2674
0.2920 1.1601
-5.5403 -9.1985
0.2864 -10.8118
0.2976 -3.2629
-8.1490 0.2961
0.2792 -10.0978
1.9448 -8.6395
0.3009 -8.2678
1.2686 1.2631
-5.6048 -8.5518
2.1547 -5.7482
0.4201 -6.6382
-10.5936 -9.8058
1.0326 1.2992
0.1468 4.1812
0.9717 5.4331
0.2945 -11.2123
0.6662 1.4835
-9.8643 -4.1450
1.8968 0.8945
0.2975 -8.4269
1.1996 1.2827
-9.0776 0.2868
0.2723 1.9406
1.6262 -10.4879
0.3096 -10.4504
0.2937 -10.6695
0.2985 0.2728
1.3746 -10.1482
-9.2956 0.2851
-10.0984 -1.4160
5.5516 -10.5066
-9.0472 -3.2919
0.2704 0.3027
1.2390 -10.3814
1.0452 0.7580
-9.4121 -9.0744
-6.7082 -10.8249
-8.5692 -10.3159
0.2952 1.8456
0.2722 0.2676
0.2797 0.2836
-8.4026 -9.9369
0.2716 1.3131
0.2699 -8.1976
0.9619 0.2834
-4.5536 -9.0532
-4.6436 -10.2480
1.1041 0.2981
1.0885 1.4810
1.4037 0.2743
0.2911 0.6966
0.2726 -8.4402
-2.3564 1.4500
0.2920 0.2756
0.2906 -5.5367
0.2785 -9.5921
-6.5296 1.3819
-7.2727 0.2802
0.2797 -9.4750
2.5671 0.2889
0.2954 -9.6029
0.2981 0.2978
-9.1069 0.2772
0.2975 -7.4643
-8.8602 0.3046
-9.3952 0.2781
0.3088 0.2939
1.1825 -5.2559
-9.5140 0.3068
-8.2102 0.2788
0.2908 -4.4378
-4.7900 0.2914
-5.8919 -9.0484
-4.3280 0.2845
0.2755 -9.4934
1.1249 1.5849
0.2774 0.2949
-8.9501 2.0673
-9.4793 -10.5876
0.2838 2.3971
-11.4551 0.2792
1.3117 -5.6428
0.2957 -9.9334
-7.4321 1.0242
-10.0586 0.9642
-5.9062 -7.8133
0.3034 1.5339
-8.4973 0.2987
-7.6003 2.0706
-5.4958 0.3038
1.9536 -9.8195
0.2823 1.3627
1.5065 0.2882
-5.5950 1.7088
-10.0333 -10.4287
0.7394 0.2806
-3.3100 0.2983
-6.3653 -10.4228
-10.4387 -8.6550
0.2958 0.2799
0.2853 0.2836
1.6140 0.3069
-8.0551 0.2778
1.8428 0.2826
0.2036 1.5056
-8.4715 0.2865
1.9438 1.0440
0.2764 -5.1471
0.8377 -10.0237
0.2981 0.2916
-10.0266 -8.4961
1.7904 -9.0193
0.2969 0.2952
0.2959 2.0484
-8.9592 0.2837
0.2834 -7.1444
0.2776 0.2928
-10.2471 1.9221
1.2026 -6.1135
1.2730 0.2640
1.5146 -9.3067
0.2998 0.2715
0.2990 -6.5879
2.3040 -4.5282
1.0632 -9.5137
0.2654 -4.4681
-9.5045 0.2918
1.6596 -8.2275
0.2955 -9.5566
0.5688 -9.4086
-9.1428 0.2711
-9.9881 1.2609
0.2858 -6.2648
-2.0180 0.2937
0.2696 0.2979
1.6050 2.2585
0.2825 0.2873
0.2849 0.2835
2.4464 0.2808
0.2955 -8.0677
0.2981 0.4627
-3.3573 0.3190
2.0554 1.0818
-8.7419 0.2903
0.2981 -9.2445
1.3798 -9.3295
1.3094 0.2831
-5.4829 1.2999
0.7769 0.2907
0.2793 1.2487
-10.9065 -8.5267
-10.1743 0.2909
-8.9400 0.2798
-5.3667 -8.4709
-10.4077 0.2611
-8.3972 4.9609
-10.3995 -6.7884
-7.3654 0.4369
1.2796 0.2890
0.2783 0.2857
0.5708 -7.8308
-2.8193 -6.0447
-9.5734 1.5775
1.0242 -5.8214
-5.8049 0.2847
0.2814 0.2666
0.2757 2.0746
-3.9633 -9.5753
1.5509 -7.4995
-7.3905 2.0571
-4.7204 0.2734
-9.8115 1.0282
-8.5649 1.8256
0.7434 -8.1452
4.7063 -9.8839
-9.0226 -10.2967
0.2845 -7.7451
0.2941 0.6297
0.2812 0.2831
1.1764 1.4453
1.6984 -6.4238
0.3074 -4.6936
-6.1660 -9.8378
-9.7539 -8.4117
-9.1487 -4.9253
0.2822 -6.8791
1.5564 0.2976
7.3371 0.2643
1.2342 -9.2111
-9.4348 0.2714
0.9993 0.2883
0.2982 1.3678
-13.3740 1.7436
0.2658 -6.1753
-7.2382 0.2834
0.2933 -4.8482
-9.1397 0.2765
-9.9720 0.3096
-9.5590 -3.7141
-9.5134 0.2862
-10.0893 5.7017
0.7086 -9.3429
-10.2578 -3.3680
0.2965 1.8559
-10.7443 0.6849
0.3013 -8.9531
-8.0116 0.2668
-10.3820 5.3768
0.2943 0.2850
-10.6491 1.4763
0.5469 0.2846
0.3002 0.2856
-5.0562 -9.2790
1.5762 -9.3582
0.2793 0.8322
-9.7325 0.3081
-8.7159 -10.5366
1.5114 1.2216
-11.9835 0.2807
-9.7198 -5.1617
0.7574 -6.1057
-10.3541 1.0127
0.2751 -10.1581
0.2873 -10.0659
-8.2714 1.7050
-9.9597 0.2775
2.1809 0.3021
-10.1040 -9.9668
-7.9816 -9.9594
0.2574 -5.9966
-7.8760 0.2667
-8.7680 -8.6974
-9.0602 0.2876
-9.7658 0.2768
-5.0199 1.2605
-6.4780 -8.7953
0.2871 -5.4014
0.2803 -9.5041
-9.4434 -6.4681
-8.4207 0.7278
-11.2693 0.5548
0.2775 -10.7770
0.2777 -8.9135
0.2859 0.2813
-9.4443 1.9106
1.0029 1.2560
1.7141 0.2888
0.2865 -9.2167
0.4199 0.2917
0.2790 -7.4154
1.5415 1.7856
0.2822 0.2910
1.0652 -9.4393
0.2903 -7.0717
1.4343 0.2669
0.2785 -10.7421
-9.1432 0.3113
0.2747 1.6835
2.1063 1.1544
1.2089 2.3982
-7.3671 -9.8929
0.2861 -9.4429
0.2818 -11.5170
-8.2970 -9.9679
0.2763 0.2766
0.2942 -9.0520
-10.2462 -6.0306
1.0962 -6.3500
-10.5147 4.2279
0.2759 -8.7726
-8.9861 -6.6638
2.4197 0.6423
-9.9223 -8.9367
-2.2174 -8.2128
-6.8254 2.4527
0.2764 -9.5563
0.2824 -9.7371
1.8069 -8.3108
-2.8608 0.7676
-10.0776 -9.9569
-8.1351 -10.0600
-10.0147 0.3017
-9.1523 1.4744
-6.6085 0.2760
-8.5501 -12.1464
0.2752 0.2873
1.3251 0.2672
0.2768 0.2917
-10.4001 1.5680
0.3012 0.2858
0.2849 0.2899
-6.0436 0.2847
0.3136 -8.8369
0.2578 -8.6810
0.8344 -5.5409
0.2649 -11.5576
0.2714 2.0201
0.2683 -7.2483
0.2633 0.2844
0.3046 0.2799
0.2781 -6.0040
1.5367 -10.9525
1.4285 -9.6927
-6.5939 -6.0819
0.3039 3.1614
0.2695 1.7059
0.5645 0.2894
-6.7107 -9.7052
-7.8624 -9.0592
-8.4243 1.5481
0.9783 -8.9518
-2.7777 0.2770
0.2898 0.2867
0.2674 0.7532
0.9714 -4.3225
-9.5911 0.2782
-10.2168 -9.1342
1.5107 0.2782
-4.7614 0.2943
1.3792 6.8348
1.8558 -9.1576
-5.9288 -2.9222
1.7788 0.2788
-7.1342 1.3818
1.2705 1.1407
-9.2478 -9.9332
-3.2350 -6.6303
0.2931 0.2831
0.8471 0.0468
1.2853 -8.9260
0.2908 0.2842
-9.8717 0.2837
-8.5359 -7.2480
-10.2949 -4.4950
1.2631 -7.7018
0.2770 0.3338
-9.3603 -0.0245
-4.8500 -7.0203
-5.6699 -11.0718
0.2770 0.2820
1.0996 -6.6721
0.2663 0.2823
0.2834 -9.3440
-1.5350 -9.8847
0.2892 -4.6036
-3.2809 0.2813
-6.7279 -9.5271
0.2836 0.2742
1.0383 -8.8403
0.3016 0.2777
1.7057 -9.0588
0.2793 -8.5758
1.8061 1.0537
0.2717 1.0524
0.2605 -9.6089
-8.7842 -8.5232
-6.5133 0.2892
1.9703 1.3774
0.2852 -10.8304
1.2998 -9.7091
-9.9370 -4.4430
-5.4984 2.2243
0.9953 -9.8533
0.8517 -3.9943
0.2959 -8.1489
-9.4281 0.2710
-8.9868 4.3523
1.7563 -10.0421
-8.4965 -9.5488
-9.9077 -10.2657
0.3010 1.6128
0.8348 1.2411
0.2773 -7.9438
-6.7668 1.4916
-10.9950 0.7287
0.2859 0.2698
-7.0345 -7.7349
1.8384 0.2772
-6.4993 0.2837
4.4834 -10.3430
6.6497 1.7029
5.6278 1.4118
0.2763 -6.0081
0.2924 -10.4928
-8.8438 0.2837
-8.6392 0.2948
-5.6316 -9.2964
1.1114 -8.7688
-3.5109 -12.5578
1.0892 0.2862
-6.5807 0.2898
8.5532 0.2727
0.2843 -9.0263
1.2697 0.2814
0.2966 0.2856
-10.0044 -8.2149
-6.2743 1.0709
1.7025 -3.6841
-6.8675 -9.6027
0.2906 0.2943
-5.5796 0.8518
0.2773 0.4079
1.3077 0.2688
0.3005 0.2958
0.2931 0.2826
-7.9049 5.3712
0.2713 -3.9461
0.2558 1.5544
1.2626 -7.5061
-8.4505 -5.7583
0.2748 -6.4547
-8.8371 0.8803
-3.9470 -6.5455
0.2700 -10.3060
-4.6303 0.2928
0.2861 1.7893
0.3005 0.2990
1.4425 -6.9879
-10.0313 0.2728
1.3507 -7.3954
-7.2012 6.2683
-7.8268 1.3840
0.2837 1.8258
0.2787 0.2985
-9.8876 0.9917
-8.4529 -6.0688
-9.6061 -4.5131
-7.7121 0.2894
1.3925 -9.5257
-7.7926 0.2840
1.1485 1.3773
0.5574 -9.4965
0.2970 -9.7343
1.2676 -6.6348
-2.6378 -9.6445
1.9659 1.4569
6.0863 0.2793
-3.9562 0.2973
-11.2871 -6.4007
1.8992 0.2771
1.9132 -3.3525
1.5761 1.3768
0.9441 0.2684
1.6113 -8.1652
0.2845 -9.0115
-9.5585 0.2861
1.5053 -4.8902
1.0566 0.2877
0.2994 1.3560
1.9182 0.2738
0.3010 -7.3281
-8.5239 2.4236
-7.8674 0.2828
-9.3058 1.9214
-5.2003 0.2963
-9.3363 0.2790
0.2969 1.2563
-8.7607 0.2964
-8.8869 -10.6112
0.2830 0.9613
1.7658 0.3083
-7.5674 0.2929
0.2934 0.2959
0.8708 0.2991
0.2937 0.2846
-9.5420 -9.2931
-9.6222 0.2780
0.2769 -4.1539
-8.8997 -4.5753
1.0611 0.2796
-6.5192 2.0217
-9.1878 0.2888
0.2348 0.2869
0.6648 -5.6216
-10.3179 0.2854
1.7251 1.5009
7.2980 -6.5610
-9.0208 -8.5077
0.2781 -9.9927
-8.5852 0.2754
-8.2533 1.3029
0.2790 0.5090
0.5977 -4.7250
0.2540 0.2924
0.3061 0.2759
1.2213 -6.3103
-9.2178 -9.5059
0.2718 0.2833
-8.1823 -10.6099
-9.4308 -5.5515
0.2787 1.2863
-8.6137 -9.0910
0.2900 -10.1818
0.3002 -6.4599
7.3372 -9.7771
1.3097 -6.4594
0.2821 0.9912
-8.8858 -8.5035
0.7985 1.0911
-9.9055 0.2837
-6.2898 1.3299
1.1582 -4.6917
-7.9743 -9.3871
0.9490 2.6671
0.7914 -8.1861
0.2597 0.2900
4.9814 4.5117
-11.1226 0.3060
0.2824 -8.8848
0.2913 -9.1759
0.3000 -9.7382
-8.9545 -9.9654
-8.7822 -8.6916
-8.4148 -3.1781
0.2873 0.2872
-7.8448 0.2637
-2.2454 -7.9513
2.5042 -3.0979
0.2637 1.5971
0.3054 0.2751
-9.2630 -9.6354
0.2912 -9.2870
-8.3266 0.3013
1.6206 -8.3959
0.3049 -8.2497
-5.4451 0.2678
-9.7104 -9.3045
0.7731 -6.0918
1.1881 0.2980
-7.2924 -10.8943
0.2835 1.4815
0.2868 -9.3431
0.3080 0.2949
0.2876 -10.3589
-5.9618 -9.1973
1.2100 1.8438
-8.9457 0.2667
0.3205 -6.8036
-6.2555 -2.6497
0.2739 -10.4659
1.5294 -5.5877
-9.2712 1.5094
6.9078 0.2964
0.9895 -9.0005
-8.9158 2.5044
-6.2512 0.9579
0.2643 0.2876
0.2914 0.2914
0.2724 2.4385
-4.6895 1.2081
1.7150 1.3191
2.1141 -9.5179
1.1613 0.2806
-6.4171 -10.2247
5.9198 -6.7894
1.4775 0.2837
0.2963 -10.1969
-6.7037 1.9391
6.4737 -13.7758
1.0235 -4.0738
1.4255 0.2867
-10.3124 0.8777
0.3008 -9.2440
0.2876 -9.5249
-9.0235 2.8073
-7.8741 0.2774
0.3039 0.2820
1.4240 1.8041
0.2781 -5.3572
0.2848 0.2809
-9.9741 -6.8936
-8.0288 0.2926
0.2897 0.3025
-10.1550 0.2873
0.2876 -5.7205
-4.9215 -11.1502
0.1526 0.2842
1.2773 -8.7006
-9.5265 -9.1617
-3.5042 1.6861
1.4832 1.3332
0.9925 5.5964
-8.3014 -6.0371
-9.3531 1.2665
1.0875 0.2889
0.2787 -5.8227
1.5128 -6.5876
-8.8651 0.2720
1.4785 2.0325
-10.0934 1.1852
-6.1905 1.3544
0.3114 -9.5768
-9.1067 1.1571
0.2926 -8.7862
-9.6265 0.3011
-9.6729 1.6346
0.4733 -9.3550
-8.0492 2.0858
1.6525 -9.8157
0.8674 -9.1632
0.2923 -2.0843
0.2739 0.2811
1.0856 -9.4255
0.2818 -9.9854
-3.0390 -8.7912
0.7760 0.2590
1.0086 -6.1255
-4.1518 -6.9526
-9.9832 0.2764
-4.9781 1.0574
-10.8126 0.2872
-4.9123 0.6009
-6.8719 0.2454
-9.2990 -8.3499
0.2723 -9.3080
0.2799 1.5131
1.2308 0.3089
0.3069 2.1694
1.4225 2.1904
0.2779 0.2998
-9.3803 -5.4018
1.8273 -9.9598
-8.5682 0.2853
-7.9066 1.2507
-9.9592 1.6883
0.6830 -7.7560
0.2637 -7.7396
6.2549 1.5097
1.2862 -9.9864
-10.8351 0.2876
0.2814 1.5945
0.2744 0.3019
-11.0916 -9.2470
-3.3616 0.2934
-8.8377 5.7702
1.0896 1.4172
-8.5691 -10.4886
0.2788 0.7403
1.9808 0.2833
1.2083 0.2910
-8.6547 0.2864
-9.2501 2.0296
0.2671 -10.5257
0.2824 -8.7262
0.2754 -6.8007
-5.9334 -8.9253
-4.5737 1.4710
1.1375 0.2880
-6.1908 -10.0959
0.2992 5.3136
-6.2852 0.8812
0.7104 0.2848
1.4817 -2.2898
0.2964 0.2918
-10.0144 0.2906
0.2869 0.5718
0.2922 0.2898
-7.1002 -8.8613
0.2719 -9.3982
0.2897 1.2083
-9.3421 -9.0067
0.2687 1.4400
0.7998 0.2918
0.8547 1.6786
-8.4949 0.2825
-6.9234 -10.1532
0.2717 0.2925
-5.4778 2.6636
-8.1533 -9.1810
-3.2692 -6.6720
-8.7233 -6.1212
-4.2120 1.4500
-8.3864 -9.5193
-9.0261 0.2857
-9.5265 2.4806
-4.2007 -8.5801
0.6705 0.2866
-7.6615 -5.1524
0.3050 0.2932
-10.0890 1.5863
-9.7278 1.8922
0.3054 0.2873
1.5442 0.2926
1.6621 0.2883
-5.8287 -8.4606
-10.6291 -7.3919
-9.2281 0.2786
0.9082 -8.4211
1.5561 0.2853
2.0750 1.9379
0.2805 0.2833
1.9786 -9.0986
0.2773 -10.3872
4.7986 -2.8357
-9.2397 1.7565
-8.6260 0.5838
-8.8838 0.2744
0.2898 -9.0521
0.2683 -10.3253
-11.0828 1.1460
0.2858 0.2723
-9.9586 0.2725
0.3029 -7.1022
-7.9189 0.2981
1.4479 -7.6240
0.2854 0.2848
-7.9007 1.1752
-9.7972 -8.7299
0.2825 -4.7702
-5.8451 -9.4195
0.2835 0.2861
-8.2118 -7.8724
0.2730 -11.4578
-11.1298 -5.4197
0.2879 0.2695
0.2830 -7.9562
1.1653 1.7112
0.2926 0.3082
-8.4846 -5.6059
-9.9270 -7.5291
-9.8168 -11.0976
-7.9751 -9.4544
0.5553 -5.6164
0.9223 4.9812
2.1286 1.0599
-6.1609 0.2864
-7.2313 -8.2939
1.2908 -6.9202
0.2652 0.2904
0.2782 -9.3453
0.7218 0.2693
-10.2508 -6.3872
0.6390 0.3087
1.6764 1.9232
-10.7258 0.2617
0.2746 -9.6729
-7.1900 0.4138
0.3031 -5.2896
-6.6585 -8.5771
1.1201 -8.3171
0.9521 -6.6317
-9.7888 0.2914
-2.3042 -6.7713
-9.9501 -9.0082
0.3059 0.9613
-7.9297 0.2854
1.2273 0.2820
2.2377 1.7622
1.1302 0.2784
-6.4028 -12.1487
-7.6308 0.2629
-8.6890 2.2102
-9.5657 1.5497
1.8092 -7.0217
1.9959 -9.9005
0.2840 -9.6450
1.1663 -11.9510
5.7876 1.3358
0.8019 1.6478
0.9011 0.2729
0.3024 0.8843
0.2769 1.2672
0.3000 -5.2060
-6.4939 1.2557
0.2784 -8.7478
1.4838 2.0137
0.2915 0.2924
-8.6249 -9.7330
1.1100 1.8290
0.2787 7.5253
1.3969 0.2699
1.7629 0.0182
-10.1214 -11.2052
-6.9378 0.2873
0.2843 -8.5916
1.9720 -2.6286
0.2879 0.2746
0.2587 1.5594
-7.0879 -7.6018
0.2905 0.4452
-9.4344 0.2653
-7.9924 -8.3888
1.1628 -9.3996
0.3113 0.2879
1.1008 -9.6647
1.0676 0.2964
-6.2744 -8.7221
-9.9950 -8.8089
-11.0339 1.7480
2.1676 0.9109
-4.1523 -6.7957
0.2873 -8.4173
-7.7192 1.7450
-7.1413 1.6109
0.2876 -9.6055
-9.8465 0.2862
-7.8068 0.2793
-7.6239 -10.1952
-9.8561 -8.9919
-8.0760 -7.2608
-9.7138 0.2969
0.2837 0.2908
0.2903 -9.8981
1.7230 -9.0282
7.9359 0.2864
0.2798 0.2988
-8.9759 0.2776
-4.3744 1.5523
0.2990 7.2863
1.3168 0.2829
-7.3306 -8.2835
-9.3951 1.0317
1.5792 0.2935
-5.8098 -6.9249
-10.1429 -9.2324
-6.8727 0.2806
-8.5472 -9.3448
-5.9003 0.2848
1.0966 -10.0641
-6.5310 -8.6341
0.2871 -3.3983
0.2910 0.8166
-7.7049 1.6097
-5.2276 -7.9141
-8.4473 -9.4735
-9.7906 0.2838
1.8341 -8.6494
0.2982 0.2829
1.7796 -6.7703
0.2970 -9.8512
-4.7971 -0.0097
-6.6776 0.2738
0.2923 0.3059
-2.9712 1.3748
2.1152 -11.4502
0.2713 -8.6385
0.2772 0.2855
0.2845 1.5760
0.2874 -8.9001
0.3056 -9.1971
2.1391 0.2896
0.3873 -10.1154
1.7172 1.6438
6.6098 -3.2547
-6.0479 1.5541
-3.2851 0.2941
-8.4287 1.5229
1.0753 -2.9889
2.0682 0.2707
-10.4416 0.3067
5.8713 0.2760
5.1423 1.9431
0.2743 -9.3232
-9.1449 -5.8022
0.2820 -6.7442
0.2894 0.2667
-8.6461 1.1078
-4.0241 1.3313
0.2803 0.2796
-9.4177 2.0445
0.9221 0.2833
0.2867 -11.4933
0.2834 -9.7539
0.2886 1.0924
-5.2743 -6.6717
0.2866 -9.8082
-9.5404 0.2862
0.2988 -6.3739
-8.5434 0.2741
-9.6694 -8.0003
0.2860 0.2873
0.7996 -9.4390
0.5651 0.2824
-5.6586 -10.4863
0.3104 -9.6214
-7.7130 1.0987
1.7140 0.2982
-8.7967 2.1929
-9.7190 0.8477
-4.3546 1.1623
0.3037 -8.7544
-8.3092 0.3095
0.3037 -4.8467
-8.7483 -9.9183
0.2924 -9.1760
0.2668 -8.9403
-3.7658 0.2873
-10.8558 0.2920
-10.4836 0.2893
0.3006 0.0415
1.8702 -5.0152
-9.0152 -9.6652
0.2584 1.1983
0.2964 0.2794
-4.2124 0.2883
-5.2356 0.8764
0.2774 -6.7890
0.6953 0.9577
0.2899 0.2835
-4.0944 -4.4124
0.2972 0.2969
0.2826 -8.1803
-9.7246 -9.3863
1.6238 0.2863
1.0164 0.7982
-8.6878 -9.0814
0.9076 -10.3189
1.4246 0.2678
-9.5933 4.6363
0.2768 -9.0450
6.7320 -11.7449
0.2841 0.2813
-8.9350 -9.3371
-8.2058 0.2814
-7.9256 -7.7823
-4.4786 0.2834
-9.4095 1.5759
-8.8416 0.2877
0.2736 -8.0484
-4.0955 0.2972
-8.7713 -5.5235
0.2951 -3.3190
-7.8321 -10.0208
0.2821 -9.9939
-10.1471 0.9586
-10.4081 0.3962
-9.4581 1.3217
-6.7112 -9.8317
-7.8459 1.6764
0.2989 0.2784
0.0832 -6.4918
1.3128 -9.7056
-5.7733 0.8395
-6.7494 0.2770
0.2864 -4.2695
-9.5194 -6.5183
-6.9374 -8.9516
-11.6787 0.5539
-8.7747 0.3038
-8.9676 0.2914
-9.8632 1.4185
1.1329 0.2902
0.1150 -7.7421
-9.8623 -8.8362
0.3463 -7.3687
-8.5303 2.9335
-8.5480 0.2923
-7.8984 1.2498
-9.9950 0.3018
-8.9450 -10.3979
-5.9895 1.2012
1.8087 1.8442
-9.0575 0.3055
0.2937 1.2197
-5.4998 0.2753
0.2916 0.2742
0.2706 -6.6580
-9.6415 -7.1277
1.2700 -4.7118
1.4094 0.2906
1.1921 0.4699
0.2860 -9.7078
0.2796 -6.7305
-10.0434 0.7866
-10.8744 0.2690
-9.1861 -7.7611
0.2725 -3.3079
0.2762 0.2877
-3.1304 -7.7160
1.6884 -7.6328
0.2897 1.3333
0.2825 -4.6122
1.5278 -3.2152
-10.5472 1.3788
0.2794 0.3100
0.3064 -9.0457
1.9378 -5.4137
0.2860 -10.6170
0.5040 0.6756
-5.4456 0.9631
-8.5157 -8.8173
1.9710 0.7937
-10.5086 -10.2625
-10.2465 -3.3736
-7.5809 0.2888
-4.0526 1.5157
-4.7586 1.7124
0.2795 -7.9903
6.9537 0.9193
0.3037 -11.5399
-10.2812 0.5755
0.2757 1.2851
0.2955 -2.1367
-6.9763 -2.0363
0.2848 0.2984
-6.9517 0.2734
1.8537 -9.1851
2.2104 0.5780
0.2627 0.2895
-7.5079 -11.2290
-10.7269 -9.8448
-8.0904 2.0302
-5.9917 2.7865
-8.4554 1.3290
-9.2742 0.2920
-8.2546 -8.9993
-11.4647 -9.8759
-8.9343 0.2726
1.6832 0.3038
0.2778 0.2990
-2.8375 -9.6941
0.2928 1.6502
0.2919 0.2777
-9.6583 5.7167
-3.3923 1.7839
0.2795 -9.5352
-9.1416 -11.6742
-9.9805 1.8304
0.2848 1.5775
0.2855 0.7912
1.6891 -9.7948
-9.1898 0.2922
0.2913 -5.6641
2.3782 2.1790
0.3088 -10.5288
-7.3405 0.3172
-8.7739 1.3678
0.2878 -5.8246
1.2471 -9.7589
1.4236 2.4356
1.8569 -9.7295
-6.2115 -9.1120
0.2782 -9.2295
-2.9836 1.1106
1.6036 0.2925
0.1191 0.9774
1.1299 1.4926
-5.5663 -5.0350
0.2815 0.2874
1.1799 0.8745
0.2667 -8.7136
0.3016 1.0174
-7.3807 1.1316
1.4074 0.3056
-7.8126 -10.0028
0.5607 -6.1460
-8.0747 0.2759
-6.3925 2.3707
2.1115 0.8119
0.2946 -10.0426
0.2828 0.2885
-6.5467 0.2782
0.3009 1.7004
0.2707 0.2801
0.2703 0.2845
1.3660 -5.9742
1.9910 -9.5019
-8.8591 -9.4099
0.8837 -8.5234
-9.6559 0.2804
-9.0390 -4.0167
-10.4979 0.2826
-6.2247 -9.9985
-10.9531 1.7543
0.3024 -10.2132
-9.7328 0.2760
0.9399 0.2912
0.2768 -7.6588
0.2763 -4.9907
0.2973 0.2790
0.2847 -4.2243
-8.2689 -9.6899
-8.5831 -8.4606
-6.3168 -5.9466
-10.1050 0.2937
-8.9489 0.2823
0.2856 -6.4211
0.2758 0.2986
-9.8882 0.6825
2.5505 0.4594
0.2962 0.2990
0.5117 -5.3840
0.2780 2.4479
-10.4381 -6.1178
-7.2507 0.2827
-6.5336 1.5226
-10.4412 1.0225
0.2808 1.4423
-3.9892 -6.4490
-5.1742 0.3043
0.2983 2.2746
-10.0910 -7.9380
0.2830 -9.4837
1.6371 -6.1867
-9.2825 -7.3636
-10.9606 0.2580
0.9245 -9.9346
0.2816 0.2929
2.0869 -4.7697
0.2799 -6.5401
0.3116 -8.7105
0.5009 -8.2248
-7.2991 0.2925
0.9623 -8.0330
-9.8021 -4.3121
-8.5421 -7.6564
0.2819 0.3012
1.0723 -7.3725
0.2884 -0.2817
2.2404 -2.9567
1.4901 1.8914
0.2716 -8.3054
1.4385 0.2916
0.3009 0.2691
1.7593 -10.0587
-5.4470 0.2924
2.2292 0.2931
-8.5885 -9.3830
0.2884 -10.2541
-6.4619 -9.7016
-5.0644 -8.6805
-6.5110 -10.5119
0.5841 -8.7748
0.8886 2.4354
0.2922 0.2829
-9.7821 -8.7596
-6.1355 -10.2032
1.4711 0.2919
1.4103 -8.1264
0.2878 0.2966
1.7072 -9.9229
-9.2565 1.8639
-8.1130 0.2753
-8.7871 -8.2517
1.4927 0.2852
-5.0327 0.2860
-9.7610 0.2963
-10.0101 -7.5161
-6.0499 0.7466
-9.1496 -9.0069
2.2328 -9.5237
0.2821 1.2282
0.8627 -6.6752
-7.2632 5.4285
-8.2621 0.2911
-9.8320 0.2788
0.3731 -4.7532
1.4905 1.4303
-8.5625 1.9909
0.2847 1.1426
0.2707 1.0860
-9.1286 0.2801
0.2798 0.2686
0.2915 1.6226
1.4375 -3.2670
-5.7145 0.3020
2.1662 1.4606
-3.7755 -7.8807
-2.8122 0.2863
0.2986 -11.0431
-10.1633 0.2783
0.2612 1.5406
-9.5875 1.8460
0.2850 0.2833
-9.9891 -8.1603
-5.0116 1.7451
0.2886 0.2931
0.2813 -7.0056
-7.9596 4.9711
0.2778 -9.3030
-10.8992 -9.8246
-10.6715 -9.1407
-9.6856 -10.5139
-8.7217 0.2965
-8.6680 1.0528
0.2874 -10.6557
0.2910 -7.2562
-10.4269 0.6581
-8.7073 0.2788
-10.7398 -9.6352
-8.7647 -6.7277
0.2926 1.0801
1.8440 -9.4024
1.4201 1.2323
-9.0115 0.2853
-10.5478 1.1118
1.3247 -6.5979
-4.9015 0.3076
1.7441 1.5796
0.2830 -8.5854
-8.2489 -6.7014
-8.5427 0.9092
-10.7778 2.1664
-9.1653 -10.7593
-9.5852 0.2802
-9.4211 0.2789
0.2750 -8.4092
-7.8793 1.3805
-5.3508 0.2812
-7.2751 -9.0610
-9.0509 -7.2502
-5.7021 0.9841
-5.7630 1.0055
-7.0696 -10.0366
1.9447 -6.9124
0.2852 -6.2596
0.2979 0.2904
0.2832 -7.4337
0.6197 -9.0384
-10.9109 -6.6156
1.0725 -6.3862
2.5245 0.2993
-7.7108 0.8125
0.2910 1.5345
-9.0203 -10.1077
-9.5857 0.2839
0.2842 -5.2281
-9.8767 0.2862
-11.3991 1.9223
1.7282 -7.8002
-3.9691 -10.3217
-4.7640 -7.9600
1.7594 -6.8468
-8.3854 -10.4118
2.1147 0.2948
1.7648 -7.0713
1.4846 -9.3137
-9.6252 0.2927
0.6679 0.2904
-9.8666 0.2862
0.2739 -6.3005
0.2922 0.2743
-6.5858 -7.2043
0.2987 -9.4570
0.3068 -4.8334
0.2722 -8.7904
-9.6741 -10.1913
-5.9002 -9.9594
-8.9869 -11.4037
-9.3149 -6.3701
2.1459 -7.8318
1.0004 -9.4236
0.2818 0.2927
0.2909 -5.9686
0.3014 1.0041
-9.4423 0.2640
-9.7472 0.2847
0.4468 0.2767
-10.3983 0.2927
1.6486 -7.5789
0.2875 -4.1808
-6.9784 -9.2250
0.2839 0.6569
-6.1372 -3.0813
-3.8319 1.2966
1.3861 0.2836
-7.1479 -5.4082
-8.7381 1.7066
-7.1003 0.2973
-8.7613 -10.2406
0.2762 0.2908
0.2934 -0.0563
-9.3331 1.2967
-8.2443 0.2715
0.8462 1.8482
0.3035 -6.9461
0.8330 1.5083
-9.0631 -9.0914
0.2883 1.2452
-6.3548 1.9314
-8.9345 1.1425
-9.1503 -9.3141
-7.0915 -10.9085
1.8436 0.5276
-9.1873 -5.5658
1.1491 1.3540
-6.2550 -6.3057
-9.2817 -3.7055
0.2954 -9.7248
-9.0660 -9.7129
-7.3813 -7.8267
0.2880 7.3572
-5.7421 1.1994
0.2869 -4.6571
-7.9759 -9.4194
-8.0779 0.2898
-9.4359 -8.5876
0.2648 -9.7818
-11.6031 -7.9182
0.2805 0.2884
-6.0954 -9.7926
5.8370 0.2837
-9.1175 -8.7854
0.2930 -8.8161
0.2965 -9.2742
-5.8803 -8.3174
-8.5798 0.2931
0.2241 -5.1897
-8.2878 -9.4214
0.2881 -7.2409
-4.1216 -7.6018
0.2839 -8.3820
-7.3558 0.2956
1.0638 0.9738
-9.9210 0.3874
-2.9336 -10.0191
0.6610 -1.9523
-9.2367 0.2804
-9.8171 0.2919
0.2948 0.2920
-7.2314 -10.6622
1.6995 0.2640
-7.1602 -8.5304
0.2766 -6.7077
-7.0477 0.2628
2.0406 0.2828
-10.2100 -4.1582
0.2661 0.3021
0.2901 -7.9995
-10.0516 0.3017
0.2807 -4.4522
0.2893 1.0106
0.2764 -3.4153
0.2834 0.2836
1.3472 0.2775
0.2932 0.2845
-9.3391 0.2926
-9.9771 -2.2953
1.0470 0.2769
-6.8637 1.6342
0.2728 1.5371
-9.0845 -8.8055
0.2881 -7.2336
0.8387 -5.3139
-6.9761 -9.7240
0.2929 1.5124
-9.3678 -9.8316
0.2782 -9.0657
-8.6152 -10.1494
0.2722 0.2148
-10.6386 -4.1460
-7.2961 0.7299
-10.0824 0.2698
-6.4435 1.8862
1.8881 1.3710
1.0571 -10.5542
-9.4122 -10.1096
-11.2758 -10.1189
-12.0120 0.2977
0.2887 0.2769
-7.8711 -5.5849
0.2834 0.2877
-8.6553 -10.2620
-6.9844 0.2798
0.2789 -9.3015
0.2911 -8.7673
-7.8052 0.2839
-9.5064 1.6958
0.5946 -8.2942
1.7195 0.2793
1.6792 0.3048
0.2840 -11.4446
0.7962 0.2987
-9.1782 -6.6293
-8.1900 0.2837
-10.7546 1.0178
0.1063 -4.2948
1.1964 -8.4034
0.2890 0.8715
-5.0801 -8.6948
1.3366 0.2680
0.2974 0.2875
-9.2451 0.2871
0.2879 2.0481
-9.7999 -3.7953
-8.3058 0.2835
-4.4373 0.9992
0.3233 -9.8741
5.9235 -10.9321
-9.8896 -7.6364
-9.8119 1.1326
0.8141 0.2964
0.2955 0.2841
1.7851 -9.1054
1.4611 0.2797
1.3369 0.2873
0.8070 0.2752
0.2951 -6.9188
0.3031 -7.2927
1.8071 0.2763
-8.1902 -8.1178
-9.5010 0.2858
0.2816 -7.0620
6.8797 0.6842
-9.9729 0.2991
-8.3947 0.2876
-4.7833 1.6267
0.2899 -5.4036
0.2931 0.2997
1.8411 -9.4800
-5.2626 -6.5663
0.2860 2.5618
-5.0596 0.6075
8.1791 6.6862
-7.5452 0.2761
-9.3812 1.6453
-8.8759 -1.2729
0.8938 0.2795
-7.4953 1.6511
1.3364 2.0266
1.8516 0.2589
-8.9450 6.3387
0.2702 0.2899
-8.7250 0.7825
-9.0500 -6.0532
0.2677 -3.1967
0.9624 -10.2663
1.1073 -4.6430
0.3110 -5.9827
0.1672 0.2853
0.2924 1.9470
1.7371 0.2927
0.2920 0.8655
0.2953 -9.0391
-8.3460 -7.5293
-10.6969 4.7047
-9.1873 1.8688
0.3083 0.2766
1.1417 1.5041
-9.5705 0.2801
-8.8658 0.2653
-9.8101 -8.3234
-9.2880 -9.7746
-9.2905 -9.4988
-11.7647 -8.1832
0.2767 -11.2208
-7.8134 0.4039
-10.8590 0.2942
1.8670 -11.1232
0.5585 -2.7038
-5.8341 0.7737
-9.2081 0.3886
-9.8127 1.2114
-12.0924 -3.3152
-9.8317 0.2725
-10.1070 0.2802
1.7122 -9.7760
0.2800 -3.8129
-8.7667 -9.5723
-6.4337 -4.5736
-8.2760 1.7482
-5.0997 -6.1869
-8.4765 0.3060
1.0040 -8.3016
0.2727 -9.4978
0.2892 0.2907
0.2891 -10.1244
1.0637 1.7239
0.2819 -10.5915
-5.7107 7.9161
0.2950 0.2917
0.2826 0.2991
0.3014 -9.0796
0.2839 1.5831
-8.1945 0.2789
-7.9737 -8.2819
-5.9863 0.3725
1.3166 1.1115
0.2754 -6.4509
-5.6307 2.0656
-9.3398 0.3046
0.3313 1.0929
-8.6867 0.2905
1.7947 0.8964
0.2808 -8.5223
0.4497 0.2902
-6.8239 -10.2849
-10.8756 -9.8432
0.2916 0.3074
0.2809 0.3057
-9.5742 -6.0895
0.8368 0.2855
0.2925 0.2918
0.2861 -10.2179
0.2967 0.2757
0.2850 -11.0572
0.2832 0.9504
-4.7068 -10.7010
-8.3341 -9.2090
0.7748 -4.3112
-9.5918 -10.4320
-9.3148 0.2764
2.0268 0.2816
0.2893 2.3092
0.4278 -10.6585
-10.1487 0.3003
0.2807 -8.7343
-10.0215 -8.7212
-8.6227 0.2675
-10.0034 -8.8626
-6.1912 -8.0454
0.2803 1.1352
0.2998 0.2803
0.5274 1.5475
0.2791 1.2997
-11.9120 1.3377
0.2915 2.5167
1.4403 -7.3935
1.5458 -10.0233
1.3463 -8.6399
0.3042 1.1062
0.2793 0.2974
0.2794 -10.0780
1.0604 0.2953
-7.2747 5.7913
1.2446 1.5464
0.2851 0.2999
-8.5877 -7.1668
-8.7726 0.2850
0.8345 0.2984
1.2979 0.2881
0.2901 -7.0696
-3.5458 0.2904
-6.2806 -8.8292
-8.8810 -3.7188
4.1065 -6.6967
-1.9269 0.2975
-8.6933 -10.3888
0.5404 -9.0184
0.2953 -7.6753
0.2869 -5.1790
0.2873 1.2936
0.2983 0.3012
0.7955 1.3183
2.9244 2.0282
0.2760 -5.1784
-7.6291 6.1980
-9.8944 0.2941
1.4385 0.2903
1.6637 0.2770
0.3001 0.2780
-8.9860 -9.9255
0.2903 -5.3417
0.2908 -10.3491
-6.3103 -9.3982
0.2838 -9.5186
0.2787 0.3172
0.2938 1.4710
-7.3196 -5.9083
0.9377 -5.2141
1.2811 0.2814
0.7283 -9.3111
1.0769 -10.0216
-9.2048 1.1544
0.2900 -3.5065
0.2870 -2.9523
-9.7003 -7.9449
-0.5898 -10.3395
-5.4491 0.2769
-12.5742 -8.8947
-10.2528 -9.3664
2.3664 -8.5864
0.9248 1.4474
-10.5367 1.0681
0.8805 0.6867
1.2632 -12.0944
-10.2619 1.2788
-8.8493 0.2873
-6.2490 -4.5936
1.1753 2.0193
-11.0615 -8.2662
2.1666 1.4175
-6.4585 -7.6762
-8.7987 0.2934
-10.4644 0.2834
-8.6316 0.2825
-8.2257 -9.8824
0.2826 1.8149
0.2878 1.7526
-6.8456 0.2674
0.2752 0.3104
-6.8617 -8.8561
-5.8705 1.7307
0.2992 -10.3082
-6.8840 -10.1664
-4.8818 -7.6015
1.3009 -11.2090
0.2925 0.4458
0.2956 0.2942
-5.9440 -4.4336
0.9783 1.9778
1.3244 -9.3784
0.2900 1.1997
1.6861 -9.6473
0.2968 -4.2060
-4.0321 -9.9370
-2.9579 0.3016
1.3837 1.0163
-9.8663 0.2802
0.2757 0.2726
-10.4653 0.2811
1.3480 0.6336
0.3004 -7.0399
6.0297 -9.8788
-10.9552 -7.8107
1.8738 -8.7828
0.2763 -10.7255
-10.4713 -9.7848
1.3146 -6.8234
-10.4293 -10.3946
-9.0007 1.0952
0.7689 -9.7601
1.9451 -9.5639
-10.1139 -6.2887
0.2821 1.0491
-7.7618 -9.2655
0.2906 1.1657
-6.5162 -3.0691
-8.3193 1.3094
0.2814 -9.8218
0.8855 0.2853
1.1576 -9.5869
-3.5675 -10.2415
1.0784 -8.0366
0.2874 -9.3842
0.2916 -8.0837
2.4621 0.2811
-10.0990 -9.0926
2.5763 -6.1205
0.2940 1.3789
1.3773 -8.8056
-5.3072 -10.0518
0.2938 0.3009
4.9867 -5.3781
0.7886 -8.7496
1.0561 0.2970
0.2829 -8.5645
1.7093 0.2794
1.3886 -5.9288
-8.5456 0.6991
0.2759 -7.0029
0.2791 5.4387
-9.0261 0.2805
-8.2614 1.6473
0.2767 -8.0204
0.2897 -7.7539
0.3066 0.2848
-9.1938 -9.0551
0.2818 -9.6510
0.2784 2.1630
0.2614 0.2747
-4.1908 -8.5695
5.7556 0.2886
-8.4468 1.5518
-5.6462 1.6724
0.2881 1.3665
0.2856 6.1837
0.9141 1.2608
-9.5537 -6.0637
-8.0141 1.4495
0.2987 -7.9580
0.5663 0.2803
1.3046 0.2858
4.7871 -5.9053
1.0601 0.3139
0.7653 2.3308
0.3035 -8.4190
-4.9990 -8.2261
1.2680 2.0330
0.3043 -5.8222
0.2880 2.1485
-6.3135 -10.0875
0.4320 -7.9757
0.2666 1.1382
-8.3660 -6.3373
0.9766 5.6641
0.2867 0.6897
-10.7007 1.3169
0.2889 0.2728
-6.1561 1.5997
-9.8657 -9.4013
-7.9606 -7.7411
-9.6719 0.2926
-5.4560 0.9617
0.2841 1.7906
0.2710 -8.7342
0.3089 -5.5243
-9.5030 -10.3785
0.2860 -10.6438
-7.0334 0.2788
-7.8378 -9.8403
-5.5603 -9.8005
0.2741 0.2731
0.9082 0.2997
1.5603 0.8799
-9.3217 -6.7606
1.6113 -9.3841
1.5133 5.6539
-10.7410 2.1611
-9.3864 -10.0399
-9.5272 -6.5231
2.2649 -6.6882
1.2401 0.2882
1.6367 -9.6780
0.2870 1.0512
6.3418 -8.3478
0.2898 0.7827
-7.6469 -9.3779
0.2736 0.2569
1.2955 -5.0278
-8.3979 0.2680
-9.6441 0.6004
-9.0945 -3.6305
0.2950 -7.0592
0.4551 -9.3336
0.2739 -5.9057
1.8987 -8.1443
1.9381 0.2937
-10.8155 0.3701
0.9967 -9.5029
-8.3933 0.2900
-9.6502 1.3507
-9.2364 1.4584
-8.6086 0.2734
0.2800 -7.0402
-7.8475 0.5969
-9.1777 -7.9998
0.2870 0.2956
0.2796 -2.6067
-10.6367 -7.7436
0.2790 -8.7929
-9.8018 -8.1285
0.2896 0.2794
1.8683 1.9503
-6.7250 1.9832
-3.4693 0.8572
0.2881 -9.5973
-9.9332 0.2692
0.6820 0.2804
-7.5529 -2.9425
1.0561 -8.4586
1.1863 -9.1842
0.2687 -4.2091
-4.5483 0.2942
1.3762 -9.5582
-7.9556 -9.1306
-6.3347 0.2895
0.5753 -8.4967
0.2887 0.2741
-6.2643 0.2944
-8.2733 0.2933
2.3729 -9.6831
0.2971 1.0597
-1.7980 0.2869
-8.2212 0.2826
-10.5197 0.2805
-10.1146 -8.3351
-5.0226 0.2889
-9.4370 1.3497
-9.4038 -10.9314
-9.6107 2.2412
0.2781 -9.1626
1.8045 5.8532
0.2790 1.6132
0.9912 -9.4696
-8.6539 0.2891
-9.4546 -6.0668
1.0460 -5.9163
-5.5846 -6.2434
1.3320 0.1929
0.2886 -8.0704
-9.3673 -5.4682
-9.5888 0.3008
1.6282 -2.4879
1.5358 -9.7676
-11.3799 -8.8091
-7.1154 -8.7971
-10.2654 -10.5704
0.8025 2.3629
0.2616 -3.4269
0.2774 -4.9115
-12.9490 0.9745
-4.3660 -9.1529
-10.3125 0.2714
0.2920 -6.6092
-9.5078 0.2820
-7.8749 -7.3808
-8.4112 6.0658
1.4658 -3.4623
0.2933 -9.5793
-7.1864 0.2884
0.2670 -11.2244
0.2720 -9.8907
0.3058 0.4680
0.2779 0.2813
-6.0370 0.3209
-5.3064 -9.3131
-7.2294 0.2779
0.2883 0.2687
-7.7803 -8.6551
-8.3287 -10.5846
-10.1224 -6.0892
-8.6703 1.3514
-11.4470 0.2710
1.1907 0.9442
0.2845 -5.3700
0.2787 -9.5572
-8.7029 -1.9159
-7.1828 0.3065
1.7566 -4.9111
1.1686 0.8778
-8.8940 -9.0230
-8.6166 0.2842
-7.7695 0.2829
-8.5686 -3.1868
-9.8531 -6.7076
-4.6626 -7.8162
-3.5868 -6.7060
0.2806 -8.9096
1.1558 2.0955
-8.8596 -8.7238
1.7222 0.2927
-5.1269 -7.7931
1.3113 -8.2721
0.2930 2.3826
1.3693 -10.6914
-9.1980 -8.8133
-8.5692 -9.5698
-10.3258 -9.0932
0.2812 -6.6051
-10.9332 -6.9740
-6.7695 -9.8667
0.3636 -6.4731
0.2682 -7.7543
0.5221 0.8104
0.2945 -8.4726
-9.1270 -8.8522
-2.8043 0.3078
-10.1239 -9.9580
0.9871 -4.5693
0.2928 0.2971
-10.4516 0.2872
-9.9516 -10.5927
-9.1975 -8.6910
-8.8887 1.9900
-8.1332 1.2469
0.7213 0.2803
0.2894 1.1826
1.7921 1.3361
0.2742 -8.9414
-5.2592 -7.7020
1.2786 -5.3878
0.2868 0.2720
0.9002 -8.8212
0.2837 0.2839
0.2743 -5.1788
-10.7179 1.2431
0.9808 -6.1636
-5.0613 -8.3686
0.2969 0.2805
0.6546 0.2873
0.2842 6.4613
0.2867 0.2963
-6.4381 -7.4657
1.3869 0.2952
0.6368 -6.1118
0.2980 0.2864
-9.2714 5.8955
0.3037 0.2899
2.0542 -7.4776
1.4866 1.1556
1.7920 -9.0972
-8.5140 2.3025
0.2818 -4.2757
-5.5738 0.2908
-6.9551 -10.4368
-10.1071 2.1990
1.2453 -7.3924
0.2953 -9.1213
0.2800 0.9141
-4.6307 1.7041
-11.4428 0.2781
-9.4602 0.2829
0.2720 0.8660
0.2918 0.2988
0.2814 -5.2030
2.4215 0.2813
0.3895 1.5827
-9.7817 4.4023
-11.1186 -4.7846
-5.8929 1.5279
-6.6182 1.7180
0.2954 2.9670
1.7039 -9.8620
1.5913 -9.3034
1.2448 -0.1397
0.2923 0.7001
-8.9667 0.2665
-9.2243 0.2951
-8.9021 -2.4768
0.2927 0.2992
-4.8429 0.2993
-9.8477 1.7499
-6.6137 0.2801
1.3063 -7.4056
0.2820 0.2950
0.2902 0.4587
0.2899 0.2935
0.2670 1.3706
0.3014 -7.0455
-7.1233 0.2926
0.2710 1.7224
0.2841 -9.5883
-8.0207 -9.6972
1.7484 -9.6075
0.2864 2.0885
0.2646 1.7136
0.2876 1.9172
0.9120 0.9753
-8.5073 0.2923
0.2960 1.5016
0.2883 0.2893
-9.8274 0.2852
0.2681 0.2779
6.5548 0.2881
2.0765 0.2966
1.5676 -7.1660
-9.4183 0.2722
-7.1379 0.2705
1.6432 1.4525
-7.2106 -4.6487
1.9893 -7.6858
1.4257 -6.4716
0.2977 -6.5953
-10.1824 -5.6712
-5.8165 0.2968
-8.3327 -9.5291
1.3108 -9.3548
-6.1365 0.6646
-8.7020 0.2873
0.2927 0.2841
0.9478 -8.4212
0.3063 2.0909
0.2847 1.9578
-9.9759 0.9903
5.3348 0.2798
-9.9695 0.2815
0.3011 0.2846
-9.9792 2.0688
0.2830 1.7237
0.3095 1.8126
1.1709 0.2932
-10.9368 0.2876
2.0067 0.2828
-10.5338 1.1989
0.3099 0.2885
-9.0313 -8.6325
-8.7820 -10.5312
0.2849 -2.0683
-6.0555 -6.4946
-9.5156 -9.1009
-9.9622 -6.4389
1.3366 0.2799
0.2851 1.5084
-8.2596 -7.1501
0.2780 1.1817
-2.3542 -9.1878
-10.5599 0.2714
0.7304 0.2910
0.2816 0.2783
0.2651 -9.0464
-5.2760 -8.7990
1.3145 -10.8123
1.7644 -11.3664
-8.7786 -11.2059
0.3083 0.8217
1.2730 0.3073
-10.6473 0.2962
-7.9557 1.7428
-7.8240 -9.8498
-6.5580 0.2843
1.1791 6.9442
0.2849 -7.8498
-5.4822 0.2850
0.2731 0.9658
-9.5823 2.4599
0.2968 -10.0499
-5.0418 0.3022
1.3908 0.2864
-10.3441 -8.2371
0.2870 0.5138
1.0879 0.7234
-9.9251 -7.1332
-4.2384 -10.6620
-10.2791 0.2947
-9.3264 -8.5516
-10.3608 -8.4621
0.2866 -7.1893
0.7087 1.7549
0.9299 1.2171
0.2929 0.6954
0.2818 2.1849
0.2673 1.5472
2.0458 1.2990
0.2943 0.1629
5.2713 0.2758
-10.1208 -4.2892
-6.9042 0.2839
-10.0435 -9.4374
-6.4795 0.2882
-7.7980 0.2769
0.2986 1.2684
-9.2988 1.7357
-8.4585 1.6678
0.2758 -8.3710
0.2909 1.7470
2.0227 -9.3292
-8.1551 -5.9626
1.9756 -4.3197
-9.6547 -1.7111
-4.2262 0.2898
-7.0653 0.2947
0.2888 1.4880
0.2690 0.2756
0.6344 -9.6431
0.2862 0.2916
0.2835 -7.9475
2.0325 0.2776
1.2436 1.4767
0.2864 2.5909
1.6650 6.1126
0.2953 2.5113
0.2877 -3.0282
-9.6610 0.2887
0.3030 -9.9632
-10.6089 1.7320
-8.1852 -5.6045
-10.3299 0.8660
0.2672 0.2819
-8.9416 1.0129
0.6067 -8.7006
0.2635 -9.5017
-9.7944 0.2775
0.2815 0.9847
0.2572 -9.7625
-7.0445 -9.7866
-9.1261 -9.3884
1.1489 1.6623
2.0880 -9.8197
-8.8681 1.5145
0.2874 -10.2714
1.7095 2.1139
0.3190 -9.7443
0.2930 -10.3036
-9.5486 -3.5225
0.3105 0.2753
0.2952 -10.1880
0.2870 0.2917
0.2836 1.2228
0.2911 1.5942
-10.1575 -9.0023
1.2020 1.8438
0.2898 -9.4313
1.9651 -9.1442
0.2832 -7.3842
0.2764 0.2915
-10.6604 1.4061
-9.6140 -9.0914
0.2824 0.3234
0.6805 -5.5128
0.2743 1.3924
-8.6283 0.2884
-6.5881 1.1418
0.3020 0.3055
-9.4636 -6.9255
0.3038 -8.6784
0.2813 -5.7481
0.2761 -7.9722
-6.3840 1.3847
1.4160 0.2828
-8.2255 -7.2757
7.5312 0.2763
-10.1976 0.7020
0.9605 0.2715
-9.3661 4.4401
-5.5982 -11.8279
0.2885 1.2074
-7.6542 5.0245
-7.1897 1.0513
0.2819 0.2860
-8.3719 -3.1374
-9.2705 -8.3678
-8.3360 1.8446
-5.0436 -3.3979
1.7858 -9.4417
1.3825 0.2647
-9.3862 -9.9838
-10.7585 -9.6064
0.2929 -8.8279
-7.7706 0.2884
-10.1970 -9.7839
0.3050 1.4737
0.2879 -5.3589
0.2928 0.2855
1.1089 -10.1493
-8.9157 1.1801
-4.4304 -3.8769
-9.5985 -11.0471
-7.7345 5.5268
0.2849 0.2821
0.2821 -3.8205
1.7571 0.9876
0.1326 0.2872
-10.1108 0.2800
-7.1902 -3.9731
1.7762 -8.0540
6.5451 -9.6352
0.2816 0.2872
-7.7104 -3.6246
-9.5907 -7.4869
2.3767 0.2883
1.1537 6.7513
1.2582 2.1268
-9.0816 -8.0431
0.2743 -8.7293
-9.3793 -6.6834
0.2565 -9.9078
2.3128 0.2872
1.8632 1.1222
0.6565 -4.6285
-5.7611 0.2884
0.2852 0.9247
-10.2402 0.2803
0.2975 -4.2449
-9.3210 -8.6638
-9.1834 1.1068
-10.0001 1.4247
-4.9818 -11.5918
0.6119 -4.5367
0.3061 5.6862
1.8708 -9.3083
0.2893 1.6017
1.6728 0.2745
1.5068 0.2976
0.2891 1.0700
0.2667 0.9656
0.2793 -9.5307
0.3052 -7.9870
-7.6802 0.2824
-9.6887 0.2826
-9.8166 0.2729
0.2809 -6.0092
-8.6348 8.0350
0.2911 6.4059
-6.5894 0.8259
5.4377 0.3010
0.2663 -5.4848
-9.6670 0.2864
1.6377 0.0601
1.5185 1.2247
-9.9363 -9.0000
-10.1851 0.2703
0.2939 0.2815
-10.9406 -8.8763
0.2841 0.3050
-10.0058 0.8428
-9.6403 1.6601
-10.6606 -10.7173
2.0994 1.4915
1.2515 -8.3502
-10.6676 -9.6090
0.8388 0.2752
-9.6694 -8.5001
-10.4446 -9.1152
-9.6874 0.2892
0.2794 2.1829
1.1910 0.2622
-6.9432 -5.8273
0.8584 0.6449
1.3386 -6.6432
1.4288 -9.0054
0.2918 1.2040
0.2720 0.2690
-9.6110 -9.9202
1.0037 1.0218
-6.8179 0.8560
0.2788 2.0511
-8.4176 1.8503
-8.7907 -9.2778
0.2832 -7.0912
-5.7698 1.8670
0.2766 1.4253
-6.0909 -11.9122
0.7613 0.2904
0.2749 -7.9637
0.2786 0.2776
0.2738 -6.5590
-9.0145 -7.0971
0.2805 -9.4621
0.2823 0.6756
0.2909 -9.0047
-9.4114 0.2997
0.2875 -8.7848
1.8372 0.2824
-8.5535 -5.7878
-9.2040 -7.8475
-6.3844 0.2753
0.2949 0.2738
1.9306 0.2911
1.9353 6.4873
0.3045 -2.1930
0.2843 -8.5871
-8.2122 0.2833
0.2879 1.5678
0.2755 -8.4145
0.2818 0.9738
0.2874 0.2956
-9.4822 -6.5603
-1.9188 -9.5977
-6.5315 0.2770
-10.4206 -6.5744
-1.4941 -6.5435
2.3538 0.2756
0.2841 0.3063
0.2942 0.6286
0.2890 -6.5353
-9.1779 0.2988
1.5286 -8.4618
0.2759 -11.1311
0.9467 0.2756
-9.1375 0.2786
0.2713 0.2856
-6.6341 0.2971
1.1796 7.0421
0.2929 -4.8288
-9.1035 0.2890
2.2446 -9.4813
1.7354 1.8048
1.0194 -4.8971
-3.7736 0.3041
-10.7407 -3.1008
-9.5744 0.2847
-9.2739 0.2748
-4.2059 1.7090
0.2934 0.2889
-8.4438 0.8898
0.7122 -9.0583
-12.5969 -3.2914
1.1647 -10.4866
0.2905 -11.2284
1.6735 0.6728
0.3000 1.1421
0.2853 -5.8295
-10.2299 0.2897
0.2823 0.3042
1.4614 -8.7920
0.2900 0.2830
-6.9987 0.9649
2.3489 -8.5372
-6.9719 0.3028
1.1736 0.2858
0.2723 -5.5516
1.2947 1.0243
2.8410 -5.9454
-10.5837 0.3016
-5.7535 0.2820
0.3081 -9.7152
0.2912 6.8289
0.2859 0.8707
-4.3562 1.0693
-6.5317 -5.3576
0.8333 -7.8552
0.2629 -7.5272
-6.2469 1.5582
-9.7690 6.6171
-10.0007 -5.9983
0.2772 0.2861
0.2863 0.2873
-6.6531 -8.8984
0.2865 -10.7279
1.6435 1.9925
-8.9867 2.4829
-6.3882 -10.5290
0.2897 0.5910
-5.5596 1.7719
-8.5371 0.2793
1.5403 -6.9079
0.2844 1.7418
-9.0700 -9.8692
0.2927 -7.5570
-10.3873 1.9388
-10.9869 0.2764
-10.1263 -9.2901
1.6682 0.2911
6.4584 1.4735
-9.2358 0.3013
0.2920 -10.7799
-10.3354 0.2796
1.3437 2.3574
-9.4048 0.3006
-7.9657 -9.8851
0.2810 0.2875
-9.0620 -8.6672
0.2710 -9.3028
-4.0737 -6.4546
1.6831 -7.8073
0.2839 0.2983
1.0089 0.3001
-8.6842 0.2823
0.2849 -5.5293
-10.0472 -6.2885
1.4191 -7.4769
-9.4715 1.1008
0.6755 0.2952
3.1980 -6.5559
-8.3930 -10.3388
0.2731 -10.4795
1.0718 0.2823
1.5185 -5.5466
-8.1167 0.2689
-10.5936 -8.0169
-6.5587 0.3036
-9.8364 0.2899
-5.1072 0.2701
-1.8082 0.7823
-6.6360 -9.7078
-7.0792 0.2874
0.8722 -7.2335
0.3974 0.2687
-8.6685 1.1588
0.2784 0.3031
-6.6818 -9.0032
0.2932 -5.1679
-7.6999 -8.7407
-5.3758 0.3020
-9.5135 -12.2012
-6.7234 -5.7938
-8.5763 -8.3014
-8.7789 1.3582
0.3126 -7.2787
0.2863 0.2974
0.9735 -4.1236
-9.2102 2.1592
-7.0635 0.2749
0.6490 0.2899
-7.8737 -9.9256
0.2879 0.2735
-9.6207 0.2820
1.7122 0.2904
-5.6201 0.2865
6.7073 -5.5112
-9.9879 0.3023
-8.9683 5.9645
1.9305 -7.1450
-9.2452 0.2963
0.3995 1.0323
0.2725 -7.9530
3.1516 -2.8324
0.2829 -9.7523
-8.7611 -7.7016
0.2825 0.2984
0.2980 1.0914
0.2781 0.2751
-5.3835 0.2952
1.5313 1.6664
-10.5035 -10.7412
0.2800 -6.7912
-9.1448 0.5998
-9.9401 0.2900
-10.3023 -5.4424
-10.6233 1.1337
-9.3618 -9.6544
0.2949 -1.9806
0.2870 0.9052
-8.6496 0.2904
-5.6336 0.2898
0.2843 0.2808
0.3074 -2.8825
-9.2287 -9.1150
1.1465 0.7537
0.7572 0.3077
1.2121 -4.9420
-8.8228 -9.3424
0.2712 -12.8875
-9.5634 -7.6944
-6.3383 -10.6534
-9.1177 -0.2998
-9.0071 0.2856
-6.9846 0.2872
0.2853 1.8571
-5.0145 -8.5288
5.3765 2.0774
2.0057 -9.4462
-10.2852 0.2757
-9.7490 -9.2385
-4.8010 0.2805
0.2875 0.2910
-7.9503 -3.3731
1.8573 0.2910
2.8418 1.7638
1.3350 -7.4844
-5.1822 0.2839
-7.4847 0.2935
-4.6323 0.2985
-9.1834 0.2838
0.2620 -5.5780
-9.2107 -8.6626
-9.6927 0.6648
5.1257 -10.4097
1.3016 0.4951
0.2994 0.9445
-5.3978 0.2969
0.2749 -9.6294
1.8952 -3.8759
-9.4097 0.3378
2.6576 -5.9518
-7.7039 -9.6997
-4.1822 -6.6925
1.7287 5.6678
1.5902 -8.8751
1.0917 -9.8328
1.6306 -8.6265
1.4211 -10.2714
-6.3165 -7.0439
-3.3129 0.2986
-0.7729 -6.4937
-8.7945 -7.2278
1.1805 0.6670
1.2385 -8.1372
-8.5101 -6.4954
-5.0348 -2.8196
-6.9791 -7.7422
-9.8693 -6.4634
-7.2880 -7.5945
0.9533 -8.8707
0.2949 -9.4131
-9.8894 1.6840
0.2620 -5.1543
2.4022 -8.9715
-5.5844 0.2872
0.2861 1.6003
0.2776 0.2784
0.2730 -6.5881
-8.5716 0.2790
-8.5164 0.2774
1.0929 0.2729
0.2741 -6.0991
0.2897 0.8912
1.4537 0.2955
-9.4815 -8.3180
0.5631 -10.3531
-6.7121 0.2710
-7.2196 0.3092
-4.8866 -5.8678
-8.9359 -3.9940
1.7615 2.6039
-9.6916 -4.9959
-9.3078 0.2921
-9.4927 -4.0451
0.2958 0.2881
-9.1619 0.3945
0.2797 -11.3204
0.2836 -5.7049
-5.1042 0.2843
2.1526 -8.5878
-8.4938 0.2738
1.8766 0.7551
0.2983 -10.7296
-8.1922 0.3030
0.2710 -6.6268
-7.0067 0.2777
-9.6519 1.7068
-9.0375 -9.0211
-10.9506 0.2972
-8.2571 0.2786
1.0718 -9.6394
-8.8670 0.4019
0.9094 1.7674
-9.1109 -10.4988
0.2843 -9.7682
1.2037 0.2990
-9.1945 0.2628
-7.1919 1.2855
2.2306 -10.0524
0.9552 -8.8920
1.8655 0.4213
-10.0359 -9.1963
-4.3217 -7.0880
0.2712 -8.9586
0.2939 -11.4235
0.3046 1.9677
2.2376 0.8722
0.8020 0.3003
-7.9300 1.6127
-9.4727 0.2779
-6.5680 0.2809
0.3013 -7.7698
0.2901 -10.0647
-4.2708 -10.5133
0.2870 1.2176
1.4838 -4.0657
-10.1711 0.2905
-6.3151 -3.2821
-3.3618 6.1627
0.5664 -3.2808
0.7867 0.9128
-3.8151 -6.6791
-0.6032 6.3869
6.5501 -8.0035
1.0853 6.4966
-1.0791 -3.3253
6.3598 0.7125
-5.9965 -1.9276
-3.2640 6.1353
-3.2192 -4.7863
-6.2030 3.4815
-5.3358 -6.8935
6.1270 -3.4450
-0.3578 6.1277
-3.3863 4.2003
-3.4627 -4.3669
-3.3353 -6.5416
6.1808 -4.5709
-3.3074 -6.2889
0.5969 -9.1209
2.1336 -3.3410
-1.0611 2.5499
-3.3036 -7.7186
-7.6665 -3.3230
1.9723 -2.8866
6.0671 -7.0871
-4.6619 -8.4568
6.4373 5.9675
-3.2691 -3.4444
-3.2815 -2.9302
1.3372 -3.5321
-4.8114 -3.2543
6.3182 1.9676
6.1805 -6.9375
6.4803 6.4061
3.4454 -9.7835
-3.4433 -8.8023
2.0661 -4.4343
-6.3771 -3.3221
-3.4467 -3.3942
6.2828 3.8388
-3.3463 -7.9086
6.3821 -0.0298
3.7974 -7.0732
-0.7193 -4.3682
-3.4556 -8.4123
6.4885 -0.3135
-5.4453 2.6313
-3.4095 -3.2139
-0.5228 0.7837
0.1539 -5.0555
6.1696 6.3785
-8.9277 -3.3842
-3.2311 -5.8760
0.5402 2.3148
6.7055 0.0136
6.4137 -3.4448
-5.1385 -1.0861
-3.4536 0.7914
-3.2984 0.4020
-3.4707 1.0093
6.0785 6.4224
-4.3079 -1.0723
0.5532 5.9178
-3.2668 -3.5664
-3.3956 -2.1404
6.2906 -3.4371
-3.4644 -1.4324
-10.3287 -3.3542
-3.0406 -2.9943
-3.4044 -3.3717
6.3783 -3.4139
-4.6104 -3.3914
0.7141 0.6663
0.6608 -3.4335
0.7053 0.4341
-3.2773 -3.4229
6.8434 -3.4064
-3.3994 6.4262
-3.3394 1.5255
-2.9538 3.4675
-3.3651 -3.2958
-6.4540 -3.3127
-3.4153 -8.5759
2.0097 -3.3076
3.7865 0.3809
-3.3746 6.0676
6.4889 -6.1570
-6.9979 -4.3004
6.1292 -0.1547
-3.3546 -7.1684
-3.3325 6.2593
-1.3067 2.5186
-3.3403 6.2671
0.9763 0.5703
3.4097 4.7096
-2.3464 -2.1637
-6.8721 -1.7636
1.4677 -5.9205
6.3052 6.2713
6.6707 3.1386
5.9312 6.4219
1.0925 -9.2953
0.7094 6.2778
0.5526 -5.2208
-3.3168 -3.4365
0.6616 -3.3964
6.2519 -5.3891
6.3081 -5.5979
3.8817 -4.7471
6.6303 -1.8966
-1.1333 -8.3076
2.9920 -3.4021
-3.3051 1.6304
-7.1317 1.4507
1.3474 6.2676
-7.6716 -5.4163
5.9976 -5.7542
-3.4100 -3.4127
-4.1735 6.2234
-7.5215 -0.3869
-6.2961 -5.5948
6.7633 -7.9807
6.1168 -6.2341
-3.2737 2.7270
-8.6538 6.7151
-6.1720 -3.4643
2.4792 -3.1939
6.7174 1.4068
6.1463 -3.3475
-6.4331 -4.0256
-3.3027 6.2636
6.0628 -7.9064
6.4014 -3.4814
6.1984 -6.0437
-3.4122 -6.3861
-8.4162 0.3253
-3.5603 -5.1925
5.0619 -0.7617
6.0764 -6.8793
-3.3734 -3.3149
-8.4958 -10.2609
6.3733 2.2469
-5.8431 -4.3880
6.2982 -0.3407
-5.4272 -3.4145
-3.4496 -7.0468
-8.0530 -3.3797
-6.9239 -7.5062
-3.3050 -8.6154
1.7505 -3.3164
6.3563 -3.4144
-3.4183 -4.6188
-3.3795 -5.9604
-1.4407 -3.3377
6.5425 2.7521
6.1474 5.9727
-4.0235 -6.1237
-8.7970 -2.0819
-5.1080 5.9885
-4.4765 -5.7420
-3.3132 2.1818
0.9592 -9.9985
1.8891 6.4539
3.0856 5.9672
0.5624 -3.4176
-7.1626 -3.3654
6.1438 -3.2937
-6.2091 -3.3592
-4.2373 1.3437
6.6869 -3.1369
-3.3985 -7.5581
-8.6718 -7.5239
-3.4000 -7.1124
-3.3035 -2.5245
-0.2490 5.9309
-9.6622 -5.7966
-3.4912 0.7266
6.1692 -4.3476
-1.8462 -4.5116
-3.3987 -5.8978
-3.4808 6.2478
-3.3605 -3.3364
-7.2793 -1.2933
6.1835 6.3937
-4.3191 -9.2649
-3.3529 6.1763
-5.0706 -3.5623
1.5879 -3.3046
2.7873 -3.3534
-3.3348 -2.8820
0.5929 -8.1894
-7.1079 3.4818
6.3768 -3.3754
6.0202 -0.9505
6.4065 -3.3779
-0.7953 -1.8884
-3.3830 -3.3086
6.1927 6.5140
-6.6964 -5.8466
-3.4433 3.9789
-3.4339 -1.3354
-0.3425 -3.2781
-3.3356 -6.2013
-3.8985 6.0309
1.7147 -4.7586
-11.7678 -8.2243
-3.3479 6.0318
0.4060 -6.6461
6.3361 1.5575
-3.4496 -6.3599
-3.3504 -6.3179
4.2411 6.0767
-3.3853 6.3542
6.2633 2.3729
-3.3524 6.1464
-3.4088 -1.0162
6.5626 -3.3707
6.4397 6.4913
1.3187 -4.3079
-7.4099 6.2957
6.0468 -1.9397
-3.3483 -3.3029
6.7866 -5.1518
-6.0290 -3.3709
6.3446 6.1878
-3.3306 -3.2126
-3.4499 -9.9338
-7.9684 -2.1658
-3.3816 -6.3602
6.2293 6.3023
2.0200 5.9930
1.5030 -7.2585
-3.4621 6.3422
-3.3204 6.6240
-4.8366 6.3022
6.6912 -3.2428
-7.7758 6.5338
-3.3892 -6.0999
3.6472 6.2488
6.3140 -6.4819
-2.9299 6.5396
-3.2680 -3.3959
-7.5724 2.1934
-3.2400 -3.3861
-5.8551 -6.3929
-6.3812 -6.2188
-3.3885 -3.4000
-6.7737 -5.5481
-4.9709 -3.4374
-3.3145 0.5081
6.2406 -3.4330
-4.8935 -3.4954
-3.1372 -3.4447
3.9566 -3.3775
6.0173 -8.9926
-4.7962 -3.2366
1.6226 6.5366
-3.3810 -6.9251
-3.4365 -5.2487
6.6404 -3.3061
-3.8144 6.1723
3.5379 -3.1709
-3.2570 -8.3886
-6.3041 0.8857
6.3201 3.8480
-3.6391 6.3492
-3.4955 6.3377
1.2747 -3.4428
-3.5026 -8.6250
-4.1492 1.9867
-3.3407 6.3202
-3.3656 -5.3227
-3.3398 -5.0093
-3.4445 -0.8535
5.9344 -3.2785
-5.9491 -3.3827
0.7761 -4.7036
6.6901 6.0933
-0.9462 5.9965
-1.3025 -3.4506
-5.8533 -0.5203
6.5492 -3.4086
2.7722 6.5211
2.7899 6.2534
6.2536 -3.2884
-3.4388 -3.3445
5.9899 -3.3762
0.2719 -4.4771
-7.7182 -3.3292
-3.3932 0.7924
-3.4611 1.9291
5.9842 -3.2742
-7.1040 6.1081
-3.3994 6.1486
1.4625 6.4003
-3.2357 -5.6686
1.3111 1.2699
-6.3647 -7.0576
6.3194 6.3375
-3.3804 6.4989
-3.4007 -3.3970
-0.0865 -5.5675
-3.9186 0.5682
-3.4327 3.6078
-8.0475 2.7025
4.5999 -8.1064
6.3742 5.0468
-3.3156 1.2993
6.4793 -3.4765
2.5486 -7.5742
-8.9496 0.7741
-4.3900 6.3151
-3.4494 -3.3892
6.3655 -8.3188
1.7698 6.2545
6.0491 -4.3905
-3.2886 -6.0613
-1.1087 -6.6714
-3.8816 -7.2440
5.5746 -4.8869
-3.3289 -4.1018
-7.6801 -3.4120
3.6476 6.0874
-7.7650 6.2564
6.2072 6.4802
-0.4800 -7.3846
-3.3484 -9.8545
-7.5085 -3.2563
2.7694 -3.5064
-3.3385 -3.2487
-0.5627 4.3891
6.5255 -3.3573
2.0985 -8.1331
-5.2659 0.4276
-3.3078 -3.4277
3.0336 -7.1771
-3.9850 6.5726
-3.3186 -3.3411
0.4011 -5.0450
0.6860 6.2708
1.1352 -9.0584
6.3201 6.5288
-3.3806 -9.0218
-3.8483 -8.7051
-3.0164 6.2701
-3.3814 -3.3583
-3.2740 6.1536
3.6546 -3.3427
-6.6836 6.3444
6.4179 -6.5358
0.3757 -3.3901
-3.4677 -4.5530
-6.8951 -7.0989
-5.9296 -8.9374
-3.3833 -0.3166
6.2462 -6.1809
6.5351 -3.0476
-1.2698 3.4665
-3.5288 -8.9265
0.2990 -3.2470
6.4640 -7.4011
6.4598 -3.4777
-3.4312 0.9693
3.9507 -3.4054
0.6243 -3.3083
-1.3783 6.3067
6.4928 -3.3119
-3.3737 -3.3950
0.2882 -3.3158
0.7511 -6.6534
6.2127 -3.3048
-3.3154 6.1597
1.2126 -3.4387
-3.4698 -8.3440
6.1942 -3.4766
-3.3004 6.2529
-6.9344 -3.3699
-3.3409 -3.2680
6.5609 -5.9249
6.3416 -6.9039
5.9693 -1.4941
-5.9411 -3.3096
6.4511 6.4058
-6.1265 6.0044
-1.1731 0.5551
-1.6628 6.5355
2.3838 -5.5095
-3.2312 -3.2708
6.5786 -3.2990
-3.4608 6.3045
5.9735 2.2609
-1.2650 1.1482
6.1417 -6.8153
-3.2968 -3.2797
-3.3443 -7.3553
-4.8428 -2.6642
6.4870 -5.9285
-3.4211 -6.7924
0.5942 -3.3643
-7.5361 4.1141
6.3895 0.3573
6.3246 -3.4905
-5.2849 -3.3161
-3.3328 -3.4292
-3.9645 -4.3620
-3.3427 -8.4948
6.4278 -1.4568
-3.3560 -6.0845
-5.1706 -5.8973
0.0455 -8.2605
6.1832 1.8625
-3.3638 -2.8675
-6.8648 -8.8644
6.3503 -3.3414
-5.9437 -7.5330
5.7203 -7.2430
-9.6162 6.3484
-4.4683 -4.8932
2.4062 5.7773
-7.4416 6.2317
-6.3182 -1.9174
-5.3706 -3.3149
0.5551 6.1363
-5.7376 6.7067
-5.6215 -10.8162
-3.2114 2.5662
-3.3417 2.5825
6.3070 0.1767
-11.7685 -4.9805
6.4346 -3.4333
-3.3878 -6.4236
-5.8151 6.1406
-3.3043 6.2120
6.2926 -7.2024
-3.1899 6.4718
-7.6315 -3.2873
1.1691 -6.9460
4.2516 0.9079
-3.3636 6.3940
-3.3855 -2.5619
6.0450 -7.9002
-3.3742 6.1777
-6.0336 0.5984
-3.3472 0.2810
-6.9615 -3.3837
4.1819 -8.0258
-3.3391 -3.2491
-3.8132 2.5918
-3.4582 6.3892
6.1631 -3.3004
-6.6885 1.8069
-7.9970 0.1394
6.1779 6.1578
0.9762 -3.9671
-5.3315 -7.5772
-8.2228 -3.2906
-6.6714 6.3371
-4.5027 -3.4250
-8.3192 -3.3700
-3.3465 6.2095
-8.1864 -3.4132
-3.3548 -6.0177
0.2511 -3.3531
6.1976 -5.9315
-4.2555 -3.3730
6.3595 -3.4520
6.5833 -7.3430
-4.2674 -6.1816
-3.4223 6.2433
-6.3296 -5.4136
2.5174 -5.5522
-5.5347 5.9669
-3.3519 -3.4339
-1.6390 -3.3727
-5.8906 -3.2687
0.4266 -4.6536
-5.5188 -3.8223
2.0868 -3.4670
3.2255 -3.2915
6.3818 -4.9815
1.2461 6.2964
-5.1917 -3.4088
-3.0693 -6.2586
6.3702 -3.2964
6.0973 1.7434
-4.2317 -2.7358
-3.4613 -7.5564
-0.7877 1.7436
-11.6814 -5.3537
-4.3425 -3.2985
-3.4291 -6.2689
-4.5846 -6.6199
-5.4899 -3.2638
-5.5890 -8.2376
4.9570 -7.7476
-3.3815 -1.3759
-10.3741 -3.3519
-3.3809 6.4066
-5.9773 -8.9070
5.5584 -3.3173
6.2531 -3.3148
-6.1588 1.4707
-3.3277 -3.4281
-7.2315 -8.3642
-3.3609 6.3004
6.5510 6.4224
-3.1717 6.2035
-9.3623 5.0450
6.1815 6.3529
-6.7049 6.3644
0.6563 6.1835
3.6894 6.4032
-3.2963 -3.4003
-6.4313 -12.4653
-6.6185 -3.5008
0.7820 1.6239
4.7021 6.0309
-3.3663 -3.3259
-3.0019 1.0424
-8.9686 -6.3732
-7.7372 -5.3676
-3.2970 2.1469
6.0222 -3.2890
0.3748 1.4167
-3.3677 5.1032
-5.8692 6.0474
-3.3636 6.5478
-3.4636 -3.4018
6.3385 0.4998
6.7434 6.2550
6.4007 -9.2531
0.0539 -6.3105
-3.3908 -6.7598
-2.8415 -3.3325
-3.4053 -3.3928
5.6409 -5.9358
1.0844 -0.3859
5.8605 6.3853
1.0446 1.1603
1.6235 -4.5034
4.8822 -3.3409
-8.5378 0.6785
-11.2522 -3.4487
1.8813 6.1916
-6.0096 -3.3257
-8.6848 -7.1942
-3.2927 3.2404
-3.4217 -7.3080
2.9587 0.6133
-6.9759 -9.0690
3.7380 6.2564
-6.5260 6.3268
-6.7221 6.4388
2.9907 6.1029
-7.1145 6.7247
0.5165 -3.4329
0.9055 6.4877
3.7680 -7.3751
-3.4170 6.3507
-3.4261 -6.1416
6.3705 3.5965
-7.4196 6.4270
0.6862 -7.7881
-7.7221 2.5155
-3.4272 -3.4005
-8.7565 -7.1459
-6.8339 -2.6464
6.1321 -3.3814
6.3838 -4.1061
-3.4376 6.1713
-7.8439 2.3374
6.3135 -3.2756
-3.3476 1.6916
-8.9971 6.3460
1.5957 -3.3753
-0.1527 6.5178
-3.3131 -1.9740
6.1196 -7.3758
6.6832 2.6002
-3.3097 -2.4212
-6.8162 -3.3292
-7.3075 6.3655
6.1204 -3.3460
6.4287 -2.2865
3.0245 2.9023
-5.9792 6.2665
6.1557 6.3254
-8.2492 6.5676
-3.3092 2.2137
-3.2873 -0.0576
6.1878 -6.4999
2.1149 -6.8165
6.6203 6.0031
1.4607 6.3290
-3.3578 6.5331
-3.3354 -7.1989
6.0805 -4.4315
-0.4098 -6.0716
-4.9518 6.7101
-3.3971 -3.3364
-3.4170 -3.2952
-5.4102 -9.7758
5.9103 -3.2837
-7.8079 -5.3991
1.0469 -3.4302
-3.2239 -4.4884
-7.0314 -3.3732
6.6738 -4.2812
-1.5914 -3.5322
-8.4910 -7.4419
3.0900 6.4374
-8.2273 -5.7152
-3.3971 -3.3180
-3.3519 -3.3517
0.7134 3.0336
6.2606 -3.6588
6.6555 -8.4236
0.5900 6.3793
6.4808 -5.2831
-7.8899 -6.6022
6.3507 6.3758
-0.4215 -3.2599
0.0243 6.2866
0.3987 -7.2143
6.1696 6.5723
-1.9950 -3.3679
-3.4340 5.8467
6.1879 1.1453
-0.2189 4.4636
-3.3804 -7.1455
6.1285 -9.9455
6.4527 -3.4037
-0.3772 -1.7511
-3.3196 6.4465
6.2221 -0.1341
6.5327 4.7259
-5.3764 6.2604
-3.3453 3.7962
-6.6937 6.3444
6.5020 -4.4104
-4.1244 -3.3062
-7.5374 -6.0830
-5.5800 6.6395
-3.3364 -6.3297
-5.4701 -5.6869
-6.0718 0.8401
-3.1852 -7.7045
6.5616 -7.4235
-1.1612 -3.3245
2.9873 -3.7260
-0.0044 -5.8627
-3.3742 -6.6829
-0.7179 -6.6462
-2.4297 -8.0203
-6.5782 -6.6446
-1.1045 -3.3382
6.0825 -3.4067
2.7610 0.4566
0.4001 -8.3628
-3.3278 -8.3146
-3.3463 -3.4130
-10.3635 1.9102
6.7660 -0.9776
6.1810 5.9985
-3.3702 -3.3566
2.0772 1.6634
-6.1117 -5.0811
-8.2330 -4.5929
-3.3015 -3.2764
1.4086 6.3556
-5.9458 6.3929
6.2169 -3.4530
-4.9846 2.6167
-4.9902 -3.3297
0.5518 -3.4236
2.4520 3.7191
-2.5179 -3.2868
-9.0490 -0.5087
-3.4449 -3.1905
-3.3749 6.6584
-0.1811 -3.0824
4.7526 -8.0982
-7.9746 -3.4859
-3.3313 -3.3264
6.3299 -9.6339
-8.4414 6.6518
-7.1037 6.3268
2.6651 6.2155
3.7128 -3.4364
2.8407 -8.8968
-3.2251 3.2472
-3.4279 2.9069
-2.7476 -3.5175
6.3668 -7.3466
-5.5957 -3.5143
3.9949 -7.0837
-5.3544 -5.7030
6.1513 3.9701
6.4195 -5.7403
2.8497 -0.1490
-7.6722 -0.8192
5.9651 -5.3923
-4.4025 -3.4779
6.3693 -6.7198
-5.9477 -3.2717
6.4013 -5.2055
6.2918 -3.3194
-3.3224 -6.5624
-3.3646 -6.0779
6.2029 6.5138
0.0634 1.1419
-6.2155 -3.4611
-3.2475 -7.0546
6.3097 -3.3763
6.1448 6.0749
3.9906 1.0843
-3.4468 -3.2288
6.5515 -3.2877
0.8722 -6.8590
5.7539 6.4931
-7.1821 6.7409
0.6809 -3.3018
6.3708 6.4288
6.5201 3.7341
6.5912 -4.1156
-3.3204 -3.4000
-3.4143 -2.5873
3.0832 -2.6350
-3.4240 6.6263
-3.4017 -6.8389
-7.7349 -2.6842
1.5071 -3.4715
-7.8457 -2.0178
-3.9537 0.7636
6.0709 0.6335
-3.3836 0.6656
-3.3946 -3.5612
1.4305 -6.5415
6.3588 5.9895
-5.2202 6.4458
-8.3141 1.0647
6.3189 -3.4394
6.1959 1.6362
-0.2070 -3.4553
-5.1566 -3.5912
-5.5761 0.3639
-4.2248 -5.5199
6.0705 -3.3222
-6.5472 -3.1168
-6.0066 6.3845
-1.0271 0.9098
-3.3876 -3.4356
0.4407 -1.9002
6.4360 -4.1732
-7.4367 1.1185
-3.3105 -9.0856
-3.3102 -3.3082
-6.4012 -2.8291
-11.6491 -5.8228
-7.0249 -1.9318
0.5161 -6.2776
-0.5721 -6.3182
-3.4631 -3.3246
5.2149 6.0949
-0.2774 -8.2030
3.0177 6.4903
-3.3381 0.5013
-0.9962 -6.9507
6.0389 -3.6898
-8.0789 -3.9796
-3.2449 -3.3732
-5.7128 -3.2973
-0.4858 -0.4169
-8.6331 -3.2790
5.6852 2.4181
0.7703 6.4864
-3.3377 -6.3827
-3.3689 -7.8841
-7.1008 6.1879
-3.4356 -1.6357
1.8860 1.1168
3.6353 6.5334
-5.4281 -3.4065
6.3849 2.2016
-7.1146 -3.4688
-3.3977 -3.3259
6.5269 -3.8608
6.4193 -3.3638
-1.1267 -0.0461
6.3276 -3.3272
-3.3298 0.4378
-5.9187 -3.4704
-5.6932 -0.1282
1.1694 -3.3991
-6.5229 -3.2955
2.1621 -3.3425
-3.3423 -3.3138
-10.1395 -3.3306
3.2829 -3.8926
2.3125 6.0886
-5.0419 -3.3833
4.4147 -3.2408
-7.7399 -3.1646
-3.4257 -3.3891
-7.0623 -6.3721
1.2470 3.6529
-3.2961 6.0184
-5.7890 6.5809
-3.4317 -0.4560
-4.4571 6.1083
-5.6089 -5.0050
-3.2573 6.1795
-9.9578 6.5097
6.3670 -3.5629
-3.3441 -3.3049
-10.0232 6.5392
-7.3348 -4.2856
-6.6644 -3.3670
-8.6971 -5.2048
-8.3983 5.9183
2.6906 1.3637
-4.2350 -7.2236
2.3484 1.8246
0.4329 -3.4691
-7.9132 0.6143
-3.4400 -2.5064
-6.2046 -3.2683
-4.0700 -3.4674
-0.0981 5.8503
-6.2982 -3.2471
-3.3232 0.5112
1.7273 6.4076
0.4269 -4.1038
5.8876 1.0146
-4.6608 -1.2024
-3.3278 -8.3919
-3.4059 -3.3321
-1.2000 -10.0780
-6.6816 -6.4824
-8.2746 -3.3319
2.4022 6.2749
2.4245 -3.7408
-5.7115 0.9024
-0.0975 6.1287
-0.4028 -6.1844
-3.3748 6.2370
6.6371 -5.7856
6.2500 -5.6770
5.2627 0.5183
6.0925 -3.3091
3.1109 -6.2249
-3.4177 6.4964
6.2482 -3.3819
-3.4095 6.0701
-5.0495 -0.3015
-3.3743 -3.2820
1.9119 3.1752
6.5466 -3.3081
-3.2629 -3.3059
6.3304 -8.5295
-6.0206 0.5235
0.4910 6.5239
-3.4194 -9.0811
6.2994 -6.5858
-1.0745 -3.2257
6.8028 6.1975
5.8678 -0.0370
6.2934 1.8829
-0.1545 -5.3772
-6.3483 -0.6539
-2.7275 1.0616
0.5163 -3.3442
0.6493 -7.7978
2.2098 -5.3983
-6.9889 2.7816
6.1723 -8.3835
6.1022 1.9446
-7.2633 -3.2889
1.2760 -7.4633
0.9987 0.8521
-5.3274 6.2189
4.2188 -3.1781
5.2680 -3.2370
-5.7951 2.9320
5.9969 -6.1446
-3.2901 -8.1293
5.0352 -5.6516
-10.3856 -2.5481
5.9868 0.1510
6.6024 -3.4701
-3.3576 6.0570
-4.9758 -7.1946
0.6809 2.3652
-1.8516 -7.3433
6.3951 -3.3251
2.4101 6.1736
-3.4040 0.5161
-9.1527 -3.3618
6.1534 6.0279
-3.2756 1.5178
-3.3120 -5.0720
-6.9633 -8.1850
-5.3862 -4.0651
-3.3136 1.2232
-3.2679 -3.3280
-3.3905 -3.4324
-0.0075 -3.3738
-7.5020 3.6066
6.8898 0.2145
-1.6286 -3.3693
-4.6801 -4.4372
6.1729 1.4717
-3.4770 0.6284
-0.6875 -3.4229
-2.9913 -3.3310
-7.8971 6.6009
-3.3775 -5.7254
6.3964 -6.1131
3.6526 6.0375
-3.2984 1.0219
-4.6638 -7.3990
-8.6062 -3.4047
-3.3664 -7.7357
0.3253 -10.5962
-8.0235 5.9388
-0.4590 -0.2030
-7.5919 -6.3774
-7.7108 6.8635
-3.9769 -6.3331
-0.2832 0.5357
6.0022 -3.2691
-4.8193 -3.2785
-1.3479 -2.3176
6.1327 -0.5294
-3.4039 -3.4200
-3.3574 -3.2246
0.6465 5.9164
-0.5085 5.9784
-3.3679 -3.3430
-2.8792 -4.4044
-1.6215 -3.3084
2.8566 6.7435
-4.8015 -3.3216
-3.3593 0.7181
-3.4103 -0.1452
-3.3790 -5.2529
6.1469 5.9457
-3.3192 -7.7172
0.9912 6.4219
-4.9493 6.2319
-3.2367 -3.3689
6.2238 2.1576
-3.3477 -3.3489
6.3208 -3.4186
6.2097 -7.7047
-0.6150 -8.9773
-5.6982 -3.4555
6.3608 -7.4335
6.1568 0.4902
2.3805 -3.3491
-8.7793 -3.2681
5.2087 1.5498
-1.0519 5.9574
-6.8656 1.2752
-3.4237 6.1581
-4.6037 0.7408
-3.3314 1.4259
-3.4085 6.1590
3.1162 -5.3347
6.1793 -5.7237
-3.3105 -3.4247
-4.8248 -6.0871
-3.3782 -3.3459
-3.3350 -7.6016
-7.7526 6.1312
2.4996 -3.2464
6.4441 6.4427
-4.7102 -3.0570
-3.4678 -1.3668
-3.2406 -3.3374
2.1372 -8.6373
-1.8019 1.1096
-3.3192 -3.3027
6.4620 6.6376
-5.9204 -3.9414
-3.4005 -6.5292
-5.8264 6.5306
6.1117 -0.5812
-6.4529 -2.0808
0.6128 -3.3054
-3.2653 -0.3547
6.5622 -6.2903
-3.3869 -3.3581
-5.2087 -3.3653
-4.4488 6.3411
-5.3911 6.4279
-3.2600 -4.4886
6.0819 -4.1255
6.4518 -5.7002
-0.7724 0.0572
6.5098 -1.5192
-3.4005 -3.3242
-8.2416 1.2720
6.2736 -4.8110
0.5921 2.2285
-3.3521 -3.4441
-7.5005 -3.4722
-1.1834 -3.6245
-5.4389 6.4029
-7.5600 -3.2136
-3.4143 -3.9011
-4.9883 1.0456
5.9788 -6.0995
5.8109 -6.0355
-3.2409 6.5394
6.1584 -5.6021
-3.3437 -3.3510
-9.3571 -3.3458
-3.3837 3.1922
-6.3126 -1.1763
2.7162 -6.8964
-8.2956 -1.0365
-3.2909 -1.7724
6.3702 -0.3274
-3.8067 6.0942
0.6340 4.6482
-3.4484 -1.2421
6.5941 6.2606
-4.7052 5.9186
-3.3112 1.3147
6.4873 -3.4176
-8.0899 0.9954
0.6417 -7.3536
-6.5560 6.3975
-3.4107 6.1469
-3.2419 -6.7732
-7.5595 -3.2960
-6.5167 -3.4494
-7.8314 -0.5693
5.0445 6.4176
2.2893 0.6607
-5.9568 -3.3434
-2.0623 -3.3062
-6.2220 -3.3190
-3.3707 -3.7567
-6.8200 -3.3554
6.3204 -5.1394
6.2585 0.6086
1.0690 5.8908
-3.4110 6.1285
-3.3569 6.2654
-5.7998 -4.4354
6.4382 -2.5999
6.1450 6.1861
-3.4297 -6.3604
-7.3428 5.5903
-6.8382 -6.6268
0.1993 -1.0546
-8.3647 -3.3658
6.3012 -4.9994
-8.3384 -0.9407
-3.2319 6.4675
6.3677 -7.8747
2.4892 -0.0247
6.2995 -5.1086
-4.9063 6.3340
0.7027 -5.8488
6.0331 6.2724
-2.8671 -3.8521
-7.4978 -6.1362
4.6863 -3.3623
-3.3583 -6.0978
-6.0842 6.4808
-0.2041 6.3840
5.8485 -0.0235
6.3513 -2.8372
6.1616 -3.2703
3.5107 -3.3546
0.4939 -3.3454
-3.3444 -1.9215
-1.4830 2.7552
5.6780 -3.3804
-0.7210 -8.4134
-1.9398 -4.8576
4.8740 -3.5070
-6.1116 6.6928
-1.3186 -3.3997
-8.7518 -3.3209
-3.4624 6.2227
-5.2178 -7.8242
6.3886 0.5720
-3.3458 -6.9983
-1.1476 0.9764
6.3660 -3.3841
-2.6498 -3.3881
1.1098 6.5480
-4.6742 2.6992
-0.8493 6.2542
6.3159 -6.0348
-3.3363 6.2402
-3.9840 -3.2311
-5.6043 -3.2971
-3.3412 -3.4096
-7.6194 4.1481
6.3628 1.9057
-7.0564 6.7056
-3.2421 5.8864
-3.3012 -3.4124
-0.4378 -3.3710
6.2201 -5.8478
6.3801 -3.3203
-0.1633 0.6338
-3.3556 -3.2678
-3.3689 -3.3228
-9.4562 -3.8323
-3.3989 -6.8297
-3.3340 -7.4789
-2.0956 3.6753
-3.3323 -4.9904
6.3256 -3.3721
-3.2461 -7.4917
-6.1695 2.7526
6.1584 -3.3433
-3.3322 -5.5183
0.7415 -3.2617
-6.8030 -3.3364
-3.4944 6.5686
6.2955 -0.3917
-6.8715 -2.0762
6.3891 -3.2938
0.8424 -5.1249
-3.8117 -5.4244
-3.4081 2.4904
5.7999 -7.1455
-3.4575 6.6745
-7.7776 -2.5996
0.1213 -3.2893
0.3429 -4.4381
-3.6084 -3.3953
6.4256 -3.4191
-7.0376 -1.9138
6.7388 6.1196
6.6205 5.9780
-3.3828 -3.2986
-3.3839 -0.0310
2.0762 -4.4099
2.1853 3.4216
-3.4188 3.1710
-3.3416 -3.3902
6.1796 6.0786
-8.9223 5.7769
-5.9117 -0.1535
6.2078 6.1042
6.1556 6.5257
-0.1471 6.2263
-6.7405 -8.9522
-7.2625 -5.9870
6.9499 -3.3022
6.5663 0.5203
-8.6274 -4.4999
-4.8763 5.9779
-8.7075 2.8437
-3.3388 -6.4930
0.3896 -3.4356
-6.4292 1.7109
6.5686 6.5520
-3.2884 -3.3138
-5.8525 0.3423
0.1510 6.4411
-1.3018 2.6239
-8.7283 -1.2794
0.4319 4.3270
-6.0016 -3.3900
6.7797 1.1345
6.7076 -7.9628
2.8348 -6.9956
-3.3480 6.1349
-3.2977 1.8105
1.8957 6.3929
6.0089 6.1174
-6.6561 -3.4512
6.2932 -6.1103
-7.6718 -3.4514
-0.9617 -6.7229
6.0377 3.7761
-3.4620 -1.5575
-7.0815 -4.0891
-6.5858 -0.6367
-3.4164 -3.3404
6.0677 -7.9722
-2.4755 -5.8073
-6.1609 -4.6159
-3.3549 -7.2099
-0.1822 -8.4477
6.4834 -3.3979
-5.3796 -3.2574
6.6839 -3.3404
-3.4003 0.7093
1.0681 1.8130
-3.3079 3.4060
-4.5778 6.0981
-3.4378 -3.4020
2.0200 -3.4226
-7.2635 6.5234
-3.3542 0.7628
-4.1817 0.4962
-3.4711 -5.4551
6.3371 -2.9238
2.4070 -3.4254
2.7232 -6.4735
-4.5093 2.2135
-3.3376 -0.5291
-3.3172 -4.3393
-5.3905 1.2255
-3.3294 -3.3267
-4.6809 -2.7686
6.3043 -7.3004
6.3855 -7.8306
-3.3551 -0.0284
2.8332 -9.3834
6.2865 6.3258
-5.2150 -5.5808
1.0905 6.0035
-5.2237 0.9074
6.5092 -6.7573
-6.4977 -3.4100
6.3103 -3.3276
-7.5620 -0.8154
6.3017 -5.9282
6.1904 0.2520
-3.3301 -3.5327
-5.2650 6.4036
-3.3275 0.2543
-3.3166 -1.0683
-3.4079 -7.0840
6.6391 6.2629
-4.8790 -7.8575
1.7811 -0.9855
5.9513 -8.4428
6.2249 -5.2554
6.4519 -0.2951
-5.4383 6.6030
-7.5002 6.2067
-6.6288 -6.5905
-3.3408 -3.3480
1.5930 6.2201
5.8305 -7.5321
-3.3696 -4.3448
-8.0448 -1.5019
-4.7282 2.5308
-3.4306 -6.7529
-1.6551 -3.3652
-3.4012 -6.8557
-7.0371 2.9290
-1.8827 -4.8490
-7.0709 -6.0648
6.3661 6.1864
6.1517 -3.3541
-4.7163 -3.3536
-3.2504 6.0071
6.0517 -3.3308
5.9646 -3.4063
-5.3446 6.2094
0.5837 -8.3692
1.2286 0.5622
5.9138 -8.9895
-5.5129 -1.6380
4.2536 -0.2487
-6.4249 0.0786
6.0264 -0.7949
-8.0895 6.3646
-3.2813 3.2899
-9.1125 -7.6548
0.1190 4.5544
-6.3980 8.4870
4.8251 -10.2306
0.6692 -2.7917
6.3185 -5.9576
6.4571 6.3653
-3.3042 6.0426
-3.3184 2.9783
-3.3525 0.2600
5.9434 -1.2521
-3.3630 -6.5713
-6.6862 -3.4151
3.3971 -3.4371
-0.5065 -0.5075
-3.2669 2.1857
-5.3295 -5.6678
2.1288 5.9628
-0.9682 -0.0648
6.4981 6.5259
-3.3328 6.3999
-5.6575 6.4146
-5.6758 6.4062
-3.4366 -3.4296
-5.9679 -3.3476
6.0519 6.3119
6.5673 -3.3241
6.1597 6.1194
-3.3842 6.6944
-9.5922 3.3937
-3.3804 6.3185
-9.2552 6.1231
6.2488 0.8418
-3.4268 -3.4175
-3.4035 6.1329
-5.8036 -2.9297
-3.3496 2.2337
-7.2208 -6.9878
-7.2780 -5.2864
0.9290 6.1939
3.2052 -3.4182
2.8916 -3.3822
-8.3701 -3.4549
-3.2935 -7.1948
6.0348 -8.2424
1.9163 5.7904
-3.3919 -1.0056
-9.5036 6.5625
4.7505 -4.9010
-4.3971 -5.1360
-6.9278 2.4059
1.5736 -3.3853
1.5388 -5.2557
-3.2255 -7.7340
3.7326 -3.4008
-1.0932 5.9968
-3.4045 -6.5992
-8.5136 -6.2996
6.2478 -3.3597
-1.0009 -7.4268
6.2791 -3.3126
-3.3694 -1.0329
-3.2250 6.2412
6.5371 -3.2990
-3.2807 2.3784
-0.1096 6.5043
1.1656 -0.3947
-0.7518 -1.5366
-3.4205 -0.7561
-3.3217 -3.6635
-0.5112 0.7514
-3.3195 -3.7381
6.0020 6.4845
-3.3064 -5.2895
-3.3990 -5.6032
-0.6598 2.0821
2.1446 -6.8004
-2.5020 0.4054
-9.9192 -3.3746
6.2737 -3.4631
-3.3774 -2.3212
-5.3110 0.4599
6.2110 -0.0778
6.5038 -1.7122
-3.4092 2.0419
-3.3867 6.1457
-3.3652 6.6234
-8.1704 -1.8566
6.2375 1.2956
3.6123 6.3935
-8.2975 -3.2428
-7.0038 -3.7482
-6.2236 6.7104
6.0267 -4.3789
-3.2968 -5.0905
-10.6729 5.9544
0.8060 1.4443
-3.3919 -8.0420
6.4252 6.7812
-4.6172 6.4059
-3.3600 -5.9774
-3.3798 -8.7877
-3.2752 -3.3784
6.3117 2.3541
-6.2994 -8.1536
1.3932 -3.2346
-3.4215 -4.5292
1.8999 0.0079
-9.8997 6.0324
-3.3440 -5.9025
-0.0338 -3.2680
6.1296 -3.3331
-3.3856 -3.3287
6.3177 2.5882
6.5059 -6.4807
6.1419 -0.8724
-3.2373 -3.4125
-5.9698 -3.2647
-3.3677 -3.4443
-3.5189 -1.3627
1.4279 -9.2081
-4.6498 -3.4145
-3.3825 -5.2061
0.9506 -6.8323
-3.3286 0.9877
-3.4140 -3.3218
-8.2406 3.7852
5.6710 -3.3724
-0.7296 -3.7863
-8.2296 -1.4308
-3.3208 -3.3551
-3.3363 -3.7386
6.3372 -6.2719
-7.1649 1.6142
-5.5412 -8.5016
-3.2997 -6.2956
-3.5320 -3.3540
-5.5523 -3.4832
1.1594 -3.3390
0.9966 6.3514
6.0576 -3.3780
6.2231 6.3435
-6.7832 6.0939
-0.7508 6.5908
-7.3917 1.7846
6.4595 5.9821
-3.3775 -6.8642
-2.7814 6.0871
-4.9151 -3.2801
-6.0287 -3.6356
6.1067 -4.0637
-3.8395 -5.9234
-5.1875 -10.0322
2.3990 6.0766
6.4448 1.6473
6.6726 -0.2929
1.6236 6.5402
-7.4714 6.3666
-5.9427 -5.7666
1.2953 -10.8073
-4.1126 6.6084
-3.3788 -3.3575
-3.3315 -4.7280
-6.3187 -3.3918
1.0286 -8.8583
-3.4935 6.5519
2.3869 2.1926
-6.7168 3.0860
-3.4396 6.5827
-3.4916 -4.5233
-3.3523 2.6751
1.2764 -0.1502
-5.0722 -3.5074
-3.3795 5.9561
1.2364 -10.5597
6.2814 -3.3462
-2.6005 6.0894
-0.6873 6.4032
-2.2466 -3.4235
6.5213 -4.4710
-6.2481 -3.3098
2.3592 -8.8683
2.6679 -5.6922
6.1419 -3.4106
2.5215 -0.2134
-5.0881 -3.2690
2.7065 6.0924
2.5496 3.0282
5.8633 -5.6458
-6.6818 -3.3915
-3.7498 -3.7273
0.7974 -3.2970
0.4897 -3.2930
-3.4328 -9.7975
6.3826 -3.3592
-7.6702 -7.1684
-4.6169 -3.4728
6.4322 -1.7328
-9.8293 -3.3472
-4.2386 -2.1594
2.8955 -8.2233
6.3219 0.1659
6.3530 -1.1742
6.2150 2.9395
6.1867 -3.4516
6.1489 -3.3870
-3.3840 -3.0659
-6.6711 0.5610
6.3737 0.7863
6.3015 -3.2999
-9.5272 -3.3652
0.4463 -6.5441
-5.2042 -3.3492
6.2586 6.6590
-3.2888 5.8879
-5.6674 6.2956
-0.8436 -3.3950
-5.0552 1.0940
-6.1015 6.4785
-8.5179 0.7857
-0.4489 0.5441
-3.2882 6.4904
3.9124 -3.2923
6.1585 -7.0227
-3.4223 -3.4170
3.1760 0.1865
0.6850 6.3503
-6.5268 6.5663
-2.9105 -3.3437
1.5886 -3.4372
-3.2146 -0.4820
-3.3636 -9.6970
-3.3699 -6.8768
-3.3760 6.5710
-8.7209 -4.7485
-4.6220 -4.2682
-3.4256 -3.2651
0.6106 -0.3376
-6.5104 -3.5648
-3.4532 0.8265
1.0989 1.9980
-5.0037 -8.0612
6.5421 -1.0872
-5.2924 -4.8687
-3.2869 -3.2185
-3.3265 -8.7517
-5.8281 6.1576
0.0533 4.8214
-3.4593 -7.2351
-7.2897 -7.6034
0.3440 2.8552
0.6165 -6.4862
6.7164 -0.7681
6.3665 6.3610
-0.4250 6.5029
6.5938 6.1808
-5.8860 6.1020
-3.3171 -7.6945
6.4375 -6.1385
-0.6782 6.3775
-3.3459 0.6575
-4.7140 3.6197
6.4798 2.2912
3.7835 -6.9630
-3.4708 -3.4064
5.9709 -3.4350
-3.3624 6.4395
-5.5432 1.0187
-3.2215 -3.4052
1.2543 0.0408
-4.7127 -3.3223
-3.4615 -3.3357
6.3409 -1.7204
0.1853 1.3114
-3.3374 2.4043
-3.3261 6.3693
5.9698 6.6784
-6.0852 6.3945
-6.1024 -6.6008
6.4594 -0.5448
-3.3592 -2.7229
-5.3434 3.6818
-0.2904 3.6167
-5.6831 3.3430
-3.4333 1.9336
-3.4245 -1.0406
6.2661 -3.3152
3.9018 -6.9486
-4.2562 -3.3847
-6.9129 -6.0426
6.4625 -3.3599
6.2702 6.3994
-0.1590 -3.2818
7.3357 -3.3627
-7.6497 -1.8316
-3.3484 -4.9364
-3.3589 -3.0046
3.1604 2.5186
-7.7668 -6.5743
-1.1067 6.4196
-7.2331 6.5827
-3.3479 -3.2814
6.8718 2.6325
6.1727 2.6364
2.0406 -3.2665
-2.3040 0.3761
6.2344 -3.3517
-8.1702 -3.4227
0.7130 -3.2971
6.1268 6.2783
-6.1927 -3.3683
-8.5987 0.2095
-5.7874 -8.0395
5.1821 -5.6787
-5.5893 -1.3848
1.9361 -7.9183
6.1068 -6.8073
1.4602 -5.1228
6.3046 6.1726
6.5052 1.7350
6.3903 6.9747
5.9649 6.3514
1.8637 -3.2473
0.4848 -3.3723
6.4906 -5.7572
-4.2471 -10.6903
3.7310 -7.8271
-3.3303 6.1208
-7.4586 6.1973
-7.3850 -3.3313
-7.5240 5.9108
-4.9011 -3.3580
-1.4027 -5.2799
-0.1029 -1.8464
6.2427 -6.6718
-3.3663 0.9041
2.4940 -0.5273
-3.3455 -3.2837
-6.5815 3.7492
2.3188 6.2337
-3.4444 1.0804
-5.1615 6.1484
-0.4833 -4.3517
-7.7704 -3.3212
-3.3702 2.7376
-3.3319 5.2150
-6.8780 -3.3568
-3.2441 -4.3275
-1.2433 -3.4377
-3.3632 6.2685
6.5826 -5.2077
-3.4022 2.5523
-3.3784 6.3072
-3.3390 6.2634
0.5481 -4.5742
6.5530 -3.3877
-3.4197 6.4879
-0.8785 -3.4937
-3.3189 -2.3547
0.0203 6.3996
-4.2053 -5.4019
6.6487 4.0983
6.2806 3.0088
4.2156 -5.8974
0.7644 5.0439
-3.2559 -5.6831
-3.5646 1.6431
5.9851 6.2327
-8.6499 6.2829
6.2215 -2.9421
6.0703 6.3216
4.3292 -6.0191
-5.2280 3.2768
-0.8133 0.6698
-6.0592 2.6432
6.2555 -5.6231
6.1378 -6.2021
6.4426 3.6306
1.2640 4.4127
-7.5339 -3.4266
0.1525 1.5250
6.0648 -5.6150
6.4070 2.5841
1.2175 -5.8050
-1.0238 0.0826
-5.5370 -3.3182
-3.2626 0.1173
-3.4363 2.3694
6.3942 -3.3725
-3.5836 6.2682
-4.6650 6.2956
-6.3568 -5.4363
-3.6152 0.5464
6.6314 -3.2587
-5.2218 -0.3033
-0.9246 -6.9549
1.0217 1.3499
-4.2423 -3.3200
-4.1636 5.9076
3.3181 -5.1537
-8.1415 -4.9074
3.4464 -2.7144
-3.6480 -5.8236
-1.0644 -9.3168
-3.3942 -3.9124
-2.2695 -8.6247
-7.1435 -3.4153
-7.5068 -5.2686
-6.9961 6.1251
-7.2642 6.2992
-3.0818 -3.4408
-5.4161 -1.5417
-3.3407 -5.8450
-3.4143 6.5780
6.5297 -5.4760
4.1245 -3.3671
-1.6220 2.3213
6.2299 -7.1517
-3.3102 6.2638
3.4473 -5.9336
6.1702 0.4710
6.3186 -7.6637
-3.4265 5.8278
5.1090 1.9604
-3.3411 6.3298
-8.4625 3.5821
-3.3592 -3.3279
-3.3897 -3.3193
5.8550 5.9345
6.0680 0.0388
6.3642 6.0186
-7.5205 -7.1066
-6.5727 -0.5418
1.5386 -5.7737
-5.2074 6.5313
-0.8809 1.3534
-6.4884 -3.6190
6.7517 -7.7595
6.4069 3.4079
-7.3508 6.1527
-3.4012 -3.1898
6.2602 -3.2656
-6.3071 -3.3933
-6.6345 -8.8011
6.0093 -3.3379
-5.6022 6.5361
1.9322 6.3108
-4.2257 6.2421
-3.3513 -3.4379
3.0097 -3.3021
6.4603 -5.3879
-3.3218 -1.8879
6.1878 -3.4145
-5.1405 -3.4337
-6.2063 6.8442
-5.5931 -3.0045
-3.3407 6.5784
-0.3414 -2.1533
-8.9805 -3.5234
-3.3090 -3.3867
6.4081 1.0445
6.3077 -2.0760
-0.8710 6.6494
-3.3580 -3.3129
-4.9223 -7.0605
-4.4996 -3.2870
0.6918 -3.3134
-3.2854 -3.4107
-7.0976 -3.3909
-5.0535 -5.5899
1.9123 -6.2678
0.7339 -3.5258
-8.7529 1.6262
6.0590 6.3612
-8.0619 -5.8760
1.7522 0.7058
-3.3727 5.8521
-5.9189 6.1908
-2.9571 0.3348
-3.2192 -5.9988
2.1476 -4.6027
-3.4155 -3.4156
0.2457 0.6362
1.5697 -7.9728
-3.3625 -0.0940
-3.4728 0.6318
0.8669 6.3629
-11.3752 6.8052
-3.3451 6.2248
3.8254 -3.3679
-3.9568 3.3959
-3.3660 -3.2497
-3.3840 -3.3300
-5.5338 6.0419
0.5261 -7.7517
-4.1244 6.4969
-3.2058 6.3585
3.7050 -5.8697
0.8302 -3.3672
6.3710 -3.3509
-5.6832 -5.7277
-0.1893 -3.3961
-6.2763 -6.8212
-3.3967 -3.3797
-2.5619 -2.6687
-3.4053 -6.3549
6.1975 1.9734
2.3261 5.9122
0.8878 6.0972
-3.3638 -7.3328
-6.6904 -3.3854
-3.4211 6.3740
-5.9063 6.3899
-3.9644 6.4388
6.3601 -0.8891
6.4108 6.0733
6.1442 6.4316
3.1020 -7.1831
6.2278 -0.9240
-3.2902 6.4981
-4.4910 -3.4614
2.3693 -3.3249
2.4101 0.0055
-3.4032 2.2438
-3.2723 -0.4256
-3.3653 6.2640
0.9781 1.3624
-3.2559 -0.9037
-4.0910 -3.3336
5.9074 -3.9750
-0.1955 6.1011
6.3797 0.4686
1.6643 6.7477
-3.3376 3.9324
0.6815 2.1526
-10.4977 -3.3513
2.3410 -4.0724
6.3670 -7.3838
-9.4125 -4.2598
6.1921 -3.3502
-3.3525 -7.0111
6.0883 2.9700
0.6281 -4.8821
-3.5273 -3.3945
-7.4052 -7.9020
6.2070 -8.2509
-3.3787 -1.1177
-6.3544 5.7059
6.3792 1.7039
-3.3098 -3.3596
-3.5295 -5.2180
-0.2496 1.7366
-3.4052 0.4835
-4.7880 -3.2866
-3.3502 6.4240
-6.4284 -3.3195
-3.3668 -5.7286
-1.4670 -3.3538
-10.8718 -5.0861
6.4863 6.3922
6.4559 -2.9493
-7.5913 -5.3100
-4.3008 6.2446
3.5944 -3.4218
-3.5612 -6.5429
-2.2562 -6.1115
6.0958 -5.6815
-6.6076 -5.2686
6.2126 -4.8460
-3.4036 1.3429
6.0706 6.5562
6.2953 -3.4151
0.1148 6.2625
6.2932 6.3735
-7.6784 -3.2697
-8.6319 -5.2054
-3.3571 -3.3551
6.2849 6.4346
-8.1592 -3.6703
4.5966 6.2068
1.3478 6.8914
-9.3309 6.0136
6.4329 -0.4205
6.2191 -3.6850
-3.3521 -5.0278
-8.9579 -3.3379
-3.3203 -6.5098
-3.3648 5.0790
-3.2712 -7.6548
-3.3175 -3.2725
6.0291 -3.4019
6.3647 -3.4028
5.8627 -2.5283
-3.4113 -7.4374
-8.3107 -6.4566
6.3844 -3.4350
-6.1170 1.2808
0.8453 -3.4152
-3.2907 -4.3943
-5.2212 -1.6430
0.3492 6.3357
-7.0855 -3.4170
-4.6745 -3.5755
-2.7008 -5.8862
6.1548 3.3410
-8.0542 5.2357
5.9844 3.7017
-1.4651 0.3598
1.8999 -1.3347
-2.8067 5.2017
6.0515 -3.4135
6.5674 -4.1973
-2.1200 -8.2417
2.7672 -3.9373
-3.3689 -6.2146
-3.7536 -3.3320
-3.3955 -3.3254
-3.3556 -6.5393
-1.4074 -1.4022
0.6370 3.2236
-7.8656 -3.3658
-6.4291 -3.3761
-6.8980 -7.9580
-5.8562 6.8076
5.9505 -4.3587
-0.7779 -6.7476
6.2403 4.1096
1.6033 -5.2636
3.0227 -6.5360
-7.0249 -3.8462
-3.4189 3.1345
2.1226 -3.3758
-1.7993 -3.3877
-3.7761 -3.2473
6.5289 -3.3865
6.2722 1.1506
-3.4258 -7.4446
3.9934 -5.3582
3.3603 -6.0553
1.8706 3.5339
6.1673 3.1949
-7.7232 6.4692
6.1007 5.9108
6.3810 -3.2992
1.3627 -3.4564
-3.3922 1.4559
-3.3448 -3.2281
-3.3738 -3.3932
6.4884 6.3456
-3.4896 6.5160
-4.3278 4.4022
0.5122 -3.4790
-3.3397 5.9042
-0.1525 -3.2551
-3.3305 -0.6506
1.3578 6.2785
-7.4185 6.7515
-6.7768 6.2234
-7.7134 2.7221
6.2746 -5.5558
-3.4311 -3.9347
-3.4134 -3.0162
-4.5518 -4.2123
-7.7838 1.9074
6.3355 1.8533
-3.4955 -7.0474
6.4567 2.6786
6.3637 -1.7739
1.4432 -3.3260
-5.5103 -5.8741
-3.2674 -5.3366
-5.1732 -1.6614
-1.2169 -3.3017
-3.3710 -3.3415
6.3535 -7.7664
-3.3315 -3.3952
6.0933 -6.4067
2.5809 2.3159
6.4158 -2.9174
-6.2602 -3.3096
-3.3811 5.9519
-5.3125 -4.8070
-6.6527 -0.4115
-7.1838 -3.4765
-3.2998 -6.1164
0.0836 0.4153
6.2817 6.9676
6.1501 -3.4184
6.3133 -6.4998
6.7861 -3.3105
6.2927 -3.3444
0.1277 6.4400
5.7747 2.1168
-3.3589 -3.3653
6.3635 -3.3850
1.0376 6.2245
3.4205 -6.3378
-3.2745 0.8673
6.3118 -7.1338
-3.5314 0.5962
6.0095 2.4787
-3.4812 -5.8337
6.2542 -3.2087
-7.0847 -3.3413
6.0293 -0.8729
6.2367 -3.2333
6.2375 -8.5936
6.2052 -4.2986
6.4305 -3.3441
-6.9155 6.3464
6.4584 -3.2843
2.1544 -6.8063
-3.3958 -3.3329
5.8684 -0.0374
6.5180 -8.4403
-8.4319 0.8014
-2.7210 -3.3927
6.3269 -3.3473
-5.7820 -8.1627
6.1855 -3.4701
-5.7042 -3.2801
0.3904 6.7935
-3.4066 -3.3673
-0.1959 -5.3196
0.4787 2.6136
-6.2731 2.3201
-3.4649 -4.9434
6.4358 -5.8467
5.9433 -8.8910
-7.9083 6.3599
6.3063 -7.5851
5.9443 -8.7171
-3.3394 -6.5701
-6.7053 2.8898
1.1563 0.3707
-2.5404 -4.9842
-3.3746 4.9849
-3.3928 -6.0720
-3.4274 -3.9750
0.3573 -3.3019
-3.4959 6.1500
-1.7202 4.3138
-3.3272 -3.3001
-0.6763 -3.3344
-7.2328 -3.3824
-7.2510 1.1439
-1.6420 -3.4026
-6.0687 -3.2973
-3.2919 -3.7863
2.9385 4.5677
6.3383 -3.2700
-3.4560 -8.8105
-1.3534 -5.1307
-3.3621 2.3295
6.3383 -3.3252
5.8791 -1.9382
-3.4915 6.1645
1.2538 -3.2888
0.5130 -9.0014
-3.2841 6.1215
-3.3435 -4.5905
-7.5596 -0.4410
-3.2984 6.0324
6.2890 0.6627
-0.8410 -1.3671
-7.3975 0.8284
-3.3795 -8.0098
-3.2120 -4.9124
6.2228 -6.3338
-0.6371 -1.0158
6.2394 -7.8670
6.4655 0.1662
-6.9712 6.1968
6.7562 2.3800
6.5182 -5.5391
-7.7531 -3.3691
-6.8181 -3.2940
-3.3226 6.4153
1.4275 -3.3918
1.5466 -3.3659
0.7586 6.2474
-3.3523 6.4418
1.2941 1.9837
-0.6620 -3.4275
5.5994 -3.4272
-5.3656 -3.3034
6.3812 -6.4717
-3.2825 0.8740
6.8695 -4.7350
-3.4368 0.6869
6.4044 -5.1285
-7.8925 -3.2762
-0.3485 6.2347
-9.6170 6.6049
-3.4636 -1.0959
-0.0869 -7.8805
2.2588 -3.3351
6.6206 -5.8494
-0.5542 -3.3783
0.2061 -3.3319
-5.4230 6.4577
-3.2674 -3.4230
6.4427 -5.0051
-10.0831 6.7628
-3.3332 5.9572
-3.3523 6.3793
-7.6152 -7.6037
3.9263 5.8893
-3.3966 6.6150
0.9802 -8.8639
-4.9684 -6.7017
-2.5828 6.2997
2.1145 -4.1406
6.4358 5.9251
2.9051 -7.0859
-5.0887 -3.4489
-3.3274 0.3334
-3.2692 -1.1786
-3.3214 -5.0351
6.2697 6.1403
-3.7627 -3.3341
-4.1065 1.5029
0.2729 -3.5038
0.3676 -3.3656
6.2286 -6.5515
1.3590 0.7105
-4.1257 -3.3043
6.1180 6.5485
6.3831 1.9375
-4.4215 -3.3688
6.4157 -2.0057
-6.8368 5.6449
-7.7265 6.3481
-6.6948 -3.3615
6.1020 -8.6249
-3.3591 -0.8339
-3.2685 6.2749
-5.8141 6.1490
-6.2689 6.8046
6.1764 1.1234
-5.1951 6.2235
-3.4578 -1.4256
2.2472 6.4515
-3.4464 -5.3420
6.4483 -3.3471
0.6921 -4.9315
-3.3359 -3.3983
5.9260 2.8389
-3.3713 6.6351
0.9678 -3.3485
0.6931 -1.3158
5.5116 -3.3766
-3.4210 -7.0292
4.2276 6.0539
2.0273 5.8784
-8.0581 -3.2959
-2.8326 -3.2451
4.6071 2.5844
-0.1430 3.2007
2.3076 3.1335
6.8318 -3.3392
-3.2735 -7.1073
-3.0716 -3.8453
4.3676 5.1901
-3.2806 1.0447
6.1677 6.2688
-7.1392 -8.3672
2.3701 6.8775
-4.9566 2.3055
2.8296 6.1646
0.4661 -3.2418
5.7457 -6.2104
6.1422 1.6531
-9.8921 -7.8213
6.3091 -6.7500
6.4557 -7.5863
-3.3495 -6.7471
-4.8958 1.3796
-6.0382 4.5015
6.2782 0.1732
-2.6127 -5.1422
-8.7985 -0.0312
-0.5131 -1.7355
-0.1807 5.1684
-4.1662 3.1978
-3.2558 1.1296
-3.5749 -3.3555
-3.3229 -4.4105
-0.5438 -7.4406
6.4438 -1.6900
2.5924 0.9511
-7.1331 -3.3492
3.2736 -3.3647
-3.3714 6.0896
6.1492 7.7007
-7.3040 -1.6574
-5.2434 -2.3515
3.0049 6.1561
3.4425 2.6640
4.7836 0.4349
2.1651 -5.3260
6.2693 -3.3807
-3.4797 6.4196
-2.7326 -3.2184
-5.6669 -1.2458
-0.9346 -3.3158
6.3311 -5.1154
-3.3169 -3.3219
6.3510 6.7971
6.4646 6.5705
6.4176 6.1139
6.2702 -7.3064
0.6968 2.0967
4.2660 0.3376
6.7293 -3.3259
-1.9572 -5.3071
0.2414 -3.4300
-3.4550 -4.1731
0.3597 6.0982
6.5257 1.0467
-4.4119 6.0654
1.9621 -3.3418
2.8163 -3.3203
-6.1597 5.9382
-8.8847 6.5110
6.0784 6.5351
6.5831 2.2869
-3.4531 6.5818
-3.3981 -3.3859
-4.7507 -6.1931
-3.4174 -3.5310
-3.3517 -9.1889
6.2194 -1.3767
6.5618 -3.3236
0.3524 -6.9732
-6.2418 -3.4594
6.0415 -6.2862
-8.8966 -4.8497
2.0446 6.3936
-3.3830 -3.3901
3.6137 -2.6813
6.5031 -6.1229
-7.0572 -3.3431
-8.5815 -8.3071
0.6023 -6.9559
-6.9906 0.5712
4.7468 -3.3536
-7.4426 -3.3847
2.2768 -5.7128
-7.6040 1.2401
0.4052 -5.3238
-5.9816 -3.4370
-0.5193 -3.4173
-3.4623 -3.4377
5.9807 6.3674
-3.3164 -5.9837
2.0222 -3.1198
-3.0498 2.5051
6.5245 6.2468
-3.3189 -3.3520
1.1983 -8.3526
6.2347 -5.1214
-3.3656 2.4719
-3.3452 5.9695
-6.3273 6.3051
-7.2677 -6.2911
-3.3230 -5.8247
-7.2943 -4.0691
1.0525 -3.3972
-3.3841 -3.3058
-3.4128 6.5702
0.3983 5.9613
-0.6271 0.0879
-3.3941 -0.3567
-3.3656 -5.2607
-3.3406 -3.2761
6.3637 -3.2291
6.3258 -3.4394
-3.3261 -6.3451
-3.3476 6.2321
-4.5049 6.6303
-6.4192 -1.1833
1.6264 -3.7278
-3.8938 4.6643
-6.5102 6.7525
-3.3007 -1.4927
-7.2533 -3.3216
0.2666 -4.1556
-6.5676 -6.2535
-3.4552 -4.0970
-7.8789 -5.1091
-3.4762 -5.7363
-3.0715 2.6339
-7.9667 -5.1461
-3.3223 -5.0626
6.2711 -1.9333
6.4906 -3.4694
6.2652 -7.0629
-3.3811 -7.2325
-3.2678 -8.0857
-3.4549 -3.4098
-3.3717 6.4223
-4.4631 -7.4574
-3.3788 -7.7549
-6.1925 6.2679
-4.4606 -6.9214
-5.2599 0.8244
-6.4461 -3.2781
-4.6863 -3.3002
2.4623 6.4814
-4.8498 -1.7839
-4.3026 -3.3048
-3.2370 3.9463
0.7971 -3.3763
6.6492 -3.3849
2.1419 -6.2242
-1.6853 5.9647
3.2577 -4.1446
-5.6075 6.1713
6.3451 -3.4043
2.2232 3.0164
-3.3491 2.0187
-7.3381 -7.6694
-6.7557 -3.2545
6.5071 -10.0776
-3.2307 -4.4468
-3.4211 5.8392
-3.4554 0.5773
-5.3096 6.0811
-8.0013 -6.1438
-8.9983 6.3095
-3.3345 -5.4790
-3.3481 -9.8920
-3.2288 -3.3830
-7.6513 6.1949
-6.4501 -3.3485
-5.2052 6.2512
-3.3035 -4.9309
-7.4241 6.1212
2.1456 6.6132
5.9796 -5.4654
-0.1024 3.4055
-2.6923 6.6514
6.3494 6.1241
-0.1756 -3.2710
-8.8936 -5.9109
-3.3306 3.0138
4.5443 -5.5494
-3.3165 4.7412
6.0397 6.2442
-8.0783 -3.5424
-5.9728 -4.9217
-5.0556 -2.8022
6.4801 2.4033
6.6381 -3.2875
6.7208 -3.3257
6.5915 6.4953
0.4214 -8.3338
-3.4275 -3.3706
-1.8256 6.3263
-4.9829 6.5266
-3.2523 1.7148
6.3802 2.5369
-1.6626 -3.3282
0.6873 -5.4033
1.4787 1.0508
-7.3694 -5.4796
-3.4301 6.4114
-3.4240 -10.5730
1.2677 -3.8596
-5.7103 -3.3383
-9.1990 6.3565
6.5860 -7.5753
-3.3745 -3.3213
-3.4646 6.5313
0.4921 4.0117
6.2469 6.3111
-6.5756 6.2794
6.1145 6.1209
6.6277 -3.8068
-0.9077 -3.2856
-3.2300 -3.3970
-3.3403 -9.9443
-3.2780 -8.0523
-3.4793 -5.3471
-3.3075 -3.2007
-3.3731 -9.7516
-3.3499 0.4537
-9.7014 0.1625
1.3798 -0.1208
-1.5503 6.3790
6.1673 0.1320
-6.1804 -0.0123
-5.4300 -7.0441
-3.4045 6.4514
-3.4169 6.1943
-3.4300 -7.6991
1.5943 -7.4457
-3.3108 -3.3064
6.4066 6.4280
3.4491 -3.3140
-0.0232 6.0489
-0.2722 4.3526
-3.2322 0.6477
-5.4985 -2.4343
-3.5029 -6.2265
-2.5012 -3.3109
6.3726 -7.1797
-5.9736 -5.8866
-0.4475 -3.3257
-5.8789 -3.3958
-3.2944 -4.9189
-3.4186 -3.4063
0.8158 -6.4200
-3.3015 -5.2585
4.0780 1.8715
-4.9659 -6.0593
6.4537 5.8814
-3.3853 -3.7443
0.2986 5.8925
-3.3806 -5.9247
-3.6622 0.1270
-3.2848 -3.4326
6.4917 -6.8709
4.1089 6.3150
-5.9955 -8.6916
-3.3574 -6.7973
6.2642 1.0392
6.4989 6.4923
-1.2209 -3.4263
-3.3452 -3.3500
6.4308 6.0699
-3.4622 -3.5801
5.9868 -3.3849
-3.3562 -4.6236
5.9740 -1.8732
5.9244 6.3727
3.7111 -9.1982
-3.2940 -7.3372
6.6975 -6.2690
-6.6108 -6.4788
-3.3526 -4.5065
-3.3434 6.4983
6.2102 -3.3382
-3.2776 -5.2285
6.5628 -3.2193
6.5619 -8.1707
-1.2123 -5.4073
-6.0236 -0.4754
-3.3118 6.2167
6.5340 -4.1761
-6.6826 -3.4649
-4.5773 -3.9231
-3.3105 6.3365
-6.0933 2.8302
-3.3228 -8.6564
-7.0374 6.1496
2.2027 -6.2650
6.7951 -4.8381
0.0124 -7.7067
1.0358 3.1189
-3.2534 -3.2629
-8.5877 6.1945
2.7391 0.7093
-9.0504 6.6613
-3.3095 -3.3250
-7.3375 6.4791
0.7758 -1.3243
-0.2570 -7.5340
-3.2955 4.3865
0.7132 1.6947
-3.3798 -8.7895
-6.7722 6.4046
2.2417 6.4147
4.7127 6.2879
-3.2980 2.1267
1.0221 -3.4213
6.2910 -3.3837
-6.9180 1.1225
6.3503 0.1411
6.6205 -8.7299
6.5479 2.6003
-5.8914 6.2396
6.5602 -5.6582
-3.3727 -7.8694
1.0937 -2.8661
-4.8605 -3.3587
6.2436 2.9647
-3.2744 -1.7672
4.4160 6.3815
6.2254 1.4327
0.5410 -5.1259
-5.3363 -5.4440
2.9230 -3.3238
-3.3399 -3.3158
-6.5357 6.5317
-6.2848 -0.5393
1.8725 -3.4336
6.5092 0.6172
6.3212 -3.8611
-4.3025 -1.2070
1.9031 6.1007
0.2869 -3.4042
-5.2148 -3.3860
0.3673 -3.5082
-3.3160 6.4561
0.7176 -5.9795
6.1456 6.4026
2.2189 -8.7853
5.9915 -3.3167
-6.8907 -3.3777
-3.2585 -3.3772
1.0186 -1.1575
-6.5081 -7.9806
-3.3801 6.0856
-6.2417 -6.1718
0.6767 0.1411
1.1545 -2.1591
-3.3221 -0.0650
-3.3327 0.8746
1.3311 -3.3004
4.8723 -8.2266
0.5497 -3.2966
-0.4246 -6.6003
-3.3428 -3.4061
-8.1156 -3.3279
-6.7026 -4.0664
-3.4109 -8.6649
-3.2760 -8.1793
6.4083 -6.2492
-0.4303 2.9006
-7.2729 6.1589
-5.9804 -0.0337
-6.0123 -4.8318
-1.2448 6.0858
0.7070 -7.3558
0.7054 0.3425
-3.3403 0.6991
-9.6712 -5.9679
-0.7317 2.3358
-6.1543 -3.4726
-3.3500 -3.3956
-3.3854 6.2665
6.2889 3.9573
-8.4466 -4.9889
-6.7779 6.4073
6.7731 -5.6410
-3.4415 6.1261
-3.3902 6.2019
-3.4082 -0.6156
5.9039 -3.3632
-3.4579 -3.4419
6.3605 6.3058
6.3435 -3.2674
-7.5010 1.0336
6.4275 6.8163
6.5028 6.5144
-7.4852 -5.7221
-3.4212 -3.3388
-6.9490 -0.6156
4.0099 -3.4196
-3.4164 -3.3823
0.5813 -3.3560
0.7735 -6.3423
-3.4358 -8.5775
-6.0077 5.8919
5.8854 -3.2850
-3.4424 2.1450
-3.3837 -6.6863
-3.3944 6.0665
-3.4349 6.3726
-2.8815 -4.2550
7.0208 0.1912
-3.1794 -6.0407
-3.3479 0.9384
-0.3869 -3.4761
-3.3647 -6.4334
5.8199 -4.8957
-6.3040 -7.3768
0.0264 6.1281
0.4028 -5.0649
6.2105 -4.9844
-3.3636 -4.9196
6.2349 6.1651
-6.4959 -5.5205
6.0772 -3.3171
-6.3843 6.5388
-1.1738 2.1461
3.2356 5.6267
-5.6073 -7.4321
-6.8426 -3.3383
-3.3544 -3.4493
0.6524 -6.6455
2.9466 -1.5144
6.6229 0.4222
-7.7134 -7.6640
-3.1736 -8.1126
6.6611 -6.0324
-3.3593 -7.2314
-3.4695 5.9785
-2.1071 3.2278
6.3164 4.0158
-7.1235 6.0139
3.1146 1.7172
2.2471 -3.3926
-1.7782 -6.8650
-5.4874 -8.4922
-3.3250 -7.1373
1.5049 6.3476
-8.0977 -3.3981
6.5670 -6.9835
2.0792 -3.1923
-5.9764 6.0280
-6.5186 -5.5215
-8.2539 2.2592
-6.1409 -3.3359
0.6669 -7.1062
2.4955 5.9132
-5.3390 -3.3327
6.4700 -3.3624
-3.4208 -3.3003
3.3739 3.6559
-4.9904 6.1354
-2.5766 -0.3759
-4.0729 6.3645
-4.7127 3.6130
-3.3058 -5.6898
-6.0296 6.1744
-3.4162 -3.3367
6.3116 1.7572
-2.2009 -3.2767
6.5368 -6.1272
6.3961 -3.3807
-3.3893 -7.3959
-3.2741 -7.5226
0.8847 6.3953
-5.5843 -5.7843
-7.8034 -3.2231
6.2977 -6.0284
-4.2368 -1.9949
-3.3782 -3.4732
6.0626 0.8697
-6.7339 -3.3032
-4.8948 -7.8255
-0.5395 -3.2104
-3.3021 -3.3499
3.1426 6.4067
-7.0608 1.0537
-8.9468 -9.6061
6.4017 -4.5001
0.6099 -5.9794
-3.3593 5.0905
-3.3135 3.8528
-2.3806 -3.4529
-2.6784 -5.7436
-0.6813 2.4768
-3.3537 6.3337
0.3037 6.3344
1.8487 -6.5003
-4.3715 -6.7291
-4.4717 2.5310
2.0156 -5.5575
6.6532 -3.3639
-3.3188 6.3497
-3.4484 0.4561
0.1138 -7.5608
-3.2878 -0.8411
-3.3299 2.1127
-4.4728 -3.4102
-1.1307 -1.4426
-3.3967 0.2467
6.3582 -3.8629
3.4145 5.8207
-3.3951 1.6462
-6.3963 6.3130
6.4511 -3.4199
-9.4541 0.8137
-3.3780 6.4068
-6.8102 -6.7548
6.5011 6.4191
-5.5633 -3.4046
-3.3372 0.6162
-9.0970 6.1578
6.0660 -5.9758
-7.0554 6.4128
6.2154 -3.4326
6.4272 1.9365
1.4707 -3.3701
-0.9422 -5.6472
-3.3629 -3.4591
-4.7410 6.2856
-8.2892 -4.8464
1.5011 6.1006
-2.1873 -3.2560
0.6099 6.3828
-3.3530 -3.3626
-8.7390 0.7082
2.0657 6.0705
6.7388 -7.7132
6.3993 -3.3447
-8.6928 -3.3888
0.6048 6.1031
-6.0570 6.5193
6.0589 -2.5788
-7.8719 6.3267
-5.2133 1.5381
-8.4130 1.7948
-3.5873 -0.0099
6.4545 -0.9282
-4.8765 -3.4161
2.8804 -3.4321
-6.6059 -2.5677
-3.2902 -6.1558
-8.8547 0.5182
6.3194 -8.9782
2.4930 1.8194
6.3360 1.0227
-4.5173 5.8283
-2.4742 -0.2978
-0.8725 6.0990
-0.6864 6.4365
-3.3804 -4.9710
-0.3333 -5.8488
-8.7496 -3.2556
7.0950 6.1305
-3.3561 3.5352
-7.6964 -3.3002
-5.2311 0.4997
6.7760 -6.1088
-7.0115 6.2703
-5.8097 -3.3782
-1.6456 -0.8652
-5.5421 0.8125
0.3602 6.0578
-8.0567 6.3663
0.3473 -3.4019
6.4571 5.9021
-8.3366 -3.3209
-3.2881 -6.4044
6.4171 -3.4460
3.0376 -5.4915
6.3888 6.1354
-0.8044 -6.1056
-5.1848 -6.0427
-3.3333 -6.4974
-7.0958 -0.9253
-7.9550 -3.3564
-3.4834 6.3463
3.5757 -5.0225
5.7572 1.6831
-3.4185 6.1320
-6.9888 5.9830
0.8913 6.1106
-3.2296 6.6140
3.0469 -6.8082
0.7388 -8.3520
-3.3882 6.2532
-8.2325 -4.1817
-7.0388 -5.2388
-6.1922 -2.8548
-0.8666 2.0793
6.3524 -3.3288
-3.3955 -3.3320
-6.6089 -3.3939
0.3292 -2.6094
-0.3436 -5.6643
2.7436 1.4220
2.6847 -2.1015
-1.5404 6.1739
-3.1796 6.2854
-6.7321 3.0101
-3.3892 -5.9577
-3.3808 -0.3390
6.2830 0.5114
-3.4030 -3.3821
-0.4861 6.3877
-3.0032 6.3233
6.1976 0.3270
-4.2159 -5.0452
-3.3443 3.3485
-1.7722 -3.4361
-7.6723 -3.3745
-3.4256 -3.3433
5.1088 1.7725
-1.6391 3.3263
-9.7402 2.1146
-6.3120 5.8292
-8.0324 -6.3347
-0.9837 6.3411
5.9845 6.1593
-3.3751 0.5251
6.3176 -3.3645
-3.3954 -8.7147
-3.4656 4.9678
-6.8126 -6.3970
6.2771 -3.3583
4.8586 1.4230
-3.2423 -3.3056
0.5028 4.6313
6.3903 3.7031
1.4881 -3.3118
0.5027 -3.3058
-0.9830 -3.4122
6.4637 -3.4250
6.3991 -3.3725
6.3017 -2.0357
-0.2812 0.8933
-9.0036 5.6836
-0.5093 6.5276
3.2753 -3.3425
-3.3693 -3.3654
6.0915 6.3676
3.1241 1.7802
2.3770 4.1849
-4.4570 2.8671
2.0140 1.8785
-1.2895 -3.3754
6.4633 -4.6604
6.3018 6.3855
-3.3872 -7.4563
2.7392 -3.3148
1.1931 6.1124
-5.6370 -5.6815
-3.3170 -8.3522
-6.1670 -6.4307
3.1699 -0.6480
-4.4198 6.7125
-5.9883 -3.3850
-8.7981 -1.1478
1.7348 -4.7508
-3.3980 -3.2591
-5.6578 6.0982
6.3445 -3.3259
-2.6596 -0.4423
-7.2995 0.4825
-6.5173 -0.9521
3.2822 6.2757
-0.1034 -3.3362
-3.2026 6.3211
0.5618 5.9447
-5.1654 6.4964
-0.4736 -5.4458
-7.6022 6.6792
-3.3309 -6.7654
2.9017 -5.1791
-2.9584 2.5174
-6.8624 -3.3797
6.3425 6.4816
-3.3433 -3.3244
-3.4095 -6.7062
1.3740 1.4908
-4.6792 -6.3030
2.6302 1.7450
-5.6359 6.4196
-3.3448 3.6678
1.9119 3.0404
-8.4664 6.1433
-2.3775 -3.2833
6.3516 6.4068
-3.3475 -3.4698
-3.3272 6.1994
0.1298 -4.0214
6.4577 -3.3945
-6.6227 6.5607
-6.9772 2.5195
-3.3528 -3.3274
4.3692 -3.4796
0.3521 -3.3884
-3.2587 6.5068
6.2796 1.0045
3.1278 -6.8312
6.2842 -5.3112
1.2966 -3.4941
-3.3765 -3.3615
-3.3820 -3.3173
-5.5690 3.7726
-3.3455 6.4072
-6.2182 0.1815
-3.5379 -7.8394
5.8556 -7.1132
6.1611 -0.5898
6.6145 -5.8298
-3.3471 -3.5407
1.7835 6.2871
-7.1553 -0.1215
