5
-6.1114 7.7290
-5.9071 -9.2225
7.1531 8.5421
7.1902 -8.2123
-5.0442 8.0669
-4.0468 -7.7743
8.5937 7.2562
7.9846 -4.6758
5.8719 8.6413
-6.7983 -8.3557
-8.4821 -6.7554
-8.9120 7.6585
-5.0107 11.1863
-8.9650 9.2535
7.5172 4.8531
5.5035 -4.7029
-5.1206 11.4359
9.8648 7.8017
8.0299 -5.3792
8.0991 -7.9278
4.7318 -8.5023
5.0494 -9.0436
7.4817 5.0294
-5.8280 -4.9659
8.8979 10.4694
-8.1368 -9.5453
-8.2088 -9.0999
7.8698 -9.4033
-6.2821 -8.7134
-4.8204 -8.3312
-8.7018 -8.4501
-6.3126 -4.8020
-10.0895 5.0242
6.1139 -8.7351
-2.8562 3.6065
5.9059 7.6533
-8.8247 10.2041
5.9208 5.5310
-9.5815 -8.5545
-5.5856 6.4705
6.0994 7.2107
-7.9449 -6.0482
-7.0664 -3.0508
-8.5905 -9.3449
-4.8902 -6.9025
10.7428 4.2202
8.7061 -8.6919
7.6501 -8.7849
8.3384 7.7416
6.3656 2.3079
-8.5299 -8.2576
-9.5420 3.8444
-8.0677 -8.9716
7.1221 7.8823
-6.8321 -7.1260
8.1378 -6.2088
6.4199 7.6594
3.4600 -8.0154
-4.6415 -2.8891
-9.1359 4.8122
-8.6847 -6.4350
5.6092 -9.0391
-4.6349 -3.9528
-3.3435 -8.6200
8.7151 0.4155
-9.8097 -7.9553
-8.5309 9.9005
-9.3334 8.8094
-5.4198 -5.9193
8.6329 6.3472
8.0785 -5.9859
7.4297 -6.0786
-5.1739 -4.4228
-9.4246 -8.7141
3.3378 5.2971
7.6482 6.7848
-7.9832 -7.5965
3.6006 6.7934
2.9546 7.4197
-8.8079 -7.4219
-4.4665 -9.2211
11.0066 -8.8501
-8.6824 -9.1123
1.6731 -5.5544
-9.0570 -7.3787
8.2943 -8.1387
-8.8885 -8.5462
10.8070 -8.4419
10.0295 7.6454
3.5036 -9.0368
-9.8567 7.8266
-8.3392 6.7854
2.9249 -8.0687
8.0236 7.9952
10.6165 8.0937
7.7921 1.9184
-8.4948 -5.7284
3.0569 -5.1842
8.5384 -8.6451
8.8631 -8.4733
7.8026 -6.7808
7.7354 -8.3190
7.6571 -9.5616
-8.1718 -5.1375
-6.7865 -6.0521
-6.3872 7.2880
-6.1379 7.7781
7.5108 -9.1981
4.3892 -7.0734
-7.4992 5.2030
-9.3076 5.2609
7.8252 5.1002
6.8285 -8.7886
-8.6476 8.0658
7.8865 10.0042
7.4201 -8.4460
-8.6345 -9.6127
-8.5797 3.1439
8.4616 0.6657
-9.3227 6.7169
8.5081 -9.3323
7.9281 5.1434
-6.1531 -7.6056
-8.3446 7.2048
8.6710 -6.8750
-9.2329 5.7677
-8.9802 7.7899
7.4698 -9.0633
4.8739 7.4671
-3.1932 -7.5477
6.2525 -8.1358
8.2154 -9.3438
-5.6366 -5.0505
-6.2158 -8.3661
4.3453 -8.2315
7.9162 4.6672
10.2795 -4.6502
-9.0039 -8.6160
-4.5776 6.5743
-8.6547 7.8495
9.8795 -9.4171
-8.6069 -5.3081
-8.6972 8.9082
-4.7598 -9.1759
9.9708 9.1556
-8.5826 -3.6749
-10.0266 -8.4297
11.0957 -8.5662
5.3131 8.1117
-8.9273 -5.8657
10.5017 1.5741
-9.0131 -8.3818
-9.1812 6.2709
5.7350 -8.5718
6.0148 3.1682
-8.2978 -6.5831
8.5489 -8.5993
-8.8477 10.4643
9.0183 -8.5653
7.3927 7.7700
-8.9318 -9.1486
6.3339 6.5823
8.9037 -5.6454
-9.3395 -9.5570
-8.3113 7.7045
-3.6351 7.5601
-9.7281 -8.7118
5.2448 2.5388
-8.5754 7.8831
-7.7641 -8.6514
7.1512 7.8889
-9.3253 -8.3603
11.1198 -8.5370
-8.5289 7.1462
-8.2149 6.1991
-5.9924 -7.6855
-8.8327 8.1166
-5.7903 -0.1043
4.7569 -8.5444
5.6805 -8.8687
-9.5852 6.9545
-8.7912 1.1213
-9.1245 4.8746
8.4077 9.4822
6.5739 8.6304
7.6796 7.0072
8.5242 -8.7637
7.8235 8.0221
-9.1848 8.9553
7.4246 4.4199
8.7112 -8.9065
7.9965 -8.8676
-5.4246 8.4000
11.8283 -8.1861
-8.0216 6.1184
-8.4485 -3.7966
4.6402 8.1315
-8.8030 -4.3327
-8.8439 7.7017
5.9268 -5.4653
-7.7628 8.0576
-8.7597 4.9964
8.2250 8.3688
-8.2864 -6.3225
-8.6179 5.4973
7.1312 3.7715
8.6603 6.6757
-8.6202 -8.8296
-8.5757 9.2513
-9.5868 -8.9738
11.4396 -7.0012
-3.7955 8.7230
7.3060 -9.4620
-8.3097 -8.9491
7.5350 -8.9711
-5.3540 5.0662
1.4559 7.4965
7.6471 -6.2276
8.2743 -9.1950
2.3000 -5.2132
-6.1332 8.2548
-8.9543 4.2463
-9.4535 -6.4009
8.7817 8.6440
8.0286 7.3600
-5.7933 -8.8266
7.6562 -9.0392
7.3720 7.7976
9.0314 -5.9276
2.7828 -5.0018
7.5571 4.2848
8.7825 7.7593
7.8793 7.2269
8.3981 -8.3918
-7.6611 -8.6565
-8.5152 -5.1365
7.4565 8.3018
8.2478 -8.7447
5.5597 10.0998
-5.7927 -9.3543
3.7285 8.3242
8.1997 -8.9772
4.4653 -5.3167
6.7873 7.6325
4.5400 7.9428
8.7558 8.5866
8.0861 3.0731
-9.4217 -9.0207
7.1536 -9.7020
-8.3476 -8.4706
-8.0973 8.7927
8.7747 7.7270
-9.0744 8.4212
-2.6688 -5.2269
-9.4468 -8.3965
11.3034 -5.0619
-8.0453 8.2010
-7.1433 6.2110
5.1555 5.1739
-8.3080 5.7017
-9.6321 5.0216
-6.2012 -8.9351
-8.8515 5.8426
-7.7933 6.9786
3.7294 5.8243
-8.0639 8.0525
-5.3425 -5.5423
7.8010 7.9885
8.6864 -8.5901
8.0735 7.0035
-8.3675 -8.9738
7.9844 5.8694
-8.7714 -8.3500
-8.0487 5.4629
-4.9738 -4.5151
-8.0405 7.8795
5.3992 9.8482
-7.6988 8.6897
7.7589 -6.1644
-8.6123 6.9670
8.5147 -9.5085
8.2436 -7.8658
-8.7320 -9.8824
7.4023 7.9361
6.3489 2.2319
6.8072 -5.0219
7.5363 4.5847
-4.0965 8.0893
-6.6620 -5.4804
-8.0203 -8.3346
-8.2877 -6.8420
8.3971 7.8169
-9.1763 -8.4100
-8.9339 6.7482
9.2809 -4.8564
-8.1859 6.3145
-9.1296 -8.8637
8.5562 -9.7807
-9.7374 7.2650
-8.7721 5.8569
-8.0026 7.2115
-8.2462 -5.5048
-5.7352 -9.0251
9.0435 5.1672
-7.7937 3.7085
-8.6912 5.4728
-8.4562 8.6376
-9.7455 8.3188
-4.4045 -3.4973
-8.2577 6.2451
-7.8819 -9.3095
7.7398 6.7138
6.6526 -7.2555
-9.5095 0.0980
-8.7932 -3.5554
-9.4870 -9.3519
-9.6680 -8.7976
6.1912 11.2821
2.5115 -7.0059
-5.0235 8.0934
-8.3111 -1.9388
7.3038 7.5814
6.1396 -6.0966
-8.5928 10.5514
3.6875 10.6068
-4.7699 -9.5258
-8.9888 8.9832
-6.5969 -8.7248
-8.1389 -8.5563
4.2915 -8.5738
4.0535 -3.0071
-9.3226 5.4571
-7.9572 -4.8181
-8.1410 8.9038
7.2675 -8.8725
-9.1551 8.5741
10.3843 -8.4660
8.2652 8.2315
-8.8009 7.3799
8.3853 8.1363
-8.1597 -6.6446
-8.4183 7.6051
9.0169 -4.4774
-6.4258 7.3304
-8.6107 -8.8447
8.2652 -9.2624
-6.3511 0.4763
4.1622 -7.9334
8.5985 -9.6015
-7.0683 -8.5200
-7.3262 4.6426
8.0017 -9.2120
6.7023 -10.8794
8.6698 -5.1021
9.2102 -5.3341
7.8528 -2.5979
9.7740 -4.7553
7.2484 7.6256
-7.8989 -9.2333
-9.2919 -8.3729
8.1746 -8.9641
-8.3249 -7.7833
6.9621 -7.8700
-8.5909 -6.8797
-7.2670 -8.5646
7.3370 -4.5006
7.3781 -5.6601
8.8766 8.1092
-9.0361 -9.2855
-8.8725 -8.8851
-6.2358 6.9895
5.7384 -5.7939
7.8643 8.5443
-6.2138 5.8488
7.4887 8.4284
-8.5499 6.8126
13.2419 -9.0038
9.1323 -9.2519
5.5915 -6.9557
6.0513 8.3131
-5.4830 -7.0279
-5.2051 8.1741
10.0159 -5.8916
1.0374 -8.3126
7.8804 5.3527
-6.2787 -9.7372
-8.4728 7.6937
-6.4832 -8.8985
5.7315 -9.8569
-8.8631 6.4450
-9.1693 4.8740
-8.2807 -9.3718
-8.6325 7.7035
-8.5046 6.4617
-8.5151 -6.2800
8.0998 -8.0564
-8.9428 -8.8481
-8.2347 7.4712
-8.1590 -4.5915
-10.0514 3.2101
-8.8812 -8.5934
8.9189 -8.9310
-5.8442 6.9490
7.9646 7.9678
-3.5430 -9.6436
-8.3153 -6.5021
4.0679 7.4194
-8.9217 5.7522
-8.1150 -8.5646
-7.9983 0.6335
7.7158 -4.5670
-9.2147 7.9779
-8.8497 -8.3373
-9.3291 -8.3465
8.5465 -7.6272
-8.8942 8.1882
-3.1633 6.0818
7.9479 -3.0732
-8.4934 10.3519
8.6247 -8.8580
-7.2914 -9.1729
-7.6594 -5.3688
9.6222 9.0807
5.2536 -2.2645
8.3373 8.2153
-5.0532 -6.7137
-8.8556 7.8579
-6.9308 7.2226
8.7364 5.1930
3.6117 -5.8069
-5.9289 8.3512
-9.1041 7.2524
-8.3212 -9.3706
-7.2786 7.6025
-6.3241 6.4802
7.6968 7.2185
-9.5188 11.4779
7.1700 -9.7199
8.6910 8.3622
-8.4414 -8.9518
6.0147 -7.8751
-3.7858 7.3552
-9.1803 -7.6201
-8.5573 -8.8324
-5.6287 6.0599
3.9495 8.9923
-8.1275 10.4900
7.8920 3.4416
-9.8480 -4.7158
-8.4212 1.9839
-8.5016 -4.1443
-6.8776 -5.0555
8.5993 -8.8782
7.9942 2.2447
8.3795 -9.2965
-8.2816 2.2553
7.8353 8.4403
-9.2752 9.0053
-8.6278 -8.9290
-4.4580 6.1279
8.4130 8.1406
5.0708 2.9709
-8.2766 7.7985
8.7916 6.7713
-8.6792 8.9087
-4.2556 -6.0072
6.7546 7.0478
4.8604 -4.0910
-8.7252 7.6290
-8.1743 3.6029
-4.5268 -6.1325
-6.9781 -9.1763
-4.5265 3.2075
-5.9599 7.4223
8.4406 -5.8626
-7.6764 6.5103
-9.6101 3.0008
-8.2030 -8.6858
4.2721 10.8739
-8.5501 -5.0635
6.1749 9.7592
-8.4511 8.3494
-8.2304 -9.0153
6.3449 8.1539
-9.0392 7.3146
6.9749 -7.3011
8.2925 -9.8266
-8.8219 -7.4353
10.4288 -6.6984
7.2615 -8.8673
-9.4317 3.7640
-8.9015 7.4425
-9.2797 -6.4671
-8.4852 6.8975
8.0116 -9.1919
-8.5508 -7.3148
-4.4423 2.1055
8.4652 4.3192
-9.2592 -7.9663
1.3101 4.6084
7.6811 -5.8366
9.0908 -5.0349
-5.5337 10.6668
-6.9572 -8.7433
-9.0371 -5.7871
5.7269 -7.7697
-6.6028 7.6436
-8.8991 8.0655
-0.1293 -9.1138
6.3217 -5.7510
-8.6527 9.6806
-6.4570 -6.0769
-9.6636 8.9525
-5.4365 -6.7532
-9.1626 -7.9725
7.8219 -7.8841
7.9530 10.4261
8.1972 4.4910
8.1130 -8.3254
4.1315 -5.9734
-8.5131 10.8613
5.9114 -8.9572
-9.3435 8.6533
-8.7080 -3.8378
-8.7152 -8.8439
7.6260 -8.4790
-9.0665 -9.1414
-8.5920 -8.3130
-8.4860 7.4936
1.2060 8.7496
-9.0935 -5.0104
-9.7197 -3.3810
9.8573 -8.6262
-3.2077 7.9236
-9.1565 7.8273
-5.2014 -8.6703
-5.7605 6.3498
-9.7501 7.6226
-5.7039 -8.0909
-8.0617 6.4402
-5.4946 -4.8608
5.1070 -4.7567
-5.9940 -4.9024
8.0003 8.5204
-8.2118 8.2322
7.9282 7.9689
8.8289 8.2499
-6.4751 6.9768
-9.5455 8.2544
7.2411 3.2183
8.1263 9.0880
7.8918 7.7601
7.4396 6.3245
-7.7896 -2.6829
-9.0044 -8.3918
6.2253 11.3708
-6.8696 6.0246
-7.6727 7.4005
-5.7428 -8.3378
8.6685 7.5632
7.7525 8.5678
-4.7056 9.1926
-9.1433 8.1801
7.6440 -9.5864
7.8180 -8.2436
8.1872 -7.0525
7.5916 -0.7754
6.9974 7.5549
3.0084 -8.9350
4.4135 -9.0907
8.1991 8.4362
-9.1843 8.2312
-6.1671 -8.8942
7.9368 7.8660
3.0806 4.7112
8.3404 -7.1941
-8.7445 -8.5200
8.3518 -7.8993
7.3497 -8.7943
-5.1485 -8.2980
8.0625 8.6389
-8.3251 3.5518
6.1063 6.5522
5.9791 -9.1263
9.3573 6.4684
5.7068 -9.4817
-8.2714 -8.6721
7.4059 -9.3828
-9.5648 -8.3945
10.6072 -9.6355
-8.9660 7.8577
-8.4950 -5.3471
9.8852 -5.3136
5.1595 7.7292
-5.9828 -7.8445
6.0410 4.8871
7.1131 7.0435
8.2535 -4.1228
8.4338 7.0561
7.4886 5.8035
11.7768 7.2230
8.4792 8.2909
6.4876 -9.5322
7.7620 -9.0915
8.2352 -4.1364
12.3377 7.5497
-8.8407 7.6906
10.9766 -8.9242
-4.7816 2.1144
-8.5067 7.7642
5.7702 -5.0448
9.1338 -9.8577
8.7425 -9.1478
8.7569 5.9523
4.9246 8.2426
-6.7216 4.8172
-8.1732 -8.6229
-7.1044 8.0117
-8.9204 0.6767
7.8846 7.7887
7.5713 7.6325
-6.1632 -7.9446
-6.6736 -4.7509
8.3211 8.2409
8.6577 7.3476
7.1034 9.1160
6.7855 -5.7200
-9.4394 8.3480
9.5558 -8.7713
-8.8712 9.8224
-8.6102 -8.8806
8.3307 8.9094
-8.6653 3.0201
-7.0552 3.5514
8.1442 5.9138
-8.3067 -8.7228
2.3960 -6.4787
7.3428 -8.2332
-9.1213 -3.9484
-5.6645 -4.9274
-6.0418 7.1903
7.8402 -9.2123
-7.2070 -7.6580
-4.2076 7.8173
8.7981 -9.7894
7.3329 -8.0860
7.6220 7.5556
-5.3662 -3.3035
8.4041 3.9627
5.0182 8.8749
-4.9939 -8.2804
-8.4051 8.4129
-8.9037 7.7821
-9.1514 -7.9673
7.3319 8.2355
2.6459 7.7030
-5.2540 -6.3045
8.3676 4.0409
6.4987 7.1479
2.4966 -6.6271
-6.8057 -5.1352
-8.8443 2.8665
5.3073 -8.8502
-9.7436 7.6851
6.9451 8.9523
-9.1941 6.6619
5.8692 8.7378
6.4389 9.1902
4.3676 -9.1716
7.9797 -9.6081
-5.0990 8.1771
7.6472 -6.4020
-8.5762 7.4906
8.3434 5.4554
-7.7055 9.4431
7.7001 -8.1652
-9.2421 7.8141
-9.5081 8.5312
9.1622 -9.0094
7.3974 8.3276
-8.1301 -0.4863
-8.9135 7.4738
4.8660 7.5292
7.1938 -8.5309
8.4113 -9.0089
-9.4764 7.3249
8.8761 7.6001
5.8966 14.6071
-8.6509 -8.3225
-6.6093 -9.5579
-10.1659 -9.0557
-7.9222 4.7337
-8.3623 8.9087
7.5517 -8.0654
7.7752 -5.5261
7.5525 -8.6051
7.7572 7.0332
4.8105 3.2975
8.1535 -8.7321
-8.1623 -9.0526
7.9160 -9.2680
5.9540 10.8878
-8.7152 5.4789
-4.2986 -9.5850
8.6381 4.7644
-9.2431 7.5513
6.9677 4.4240
-5.2422 -8.7537
8.0299 -9.2948
7.5317 8.2947
-8.2572 -9.2570
9.6629 8.6910
-6.7827 -8.5793
-8.5957 7.8578
6.6659 -9.5697
-7.3837 8.2423
8.6244 -5.4845
-4.1032 8.8297
2.5939 8.0999
-5.6109 11.1022
-8.0582 -8.3434
-8.2465 6.0008
-7.5166 -7.1589
-5.0786 -8.6436
-2.9936 -9.5929
-6.8843 -5.6457
7.5384 -7.7698
9.6476 2.3275
7.2076 -8.9371
7.9822 5.6215
9.6028 -8.9873
-7.5717 -8.3437
3.8738 -7.0254
8.4903 11.1664
-6.8987 4.8182
-5.8810 -10.2016
5.2738 -8.9761
-7.9056 7.9575
8.1699 -8.3122
7.7475 5.2229
8.2701 8.2451
-8.0891 -6.3497
8.3591 -8.6340
-8.9734 -9.7332
6.2447 -8.2346
7.5016 -5.0314
-8.4896 8.9333
6.1453 -8.6540
-4.7120 7.5874
-4.6396 -5.1836
-6.7387 2.3635
8.5631 -8.1701
-8.5043 -5.7034
-5.1297 -4.5989
3.9891 -3.2762
-5.1026 7.9963
8.2102 7.6355
7.3165 -8.2636
5.2469 4.9108
9.9841 -4.8316
-8.5976 -8.1669
7.8035 -4.0730
-8.3398 -8.7822
-5.4566 -8.0136
-7.9752 -8.4886
8.4757 -5.3153
8.0320 -9.2480
-3.9545 -9.3068
8.0879 -9.2510
-3.6614 7.1806
-3.0468 -8.5968
-3.3717 -8.6047
-8.0658 6.9583
7.9340 8.9056
-8.9875 -4.2161
-4.6421 9.1668
8.5902 8.5734
5.6155 -8.4257
3.9414 -6.7542
-10.1687 -8.4591
8.1308 4.1414
-8.9498 5.0360
-8.9705 5.6940
9.2550 -8.0104
7.7116 -5.8447
7.8442 4.5075
-9.9466 -6.3883
5.3665 7.6230
7.9334 -8.1887
6.5650 5.8144
-5.6741 -6.5785
8.0511 -5.8377
-8.5573 7.3871
-5.3752 -9.4532
-6.5902 9.5564
10.3319 -5.9357
-9.0231 8.3769
-8.0691 -9.6356
-8.5244 -8.4863
-8.5573 6.6760
-6.0697 -8.7552
4.1630 -2.6501
-8.6646 3.5005
8.0508 -3.5354
7.6555 -9.2984
6.6828 5.2762
8.7894 -5.8106
-9.7887 -4.4436
-8.8804 -6.0895
-8.0096 -6.0866
4.6877 -3.2308
3.2480 6.8318
8.8294 2.9971
5.5307 -8.5383
-7.6568 -8.2047
-8.6420 -9.0008
8.7081 7.7267
-8.8881 -8.3592
6.2389 -8.0648
-8.9623 -7.7325
6.2958 -8.9798
5.6337 -8.9325
7.2322 8.2062
-9.5634 8.5485
-5.7424 -9.0790
-4.8368 -8.6666
-3.0397 2.8117
7.8460 -4.9685
-8.2337 -8.9065
0.4920 7.9502
8.4800 -8.2465
-8.6473 8.1689
7.3784 -6.1505
6.4290 -8.1980
7.1147 8.2062
7.5514 -5.1749
-6.9211 -8.7655
8.7895 -5.2144
5.9225 -9.4202
9.3175 9.2234
-5.1587 -5.5139
-8.6014 7.7033
5.8043 -8.2679
-6.1864 -8.8147
-9.1600 -9.2534
-9.2791 7.6946
-6.7329 -8.5488
-8.5061 -8.4896
5.9112 8.3026
-8.0827 -6.3864
8.3945 -9.7327
-5.5157 7.5370
-8.9166 8.3043
-8.5796 8.9453
6.4477 -5.4897
-9.4218 8.2843
6.8932 -8.9669
7.6487 7.7868
-8.2305 -8.7061
-8.8799 6.1432
8.3514 -6.2682
4.5656 -5.8452
8.0047 9.4146
-8.5512 8.4781
2.3002 8.4537
7.5790 9.3043
-9.1479 -3.3353
-8.2823 -8.6962
-8.0373 -5.0519
-8.1374 -6.8546
1.7066 7.3448
-9.5495 -9.3534
-9.6814 -8.1792
-8.1413 -8.2418
-4.1559 8.8967
-5.4757 -9.0885
8.5596 7.3085
-8.0545 5.6232
7.3812 8.6067
11.2019 -8.3291
8.9520 -7.4192
-4.7757 6.1616
-9.4107 3.8365
4.7303 8.6697
7.7499 -9.6782
7.5440 8.3468
7.3625 6.8052
-8.4406 -5.7287
7.9133 5.6997
7.7953 6.8281
-4.8123 -8.4161
-4.3372 7.9177
-8.2893 -3.3316
7.7954 -8.9666
-8.6656 -9.0465
-10.1371 -4.9785
7.7777 8.4257
-7.7926 11.1182
-9.0259 -9.1451
8.8582 9.3482
-9.7286 -5.2329
-8.6216 -10.2285
8.5556 8.7197
-9.4263 -8.9156
-8.2385 7.8017
8.2603 8.8606
9.0443 -5.4163
-6.2948 3.0097
-5.0009 -7.1863
-8.6253 8.4750
-9.4994 9.0108
7.5524 6.5220
-9.7785 -8.8335
-6.5135 7.1919
-7.0762 -8.6388
8.2346 -9.2717
-9.2145 5.4861
6.3364 -4.6563
-8.7150 -7.2157
7.8116 8.8615
-7.8713 8.3963
-9.2985 9.9790
-8.7176 7.0277
8.5719 -8.3588
-5.7372 -9.0132
-9.2748 7.6742
-8.9996 -8.3907
7.7323 6.9460
8.1522 7.9177
12.1871 6.3195
-9.0144 -8.0879
-6.4899 7.7234
8.5957 7.5306
3.0357 -3.2483
-9.1448 -8.5059
-8.7299 3.9466
-2.5777 4.1108
9.8911 -8.0183
8.1686 -3.6225
-6.4690 8.1470
7.4768 -8.6322
-8.1586 6.5759
-8.4655 -4.0279
7.9389 9.9741
-9.6411 7.8057
-8.7253 8.0388
7.6912 9.1292
-6.6297 8.2953
13.6942 7.6547
8.2075 7.5592
-8.8921 -9.4903
5.5669 5.0166
6.9949 3.9727
6.0031 7.2110
5.1285 -8.2584
-9.4887 -9.5110
-4.6027 -8.3882
-8.5486 -5.3502
-9.4119 6.0265
8.8860 -8.7600
11.0683 3.2364
8.6239 -8.9418
6.0729 -8.8896
6.2004 3.9625
7.4829 -8.2198
-6.3094 -6.7862
-8.9296 -6.7940
8.7078 -4.0245
-8.9520 8.0627
-8.5651 10.7087
-4.3918 -5.9098
-8.5166 6.0579
-5.7834 2.9284
-8.6439 -9.3929
7.6720 7.1015
-9.0450 8.3113
8.5624 7.5865
-3.5542 -8.8770
-9.1959 7.7055
8.1090 -8.5388
-9.1853 6.6499
4.2536 -8.1252
5.0407 -6.3798
-5.4170 -7.5787
-9.0767 5.8855
8.5662 7.8944
-8.6556 -8.6509
9.0900 -4.8784
8.8215 8.0737
-5.5436 9.0376
8.3553 8.1947
-9.5362 -9.2344
-7.6928 0.3273
6.2149 -4.6024
-9.1209 -7.6298
-8.0034 -8.9322
-6.5438 -8.4299
6.8488 8.5809
-7.8692 8.2390
9.1983 -6.3639
8.1772 -2.3955
7.6991 -8.8129
7.6110 7.2063
-8.5787 9.5136
-6.8344 -9.4300
-4.6466 -4.8734
6.1274 -9.2120
-10.0243 7.5140
-9.7485 -9.5576
-9.2496 6.3648
-10.0784 6.2835
5.6052 8.6481
8.6426 7.5177
7.9726 8.0073
-5.4349 6.1631
7.3416 8.7811
8.2993 6.9411
7.2337 5.5531
-5.6289 8.2650
7.3492 7.6570
-4.5189 7.1184
-8.5042 8.6522
-4.9296 8.4138
-8.3580 -7.9301
5.3635 -7.5671
2.3300 -8.5701
-7.3677 5.6091
7.6084 -5.3035
8.3262 -7.8265
10.6628 7.4334
-7.4143 9.3298
-5.7979 8.3076
-6.0991 6.1916
-8.8221 -8.5674
-8.6801 8.7419
7.0194 -6.8482
-5.2362 3.1681
-8.7782 7.3242
7.4112 5.1883
-8.5872 -8.1149
-9.7807 7.5099
7.2426 -5.0103
6.1626 -8.5882
-9.2595 8.3097
8.7928 -6.3860
8.3966 8.2034
3.0836 6.9862
-9.0716 10.1311
-7.6805 9.5042
11.6478 10.3068
-9.8670 -8.4135
7.0022 -8.0043
-8.3126 8.4608
7.0841 7.5915
-4.2192 2.2538
7.7010 8.4574
-8.7556 3.3476
-10.2084 -8.3647
7.9073 -5.6086
-5.9492 -7.8411
8.7436 -7.7021
-9.3253 8.5987
6.2138 -10.0072
8.4961 8.7023
6.0810 -6.1424
-4.9536 7.9376
-9.5915 -7.7833
-9.1942 7.8533
-8.8129 7.8745
-8.9828 8.0097
-4.3859 -5.1239
-9.2927 -8.7944
8.3239 -8.9121
-9.2395 10.0945
7.6433 -7.7916
3.0165 3.0774
-9.1169 6.7106
-7.5882 -5.8479
-4.6385 7.4155
3.3290 7.6267
8.4512 6.4600
-5.4480 2.9740
-9.6853 -5.3791
7.4587 -5.6069
5.5073 -7.3933
-5.7824 -8.5183
-8.3175 -8.6977
6.1086 -2.5519
9.4944 -7.7047
-9.4484 -8.9139
5.5825 -5.0719
5.2279 -8.3471
-8.9673 -5.8958
8.4331 8.3869
7.6364 8.3235
8.7776 -8.9817
-5.4795 6.2259
-6.2813 -7.9793
-9.2074 -9.0393
7.0552 6.2673
4.8241 7.5433
-9.9240 10.4793
-6.9328 -6.7099
5.2615 -10.3189
4.9726 -4.8533
11.5042 8.6749
6.8959 10.7081
-9.3561 7.2796
8.2940 -8.5324
-6.7220 -6.5729
-8.6439 -8.4947
7.3570 -8.3116
-5.4393 5.0736
3.2064 8.2996
-7.8199 8.3449
6.3185 -5.3710
-9.3915 -9.1032
7.0209 8.2417
-8.5839 -5.6309
-4.4887 8.4534
8.0105 6.6113
-9.1617 -8.6097
-8.4366 7.5590
8.5376 -4.4188
8.3837 8.2020
-8.7242 8.6212
9.0158 7.4319
-9.7113 3.3901
9.2981 -4.7527
-8.7834 -9.4590
7.5711 7.6684
7.4957 -8.1588
-8.8728 6.8878
-10.0531 -6.2776
7.0288 -5.6439
8.4339 8.0062
8.2077 -7.8890
-8.8761 8.4959
-8.4151 -8.8294
-8.8858 7.8139
-7.6836 5.8778
-7.8450 7.2300
-8.8450 -8.9920
-8.5899 -8.1685
7.6751 -8.5600
9.2066 7.9601
-5.1600 7.9343
7.9833 10.4450
-6.1916 5.7721
-6.4292 7.9953
-8.4737 -5.6576
-4.9740 7.9830
-9.0901 10.5635
-8.3873 -5.7381
-5.0378 8.5212
7.5430 4.3468
8.0304 -3.6893
3.1848 -9.0072
8.2348 6.1832
-8.0000 -9.0911
6.3967 5.8957
-8.4016 -9.4211
7.8523 7.7596
-8.1890 -9.6260
2.2603 7.0933
5.2049 6.4679
-9.4827 -8.6038
-8.3545 -8.8351
11.6514 -8.5154
-8.9085 6.5916
-9.3413 8.4084
-6.4067 -8.0585
-8.1793 -9.0095
-6.1701 -8.9836
8.1355 6.7306
-7.7099 -8.7527
-5.7997 8.0807
-8.2399 7.6908
4.2127 -8.5814
8.1501 9.4052
2.9368 7.5388
-8.2686 6.5517
-9.1918 -7.5615
-8.8791 3.5225
4.8158 -8.3935
-9.1648 -5.9127
3.8338 7.3717
-8.5499 7.6814
-8.8766 7.3235
12.3972 -8.7108
9.1584 -5.0993
-6.1774 -8.6229
-8.4832 -8.2548
7.5071 1.8420
7.4678 7.8260
-7.7302 6.9316
8.4045 8.7577
-8.2277 8.6734
-8.7878 6.0988
-4.8749 -3.7914
-8.2980 -6.1194
7.7236 -9.3860
6.9774 -2.9255
-8.2142 8.8134
-5.8824 -8.5145
8.7771 8.3036
8.8871 6.7409
8.4109 -9.4396
8.7783 8.9197
-7.8349 7.2676
-8.4778 7.9027
-8.3993 -9.7737
-6.6513 8.5325
-9.6110 -4.8673
4.0372 -4.6396
1.7279 -8.7363
-5.2123 -8.8703
-8.6038 7.5566
4.9143 -8.1900
-8.8600 5.7214
-9.2013 9.8236
-9.0266 -8.7476
-8.7086 5.0763
-6.2139 -8.1239
-7.9217 12.4833
7.7958 7.5711
5.3956 -4.6659
5.6289 6.7769
7.7786 -5.1740
7.6891 -9.6036
7.3265 -9.6380
6.6321 5.3279
12.5371 -8.2601
-5.0164 -8.8796
-4.4313 8.4831
-8.2218 7.5538
-7.6284 -5.1714
-6.8725 -5.7123
5.7833 -8.8773
-5.8081 -8.4858
-7.3332 7.4937
10.7085 -9.5592
8.3077 -8.8005
-3.2575 -8.2215
-9.3672 7.9772
-8.6942 -6.8225
7.1126 11.2683
8.2112 4.9904
5.5762 -5.0702
9.2658 3.5990
9.9974 -7.9248
-9.2994 8.4969
8.0135 -8.1822
2.5869 9.7331
-9.0503 9.5884
7.6334 -7.0551
-4.9516 7.1679
5.3302 -8.7799
-5.6369 -6.9365
-2.3234 6.3181
2.5714 -3.6799
8.6038 -9.5606
4.3409 -8.6381
-4.1214 7.5103
8.8187 7.6196
-4.4391 -9.0174
-8.2407 7.2656
8.6875 -6.9477
1.4214 -8.8825
-8.7283 -5.4276
-8.5819 3.0935
8.4154 -7.9776
8.3815 -8.8698
11.9175 8.2133
7.4109 5.3138
-5.4274 7.3590
-4.9274 -5.9687
6.6893 -9.0572
-8.4656 -9.5929
6.9438 -7.3562
4.2206 -8.5307
7.4798 7.2762
6.4184 -9.3999
-5.4010 13.7177
5.7195 -7.8519
9.1394 8.6768
8.3109 6.5393
7.4478 -8.5134
-4.4497 -8.9542
7.9964 -8.9677
-5.0621 -9.4844
-9.8030 7.3895
8.2944 -8.8843
3.1302 -9.0191
-6.8836 2.8291
7.0604 -4.9035
-9.4168 3.2564
8.1702 7.5069
7.8533 -8.9152
8.5958 -2.8039
-7.0388 -8.6209
-9.5088 -8.6314
7.4083 5.0408
-3.7693 6.4138
-8.1143 5.4220
7.8070 8.0540
4.4415 -9.0899
-8.4470 -8.1105
8.5377 -9.2602
-8.7158 7.8386
-9.6698 -8.3775
8.4765 7.2286
-8.9933 7.4794
7.6754 -9.2572
5.8318 -9.0690
-5.5358 8.1684
-8.5882 7.4210
9.4988 -4.9198
5.8844 4.2457
7.9180 -5.9695
-9.2921 -6.8902
8.1091 -8.1331
-5.6941 -6.1203
-8.2989 6.6578
8.7822 7.7869
-5.0217 10.0066
-8.0098 8.2101
8.3262 7.6848
-8.1063 7.6410
-8.6766 -5.0216
-4.4555 10.2871
12.4071 -8.7135
8.0922 7.7001
8.0836 7.5452
-8.4893 9.5146
-7.9912 7.0727
-8.7586 -8.9794
7.8984 -7.5916
-8.6515 -6.0741
-6.3067 5.9289
-8.5674 4.0529
9.1759 2.6478
-9.5505 -8.7783
-6.7646 -8.3093
2.8895 5.0759
-9.2184 5.0007
7.3088 7.0437
8.3975 -8.5647
7.7928 8.0829
5.1977 -7.5510
-5.1903 8.3726
12.9552 -8.7560
-9.2462 -8.1785
6.8344 6.2806
-8.5422 8.2381
-4.3275 -9.5201
8.2543 8.2016
-8.3366 -9.0105
-5.3908 7.9012
5.4828 -1.8046
-4.6214 5.6318
-4.7961 -5.9248
7.2272 -4.5318
7.6936 -9.6850
-8.5725 -6.7002
-7.9015 5.6262
8.9049 6.7286
-8.5651 4.5900
11.5370 -8.3266
-8.0352 -9.0149
10.0659 8.5592
6.9619 -8.6831
-9.2224 7.7988
-5.1205 -8.5050
-9.3339 -6.0027
-8.3778 6.7514
7.8071 -4.8149
-5.7119 7.9227
-8.3808 -4.6167
-8.3857 5.0404
7.2801 -6.2270
10.0182 -5.0913
-9.3248 -9.0203
8.0862 8.0849
-8.0262 4.9544
-5.2397 -8.4104
7.6735 8.8019
8.4561 9.8175
-8.4590 7.6460
10.4986 -8.7211
-5.1851 -4.6796
-9.6002 7.3467
7.0239 7.4960
8.5342 -6.1350
-0.3120 -9.1495
8.3590 5.3491
3.7761 -6.3472
8.5934 -8.3362
7.6895 -6.1478
-9.6297 7.9700
-7.8861 8.1933
8.4879 5.5954
-8.2969 7.3554
-8.4834 -6.1065
-5.2289 8.5653
-7.7725 -9.3690
-8.5892 7.7901
-7.8057 -8.4058
-8.9387 -9.1284
-8.3396 -7.5899
-8.6245 7.0343
6.1765 4.2935
5.2384 -6.2312
5.0595 -5.9852
7.5353 -5.7708
-8.7258 8.0020
-5.2659 7.5997
-7.1761 7.6082
-8.6164 -8.4683
8.2464 -8.7406
-4.6475 6.6941
7.4730 6.1158
-6.9779 6.0686
-9.2504 -8.7413
4.9075 6.8798
-9.2513 -8.7722
-7.7622 2.5667
-4.6421 -5.8310
-8.7928 -8.3512
5.3883 6.7608
5.8695 -5.7222
0.3158 -8.8684
9.0921 7.3757
-8.6791 7.6875
-6.8123 -8.7339
-8.1382 7.9142
-5.6516 8.4194
7.7489 -6.7241
8.7458 10.0938
10.9840 7.2931
-5.4991 4.2552
9.0522 -8.3307
6.8964 -8.8956
6.0019 -6.0824
-8.0967 -9.7899
-8.7056 8.4720
-8.5348 2.9533
9.5066 -5.4914
-8.5495 8.6111
6.0542 -7.9556
-4.5646 7.7602
-8.8902 -9.0847
-5.0767 4.0643
-8.1463 8.4529
9.5837 7.4608
1.3418 8.4962
-5.7423 -8.8982
5.2701 5.9705
-8.5177 8.4935
7.6710 -8.5179
-7.3582 7.5851
-8.9673 7.5780
-8.5112 -8.5980
8.3803 7.2432
10.1706 8.2681
-8.4438 -9.4642
-8.5148 -8.6796
-8.9676 -6.7021
-8.4492 -8.5115
7.3341 7.2647
-9.4755 -6.1157
4.3038 10.4690
8.2982 -9.1752
8.8306 -6.9080
-8.2257 -9.3299
-9.8297 14.6271
7.6976 -9.5885
11.9217 7.6255
-8.2615 -8.7770
-8.9988 -9.1812
1.7944 -6.3955
-6.6156 -6.4527
7.5264 8.8256
7.8006 -8.1152
-8.2472 6.1835
-8.5102 -5.2774
-9.3699 -8.9137
-8.3735 -7.8920
-1.9129 -8.5044
7.3519 7.0653
-6.0599 -8.9910
-9.3085 9.4613
-8.5899 -7.0120
8.4917 9.2305
-3.8266 7.1617
-8.5004 7.4596
4.5286 -8.7376
-8.7536 7.4778
-9.0746 7.6151
7.9275 10.2377
-9.2272 8.5140
-8.9565 9.1656
2.2649 -8.6213
0.4423 8.1446
-8.0940 11.7857
-9.2371 -9.0784
6.3746 -8.2586
11.7132 7.9032
10.5478 8.2676
8.2790 -5.9583
-8.4749 5.9777
8.4047 8.3972
4.9252 6.4456
8.9698 8.0811
7.5673 8.1812
7.5455 -8.3863
-9.3109 -8.3273
3.4362 -5.2629
5.5456 -5.3161
-8.6489 -5.1952
8.2656 -8.7442
-8.2321 -9.4340
7.7164 -8.2685
-7.9038 4.5225
-8.9679 8.4456
-8.1713 -8.6865
3.3717 -8.5594
-7.8809 -2.9738
-9.3860 -6.7587
-8.3454 -9.2169
-9.3293 -8.2792
-9.5291 -8.7998
7.9898 -8.8858
8.4348 -8.1067
7.4495 -9.0308
-8.7433 11.8154
7.2290 -5.3123
2.9546 -8.9735
-4.7982 7.6657
2.8344 -6.4052
7.4224 -9.3081
-7.3048 6.8767
-8.4056 3.5855
-6.4003 4.8704
-3.3788 7.3739
-6.5092 8.4432
-7.1731 7.3170
7.8164 -4.1027
7.5498 9.2108
-5.5089 -6.9939
-8.5770 9.3215
-5.2413 -8.4384
6.7481 5.9544
7.5360 8.0672
-6.7136 4.0869
-9.1270 -9.2983
10.6312 6.2357
-8.3241 -7.5808
8.5524 4.6579
-4.9854 8.9977
8.2924 -8.7041
11.6343 -5.4068
-8.0748 -8.8013
5.3900 7.8327
8.4028 8.8769
3.0449 7.4920
-6.4172 -5.0428
4.1659 -8.4477
-5.4320 -8.7961
9.0525 3.8381
-9.0863 11.6311
-8.6328 -8.9518
13.0607 8.1069
-8.8712 -8.6057
-8.2747 -8.6052
-3.6599 -8.8929
-9.4232 -9.0336
-2.0875 -8.9818
7.8207 10.2429
7.5611 7.5250
-8.4915 -3.8834
10.6674 7.9940
8.5706 7.8262
6.7395 3.4749
8.1810 -9.1561
-9.3214 8.9156
-7.2051 7.8410
-9.3114 8.7119
-9.0993 -6.0158
-9.1912 2.2737
-4.7009 7.7374
9.5767 5.7875
7.6691 10.4831
8.4254 7.0909
7.4046 -8.6327
8.3284 5.0383
-9.1443 -8.6129
-8.7602 7.0041
7.1667 9.4542
-8.8246 5.8008
-8.3019 -6.1037
7.5536 8.6038
-7.4437 -5.4634
-8.6225 -9.3477
3.7012 8.3021
4.5142 -9.1805
-5.4723 -9.0348
3.0096 -9.0844
-8.0205 9.7079
7.4337 -8.7871
-8.7975 -6.5868
-8.3506 5.9867
-3.1186 6.6574
8.5934 7.8192
-9.5038 7.4348
7.6973 8.8840
-7.5608 -4.9548
7.5150 4.7644
-5.4954 8.9548
7.7470 -8.6576
-7.2696 -8.8911
-5.9436 10.2508
-4.1037 9.0834
-7.6829 4.7575
-5.4191 -4.9126
-8.3156 4.8546
7.0264 7.5267
3.8063 -6.3486
-6.0153 4.7560
8.3512 10.6158
-7.6270 -8.8129
6.7876 3.5416
7.5007 -4.8876
-5.7672 10.6828
7.9007 -5.4904
7.8238 -8.6868
5.7676 8.0507
8.1055 4.2033
8.8800 -5.7028
-9.0991 -5.6305
3.5794 -9.5996
7.4332 8.6602
-6.5028 -8.4952
-8.2681 9.7223
-6.5914 -8.5718
-5.4006 -9.3039
-8.4735 -8.8715
-7.7200 -8.1178
2.4582 -8.5433
-7.3508 -8.2150
7.8992 -6.5391
-7.9710 -6.2959
8.5549 -9.2271
-5.1667 -8.7274
-8.8645 -4.6159
7.7163 -8.9039
5.9765 -8.3908
-6.8688 8.5079
8.7071 -7.3527
-5.4987 -8.1772
-8.8659 -8.2941
-5.1267 -3.4254
-8.7130 6.2763
8.4187 7.3064
-9.4184 -7.8931
-9.3675 -8.4875
-8.7674 -6.7076
-6.1613 8.7174
7.7123 8.6637
-8.4199 3.2104
7.7252 7.9481
-8.5969 -8.2341
11.1775 7.4969
4.4621 0.8645
14.9104 -6.1985
8.3350 -4.3666
-4.3982 6.2480
8.1489 7.8268
-8.9828 5.8225
-6.0286 -5.5357
4.0549 7.8391
-8.8996 7.8983
-8.0238 -9.1832
5.7918 8.2885
-9.1377 -8.4639
9.2655 -2.9411
-9.6502 10.2608
7.5586 -6.5180
-8.7053 -6.1164
7.5549 11.8418
-5.3001 5.9796
7.5497 -7.2000
3.6725 -8.5327
10.6808 3.6453
7.3720 7.2291
-9.2719 11.0963
-7.6712 9.5170
4.7291 8.0520
-6.6934 7.7916
-8.8242 8.3398
6.8874 7.0215
5.8475 -8.5939
8.6760 -5.7438
-8.2397 -8.1110
7.0916 -8.2967
-8.5757 8.2446
7.1785 7.7929
-8.0761 6.6490
-5.6858 -8.6620
-6.3512 -8.5351
-8.1186 -8.0410
7.4007 8.5547
7.7163 -8.7742
7.8167 -4.0038
-7.9825 8.3435
11.7515 6.7095
11.6603 -4.9741
-4.2413 -9.3603
-8.6125 -2.7841
-8.1724 -8.4581
0.7000 7.6463
5.5206 -5.0568
-9.2577 -5.0176
-5.6196 7.5655
-8.2840 3.7421
6.3557 -8.6352
8.1072 -4.9017
3.9738 -8.5276
7.8823 -5.7170
5.7512 -7.1157
-7.5980 -9.3104
-8.6679 -4.7425
6.7169 8.3538
-9.2528 7.6132
-8.5982 -7.0158
-8.5721 -8.5892
7.5470 8.0238
7.8537 -5.5837
-9.3379 2.2219
-9.5672 8.8303
8.1582 -4.6930
7.6204 -9.2624
-6.5543 3.1553
-8.2201 4.0668
-4.8342 -8.3371
-4.5300 7.2941
-8.7109 -4.4821
-8.3920 -5.3896
7.3960 8.6624
-8.8187 -8.1804
-9.3572 -9.1825
7.7973 7.7740
-8.5894 -8.7015
9.3823 -8.3379
8.0578 -7.7258
7.2687 7.8249
8.3512 -4.9548
-8.2468 8.5683
7.3221 -4.9613
-9.3375 -8.8889
7.9618 6.2671
-8.8291 3.3797
-8.9420 7.2991
-8.5041 8.0869
7.3601 7.9965
-4.3437 7.1227
7.2167 5.9801
7.9532 8.0252
-3.9911 -4.9395
-9.3410 -5.7906
4.3638 2.8822
-9.6407 7.8665
3.4276 -9.5709
-4.1606 7.2896
7.8116 5.7937
-5.8874 -4.9748
-4.4075 8.1309
-9.0866 8.6855
-8.6146 6.4299
-8.1017 4.0120
9.5649 -4.5548
6.9739 -9.4734
6.9472 -7.3226
-7.7691 7.1533
9.4987 -6.6340
0.9593 7.5463
-8.9799 5.6318
-8.3630 -8.4468
7.6579 8.2853
7.6577 -8.8276
-8.9850 8.4023
3.8370 5.2553
7.7981 3.5650
8.1843 -9.5933
12.6764 -5.8412
-8.6553 7.3570
8.4173 -6.0698
-5.1911 -4.1396
-5.9893 -9.1142
9.0403 6.7403
-4.6052 -8.6542
7.8673 -9.2351
-5.4720 4.3023
-5.5509 8.4288
-8.3450 -9.1947
-8.9606 -6.1183
-4.6007 -5.4546
-8.6366 9.4458
8.3302 2.1170
-8.3603 9.0048
-9.5557 7.0950
-8.8710 7.2877
7.7251 8.1108
-8.4572 8.0065
-9.6261 7.9745
6.9394 -8.2870
-8.0550 10.4321
-9.1485 8.1410
4.0522 -5.0861
-8.5861 -8.0492
8.0164 -8.9509
-9.6905 -4.8971
-7.1087 8.2410
-9.1868 10.7551
-8.5754 8.1505
-5.2057 8.5843
-8.4027 8.5734
7.5712 -8.2465
-8.9566 2.7463
-7.8783 -9.0066
8.1859 7.2423
-8.0838 -4.8057
-3.6247 -9.4050
6.8378 7.4343
5.7041 -8.9946
-4.2694 2.8556
12.1008 4.3650
4.9165 -6.2869
8.8024 -6.9634
2.5685 7.6834
-4.9751 0.5525
3.8441 3.6206
-8.9183 -8.2919
-7.7827 8.6625
-8.7461 -8.3642
-4.6945 -7.6091
-8.5468 -5.0439
9.8893 8.8649
6.5706 1.5078
-8.5054 -8.4166
-5.0998 -8.5676
6.6764 7.9960
7.4903 -10.2551
-5.5294 8.1063
7.0229 8.3354
-8.8883 -9.7667
3.4104 8.5866
-8.8155 8.2886
7.9363 6.1556
5.0465 7.5745
7.2740 -7.8980
-4.1138 7.0795
-4.2464 8.1205
7.5286 -5.9449
-5.4065 8.8467
8.0208 -9.7617
-8.6094 6.1967
-7.8720 6.9758
3.4335 1.6627
-8.1972 -8.6486
-5.5930 -8.2285
8.0237 -7.6568
6.8791 5.2552
-6.6806 10.5835
-5.4043 6.7040
-8.2437 -5.4567
-6.3313 -8.6520
-8.3751 -9.3912
3.0418 8.1895
-8.7888 6.6942
-8.6912 -9.5492
-7.0535 9.0758
8.8335 -8.4935
-5.2049 7.3075
5.0444 8.2625
7.8029 4.8641
-8.8804 4.5404
-9.0619 7.9507
7.7939 -8.6503
-8.7715 2.8935
4.6771 -4.2857
-7.2690 -8.2514
-8.1369 -5.8274
-8.9656 -8.3446
-8.6549 -8.8776
-8.5480 4.9226
-8.5767 7.8635
7.9604 -9.3474
4.5796 8.9443
-8.9417 9.9112
8.2286 5.9258
-3.7680 7.7558
-9.3657 5.5327
7.5853 -8.7767
-9.8221 11.8431
1.5314 7.6763
6.8333 7.6815
8.9154 7.4678
-8.3122 9.0486
-9.3424 8.2052
7.9102 8.6555
-9.5088 9.7173
8.9436 -5.5517
6.7512 -8.6333
-8.3482 9.4650
-7.4057 2.8161
-8.6231 -9.3524
-6.7339 7.9061
-5.5757 7.4801
6.5741 11.4631
-8.7970 -4.5011
-8.3549 -9.7605
-5.3944 -8.9599
-8.0572 -9.1736
-9.2541 13.1478
-8.3801 -8.6813
-8.5928 6.0755
8.6094 -8.1143
4.3729 5.2417
-6.4222 -2.5527
7.6394 -9.4032
7.1927 5.9984
8.6296 -8.0384
8.2977 -8.4995
7.7505 -9.4464
4.3693 -8.3949
-9.3704 8.2573
-8.4332 6.5635
-5.3732 -6.4852
-8.7398 8.7883
9.5834 4.4272
-8.5448 8.6157
-8.9080 -7.6649
-8.6105 7.3644
3.6270 10.3436
5.4742 -8.3445
7.0099 -6.2506
8.0562 -5.1621
8.5495 7.6985
8.9124 -9.0639
9.9659 9.5558
-9.1930 7.9683
-9.8449 -8.6187
7.3272 -9.4714
4.3830 -7.8163
7.9299 -8.9195
-8.7491 -8.8919
-8.0483 10.0855
7.9892 -4.8696
9.2310 6.7126
7.7199 2.2681
7.7766 12.1361
-7.0878 8.3306
8.4288 5.5462
7.7958 8.5358
-6.5529 7.8559
-8.1412 -8.5414
5.9686 7.1784
-8.2142 -7.9272
-9.3748 -9.1941
-6.4600 -3.8641
-8.5115 5.8526
7.7036 12.3599
7.9803 -9.4170
-5.4357 -5.8590
5.5563 -5.8439
-9.1689 -8.9473
7.9057 -9.5938
-7.5154 -5.3666
8.2306 -8.5726
7.8047 3.7132
8.7581 -8.6911
-8.4358 -8.9836
-3.1419 -3.2776
-4.2920 4.1134
-6.3055 4.9838
-5.1934 -8.6126
7.7625 -8.4721
8.3413 7.5856
8.5119 8.3841
-8.0669 -9.3054
-5.8247 -5.5592
7.8703 8.4099
-8.5169 -8.5200
5.8582 -8.1996
7.0637 8.6069
-9.6565 2.2124
8.2146 -9.0571
5.9204 -5.7391
9.4779 8.6116
-10.0636 6.4029
8.9885 -6.5788
-9.0125 7.9039
-9.2347 8.0290
-4.6381 -9.3153
-7.9435 4.5575
-7.5622 -8.6565
7.0851 -8.6963
9.7302 8.8887
-8.5065 6.7205
-9.0038 -3.9090
7.8100 5.3018
-6.3292 -9.6377
-8.8378 -4.4570
7.1611 1.9790
7.6069 4.5757
-9.1704 7.8506
6.9491 -5.3856
10.7988 6.9534
6.1813 -7.1087
-5.5723 7.6045
7.6912 -5.3519
-8.5762 8.5369
-8.5841 -4.5287
7.9329 -8.3567
8.5873 8.3188
2.0136 8.0656
8.1072 7.4761
-9.0138 11.4744
8.5793 -8.2841
-7.7538 7.7862
-5.1491 -9.0995
-9.5233 -9.4943
-4.8509 6.7373
4.2424 9.0082
-9.0872 6.8026
8.4431 7.8654
4.0256 7.4144
-8.1895 -8.2568
-7.8260 7.5654
8.1752 -8.8917
-9.9456 7.8312
-5.3728 -7.9463
8.7509 -9.4806
-8.3781 -8.5206
7.9644 -5.3661
8.6281 -8.2482
-6.7796 8.2657
3.2517 7.3152
-8.2942 -9.5463
-7.6766 -5.1582
-5.5088 5.5413
-8.7682 -6.8246
-7.0892 -6.1151
6.4279 7.5694
-7.7016 -5.8240
-5.8930 -6.3459
-7.5937 -5.2049
-8.1431 -6.5884
-3.3099 7.7880
6.8138 5.5165
-8.6324 -8.6471
4.0640 3.3654
8.3827 8.4705
-8.7883 8.1737
-9.2772 4.8753
2.4323 6.5587
9.3611 8.5968
7.3845 2.2388
-5.3869 -8.8746
6.5665 -6.0846
7.0423 2.1336
-4.5616 7.3058
-8.7700 -5.8717
7.3492 -6.7671
-9.5232 7.9466
-8.7331 -9.4966
-8.4537 12.1282
13.4408 -8.3499
8.5943 3.1999
7.2842 8.2877
-8.7364 -9.0521
-6.2790 -8.7216
-8.2563 -8.0755
-8.8079 7.2462
8.4192 -8.3032
-2.6265 -8.3942
7.4423 -6.8824
-5.3590 -9.4090
-8.0618 7.1482
8.8719 -9.3048
-8.9412 9.0337
-8.5017 -7.2792
5.4361 7.2119
7.4265 5.0194
4.3197 7.8871
5.1561 3.6351
8.5992 -6.3943
3.7526 9.2405
5.7925 -5.5831
-8.3357 11.3269
-8.7248 -4.7897
-7.8222 8.6492
-8.3576 8.8694
6.7792 -6.7483
9.6589 -8.4399
-8.7888 -5.4826
9.3709 -8.6893
-8.4464 -5.3005
6.1108 -9.1507
6.6843 -9.5972
-8.4360 6.1895
-8.9331 -9.2237
-5.0129 -7.3455
7.9784 6.1560
8.7019 5.4039
7.6254 10.1635
-8.7996 5.7783
7.8092 7.4222
7.9901 -8.4918
7.3997 9.3167
8.0590 5.7790
-2.7155 8.7465
10.9761 8.2723
-0.9408 8.6725
8.1104 8.9654
6.2814 11.8441
11.0945 8.3364
6.4863 9.4657
8.3536 8.2421
-1.4873 -3.6557
5.9529 -10.0386
8.3598 10.3301
9.3204 -2.1471
8.4629 8.4246
12.4181 9.0469
7.2957 5.2586
9.9368 11.8205
12.3064 8.2715
7.5966 8.0076
7.6650 9.6013
-3.8414 8.2854
-1.8894 8.3267
9.4908 7.7520
10.4479 8.3157
10.7902 -7.6827
-4.3289 1.6247
-4.5201 8.3035
-1.4109 10.1120
-4.7479 6.5332
-6.4511 -1.2133
-2.5358 9.1517
10.7215 -6.6703
9.8297 7.1169
-1.4145 7.8521
15.5589 7.8890
8.2134 -5.3086
10.4759 13.9028
8.5845 -6.9587
-0.8806 11.1894
11.2815 10.4322
12.4707 0.8287
11.8093 8.1033
7.6345 -6.8893
-1.8835 4.6360
9.6408 7.7716
10.2475 8.4092
-7.2053 8.4793
-1.8957 9.1275
8.9892 9.4377
10.9308 10.1083
-5.6041 0.0842
6.1404 -1.7893
-3.2066 9.2303
8.4157 6.0876
4.7154 8.2796
3.8740 7.7165
8.4505 9.4053
-7.2367 4.5883
3.0771 -0.1882
8.6102 -1.8623
7.9895 8.2219
-5.3304 10.0733
8.7145 6.0400
-6.8217 7.9517
11.1169 -0.1050
0.4310 -0.0081
10.1802 0.6013
8.5216 10.4746
4.3000 8.7127
8.6184 8.7053
6.7159 8.3324
5.1747 5.3875
9.2987 -3.3869
-0.1290 5.8499
11.8137 10.0532
11.8952 -2.0420
7.6729 2.9252
8.4772 11.6304
8.0545 -3.1595
5.7589 10.4325
-6.1670 6.6541
-1.1919 -3.7910
-2.0942 9.9925
6.8078 -3.6754
9.8243 7.6481
-0.4289 -5.1102
0.4373 7.3645
-4.6505 8.4455
9.2451 11.0527
-1.3920 -6.3033
8.9955 0.7001
10.6680 14.1267
-1.8798 8.7502
7.8909 7.8807
8.7267 7.4705
10.0437 -3.3632
6.7062 14.3803
11.1037 9.0235
2.2789 7.9409
-6.3529 8.3050
7.6901 8.2955
-1.8594 8.1732
-2.0054 0.9062
6.9966 9.7480
5.3707 7.4381
11.1544 7.9007
8.3024 8.0097
-0.2679 7.9056
9.4958 6.3027
10.3639 -5.9916
7.1940 8.8919
9.4474 10.0128
1.3802 -0.3065
8.7589 8.3872
10.0255 8.7131
7.7061 -2.6776
-4.9632 -4.7391
12.0223 10.5464
11.4513 -0.0221
11.4780 9.0819
-0.4521 8.2346
11.9778 6.5020
-5.8153 -2.8477
9.0703 8.2264
9.1527 -6.7210
10.7883 -3.1239
8.5804 8.7684
-5.1512 10.8511
8.4753 5.3071
5.6733 8.4489
-2.9315 8.7449
-1.0098 9.4142
4.1329 7.5422
-1.9216 10.6098
9.0183 8.4389
11.0674 9.2075
9.0638 -2.1785
4.2184 4.8497
15.4184 0.8713
7.9724 7.5605
-6.1062 -1.2634
7.9200 -3.9209
10.2762 3.8638
-6.1127 8.4288
12.5395 -3.6861
6.5200 -1.4113
-4.3329 12.2235
-3.0539 10.4519
8.9035 -5.5206
9.6251 11.7625
11.7000 -3.8428
-3.9686 1.1456
8.7493 12.5176
-2.5196 8.3741
11.4486 8.7971
8.4847 8.7010
1.6594 -2.0605
6.6903 7.7340
-1.9943 8.6009
8.1828 1.8162
-3.9165 8.4725
12.1931 10.8503
9.9573 -2.1890
-5.6724 -4.8769
12.8022 6.3378
8.8623 -5.0731
-3.8540 7.9478
10.2114 -3.5049
8.6491 -5.6553
-7.3979 8.1532
10.1180 -2.4402
-3.0932 9.2660
-3.3087 -0.8881
14.3984 5.0956
10.0858 7.8723
-2.4894 -1.4064
8.4239 8.6213
6.8877 7.5861
-0.0084 9.9228
-6.6041 -3.3644
8.1125 -8.2410
8.8176 -4.1854
10.3805 8.6761
8.6646 10.3343
8.3447 8.7219
7.9633 8.4480
-6.9304 8.3496
8.3467 -6.6686
11.0061 9.1349
10.1413 8.8590
-7.7228 9.9666
-3.5731 6.4198
8.3832 9.6398
-1.9665 -5.4545
9.1237 -2.4826
5.1148 10.1462
9.5327 -6.5605
5.9298 -0.9905
7.7408 9.9821
5.3481 0.6196
10.6275 -2.5027
8.0962 8.2310
8.2765 -0.3444
6.1921 -5.3610
7.7763 6.8601
12.9216 6.2484
7.9458 -4.6760
-8.1717 -5.7397
11.4820 0.2021
-4.1100 11.5252
6.6283 4.6276
8.9358 8.3244
-4.7509 0.2235
-2.3344 11.5720
-6.8871 9.4311
11.0791 9.7546
8.9981 12.4453
7.9338 9.1593
-3.8359 8.1518
7.5055 7.6908
8.7425 -4.3076
9.8752 -3.0551
9.5569 11.6682
8.4056 8.2508
8.9324 9.0093
-4.5153 8.5986
-1.3626 8.3121
8.2566 7.5522
9.6772 9.3583
10.7082 8.1960
11.8731 9.9169
8.3018 8.2383
8.3976 8.3955
0.5051 -7.3714
-0.0627 -5.7175
7.9663 9.6601
8.3021 8.2666
-5.7737 9.5592
9.2487 7.1604
-3.7554 9.1938
10.6622 8.0770
-5.6899 9.8587
6.2503 8.3809
7.1783 7.6554
8.5784 7.6179
8.4527 7.4830
9.2566 0.6066
-3.9665 13.2499
-5.7630 6.9934
1.9953 3.9548
8.5121 13.4079
9.0357 -3.5323
7.9512 5.0257
8.8758 -2.3451
-1.8108 13.9186
7.7207 2.8423
8.1628 7.9293
9.1927 6.0660
11.4838 -2.8370
10.1080 -5.3229
10.0767 6.7959
-0.4551 3.6258
9.7620 -2.4331
8.3825 9.5888
11.4917 -2.5760
7.8997 8.6086
6.3976 9.1681
8.1512 7.8845
9.7387 8.6636
8.5706 -1.5323
-4.3776 8.3557
8.1102 -5.4344
3.9868 -7.5067
9.8297 4.3907
4.9308 -0.0392
13.1323 11.1328
10.9685 -8.6318
8.6929 8.3828
10.0074 -2.7858
8.8689 8.8817
-7.6123 7.8405
3.3477 -9.6365
-2.0204 14.2835
8.3920 10.9100
11.0591 9.3659
9.9422 9.4454
9.5134 5.8540
7.9454 6.0161
10.6533 -4.9753
-3.9444 -3.1449
11.0097 8.5588
7.9535 -5.2343
-5.8798 6.0298
11.2616 10.7296
8.3680 -3.5165
10.3040 1.3335
-7.2308 9.7092
-3.3807 8.9795
8.3782 4.4466
9.7336 7.3500
8.8512 -5.0638
4.7244 5.3580
-3.7930 9.0854
10.3754 0.6077
10.9112 -4.0936
6.9804 -3.5832
8.5116 -3.2597
8.3214 9.6116
7.0067 -1.2744
9.7459 1.0649
-2.5667 8.8736
12.2437 6.8683
0.8453 -4.0596
9.8600 0.2285
8.4934 -1.1378
-2.2106 -2.4522
-1.9062 8.4201
12.0990 10.6030
7.1949 7.8273
8.6194 -2.6442
3.5106 10.6168
7.9756 9.0952
9.7500 -1.8625
7.5296 10.0181
8.6125 8.0608
-5.5490 1.8052
8.2932 6.3427
-2.5583 -8.0517
0.5902 8.5976
-5.3512 9.1384
7.2856 -4.5012
5.5271 -2.2404
9.7968 -9.0419
8.6596 8.3890
-1.8548 -5.5189
12.8032 5.8982
-6.5845 8.8146
8.6088 -1.9109
8.0299 8.8140
8.5588 -3.5337
7.2697 -0.5495
8.9752 10.6871
7.4739 7.0785
7.5599 -7.2769
-9.6508 8.1986
0.2068 9.3413
9.8308 10.1773
-3.8000 8.1435
-6.1625 6.6049
-2.9912 -1.5529
10.7067 8.7434
-2.9229 9.8211
-3.1152 7.1109
7.0309 8.2881
6.2938 8.3140
6.4881 13.9636
10.1057 12.7437
7.2544 1.0930
-3.4945 0.4096
-3.0544 8.8949
-3.6706 -4.8374
6.5958 8.3942
0.8899 -2.0032
7.5004 7.3110
-3.7634 8.0961
10.7641 8.2762
8.2781 11.2059
8.4100 -3.3743
1.1155 -0.9013
-0.0472 10.5915
9.9103 13.3253
9.2763 8.4019
8.2036 6.5439
13.1648 8.3888
8.4045 -4.1058
13.5763 11.4029
-0.3193 11.6372
-9.1415 6.4129
9.6459 9.5811
9.1722 7.1784
7.7595 9.1769
8.0589 7.6229
10.1342 9.2259
1.2752 8.6023
11.4183 6.2126
-1.2208 -4.9232
9.0043 4.0670
1.4969 13.5516
-2.8280 -3.5904
7.4824 -5.7439
8.9207 6.9471
-3.8123 -1.3888
9.4880 -2.5940
13.1408 3.3318
10.0183 9.5469
-5.2650 -3.2227
-1.9625 0.7204
11.8953 -7.2845
5.8708 -0.8366
9.7984 0.0452
-0.7414 8.0936
-5.5843 5.6537
13.9588 7.9686
7.5911 4.2926
-5.7886 -7.1756
5.5771 8.7807
12.4480 -1.1077
11.1689 -5.5970
-1.7435 -1.8122
8.3959 8.3496
8.7271 4.1044
8.8211 -6.1159
-4.0052 -2.3912
-3.4351 8.1936
8.1445 -8.5092
8.0339 4.4824
10.0504 9.1239
8.0337 -4.7767
8.5952 8.5367
-3.1726 3.0481
-2.7632 -3.1648
8.1001 12.8710
9.5390 8.9838
5.3285 10.1864
8.8528 5.6301
8.7382 -3.8306
9.0367 7.9810
8.4763 8.0982
10.5634 10.9717
7.3245 5.6500
11.3889 -4.5765
8.4301 -4.8330
-2.6251 5.8398
7.7845 7.0894
10.0526 9.7235
8.4716 0.9731
10.7138 8.7167
-3.4728 8.4689
8.4148 -5.9219
-6.4187 9.0354
-2.0879 6.1849
7.0826 -3.5424
6.0336 -2.9300
-4.8314 7.4111
5.9979 10.0857
11.5830 -5.1204
10.1873 8.3351
9.7277 1.1090
8.4753 0.0819
10.9377 -2.9471
8.8591 7.8986
7.2516 10.3909
-6.4095 7.4325
6.4312 7.9310
-5.3767 -3.1652
7.1382 8.7428
8.0221 -3.0961
8.8554 -3.1247
-4.3033 10.2795
7.2393 8.4122
9.9804 11.5359
9.6283 -1.5172
8.1224 7.8140
11.9427 -5.2644
11.2133 7.6112
9.2724 10.1889
7.0715 9.6975
3.8688 -3.1901
8.5462 -0.7423
8.6628 8.6611
6.9741 8.6149
0.0892 7.1187
13.0156 5.5017
10.6557 9.1526
11.1131 -4.7465
12.3410 -3.2856
10.7745 -2.9782
-3.7316 5.9277
10.0402 -7.5448
6.1804 10.6588
10.7933 -3.7317
8.0209 -1.3329
-3.3940 11.4031
8.4596 -2.0841
13.5488 10.4944
7.5021 8.4151
-7.3271 -7.6003
8.8787 8.1087
6.3058 6.0963
-5.7877 -10.1847
11.3022 0.6122
8.6982 -3.1940
4.9757 -3.1704
10.9868 8.2959
-1.8287 -4.9366
6.1164 4.4600
9.2502 8.6239
13.1024 -4.6031
0.8926 7.5238
10.1227 10.9260
8.7984 6.7616
9.5093 8.3874
10.5442 6.5925
-1.7446 -1.8226
9.4607 12.9227
-1.4691 5.8707
10.1374 -2.1437
11.8056 11.4121
-2.2485 12.1821
6.3683 -2.3134
9.6153 9.0038
2.4288 -0.9823
8.0053 9.6893
6.5897 -2.4764
-4.7823 8.2873
8.5573 8.2758
8.6825 8.4843
8.4742 8.3352
-0.8541 10.2017
5.8133 -4.5849
9.8008 5.7479
-2.9817 -4.8559
8.4761 -7.1320
7.7882 -4.7729
-7.2401 8.7970
-1.6793 -6.2785
-3.8163 -2.5758
-0.5341 -0.8022
10.2109 11.7910
9.8050 -1.3970
6.9718 -0.8748
5.6908 7.9652
0.1138 7.7234
8.1056 -2.9439
10.1369 10.5371
-1.1468 10.2500
9.7395 -0.3818
8.9515 4.8427
-4.7968 -9.1356
8.1243 7.8638
9.8319 9.5080
7.3874 8.1426
7.2965 7.8082
8.3374 7.3168
6.8826 8.8004
14.8529 9.5148
8.6048 8.5144
11.1249 -4.1500
8.3764 7.9498
12.9270 8.5709
8.6798 8.2388
8.3619 8.2737
6.2123 -5.1761
8.2952 -5.4920
-3.0323 10.1129
12.7215 7.6130
12.5348 -2.6105
8.1165 9.4672
-5.7709 8.1849
8.4727 8.6710
8.9475 5.9474
8.4533 -5.9305
7.9110 8.8080
-3.5002 13.0595
0.2064 8.9804
8.8291 9.0395
7.8616 8.2843
10.8801 10.8384
-0.9860 7.2097
-1.4923 7.9893
8.0049 1.0303
8.2546 9.4478
-3.2594 8.6810
8.6068 11.7882
12.0771 8.9625
8.3125 10.4092
-6.4157 8.6859
-5.5647 10.9255
-7.0964 9.8721
-4.5093 9.0907
8.3775 2.8654
10.3566 7.8368
11.8407 11.9083
-3.9690 10.1098
13.5483 9.1181
-0.7642 -3.3112
0.7355 9.1053
-3.2124 -6.1010
-4.0034 7.7246
-0.0841 -5.0231
8.7542 -0.8626
8.4561 13.3929
7.0360 10.8759
8.1091 10.0504
4.2982 10.1366
9.4302 10.6693
8.3049 8.3631
6.2167 10.2714
7.9816 10.7656
10.9190 9.3993
8.3501 8.0597
8.9349 10.9142
-3.7851 8.6350
-9.1313 8.1382
9.8738 10.5353
7.8329 -1.7160
8.4105 8.4083
-0.2493 8.9229
11.3234 2.4709
8.5875 10.4518
5.2181 8.6293
-9.4310 8.5668
-3.2826 6.5419
9.9629 8.1913
8.8550 9.6854
12.1250 -7.0779
-10.1278 6.9389
8.3641 -5.6741
11.0486 8.3618
7.8436 11.2402
8.1177 9.4109
-1.0613 9.7847
9.1540 8.6883
7.8257 9.1848
8.7588 9.7759
9.8105 10.8094
5.5619 -0.8283
8.4814 9.4279
-4.8830 1.2420
10.8352 -6.2611
-7.7365 7.9833
8.7878 10.2449
10.7947 -5.3608
7.0932 10.1133
9.4702 -0.7685
-0.3903 10.9883
5.1835 8.4015
-1.5219 -4.4692
10.9005 5.6298
7.8238 6.4278
15.5753 9.5402
-0.7444 -2.0349
-0.2036 9.4475
8.8271 7.4828
-9.4153 8.1537
-2.0192 8.7153
8.8785 9.7416
7.0725 8.2761
9.7140 6.8440
13.0645 11.6945
-3.6449 4.3162
7.9263 -5.2525
8.2885 -3.0542
-2.1127 8.7677
8.3418 9.1892
8.4895 10.1998
5.3937 8.3522
11.8134 7.8048
9.1311 10.0136
6.8954 8.4278
7.7497 0.2756
7.2096 10.2158
-3.7163 -1.9147
8.4198 8.9826
11.4875 -0.2837
11.3747 11.0892
8.1850 14.3410
8.2496 8.6987
-3.1345 8.0231
-1.6957 6.1506
7.9853 6.2553
7.6915 -2.9035
12.7392 8.0644
9.4913 -1.5934
11.3352 8.6664
-4.8495 4.7377
11.0658 -0.2517
7.1118 10.7302
-3.2377 9.1212
8.3531 1.6136
8.1136 -6.1953
9.6491 9.9388
11.8031 8.5521
-7.9255 8.0296
-3.4743 -4.7391
10.4385 8.7052
8.6375 8.2069
8.8735 -0.7671
1.6453 4.4049
-2.5450 -1.0934
-0.5113 9.4854
14.4100 3.5819
8.8288 9.0748
0.5241 9.2903
10.1371 12.7014
-5.1705 8.2376
8.4620 11.5014
7.8237 11.7794
-1.7392 -6.7927
-1.8080 8.0587
-0.7640 12.0827
9.4857 -5.2753
3.7694 10.3635
-2.7652 8.3508
13.3229 -5.4988
8.4129 9.0874
9.6180 12.1022
-7.8302 8.8085
-3.6037 8.1550
8.7321 -2.0769
-3.7592 11.6566
9.2820 4.8553
-1.0132 -9.0527
9.2625 10.5181
-6.4907 7.1908
8.0029 8.8408
6.2496 6.0841
8.0165 9.4946
11.9558 11.1965
11.5925 -6.4818
-1.2365 -5.9842
12.1324 5.3966
6.9792 6.1027
-3.0012 7.2474
-1.4210 10.0933
7.2991 13.6816
-2.1188 8.2281
7.5438 10.5331
-6.4663 8.2152
10.3468 13.9674
-0.4348 -3.8204
-2.1363 7.0134
10.5896 7.9998
9.0539 6.7358
9.4755 10.3688
-4.6126 9.2341
4.6617 -3.4259
7.8627 8.6514
-2.6816 9.2106
9.1133 8.6614
7.0713 -7.8161
5.1927 9.6433
-6.8161 -0.4102
-3.4441 9.0094
-5.7932 8.2578
7.5353 -7.1909
8.1566 12.9073
-7.5757 9.4782
14.8380 6.9088
9.9600 5.0322
7.7956 12.2797
-2.5850 -5.2771
9.7445 7.7365
9.9859 13.5999
9.5445 6.5088
8.2599 8.5665
8.4735 8.5410
-2.1926 10.3806
11.4256 8.6238
6.5673 -5.1325
-4.5276 8.6524
6.1124 9.3815
-7.6128 9.4868
-1.7913 -5.9123
-1.8123 11.1775
6.3466 10.3697
-4.7074 9.2468
-2.9856 8.7080
-0.1652 8.8830
8.6334 8.1193
-0.9149 5.6065
-2.0918 -6.4646
8.6406 8.5781
9.0792 -4.1502
9.4922 8.6503
13.0731 10.6350
14.8474 12.1290
-2.6961 10.2808
3.5478 -0.1807
-8.7895 6.8365
9.7652 -0.5351
8.2081 -3.2543
13.4851 11.0908
-4.2321 8.8742
7.1480 11.3157
13.1694 -5.2815
10.7068 10.3383
8.5496 9.9032
0.2525 10.4670
9.3845 2.9808
9.3696 8.6454
4.8601 -2.5427
9.0687 7.7775
-4.0040 8.4221
13.6489 4.6473
5.9615 0.5280
10.4203 -7.7112
-2.9400 -0.0104
6.9445 -4.2796
8.4274 5.6329
-7.0165 10.0851
7.1552 5.9091
10.2085 8.8893
7.9853 9.0523
-2.1951 8.1121
8.2102 8.6023
9.5081 0.3167
8.0992 -5.4368
8.8512 -4.9858
4.5152 9.0989
6.0740 9.8809
10.8728 8.6743
11.4302 12.9903
-1.5036 -5.2478
-0.8677 -6.4023
-6.8904 8.4573
7.8154 -7.1084
-5.1883 9.2142
-2.9501 -3.6745
4.9324 10.9373
-0.3975 11.1838
0.4211 8.1271
8.5386 -3.4290
8.2690 7.3774
1.4930 7.6054
1.3828 2.9354
6.3921 8.2352
6.9187 -6.0085
-3.6822 8.8734
8.3887 8.3039
0.3057 -2.8835
8.1876 11.9972
9.8506 9.4735
-7.5142 8.3749
7.7202 8.6291
9.3413 9.3294
-2.4951 9.1776
5.9944 7.8168
-1.6999 6.8925
8.4944 6.6411
9.5645 -6.0943
8.5463 12.3228
-6.8346 6.1880
-4.6456 -0.2573
-2.9575 -4.7618
8.7498 8.7305
-6.6257 -1.7191
-4.0613 10.6782
8.4864 10.4477
7.0702 8.4594
-5.4394 6.9577
7.9592 -1.6325
8.3798 -8.2286
8.1252 9.5820
9.5648 2.6046
8.7033 11.2241
-5.1297 8.3598
8.6758 -3.4769
-7.8582 -7.7539
10.3719 7.5927
10.3425 9.7023
9.5542 9.1909
8.6212 -2.9304
9.6033 9.4820
9.5665 8.3301
8.0446 -0.0772
10.1813 -1.8636
0.5916 -1.2032
7.6032 -7.8569
9.4337 12.1247
8.0996 -6.0733
-3.8077 -4.1532
-3.3304 -3.4615
-0.8747 7.6980
10.2530 8.5348
-2.5990 8.6406
8.4711 -1.6075
8.5456 8.7447
8.1619 9.3054
0.7640 8.4067
-10.3649 9.3686
9.5720 -3.6789
7.2800 11.5110
9.0819 9.0208
1.8203 8.5346
8.2807 14.5338
15.5418 -10.4258
9.3017 8.2860
6.9094 8.1673
7.6671 10.4508
-2.2821 7.8293
8.8451 -5.0892
8.8205 8.5939
-11.6261 -4.9331
-2.1040 -4.3784
6.5049 8.1926
8.3501 -2.2922
11.2138 -3.1734
-7.5917 10.9158
10.1729 0.0494
8.2892 -4.9336
-1.3496 8.1809
9.4955 9.3671
-6.2207 -2.3178
8.0644 8.4466
8.9406 6.8244
9.1513 6.7397
9.8086 8.9262
6.1030 -0.3952
7.9977 -1.4253
8.6830 11.3200
12.8743 -6.5198
1.0133 5.2727
10.9560 11.3982
-2.7624 8.5461
-3.7405 -4.9009
9.7401 8.9242
8.6963 -6.5460
9.5915 9.3078
8.3856 -5.6431
8.8018 -5.3019
11.2821 -0.0985
8.5910 8.6247
-11.8530 9.2921
-2.1301 1.5102
6.5709 -4.6861
-3.4410 11.6663
8.8143 8.4211
8.6164 10.2324
6.9193 0.6826
-1.4212 8.3869
7.8774 8.6337
8.5466 9.4836
9.1781 -2.1262
-0.4946 1.1978
9.5667 6.8018
8.5883 11.7130
-7.5875 8.6042
8.0108 5.0231
9.1165 11.0390
-2.2971 -5.3196
8.6497 -5.6928
4.5307 8.9141
11.0157 -4.9249
8.5410 -8.6120
8.3802 7.6278
9.4466 8.7030
8.2835 10.7265
9.3775 8.0273
8.2913 -5.5110
-4.3537 9.4775
7.7305 8.0090
8.2851 13.7268
8.3183 9.5431
0.9126 -7.9544
-4.6912 6.2567
-1.9113 -4.1338
9.4961 -3.6969
10.6600 8.6732
-3.2299 9.0403
8.9553 8.9783
-1.9275 10.4375
-2.8598 10.3573
7.0548 8.6522
-3.5561 7.1062
9.3023 3.3758
3.9575 11.0844
9.8668 -5.1663
8.1101 -2.4140
11.1257 11.4276
7.5973 -0.9490
6.5051 9.7315
8.7661 3.2312
-0.8664 8.4237
8.5021 -1.4153
9.0235 9.5564
8.5463 7.8652
-10.2224 -3.4536
9.5176 9.0365
9.1760 -9.6964
9.1785 9.5277
-6.3864 6.7836
6.6266 5.5272
-0.2808 -5.1660
9.8249 8.0289
8.3434 -2.2758
1.5306 9.2605
7.4644 8.0775
8.0209 4.3300
8.5547 8.7108
6.5175 -2.7710
-8.5467 -2.0244
8.6761 8.1385
9.9565 -1.2951
1.1415 -2.5343
-1.5073 4.8901
-5.7209 12.4562
7.8380 -1.7695
8.3740 9.0082
5.8775 8.2127
11.5922 8.0397
-2.0887 10.2958
8.0121 -4.4777
10.8223 6.9383
-0.0563 10.0823
5.9828 12.2358
-5.7285 -3.4380
8.1576 -1.4835
-3.9427 -5.1119
8.9629 -0.8301
10.0904 7.8486
8.4897 8.1654
7.7856 9.9014
10.0220 5.9068
5.9296 8.7805
8.4168 13.5905
8.7733 9.0066
10.6798 5.6335
8.7926 8.3728
7.9674 7.2714
10.4561 -5.1860
8.8356 7.6401
6.6928 -7.1318
-0.8365 11.9166
-6.4247 10.8867
-4.0562 9.6917
10.2904 8.3352
5.4788 8.3294
3.0947 11.9662
7.4901 -3.9746
8.3116 9.4658
8.8055 6.1127
10.8737 -3.9038
1.7859 -2.3594
8.8532 11.2499
5.5351 10.5113
12.0993 -5.4099
8.4290 7.7681
8.1806 -2.6224
-2.6726 -1.7636
9.1172 9.1627
4.9345 9.1258
1.2069 -8.2272
8.2529 8.9372
6.3164 8.3162
11.2668 10.4013
12.8931 -3.6746
10.0466 -2.3272
9.8652 7.9724
7.1591 -3.9564
-4.1154 7.6747
-2.6394 -7.1391
8.9636 6.6550
8.0769 5.2852
8.7654 8.8090
8.3791 -3.7204
11.4317 -4.0901
-2.9486 8.7081
5.1995 10.2651
-3.2897 8.0435
-5.6534 -5.2334
8.7291 10.3618
-4.8460 8.5349
8.1201 9.8328
7.1856 5.6248
8.4301 -4.1710
10.0481 -1.1170
7.9569 -5.1310
8.4968 -3.9393
7.1190 7.7576
10.2666 -5.0532
-2.1353 8.9961
-2.0505 -3.5970
6.7160 8.9824
2.8959 11.0664
8.8742 0.9622
9.4119 0.5754
10.5135 8.8142
8.3489 9.5085
8.5432 10.2812
8.0389 10.3731
10.7599 -8.1538
6.2644 9.0272
4.8511 9.1099
9.1186 10.0554
5.6017 -9.4175
-3.8381 13.9161
6.3951 11.1977
0.1298 -3.7339
-2.3010 13.9152
9.5116 6.1949
-8.5446 -6.5308
8.3921 6.1621
8.0947 8.4861
8.3525 8.3380
-4.9987 9.0584
8.2415 4.6093
-2.9997 -7.1216
-1.0690 10.1691
10.6983 11.3473
8.7586 -3.7940
10.5556 5.2107
1.2736 11.3008
-8.2675 10.2845
6.1032 9.9401
8.2887 11.6466
11.7141 -2.8309
11.5301 8.1114
-2.2476 6.5862
9.7007 -1.3188
-0.2162 8.7463
-1.7951 6.4024
8.9098 10.9829
8.3828 -3.5389
9.0067 13.9479
4.5069 -7.4477
-6.7532 8.8279
9.6028 -6.6103
8.8430 10.0454
8.3462 10.1868
8.1369 -6.4725
-5.3057 0.0858
10.1268 9.2964
10.7578 8.5531
11.1115 -6.3728
7.9954 11.4550
8.9041 -1.7130
7.9582 7.8756
5.9083 -3.1133
-6.9647 11.2477
8.9880 8.8558
-1.7761 -2.9711
8.6317 -2.3659
12.0560 11.7895
3.7433 8.3003
8.3307 8.4653
-1.9018 -2.0455
8.5235 -9.6862
1.3474 -1.3021
8.5626 -2.1876
12.3096 -4.5814
8.0920 -3.1496
-10.4378 -2.2438
-5.5505 8.8426
1.8841 5.6834
8.7217 7.2181
8.5327 8.3655
10.0747 7.1933
8.1770 7.6553
8.7064 -1.8231
9.6768 5.2346
8.8921 2.7525
12.8734 -4.8495
10.2489 9.1516
8.6050 8.5326
10.4575 10.6090
9.1946 12.9170
-4.2544 10.7250
8.7691 -4.3877
-7.6048 8.4475
12.1774 -1.8499
1.3783 8.6992
8.5846 -5.5695
-1.0744 6.7177
8.5484 11.1496
13.7555 1.0305
-10.5596 7.7872
-4.5616 11.1033
-2.4053 -1.9381
7.5432 -2.7310
8.2693 9.8801
-3.9876 9.8383
-1.5406 6.4449
-5.3348 8.1827
8.0730 -6.3341
6.7381 7.4368
8.3635 -2.8317
7.3458 11.7880
-5.4678 11.6401
7.4569 11.2248
8.8088 -4.8748
12.6584 -3.3194
5.2401 -1.3935
7.1423 10.3566
-3.3868 -6.8610
7.1319 8.7864
8.3359 -2.1285
10.6649 -3.2619
9.3696 13.2871
-3.0156 11.3505
8.4653 6.0640
-6.1271 -2.9357
-9.0720 8.4691
6.5002 8.4006
8.4125 8.0620
8.3941 9.1293
8.3540 -9.8616
8.6678 -2.8435
9.8367 6.4878
7.7460 2.3312
9.4956 9.3666
-2.9569 8.2550
6.5132 -3.7372
8.5025 9.1256
-0.1527 10.9862
8.7628 12.7034
11.5834 8.6980
-8.3646 9.1846
7.5242 1.2626
10.4033 -7.0598
8.4166 -4.6338
-0.5981 5.5337
8.3847 -3.6338
7.7494 9.7920
7.2350 9.6552
4.2180 8.9288
-3.6351 -4.6781
10.3562 9.1163
0.4672 -3.2627
7.8424 -3.4605
9.1996 -2.1277
-3.6436 -3.8709
10.4522 9.9414
-2.0719 -5.3287
8.7180 8.2502
8.2016 9.1051
5.8331 11.9203
11.7372 8.0510
9.7349 9.9687
-6.3142 10.3881
-3.1269 7.7803
10.7978 13.3491
6.4399 10.2847
-4.1725 3.9812
8.5666 -4.2935
9.4134 -4.5988
10.6230 8.8618
5.3462 8.1455
-0.6425 5.6078
1.4585 8.8130
8.4274 8.9581
1.9182 8.9925
-3.1529 4.9712
-3.3557 -3.3668
8.9811 -4.1131
10.1692 10.3129
13.1563 8.0934
12.1977 9.1917
5.5177 8.5526
7.8518 10.4881
-4.2261 -2.4740
8.8615 8.2287
-2.5786 10.8576
12.2526 -5.6090
8.8505 8.3130
10.3827 6.2516
11.8436 9.5474
-5.9344 7.9895
9.3328 7.5531
8.3484 11.0461
7.4544 8.4186
-1.5553 9.9563
-0.6914 5.1877
10.3562 8.1627
8.2650 7.5708
-4.6396 9.7545
8.7774 8.9990
9.0908 9.4830
-2.8736 -3.8075
6.6902 -3.4234
7.0656 8.8783
-2.2075 11.3262
-4.4611 9.9710
8.5807 8.3845
9.5212 6.6054
8.2244 9.0013
6.1558 11.2196
-5.5933 -2.9741
-4.8311 8.8725
-5.1612 11.0731
-6.2844 8.3438
8.5548 13.2908
-3.2623 5.8418
12.9348 9.9131
1.6464 8.5649
8.1665 10.9381
7.0835 8.8182
-5.3140 7.8342
-1.6974 8.9161
-5.3043 10.5868
-1.6420 -0.9690
8.8703 8.8654
-4.1913 8.7723
-4.9073 9.0626
9.9500 9.9353
1.4115 3.9110
6.6714 14.7615
6.8134 8.3211
-1.1385 8.3467
7.8899 6.7932
-4.7055 -7.2308
-6.7210 9.0906
10.0465 5.0264
12.8329 -4.1411
11.3731 11.1386
8.8329 12.3080
0.3084 -6.7188
-1.1772 9.9614
-1.6758 -4.2239
8.4000 2.6718
-6.5080 11.8157
9.0038 -5.7428
8.5078 11.7391
-5.0454 15.9430
-3.8681 10.5751
8.1999 -1.1742
8.7236 12.8574
10.3548 5.1717
9.9701 7.9177
7.8747 -10.0027
8.4521 8.0402
5.2737 5.2534
6.3059 -2.7725
11.2809 9.2237
8.5952 9.8246
9.8250 -0.3927
8.8377 8.6419
8.6791 -4.5600
9.0966 -0.7715
6.2288 8.1405
10.7956 10.9444
-6.1445 8.7065
7.7247 11.8825
8.3029 -2.7173
10.3123 -2.3892
11.6070 -5.2673
-1.9573 8.4043
-1.0622 -1.2189
10.1408 7.3025
13.4207 0.5671
10.4823 10.2678
11.5026 -5.6967
-4.9880 6.2954
-4.8098 10.5382
9.0163 -3.3346
9.6738 12.4143
10.8909 8.3925
0.2491 8.5242
8.5300 12.0010
-6.9788 9.1765
8.6239 6.9178
-4.2785 -4.4706
1.0189 12.1818
9.2061 -1.2419
8.5425 7.6675
-5.9071 8.3353
8.6563 -2.3524
-9.4499 5.4648
8.3037 7.9287
4.6403 6.0561
8.8730 5.0151
9.9011 11.3958
10.3575 8.6613
-0.9914 -2.2443
6.9250 2.4950
8.8956 9.9395
8.5867 -1.2407
9.3871 11.1846
6.4785 -1.1126
7.5684 9.7252
8.9506 8.5317
-6.7128 -1.1886
8.7975 4.3127
-1.9055 -3.6334
8.2692 3.7362
13.7586 10.9217
11.6108 8.8456
8.0453 -1.2403
6.6891 -6.9028
13.0020 8.0933
9.9556 8.9127
5.1495 0.9739
-2.6079 9.0611
8.7658 -8.7318
10.6307 9.8885
-3.6691 8.5487
8.2549 8.1269
10.2451 2.5833
10.4680 12.4128
-6.4381 10.8781
5.7479 -2.1012
8.8273 8.3257
9.0086 8.6568
6.6530 9.7536
-4.2868 8.5757
3.9035 10.9847
3.9684 7.5633
-10.4662 7.9979
8.7520 -1.2025
10.4887 7.3981
8.4942 8.2771
8.1182 -1.8254
10.5075 -5.2905
8.4797 9.7432
8.7800 -4.2394
0.5594 -4.5065
9.9298 5.4253
-4.5348 -3.1350
-2.0143 7.3943
10.8061 0.7936
10.3718 10.5253
7.7451 10.8939
6.4533 9.1599
5.6941 8.7779
4.1461 -7.9950
7.9738 5.4526
9.1509 4.8141
8.1704 -0.0638
-6.4854 8.3512
1.9190 5.6399
9.8177 8.2344
11.1547 3.2438
9.9972 -3.0984
-5.1103 8.3508
8.8253 -3.4402
-2.9200 -2.6841
11.6527 3.9508
9.9453 -3.0677
-0.4514 13.7396
8.4105 11.5845
10.2355 13.9642
-5.4889 11.4879
12.0256 -2.9083
8.2386 6.8248
-1.0464 -6.9288
10.5002 5.4913
7.7350 8.6543
4.9213 9.4069
8.8848 10.3591
8.5114 3.3487
10.6190 8.4723
-1.8369 8.6724
-5.9600 8.0421
9.2473 -0.4411
-4.0235 -4.0853
10.9075 -2.8480
10.0364 4.0465
11.1688 -6.1452
8.2977 10.5110
-0.8101 7.7959
8.5470 -1.8153
-6.6672 9.7018
8.6829 -6.9692
11.1649 4.6183
9.2039 12.6497
8.9125 9.8901
1.6069 11.3362
11.8908 -1.9757
8.7495 8.3914
-0.8913 6.2713
8.7583 -2.1393
7.8881 -1.8614
-2.4588 9.1433
7.9538 11.3627
8.7109 -3.6687
-4.0896 -1.6819
-5.5423 -4.1063
9.9994 -3.9189
-0.7821 13.4659
12.7977 -4.1338
9.4408 9.4434
10.6531 10.0547
-1.8276 13.5264
8.9068 -2.3150
-0.1512 -2.2449
12.4558 11.2804
-5.3202 11.3534
8.3341 -3.1842
-2.0965 -3.5858
0.3804 5.0442
6.7350 7.0713
6.6762 8.6301
7.7924 7.8297
-0.8168 1.8361
10.8211 -2.2557
9.1441 -5.0712
6.0768 -4.2787
-0.0625 7.6631
-3.5857 8.2254
12.5490 6.6000
2.2029 -3.9723
8.0020 -2.8358
9.4929 7.9788
8.2998 8.2916
7.3242 10.3712
7.8903 8.2536
7.6758 -1.0777
8.3290 -7.2801
5.8260 8.4627
8.9426 -0.8963
8.7870 -4.4078
9.9619 8.7475
2.0700 11.6155
7.9817 4.8130
9.8560 -0.9598
-0.9692 12.6264
-3.4171 10.0594
9.0761 10.6255
8.4886 8.4811
10.7258 -5.4086
9.9294 8.3049
8.4873 10.7689
10.1185 9.0788
8.3076 8.6029
8.7541 8.0291
-1.7116 -3.5189
-3.1637 11.6358
4.1949 7.6946
5.9290 -5.3325
9.4416 8.2301
0.9632 1.3031
-3.1601 8.5837
-3.8552 -9.9102
11.2483 -0.9324
8.4835 -8.3721
-1.5516 12.5419
-7.9321 -9.7497
7.9924 7.1193
3.4674 -2.8633
-4.7139 -5.9013
-1.7800 -0.8933
1.4855 9.5809
-5.2735 7.4233
-0.9184 13.8157
-0.9419 -3.6216
11.2594 13.6127
6.6223 11.2502
-1.8770 9.7717
9.6743 4.7311
11.1884 12.5954
-3.0888 9.7885
8.2234 0.1764
8.0126 8.6032
11.6597 6.1538
8.1417 5.7574
9.8131 9.3312
8.1803 8.3493
8.0401 13.0724
15.5480 6.4749
5.5706 -5.4285
8.4943 5.9621
0.1545 12.8497
13.6621 8.8347
8.4074 5.3355
10.1792 -6.5540
-2.4420 11.9398
7.3948 -3.9880
8.1513 9.0396
9.6843 9.8716
11.1561 7.9742
-9.2732 11.7848
7.2963 -3.8495
-3.2327 7.7140
8.3197 9.4112
15.4397 7.4373
8.1060 6.7464
9.3485 11.7787
-2.8426 9.0967
-4.1008 12.9199
9.6456 -1.7729
9.1845 -5.6424
-5.9117 8.0570
9.6443 -2.6856
3.6039 -3.0359
-1.1214 6.9573
-1.5256 -6.1109
-3.8952 9.0873
-3.3107 9.0096
10.9934 9.0031
8.7431 -5.0492
4.2477 12.0483
8.4145 9.6820
8.1300 10.6751
13.2502 9.0090
-4.4488 -2.1256
8.3909 3.2357
8.5055 -1.3779
9.0939 -5.1547
7.0727 -1.9337
8.6761 10.7899
8.9270 10.6010
12.9323 8.4927
7.4457 8.0331
13.9677 7.9786
-3.8815 7.8077
8.7795 -7.8170
-1.4154 -4.3668
8.3784 5.8748
14.3814 1.2417
10.9891 -2.0202
5.5954 7.8500
8.1234 4.5941
7.8808 -5.0424
-8.5180 7.4454
7.9395 7.9810
-7.7989 7.3691
-7.1380 9.6529
-4.5284 -6.6858
11.2182 7.7644
3.2609 -5.1706
6.2108 -2.4591
7.0713 4.6879
8.4342 9.5459
8.9915 -3.2414
9.4512 8.6887
8.5495 6.6752
10.2501 8.1666
11.7084 5.0389
10.7804 7.8432
-3.5187 -4.3404
-4.0504 10.1370
8.2422 7.5004
9.3104 5.8180
9.0823 10.6489
7.0074 -3.7243
11.4866 8.2368
9.6135 10.1643
6.9206 8.7633
11.4152 8.9279
14.9248 -5.3851
-3.2001 8.9475
8.9147 8.4560
5.6031 10.7094
10.9575 9.5071
10.0429 8.7988
-4.2280 8.8041
8.6795 8.3502
10.2595 7.6767
7.4637 1.7637
5.9681 6.2767
-1.7993 8.6731
8.4180 6.1471
-4.4317 -4.5240
12.8590 9.8930
-1.7706 0.8795
-5.1115 0.5431
-5.7636 -5.8315
-0.1280 10.2614
-6.7124 10.1383
-4.2141 7.8053
10.5552 -0.5507
8.3086 7.9152
-2.5514 7.4887
-2.5684 -6.8076
8.0964 8.5514
-0.5726 8.2352
-2.4279 8.6054
8.6315 8.8229
7.7109 6.2298
-1.2979 -8.2027
-0.2994 6.8475
7.8167 2.2354
12.3283 8.3843
8.1556 -6.7188
8.4205 -4.7211
-2.2628 4.0062
8.4210 9.3211
8.1821 8.3284
9.0995 4.8436
11.3161 8.6563
7.7905 -2.8592
-6.4043 10.9443
8.3331 7.9033
10.1604 11.3718
5.5812 8.4990
4.7353 10.2362
10.2113 8.0391
7.7147 -3.1123
11.5268 9.3957
10.6399 14.2243
8.7679 0.4039
8.8916 -7.1034
0.7402 9.6037
12.3122 -2.0226
-2.8037 12.4873
3.4956 -0.5291
8.6200 7.6546
8.7335 0.2761
5.6279 11.2094
9.5670 8.6383
11.7933 8.2412
5.9367 8.3369
-3.0016 5.9801
11.8229 8.8423
8.9714 -6.8978
8.7987 -5.5523
10.1038 9.8449
7.6140 5.6099
10.8258 -5.8580
8.1790 9.8887
12.5821 8.4499
-6.5847 8.0876
9.8177 -3.9176
0.3398 8.5529
0.3011 -3.3617
7.9455 8.7445
9.0464 -6.1539
12.5559 10.1026
-8.9383 10.4414
-2.4201 -3.5562
-5.2526 11.9655
9.8837 8.5086
7.8686 8.5657
8.1230 -3.8049
7.4430 8.3622
13.8440 10.3896
6.7680 5.1933
-1.6761 -0.3222
7.3880 -5.7108
-3.8970 10.9184
13.8804 8.0756
8.8978 2.2928
9.3848 7.9743
8.5270 -2.5619
9.1110 12.0910
-0.2513 8.5024
4.0725 8.6612
-7.2523 8.8518
5.1907 8.2074
8.8123 -4.8415
-2.1222 -0.3183
7.9786 8.2567
8.5135 -0.1359
9.1747 0.6014
6.8622 -4.8239
-0.5073 10.3942
8.1324 8.1314
7.4380 -4.7301
8.9197 -4.9025
14.0824 8.6852
10.4813 10.6750
-5.7238 6.4811
7.9090 -2.3178
10.8020 10.4979
-2.1613 10.7768
6.9654 -1.7718
8.8359 -8.0255
10.6707 8.6992
8.8900 -9.5554
-2.0959 -9.0029
-2.8138 11.3709
8.8379 -1.2681
-5.3342 9.7025
-0.7691 8.3869
5.7738 8.5608
8.6851 8.6674
10.2485 -0.3304
8.9177 8.7153
9.2233 -2.0043
-0.4661 8.6931
11.2518 -0.3284
7.3291 -3.0649
7.5860 -0.2980
8.5222 8.5344
9.1908 4.9052
8.8879 9.7661
11.5739 8.8035
7.8423 10.0432
2.5586 1.6437
9.2258 12.3086
7.2902 -0.7949
8.8389 4.9192
-2.6364 6.5060
12.5672 12.3761
8.5879 9.1925
6.2737 4.1568
9.4154 -9.5955
8.7626 0.7405
8.9467 -4.5268
8.4336 5.7455
9.5520 9.5379
-6.1758 9.2284
5.6083 -1.5727
6.6365 8.2905
6.9184 4.7054
8.6525 0.3319
7.8336 -6.1630
-5.9761 6.3664
8.6052 8.3714
-0.9987 -2.5558
10.8123 5.1421
10.2658 8.4588
9.8644 8.4150
-5.2145 8.3965
9.9630 -3.0534
8.8941 8.7711
8.9409 10.8471
9.8002 8.9879
-2.6733 7.9355
9.9754 9.7262
-5.8256 8.5749
0.5919 10.1688
9.2039 9.0352
8.1803 -2.8539
-4.1341 -5.3193
7.8079 8.7686
9.3948 -0.5724
8.3821 8.0271
9.3915 -4.0879
8.2187 1.5184
12.8582 -2.5108
8.5504 7.9242
9.3116 -6.9652
8.3536 -3.9034
10.1658 5.9842
-0.5606 8.3163
9.6956 -9.2503
8.5379 9.8796
4.9988 0.5245
-1.4306 8.8598
-4.0870 -3.9904
7.0552 6.3842
8.8151 -1.8401
9.0075 -3.2322
7.7897 5.4819
8.1450 -0.3963
9.2631 8.7289
0.8277 -1.4167
9.3677 7.2056
-5.8489 8.6337
8.0257 5.8919
9.7728 9.7457
-6.0033 7.3280
8.9695 8.3613
-1.6553 5.6202
10.8230 9.2785
10.2316 8.9904
4.6263 8.5010
-7.8485 15.0532
5.9355 7.3602
10.7173 14.1709
14.7358 -6.1676
-0.0270 -7.3111
7.2738 -3.4292
-2.5158 9.8874
-5.2904 -1.2745
6.7517 11.8221
8.7892 13.1763
8.4531 -4.5789
1.3261 10.4788
-0.4551 11.9808
9.0069 8.2426
0.4863 9.3125
8.3868 8.8543
8.5792 -3.7731
-5.3821 9.3211
8.3062 -4.0338
9.0662 8.0579
12.0032 11.2625
8.3221 8.4629
-3.4649 2.2367
8.4451 6.3352
8.6337 7.9704
9.1396 9.9874
11.6569 8.6312
-2.8269 -4.1972
11.3252 5.0084
10.5553 9.3985
8.0389 -3.3063
-3.4053 9.3890
-5.5200 8.8445
8.4005 8.7897
11.0104 7.6025
7.7520 9.2970
7.5896 -0.8199
6.5880 3.9148
-2.2059 -1.5633
-4.5857 9.2850
8.8089 -8.1241
8.8051 -5.1957
-3.0968 7.9523
12.7740 8.0684
-1.3699 6.5518
7.8140 8.6717
7.8136 8.4228
9.7715 -3.8736
9.6461 -3.1219
8.1767 8.4360
-7.8310 -3.3178
11.3430 7.4112
2.1226 3.7295
1.6282 -1.1062
10.0729 -0.9783
-0.2892 6.6661
-1.7719 -2.1188
10.7590 -2.5104
12.6358 7.6705
-8.1184 11.3813
8.5307 2.7331
8.9924 12.5676
6.5246 10.3739
9.6829 -0.6206
8.5502 7.7555
-5.7182 -3.1675
8.7449 13.8193
8.5140 10.3530
8.1261 8.3262
9.5140 -2.4843
8.4273 -5.6513
9.3225 8.7780
8.0966 -7.2348
10.8352 9.3835
9.1250 10.2494
-4.6360 -5.2117
7.7971 9.9741
11.9245 -1.5188
-4.7216 5.8494
6.4495 9.2632
8.2515 5.1642
10.4286 -5.3302
4.1101 -3.1055
-6.3729 8.4832
-1.9547 -4.0631
-5.0884 -3.3073
9.1369 -1.8763
0.1259 0.3399
7.5319 8.8118
-5.1025 7.0975
6.7326 12.1138
5.7754 8.0663
-2.1480 11.3708
8.5510 8.9049
-2.8083 9.0124
-3.0984 8.3510
-4.4224 11.5041
0.3569 -2.2939
8.0140 1.4982
13.1534 5.2291
4.3068 -1.7760
7.7770 8.6161
12.1809 -2.1047
9.0179 -1.9973
-5.0476 -5.2486
10.9642 7.3414
8.4287 13.2177
-4.2129 8.7023
9.9582 8.2727
9.9351 9.9993
5.1343 8.1559
-7.2010 10.3716
11.4632 -1.1125
8.6834 -3.8482
-4.1802 8.5746
-4.4449 8.8819
-4.0273 11.2272
-4.3860 -0.5460
-2.0438 -2.9482
8.3166 8.2119
9.1229 6.0754
7.3846 8.3138
8.0960 10.7272
11.8535 9.6747
8.0059 8.7186
10.2391 8.6751
8.4775 10.0712
11.3756 -5.7405
-4.2058 7.9037
8.4078 -4.7285
-0.7265 -0.4586
-7.3779 3.7911
8.3686 -7.6106
7.5196 10.2994
9.6445 8.2221
-2.2154 6.4966
10.7276 11.7127
5.3067 -0.6750
-1.8733 7.9898
-2.0197 4.2465
10.2182 8.0171
-4.4075 8.6921
10.0941 8.7643
-11.3546 -2.3472
-4.2140 6.2997
4.5063 4.9811
9.1047 10.1114
6.5519 5.7355
-5.5592 8.3858
-6.5743 9.0251
7.7868 15.5699
8.6523 1.2254
0.1342 9.3980
10.3292 8.3262
9.0084 2.9522
-0.9369 11.9170
-3.9485 8.2680
9.2229 -1.2456
8.6134 8.3694
-6.0996 11.1601
10.6578 10.7578
7.7779 -1.8459
9.8442 10.5242
5.7895 -3.6484
9.2712 3.7398
8.9708 5.5248
-6.1926 -2.6849
8.6877 -3.6099
-2.2260 8.6480
-5.3281 11.3421
8.0539 -4.5984
8.1535 1.7305
9.6002 8.2624
10.7975 9.8816
-6.9169 -5.3285
5.3048 8.0692
7.3812 9.2759
11.1246 -5.9645
7.7389 8.4434
4.7198 11.3910
10.4057 12.3204
9.5287 10.4182
8.5567 10.8819
8.5520 1.7253
7.0741 -0.8891
5.3040 7.8372
7.7031 7.8499
10.7967 10.3060
7.8680 8.6025
8.4402 -3.4298
7.0737 8.0128
-3.4538 -1.6645
8.6530 6.8467
2.1446 -0.9238
-3.8237 6.9524
10.7221 12.5598
8.3574 0.2836
9.4457 8.2105
8.1653 9.8006
8.7417 -3.6907
0.2649 3.5846
8.4097 11.4945
-4.4049 -2.8784
8.7183 4.7224
-0.7171 8.6765
0.3088 -7.7330
-4.3764 8.4541
10.9323 8.9715
-0.5757 11.6797
10.2726 10.7410
8.0943 -2.8626
-2.2819 8.4191
8.5302 10.0819
9.5680 -4.1276
2.4260 5.2574
9.2596 10.8153
7.8837 6.5699
4.9620 4.9468
10.5416 4.1644
10.3035 -4.4327
4.6086 6.3540
8.4819 11.0085
9.5345 -3.6089
-2.9841 12.8000
12.2215 7.0508
8.9819 -2.7334
8.2610 -5.0305
11.2709 7.9771
8.1951 11.3616
7.7413 8.3375
10.0466 8.4006
1.0848 10.4580
10.5358 7.1102
11.6243 7.0796
8.2708 -5.8909
5.6331 7.3603
7.0274 -0.4769
8.7114 -0.8312
-6.5138 -3.0156
8.6312 10.5153
4.5404 11.6033
7.5778 10.3250
9.3410 -3.3389
-4.0873 10.0846
-3.8805 -5.4661
-5.1758 -4.4768
7.6704 8.7345
-4.4406 11.1606
-5.7249 8.5590
10.1121 5.6329
1.2889 -8.0545
9.8412 8.7608
-4.2747 -6.3992
9.2094 -1.5190
5.0388 11.0719
8.3132 8.9474
7.6870 12.0551
7.8222 7.1065
14.7982 9.0869
6.2516 12.9006
8.8746 7.5282
5.3134 1.2296
9.2969 2.5678
9.5766 6.4290
12.2687 -5.3366
9.1196 8.4781
11.6335 11.0931
-4.0182 -6.3259
4.9913 8.6695
-5.4790 -8.9729
6.9498 10.9205
-0.9427 11.6498
0.4673 0.7809
13.0224 -7.9910
0.4103 5.7351
7.5662 8.0278
12.1189 11.9438
7.9923 8.6325
8.8649 2.2053
7.6089 8.7837
8.3264 7.9259
-5.4748 8.0133
