5
-8.7931 -1.7485
-4.3189 -4.6836
-8.9894 -4.7455
-1.9061 -5.4788
-3.5844 -3.4164
-3.6945 -4.5045
-4.7042 -1.7670
-4.1752 -4.5277
-4.3981 -1.8337
-5.2561 -1.7768
-4.2754 -5.2219
6.1579 -5.5247
-4.3975 -4.8350
6.1964 -4.1149
-5.6377 -4.5094
-4.3092 -4.4187
-1.8846 5.9512
-4.3678 -1.8105
-4.5957 -3.5787
-4.3399 -4.2710
-4.0615 -4.9426
-1.8054 -4.8756
-1.7326 -1.7271
-1.8214 -5.6885
-4.3647 -4.4991
-1.6947 -1.8232
-3.7638 6.1078
-1.7779 -1.7735
-4.5916 -1.6905
5.7844 -4.2997
-3.2927 -1.8716
-5.0080 -3.9151
-12.0150 -4.6930
-5.3026 5.9091
-3.9843 -1.7648
-1.7913 -4.2686
-1.8105 -4.6467
-4.0071 -1.6876
-4.3373 -3.0103
-8.2782 -4.2952
-4.9999 -1.8351
-4.7606 5.7730
6.1955 6.0586
-3.7749 -4.2996
-4.7370 -1.8408
-5.0341 -4.5053
-5.0561 -9.3327
-3.8649 -4.0342
-4.7396 -4.2076
-3.7268 -5.1220
-5.1447 -1.8426
6.0293 -4.0947
-1.8179 -4.5538
-3.6418 -4.8365
-4.8216 -3.0052
-1.8231 -5.9166
-4.6401 -4.5690
-3.6547 -4.5138
-3.9968 -1.8071
-1.8323 -4.0135
-1.8224 -4.1824
-4.3465 -1.8647
-4.3323 -1.8243
-2.0131 -4.6615
-1.7084 6.0816
-3.7035 -4.1184
6.1724 -1.7284
-4.7016 -1.6410
-4.6350 -1.8328
-1.8229 -3.5425
-1.6584 -3.5027
-3.8221 -3.7710
-3.5408 -3.9635
-4.3078 -1.7845
-4.2716 -2.5702
5.7959 -4.4266
-1.7677 -4.8071
-4.4289 -3.9166
6.3271 -3.9432
-1.7108 -1.7885
-5.5209 -4.1772
6.2950 5.6938
-4.1963 -4.5049
-1.7104 -1.8027
-3.7396 -3.5816
-3.1348 -3.8337
-5.1324 -3.8084
-9.0410 -1.7530
-4.4011 5.9438
6.1533 -3.1987
-2.5432 6.0159
-4.7038 -4.4824
-2.5178 -4.5484
-5.0067 -4.3997
-4.0425 -5.0524
-4.7765 -4.6434
-4.3151 -4.3866
-1.6901 -4.3378
-5.4572 -4.5727
-2.8378 -4.8791
-4.5608 5.8710
-1.7099 -1.8197
-4.7847 5.8993
-1.6791 -1.7859
-7.0655 -4.6693
-3.9464 -4.3914
-4.0752 -1.7259
-1.7757 -5.7257
-4.6712 -1.6671
-4.1722 -1.7300
-3.6910 -4.8334
-4.1764 -1.8083
5.9925 -4.8158
-1.7215 -1.7670
-1.8287 -4.0265
-3.1604 -3.7462
-4.4303 -2.4913
-1.8546 -3.9754
-4.8642 -3.6992
-1.7365 -3.4042
-1.8804 -3.6938
-4.8670 -1.6740
-3.5649 -4.9566
-5.0641 -3.1134
-3.5988 -4.7144
-3.9771 -4.0711
-1.6696 5.9959
-4.9199 6.0678
-4.7545 -4.5990
-3.3146 -2.9535
-1.7295 -1.7235
-1.9103 -4.2836
-3.2219 -3.6615
-1.7812 -1.7775
6.0244 -4.2197
-4.6860 -4.4555
-8.8623 -1.8282
-1.7413 -10.8418
-4.1909 -1.7955
-8.1658 -3.6205
-5.0343 -4.2273
-4.1719 -4.6794
-4.5807 -1.8597
-3.4125 -1.7952
-3.9549 -4.3684
-4.3131 -4.7078
-3.7541 -1.6488
-1.8598 -3.6053
-4.7177 5.8840
-4.1142 -4.4250
-3.8990 -3.3850
-4.3325 -4.0894
-3.6079 -1.7667
-3.9962 -3.9043
-4.4786 -4.7421
-1.7205 -1.7003
-1.7812 -4.3557
-1.7805 6.2328
-4.5038 -4.4306
-4.2014 -5.0390
-4.4066 -4.5561
-1.7086 -1.8194
-3.9462 5.9759
-5.6764 -4.3737
-4.7860 -1.6985
-4.2377 -4.6119
-1.7117 -4.5703
-3.2279 5.8423
-4.1657 -1.7615
-1.8827 -4.4414
-3.9193 -3.2792
-4.2789 -3.1098
-4.4668 -7.9705
-1.7444 -4.2287
-4.4927 -3.7457
-4.3983 -4.3758
-4.7949 -4.1184
-4.6708 -4.7566
-4.1608 -7.0108
-5.8013 -4.0246
-2.5948 6.0783
-1.7368 6.1032
-1.8036 -3.7632
-3.4688 -4.1906
-1.7241 -4.4997
-3.9411 -4.2516
-3.8501 -3.5197
-3.7585 -4.3205
-4.8314 6.1406
-4.0597 -1.7961
6.1537 -5.0953
-4.1891 -5.2718
-4.4961 -4.2733
-3.2714 -4.4808
-5.0989 -4.8864
-4.4552 -1.7288
-4.5938 -5.0294
-9.6678 5.8429
-3.1057 -4.6226
-3.3776 -5.5327
-4.8450 -4.3505
-1.7869 -4.3606
-4.4384 -4.7892
-3.9414 -4.1957
-8.7095 -1.9309
-4.6547 -4.3783
-4.7899 -4.8863
-3.6848 -1.7055
-6.7606 -9.9970
-4.4290 -3.8684
-4.7276 -1.7593
-1.8429 -3.8916
-3.5852 -4.9841
-1.8808 -4.8749
6.1513 -4.4171
-3.5817 -4.0055
-5.2360 -5.0283
-7.4108 -4.3123
-4.2152 6.0333
-9.3140 -8.8787
-4.4572 -4.7922
-1.8260 -4.2364
-4.2512 -4.6575
-1.7899 -4.8872
-4.3641 -4.1887
-4.2321 -4.6274
-1.6482 -5.1915
-4.3477 -7.6800
-1.7355 -5.1899
-5.2740 -4.5888
-8.1225 -4.4047
-5.7875 -4.3925
-1.7545 -1.8027
-4.2326 -1.9240
-4.1989 -1.7295
-4.3755 -4.9114
-4.3015 -3.7233
-1.8311 -1.7334
-5.0492 -4.1935
-4.8027 -5.1806
-8.8810 -4.1047
-4.2334 -1.7372
-4.8467 -4.2098
-4.7549 -3.5152
-4.5980 -8.1773
-5.2611 -4.7772
-1.8004 -3.4869
-4.8122 -5.7712
-4.2000 -5.2499
5.8936 -1.8940
5.9433 -5.2990
-4.3694 -4.5528
-1.9206 -1.7120
-4.0445 -1.6693
-4.2534 -1.7503
-3.9149 5.8793
-9.9776 -1.8122
-4.7979 -3.9438
-4.1337 -8.8084
-4.0611 -4.7827
-3.9583 -1.7573
-4.4092 -4.4231
-3.2424 -1.6585
-4.2927 5.9431
-4.0961 -9.0146
-3.9627 -3.0571
-4.6873 -4.6217
-1.8251 -5.5446
-3.3761 -1.8137
-1.8023 -3.9549
-5.0005 5.9575
-3.4325 -5.1328
-1.6709 -3.4614
-4.3162 -1.8420
5.9981 -3.3686
-5.4974 6.0283
-5.1357 -3.4386
-4.8664 -4.2007
6.0090 -4.0766
-3.6317 -1.6839
-5.1663 -1.8370
-4.5083 -4.5109
-4.4342 -4.2166
-1.8728 -1.6706
-4.5504 -3.2958
-5.0759 -3.1810
5.6890 -1.7287
-1.7727 -4.5314
-3.7155 -4.8023
-7.3509 -4.3973
-3.8233 -4.1405
-4.3748 -5.1254
5.6437 -4.8666
-4.6539 -5.1122
-9.6642 -1.8001
-4.5664 -3.7741
-4.5073 -5.0019
-3.2427 -3.8190
5.6891 -4.3791
-3.8501 -4.1127
-4.4672 -2.4315
-4.6648 -1.7747
-3.9722 -10.5267
-1.8787 -1.7624
-4.5778 -3.2776
-4.6371 -4.9198
-4.6782 -1.6245
-1.7789 -4.5207
-1.8704 -1.6363
-4.8640 -1.8228
-4.3946 -1.6948
6.1978 6.0190
-4.3998 -3.3812
-3.5133 -3.4239
-3.5461 -4.7882
-4.7768 -3.8540
-4.3718 -3.9677
-1.8213 -5.5388
-1.8377 -2.5050
-9.1221 -1.6950
-1.6998 5.7267
-2.7033 -5.0835
-4.6041 -1.7812
-4.8142 -4.8361
-4.7722 -4.6059
-1.7492 -4.6719
-4.4916 -5.0764
-4.6209 -4.8773
-3.6255 -1.7025
-4.7007 -7.4836
-1.7413 5.7791
-4.8786 -3.9297
-4.2969 -4.1827
-4.3200 -4.4204
-4.8736 -1.7973
-3.6844 -4.8022
-4.4922 -4.9405
-4.6537 -4.2776
-4.4152 5.7610
-4.3576 -3.8605
-4.1745 -3.6729
-4.3884 -4.8027
-4.5224 -3.9883
-4.3519 6.1291
-4.0677 -2.6058
-4.4595 -4.5822
-3.7990 -1.8504
6.1174 -4.0060
-3.9814 -4.4988
-3.9378 -3.1158
6.2925 6.0392
-1.6209 6.0975
-1.8025 -4.8111
-1.7730 -4.3550
-1.8249 -4.5120
5.9153 -1.7677
-4.2051 -1.7048
-1.8293 -4.3426
-4.0813 -4.6082
-4.8622 -4.8361
6.1929 5.9257
-3.4186 -4.4773
-3.8557 -11.3807
-3.5906 -1.7643
-3.2341 -5.0707
5.9503 -3.0004
-3.9752 -1.8588
-3.5027 5.7572
-4.5596 -4.6912
-4.6261 -3.5341
-4.7551 -8.4990
-3.3704 -3.9283
-3.9346 -4.7314
-3.0808 -3.9149
-4.2018 -5.3523
-3.2046 -7.6110
-5.0482 -4.5666
-4.1126 -4.4932
-4.6396 -2.8294
-1.7227 -4.9596
-1.8584 -5.1004
-4.0698 -4.8030
-4.7050 -4.9879
-4.3372 -1.7667
-3.9728 -1.8309
-5.0078 -4.6405
-4.8849 -8.2417
-4.2441 -4.7077
5.9497 -4.0625
-1.8095 -4.4690
-4.0692 -3.6027
-4.4677 5.8330
-4.2894 -4.6019
-1.7570 -1.7592
-3.1562 -2.6587
-1.7285 -4.4789
-5.8030 -4.2933
-3.7791 -5.1887
-4.6287 -4.3780
5.9634 -4.5041
-1.9064 -4.7329
-1.8080 -4.4944
-3.6660 -4.6020
-4.3309 -3.3378
-4.1405 -4.6053
-3.5924 -1.7566
-4.0619 -5.3435
-3.9366 -4.2007
-3.6920 -4.6988
-4.9586 5.8792
-1.8112 -3.5334
-3.7166 -5.3125
-5.5308 -3.4993
-1.7025 -4.6524
-9.7159 -4.7146
-1.6654 -4.3749
-5.0519 6.2265
-5.1593 -3.3247
-4.4477 -4.3906
-3.8658 -1.7601
-3.3052 -4.8498
-4.7605 -5.7025
-4.0575 -1.7556
-4.4951 -5.1991
-4.8576 -3.8630
-5.3999 -1.7576
-4.9267 -1.6789
-4.3753 -1.5934
-5.3418 -4.3607
-1.7897 -3.8428
-4.2461 -3.8509
-4.0618 -1.8192
-1.7101 -5.2794
-1.8347 -1.7837
-4.2931 -4.3575
6.0713 6.0716
-4.3929 -4.9020
-4.5720 -4.6112
5.9215 -1.8067
-3.8855 -4.8767
-5.1008 -1.8304
-3.8395 -4.1219
-1.7759 -3.9692
-4.3784 -4.4111
-1.8247 -8.8075
-5.1453 -4.3109
-4.0086 -4.3809
-4.7958 -4.2876
-4.2026 -4.1232
-1.7787 -1.7022
-3.9263 -1.7775
-1.7509 -3.6578
-5.2643 -1.7337
-4.0320 -4.9013
-4.3535 -1.7092
-3.6530 -1.7217
-4.0095 -3.8768
-5.2468 -3.8505
-1.7287 -3.4426
-3.5758 -4.1805
-1.7865 -2.9597
-4.3909 -3.7739
-4.8596 -4.7034
-4.7031 -1.9335
-4.3066 -4.4053
-5.0868 -1.7777
-3.8711 -5.2272
-4.9027 -4.4601
-4.6980 -1.7735
-4.1102 -4.5758
-3.7560 -5.1284
-4.4359 -4.4763
-3.9089 -4.9362
-3.9873 -4.7910
-3.2609 -5.2650
-3.5412 -4.7661
-1.7533 -4.2367
5.7244 -4.4968
-3.4539 -3.4277
-4.1584 -4.5754
-1.7112 -1.7709
-3.7469 -5.1838
-3.1587 -4.5028
-4.2099 -1.7106
-5.4247 -1.6538
-3.9619 -4.1413
-1.6683 -3.9228
-1.8013 -4.4105
-4.7110 -4.4032
5.8746 -1.7200
-3.3278 -4.6435
-1.7689 -4.1614
-4.5644 -4.8900
-1.7336 -4.9811
6.0559 -4.7937
-1.7268 -2.9439
-1.8134 -4.2853
-4.5779 -4.4686
-1.8003 -4.7290
-8.8577 -5.0894
-1.7299 -3.7560
-4.5559 -4.3498
-1.7444 -1.8174
-3.3445 -3.5764
-4.8326 6.0010
-3.8704 -4.5227
-1.6928 -1.6975
-5.0851 5.7195
-1.7477 -4.6602
-4.5085 -4.1147
-4.7529 -5.0077
-1.8608 -4.2735
-4.6528 -4.1688
-4.1845 -4.6393
-4.3038 -4.1961
-4.7651 -3.8541
-1.8912 -7.6448
-4.3201 6.2493
-1.7923 -3.9778
-3.9817 -4.3525
-1.8693 -5.1895
-3.2175 6.0757
-4.1365 -9.8588
-4.1066 -4.1282
-3.8873 -4.7995
-4.1249 -4.3470
-4.7159 -1.7797
-3.6324 -8.7916
-2.7067 -4.4029
-4.3657 -1.5895
-4.7013 -1.6585
-4.5487 -4.0832
-4.1025 -4.9596
5.9752 -1.7618
-1.7572 -1.8220
-4.8484 -3.6613
5.8781 -1.7522
-4.6923 -3.0807
-4.4870 -3.4374
-4.5511 -4.5327
-4.4080 -4.3455
-4.0859 -3.7693
-1.6927 -2.8307
-1.7815 -4.1261
5.8614 -4.6300
-3.6635 -8.9879
5.7378 -1.7343
-4.4284 6.2102
-4.1669 -4.2213
-4.7194 -5.3731
-4.2929 5.7092
6.1145 -4.7495
-1.8582 -4.4745
-4.7071 5.7192
-1.6863 -1.8254
-1.7494 -3.6515
-3.7885 -3.8213
-2.6497 -4.4212
-4.7047 -1.7365
-4.8231 -4.8149
-4.9682 -4.7739
-1.8400 -1.7808
-4.6352 -1.7027
-3.8672 -5.2144
-1.7444 6.1850
-4.1660 -4.3374
-1.9635 -4.7245
-3.2252 -9.4922
-3.3615 -1.8254
6.1919 -4.9060
-4.4459 -5.0209
-2.7956 -3.5259
-8.5606 -1.7992
-4.8797 -4.5677
-5.3712 -4.9313
-4.6047 -2.9303
-5.1129 -3.4857
-3.4910 -4.0685
5.9397 -5.3311
-1.8641 -1.6662
-1.7966 -4.6424
-4.9354 5.9682
-3.8972 -4.6725
-1.7560 -4.5395
5.9693 -5.0971
-9.7337 -1.7569
-4.3778 -3.9093
6.0387 -4.4137
-4.8146 -1.7510
-4.9955 -4.9338
-3.9721 -4.8456
-1.8054 -1.8192
-1.8143 -3.9966
6.0371 -1.6566
-4.0003 -4.2675
-4.4514 -4.2284
5.9404 -5.1288
-1.7179 -3.3388
-1.6835 -4.4649
-1.8341 -3.2475
-4.6237 5.8526
-4.3889 -4.4626
-1.8263 -4.8945
5.8874 -4.1122
-3.6843 -3.2379
-4.9247 -1.7634
-4.7662 -3.5270
5.9633 -4.6074
-4.2355 -4.9742
-5.3036 -4.0605
-3.7092 -4.1397
-8.7626 -1.8834
5.8124 5.9284
6.2804 -4.8412
-3.6410 -1.8314
-3.8336 -1.8981
-4.0855 -4.2625
-4.1768 -4.2962
-4.6890 -1.8621
-3.7899 -1.7597
-4.1766 -4.5445
-3.7503 -3.7966
-4.9178 -4.8939
-4.8548 6.0161
-4.5785 -1.7462
-7.5420 -4.2174
-1.7787 -4.3711
-3.0747 -4.4432
-4.4931 -4.6976
-1.7171 -1.7953
-3.9429 5.7817
-1.7382 -1.6736
-4.6437 -4.8648
-4.8270 -4.8055
-9.1128 -4.3932
-4.8460 -3.4587
-1.7519 -1.9097
-4.9055 -4.6746
5.9094 -5.0897
-1.7326 -4.2182
6.1254 -4.8121
-1.8467 -4.0922
-4.9167 -3.3666
-4.3359 -3.9344
-5.0910 -5.3657
-3.6701 -1.8059
-4.0497 -4.5764
-9.4740 -3.8560
-1.8075 -1.8649
-3.0344 -1.5708
-1.7303 -1.7723
-1.9239 -4.0902
-5.1679 -4.1410
-5.1588 -3.1973
-3.6287 -3.7921
6.1172 -4.4551
-3.5089 -4.5437
-4.4119 -4.3626
-3.3799 -3.9843
6.0391 5.8900
-3.7877 -4.1948
-4.8115 -4.7629
-3.3993 -1.7587
-1.7281 -1.8396
-3.9554 -1.8674
-4.8907 -4.4126
-1.8562 -1.7329
-2.6637 -5.1135
-1.8222 5.9428
-8.5513 -4.1697
-4.4796 -4.0143
5.7427 -4.8939
6.0873 -1.8892
-1.7431 -4.1293
-4.8736 -4.1587
-7.3667 -4.5109
-4.6389 -5.1712
-1.7848 6.1455
-1.7409 -4.2501
-4.8181 -10.4068
5.9679 -4.5683
-1.9010 -3.8124
-4.3440 -3.8203
-4.3375 -4.4048
-3.5754 -5.0807
-4.5975 -4.3550
-4.7443 -2.6122
-5.0465 -3.9440
-5.0847 -4.7728
-4.5191 -4.4485
-4.6494 5.8880
-4.4734 -4.8514
6.0675 -4.9457
-4.2507 -4.6044
-5.2249 -3.9912
5.9736 -3.3614
-3.9608 -3.7197
-4.3655 -3.3601
-1.8398 -4.0822
-5.0758 5.9047
-4.2983 -1.8053
-1.7416 -4.6668
-1.7912 -3.1969
-4.5826 -5.0259
-5.3873 -4.7153
-3.8376 -4.1318
6.1505 -4.5330
-3.2422 -4.2566
-3.6185 -4.3561
-1.8750 -4.7247
-5.1026 -4.3094
-8.1673 -4.2610
-5.9273 -3.9592
6.0977 -1.8316
-4.3461 -4.9262
-1.7829 -3.5796
-4.2355 -4.5201
-3.8089 -4.6744
-1.7515 -3.3302
-4.2193 -4.3596
-5.0171 -4.6565
-4.7812 -5.1224
-4.0707 -4.3439
-4.5083 -4.3411
-10.3267 -1.7932
-4.9718 -2.9954
-3.5945 -1.8824
-4.4529 -4.0901
-4.2579 -4.1243
-1.8584 -3.4763
-1.7092 -3.3566
-4.6558 -8.1358
-4.9043 -1.9296
-4.5194 -4.9591
-4.6936 -4.2751
-4.7253 -1.7615
-4.0661 -1.8981
-4.8340 -5.0347
-4.7307 -4.4145
-3.1256 -4.1723
-4.4278 -4.4325
-1.7580 -4.4464
-3.7537 -3.8441
-7.8652 -1.7947
-3.8400 -1.9243
-4.0502 -4.2181
-4.3662 -9.7884
-4.6995 -3.3435
-9.3043 -1.8498
-4.3401 -7.6392
-1.6956 -7.1638
-1.7795 -3.3327
-1.7996 -4.6926
6.3792 -1.8426
-4.6768 -4.6134
-4.2254 -1.8275
-6.2552 -4.2542
-3.8036 -4.7302
-4.0255 -5.0658
6.1072 -1.7595
-4.1504 -3.3697
-2.7877 -4.7149
-3.8929 -3.9711
-4.1032 -1.8038
-1.6424 -4.9214
-3.2737 -4.7079
-4.5515 -4.4238
-3.3294 -4.7760
-4.6605 -5.3070
-1.9127 -4.1711
-2.9485 -4.7495
-3.9862 -3.4663
-4.6057 5.9862
5.9512 -4.2497
-1.7847 -4.7961
-4.4609 -3.9446
-1.6810 -3.0909
-3.4999 -3.8437
-4.2302 -11.3758
-3.5016 -2.7075
-1.7134 -9.8044
-4.6265 -3.7113
-4.4297 -4.1774
-4.9482 -5.2068
-1.8603 -4.0236
-4.5462 -1.9339
-10.7315 5.7637
-4.9705 -1.8936
-4.7862 -4.8571
-4.4859 -11.5038
-4.3629 -3.3101
-4.0814 -4.4572
-4.2344 -3.8396
-1.9256 5.9637
-3.9089 -1.8239
-3.5153 -3.6001
-4.9861 -4.3342
-3.9537 -4.1001
-1.7585 -3.3631
-1.8603 -4.5985
-7.6071 5.7605
-4.0515 -10.3537
-4.3393 -3.7183
6.0605 -3.8092
-6.0235 -3.7252
-2.9981 -3.5534
-4.7361 -4.3299
5.8692 -3.9617
5.7668 -1.8720
-1.7265 5.5423
-4.6685 -3.4305
-5.0112 -4.9912
-4.7595 -4.9364
-7.3153 -4.9183
-3.3115 -1.6980
-5.1064 -3.9203
-4.6936 -1.6828
-1.9532 -1.6737
-4.2922 -4.2883
-1.7458 -3.9913
-4.4333 -4.5804
-4.6873 -1.8077
-8.4524 -5.1327
-4.3127 -8.9821
-4.8665 -4.4392
-5.4433 -4.5910
-3.4697 -3.5681
-3.5715 -8.7041
-4.9221 -1.7114
-1.8082 6.0715
-9.5450 -4.8393
-4.2187 -4.8939
-4.4411 -1.7469
-3.9904 -1.8257
-4.4646 5.8799
-1.8542 -1.6070
-3.9804 -4.0613
-5.0496 -4.1610
-1.7920 -4.2225
-4.8183 -4.5660
-3.7046 -4.0408
-1.7394 -2.6049
-4.7127 -4.7356
-4.3070 -3.8187
-1.7819 -4.6549
-4.4656 -1.9307
-2.6983 -3.4019
5.8433 -5.1582
-4.6610 -3.9007
-3.0118 -4.3259
6.0762 -1.7539
-4.6469 -4.8899
-1.7372 -5.4988
-4.2015 -3.3498
-1.6432 -4.2884
-4.9530 -4.0762
-4.2479 -1.8828
-4.1101 -1.8043
-1.8293 -1.8376
-4.0486 -4.2482
-9.2851 -4.9804
-1.7450 -4.8125
-1.9802 -4.5496
-1.9713 -4.6234
-4.9300 -5.7657
-4.4942 -5.3508
-4.0717 -3.9294
-4.8175 -3.7988
-2.8665 -4.5271
-1.7283 -1.7337
-1.8410 -2.7245
-8.1788 -3.7383
-4.7976 -1.8059
-6.9073 -4.2969
-4.6652 -5.1952
-4.6025 -3.5733
-4.0895 -4.2982
-4.7209 -4.3448
-3.6019 -1.7389
-4.8285 -3.6843
-1.7263 -3.4048
-1.9562 -4.0314
-1.7582 -3.4331
5.7600 -4.1462
-1.7847 -3.9790
-1.7412 -4.2448
-4.4762 -4.8443
-4.6303 -4.9226
5.9223 -3.3967
-1.7738 -4.8140
-1.7882 -1.7241
-1.7353 -4.4905
-3.5758 -3.5723
-3.2390 -4.7446
-5.0731 -4.8051
-1.8020 -1.8108
-3.7818 -4.8369
6.1689 -4.9348
-1.8267 -1.6652
-1.8064 -4.2032
-5.3759 -8.6515
-4.6600 5.8021
-3.6563 5.8185
-4.6072 -3.7090
-1.6636 5.8964
-4.5010 -3.2592
-1.6365 -3.4320
-1.7260 -4.4769
-3.8221 -4.4530
-4.3415 -4.4290
-2.9028 6.0035
-1.6941 -1.8103
5.9325 -1.7691
6.0907 -4.4534
-4.7633 -4.4832
-1.8054 -3.7496
-3.8684 -5.1015
-1.8253 -4.2448
-1.7753 -1.8594
-1.7503 -4.1217
5.8052 -2.5414
-1.8119 -4.7195
-4.3793 -4.1115
-3.5996 -2.8367
-3.9435 -4.9783
-4.5548 -4.6281
-1.7345 -4.5555
-1.6518 -4.7203
-4.9274 -5.0979
-4.2692 -1.6713
-4.5571 5.9755
-1.8182 -1.8654
-1.8273 -1.8376
-5.5375 -1.7690
6.1453 -3.9611
-1.7871 -1.7937
-4.9309 -2.8539
-7.7617 -4.3388
-1.6513 -4.3255
-4.3133 -4.0223
6.0863 -3.8650
-4.1899 -3.0762
-4.6773 -1.8199
-3.8446 5.7718
-1.7485 -1.8095
-4.3294 -4.2262
-4.4168 -4.7622
-10.7804 -4.0344
-4.0994 -4.3317
-1.8505 -3.6055
-4.2192 -1.8430
-4.6999 -4.0682
-4.1066 -3.7779
-4.8776 -4.1216
-4.4473 -3.9319
-4.1778 -3.3828
-5.1012 -3.2341
-7.4961 -1.8094
-4.1777 -3.7244
-5.1273 -4.4014
-4.3569 -4.4518
-3.1959 -3.7868
6.0550 -4.1335
-1.7123 -1.7755
-4.2297 -4.0504
-4.4258 -3.4431
-4.7038 -4.7772
-4.0226 -4.8099
-4.3945 -4.6576
-1.7930 -3.9842
-1.7561 -3.4926
-4.7145 -4.7071
-3.8142 5.8897
-4.4255 -3.4539
-4.3389 -8.0930
-4.7621 -4.6134
-4.1273 -4.4181
-5.4690 -3.6950
-4.8977 -2.7847
-3.7704 -1.8626
-1.8075 -4.0424
-3.9149 -4.6820
-4.9776 -4.0062
6.0246 -4.6282
-4.2049 -1.8021
-3.7506 -1.7651
-1.8797 -1.9073
-3.8388 -1.8129
-1.7562 -4.4189
-1.6592 -1.8230
-4.1318 -4.0833
-4.5587 -4.1283
-1.7362 -4.8147
-4.5816 -4.9495
-4.3188 -5.1179
-4.5285 -4.2459
-4.6160 -4.0145
-5.1839 -1.8857
-4.5439 -4.3508
-1.7648 -4.4427
-3.8275 5.9964
5.9403 5.7929
-3.4920 -4.6912
-4.2358 -4.7964
-1.8618 -5.0610
-4.6957 -1.7730
5.9473 -1.6917
-4.5835 -4.0575
-1.8064 -8.4779
-4.9180 -1.8252
-1.8380 -4.4996
-1.8126 -4.3075
-4.3871 -4.5183
-1.7603 -1.6234
-2.9674 -1.8528
-3.5495 -1.7713
-5.1057 -1.8022
-4.3011 -3.9352
-4.9890 -7.9327
-4.7424 -1.8077
-5.3026 -1.7917
-4.0606 -1.7415
-3.9593 -4.8242
-4.4810 -4.7927
-3.0572 -4.3462
-2.4877 -4.6123
-4.6685 -5.1252
-1.9628 -4.2126
5.8127 -4.4596
-4.8221 -3.3867
-4.4572 6.2009
-4.2822 5.7708
-4.1573 6.2660
-3.3669 -1.8161
6.1101 -5.8006
6.2006 -5.0100
-2.9742 -1.8173
-4.3080 -4.6049
6.2539 5.7193
-4.3092 6.0717
-4.1507 -3.6537
-4.6209 -2.9483
-4.4106 -1.9598
-5.1034 -4.1206
-4.9710 -4.6070
-4.4135 -4.0064
-3.9407 -4.3481
-1.9106 -4.3923
-5.0490 -4.0554
-4.8639 -3.9005
-4.3567 -3.7007
-4.7690 6.0746
-1.8243 -4.1860
-4.2364 -1.8763
-5.1971 -4.6405
-5.2170 -3.6409
-1.6705 -4.2329
-1.7380 -1.6677
-4.2281 -4.7961
-4.4464 -1.7736
-4.1726 -3.7797
-1.9059 -4.8955
-1.7694 -3.8993
-5.3198 -5.3771
-4.3930 -4.7026
-4.9593 -9.5321
-1.9782 -3.4651
-4.3960 -4.4390
-5.2084 6.1322
-5.3158 -1.7092
-4.5376 -1.7554
-10.0098 -4.9640
-9.4806 -4.6623
-5.0616 -3.7463
-1.7122 -4.2427
-3.9156 5.9621
-4.9703 -9.7120
-10.1893 -4.5309
-5.1208 -1.7867
-1.7901 -1.9077
-1.8165 -1.7294
-9.4455 -4.2221
-4.2712 -1.6558
-4.8076 -4.2453
-4.6282 -3.6194
6.0072 -1.8143
-4.6077 -4.3616
-4.1135 -4.4655
-4.4555 -1.6780
-4.1564 -1.6289
-5.7092 5.6733
-4.5832 -4.7054
6.1016 -4.8296
-4.4354 -4.1635
-4.6927 -4.5452
-4.0593 -10.6029
-3.3586 -1.8534
-3.6846 -5.0908
-1.7495 -1.7952
-1.7364 -4.3397
-1.7733 -4.7395
-4.2130 -4.6064
-8.6470 -4.9470
-4.2802 -1.7407
-5.0710 -4.9676
-4.8237 -4.6217
-5.2450 -5.1765
-4.1737 -4.4630
-4.6698 -4.9350
-4.7185 -9.3412
-4.4266 -1.6800
-4.0660 -4.3330
-3.9586 5.8131
-4.7742 -4.2026
-1.7200 -3.9626
-1.7420 -1.7956
-4.0834 -4.6426
-3.5504 -3.3527
-4.9345 -3.2478
-3.7442 -4.2328
-1.7236 -3.9635
-1.8272 -4.7305
-4.4999 -1.7845
-4.1326 -5.5074
-5.4729 -4.5118
-1.7135 -4.7624
-1.8189 -3.5752
-1.8193 -3.3849
-4.6850 -4.4204
-4.5307 5.8502
-3.7531 -1.7269
-1.9248 -4.1885
-1.7984 -4.6376
-4.3991 -3.5011
-2.4560 -3.3291
5.9042 -4.4509
-4.7600 -4.0784
-3.9370 -1.8260
-1.7350 -5.8117
-4.3339 -3.3284
-4.0030 -1.8882
-1.7688 -3.8596
-3.8296 -4.1557
-3.7468 -4.3942
-3.6022 -1.8327
-3.3912 5.9761
-3.3939 -4.5206
-1.7776 -4.4485
5.7768 -1.8536
-4.3893 -3.9067
-4.5328 -3.9876
-4.8470 -4.5371
5.4659 -9.3297
-4.8370 -1.6995
-1.7702 -4.4411
-4.5584 -1.7823
-3.8708 -3.4219
-4.0502 -4.2220
-1.7896 -4.4250
-4.0679 -4.4046
-7.0753 5.8421
-3.9547 -4.1165
-5.2678 6.0238
-4.0480 -1.7278
-4.3733 -4.6848
-4.6412 -6.6709
-5.0514 -5.1079
-4.6875 -4.6042
-4.8294 -1.8347
6.0117 -4.3028
-1.8716 -8.1999
-1.9378 -3.7066
-4.6603 -3.5436
-4.2153 -3.7484
-3.7847 -1.8578
-5.2198 -5.2110
-3.1731 -4.5783
-3.5286 -3.3712
-4.6006 -1.9268
-4.6520 -4.8838
-4.0442 5.9456
-4.5846 -1.7173
-4.7918 -3.6644
-5.4200 -4.3582
-4.9091 -1.8362
-4.9515 -4.5397
-3.4458 -3.2541
-3.5258 -3.9125
-4.6821 -4.9169
-4.0410 -4.8453
-1.6631 -4.0133
-4.6174 -3.9960
-3.7865 -3.9983
-3.8602 -3.9930
-5.3342 -3.3921
-4.9225 -4.6864
-3.3440 -4.6471
-1.7420 -5.0658
-9.8050 -3.7533
-8.7171 -4.1206
-3.2269 -4.7618
-4.2910 -1.6746
-3.2818 -4.1690
-5.2696 -4.4064
-3.9778 -3.6856
-4.5109 -3.3975
-1.7053 -4.6078
-1.7218 -8.3350
-4.1138 -4.1778
-3.8622 -4.2233
-3.6361 6.1542
-1.7866 -4.7789
-4.5891 -3.4884
-1.8082 -3.2832
-4.1738 -4.4815
-3.1925 -2.9354
-4.7268 -5.5950
-4.2250 -4.8704
-4.2261 -2.8781
-4.2656 -4.8251
6.0770 -4.6377
-4.1916 -4.6764
-4.2429 -4.4699
-1.8081 5.9319
-4.5201 -5.0010
-5.0437 -4.4132
-1.7783 -1.9147
-4.8998 -3.4897
-4.1784 -4.0442
-4.5030 -4.7956
-4.5077 -4.2495
-3.7351 6.0828
-4.6373 -4.9884
-4.6166 -3.3995
-3.8278 -1.7839
-5.2883 -1.6647
5.8351 -4.7711
-4.1957 -1.8471
-3.5903 -10.3269
-3.5132 -4.6481
-1.6998 -4.8912
-4.2640 -1.7755
-3.9431 -8.2606
-4.6958 -4.8276
-1.8244 -4.8569
-4.8846 -3.9177
5.8175 -4.5415
-4.7695 -4.7406
-1.7030 -1.7975
-4.1113 -1.6975
-3.9229 -3.4027
6.1057 -7.5891
-3.5074 -4.6798
-3.7979 -1.7043
-4.7245 -1.7908
-1.7097 -4.0255
-4.3432 -4.5198
-2.5203 -3.6829
-3.2226 5.8072
-5.0433 -4.7421
-3.4905 -4.3154
-1.7134 -4.0003
-4.0898 -1.7059
-1.7913 -1.8495
-4.5756 -4.2332
-4.7158 -3.8762
-1.8239 -3.9046
5.9999 -4.2928
5.8740 -11.7911
5.8260 -4.2777
-4.1750 -2.8864
-4.0545 -4.0378
-10.3450 -4.4585
-1.6472 -1.7703
-1.6749 -3.9252
-4.2904 -3.1238
-3.4411 -3.8603
-1.8081 -4.7411
-4.6610 -3.8255
-4.2434 -3.4292
-1.8766 -3.5256
-4.8613 5.8241
-5.2238 -4.7506
-3.9065 -3.6933
5.9034 5.9713
-5.1421 -5.8296
-1.7505 -3.8031
-4.5132 -1.9227
-5.1551 -4.9356
-4.9060 -4.6505
-1.7740 -4.0446
-4.0778 -1.8210
-4.4593 -5.3800
5.9430 -3.9763
-4.6433 -4.0725
-4.1059 -4.0820
-4.4749 -4.6335
-4.9375 -4.9058
-4.2436 -1.7154
-3.1703 -4.7161
-4.5989 -1.7087
-4.2007 -4.7127
6.1118 -3.6727
5.9929 -5.2366
-1.8352 -4.3065
5.9796 -4.2835
-4.5534 -3.3332
-5.1565 -4.7058
-3.1045 -3.0367
-3.6439 -4.0823
-3.7897 -3.8083
-4.1307 -4.1372
-4.4518 -8.7783
6.0110 -3.5290
-3.5705 -3.7951
-3.3808 -1.8119
-4.8930 -4.0373
-4.5502 -4.5795
-5.0228 -1.7017
5.9540 5.9727
-3.8366 -3.1765
-4.6397 -1.8186
-3.8349 -4.1920
-4.6502 -1.8184
-4.8129 -3.1390
-4.3863 -4.7267
-4.9919 5.8993
-1.8078 6.4528
-1.6749 -4.2554
-3.7934 -4.8639
-9.4488 -1.9517
-5.5250 -4.9170
-3.1873 -4.2611
-1.8066 -1.6856
-4.2955 -4.1794
-4.8670 -1.7838
-4.6146 -3.1767
-4.2502 -4.4808
-1.8486 -4.3669
-1.7424 -4.7397
-4.0599 -4.2640
-3.5431 -3.5262
-4.1028 -5.1206
-6.5936 -4.9819
-4.5461 -2.5372
-3.2125 -4.1464
-1.7680 -3.8532
-1.5870 -1.8835
-1.8728 5.8942
-3.7852 -4.5911
-5.2452 -1.6596
-4.1679 -3.9542
-2.9302 -4.6674
-3.2175 -1.9680
-2.6269 -4.3555
-5.4535 -4.0549
-4.5863 -4.2197
-3.3860 -5.1142
-1.8964 -5.3394
-4.2342 -4.3216
-4.7394 -3.4338
6.1449 -3.9888
-1.7917 -4.8642
-4.5254 -1.9619
-4.4739 -4.7749
-4.9890 -4.1020
-4.9608 -4.0739
-1.9048 -1.7637
5.7741 -8.3798
-4.7793 -4.3199
-4.2286 -9.6862
-4.0805 -4.5358
-3.6613 -3.7214
-4.3437 -2.6167
-4.3101 -3.2394
-1.8048 -5.2497
-4.0480 -4.3796
-4.7293 5.9087
6.1213 -5.4521
-1.8020 -4.0243
-4.5875 -4.1978
-10.1359 5.8026
5.9714 -3.5764
-4.3503 -1.7166
-5.1278 -4.8052
-4.3757 5.9281
-1.9056 5.9162
5.9096 -4.9186
-1.9712 -4.8637
-4.4713 -4.4461
-1.7027 -4.5778
-4.8868 -4.3449
-4.3161 -5.2903
-1.7199 -3.8298
-4.1522 -4.1649
-7.5728 -5.8195
-1.8634 -1.7800
-4.6983 -3.7430
-1.6940 -3.3367
-3.2535 -4.9983
-2.7145 -4.4330
-10.9895 -4.0189
6.0720 -3.5761
5.9228 -1.9377
-1.8020 -3.6852
-1.6682 -4.8649
-4.6536 -5.4636
-5.4501 -3.9417
-4.8099 -9.6840
-1.7926 -3.2768
-1.7581 -4.6717
-4.2972 -4.9758
-1.7349 -3.7653
-4.9243 -3.5573
5.9927 -4.5460
-4.8616 -5.1142
-4.1139 -5.2383
-4.4348 -3.1779
-1.8662 5.9570
-1.7789 -1.7527
-4.5555 -4.6024
-6.8943 -4.2565
-3.6767 -2.9194
-4.3419 -4.8842
-4.7265 -1.8118
-3.8831 -1.9855
-3.4953 -2.9560
-4.3658 -3.9400
-1.8218 -4.3190
-1.6811 -3.4914
6.0890 -4.0904
-1.8058 -1.8689
-4.4620 -4.5190
5.9582 -4.4358
-4.2039 -2.6151
-4.0978 -4.4391
5.9853 -8.8866
-3.5820 -3.7673
-4.0341 -4.4386
-1.8320 -4.4188
-9.1999 -9.8928
5.9164 -1.7805
-4.1815 -4.3406
-4.3508 -4.3396
-4.7082 -4.9079
-4.9430 -4.5027
-1.6474 -1.6257
-4.8596 -4.4358
-4.3246 -9.1313
-4.0306 -4.3459
-5.3400 -4.3754
-4.5080 -3.6132
-4.6717 -4.4675
-3.8968 -4.6026
-4.8371 -2.9163
-1.8263 -3.8028
-4.9896 -4.8035
-4.0919 5.8677
-2.8084 -4.6347
-4.6261 -4.3651
-1.7881 -3.7193
-4.2619 -4.9843
-4.3456 -11.2704
-10.6798 5.8053
5.7112 -4.6965
-4.4461 -1.6990
-4.8275 -4.8048
-3.7892 -2.3696
-1.8152 -3.0555
-3.5908 -4.0032
-4.1489 -4.4991
-1.8229 -3.7917
-4.3330 -4.2285
-4.8592 -4.7428
-1.7300 -5.0699
-4.4345 -3.8897
-1.9334 -4.3516
-3.7332 -9.0517
-4.3547 -5.0795
-10.5331 -3.8482
-5.3179 -4.9944
-4.7379 -10.3184
5.7131 -4.8540
-4.6371 -4.2852
-4.2431 -3.1811
-5.3279 -3.9403
-4.7422 5.8895
-4.3827 -4.4515
-4.4014 -4.7527
-4.7793 -4.6622
-3.8481 -4.3309
-9.2562 -3.9341
-4.7027 -1.7945
-1.8348 -4.1756
-5.4421 -3.8292
-4.4031 -4.5894
6.0218 -4.0711
-4.3938 -1.6926
-3.8691 -4.9892
-3.4438 -4.6743
-1.6731 -4.0357
-1.7300 -1.8777
-4.6939 -4.2794
-1.8645 -3.5835
-4.5227 -4.5830
-5.7989 -3.6455
-1.8270 6.0626
-4.0218 -1.6983
-4.5607 -9.3770
-3.4740 -4.7788
-1.7171 -4.6606
-3.9064 -1.7847
-4.1662 -1.8087
-1.6964 -3.9557
-1.8356 -4.4844
-3.1737 -4.9157
5.9645 -4.8746
-4.4403 -4.1813
-1.8437 -3.7890
-4.7001 -4.2624
-1.7917 -3.9834
-4.4916 -4.6793
5.8191 -3.6079
-6.2344 -4.8882
-4.7008 -3.5280
-3.8978 -4.5470
-4.1785 -1.7818
-5.1986 -3.1410
-4.7748 5.9500
-4.2338 5.8245
-4.9717 -1.7753
-5.9605 -4.7588
-4.9970 -4.6344
-8.1618 -3.0719
-4.9755 -4.4328
-4.1601 -1.8727
-4.4992 -4.9604
-2.6581 -1.8964
-3.3868 -4.8350
-4.2073 -4.7814
-3.6905 -4.0459
6.0124 -4.5042
-4.7736 -4.1840
-1.8001 -4.4624
-4.2151 5.6870
-4.7724 -4.4811
-4.7050 -1.8144
-1.7699 -3.9371
-4.1813 -4.3612
-4.5719 -4.3219
-4.3076 -4.7479
6.0129 -1.7686
-3.5698 -1.6113
-3.8782 -4.9975
-1.6817 -5.1814
-1.8204 -1.7761
-4.9170 -8.1215
6.2654 -4.0655
-2.9835 -3.3525
5.7416 -1.7665
-2.0144 -4.0597
-4.9186 6.0012
-3.7269 -1.7363
-1.7886 -4.7310
-4.7095 -4.8391
-4.5258 -4.8151
-4.0469 -4.8412
-3.4433 -4.6085
-5.1060 -3.4027
-4.1647 -3.8440
-4.5611 -1.7541
-8.6389 -4.9423
6.3637 -4.7472
-3.6850 5.9494
-2.7269 -3.8913
-1.8290 -3.0285
-4.4924 -3.8767
-1.8488 6.0461
-2.7898 -3.8609
-6.5556 -4.2386
-3.6777 -8.6355
-4.9351 -1.8342
-4.6098 -4.3559
-1.8471 -4.5071
-1.7764 -4.7871
-4.6894 -9.7232
-1.7528 -3.8266
-4.7104 -4.6719
-3.1166 -4.8224
5.8861 -4.0180
5.9497 -4.8184
-4.7925 -1.7382
5.7601 -4.7282
-4.3928 -3.0962
-4.1938 -4.6788
-3.0627 -4.6894
-4.6191 6.0503
-1.6911 -4.9532
-1.7006 -3.7227
-4.9903 -4.8253
-4.4241 -1.7369
-3.9343 -4.5634
-4.7158 -3.6169
-4.6677 -3.9588
-1.8658 -4.3523
-3.5477 -1.7198
5.8219 -4.9466
-4.0003 -4.8910
-5.4754 -4.9517
6.1136 -1.8691
-4.1010 -1.8038
-4.5498 -4.3009
-1.7578 -4.6176
-5.5225 -8.8461
-5.3252 -1.8653
-4.1607 5.8900
-5.5712 -4.3170
-4.4336 -1.6932
-4.2993 5.8210
-4.1692 -1.8686
-1.8371 -4.5877
-4.5289 -4.8489
-3.9359 -1.8003
-5.1340 -3.9791
-3.5108 -4.5919
-3.7744 -5.0494
-4.4037 -4.0807
-4.2497 -4.4859
6.0115 -4.4769
-4.2181 -5.1223
-5.0566 -1.7090
-5.0695 -3.5332
-1.7543 -4.5961
-4.1503 6.0965
-1.7533 -4.1446
6.2317 -5.8248
-4.4143 -4.3934
-1.6555 6.0628
6.1794 -4.8313
-3.0225 -4.4734
-4.6173 -4.6112
-3.9889 -3.9661
-5.2201 -4.0121
-3.5737 -4.3168
-1.8609 -4.8378
5.8386 -3.9688
-4.7964 -5.0690
-1.8460 -1.7810
-1.7671 -4.8523
5.9296 -4.3657
-3.9514 -4.7079
-1.6643 -1.8103
-1.7644 -4.6470
-5.0727 -1.7142
-4.0264 -4.7562
-1.7592 -1.8355
-1.8772 -4.6044
-1.7846 -2.5630
-1.7548 -5.0770
-4.6425 -4.6809
-5.1479 -3.0881
-3.9379 -5.0224
-4.2822 -1.9518
-3.7658 -8.3041
-3.5490 -1.8277
-4.6088 -3.8612
6.0226 -1.7392
-5.5611 -3.0870
-3.6839 -4.3835
-4.5220 5.8759
-4.5363 -4.6786
6.0653 -1.8025
-5.1606 -4.0282
-4.4780 -1.8112
-1.7310 -1.8212
-4.0181 -5.0415
5.9121 -4.6194
-4.3073 -3.7593
-4.2957 -1.6810
-4.5891 -2.2228
-4.1790 -4.6420
-4.6346 -2.5031
-3.8962 -1.8803
-4.3755 -3.8901
5.9860 -4.9146
-4.9257 -3.4023
-4.0100 -4.1074
-4.4596 -3.3898
-3.7211 -1.8260
-5.5472 -1.6155
-4.3706 -4.2150
-4.8122 -2.1130
5.8492 -1.7686
-4.6694 -4.8250
-4.4563 -1.8240
-3.5218 -4.1180
-3.8907 -4.1537
-1.8126 -4.1257
-4.4316 -5.2943
-4.5488 -4.9268
-3.4069 -4.0598
-4.3729 5.9493
-4.6163 -4.3459
-3.9069 -3.5240
-3.9599 -4.9735
-4.9962 6.0637
-5.3351 -4.2028
-4.5848 6.3053
-3.7697 -4.6084
-3.8067 -4.6644
-5.0352 -4.0311
-4.9996 -3.6929
-3.6002 -4.6517
-1.8016 -1.7524
-4.2008 -1.7651
-4.8598 -4.4217
-4.5170 6.1210
6.0455 -5.9345
-4.3750 -4.3555
-5.2173 -4.9041
-1.7112 -1.6985
-4.1953 -1.8048
-1.7432 -1.8675
-3.9532 -5.0223
-4.5270 -4.7638
-3.6938 -4.3556
-3.3497 -5.1231
-1.6981 -4.3121
5.9899 6.1085
-4.3141 -4.2389
-4.5745 -1.7025
6.1860 -3.8686
-5.4794 -5.1850
-5.1519 -4.1895
5.5857 -4.5908
-4.4248 -4.3742
-1.6992 -2.9135
-4.5438 -4.9159
-3.8733 -3.9158
-4.1905 -4.8402
-4.8708 -4.9048
-4.1813 -4.0392
-4.5651 -4.7245
-3.9851 -4.4911
-4.7763 -1.7285
-4.5186 -2.5876
-4.1310 -4.1784
-1.7429 -4.9959
-4.8773 5.6151
-3.4239 -4.7910
-4.6149 -1.8666
5.8456 -4.1224
6.0107 -4.3148
-1.6931 -4.2342
-4.8267 6.0237
-3.9862 -4.9632
-2.5259 -4.8480
-5.0855 -4.9369
-4.1145 -4.3650
-4.8624 -1.8647
-3.9961 5.8922
6.0669 -2.9839
-4.9974 -3.6950
-4.3000 -4.6857
-4.0940 -3.9167
-3.1390 -1.6917
5.9871 -1.7606
-4.4984 -4.5166
-4.3635 -4.7694
-4.5205 -10.2746
-4.5283 -4.1700
-4.4414 -5.4178
-2.2348 -4.3547
-4.3383 -5.0074
-1.6864 6.1422
-4.6220 -4.6714
-4.3193 -4.8440
-1.6999 -1.8590
6.0139 -4.6535
-4.4561 -4.4820
6.2352 -1.8730
-3.3969 -4.5327
-1.7000 -3.0754
5.9716 -3.5491
-2.8652 -4.9359
-5.4015 -1.8311
-1.7148 -4.6180
-3.6443 -3.9060
-1.6580 -1.8532
-4.1005 -1.8257
-1.8321 -3.4491
-1.8537 6.0917
-4.9253 -4.1055
6.0228 -1.7597
-4.6945 -4.1811
-1.7458 -7.6312
-1.7440 -4.5759
-1.6938 -4.3769
5.8216 -4.1586
-3.0251 -4.6864
-4.6082 -9.6267
-4.4224 -4.4327
-4.7054 -3.4509
-4.5696 -4.3892
-1.8363 -5.2352
-5.1718 -3.4572
-3.5746 -1.7056
-4.3305 -4.3001
-3.6057 -4.7598
-1.7654 -4.1561
-4.1646 5.7718
-3.4882 -4.9722
-3.2243 -4.4059
-4.2531 5.8163
5.8104 -3.1519
-3.7080 5.6961
-4.3697 -5.0710
6.1039 -4.5412
-4.6537 -1.7532
-4.2743 -4.7826
-5.0592 -1.7573
-3.7585 -1.6863
-4.6460 6.0664
-4.6350 -3.9638
-4.9930 -4.8872
5.8069 -1.8161
-4.3058 -3.9935
-5.0329 -1.7642
-3.3934 -4.4942
-4.4146 -4.7256
-4.7314 -1.7085
-4.9560 -4.0547
-3.8806 -4.2203
-1.8540 -3.4548
-4.5949 -3.8439
-1.8574 -5.1638
-4.7432 -1.7131
-4.7327 -3.7647
-4.5321 5.8647
-4.9125 -5.4514
-9.5190 -4.3920
-3.0961 -3.7870
-8.1278 -4.2678
6.0526 -5.0993
-4.5393 -3.2746
-1.7907 -9.9629
-4.5394 -4.9432
-4.6184 -3.7018
-1.8051 6.0065
-5.1721 -1.7412
-3.3242 -4.7597
-2.6156 -4.8523
-4.7402 -1.7453
-5.1864 -4.1960
-1.7015 5.8347
-4.3562 -3.6603
-4.9588 -4.3636
-3.7654 -3.6712
-4.9480 -1.7713
-3.7690 -1.8809
-4.9281 -4.4218
5.9631 -4.8634
5.8923 -4.1477
-4.7562 -4.1088
-4.7546 -4.7664
-8.4723 -4.0341
-4.6925 -1.8291
-4.7448 -4.6661
-4.9594 -4.3625
-1.8876 -4.1654
-4.0751 -4.2829
-1.7711 -1.6784
-9.3950 -1.8904
-1.9370 -4.5370
-1.7672 -4.8015
-3.1593 5.9288
-1.7282 -3.8359
-3.7412 -3.5675
-4.4356 -3.7589
-1.7467 6.2705
-1.6655 -4.6398
-3.8055 -1.7038
-1.7873 -1.7821
-4.1468 -5.8380
5.9286 -5.3576
-1.7413 -3.2556
-4.6232 -1.7208
-4.6060 -3.8198
-3.8488 -4.4081
-3.8832 -4.6509
5.9957 -6.0068
6.0285 -5.3938
-3.1996 -2.9586
-4.6710 -4.3688
5.8630 -3.1995
6.0198 -1.9419
-4.5771 -4.5775
-4.4797 -4.6265
5.9357 -4.7899
-3.3886 -3.7305
5.5082 -1.6594
-4.3179 -4.8075
-4.9958 -1.6847
-3.3635 -1.9058
5.9327 -4.0421
6.2122 -3.7295
-4.1902 -1.7160
-4.8072 -1.7749
-4.8363 -3.3970
-1.6436 -4.8797
-5.1594 -4.0042
-4.0508 -4.0032
-1.8343 -4.9706
-1.7933 -4.1092
-1.9039 -4.6942
-4.3935 -2.7345
-2.0788 6.0031
-3.9539 -4.3971
-3.9551 5.8352
-3.0807 5.8254
-4.8259 -1.7217
-1.8134 -5.3923
-3.5215 -2.6349
-1.6759 -3.9125
-4.1037 -4.9324
-1.8116 -3.5125
-1.7534 -4.7380
-3.8188 -4.7678
-3.2541 -1.9635
6.0732 -3.1658
-4.6767 -4.0622
-4.0946 -4.6340
-4.6463 -4.2087
-3.2725 -1.6537
-1.8007 -3.5231
-1.8307 5.6514
-1.7359 -4.9121
-4.4150 -4.2058
-4.7276 -4.9572
-3.8411 -4.1549
-1.7789 -5.0861
-4.1094 5.9478
-4.6464 -1.7094
-3.7759 -1.7794
6.0975 -3.8514
-1.8493 -5.2664
-3.9643 -4.8040
-3.8565 -5.1749
6.0215 -4.0458
-4.3325 -3.6811
6.0407 -5.6714
-4.6359 -1.6479
-1.8775 -3.5957
-3.5683 -4.1478
-4.3225 -4.4675
-5.0642 -1.7655
5.8409 -1.7121
5.7948 -4.3745
-3.5144 -4.0501
-5.3835 -4.4284
6.2524 -5.6586
6.3754 -4.8956
-1.9796 -1.7308
5.9861 6.0086
-5.0373 -5.1607
-3.5030 -4.9314
-4.3123 -4.2837
-4.6795 -4.3026
-4.0316 -1.7650
-3.9915 -4.0487
-3.6267 -3.5136
-4.6963 -4.2439
-3.8446 -4.8502
-4.5744 -8.8677
-1.6694 5.7454
-3.5667 -3.7436
-1.6917 -1.8212
-4.3609 -1.6773
-1.8350 -4.4467
-1.7836 -4.2648
-4.4756 -3.7599
-5.0660 -3.9955
-1.7350 -4.2498
-3.0358 -1.7279
-8.6658 -4.8185
-5.5513 -3.7714
-4.5242 -4.1233
5.7879 -3.7792
-4.0552 -5.1384
-4.8600 -4.7479
-3.6541 -3.9948
-3.9522 -3.6707
-5.4288 -3.7591
5.9604 -4.3061
-4.2226 -9.0555
-4.7799 -4.8241
-4.5343 -3.9451
-4.9248 -5.8640
-4.7335 -4.2510
-4.8950 -4.3955
-4.1841 -4.3394
-3.6300 -4.5855
-2.8263 -4.1805
-2.3299 5.9612
-3.9228 -3.9827
-4.1844 -5.7063
-5.0221 -1.8059
-4.6134 -3.5893
-3.8583 -1.8204
-1.7823 -5.3781
-1.7369 -4.3214
-4.7495 -1.8630
-4.7234 -3.5488
-3.9972 6.1755
-5.0929 -3.7143
-5.0251 5.9221
-3.5716 -4.9951
-4.7094 -1.9041
-3.2685 -3.1633
-1.8473 -4.8560
-4.4306 -4.0211
-4.1464 5.6907
-4.3208 -4.1010
-4.3899 -3.8064
-4.3613 -3.6588
-4.2568 5.9062
-5.6354 -4.0131
-3.9936 -4.7814
-1.7051 -3.9677
-1.7947 -4.7410
6.0424 -1.8657
-1.8089 -4.6670
-1.6910 -1.8192
-4.4097 -4.2312
-4.6622 -1.6625
-4.3516 -5.1514
-9.0082 -1.8536
-4.0229 -6.8712
-4.7382 -4.3399
-3.5722 -1.7399
-2.7388 -8.5735
-4.3722 -4.4011
-4.4206 -5.0121
-3.5679 -4.1954
-4.2319 -4.5396
-4.5183 -1.7022
-3.9581 -4.4588
-4.6082 -1.7818
-3.3981 -4.3229
-4.2277 -4.0749
-3.1421 -5.5017
-5.2561 -4.7965
-4.1713 -1.8011
-1.7798 -5.1176
-4.3812 -4.9471
-4.5155 -3.9427
-4.2037 -9.7774
-4.3566 -1.7943
5.8974 -4.4698
-1.9115 -3.7869
-1.7683 -4.2842
-8.5037 -4.6866
-3.0286 -4.9164
-1.8033 -1.7198
-3.3653 -3.7592
-4.8363 -3.3074
-3.8156 -4.8939
-5.7685 -4.7788
6.0079 -4.6474
-1.8301 -3.0726
-1.8671 -3.6070
-4.3810 -3.8589
-5.4535 -4.3200
-1.7187 5.7002
-4.1974 -3.6925
-5.4684 -4.3905
-1.7650 -3.2750
-4.9799 6.1682
-1.9552 -4.6871
-1.7204 -4.8954
-5.1623 -4.9327
-1.8755 -3.2528
-4.1245 -1.7803
-4.9953 -1.7589
-3.8597 -1.8012
-4.3047 -10.9640
-3.2461 -1.6999
-3.8899 -4.2378
-4.9549 -4.4231
6.0869 -4.6298
-4.4210 -4.4194
-2.9743 -3.9952
-3.8960 -4.5925
-3.9133 -5.1775
-5.0269 -4.4172
-3.8776 5.7529
6.0865 -4.7384
-1.7082 5.9576
-1.8082 6.0645
5.7514 -4.8520
-1.8950 -2.6500
-3.8286 -4.4102
-3.3540 -3.3537
5.6494 -4.0772
-4.4114 -4.2494
-3.5034 5.9251
-4.8566 -10.0315
-4.1857 -1.7153
6.0140 -4.7812
-1.7229 -4.7128
-5.0094 -1.6709
-4.6664 -4.5477
-5.1024 -5.1144
-1.8359 6.1912
-4.7484 6.0005
-3.7196 -4.7193
-4.5860 -1.7219
-5.2356 -1.8440
-4.6240 -4.7699
-1.8260 -4.3795
-1.6994 -4.6609
-1.8008 -1.7178
-3.9864 -3.9772
-4.5997 -5.3295
-9.9386 -4.3932
-4.8520 -6.6457
-1.8364 -3.7603
-4.8890 -4.3796
-4.0875 -1.6926
-1.7917 -3.7494
-1.7849 -3.7684
-4.5791 6.0177
-4.7222 -3.5994
-4.5492 -4.5425
-1.8325 -1.7888
-4.0328 -2.7248
-1.8016 -4.8374
-4.5643 -4.2062
-4.2694 -4.5025
-3.8877 -8.7104
-4.0456 -10.8848
-4.7120 -4.0807
-3.9825 -4.5866
-4.1479 -4.9480
6.0846 -4.6849
-4.1749 -8.5968
-6.5248 -4.6706
-3.5157 -4.9372
-4.5334 -5.4145
-4.4768 -3.9893
-4.5047 -4.7150
-4.4098 -1.7430
-4.2300 -1.7916
-3.4897 -4.0076
-1.8486 -4.7093
-1.7977 -4.5906
-2.7471 -3.9145
-4.8098 -3.5235
-4.6234 -4.1749
-4.6221 -1.7598
-4.7053 -1.6710
-1.6808 -4.5137
-4.3581 -1.8671
-1.8789 -3.9158
6.0475 -1.7503
-4.4574 -4.8826
-2.9430 6.1881
-5.0367 -3.9807
-1.7005 -4.7124
-1.6987 -4.4406
-4.8837 -10.2117
-3.9836 -4.5572
-3.9252 -3.6644
-3.9649 -5.0063
6.0601 -2.6760
6.1650 -4.9926
-1.7064 5.7525
-1.8528 -1.8357
-4.8360 -4.2722
-3.5232 -4.5015
6.0667 -4.3448
-4.7068 -3.8072
5.9189 -4.7901
-2.8034 5.8398
-4.2510 -3.8555
-4.4886 -4.4245
-4.9659 -4.6793
-5.1546 -5.0160
-5.0954 -4.6547
-4.7593 -4.0549
-3.9026 -1.7432
-3.4282 -1.7291
6.0506 -4.4516
-4.5138 -3.5053
-4.6084 -1.6251
-1.7249 -1.7999
-4.8583 5.9245
-4.5240 -3.7599
-4.8012 5.7004
-4.3472 -1.6535
-4.9182 -5.8253
-4.5821 -5.0786
-1.8677 -5.3081
5.7479 -4.1684
-3.9341 6.0101
-3.6920 -1.8555
-1.7560 -4.5474
5.9403 -3.7413
-4.2278 -4.1459
-4.3492 -1.8122
-4.5304 -3.6762
-4.4131 -3.3016
-4.7176 -4.8797
-8.5044 -4.1886
-3.9883 -4.5300
-4.9492 -4.1454
-4.4532 -4.6088
-3.3721 6.2384
-3.7417 -4.4992
-5.0779 6.0307
-3.9676 -4.0073
-4.6181 -3.7681
-3.3981 -5.3908
-3.2184 -3.3445
6.0832 -4.0109
-3.6178 5.9407
-4.0959 -4.0026
-4.4083 -8.9658
-1.7423 -4.1370
-3.1659 -5.2647
-1.7618 -5.2064
-4.7297 -4.4031
-1.7404 -4.5503
-4.5206 -3.9037
-4.2545 -4.4328
-1.7785 -1.7897
-1.7812 6.0908
6.0244 -5.2355
6.0654 -3.7130
-4.9257 5.9457
-1.8036 5.9407
6.0619 -4.9115
-1.7825 -1.8712
-1.6883 -3.5193
-1.8262 -4.3783
-4.6851 -1.7481
-3.9582 -4.0812
-2.9320 -5.0883
-3.8173 -1.7089
-3.8795 5.7724
-4.8373 -3.9939
-1.8740 -3.4928
5.9027 -4.5681
-4.4800 -4.5791
-4.5462 -4.3322
-4.0519 -3.8383
-4.3347 -9.4222
-4.6537 -4.5480
-1.7787 -3.4836
-4.3459 -1.8689
-4.1836 -4.2703
-4.7914 6.1425
-4.9885 -1.6813
-1.8309 -3.9912
6.2492 -4.2063
-5.0589 -1.8106
6.0623 -5.2899
-4.5333 -3.8449
-1.7161 -3.4333
-4.4932 6.0474
-1.7219 -1.9421
-3.9512 6.3704
-4.7924 -4.0195
-4.7182 -9.6508
-3.8771 -4.4762
-1.8027 -3.8652
-3.9826 -4.1554
-1.7565 -4.6209
-4.5192 -4.5415
-4.2306 -4.6841
-3.8359 -4.4879
-4.7696 -4.5279
6.1959 -1.6968
-4.4255 -1.7829
6.1015 -4.1971
-3.8630 -4.2245
-4.0749 5.7431
-4.9700 -1.8713
6.0544 -3.7190
-4.3495 -4.9225
-3.3301 -3.9877
-4.8175 -3.1306
-4.9647 -3.6446
-4.3100 -7.9024
-1.8284 -4.4211
-5.2066 -4.6559
-3.8415 -4.7109
-1.6249 -3.5577
-4.4073 -3.9642
-4.3877 -4.3525
-1.6860 5.6648
-3.8468 -4.5999
6.1114 -5.1199
-4.6112 -3.8984
-3.9790 -4.0832
-1.7300 -4.4858
-3.4646 -1.7484
-10.6500 -1.7987
-3.6688 -3.6660
-3.9642 -5.1021
-4.4955 -1.8839
-4.4431 -4.7780
-4.4800 -4.0206
-1.8807 -4.3619
-1.7147 -4.0605
-2.0245 -5.4690
-1.6759 5.9658
-4.6487 -4.2237
-4.4746 -4.5401
-1.7549 -1.8364
5.8288 -4.3737
-1.8297 5.8666
5.7996 -4.8294
6.1357 -5.2735
5.9603 -1.9135
-3.6827 -4.1184
-4.3404 -1.7931
-3.2168 -4.6195
-1.7844 -4.9893
-5.3251 -3.4125
-3.0833 -5.1920
-1.7758 -4.9122
-1.6594 -5.4753
-4.3918 -4.5190
6.1186 -4.1458
-4.2319 -4.3640
6.0117 -1.7988
-1.7269 -1.7788
-4.3735 -5.3708
-4.2440 -1.7203
6.1929 -4.8851
-4.6670 6.0978
-1.7608 -3.1964
-4.5926 -4.5584
-1.7464 -5.2465
-1.7109 -3.7705
6.0419 -4.8833
-3.4186 -1.7406
-4.8008 -4.2215
-3.5711 5.9623
-4.2906 5.9927
-5.1345 -3.7535
-1.8597 -3.9803
5.9966 -1.7322
-1.8904 -4.5555
-4.2410 -4.0381
-1.8732 -4.6221
-9.2213 -4.6271
-1.7378 -4.4922
-8.0695 -3.6189
-4.1358 -5.6425
-5.0792 -1.7162
6.1232 -4.1967
-1.8593 -4.7064
-3.1584 -4.5646
-3.8720 -4.5140
-4.2329 -2.7512
-4.5251 -4.6712
-1.7663 5.7984
-3.3123 -4.4754
-3.8004 6.0301
-4.3169 5.8393
-4.1994 -5.0948
-4.2192 5.9975
5.6128 -1.7932
-1.9151 -4.5361
-4.2481 6.1931
-4.3040 -2.7574
-4.4052 -5.0629
-4.4057 -4.6012
-4.5699 -8.3475
-5.5042 -3.6180
-4.7546 -4.6350
6.4236 -3.9509
-4.3697 -9.6477
-5.9591 -4.4850
-2.8399 -4.3442
-5.1517 -4.3178
-1.8186 -4.2230
-1.7898 -5.1218
-4.0449 -4.7862
-4.4400 5.8811
-4.8950 5.9152
-3.1244 -1.7574
-5.0670 -4.0275
-1.8990 -4.9914
-4.6796 -4.6609
6.2510 -4.9167
-11.0798 -3.9215
-4.8191 -4.5878
-8.2836 -4.3556
-1.8525 -5.2770
-5.5451 -4.4842
-1.6742 -4.5990
-4.6519 -4.1882
-3.2562 5.7873
-2.7156 -1.7828
-4.2521 -7.6518
-1.9031 -4.4297
-3.3166 -1.7026
-4.9867 6.1248
-3.5485 -3.8366
-4.4965 -4.6808
-4.1484 -1.7404
5.8230 -5.1563
-3.2493 -1.7254
6.0958 -1.7762
-1.8360 -1.7657
-5.9073 -3.5991
-1.7194 -3.3558
-4.7245 -1.6780
-4.3186 -3.3118
6.0098 -4.2759
-4.2690 -4.3804
-4.3646 6.0883
-2.2964 -1.8065
-5.1082 -3.9187
-4.2644 -1.8403
-4.8288 -1.7658
-6.6391 -1.6962
5.9902 -3.9666
-4.0718 -1.8297
-3.9201 -3.9699
-1.7944 -4.9564
-3.4022 -9.7604
-4.6663 6.1067
-5.2801 -4.4811
6.2165 -4.5527
-5.2009 -4.4331
-1.7756 -1.7114
-4.4541 -4.2531
-1.7910 -3.7630
-8.9099 5.9131
-3.5437 -8.5050
-1.9441 -4.3850
-4.4097 -4.3249
-4.7984 -1.7138
-1.7403 6.1138
-4.0052 -4.1944
-4.6789 -7.4807
-3.6938 -4.3346
-4.5959 -10.9618
-4.8455 -5.7371
-3.5329 -4.6320
-4.7519 -4.1827
-1.7565 -4.3732
-3.2571 5.9269
-1.7065 -1.7501
-4.4114 -1.8504
-4.0839 -5.1574
-1.7858 -9.6236
-4.1476 -4.4058
-4.9903 -4.2090
-1.7795 -4.4517
5.8675 -4.3935
5.9166 -1.7140
5.7866 -4.2743
-3.6282 6.1549
-1.9565 -4.2939
-4.8754 -4.2053
-1.7857 -4.2551
-1.9035 -1.8582
-3.0820 -4.8579
-1.6742 -5.2335
-4.9715 -1.7855
-4.4389 -4.4216
-3.8067 -5.1823
-8.6866 -3.2789
-1.9106 -2.0127
-4.0673 6.0122
-3.9165 -1.6608
-4.6058 -5.1397
-3.6558 -8.4557
5.9676 -4.2883
-4.5306 5.7439
6.2175 -4.2937
-4.5684 -4.4781
-2.6490 -4.8348
-5.0432 -4.4200
-3.9004 -5.2072
-4.6339 -3.4373
5.8308 -4.3522
-3.8176 -3.0678
-4.3161 -1.7849
-5.3865 -4.7998
-5.5716 -4.2162
-4.6330 -4.2894
-1.8974 -2.9287
-3.2271 -4.7066
-4.7485 -4.0281
-3.1047 -4.8192
-5.3860 -5.0610
-4.9874 -4.0688
-3.9793 -1.8079
-4.6898 -4.6660
-3.4444 -3.2118
-3.8696 -4.5369
-4.7736 -3.4271
-4.7480 -4.7302
-1.7610 6.0462
-3.9507 -4.5424
-4.8065 -4.4019
-4.8776 -1.7813
-4.7702 3.4913
7.2686 -4.8252
-8.4743 2.5167
-9.1328 7.7988
-8.7852 -5.9826
-8.3462 -7.8055
-8.8023 -9.6424
6.9137 -5.8322
-6.7430 -7.5270
8.5048 -6.9773
7.7255 -6.7448
-9.1193 -3.4504
-9.4707 -9.4552
-9.3471 -4.3677
-6.1887 -8.8261
-9.8360 -8.6687
-9.5728 6.5192
-4.5503 -9.6928
9.1155 -9.3559
-8.6835 -10.6053
-6.2077 -7.8040
-9.4091 8.1289
-7.2993 9.7240
8.6700 10.0671
-7.2359 -6.8304
-8.6930 7.9064
3.7894 -10.0508
-4.4743 6.5913
9.7017 -8.8238
9.6507 -4.3086
-9.4577 -8.4906
12.6195 -8.0972
-9.5201 3.2197
-8.0956 -8.6633
-3.4437 -8.2512
8.8925 4.1254
-6.4622 7.5851
-9.1434 -8.1960
10.9564 -6.0868
-7.4573 5.6280
-6.8458 -8.5181
7.6659 -8.3573
-3.8342 -4.5207
-4.7483 -10.1794
-9.2596 -8.9602
9.4361 -9.4156
-7.9335 -9.4585
2.3014 -5.1557
-9.2914 -5.1933
-6.1295 -8.6275
-9.0984 -7.7690
11.0414 -3.7258
-11.3326 9.5280
-4.7210 -8.3952
-9.0507 -10.9406
-10.1757 13.0113
-8.5858 -8.6991
-6.1086 -7.5841
-6.9948 -10.6104
6.7005 9.7593
-8.9477 6.2594
-6.5345 -9.8193
7.7410 -9.6581
5.5976 9.8596
-8.8901 7.7452
-3.7287 -8.0801
-10.0094 -4.2173
3.7348 -9.3027
9.9768 -9.1101
8.9799 7.3936
-6.2355 7.6215
-9.3469 -3.9547
-7.8845 -8.4661
-9.8472 -7.3358
9.1562 -9.0391
-10.0288 -4.2574
-9.2765 5.9481
-10.2317 -9.9444
-8.1135 -4.8500
-5.8571 7.3788
8.5082 -5.4254
-9.4834 -4.2701
-3.8387 -7.3534
-8.2336 6.9522
8.4467 -7.8415
-8.6264 -7.5355
-9.5749 -9.5920
-10.3110 2.3372
8.2815 -11.6908
-4.4096 -3.7912
-7.5244 -8.5889
-4.5918 -8.6275
-8.8799 -8.6108
-8.1683 -8.4189
-8.1751 -9.0780
-9.2734 -8.0477
-8.8555 -6.8704
-7.4736 7.4945
-7.3168 -10.2399
-9.3670 -7.2305
-8.0192 -7.1373
-4.7826 7.6982
6.4729 -7.2862
-4.8753 8.4817
10.8149 3.7995
-8.3181 -9.3060
-7.0973 -6.3177
4.9322 13.2226
-11.1773 -10.0960
9.4348 -8.2834
9.7475 -6.9333
-9.8780 -6.6172
10.4011 -4.2761
-10.6086 5.1068
8.4093 7.9616
-9.0037 -6.3827
-8.6257 -8.5694
-7.3683 10.4181
-7.0025 -8.3429
-6.6115 9.2980
-6.5857 5.6949
-8.8100 -10.0367
12.0120 -5.9021
-5.0388 -4.9234
-7.4630 -9.2594
-7.9344 -6.2667
-5.7170 8.8315
-3.3811 -9.4551
-3.5529 -8.0970
-5.9169 -5.8466
-8.1679 6.9194
5.6651 12.8647
-5.6799 -7.2227
-6.9258 12.0839
7.0407 -4.5195
-9.4713 -9.3378
-9.6536 4.8923
9.3263 8.1422
3.9016 -8.5854
9.5531 3.1000
-5.7777 -7.6171
-9.9358 -8.7104
-7.9633 -11.2710
5.5473 -7.7411
4.7688 -11.9100
-10.2021 -9.8755
-9.0921 -9.6449
10.5357 9.4345
-8.2533 -9.5083
-4.3558 -5.9173
-9.3582 -4.2843
-5.4337 -6.7669
-6.3562 -7.3833
11.0160 -7.9271
-5.5759 -9.3268
-9.8530 10.6792
9.6191 12.0295
-9.5799 9.5453
-4.3083 -10.2952
-7.6220 -8.4322
-9.9998 -8.6451
-9.3563 9.1961
7.9658 -4.4412
-4.5686 -7.2415
-8.3707 -8.2093
9.6675 -7.5501
-8.8517 8.0266
-6.9937 -4.1047
-4.5316 -7.2145
9.5830 7.1707
-8.9509 -7.7778
-8.2835 -8.5907
-9.5772 -10.2650
3.2960 7.4290
-9.0050 -9.1621
-8.5791 -10.2238
-6.6180 -8.6960
-8.8524 -8.9717
-9.8003 -7.3043
4.2258 -9.7201
-8.8209 -9.2005
-4.1731 7.9126
-4.5267 6.5988
-6.2263 -7.1124
-9.0464 12.1880
-7.0423 -7.3401
-7.8972 -7.6916
-8.1587 -7.5935
-8.2961 -9.1752
-4.9172 -8.2300
11.6868 -5.1208
-9.4015 -9.7782
-9.8611 -8.2058
-11.3185 -8.4649
-10.7429 -5.8252
-8.9584 -7.3872
6.6347 -9.9885
-9.3344 1.7660
-4.3918 -8.3846
-7.6581 -6.7398
-9.9223 -9.6354
-7.6331 10.2851
-9.0871 -9.1847
-11.2505 -5.9566
-9.6576 4.2626
8.0492 -8.9535
-10.2994 -8.5877
-10.9022 -8.8546
10.1106 3.1200
2.9391 -9.0479
-7.5951 -7.9739
10.7514 8.6948
-5.7416 -7.5429
-5.1345 11.0672
-9.1593 -4.2270
-8.1987 -6.4043
-6.2800 -6.6477
-8.3252 3.0676
-10.2676 -8.7292
-4.4593 2.0858
2.9533 -8.0382
-7.5611 8.6087
-8.0951 -5.3985
-8.1581 8.5142
-8.5196 -5.8420
-7.2755 -9.7609
-9.6186 4.2060
-9.9344 -7.3996
2.6234 8.5195
-7.4309 -10.2973
-10.0859 2.5263
-8.5640 -6.8144
-8.9036 6.2539
9.4204 -7.4189
6.8140 -8.2196
8.2901 -10.0797
-8.4877 -9.5893
-7.0776 10.6813
12.9474 -9.1341
-8.2541 -5.6440
-8.6560 4.2735
-7.2838 -8.3963
6.3526 -10.3632
-5.8981 -7.3912
-8.3203 -11.3799
4.5107 -8.1512
-8.3414 9.5165
-6.9436 -9.3577
-7.2063 -8.4589
-9.0618 -4.4413
9.4379 -4.2312
-6.7922 -5.5006
-8.3785 11.8267
9.1933 -6.1310
9.2924 -3.7537
3.0549 -9.5805
-3.8914 5.2496
8.5731 -11.1350
-8.1944 -9.1719
2.9571 -10.3725
-6.5665 -10.4614
7.9224 -8.5231
-9.4862 -6.5174
6.4152 -8.5239
-3.8394 -10.2612
3.4991 -9.7667
-7.4845 -10.7784
-8.7162 9.1692
-8.4885 -6.6817
9.0037 9.2383
-8.6495 -8.2860
-4.7302 -8.3545
-10.1991 9.2384
-7.6718 -8.0070
9.3202 -4.0798
-7.1645 -6.0674
-4.7571 -4.2612
-6.9414 -7.8293
-9.9062 -4.5483
-8.7497 -5.7814
5.7232 -6.3690
7.3254 -7.7989
-9.0695 -8.6839
-7.0727 9.8722
9.1509 -7.5874
-8.0764 -8.2466
-4.3392 -4.9881
10.3743 8.1406
-9.4848 -9.9972
-9.5955 4.2588
-9.3339 -8.2927
-10.0037 -8.7657
-10.9048 -4.3668
-9.1211 -10.0410
-7.0330 4.2096
11.1886 -8.9580
-8.8037 -8.0234
-7.7761 -9.4743
-9.4796 -4.1982
-8.3590 -6.4594
-9.4811 -8.9691
-4.2190 -8.4568
13.2211 -10.7651
2.6430 8.3575
9.5327 -9.8250
-7.6980 -7.7444
-8.7119 -8.0696
7.5239 12.0333
-9.0775 11.0815
11.2161 -8.4416
8.4661 -6.1499
9.8634 -4.4609
-4.2837 -6.6442
-4.2883 -4.4867
-7.3550 -6.8269
-8.9483 -9.0637
-7.4824 -8.5517
-7.3973 9.7721
-9.7158 6.4936
-7.2053 3.3193
9.9904 6.1300
-4.4257 -5.6565
-8.2829 -8.4897
9.5392 -8.1660
-10.1316 -10.9879
-5.8751 10.4553
-10.4018 -9.8202
-9.2198 -8.1920
-7.6000 -9.9397
6.3860 -8.0935
4.5378 7.2956
-4.5305 -8.5860
-7.9551 -9.3318
-6.4029 -9.6930
-9.7122 -9.3814
7.2442 -9.1160
-9.3821 -6.9939
-9.7230 -6.0414
-7.8452 -9.4971
-4.4076 -6.5284
-5.5732 -7.8636
-9.6330 -3.4866
-9.7539 -10.4403
-5.3695 -9.7924
-4.3222 -8.1582
-5.3636 -9.5359
-9.1623 -6.0090
9.8579 -4.5816
-8.4722 -5.9175
-5.2946 -7.8136
-5.9366 -4.0935
-4.0607 6.9091
-4.3100 7.8012
-7.5372 8.8078
-8.4098 10.4164
-7.6869 -4.7025
9.3921 -6.7545
8.9627 7.0796
-8.4657 -8.8246
-3.4891 -8.8749
-10.4429 -3.7206
-4.2712 -8.6589
-10.5180 -7.1126
2.8753 -8.8976
8.3542 -10.1614
-8.5766 -4.3967
-8.9007 -10.6156
5.5328 -6.6279
-4.5602 -10.2342
-6.7164 -9.1951
-5.0365 -8.5807
2.0913 -7.4901
-7.9928 -8.8744
-7.8448 -4.2114
-10.4293 -4.0053
-6.7918 -9.0106
4.4896 -10.3253
-11.0989 -5.2753
-10.7638 -7.3797
-10.2827 6.2754
-9.7405 8.7007
-8.2530 -7.3962
-6.7055 -8.1143
-7.2233 -9.1274
8.0709 -5.6194
4.4786 -8.3156
-9.1994 -9.1838
1.7683 -6.6516
-9.8320 -4.4572
-7.6706 8.7815
-7.9730 -10.2855
-5.5600 -8.1904
-5.0364 -8.8081
-9.4276 7.2862
9.7199 -6.9194
-5.8065 7.1439
-7.6462 -9.4706
-9.1608 -7.7356
-8.4919 -9.2217
-9.8870 -4.4104
-8.4803 7.7924
-7.9752 9.8903
-8.0078 -7.2431
-11.6690 -9.4266
-9.5284 -7.5983
-10.4059 -8.3979
7.7509 -6.1150
-7.6422 -10.1296
-3.8450 -6.6853
-9.9592 -9.8613
-4.7048 9.1688
-6.4412 -9.1663
-6.0811 -8.3648
-10.2405 10.2609
-9.5535 3.3071
-6.0049 9.2031
-11.1186 -5.7168
-4.2881 -10.4655
-7.4915 -9.8256
-8.5550 -7.8594
12.3749 -8.4948
-9.6141 -5.3166
-9.3939 -10.9924
10.7868 -8.2962
-8.9445 -8.5551
-7.6349 -8.5614
8.6736 -7.8247
6.4674 -8.1389
10.4771 -5.8486
-6.2751 6.0804
-8.2744 -7.7595
-9.6338 -9.7648
12.2710 5.0040
-8.1636 9.0941
10.7179 -8.2896
-8.4958 -4.1106
-3.8333 -9.9082
-9.7361 -6.7524
-8.5916 -5.2282
8.0585 -6.3645
-8.7178 -4.9983
7.7074 -9.5042
-8.0139 6.1875
-9.7435 -7.7186
-9.7990 6.4747
3.0206 -10.5888
-12.0378 -8.1334
-8.8079 -7.2304
-8.2897 -10.7104
-7.3406 5.2698
7.4483 -7.1050
9.6609 10.7096
-7.5150 -5.4851
6.4103 -6.8782
-7.2385 -8.1179
9.6922 -6.8241
11.2080 -7.2948
-8.4216 -8.2700
-6.6246 7.9904
-9.3127 -8.1887
-6.6301 9.9246
-5.3292 -8.9283
-9.9699 -9.9921
-5.9514 -8.8235
8.8186 -7.9848
-7.2208 -7.3154
7.6438 -9.0961
-6.0128 -9.4484
-6.6078 -9.4891
6.8737 -8.7523
-9.0005 -9.7249
-8.6685 -9.3215
-9.3208 -9.4302
-10.5195 -9.9653
-9.5831 -9.7984
-8.1620 -7.0172
-7.3032 11.0868
-11.1118 -4.5003
-9.4398 -6.3491
-5.6704 -10.0215
-8.4714 10.5553
7.5864 -8.6147
-6.4283 -6.6576
-9.4870 -9.0722
6.2830 -6.7823
7.6885 -10.5831
-7.5505 7.7616
-8.9139 9.1505
-9.4578 -5.1835
-7.4329 -3.6004
8.8832 -6.2794
-8.2294 4.4892
-8.1454 -9.2398
-9.0477 10.3663
-9.4614 -4.7804
-8.3157 10.2839
-8.8029 7.3578
-10.4963 -8.4310
-9.3870 8.3984
-8.2493 4.6540
-10.6095 8.9405
-7.0604 -9.7040
-10.3109 7.1166
9.5466 -6.9376
-11.1084 -8.1698
-4.2988 -7.7982
-7.5973 6.7363
4.4990 -5.3527
-4.3265 8.7308
-9.4941 -9.5773
-8.6743 -9.4213
-9.7359 6.6492
-7.7057 -7.2269
-6.8379 -10.4499
-9.8417 -4.6551
-8.0272 -7.1831
-13.2658 14.0972
4.0042 -10.0777
-4.2483 12.1436
-9.3750 -10.5307
-7.7494 11.2257
-7.2476 -7.2784
-4.3377 -10.8099
3.6483 -9.0574
-8.0903 -5.6294
-7.6309 -9.4569
-8.3633 -9.5895
9.2624 -8.7606
3.3000 -4.9930
-6.1242 -8.0010
8.8741 -10.7410
3.7238 -9.4973
-10.5429 -5.1872
-10.3407 -4.8478
7.5282 8.0391
11.4038 -9.1519
-10.9883 -4.1511
7.7281 -5.7234
-10.9773 -8.6463
-9.2342 -9.4073
-5.4184 -9.0278
-6.9396 -6.3162
-8.8830 8.5645
-9.0255 10.3980
-4.0644 -3.6937
-10.0813 -9.4971
3.0861 -3.8196
10.4452 -9.4774
-4.2479 -7.3157
-8.5165 -9.9648
-7.3742 -9.0635
-3.9546 -4.2416
-9.2366 5.2341
-6.8601 -8.7185
-4.5552 9.3097
8.5831 8.2960
-11.0272 -9.2857
-10.2232 -7.5160
-6.5967 -7.7503
10.3009 -8.6930
-8.9065 -8.1319
-8.4433 8.9028
6.2393 -5.0887
11.4428 -7.4588
-6.2985 9.0419
-4.0381 -8.2766
-9.2442 10.4782
-5.5727 -6.3498
2.3635 -5.4955
10.4299 -4.0068
-10.7897 -9.8847
-4.7796 -10.7222
-7.2842 2.3784
8.1454 -8.3941
-6.0495 -8.0957
-8.9252 -10.2266
-8.6926 -8.2385
-4.9194 -7.8174
-8.2853 -4.3915
-5.6306 9.5751
6.3815 8.8073
-8.7545 -9.5959
-3.8638 -5.2407
-8.1794 5.6251
-7.9800 -4.2306
-8.3649 3.9245
9.5543 -7.6173
-6.7526 -4.6113
-8.7125 -9.8082
6.8412 -8.3208
-10.4686 -8.7675
-8.8331 10.6794
10.7442 11.8107
-8.0526 -4.6477
8.1448 -10.1912
-9.1314 -7.2830
-7.6145 -4.3157
-7.9264 3.9558
-8.6395 11.3320
-6.8767 11.0614
-5.7414 -7.5467
-4.3476 -8.1492
-9.5529 8.5364
-10.6302 -3.5618
-10.3759 -5.9883
-8.0311 -10.4920
10.8632 -9.1328
-11.1406 -4.4384
-6.8290 -9.8610
-6.7826 -9.5595
-6.0345 -7.1583
-8.6767 5.4030
10.7721 -4.3182
-4.1158 -3.8880
-6.7081 -8.2261
9.9261 -9.5124
10.5842 -8.7976
-7.4508 -6.9108
-6.8618 -7.4134
8.8264 -9.4058
10.3669 -7.6919
-8.2000 -9.7313
-10.4708 -10.6095
-6.7362 -8.2800
-4.8580 -9.0472
5.4225 3.2938
-8.2913 8.9269
-8.3205 -10.0230
-7.3481 -9.6467
-5.8220 11.1836
8.8703 -10.9980
-4.6808 12.6656
10.6936 -9.7145
-9.8325 -11.3076
-10.1612 2.3734
-9.8287 -7.9197
-6.4650 10.1650
5.7190 -6.0595
-8.2274 -3.8592
-8.6278 11.1137
-6.7749 -4.3031
-9.6533 6.1852
-7.8938 -8.4954
-7.7516 -9.4249
-5.9523 -8.5272
-8.2842 -5.8888
7.7880 -9.0356
-8.7908 3.7145
-7.3272 9.6634
5.3095 -8.0798
9.6536 7.0014
9.0544 8.8503
-7.4347 -7.3498
-7.1584 -8.6352
-5.9299 -6.0142
-9.0143 -4.6213
-9.9910 -6.3187
-9.2200 -8.6620
-7.7330 -8.0361
-7.1379 -4.5122
-4.0720 -6.9003
-10.1362 -7.1013
-9.2175 -7.2360
9.7176 9.9611
12.2823 -7.5061
9.0337 -10.0798
-10.9029 7.9196
8.2331 -9.0495
-10.0050 9.4528
-3.7885 4.0709
-10.5746 -10.6939
-9.7587 -4.4145
-7.8017 -4.3405
12.2262 9.5936
-8.8118 -6.4526
-9.2071 3.4482
-10.3750 -8.5573
-9.1197 5.2783
-4.2914 8.7079
-9.6805 -8.4834
2.9776 -3.9923
-8.7782 8.0977
-8.6304 -9.0954
-5.3241 -8.1114
-9.0800 -5.6430
-5.6886 -7.5576
-7.8660 -9.6214
-8.4390 -7.6148
-7.4201 -6.3763
-9.4205 -8.5997
-8.0810 -10.1377
-3.8895 -9.3671
-8.6761 -4.2094
-8.4531 -10.4865
-7.7039 -7.9857
-7.6917 -4.3093
-8.3130 -7.5688
-5.4651 -11.3364
-6.6120 5.1208
-8.1622 -8.3509
-4.3463 -4.4552
5.4642 8.3838
-7.2825 9.0541
-9.6587 -6.7304
-10.3719 -7.8728
-7.7811 -9.1611
-7.4741 -4.9549
-9.1578 -5.6858
-8.0845 -9.6618
-8.8115 4.9920
-8.7286 -3.9967
-9.8563 2.6491
-7.4707 -6.6675
-10.5654 -4.4653
12.0262 -8.9569
-8.6105 8.2031
-5.3730 -8.8382
-6.4734 -10.8328
-9.1801 6.7761
-4.1235 -10.1537
-6.0598 -9.6230
-8.7503 -9.2444
-9.6875 -8.6395
-6.7993 -10.4068
-9.0902 3.3461
7.8578 -8.2443
-8.6296 -9.6503
7.9266 -7.0328
-7.3551 -8.9781
-9.4204 8.1600
-6.8642 8.9712
-5.2482 -8.9561
3.5437 -7.4552
8.8267 -9.1773
-8.3844 -8.1997
-8.8986 -8.9466
9.4127 -5.9947
9.0278 -9.9287
-9.0310 -7.7538
-9.1146 -11.3728
-8.9207 -6.9015
-3.5710 10.5333
-9.8278 -6.2186
-7.6539 2.7505
11.2090 -9.3772
8.7275 -8.5677
-8.8603 -7.2234
4.4766 -9.8055
-7.6092 3.2148
10.1471 -8.3570
5.1902 11.9585
1.8654 4.8661
-7.2765 7.9757
-7.6699 -4.4451
7.6259 -7.7496
-10.3833 -9.5456
8.2212 4.4167
-8.9313 -8.8692
-7.7080 -6.4602
-8.8936 -3.4005
7.2274 -6.4020
-8.2260 -8.2320
-8.8641 -5.6282
-5.1475 -7.5798
9.7965 7.0058
-7.9266 -7.4720
-7.4937 -9.0453
-9.4298 -8.6725
-6.4133 -8.5833
-9.6338 7.0649
-6.1416 -8.0584
-7.4799 -9.6625
-9.3480 -9.3242
-4.5749 -3.7838
-5.5444 6.5260
-8.3066 -9.3668
-5.9583 9.5437
-7.5268 -7.3111
-9.1134 -6.5068
3.7641 -6.0537
-5.0535 8.0848
3.8863 -7.6582
-6.7648 -10.3145
-7.4863 -7.9050
-9.9426 10.0275
-9.2648 -7.6222
10.9558 2.7203
-4.4496 -7.7551
8.6819 -8.8932
-6.9463 -9.4126
2.8760 -7.7620
-6.8844 -8.9969
-9.3545 -5.6850
-8.2845 8.6263
-3.8431 -10.2217
4.9233 -7.9394
-6.8227 -5.9350
-7.7910 -7.3712
-8.4762 7.7559
-8.1318 5.9209
-6.5652 1.8363
-3.6286 -9.2612
3.1858 -6.8145
-7.1200 -4.6494
-7.9567 -6.7004
-8.4378 -7.6469
-7.3281 -7.0991
-4.9526 -4.8554
-9.1083 -4.4780
5.1454 11.0380
-4.0376 -6.6401
-9.6206 -9.1773
-7.9275 -10.0541
-8.1019 2.5196
-10.0085 -4.5841
12.2021 -10.1477
-8.5055 -7.8197
7.0524 7.5839
10.9829 -8.3184
-7.6486 6.1067
-9.1683 -6.5865
-9.2838 -9.2634
7.2920 2.9796
-8.6604 -8.7504
3.5878 -9.9405
-9.0945 -9.3904
-5.9518 -8.7227
-8.6429 -11.1534
3.4824 -9.0727
13.0340 7.9350
-5.4574 3.5497
-7.9375 -9.3998
-7.0317 -9.7722
9.0107 -8.7825
9.8281 -6.5478
-3.1352 8.7372
12.2158 -8.2098
-8.4801 -8.0307
-7.8371 11.0932
-5.6703 -10.4787
-7.7818 -9.1755
-9.9224 6.6127
-10.0996 -9.1757
-8.2317 -4.5080
-7.2683 8.3402
-11.0886 -5.6626
10.0019 -10.7429
-7.9331 -3.7619
-7.9088 -6.0158
-8.2203 -7.5059
-7.8962 -4.1130
5.4874 -5.2535
-8.2221 6.6143
-7.4898 -6.8615
-10.1186 6.6346
-9.6542 -8.7500
-7.5926 -9.7184
11.8777 -7.3017
4.1487 8.0074
5.5784 -7.4719
-8.4303 5.2396
-6.9033 5.2520
-9.3024 7.4637
-7.3411 5.6980
-9.5438 -10.7075
-8.6772 -9.1691
-7.8518 -7.8051
-7.5497 -9.4345
-6.6803 -5.6998
-9.7198 7.4299
6.8211 10.2612
-7.4799 3.5657
-10.3561 -9.0754
8.4143 3.8793
-8.9119 -7.9363
-7.9260 -6.8970
-9.3605 -8.2747
-10.6592 -9.3065
-10.5475 -8.8123
10.8079 -6.6049
-5.4774 8.1562
-5.4983 8.8976
-10.3746 5.6480
-8.3244 -3.7473
-6.0683 5.8968
-9.3595 11.2728
-10.9162 -7.2086
-10.0032 -8.6980
-7.9465 -3.9561
-7.2090 8.1284
-8.1857 9.6467
6.4667 8.1296
-8.8806 -7.6042
-8.9512 -8.5095
-8.6405 -8.1791
-9.1219 6.0926
8.4160 -8.9152
-6.3149 -4.0515
-6.9913 11.9999
8.4425 7.7220
-9.6821 -8.7008
3.3098 -9.9213
-4.3539 -6.1490
-4.3138 -9.2449
-4.2300 8.8340
-3.8441 -9.8008
-6.9418 9.4943
-7.9024 9.0597
-7.6364 -7.6761
-9.7768 -7.6623
-8.2334 -8.3958
-4.2958 9.1542
9.6928 -4.2384
10.3872 -4.0121
-8.1666 -9.2451
-8.1120 8.2146
-8.0034 -10.6681
-7.5253 7.3942
-9.3741 7.6597
6.3674 9.2202
-8.6624 -4.5564
-7.3902 11.5028
-6.8205 -8.6473
-8.5147 -9.5186
-6.1982 -6.9354
-8.1987 -10.1308
-8.6543 8.4742
-8.6646 7.9689
-10.2009 -9.0104
-9.4366 -3.5219
7.8658 -10.1434
-4.5742 11.5116
6.5939 10.0009
7.4593 -8.1736
6.5461 -5.0814
-9.1616 10.8460
10.2009 -10.0434
-5.4031 3.4294
-11.3437 7.3557
-9.6806 -6.9359
-6.8476 -4.4202
-6.5161 -8.6755
-7.3698 -9.4217
7.4820 -12.3593
-4.8366 7.5599
10.4731 -7.8693
-8.4042 -9.8700
-8.1872 3.6727
-7.7493 -8.1940
-8.7049 13.1423
-6.5988 -7.2776
6.3985 -8.3039
-7.3574 -7.1941
-8.1806 -7.4731
-7.4220 -5.9443
-7.8698 -7.1510
-6.5577 -9.8513
-7.8618 3.0378
8.7743 -5.6763
-6.5942 -7.1878
-8.9043 -6.9404
-4.5678 -5.0420
-4.7637 -3.9603
-7.9304 12.4953
6.5518 -9.0300
-7.8086 -10.4903
-9.1745 -9.6678
-8.0107 -9.5233
-9.4538 -9.8509
-7.4301 8.0433
-7.4535 6.1575
-5.2233 -9.7099
-6.1531 -9.9047
-4.3558 -9.0968
-8.0795 -7.9390
5.5143 -7.9041
-9.3730 -8.0221
-6.7819 -10.2473
-6.6810 -9.3455
-7.8020 -8.9936
6.7022 10.1999
-6.3839 -7.1007
-9.1082 -8.7949
-6.3622 -4.6052
-7.4861 -9.2610
10.2984 -8.1280
9.3265 6.6900
7.6788 -9.4423
8.5839 10.6812
-9.6688 11.0637
8.6846 -7.9915
-9.4705 -9.7840
-9.1677 7.4473
-8.7503 -9.0675
-7.6150 -9.2958
-7.5614 -7.4844
-9.2581 -8.6991
-8.4964 -9.9756
5.9139 -6.9153
-10.7247 10.4525
-5.4214 -7.4187
-4.3290 -3.6722
-4.2623 -7.3314
-8.1722 -9.5333
-9.7707 7.9511
-12.5414 -9.5175
8.4454 -4.1263
8.0693 -9.9894
-8.9487 8.1624
5.2538 -5.8707
9.1680 10.1637
-8.8281 9.5416
-9.1401 -9.6761
-8.9935 7.8582
6.5822 -9.2157
7.6782 -8.1852
7.7709 -8.7015
8.6785 -9.3720
-8.4526 -8.6903
2.1683 -9.8722
10.5157 -8.6853
7.0642 -9.3623
7.3049 -5.5469
-7.3741 -7.3245
-8.1399 -8.2320
-7.6533 -6.0859
-10.6918 -9.5071
-9.3040 10.5871
-8.8503 -4.1970
-8.4146 -6.1799
-9.4428 -7.5314
-4.4864 -9.5246
-3.9381 -8.7513
-4.2373 -6.9470
8.5575 -4.0308
-7.3859 -3.7410
-7.6825 -6.0070
6.1076 -9.0012
-8.0029 -4.0422
-4.5330 -7.5685
-4.4825 -10.2125
-9.9308 -7.0745
-5.4084 -7.4693
9.4788 -7.0981
-8.5731 -8.7554
-5.4813 -9.6055
-10.0170 -7.9631
-9.1735 14.6198
-5.1831 -9.9001
-8.4325 -7.9841
-8.6623 -10.2349
-7.6802 -8.8240
-4.6825 5.9284
-10.0643 -8.5151
8.1265 -9.0240
-9.0693 -8.9715
-9.8550 10.7726
-9.0983 9.3862
7.4967 -9.2748
-6.5495 -8.9386
4.8656 -8.9993
-8.1401 9.7984
-9.7769 7.2915
-7.3623 -8.7131
-8.8049 -8.8112
-8.1075 -9.7377
1.9235 3.7761
-9.1920 -9.4261
-7.1131 -9.7836
-4.5291 -6.8130
9.9499 -8.9621
6.6080 2.2899
-9.8488 6.0470
-9.7781 -9.8602
-9.2440 11.0891
-10.0647 -6.2778
-4.4793 -9.4430
4.4407 3.5172
-8.2608 -10.3018
11.6190 9.2879
7.8923 10.3637
9.1905 2.4757
-8.1896 -9.7305
7.7086 -8.1600
-6.6365 -9.3490
-8.5236 -4.1305
7.1345 -9.7194
-8.1629 -7.1591
-5.7486 -7.6357
7.8944 -6.7504
8.4358 -7.8518
-4.5955 -9.1266
-6.4027 -3.6542
-7.8985 -9.6031
-7.4204 -6.9137
-8.6711 -8.4832
1.8798 -12.2259
10.7566 -5.5048
-5.4409 8.0000
7.8635 8.9523
-10.9819 9.6901
-9.9850 -10.0693
-9.9154 3.1083
-9.2498 -9.5294
3.7430 -6.8170
-7.4117 -9.2629
-9.6583 -5.9827
-8.6776 -6.7345
-9.5174 -7.7036
-8.4717 -11.1571
2.7758 -7.6784
6.3310 -6.8907
-10.2142 -7.1606
-4.0361 -8.2799
-5.3239 8.8476
-9.8904 7.6992
8.6516 -5.6226
-9.2114 -7.3778
-5.8275 -7.8097
-6.2898 -9.4263
-8.7645 9.9536
-6.6395 7.8915
-8.7706 -5.9167
8.1020 -6.0400
-9.3120 -7.8094
-8.9212 13.1153
-6.6760 7.4897
-8.1941 7.2742
-7.0543 -9.4750
-5.1669 -6.8116
-4.3944 -8.0348
11.7196 -5.9822
-7.4335 9.1075
-8.1507 -7.7371
-7.8832 -6.0908
-8.2287 -3.8684
-8.9894 -9.1340
-10.3952 -10.9457
6.4218 11.4392
-8.0077 -9.8727
-7.8814 -6.0030
5.0842 7.5903
-7.7832 -7.5889
-9.3176 -9.6713
-6.8934 -7.8470
9.9338 -7.0176
-5.0463 -4.7994
-9.0604 8.0192
-11.5950 -4.2252
6.7086 -9.7467
-7.9780 -10.3422
-6.0870 -9.9876
-9.3942 -4.4651
3.0651 -10.0993
6.6243 4.5724
-9.7254 -7.6805
4.8585 -8.1614
-5.6550 -8.1951
-4.7469 5.9965
-7.6515 -8.0072
-6.4879 3.7565
-3.7814 -7.3406
-7.9122 -6.8931
-3.9113 -9.7029
3.5913 -10.2615
-10.0150 -9.5748
3.5119 -8.6173
-6.9800 -9.5725
-10.1562 -8.5325
12.3748 -4.4023
-8.8761 10.1745
2.8446 10.0801
-8.1285 -9.1785
-7.1139 -8.8386
-8.5242 -5.9813
5.6053 -8.5673
-8.2261 -7.3006
-9.0832 -8.8866
-10.2496 -8.8656
7.0432 -7.9364
-8.9884 -8.7873
-4.4833 -7.9896
5.7449 -8.5891
-7.1153 -8.4035
-7.9728 -8.6450
7.7585 -9.2836
-9.8613 -9.1668
-5.4450 -6.3679
-9.7554 -8.4108
-7.7338 -8.7391
-11.2115 7.9032
-10.2132 -10.1184
-9.3097 -7.6643
-8.1504 -9.6822
-6.7381 -9.8983
-9.2117 -8.8740
-7.8500 -7.4514
-7.9540 6.4288
-9.5444 3.0150
-6.9022 1.9484
-11.5926 -8.4049
-7.7883 -10.1058
11.0012 -8.3174
-6.7749 -5.2108
-7.8963 -10.1310
-5.0582 -8.9351
-7.4204 9.6386
-4.2632 10.4586
3.3750 -10.0851
-8.8404 -6.1228
-8.1758 -10.1749
-4.4828 8.7170
-8.6689 -10.7401
-6.1046 7.9280
-6.9457 -10.5726
-8.7459 -6.7391
-5.5665 -6.2359
-6.7737 -7.6818
-8.2423 -7.6452
-7.6152 -8.3913
-10.0004 -4.6487
-8.1516 -9.7791
-7.5331 -9.6689
-7.0982 7.5943
-3.9643 -10.5080
-7.7040 -8.9187
-9.0403 10.3066
5.3405 -8.1528
-8.8443 -8.6975
-9.1543 -9.4884
-9.5431 -9.8827
-5.1178 -8.2280
-3.9452 -9.6849
-7.1259 -8.2891
-5.9010 -10.2733
8.9645 -6.1390
4.3637 -3.6116
-8.6199 -7.3118
7.9371 -7.0777
4.8057 -7.1276
-8.1864 5.9913
-9.4075 -10.1879
7.3126 -9.2439
2.3316 -8.9865
-8.5890 8.6560
-9.0021 -8.3560
-7.8209 -4.2850
-7.9783 -7.7437
-6.7375 8.9382
10.6361 -5.7144
10.5407 -9.1176
-7.8586 -4.1693
3.8920 -7.6974
-7.9505 -7.4110
11.7883 -8.6852
6.5280 12.9584
-9.0238 -8.4649
-7.1970 -8.6779
-5.5296 -6.0100
-3.7088 -9.0795
-9.3074 -8.4533
-9.8507 8.7520
-5.7082 -9.1887
8.0422 11.4964
6.1382 -8.1036
-5.5300 -7.2492
-7.6337 9.5575
-9.2415 -3.8627
-7.3019 -4.2819
3.3455 -4.1451
-4.5194 -9.9654
-8.6866 -5.6609
-7.8277 3.7982
-9.1348 9.6334
9.0027 10.8738
-10.2320 -7.3020
-8.1190 -5.6219
-9.8082 8.0717
-8.1110 -8.3135
-8.8250 -7.6570
-8.8458 8.5734
-7.7465 -9.0947
-4.4574 -6.8946
-6.7803 -6.0825
-6.8830 -3.7962
-4.4269 -9.7567
2.3451 7.4756
-5.0289 -7.7279
9.6475 -10.1846
-8.7381 -8.8360
-7.8708 8.9065
-10.3055 -9.3840
11.3951 -9.1607
-11.4054 -3.7907
-5.2857 -9.1321
-8.6278 -6.0638
-7.6559 -3.4465
-9.1642 -7.4027
-9.7852 -9.9997
9.2111 -9.3632
-6.8565 -10.7667
9.1633 -8.1257
-5.5125 -4.0627
-7.7787 -4.7527
-4.5615 8.2531
-8.7497 -4.7757
-9.4301 -7.6918
-7.9992 -9.0906
-8.8377 -8.8093
-7.6990 -8.5836
-9.5391 -7.5818
-8.0842 -10.5884
-9.3642 -7.4452
4.1682 -4.9498
-5.4369 -9.7305
-5.8418 -4.3384
8.4945 -7.4343
-9.3333 -10.0637
-7.5533 -8.8188
8.2301 -4.6000
-4.3067 -5.4075
-6.2103 -9.2563
10.0705 -9.4423
-8.3694 -9.4278
6.9657 -8.5041
-5.8978 -8.4818
-7.2877 -10.0018
-4.3632 9.4988
-4.9608 6.8580
-7.5846 -5.5568
-8.1943 2.5816
9.5674 -9.2992
-9.5497 -5.5566
-7.5093 9.1106
9.4291 -8.3583
-8.7207 -8.9459
9.4942 -9.6475
-5.4536 -8.5502
-4.8160 7.8715
-8.9184 12.3642
-10.1972 -3.8718
-9.6460 -8.8499
-9.2682 -10.4978
-8.3534 5.1360
-11.1834 -8.3238
-7.2838 -4.5017
-7.8313 8.7499
-10.8079 8.1277
8.8790 10.5543
-3.5095 -8.8065
-7.7391 -8.0405
8.5950 -5.5209
-9.0665 -8.0082
-9.2874 -7.5551
6.5455 -8.1129
-8.1453 3.8577
-7.2384 -9.6402
-9.4016 -5.6653
-8.0345 8.4537
-5.3359 -7.6952
-9.3443 -9.6903
-6.0231 -4.3284
-9.4506 10.4044
-8.8678 -9.0723
8.4268 -8.6940
-7.5085 -8.6094
-8.0112 -8.9628
-8.9650 7.4527
8.1922 -4.7444
3.7312 -9.3265
-8.1759 -7.9851
3.7332 -8.3662
-9.8686 -8.3986
-5.9661 -8.5287
-8.0748 -7.9882
-6.1714 9.7107
-9.0402 -7.6245
-8.0985 -10.8634
-4.5182 -4.8940
-7.9056 8.4607
-4.6272 -9.2837
-7.5465 2.3126
-4.3498 -3.9714
-7.6581 -9.1923
11.4900 -6.9923
-7.8179 -5.6862
-4.2435 7.1074
-3.9188 -3.7103
-8.4977 7.5109
-7.9941 -7.9612
-6.3385 10.3652
-8.9270 -8.9140
-9.7251 -8.9621
-9.6476 8.9215
-5.9198 -7.2278
-9.9434 3.1044
-5.2405 10.0312
10.0962 -10.3856
-8.1989 8.0791
-6.8118 -4.0672
-8.7370 -6.3255
-7.8696 1.7920
-7.6916 -5.1061
-8.1678 -4.5096
7.7236 7.8654
-9.2124 4.1989
-8.9604 -10.8416
-8.4152 -11.0590
-9.3884 -7.9645
3.5991 10.0476
-6.8347 11.6882
-9.0981 -8.7372
-10.1111 7.2179
-7.1112 -8.4629
-7.8073 -4.3893
-10.7463 -7.8217
-10.9797 -8.4846
-5.4412 -9.2287
-9.8383 9.0559
-4.6122 9.9236
7.9103 -7.4188
-6.5274 3.8406
-8.4543 -9.7548
-5.4667 -10.8650
-10.6809 -8.4807
5.5509 -8.4318
8.3202 -8.5985
-7.9212 -8.6183
-10.8626 11.0397
-6.2449 9.7547
-10.4121 -4.5798
-9.0196 9.3948
7.5228 -6.5302
-7.8204 -3.8909
-9.4935 -8.8450
-6.6247 -8.6668
-8.0264 -4.2155
4.4932 -8.2826
-10.3384 -8.4622
-8.7019 12.2662
-4.6162 3.6098
2.1747 -3.8730
11.8967 -8.0156
-9.7655 -9.2260
-6.7382 -6.5044
-9.2878 -7.3329
-9.4227 11.8045
6.2859 -6.9488
-9.1158 -9.5029
4.0090 -5.8094
-10.0239 -7.8312
-9.5986 -9.1103
-7.0024 -10.4960
-7.7932 -7.4552
-10.3215 -6.3917
-10.1705 9.6971
-10.2855 -5.7126
-8.8875 -9.4594
-4.1128 -6.0024
-8.3735 -7.6704
-8.0629 7.3790
-6.8697 -10.0003
-8.2762 -7.4052
2.2014 2.8452
-3.7551 -3.7046
-9.8951 -9.0223
5.9563 -8.5990
-8.3139 -6.5845
-9.7686 6.1310
-7.4960 -8.1526
-8.6836 -8.5895
-8.6126 7.7290
-6.4874 -7.4020
-10.6645 -8.6281
-7.7278 7.4959
-6.6436 -8.5232
-4.9087 9.8305
-9.3280 -8.3114
3.8957 -7.2314
-9.3295 3.6230
-9.5130 -9.3371
-9.5874 -7.5419
3.4448 -4.6787
-10.2210 -7.9892
-9.6394 -9.3330
-7.9581 -9.8707
-10.4180 -6.7929
-4.5527 -7.0798
-7.1689 -8.7366
-6.3322 -8.8561
-9.1279 -9.0051
-10.2628 3.6383
-9.1481 -5.8461
10.2083 9.3069
-8.7692 -10.4734
-6.6814 -7.8667
-9.2487 -4.0693
-7.1184 -8.8664
10.4475 -7.2566
-10.0398 -4.8692
-7.0585 9.0123
-4.9218 9.4773
8.7449 -3.4626
-9.5579 9.5228
-5.4346 -7.5551
-8.1980 -7.3645
-7.5947 8.3064
-4.1949 -7.3440
11.2534 -9.3597
3.4205 -6.9424
-8.4843 8.1285
-7.0565 -4.2738
8.8531 -6.3879
10.1109 8.2690
-6.7066 9.3793
-9.0273 -5.9116
-8.1927 -3.7196
-9.8043 -5.8164
-7.8482 11.3918
-8.2838 -9.4964
-6.0374 5.0147
-8.5264 -8.8180
-8.6490 -4.1169
-8.5997 -7.4463
-9.4956 -9.5958
-7.7011 -5.6441
-10.7513 -9.6251
9.1272 -10.4017
-7.7793 -8.5462
-4.6232 -7.1539
-4.1183 -9.1201
6.9978 -6.3323
-10.1460 -8.9695
-8.8936 4.2438
-8.4451 -6.8906
-9.5352 -10.1216
10.5086 -10.3759
-8.7024 -10.2717
7.3564 -5.6777
-10.1390 -9.7385
-9.3752 -9.3344
-10.7916 -4.6250
-7.0654 -8.4659
-9.1222 9.7156
-6.4733 -7.5871
-4.7143 -5.7616
-9.1645 -8.8068
6.5971 9.4915
-4.9341 -8.5953
-8.9030 -7.4368
-6.6617 -6.6171
-8.8435 -4.4097
10.5721 -4.8365
5.7823 -9.2479
-8.6874 10.2091
-8.3270 5.6425
9.1020 -7.8101
1.5251 -4.3518
-9.8568 -8.1145
-7.6200 -4.0531
8.9210 -8.4615
-8.3039 -11.4477
-3.5089 -7.9990
11.1493 10.5071
-8.3043 -7.8059
-7.7149 -8.4713
-5.2189 -10.0035
-8.0858 -7.5935
-8.4822 -10.0374
-4.8533 -8.7323
-10.2740 -7.5661
10.5890 3.6224
-9.2273 -3.9666
-9.1548 -7.0236
-4.3255 -8.0308
-9.6669 8.4424
-6.5263 -9.4632
-7.1983 4.5935
-4.2045 -6.3537
-10.0665 -10.0340
-8.6090 -9.0198
3.9911 -7.7941
10.8209 -7.6769
-9.0005 8.3118
-8.8742 11.6216
-4.9026 -10.2284
3.3939 7.9846
-8.6336 -10.9774
-9.8335 -7.4857
-9.9444 -3.6564
-6.8297 -5.0316
-5.8644 -7.1325
8.3400 -3.7815
-8.2517 -8.8428
-6.6631 -9.0560
-9.7756 -7.6329
-7.8601 -9.3888
-4.3579 9.0267
-7.4190 10.4386
-6.3515 -8.8554
-10.8311 -10.1752
10.0248 -6.0372
-3.8828 -8.4170
-7.7656 -6.0835
-7.7868 9.0971
-6.1462 -6.6538
8.3268 -4.2325
-6.9282 -5.4459
-9.2281 -9.7721
-9.3552 -3.5010
6.8105 -8.4802
5.0405 -5.5947
-7.9740 6.9686
-8.3102 -9.0672
2.5745 -9.5106
6.6400 -9.2965
-4.1931 -8.2876
-10.9946 -6.6795
6.7211 -8.3779
-4.9082 -5.5235
10.0565 8.7774
-9.9069 -8.5103
-9.1062 -7.3938
10.1039 -7.4290
-7.3476 -8.4626
-8.3125 -7.8489
-7.5118 -7.2243
-7.9483 -5.7660
-8.3158 -4.3505
-9.1536 -8.5468
-8.1983 -9.0408
7.2507 -7.7382
-8.8323 7.0353
-8.0126 -7.0725
-4.9865 9.5769
-8.5700 -4.0290
-7.1593 -7.6862
-8.6715 12.3393
-4.1422 -4.1397
-10.4969 -8.1621
-8.9765 -9.0029
-5.7387 -6.2605
-7.2547 -7.7237
-8.8618 -7.7526
-7.4055 8.7376
-8.5890 -4.2218
-7.3200 -8.9417
-9.5662 9.4706
8.0258 10.6124
-3.8541 -4.5914
-9.5265 -6.7791
-9.3583 9.4822
9.8183 8.1386
-8.0490 -7.9664
11.7058 -8.7587
-7.4100 9.3834
10.5778 8.6297
-6.2963 10.3919
-7.2188 9.3236
-9.6905 -8.9925
-9.1956 -9.6414
-9.5105 -8.2407
-6.7790 -8.6672
7.9281 -8.2217
4.1438 -5.5863
9.8749 -7.8592
-8.0840 -4.0475
6.5634 -8.2590
-8.4286 -8.5356
-10.2389 -9.2827
-4.7242 -10.0023
-6.6397 -4.3782
10.3804 -8.7330
-9.2940 -9.5590
4.1610 10.6025
10.1622 -8.8830
-9.8603 -3.9657
-8.1544 -8.3910
-9.4207 -6.8925
7.2470 -9.0145
-7.9450 -9.7547
-8.3091 -8.3398
-7.1712 -11.2005
5.3810 -10.4589
-7.6219 -4.3115
-7.2083 -11.3359
-6.6974 -8.1298
-8.4746 -5.1117
-10.8237 -9.3942
9.3627 -8.5920
7.6077 -8.1817
-7.6578 -9.3104
-7.4506 -4.7128
6.1483 -6.8191
-8.0349 -7.7491
5.3496 -8.2802
-9.3750 -7.0592
-9.3269 8.3433
-7.3967 -7.8536
-6.3089 -9.0750
-8.4442 -4.9292
-7.8145 -9.8129
-3.7011 -8.9498
-8.7363 -9.8729
-9.7754 -8.1032
-6.4651 -6.8884
-3.6498 -6.3764
-8.7243 -10.2319
-3.8345 -6.5941
-8.3121 -6.4458
-8.3421 -8.5644
-7.8569 -8.5542
-10.0547 -7.0825
-9.5204 8.8477
11.5029 -6.0323
9.1539 -8.8411
-7.6084 -7.5430
-4.1584 -3.5534
-7.7932 -10.1340
-9.3303 -7.2878
-9.2369 5.7806
8.6657 -11.2720
11.4362 8.7511
11.8694 -7.2162
-7.9562 -8.7595
-6.7546 -6.2160
-7.4626 -7.2163
-7.4399 7.1339
-7.1734 -3.7077
-4.3233 -10.8149
-10.6968 -8.2911
11.7885 -4.5105
-8.3532 -8.1941
-9.2276 -6.7535
-8.6625 -3.6060
-9.7711 -6.0184
-9.2068 8.7272
-9.4738 -7.9817
-8.7115 -6.7919
-8.9628 -8.5006
-6.6670 -8.5307
-9.5805 -7.3281
-8.5444 -6.1696
-11.1517 -10.0814
-10.0712 -8.5865
9.9120 -10.2520
-6.4582 -8.3446
-8.3129 6.8236
-5.1556 -10.2922
-4.9344 -5.2087
-10.2102 -9.7327
5.7451 -4.3039
-10.8405 -4.0080
-7.1517 10.7802
-8.6904 -10.1267
-4.2737 -7.6415
-10.1880 -7.4759
-10.1322 -7.0808
-8.0344 -6.5388
-6.7796 -8.3743
6.3398 -7.6792
-4.5651 -4.0908
-9.5006 -8.9970
-8.1802 -7.8665
-10.2189 -10.0735
-8.4534 -9.5982
8.2483 -4.0052
9.7479 -7.9109
-8.2368 -8.6341
-10.5484 -8.6460
3.6790 -9.0318
-8.6138 -4.8851
-8.2472 -6.4241
-5.4255 -7.9855
-7.8185 8.7712
-4.5576 -9.8340
-8.5982 -9.7970
-10.5129 6.1884
11.6241 -4.0199
-7.6059 -8.1984
-8.8446 -4.2213
8.9753 -6.0708
-9.2506 8.6670
-8.2671 -4.0283
-9.5204 -9.5528
-7.7220 -6.2270
8.5373 9.5636
-9.7903 -8.8465
-3.7225 8.0414
9.8848 -6.7318
12.5319 8.3308
-7.6752 10.2405
-3.8777 -10.3956
-5.8908 -4.0233
7.1478 -8.2308
-6.7233 8.5904
3.9903 4.5530
-7.3274 8.3239
-9.0038 -4.1329
-7.3988 -10.1478
-9.3107 -8.8924
3.1834 -9.1725
-7.6238 -7.2431
-8.4097 -9.4829
-8.4324 9.5223
-8.6283 -9.9340
-8.6534 -7.6638
7.7862 -9.4777
-7.1627 -9.4463
-8.7241 7.7500
-8.3045 -5.1772
-4.7824 -6.6653
-8.9609 -10.1020
-8.3744 -5.4190
-4.2506 -4.6613
-6.2062 -5.9972
-4.4531 -8.7453
-8.6438 -4.2078
-8.3594 -8.7175
6.0275 -6.5501
-8.9924 -7.1237
8.0454 -7.8436
10.2958 -8.2431
-4.4794 -5.8599
-5.8092 -10.1715
-6.0783 -3.8211
7.1662 -4.0831
-8.6698 -8.3503
9.6223 -8.1127
-9.6330 -6.1005
-8.0221 -10.3259
9.6025 -6.0190
-9.2568 -4.5070
-8.4028 6.1498
-5.0262 -9.0168
-10.0238 8.5378
-9.7922 -10.5756
8.2555 -8.1659
-6.2753 -9.0973
-4.3070 -8.5653
-6.7148 3.4241
-8.2318 -7.0416
-8.2923 2.8740
-8.7067 -4.3355
-9.0513 -10.2200
-10.2157 9.2437
4.4890 -5.7861
-7.0817 -3.5428
-10.1053 7.9104
-3.8217 -8.7985
4.9782 -7.5849
-10.9871 -8.2101
-9.5038 -8.1476
6.4055 -9.7559
-8.2649 7.6531
-4.3876 -7.9159
-6.5346 -4.9152
-8.9522 -8.6839
-7.2710 -9.1641
10.2409 -5.7134
7.4235 -7.7006
-8.6114 -4.2245
-7.9416 -4.7124
-10.4008 -9.9301
-7.6198 -7.8607
-9.7886 3.5789
-5.8620 -9.2817
5.7106 -7.8530
-11.0815 -8.0390
-8.4878 7.0608
-7.9127 -6.8910
-8.9234 6.3770
8.5117 3.3616
8.2186 4.5653
-7.5999 7.8575
-10.4944 -5.3161
-4.0525 8.4859
-7.4391 -7.1337
-7.1575 -7.1320
-7.2094 7.3302
-4.0772 9.0775
-9.7258 -9.7574
8.9900 7.9061
8.2751 -8.3691
-8.7850 -4.7551
-8.8436 8.2754
-9.0331 -8.5852
8.0310 -10.1104
-9.4120 -10.2293
-6.3648 -9.9574
-8.2898 -4.3629
-5.8991 -3.8008
-9.6623 -8.1207
-6.8818 -8.2662
-8.6870 -4.5444
-8.0467 -4.0551
9.4532 -8.6902
-9.2613 -10.1963
-8.2226 -4.3530
-8.8667 -8.4887
-10.8522 -4.3342
11.8264 -5.6497
-9.0342 -9.5285
7.4552 -7.5576
7.6816 -4.7277
-10.5053 -4.2032
-9.9797 -9.0857
6.8527 -8.4331
9.0682 -9.1378
-9.7870 7.6725
-9.0336 -8.3792
-6.4118 -8.1359
-8.0448 8.7457
-6.8767 9.8281
-7.9409 10.3660
-10.9115 -9.6186
-10.6057 -7.9753
-4.4481 -10.0926
-8.8629 -8.3574
-4.0947 -10.1299
-3.4844 -8.9787
5.4731 8.0151
-5.5178 -10.4596
-9.3583 8.7150
-9.2618 -7.5071
-4.4490 3.0464
-6.2386 5.3662
-8.9344 -7.7780
-10.2583 -6.8814
8.8268 -4.5123
-8.5041 -6.8472
-7.1804 -7.1771
-8.3780 -8.2560
-9.4567 -12.5781
8.1332 8.4454
-10.3286 8.8703
-4.3668 10.0152
-4.8240 -8.7326
-5.7354 -6.2128
-7.1796 -8.5029
-4.5522 9.2821
-5.6562 -6.5270
-4.1542 -7.5666
10.0696 -6.4487
10.1218 -4.3092
-8.5496 8.7430
-7.2804 -5.4045
-7.6130 -8.1418
-9.1100 -4.4613
-6.1999 -8.0023
-12.1114 -4.4494
-9.1271 -5.4496
4.2139 4.5045
-7.2186 -6.7978
-8.9716 -9.3645
-7.8248 -5.8346
10.2807 -4.2467
8.8677 -4.5219
-8.7287 -5.1691
-8.8878 -7.1323
-10.9179 -3.5642
-8.9727 -4.0795
-8.6140 8.2587
6.6757 -4.7423
-4.0071 -9.0379
-8.7138 -6.7434
-11.3494 -9.3129
-9.5201 -6.7843
-6.3588 -7.6834
8.8167 -10.0019
-8.1709 -6.2401
-7.1911 -9.6633
-5.9516 -5.7263
-8.4247 -9.5468
3.5950 11.6099
-4.9891 -7.9223
-6.1005 7.0525
14.0657 -9.0007
8.0041 8.4047
-9.0288 10.5776
-7.7394 -9.5637
-6.4002 -7.9424
-10.0754 9.7321
-6.0599 -6.3337
9.3685 3.3425
-7.6110 -9.3285
-8.6751 -9.0625
-7.1235 -4.2257
-5.0880 -6.3192
-7.5657 -8.9003
-8.7760 -8.1554
-6.8070 -9.7202
-6.1795 -3.9568
-7.8701 -4.4413
-10.7716 -7.0558
5.3396 -9.9573
-7.8081 -9.4791
-9.1899 -9.4786
-7.7179 -8.1804
-9.4758 -7.3306
-6.6985 -9.3781
-9.2991 -4.0991
-7.5324 -9.3513
-9.6371 -5.1545
-4.0462 -7.4576
-7.3504 -6.2369
-9.1888 -6.7410
9.3284 -8.5167
-6.5913 -7.9027
9.5193 9.3372
-10.6101 7.5958
-8.2986 -9.6263
8.0261 -6.4352
-9.9890 -6.1169
-4.3001 -6.8355
-5.3852 -8.5279
-4.4373 -9.7713
-9.2804 -9.1786
13.9411 -8.4728
-8.7435 5.3730
-8.5764 -7.9946
-10.4177 -8.1683
-4.8253 -9.1957
-8.1829 -8.9868
-11.8433 -7.6793
-6.0033 -7.8941
-5.2887 -7.9587
-8.2217 -6.6633
-9.1003 8.3832
-8.6161 6.8486
-7.1790 -4.0978
10.9324 9.1647
-8.6744 13.5250
9.4951 -8.3236
-9.8422 -5.7381
7.9543 -6.7041
-9.8504 3.1251
6.7585 -6.5118
3.9241 -7.7196
-9.6178 -10.2981
7.1923 -7.1080
4.5730 -10.3795
-8.6011 -11.6059
-5.1405 -8.0515
-8.0397 -9.5477
-9.0511 -8.1947
10.2314 -9.5089
-3.0038 -9.1635
9.5768 -8.1784
-8.5650 -7.4483
-9.1045 -9.0150
-8.1202 -7.7920
-6.5242 -10.1790
6.8206 10.6696
-8.4652 -9.2810
-9.6228 -9.2308
-7.7754 -8.5121
3.5457 -8.5365
11.2600 -4.6607
-8.6502 9.2499
-7.9401 6.0490
-7.8003 3.8155
-8.2133 -9.6203
-5.9372 8.5494
6.9640 -7.5361
-10.1585 -9.5334
-8.8333 -4.5502
-11.2787 -8.3929
-8.1266 -4.6987
-7.6656 7.5348
-7.1832 5.7097
-7.7674 -7.7094
-10.5367 -8.1024
-5.5332 5.5575
-4.8927 -6.7159
-9.5968 -10.2285
-9.2251 7.7382
-7.3083 -7.6436
-4.3360 6.6827
-9.8636 10.0688
-9.9490 -8.7577
-8.0303 7.9695
-9.7193 -7.5630
9.4651 -7.2025
5.1257 -9.1385
8.6611 -8.9547
3.0745 -7.5844
6.3307 -7.2972
-8.6872 -10.2517
-8.0547 -3.9857
-9.9900 -9.6535
-7.7629 -7.1781
-7.8170 -6.2978
-9.6816 -10.0031
-8.7452 -9.6202
-10.6735 -7.7173
-4.6154 -4.3888
-10.0484 9.9877
-4.4075 10.4549
-4.1820 -4.0367
-7.4540 9.0653
-4.3341 -6.6647
-7.3758 -5.2060
-7.8393 -4.3570
-8.4361 -10.0686
-4.3630 -5.3074
-3.9509 -6.5722
4.8062 -6.2395
8.5603 -4.7816
-8.3262 7.4353
-7.1419 -9.0533
3.9767 -7.5787
-8.5608 -9.0785
-7.9446 7.9611
-4.2023 -9.0463
-4.1469 -5.7817
-8.8601 -9.2340
5.6557 -9.8057
8.2889 -7.8894
-8.7341 10.2216
-9.2869 7.8404
-8.1346 6.6924
5.4668 -7.7279
-6.1638 -7.0191
-8.3759 3.8059
-5.3863 -10.3288
2.7952 10.9317
-8.0295 -9.4674
-7.4975 -6.0827
7.0692 11.8977
-5.9538 10.6231
-8.9195 -8.5513
-4.6896 -9.5348
-7.2120 -8.1903
-8.6709 9.7745
9.2264 -6.5828
-7.4510 13.4670
-7.5531 -8.4407
-9.9699 -7.1273
-8.6358 -8.0404
1.8832 -10.1248
4.0429 -7.2525
-9.3526 -9.8514
-8.9885 -8.4267
-9.3847 -4.1332
-7.0540 -9.1401
3.3413 3.7504
-8.8168 -8.6951
-4.1725 -10.5660
-7.1579 -5.0666
-7.6345 -8.9218
-8.1658 -8.3068
11.2863 -7.7224
12.6030 -9.1274
-5.9157 9.0642
-8.1673 8.9890
-7.7663 -3.9152
-5.1607 -9.6657
-7.8652 -7.3306
-9.3568 -8.8536
10.0422 -8.0802
12.6219 7.8752
-9.8603 -5.8173
12.0726 10.8873
-7.2510 -3.6238
10.6127 -9.2463
-6.7924 -8.5629
-3.8903 -8.7476
-9.2694 7.2039
-9.8512 8.2958
-8.4882 -9.2119
0.8504 -7.9810
-7.6885 -8.9374
-9.4188 -6.3595
-11.1237 -4.1927
-8.9903 -4.5190
-9.0709 9.4685
-3.7899 8.2579
10.2233 -8.3396
-10.2578 -6.9947
-8.7347 -4.1537
-8.9360 -9.6211
-6.6235 -4.7899
-7.8917 -7.7619
-3.7393 -6.9609
-9.3560 -8.9400
-6.6265 -5.7439
-8.9337 -9.1316
-7.5974 -6.9794
-6.9736 -7.9516
-8.1304 -7.2389
10.4226 -6.8839
8.4739 -3.9246
-8.3323 -7.9175
-9.7024 -6.5451
11.4401 9.4185
8.9838 -7.9604
-4.5131 -6.2353
-9.7142 -9.8742
-4.9247 -6.2082
8.4665 -9.9686
-6.9844 -8.4491
-7.9564 9.1204
-8.1674 -4.5016
-9.8710 -8.2331
-4.3033 -8.9901
7.4308 9.7983
-8.8358 -3.8389
-8.4910 -8.7808
-5.1398 -7.1935
9.6702 -8.7543
-8.9091 -6.2062
-8.6216 -8.8564
-4.9564 3.6847
-9.9851 -9.5208
-9.9358 -10.3320
-8.5888 -9.9076
-7.9918 -10.2369
-4.5058 -7.5574
-10.6267 -5.9544
-3.8733 -7.8457
-9.1234 -8.2486
-5.4286 -7.7097
-6.4978 -5.6456
-5.2507 -4.4181
-7.3506 -9.7286
-4.2440 -7.2513
-10.5484 -9.4013
2.5718 8.6354
-8.5739 -11.1391
-7.3595 9.3673
-8.1453 -8.2755
-8.3667 8.1342
-8.3887 -9.7262
-8.9897 -9.1094
-7.9571 8.6958
11.5718 7.1475
-3.9070 -3.8087
-7.9357 -3.4181
-7.6017 -7.5824
-4.0315 9.7321
-4.5047 -4.5171
-7.6177 10.7226
6.0938 9.0506
-10.4380 6.2145
-9.8090 -9.5644
8.6651 -8.6775
-6.6062 -7.9082
-9.1992 -8.2825
6.4512 -6.0937
-3.8012 -9.8359
-7.2747 8.6876
-8.5382 -3.8375
-8.0621 -10.2134
-8.9380 -9.8992
-9.2900 -8.8165
-9.6598 -7.9737
6.1636 -9.8793
-8.1297 10.9009
-5.1917 -7.6163
7.0206 -5.8521
-10.4431 -9.9362
-4.4210 -10.5782
8.2581 8.7991
-8.1788 -4.6483
-9.8303 -6.9456
6.1122 -3.8944
-5.5431 -7.9581
-6.2136 8.1334
-6.4486 -8.3337
-3.9603 9.9342
12.6168 -7.8400
-4.2291 -8.2221
-9.1590 -8.9870
3.6808 -10.6992
-9.4128 8.4401
-3.4353 -7.3367
-8.2383 8.2177
-8.2870 -9.4782
-8.7743 -9.4531
-8.5950 -6.1830
-8.6162 -8.1288
-8.0992 -4.0691
11.0632 -5.4674
4.8873 -4.5604
-9.9098 -7.8753
-8.5007 -7.0435
-4.1329 -7.1811
9.3992 -4.5763
-6.0408 -6.5515
-7.1018 -8.5852
-7.9642 -9.2363
-9.4891 -5.9520
-4.4984 -6.7959
3.7300 7.0212
-9.3018 -6.5964
-10.1522 -7.6912
-9.5355 8.4686
-5.3604 -8.9150
-8.0031 -9.2007
-8.2403 8.1839
-3.5653 -7.6970
-8.7778 -3.5044
-9.6885 -10.2986
-6.6829 -8.9749
-8.2629 5.7612
-10.0877 -6.8741
9.8173 3.8938
7.1207 -8.6552
-7.2108 -5.8776
-10.4939 -11.4695
6.2009 -7.4366
-8.2509 -6.0549
-9.6264 7.9216
-8.0088 5.3053
-10.2738 10.6609
-8.0715 10.0152
-4.5115 -8.4968
-9.1718 -8.3885
-9.8998 4.6912
8.4200 -4.4019
-8.3312 10.3160
-4.0966 -4.4364
-11.0667 -4.2633
-8.2774 -3.9694
4.9908 -7.2582
-8.4274 -9.5810
5.4091 -8.1704
-8.2431 10.4202
-7.5192 -8.2203
-6.9416 -6.6030
-7.9073 4.3515
-8.9828 10.6439
-10.2398 -10.5946
-9.3231 -4.1977
-5.1979 -7.0962
-8.7376 -3.9825
5.7369 10.3285
7.9994 -9.4342
-7.5234 -7.1965
10.3809 -4.3594
-8.1883 -10.1645
-3.8987 9.6232
-6.9475 -9.6696
-6.9656 8.5881
-7.4272 9.6430
-4.4828 -4.2649
-8.2660 -9.7826
8.2926 -7.7893
-9.4880 -6.0727
-4.0981 -6.2172
-3.9797 -7.5980
-8.7556 9.8083
-6.8983 -4.6013
9.8316 7.5944
-8.3507 -9.9169
-8.3456 8.9826
-8.4278 3.1494
-8.9274 8.8480
-8.8952 5.8153
-8.2301 -9.0114
-8.2640 -8.5733
6.9292 -4.8448
-10.4421 12.0953
-6.0472 -7.7536
-8.2362 -9.3283
-10.0861 -6.4662
-8.1947 -8.0374
-7.7069 8.7184
-3.9835 -4.9791
-10.0171 -9.0818
-4.3471 -8.4453
-4.7856 -9.6788
-7.8201 -7.1290
-3.7774 -4.7510
6.5540 8.8362
-5.0401 -5.9873
-4.2823 -8.5485
-9.5413 -9.3069
-8.1174 -6.7731
-10.6976 -6.7531
5.1859 -7.6869
-6.0872 -7.8036
-9.7268 -4.5646
-8.5359 -9.2350
4.8918 -6.7833
-7.9359 -7.2334
-9.3467 -9.4535
-7.4055 11.5456
-7.7044 4.5888
-8.8332 -8.4375
-8.0133 -10.4438
-3.8663 -8.5940
-4.6159 -2.1699
6.8776 -6.7802
-9.1584 4.5589
-7.1966 -8.5199
-8.5651 -4.1265
-8.9738 3.6103
-8.7196 -9.7006
-7.7936 4.8433
-9.1996 10.0683
-8.8495 -7.2100
-10.4990 4.9884
-9.7822 -8.5957
-8.4764 -6.1527
-4.4692 -6.5853
10.6197 -10.3672
4.7453 8.6238
-10.8681 -7.9939
11.6434 -9.6782
-4.3829 -7.1252
-7.2830 -8.5258
-10.6997 -9.0372
10.4773 -4.8993
-5.4878 -7.7409
10.8097 -4.3716
9.8691 10.5358
10.5145 -8.7634
-6.9025 5.4373
-8.5445 -8.0511
9.6625 -9.0573
-7.1643 -4.3200
-11.2798 -2.8770
-9.0514 -10.1921
-4.1935 -7.7954
7.4419 -8.1928
-10.2009 -7.6227
9.9712 -8.9768
8.9896 -7.3249
10.0835 -4.1186
-6.1538 -10.5931
6.6297 -9.4598
-8.2034 7.3271
-9.6102 -6.6400
3.0309 -8.0043
-3.8162 -8.4526
-9.1520 -3.7785
-8.3676 -9.5116
-6.1339 8.7158
9.0525 -9.2259
-10.7718 8.5893
-11.2483 5.3562
-3.9550 -8.9006
3.7762 7.1272
-8.7887 -7.2330
-9.3410 -9.1050
6.3270 7.5571
-4.3306 -8.5508
-8.9813 -10.2794
2.4259 -5.9309
-9.2409 -9.3500
3.7944 -6.8151
-10.2711 -11.6930
-9.0467 -5.9829
-9.2668 7.0613
-8.3931 -6.3213
-4.5731 11.8854
8.0762 -7.9578
15.3626 -9.5161
-10.3843 10.9009
2.9303 -5.7308
-9.8290 -8.7587
-7.3859 8.3482
-8.3192 -5.0216
-7.5382 -4.6771
8.6889 -4.1176
-8.6278 -8.8955
-4.2838 3.3258
-8.3863 -9.5459
-9.8313 8.6420
-5.1671 10.8104
5.8245 -5.8244
-10.4261 6.4482
-8.2345 -9.3263
9.2460 -8.3214
-8.5370 -10.5655
-9.3126 3.8953
-8.4098 7.4637
6.4057 -8.9585
-3.9038 -8.0889
5.8528 -10.7123
-7.4217 -6.8239
3.8933 -3.9858
-6.4998 -7.0665
-4.1579 -4.1892
-6.9545 -9.7997
-9.2933 -9.8057
-10.6109 -8.9852
-7.6617 -9.0701
-9.0145 -9.1973
-8.7340 -4.2608
-7.0104 -6.4983
-7.6527 -8.8284
7.3956 -9.2246
-9.2852 -5.9232
-7.7124 -9.4434
-8.6919 9.2680
-7.4901 -7.4713
-9.7975 -8.3972
-9.2550 -6.7146
-8.5362 -7.7262
-5.3510 -8.5151
-7.5197 -9.0867
8.2163 -9.0884
-4.8796 -5.9024
-6.0100 -9.1078
-9.6689 -10.7702
-7.6758 -8.5939
-8.2664 9.1249
-4.1482 -7.0639
-5.8264 -9.3275
-5.3993 -9.2889
11.1203 -10.0302
