5
-6.3100 -0.8572
-3.0910 1.6966
-6.4530 -6.7641
-4.8231 -1.0457
-2.7634 -1.2212
-3.3338 -8.0615
-3.2626 -6.8319
-3.6736 0.0728
-7.1411 -7.0468
-3.0335 -4.4515
-8.4116 -3.6681
-5.9425 -2.1764
2.2995 -6.6276
-2.7393 0.3009
-6.6412 -6.1389
-0.9883 -1.1334
-2.2962 -11.3589
-6.7887 -2.4565
-8.6078 -1.7659
-6.6169 -1.9652
-6.2979 -2.7821
-6.5932 -6.1560
-1.6693 0.4017
-2.5969 -7.5423
-7.7671 -5.8180
-10.6939 -6.0837
-6.3947 -8.9612
-1.0104 -6.5907
-4.3671 -3.8522
-6.2052 -7.1666
-3.8781 -0.0720
-3.3172 -4.8706
-5.2392 -3.3227
-2.1803 -5.7208
-7.1807 -2.1699
2.2321 -1.5396
-7.1390 -2.7827
-7.4731 -6.5648
-7.7318 -1.6381
-6.0548 -0.6061
-3.9171 -1.5881
-4.5209 -0.6768
-10.6614 -6.7719
-5.2811 -6.0705
-3.4042 -2.6168
-3.9904 3.1695
-3.3560 -1.3657
-6.0009 -5.2943
-1.0322 -0.7356
-6.4032 -6.7392
-1.9378 -2.2876
-4.3846 -5.9409
-1.9711 -6.6159
-2.2105 -2.5978
-6.8192 -2.2179
-5.7552 -3.9487
-8.7664 -7.7884
-1.0029 -2.8289
-7.6104 -5.0348
-6.9543 -4.5073
-6.3833 -6.4358
-7.0861 -7.6006
-5.8986 -3.3389
-3.1141 -7.5139
-1.8768 -3.0445
1.4297 -2.8610
-6.5187 -1.2320
3.1737 -4.1581
2.1087 -3.2941
-4.8109 -5.7511
-0.5574 -8.2427
-2.3874 -6.5909
-7.0355 -10.3113
-4.6022 -3.6772
0.0300 -0.3891
-6.3362 -6.8408
-4.7761 -5.6201
-6.3696 -2.3750
-0.6595 -6.4467
-2.4905 -1.0820
-4.7779 -0.9344
-6.6684 -7.1076
-6.3243 -2.2911
-7.5611 -2.3025
-6.9360 -7.3380
-1.6906 -6.3989
-1.2463 -7.1590
-5.5857 -5.5061
-7.4968 -3.2253
-3.7744 -4.1996
-4.3651 -6.6964
-0.1381 -1.4658
-6.3998 -1.5973
-0.9094 -5.4057
-2.2078 -6.4816
-5.2284 -6.2776
-2.8431 -5.2894
-3.6883 -5.6259
-6.4482 -2.0220
-6.8440 -6.1190
-6.4034 -2.5894
1.2680 -2.2528
-2.3126 -4.2064
-6.2870 -7.6459
-6.9649 -0.1149
0.2350 -7.1514
-1.0494 -10.0307
-3.1565 -6.6482
-2.8924 -7.5591
-8.0622 -9.5466
-7.1385 -6.4061
-6.3690 -6.6898
-6.3441 -6.6446
-6.3906 -0.4902
-9.5779 3.5689
-2.0235 -1.0207
-6.3533 -5.9685
-5.7361 -8.8599
-5.9187 -6.3908
-0.9815 -0.9327
-6.3775 -9.8676
-2.4357 -6.1292
-6.7669 -6.3548
-5.8369 -5.9396
-6.6290 1.6315
-6.7844 2.8313
-6.2603 2.7464
-5.5096 -7.2008
-2.3469 -5.5113
0.4755 -5.8290
-1.2843 -6.1346
-3.2310 -2.6724
-6.7714 -6.5250
-6.1224 -2.5048
-2.5408 0.5356
-1.9358 1.8579
-6.0259 3.3764
-1.0993 -7.0034
-7.2902 -6.2119
-3.5370 -6.4849
-3.6288 -7.3268
-2.0677 -1.9505
-1.1113 -4.6365
-4.7834 -6.8622
-5.7624 -7.5615
-6.4923 0.1934
-2.8426 -0.5476
-1.7048 -7.2176
-6.6697 -6.3750
-3.2110 -5.8701
-2.1964 -6.3184
-2.2241 -7.1426
-4.6002 4.0640
-2.6222 -1.6808
-7.0208 -6.5513
-0.5869 -6.8194
-7.5337 -4.2035
-6.9682 -6.3270
-1.2588 -2.5605
-3.7905 -6.7849
-7.8255 0.4707
-0.9135 -0.4357
-7.9086 -2.2999
-7.7402 -10.2418
-2.4258 -9.2855
-6.0908 -2.8189
-6.6329 -0.6974
0.6091 -6.9020
-6.7091 -0.1151
-8.7603 -0.4518
-4.3584 -0.5239
-1.2266 -5.3452
-6.4436 -6.6072
-11.5720 -5.2755
-5.6527 1.7620
-6.5519 -0.9389
-0.4271 -7.1422
-1.5281 -3.6331
-0.5619 -2.5158
-5.8937 -4.7082
-7.1326 -1.5487
-1.8209 -1.3692
-1.5226 -6.4011
-3.3439 -2.0197
-6.3432 -1.4259
-6.6898 -9.9960
-6.5713 -1.7781
-3.4598 -8.5486
-5.7057 -6.9048
-2.8546 -3.5039
-1.0912 -1.5123
-4.7634 -6.5759
-1.6894 -6.6482
-5.7882 -7.0371
-5.1608 -6.0572
-2.4655 -6.8277
-5.9518 -4.6989
-5.8119 -6.7697
-2.9822 -2.5585
-0.7649 -3.2611
1.7996 -3.0921
1.4857 -6.1206
-6.9369 -6.9802
-3.5563 -2.5203
-2.7006 -4.3073
-8.6967 -6.9614
-6.8181 -6.3641
-7.1813 -6.9769
0.2572 -5.1832
-5.3121 -7.1127
0.9552 -2.1593
-2.3650 1.8092
-5.3617 -0.6064
-6.3488 -1.0843
-0.8053 -8.5722
-7.0094 -4.4827
-2.2972 -6.9199
-6.3864 -2.5784
-2.6850 2.2869
-1.4708 -6.5952
-6.6074 -1.4079
-2.9700 -6.1198
-7.5565 -2.2985
-5.0426 -6.2593
-0.2374 -6.7975
-0.0933 -3.7985
0.6588 -7.1216
-7.1539 -6.1248
-5.1310 -2.2988
-6.0599 -5.4330
-5.9590 -7.6392
-6.9209 -6.3107
-4.5580 -4.8605
-0.6746 -7.3647
-2.6174 -7.0205
-4.3061 -6.4502
-1.8242 -2.2769
-6.5781 -6.4480
-2.8349 -7.2989
-0.7197 -6.1380
-6.8481 -6.6959
-1.5616 -6.7712
-2.0247 -2.3542
-2.0362 -6.5710
-1.2898 -8.9983
-1.7959 -1.2319
-2.0814 -2.0063
-2.0284 -1.0862
-7.6439 -3.7236
2.1311 2.1880
-2.0261 -3.0317
-2.8639 -6.4555
-2.2159 -3.0111
-1.8568 0.4815
4.1096 -1.9049
-2.6522 -5.3555
-2.9276 -7.5700
-2.7174 -6.2914
-6.5525 -6.1107
-6.6447 -3.2027
-1.3511 -6.7140
-6.5129 -7.1040
1.3860 -3.1080
-2.5781 -6.1806
-6.1092 -2.9733
-6.3871 -1.0969
0.6937 -5.7588
-3.1406 -9.0033
-1.0868 -4.4573
-1.7560 -0.5019
-2.5341 -0.5345
-4.5480 -1.2677
-7.4096 -7.4830
-3.0314 -7.0982
-5.2767 -7.4312
-4.2758 -8.2744
2.6266 -2.4784
-3.9901 -6.7919
-7.9899 -1.9828
-5.9605 -1.9440
1.2032 -3.1939
-6.6355 -4.8979
-3.0535 -7.2378
-2.0637 -6.6046
-1.4476 -1.9883
-2.6582 -6.0722
-6.0296 -5.4984
-3.9104 -5.0521
-4.1285 -7.1311
-0.8317 -1.8277
-1.4010 -6.2436
-5.8877 -6.9478
-6.1230 -1.8011
-6.0148 -3.5859
2.8465 -0.8802
-6.2849 -5.8308
-0.2427 -6.1467
-10.7421 -3.3298
-6.5060 -5.5878
-3.3142 -6.1442
-6.6349 -6.1710
-6.7043 -5.2370
-1.2587 -2.4383
-6.8975 -2.5128
-6.3828 -6.3425
-1.9537 -1.7487
-4.7926 -8.2913
-1.8775 -6.7392
-0.6712 -2.0399
-10.0244 -6.3603
-4.9349 -7.0385
-1.2850 -6.1319
-6.6951 -6.7924
-3.5102 -6.6542
-7.3963 -0.5148
-1.1556 -1.8289
-7.6895 -1.8340
-0.9089 -2.3983
-7.3506 -2.4544
-2.2650 -3.5688
-1.8425 -6.8315
-2.7570 -6.5758
-7.4053 -4.2006
-6.5431 -1.8416
-2.4633 -1.3965
-4.7022 -2.8553
-7.6839 0.3408
-7.1191 -7.2659
-2.4209 -2.3690
-2.3527 -6.4269
-2.2299 -4.1445
-6.2915 -6.4903
-6.7948 -4.6908
-2.4082 -6.7002
-6.4107 -5.6443
-7.5313 -6.7688
-3.2278 -3.4102
1.9058 -6.5512
-2.0685 -0.8442
-6.9834 -6.2176
-6.5428 -0.9476
-6.7970 -4.4837
-0.5775 -0.4016
-6.4083 -6.1246
-6.6530 -0.6297
-1.4272 -6.2951
-6.7812 -4.5529
-4.5168 -2.0944
-7.1417 -2.6962
-1.4595 -3.0238
-6.5373 -8.1905
-1.5378 -5.7041
4.9610 -0.4354
-1.0552 1.4277
-6.7502 -7.9486
-8.0578 0.8943
-1.2604 -1.3523
-10.7200 -6.3756
-6.5231 -10.0041
-3.5403 -8.0263
-6.1005 -7.6710
-6.4632 -7.2916
-2.9009 -7.1868
-2.1311 -6.4217
-6.2858 -1.2128
-6.1472 -6.7032
-7.4120 -1.7666
-5.4316 -6.5201
-5.8674 -6.6367
-2.9640 1.3237
0.4471 -0.7888
-5.7892 -6.1051
-5.9787 -5.8312
-3.1435 -7.1744
-2.5557 -1.0486
0.5675 -3.2174
-3.1623 -6.7725
-3.3289 -6.3870
-2.5812 -10.6977
-6.1056 -6.2393
1.6808 -2.7522
-6.0532 -6.4461
-6.8476 -7.1622
-1.2835 -3.1518
-7.1382 -6.3201
-6.2653 -3.1097
-1.4927 -6.6668
-7.2009 -2.6768
-3.2166 -7.1993
-2.4663 -7.5137
-6.9911 -6.8095
-0.1838 -7.4133
-2.4786 -2.7711
0.3702 -6.2047
-6.2829 -0.4528
-2.5269 -3.8638
-6.3857 -3.7019
-7.4490 -1.6711
-1.6605 -2.6846
-2.3596 0.1741
-3.4768 -0.8995
-1.4246 -6.1027
-4.6071 -6.3677
-1.7739 -2.1133
-1.8054 -0.3038
-3.0136 -1.7360
-7.3324 -0.1958
-6.9172 -2.1467
-0.3245 2.2897
-5.9743 -3.9192
-1.7015 -6.8697
-0.8369 -6.6191
-3.9888 -6.9932
-1.4896 -1.5229
-1.7544 -0.7200
-2.2567 -2.9054
-4.6528 -6.6133
0.1170 -8.1104
-6.3708 -9.7255
-2.4803 -6.8865
0.0608 -6.5621
0.3174 -3.0394
-6.7118 -1.4469
-7.4786 -0.0593
-6.0137 -2.5120
-9.2381 -0.4795
-1.0807 -2.7055
-3.3927 -8.6123
-1.4900 -1.8812
-3.0333 2.4613
-2.8571 -7.0397
-1.6484 -2.8821
-1.9888 -6.8998
-6.2899 -5.9547
-2.4516 -6.6591
-2.5321 -2.2341
-0.6713 -0.6639
-1.8709 0.7616
-5.4986 -8.3768
-4.6591 -0.1630
-6.7871 -1.6285
-5.2861 -6.2004
-4.2953 -5.3919
-4.0248 1.4348
-8.9750 -4.6907
-2.8244 0.7601
-5.1996 -2.4828
-6.2744 -6.6549
-6.2473 -2.8635
-0.5715 -6.5798
-0.0533 -1.1086
-2.0634 -6.4081
-2.1730 -8.0596
-5.2043 -5.9866
-7.4224 -3.2214
4.7489 -2.6027
-4.1443 -11.8536
-10.2647 -3.6285
-2.4708 -7.1894
1.6607 -2.6506
-6.7935 -3.4276
-0.6679 -4.2589
-5.9867 -1.7483
-6.9882 -2.4324
-2.9639 -7.0809
-1.5988 -6.5853
-2.6805 -0.9861
-0.3874 -2.9275
-2.4695 -3.1216
-1.9551 -6.6632
-7.3926 0.0527
-6.3224 -7.1179
-2.2670 -2.4920
-0.1002 -4.7952
0.1824 -2.6753
-9.2394 -6.2856
-3.5465 -6.2035
-6.8142 -7.5508
0.2289 -8.9301
2.8930 -8.7168
-6.3657 -0.2230
-9.7931 -6.9303
-6.3455 -5.4273
-6.5679 -4.2603
-2.8279 -6.3920
-2.2455 -7.4013
-6.2022 -1.1814
-5.9290 -0.8572
-2.4238 -2.4861
-2.8946 -3.8808
-0.1442 -1.8878
-6.8294 -6.4731
-1.2869 -5.1012
-2.9898 -3.0320
-1.2377 -7.4733
-0.3916 0.9308
-0.3475 -0.4449
-6.2882 -6.1790
-6.4629 -2.8540
-4.9298 -2.2241
-6.5747 -1.2554
-7.1524 -6.4098
-3.1629 -2.6786
-2.7022 -2.8610
-2.3483 1.0223
-7.8554 -3.5632
-6.5572 -3.2650
-3.3592 -9.5280
-7.1716 0.8922
-2.0170 -3.2159
-0.8079 -4.3679
-6.9344 -1.3739
-2.2475 -6.8604
-7.4806 -6.0384
-6.6673 -2.1961
-6.8191 -7.0828
-2.1863 -5.7539
-4.5023 1.4017
-4.3945 -1.0303
-4.7069 0.7094
-0.9962 -10.3197
-0.4517 -4.1115
-6.4854 -3.9589
-0.7674 -5.1070
-5.7961 -6.9708
-4.8661 0.0404
-1.5293 1.0031
-3.8620 -6.3921
-7.0369 -5.3110
-5.0853 6.7893
-8.0192 -7.6847
-7.9639 -6.7171
-7.4257 -7.5381
-0.1855 1.0889
-6.3683 -8.7798
-7.3147 -6.7528
-7.0410 -0.7685
-11.7557 -7.6438
-9.1765 -4.0110
-4.6133 -7.7952
0.4184 0.3712
-3.1664 -1.9178
-3.9241 -3.2963
-5.3235 -1.3017
-4.2717 2.4909
1.7105 -2.0774
-3.0803 -5.0329
-6.7996 -7.4193
-1.8982 -3.6209
-1.4433 2.3747
-2.6734 -4.9181
-3.2967 -4.5219
-6.9137 -9.0501
-3.0188 -7.0280
-2.4433 -9.4985
-9.5758 3.5328
-5.8568 -3.4147
-4.5400 -3.3191
-6.1747 -1.6869
-7.2896 -7.0628
4.4663 -7.0324
-3.7072 -2.7179
-6.8846 -2.8283
-2.2598 -0.3643
-0.9571 -2.2214
-1.3741 -6.9306
-6.4170 -1.4397
-1.1503 -0.7980
-6.0274 3.7062
-4.4410 -7.6409
-6.4648 -8.0779
-8.3173 3.9051
-2.4846 -7.0476
-3.9468 -5.3671
-5.5551 -2.5052
-3.1541 -6.2889
1.3628 -1.4357
-6.9926 -0.7574
-6.0454 -6.3462
-1.8466 -2.2711
-6.3517 -5.8698
-6.9560 -2.8649
-6.8203 -2.5461
-7.7087 -6.7213
-4.0466 -1.7822
-9.1625 -6.7203
-5.2627 -4.4926
-2.0598 -6.8621
-8.6031 -2.2546
-8.5550 -1.6524
-5.6152 -3.4237
-7.5009 -11.5973
-6.5833 1.0961
-1.1664 -8.9330
-6.7810 -5.1484
-1.5783 -1.2155
-3.5971 -6.1612
-6.4008 -6.4201
0.3150 -0.9399
-1.6364 -6.4167
-2.2357 -7.1161
-2.1440 -2.2109
-1.2295 -1.4869
-1.5468 -7.1863
-7.2615 -1.8387
-7.6276 1.2149
-0.8080 -6.4331
-6.7123 2.7331
-6.3151 -6.2855
-2.3944 -6.4417
-4.5674 -6.8440
-8.7414 -4.1149
-2.9674 -2.8630
-7.8382 -9.7000
-7.4310 -6.2788
-1.1201 -2.9727
-6.6901 -2.9803
-2.7114 -7.2364
1.9394 -6.2414
-10.1373 -3.5407
-6.6842 -1.8875
-5.5872 -4.4525
-0.7516 0.7270
-8.1106 -2.2529
-2.6967 -1.4735
2.3698 -6.8214
-6.0890 -6.6418
-6.7483 -2.5678
-4.7337 -1.7387
-2.6555 -6.2387
-5.7259 -6.5469
-1.5370 -3.0867
-5.1712 -3.2537
-2.3290 -5.5415
-5.5467 -7.4344
-8.8134 -1.1298
-7.7580 -2.7336
-2.5178 -0.6491
-7.4155 -2.1791
-4.4858 -5.6710
-10.9294 -1.9957
-0.5957 -0.0098
-0.8090 -6.7006
-7.2722 -1.8749
-7.1297 -6.0244
-6.3458 -1.3408
-8.1532 -7.4962
-6.5224 -5.7203
-1.2640 -9.1889
-6.3453 -4.7087
0.8337 -6.2181
-1.3257 -6.3696
-1.0054 -4.9510
-1.2184 -7.3851
0.0543 -0.9657
-0.0398 -2.5838
-5.7485 -3.6324
-6.5532 -6.9648
-5.9342 -5.8816
-2.4065 -5.7063
-1.2374 -9.9193
-7.3548 -2.5345
-7.2836 -4.2909
-8.7080 -0.9735
-2.9292 -1.7643
-1.3803 1.4443
-4.4174 -7.5851
-3.5232 -2.2405
-5.9389 -2.0459
-6.2175 -0.5891
-6.3244 -1.3470
-6.8540 -7.6809
-8.4283 -4.1597
-7.1311 -6.0756
-2.9586 -3.4450
-3.0801 -1.5494
-1.4566 -1.4348
-8.3115 0.9004
-10.1960 2.2266
0.2677 -6.7493
1.1849 -4.7229
-6.7572 -6.5850
3.4962 -6.9670
-6.7805 0.2102
-4.2521 0.3679
-0.5409 -3.2518
-6.6955 -8.5014
-3.9374 -5.4320
-5.5216 -2.1748
-2.6098 -6.4539
-6.7938 -6.0725
-6.8377 -2.1571
-0.7767 -6.1958
-5.1804 -6.7680
-6.0476 -7.8016
-6.4056 -6.1392
-6.6680 -4.6301
0.5056 -3.3103
-2.3368 -2.3044
-0.9716 -7.1814
-1.9272 -3.6368
-10.3224 -1.4965
1.6248 -1.8832
1.3697 -6.4928
0.9186 -6.5081
-7.1100 -8.8440
-3.8789 -6.9511
-4.8205 -6.5446
-7.1239 -2.3045
-2.5544 -1.3643
-3.0402 -3.4101
-0.5650 -7.1008
-4.5867 -1.6868
-8.9435 -0.6060
-1.6051 2.1477
-5.7372 -5.2799
-6.7587 -5.9401
-2.5665 -6.5528
-7.5092 0.8791
-2.5273 -7.1416
-3.1422 1.1198
-4.5054 -2.6707
-6.2886 -2.5526
0.1965 -7.0662
-2.3069 -3.8426
-7.0981 -9.3544
-2.3456 -6.6570
-1.0433 -3.7413
-1.6801 -6.9210
-2.3266 -7.3089
-6.8104 2.3990
-6.3480 -12.5621
-2.6589 -6.9228
-2.3516 -4.0885
-2.5982 -0.4141
-2.3033 -6.3825
-7.1252 -2.0648
-2.6462 -8.5393
-1.5867 -6.7876
-7.9424 -8.0703
-3.6318 2.2092
-6.8160 -4.6611
0.1052 2.1677
-1.8464 -8.5154
-6.7781 -7.1119
-6.1862 -0.9352
-7.1687 -6.8451
-2.6049 -9.1317
-2.4948 -5.8589
0.4323 -7.8571
-6.7159 -9.2107
-0.3031 0.2520
-0.4027 0.0697
0.4651 -2.3901
0.3729 -8.1822
-4.2412 -6.2762
-3.0750 -3.9123
-4.3494 -2.4450
-1.3956 -2.0333
-8.0109 -6.6678
2.2701 -0.9911
-5.1905 -1.0310
-0.3259 -2.2278
-1.0080 -3.6281
-6.5273 -7.6756
-1.6917 -7.0116
-5.5585 -1.0393
-2.1566 -3.3408
-2.2418 -4.9719
0.3382 -8.2589
-6.5405 -6.9579
-2.5755 -6.3094
-3.5701 -1.1649
-1.5655 -1.0138
-1.7983 -6.7650
-7.3533 1.7095
0.2763 -2.2577
-5.6899 -2.2386
-10.2679 -2.8098
-2.1296 -6.2888
-2.5885 -3.5389
-5.7243 -6.1339
-6.1792 -0.3531
-6.1826 -6.6404
-0.2442 -7.4986
-6.3935 -3.8093
-8.8940 -3.2076
-5.7864 3.5459
0.9184 -0.6054
-6.7697 2.5082
-1.6218 -1.7516
-6.6640 -0.0445
5.3936 2.9469
-5.9637 -2.8999
-8.8596 -6.1884
-0.2086 -1.1053
-6.7371 -6.3145
-1.7084 3.2597
-5.6208 -6.0244
-7.8486 -2.2632
-1.8452 -3.7243
-2.9850 -8.4228
-2.4346 -6.6016
-7.3648 -6.9899
-6.7243 -1.5709
-5.6660 -2.8989
-0.8062 -5.6521
-0.2509 -6.2624
-3.5654 -5.6625
-4.5473 -2.0119
-6.7669 -6.0733
-5.9405 -1.7940
-6.6887 -5.0158
-4.0056 -2.8078
-6.3701 -0.9598
-7.0564 -7.9230
-6.6197 -6.6218
-1.0601 -2.1160
-2.6938 -8.2663
-0.0706 -1.5373
2.3074 -6.7446
0.3539 -6.9908
-2.1634 -8.8779
-7.1373 -5.4713
-3.1728 -4.6298
-7.0988 0.5542
-5.0918 -1.8935
-0.0472 -2.6639
-2.3837 -3.2773
-1.8060 -9.3751
1.0112 -2.0983
-7.0244 -7.1833
-10.4400 -6.8902
-6.8307 -0.7931
-2.6305 -2.5722
-3.4999 -2.6612
-6.6491 -1.2778
-5.6901 -6.4615
-1.9642 -6.4837
-7.1707 -4.8719
-1.8435 -2.6217
-5.8811 1.8068
-6.8203 -1.9329
-6.8735 -7.2844
-0.8552 -2.3079
-4.5486 -2.5076
-5.6313 -0.4023
-2.2072 -8.0269
0.0034 -3.7699
-6.9847 -3.9767
-1.2109 -7.9952
-2.9489 -6.2516
-6.3068 -6.6552
-6.3872 -3.3595
-0.1631 0.6001
-4.3741 -6.6099
-9.3281 -6.7484
-5.0237 -5.7769
-3.7385 -1.4192
-1.8369 -6.7989
-2.7615 -6.0201
-6.4677 -6.8880
-7.6787 -6.9003
0.5146 -3.8075
-6.5879 -7.0517
1.9835 -1.3221
0.2536 -6.4511
-1.0785 -0.6034
-6.9286 -1.2497
-5.1780 -1.1828
-7.0737 -6.5996
-6.9253 -8.0135
-5.4174 -7.3533
-7.5739 -6.7740
-8.1311 -2.8877
-8.6413 -2.0066
-8.6877 -6.7608
0.1999 0.1863
-2.5755 -1.2934
-2.5211 -0.3444
-3.0447 -2.5296
-6.0344 -3.0397
-5.7127 -6.3390
-6.5801 -1.6371
-7.2694 -6.8197
-6.9739 -2.2393
1.3668 0.1849
-9.1274 -6.8079
-6.0359 -6.5745
-6.9525 -6.6631
-6.4167 -2.4503
-6.8588 -2.0218
0.1786 -6.3700
-1.9280 -1.3378
-5.2824 2.4957
-1.7225 -6.2250
-6.9490 0.4865
-8.0321 -6.8768
-5.9483 -0.6734
-6.7109 -2.5775
2.6015 -6.4781
-7.4304 -6.3026
-1.8886 -4.0804
-6.5729 5.5450
-0.9050 -1.8717
-6.8707 -6.0639
-8.0012 -6.4440
-2.6996 1.3607
-5.3677 -7.1857
-7.6046 -6.1837
-7.0146 -1.4674
-1.8296 -7.7361
-6.5892 -5.7380
-2.8574 -2.3141
-2.5067 -8.7868
-2.4153 -6.8400
-1.1047 -4.5559
-6.9415 -6.6387
-2.8693 -4.1875
-1.4124 -6.0915
-7.2261 -5.7874
-3.7459 -2.4466
-6.3280 1.3009
-7.4147 -2.3762
-3.3443 -6.1938
1.9138 -6.8893
-2.2844 -3.0139
-4.8800 -7.5103
-1.4178 -6.9339
0.2225 -5.6378
-6.3532 -5.9000
-4.2162 -6.3775
-5.0482 -0.1881
-1.6522 -6.7180
-1.2694 -2.2596
-3.2821 -2.5388
-1.0193 0.6943
-3.5269 -4.1374
-4.3436 -5.2883
-8.6569 -0.6306
-7.0718 -3.1652
-5.9638 0.5651
-5.7444 0.2404
-0.5833 0.6912
-2.1228 -2.9004
-6.3791 -0.9436
-6.2822 0.5675
-1.8428 -0.9115
-1.5783 -7.1103
-1.1560 -3.9640
-8.4292 -1.5291
-4.9763 0.7217
-6.6251 -12.8315
-7.3319 -5.7348
-0.8621 -2.3170
-1.7223 -0.2053
-4.1932 -6.6712
-0.9586 -2.7916
-3.3250 -0.1646
-2.9555 -8.9984
-3.9649 -6.8089
-5.8637 -3.0112
-3.8268 -6.6153
-9.0461 -2.3941
-7.2528 -7.0706
-7.0315 -7.0793
-4.8853 -1.6312
-6.3167 -6.6242
-8.0243 -2.9273
-6.4875 -6.1430
-5.7575 -1.0036
-6.2466 -8.8547
-4.0319 -1.4099
1.2669 -3.2965
-2.6714 -5.0973
-3.3977 1.1319
-0.2315 -2.7482
-1.5830 -11.3047
-1.1831 -6.9157
-2.2517 -2.2731
-9.3615 -6.5692
-6.8477 -1.1771
-7.1215 -5.3648
-2.1753 -7.5434
-2.8149 -3.0299
-2.8340 -0.7238
-1.6041 -0.7191
-2.0555 -6.3688
-1.2457 -2.4161
-5.8976 0.1416
-3.3789 -1.7365
1.3312 -2.1038
1.0344 -1.5299
3.0589 -7.0438
-5.8366 -7.0069
-1.7019 -1.6066
-0.5419 0.3354
4.7077 -0.8619
-2.2543 -2.2957
-0.0215 -7.3861
0.9720 -3.2114
-8.2379 -5.5355
-2.9476 -0.1887
-4.8263 -2.5069
-0.7082 -1.8130
-1.8074 -2.1612
-6.4562 -4.3098
1.0834 -6.2777
-2.8577 2.3899
1.0509 -6.3632
-7.4161 -7.0356
-1.2424 -1.4598
-2.5029 -1.5063
-2.5495 -4.8767
-8.4068 -6.5617
-6.8921 -6.5502
-3.1109 -3.7137
-3.0219 -5.1322
-4.0443 -1.3596
-2.2944 -6.0759
2.2524 -7.1774
0.6790 -6.4761
-4.3803 -2.1479
-6.5592 -6.6324
-2.1588 -1.4751
0.0470 -1.4141
0.5635 -0.4970
1.8925 -8.4190
-6.3018 -1.7741
-5.4572 -2.8227
-2.6208 -1.4380
1.2027 -1.7307
-3.7301 -2.4776
-7.7405 -7.7737
-6.6720 -5.1536
-6.3701 0.2797
-2.8043 -6.9479
-2.5753 -0.3616
-6.6335 -2.9329
-6.6490 -0.2665
-2.8746 -8.7761
-1.4762 -1.4303
-7.4116 -6.6997
-5.6926 -6.7440
-6.7340 2.1254
-6.7984 -7.0590
-0.6612 -3.9988
-7.0909 -0.1102
-2.9280 -4.9338
-2.6567 -0.9703
-6.5406 -0.5374
-2.7844 -4.9665
-1.6383 -1.2262
-2.8689 -6.8058
-6.3278 -1.3492
-7.0265 -0.4687
-2.0354 -0.4374
-4.2382 -2.3919
-5.2532 -4.6828
0.0460 -2.5043
-2.4441 -7.1881
1.9303 -7.1416
-3.7070 -3.1210
-6.2377 -8.1467
-2.6165 -7.0209
-6.4240 -2.6583
-1.4329 -0.2943
1.5340 -0.3960
-1.6213 0.0392
-6.9810 -0.5819
0.3929 -4.9322
-8.6643 -2.0967
-2.9726 -7.0692
-4.2312 -5.8515
-3.1966 -7.2233
-7.2142 -5.8946
-5.3021 -6.0670
-2.5141 -6.5127
-2.4228 -2.5706
-6.5358 -6.4447
-2.1414 -3.1642
-2.5012 -1.5831
-2.0350 2.4519
-3.0127 -0.9959
-3.0906 -6.0427
-2.5600 -6.2235
-6.5131 -7.2662
1.2438 1.3521
1.0558 -8.1855
-7.4476 -1.8557
-7.9045 -3.8771
4.2190 -7.0961
-6.4222 -2.3697
0.6429 -7.8929
-3.4922 -7.0096
-6.5175 1.0736
-7.5729 -5.3292
-7.4607 -9.3101
-0.5675 -7.3446
-2.2797 -7.0664
-2.7956 -10.0563
-3.2150 -1.8422
-2.1711 -5.4110
-6.2772 -0.5057
-6.5013 -7.0149
0.0434 -6.9905
0.8402 -5.2023
-3.7893 -3.1693
-6.2420 -2.6397
-1.4237 -5.7916
-4.5260 -6.2799
-5.4211 -7.2791
-8.1198 -2.9443
-2.9192 -1.9796
-9.1231 -2.1296
-6.6789 -2.5543
-2.2213 -6.3627
-1.1188 -1.1965
-1.8038 -2.4032
-9.0379 -0.8106
-6.5455 -6.4737
-6.3610 -8.8166
-1.6751 -2.4678
2.0748 -0.2681
0.1128 -1.1624
-2.4334 -1.0077
0.9980 -6.9735
-8.8618 -1.2902
-4.3694 -5.4553
-3.6330 -7.1067
-6.7646 -5.7973
-2.6202 -5.5886
-1.2541 -7.3390
-6.5441 -0.6369
-8.8778 -6.8713
-6.4639 -6.5905
-3.1108 -2.5439
-7.3947 -1.4385
-3.4697 -0.9675
-0.1932 -4.0344
-1.8705 -2.1319
-3.0296 -6.7426
-0.7398 -0.7291
-2.6155 -6.7059
-1.4079 0.4457
-6.3554 -7.7234
-1.3905 -1.2900
-6.0463 -0.5522
-6.9628 -3.1441
-7.0323 -3.8099
-0.6341 -0.0250
-3.0450 -7.6875
0.2506 -3.6678
-6.2544 -1.5677
-4.6374 -7.9490
-9.1864 -4.1818
-5.6422 -2.2982
-2.1161 -8.5487
-6.0733 -6.1074
-6.9399 2.1380
-0.9575 -0.5094
-7.0213 -2.0718
-6.1993 -1.3393
-7.0874 -1.5042
-3.6443 -3.4011
-3.9119 -0.9175
-5.0505 -7.1100
-1.1050 -7.3147
-6.2224 -1.9860
-3.5348 -2.1586
-6.8135 -8.4111
-6.0051 -1.9561
-6.3866 -3.1291
-7.4666 -2.2504
-2.2286 -1.3510
-6.1445 -3.8863
-2.1570 -7.6229
-2.4351 -6.8277
-6.9226 -4.3487
2.9251 -1.4377
-9.6710 -7.9875
-6.4817 -6.7320
-2.6250 -7.4425
-7.4423 -5.8156
-0.2890 -3.9528
-3.7844 -4.8813
-1.9938 -6.9323
-3.5053 -1.5156
1.8144 -5.6710
0.5440 -3.2267
-5.9376 -6.3917
-2.7905 -2.2133
-3.0420 -2.8090
-5.1699 -6.6381
-5.5047 -2.8149
-6.3339 -6.0664
-7.5433 -7.1720
-7.1004 0.4992
-1.4618 -4.0406
-2.0823 -7.8856
-6.5126 -6.9307
1.0851 -10.5059
-7.4130 -6.9347
-5.1137 -6.4212
-7.8567 -6.5155
-0.2860 -8.5774
-8.9936 -2.6499
-1.7627 -0.1741
-7.0418 -2.3892
-3.5521 -0.1590
-7.2142 -0.9650
1.0730 -6.7908
-0.4579 -1.1063
-5.0274 -1.8977
-6.9364 1.2036
-2.8574 2.4736
-1.6177 0.8952
-4.2324 -5.8570
-2.8219 -7.0854
-0.2121 -5.5947
-1.8848 -5.7210
-1.9039 -1.7480
-2.7533 -0.9931
-6.5352 -4.9707
-1.0031 -6.5938
0.6362 -4.7499
-1.7446 -6.8677
-6.6699 -7.1782
0.7922 -5.7423
-7.0174 -1.1490
-2.6519 -6.6488
4.4917 -2.6466
-3.5179 -2.7788
-6.0273 -6.2780
2.0125 -6.1372
-0.8500 -8.0234
-5.7632 -9.4466
-6.9798 0.5756
-7.0840 -6.9224
-0.2858 -0.0702
-6.7765 -1.9746
-3.2334 -6.3058
-6.2773 -1.4320
-6.6319 0.6738
-1.3879 -7.4150
-6.8136 0.8991
-5.6220 -6.2541
-1.6091 -1.6627
-1.5245 -2.6047
-5.5126 -0.3516
-5.4236 -2.8648
-7.5524 -6.7825
-0.4026 -2.3032
-0.3140 -7.2935
-2.3101 -2.2464
-7.1066 -2.6292
-5.6632 -1.2312
-7.8897 -6.5627
-2.3822 -0.6064
-7.3770 -1.5687
-6.5393 -7.9872
-2.5591 -0.6301
-9.6317 -3.2449
-0.8052 -7.9443
-6.6098 -10.2081
-6.1266 0.7961
-1.5582 -7.2887
-1.5295 1.0610
-6.5542 -2.7280
-7.2356 -6.2191
-2.9900 2.4991
0.5789 0.9599
-0.0944 -1.3427
-7.0505 -6.5585
-4.6899 -6.4435
-1.3645 -3.7860
-4.5105 -0.2629
-2.6374 -6.2766
0.1846 -5.8415
1.2902 -2.0337
-3.6830 -1.2747
-2.0524 -6.0302
-5.2651 -4.3533
-2.6624 -3.8749
-2.5189 -6.5193
-6.6587 -6.9037
-1.9185 -0.8737
-9.6878 -5.6954
-7.3732 -6.7437
0.3926 -6.8510
-2.2658 -2.6809
-1.1302 -1.2181
-5.4159 -1.0306
-3.7803 -7.4945
-2.8942 -2.3616
-2.4576 -6.3254
-2.3822 -4.3690
-5.8654 -5.7989
-6.9477 -4.3293
-6.7464 -7.4194
-7.2654 -6.3805
-7.7246 -0.2553
-1.4016 -1.9389
-6.9872 1.3235
-0.8916 -0.4814
-6.0413 -4.2793
-1.7649 -1.4137
-7.0667 -9.4211
-6.6594 -9.5092
-3.7423 -8.0919
-6.9521 -1.9209
-6.3572 -5.3155
-4.5500 -7.1424
-2.7613 -1.7244
-6.3687 -6.0987
0.5420 -7.2273
-0.9213 -7.9857
-2.1722 -1.4263
1.3010 -6.3504
-6.0505 -2.8965
-4.3046 -8.8025
-5.4988 -2.2473
-1.2492 -3.3284
-2.4723 -9.6938
-0.7543 -10.3599
-0.3001 -0.2108
-6.5232 -6.9994
-1.7824 -2.7262
0.2965 0.8222
-7.5971 -6.5639
-6.8276 -6.8646
-1.3669 -6.2926
-1.7077 -9.7073
-8.1096 -4.2485
-1.8661 -6.5023
-7.7928 -1.9780
-7.4194 -6.3753
-2.3825 -1.3955
-7.1828 -6.4807
-7.4823 -2.3288
-2.5653 -1.1021
-6.1763 -6.5958
0.0731 -9.2555
-6.7499 -1.6406
-6.7456 -4.1458
-3.5885 -6.6457
0.0825 -3.4397
-2.3275 -0.6798
-5.3652 -7.0624
-0.4154 -9.7904
-1.4599 -3.0125
-0.4816 -0.2043
-1.6730 -5.1020
-0.4930 3.0512
-6.7015 2.2305
-2.9603 -6.9931
-7.1238 -6.6693
2.2135 -7.2398
-2.8142 -2.2973
-9.6625 -1.0335
-2.3820 -5.2008
-1.5070 -2.9681
-2.1951 -2.3192
2.9390 0.8075
-9.0615 -6.9342
-1.8816 -6.8184
-5.9491 -0.0905
-7.2627 -6.9246
1.0004 -6.9392
-1.8231 -3.5908
-7.5166 -1.4462
-1.5385 -3.0348
-6.4501 1.1553
-3.0146 -2.8820
-6.5153 -10.5526
0.6386 -0.4528
-6.4048 -3.2637
-5.9674 1.6689
-7.1374 -3.1752
-8.1798 -1.5571
-5.6165 -6.5026
-1.7216 -8.9990
-10.0060 -2.0331
-1.2352 -4.5821
-2.8015 -5.0203
-1.3978 -6.4214
-3.5944 -3.4962
-3.1688 -6.0706
-2.0920 -2.8124
-2.7664 -4.0944
1.8058 -5.6108
-9.2452 -6.6876
-0.9667 -2.9135
-5.1009 -0.7270
-5.4352 -2.8675
-6.7873 -7.8617
-4.8433 -1.7453
-3.3766 -6.1124
-3.3458 1.8987
-2.9313 -2.8212
-5.3152 -7.1968
-1.4990 -0.2079
-3.6771 -2.2797
0.0475 -1.2427
-9.1800 1.6234
-3.2224 -6.9971
2.8729 -2.6015
-6.9345 -3.2326
-6.6054 -7.2366
-6.6976 -7.3068
-7.1270 -3.4029
-6.9566 -4.4864
-3.1076 0.3299
0.3415 -6.3312
-1.4823 -1.1583
0.8456 -4.4365
-0.9205 -6.0137
-2.0247 -5.7139
-2.2984 -3.8541
-6.2599 -1.0579
-3.2454 -7.4138
-6.4589 -2.1467
-1.2826 -6.0595
-6.0047 -9.0836
-6.8961 -6.4275
-5.5872 -2.8666
-6.8513 -6.1496
-7.0063 -6.2645
-6.3862 -2.2308
-2.9144 -1.0848
-11.5498 -1.1446
0.5965 -2.2253
-3.2426 -3.5479
-6.4443 -7.1163
-0.7524 -5.0308
-5.8288 -3.6251
-7.6737 -6.9087
-4.3772 -7.6863
-1.9859 -7.6443
-3.7726 -6.4810
-6.0964 1.2295
-4.5632 -3.1217
-6.8486 -6.9169
-7.1747 -6.3300
-1.4030 -5.8332
-7.0781 -6.7950
-1.2685 -7.0267
0.1821 -6.9748
-3.5054 -3.9556
-2.2909 -1.8637
-4.5251 -0.6944
-7.3952 -10.5280
-1.8738 -1.6646
-7.4806 -2.2444
-5.2533 -3.1405
-1.4828 -6.2656
-7.0738 -2.0942
-6.3235 -6.9407
-5.4814 -6.7562
-0.3797 1.7796
-6.0048 -6.5957
-1.4809 -3.0366
-0.7038 -1.1055
-8.3382 -2.5625
-7.1040 -6.1088
-3.1208 -0.3174
-7.7055 -0.7179
-7.2159 -9.9971
-2.5194 -7.2097
-0.4140 2.4576
-1.5790 -2.6290
-10.1989 -0.7672
-6.4472 -6.8064
1.3732 -6.8512
-7.2789 -6.3543
-2.0835 -9.1321
1.0963 -2.0792
-0.1509 -6.6765
-6.0652 -7.0283
-2.1054 -6.7044
-6.0800 -0.8168
-4.4389 -6.3078
-2.3908 -2.2719
-5.8146 -4.6780
-8.3155 -4.4500
-8.9249 -0.4654
4.1270 -3.4352
-6.6137 -3.2349
-2.9028 -6.5608
-6.4381 -2.3780
-5.6065 -9.6996
-6.4315 -3.8511
-1.2921 -1.3351
-0.1309 -2.8886
-7.0547 -8.4237
-7.8195 -3.4946
-1.3656 -3.7597
-6.3207 -5.9052
0.5553 -1.5877
-2.4838 -4.5044
-6.3078 -2.0864
-1.2855 -6.4921
-7.3416 -6.7024
-6.8783 -6.4734
-3.0062 -0.6870
-5.1137 -5.0634
-2.2143 -1.8982
1.8521 -7.6165
-4.9290 -4.8686
-1.8285 -7.1902
-1.0551 -6.8287
-1.8693 0.5012
-0.3005 -9.4324
-1.7821 -2.3049
-7.0309 -1.4764
-6.9990 -1.2100
-1.9685 -2.0299
-6.1749 -8.4707
-1.9969 -6.7122
-6.6252 0.7040
-6.3771 -2.2304
-1.8787 -7.4062
-1.9409 -7.1747
-7.2077 -4.7326
-1.0612 -1.1466
-5.6987 -7.9062
1.5239 -4.0053
-7.0948 -6.7611
-6.6613 -6.8469
0.2639 -4.6742
3.2966 0.7238
-7.8385 -6.4224
-5.0981 -7.4540
-2.3479 -8.7838
-7.1067 -2.9458
-2.6201 -1.6445
2.0862 -6.8322
-3.1619 -7.0125
-3.2380 -6.1093
-2.2363 -4.2666
-6.7470 -1.8891
-1.8356 -1.6415
-4.2867 -2.2480
-6.7235 -2.1255
-9.3129 -6.7503
-3.0187 -2.1547
-6.5767 -6.8356
-1.7687 -4.7895
-1.9294 -0.3907
-3.2229 -2.7217
-9.4149 -1.5777
-5.8118 -3.0664
-5.6021 -6.8598
-0.6498 -9.2773
-3.2026 -7.3845
-7.4063 -5.0364
-2.7263 1.3857
-5.9116 -7.3720
-2.1910 0.8996
-7.8925 -6.8239
-6.2756 -5.9313
-9.0740 -6.6080
-2.9647 -2.7955
0.7952 -7.2959
-0.9432 -7.2873
-0.3210 -2.4434
-3.4556 -4.2316
1.3581 -1.6721
-2.9604 -3.4324
-6.7601 -2.3984
-4.5700 -5.9995
-2.3015 -0.5113
-6.2599 -6.4937
-0.7487 -2.4474
-0.7622 -3.1179
-2.5230 -2.5898
-6.6596 -3.0376
-3.0888 0.6053
-5.6972 -0.1162
-6.5622 -10.2413
-2.3798 -6.8679
-4.4150 -1.1802
-6.4163 -7.3908
-0.7739 -5.9074
-6.6876 -5.3988
-3.8352 -6.4714
-2.0397 -7.7181
-6.2005 -8.8952
-4.8127 -0.9737
-4.8342 -3.3687
-6.7882 -2.0875
-6.3322 -6.0829
-2.7715 2.9862
-6.7583 -7.8909
-4.3088 -5.7691
-4.2983 1.4416
-1.1671 -1.4003
-6.7205 -6.4499
0.1005 -6.8912
-4.5412 -5.7871
-4.6161 -5.0127
-2.6569 -1.2549
-7.1915 -5.6256
-6.7094 -7.1750
-2.2899 -0.2638
-0.7934 -6.1415
-2.8166 -4.0713
-0.1614 -1.9998
-6.4894 -7.3154
-4.4232 -1.5637
-3.2198 0.7878
-9.5553 -0.9407
-3.2948 -6.5720
-5.7697 -7.0719
-4.9811 -2.8469
-3.0001 -2.5841
-6.5366 1.9476
-7.2053 -2.1119
0.4393 -6.1570
-8.6433 -5.2179
-1.9621 -6.6393
1.6170 -1.7457
-6.6570 -1.0677
-1.9656 5.1242
-2.6432 -2.9445
-1.4640 -3.0279
-8.0374 -2.8723
-1.1404 -3.1290
-7.9851 -3.8435
-3.6757 -0.0406
-4.8490 -2.1064
-6.9107 -6.7481
2.1821 0.4990
-6.5284 -3.5323
-6.6942 -8.8908
-8.6022 -1.4003
-1.4037 -11.1830
-1.8561 -6.6888
-6.3135 -1.6084
-3.7507 -1.6099
-2.8488 -6.4824
-1.1055 1.7984
-7.9848 -1.7653
-7.2932 -2.3799
-4.4144 -4.2113
-6.7482 -6.9164
-6.1893 -7.0198
-6.7178 -7.0218
-1.5898 -0.8170
-1.3620 -3.1787
-2.6426 -5.4346
-6.9521 -6.8316
-6.6483 -2.8336
-3.7003 -2.9269
-7.0859 -8.0529
-2.2989 -2.2388
-3.0952 -3.8637
1.6761 -5.0782
-7.9207 0.7248
-1.5371 -7.2088
-6.6250 -6.6183
-3.6202 -6.6692
-3.3012 0.6848
-6.9783 -7.1065
-7.1521 -6.9148
-2.7333 -9.4633
-9.0692 -1.5149
-3.7629 1.6924
-6.3296 -6.9605
0.0470 -6.6437
-3.5137 -0.5838
-2.0688 -0.7566
-7.8260 -5.7547
-4.0987 -1.9687
-6.2549 -6.8506
-8.6134 -7.1607
-2.9317 -6.8123
-6.4976 -1.7966
-2.6861 1.3662
-8.1874 -6.5036
-7.7619 -1.6892
-7.2363 1.0437
-9.6006 -6.8632
-5.0737 -5.6280
-7.4286 -2.6916
-10.0736 -2.4891
-4.3836 -7.9879
-6.1959 -1.4223
-7.0877 -3.5370
0.5449 -6.1206
-4.2247 -2.6217
-5.8767 -7.1971
0.4662 -6.9466
-3.0025 1.1250
0.2375 -1.4280
-1.3282 -7.1576
-2.0021 -0.7634
-7.1182 -1.4816
-4.2276 -6.1936
-7.3929 -7.5142
-6.8107 -1.0024
-7.2796 -6.9167
-6.9091 -1.0280
-2.9025 -6.6250
-9.6051 -7.1485
-6.9635 -5.7051
-4.0825 -6.6054
-10.5508 -5.8082
-7.3337 -3.6582
-6.0894 -6.2701
-2.0131 -5.8793
-8.2635 -4.4737
-5.2976 -8.2610
-3.8268 -9.9671
-6.1501 -6.4138
-6.0431 -6.8577
-6.8635 -0.7645
-7.5100 -7.0535
0.6730 -0.8831
-7.3817 -6.8403
-0.8406 -2.4488
-1.9429 -6.9139
-6.1661 -6.3913
-5.8770 -1.8415
-3.4079 -1.1542
-2.2586 -2.2716
-5.1642 -6.9072
-1.3267 -6.8749
-6.2271 -7.7658
-5.6377 -2.5724
-0.5628 -2.7445
-2.9810 -6.9625
-5.6858 -6.5500
2.0421 -6.7805
-6.4421 -6.5178
-6.0602 -6.9774
-6.7728 -6.4226
-1.4377 -6.1775
-6.1816 -5.0093
-1.2935 -0.9150
-6.1224 -0.5646
-1.4386 -7.1429
-1.2833 -8.0960
-6.3453 -7.6849
-6.0924 -0.4003
-3.9268 -6.9872
-7.5380 -2.7245
-2.9791 -6.3354
-2.3887 -3.0411
-0.3142 -8.4834
1.7100 -6.4003
-2.8922 -1.7058
-4.9292 -2.3079
-1.3231 -2.7831
-7.4660 -2.6145
-2.4953 -8.8825
-5.2558 -1.7230
-1.6385 -6.5698
-7.3850 -2.1805
-2.8410 -6.9319
-6.3003 -1.1902
-0.9302 0.7306
-5.0843 -8.3463
-2.8934 -9.2408
-6.8863 -3.0541
-6.4981 -2.5288
3.1067 -7.1576
-4.3087 -7.3883
-6.2293 -6.8673
-1.5401 -6.4888
-1.8246 -5.8698
-6.9797 -5.9093
-7.6525 -1.9973
-10.4608 -6.3270
-6.8779 -2.6616
-1.1557 0.9673
-5.6136 -1.8023
-1.9947 -7.8619
-0.1903 -6.5906
-2.4756 1.3783
-6.8200 -7.6958
-5.3465 -3.2740
-1.9873 -8.0253
-6.5759 -7.0080
-6.6752 -7.6498
-7.5306 -2.7479
6.1507 -3.8650
3.9391 -3.3749
-0.6732 -9.4936
-6.4966 -7.8664
2.2392 -6.6478
-2.9074 -5.7943
0.5524 -0.5794
-4.9487 -2.7200
-3.0053 -1.0219
-6.3238 -3.9991
-4.9889 -2.3300
-8.2394 -2.6267
-0.5842 2.3976
-6.2993 -6.8169
-6.5406 -7.3575
-2.4210 -6.7117
-7.0414 -2.6039
-6.8635 -6.2356
-3.1047 -5.7832
-2.0889 -3.4273
-6.2404 -4.7798
-10.0434 -3.0028
-1.0403 -1.4037
-0.2315 -6.9756
-1.4562 -6.6727
-3.3219 -6.2230
-5.7165 -7.6001
-2.3227 -6.2333
-7.4581 -6.4551
2.9741 -1.7091
-6.4074 -7.4887
-3.1060 -2.2272
-0.1873 -6.8108
-2.7737 -6.9119
-6.2649 -6.7506
0.4851 -7.9642
-8.4918 -2.3387
-6.7350 -0.1175
-6.4040 -5.7354
-1.5130 -3.2541
-7.5701 2.6874
-3.7589 -2.3446
-1.9617 -9.8329
-5.3043 -6.7237
-0.3883 -4.7346
-6.7947 0.4742
-2.5708 -2.6801
-7.3228 -1.8696
-3.4717 0.5989
-0.5081 -8.2135
-0.6350 -2.3531
-0.1630 -0.0132
-3.7164 -6.0310
-7.2787 1.4925
-5.9494 -6.0949
-5.7057 -0.8550
-1.5876 -1.2098
-6.3092 -1.4526
-2.1265 -1.6697
-9.6717 -5.6841
-0.9664 -8.9572
-6.7807 0.9973
-7.1514 -3.2803
-1.6566 -1.3462
-6.7985 -2.7846
-7.2228 -7.4804
-5.0983 -4.5792
-1.5499 -4.7035
-1.3587 -6.4844
-4.2144 -11.0526
-3.7885 -0.8908
-4.3934 -2.2577
-6.3499 -2.6515
-2.5384 -0.9087
-2.3242 -7.2010
-6.6402 0.7116
-6.5537 -0.5485
-4.0365 -2.7218
-7.7916 -6.3419
-1.4386 -6.5533
-5.9836 7.5528
-4.7214 -1.4430
-7.4279 -5.8879
0.0110 -2.8805
-6.7210 -1.3346
0.0914 1.3504
-7.5275 -2.4637
-4.4247 -1.6642
-0.7747 -8.0117
-1.0505 1.2286
-2.2067 -9.3727
-1.7767 -1.0552
-0.9188 -5.0202
-7.3730 -6.8436
-7.5437 -1.3577
-6.1834 -6.3174
-0.1130 -5.8349
-6.7693 -6.0186
-1.4033 -5.6884
-1.2513 -2.4315
-5.4987 -2.2646
-6.4652 -3.2286
-3.3223 -0.0995
-6.6790 -6.6054
-8.3457 -8.5492
-6.4993 -8.3624
-4.1790 -7.5116
-7.5375 -4.6924
-3.8448 -6.1865
-7.4177 -5.8463
-6.5750 -6.8133
-6.4048 -7.2397
-2.9028 -7.9091
-1.4702 -5.3333
1.3294 -2.5509
-2.7085 3.4379
0.4126 -6.2022
-6.8254 0.0844
-6.1879 -6.5413
-2.0417 -2.4038
-6.4750 -2.6208
-6.8820 -3.1484
-3.1809 -1.8161
-2.0504 -7.1639
-6.0092 0.4131
-5.4030 -6.2556
-0.7705 -1.1386
-0.1735 -3.1335
-2.6704 -2.0982
-3.6793 -6.6959
-6.1947 -5.8729
-5.9048 -5.6035
-2.3878 -2.8953
-2.9019 -2.7796
-6.5973 -6.2495
-6.9982 -6.5066
-0.6144 -3.6059
-1.4764 -1.4232
0.4554 -6.6926
-10.7423 -8.4832
-2.1175 -2.1525
-3.1906 -4.6024
-7.0212 -0.1863
0.9586 1.4813
-1.0049 -3.1606
-2.6664 -5.2513
-2.9260 -1.9760
-1.3177 -8.7263
-2.6146 -3.7255
-5.6058 -3.4045
-6.3787 -6.3896
-2.1769 -1.1011
-1.5631 2.5224
-1.0276 -12.2514
-2.7307 -0.4810
-1.7520 -7.5270
-4.1462 -6.5049
0.4284 -5.7296
-3.3779 -2.2956
-1.4752 -0.3635
-2.8861 -2.8204
0.8109 -6.2796
2.7301 -6.9783
-0.6120 2.2043
-2.3496 -0.5159
-6.6870 -7.0239
-1.9534 -7.2515
-1.8924 -4.7496
-6.6412 -6.4036
-7.2634 -3.0496
-5.8684 -5.5486
2.5340 -6.6557
-1.8136 -2.5986
-6.5407 -2.7148
2.2157 -2.3386
-6.0830 -1.1946
-2.0345 -1.5318
-5.3966 -0.5666
-5.6616 -0.1141
-6.6277 -2.8666
-7.0242 -6.0939
-7.5706 0.9071
-5.2273 2.8062
-5.5242 -6.1987
-6.4826 -6.1965
-8.0169 -6.4972
-6.1728 -7.3067
-4.7143 -2.4792
-2.6965 -7.2152
-6.4336 -8.5489
-1.7511 -7.0715
-8.5103 -7.2040
-0.0710 -2.0097
-7.1365 -3.1744
-7.7795 -7.0798
0.4478 -6.0592
-3.6040 -7.6786
-4.4869 -6.4541
-4.2310 -5.5782
-6.6134 -7.2404
-1.6577 -1.3307
-6.2505 -9.0089
-6.1705 -9.4037
-2.2678 -7.2354
-2.9622 -7.1680
-6.0086 -5.1592
-9.6498 -5.1019
-2.0505 -2.4132
-6.5802 -5.9813
-7.6858 -6.5770
-5.0755 -2.9360
-2.6247 -3.3867
-5.1108 -0.4544
-1.6395 -3.5133
-6.9648 2.3519
-0.4871 -0.3249
-3.0255 -8.0333
-8.2734 -0.7729
-6.5545 -4.9002
-2.8055 2.8987
-0.1614 -6.7944
-3.7777 -8.3924
-9.0552 -2.6146
-1.7240 -3.4699
-1.5150 -7.6222
-7.2145 -6.5411
-2.7425 -6.8320
-7.6401 -8.3165
-1.0231 -5.0847
1.1829 -0.2365
-0.8362 -8.0730
-5.5637 -0.5471
-6.9069 -4.0354
-6.8631 -4.5998
1.9889 -6.1739
-3.2318 -6.6581
-4.8640 -2.0222
-3.8341 -6.8718
-3.4928 -3.6177
-4.5676 -2.7465
-1.6213 -7.2465
-3.0669 1.6387
-3.6174 0.5887
-11.1052 -1.9234
-6.8829 -2.5726
-1.5624 -7.0073
-3.9572 -1.0859
-7.0642 -9.7161
-6.2164 -2.2493
-6.3192 -5.5886
-0.6579 -5.7240
-1.8096 -6.9341
-7.3258 0.7593
-2.0246 -6.1629
-7.1176 1.9151
-1.8454 -3.4202
-2.2874 -1.4218
-6.3539 -8.1807
-1.0099 2.6120
-6.9334 -7.3727
-6.4645 -4.0764
-2.2796 -6.5879
-4.6256 -5.0120
-7.4241 -2.3468
-4.4485 -6.8580
0.7538 1.2597
-6.9014 -7.4935
-2.0681 -3.7707
-2.9399 -2.7214
-5.1508 -7.0593
-4.0145 -6.6172
-7.1750 -3.4740
-8.4354 -6.7784
0.5018 -6.6417
-3.0202 -1.1857
-2.3491 0.6594
-0.0802 -2.9566
-6.0080 -7.4903
-6.7350 -4.2386
-6.5340 -2.1973
-0.3877 -7.0234
-9.1807 -6.3458
-3.0375 -0.1469
-0.8250 -2.5454
-6.8501 -5.3649
-8.9788 -8.6203
-7.6174 -3.1873
-8.6591 -8.2840
-3.9730 -5.3761
0.7990 -3.0350
-6.6946 -6.6912
-6.6062 -8.7448
-1.3088 -3.2303
3.4418 -8.8494
-8.0926 -6.7808
-0.3469 -6.8535
-8.7519 1.2389
-6.7845 -1.6082
-1.9362 -7.4026
-6.7520 -1.6113
-7.3847 -5.1255
-1.1768 3.5842
-0.6552 -8.1128
-7.2340 -5.9066
-6.9730 -1.7609
-8.0944 -4.1322
-7.2430 -1.7425
-6.3793 -3.7723
-1.9785 -7.9066
3.5986 -0.9660
-4.7099 3.2280
-1.9391 -1.7129
-0.5348 -3.7011
-6.8415 -5.5870
-5.4931 -4.3676
-3.1303 -0.3291
-6.1341 -6.3200
-6.1873 -3.1165
-3.3322 -2.0227
-5.3477 -1.5956
-5.2316 -1.5475
-2.8534 1.3633
-0.3237 -7.0359
-2.1179 1.2618
-1.0647 -2.6250
-1.0278 -6.6393
-2.3611 -8.1749
-7.0188 -8.1296
-5.6950 -0.6210
-5.5144 -6.5641
-2.9572 -6.7270
-0.9254 -2.5909
-7.7085 -5.8211
-7.8340 -6.9477
1.9544 -2.6933
-5.6397 -1.7446
-6.6972 -7.4134
-1.4329 -3.5815
-9.2428 -6.2055
-2.3326 -10.4684
-7.0406 -2.7687
-1.6438 -1.8059
-1.6940 -10.8926
-6.3126 -1.4140
-6.4766 -6.5877
-5.2011 -6.3111
-6.8713 0.7021
-6.0216 -9.2517
-6.6849 -8.2625
-6.6406 -5.9734
-6.7048 -7.7140
0.9164 -7.0517
-5.6681 -2.4623
-1.2805 0.1678
-7.8714 -2.5478
-1.4256 0.1160
-1.3573 -3.1102
-4.4733 -3.0895
-3.5386 -5.9134
-2.2690 -3.1314
-7.6874 -2.7898
-6.8366 -0.2058
-0.2048 -6.5096
-6.4845 -6.8565
-6.2142 -2.3330
-5.2739 0.3501
-5.9545 -3.6871
-6.8635 -3.7312
-0.4308 -0.8605
-6.8312 -5.2497
0.0941 -3.2696
-1.5436 -2.9655
-0.1410 -7.2697
-6.7352 -2.5635
0.4120 -7.2231
0.4897 -2.6864
-4.5545 -1.4707
2.7670 -6.4431
-3.2004 -5.8797
-6.6603 2.2909
-7.1530 -0.1219
-0.8383 -7.9136
-1.8032 -6.0870
-6.4114 -6.5240
-1.9632 4.4298
-3.3801 -6.1492
-6.6015 -8.3263
-2.7682 -3.9676
-1.8389 -1.2952
-6.9102 1.2879
-5.9128 -9.2846
-6.7122 -5.5031
-4.2080 -6.8518
-7.1498 -7.0696
-8.2861 -6.2097
-8.2475 3.2655
-6.6116 -6.9348
-2.0247 -5.5302
-6.8744 -4.2910
-6.5222 3.8955
-7.2107 -4.0497
-6.1847 -3.3660
-8.1205 0.6474
-3.2035 -0.0830
-1.6163 -3.0087
-2.2940 -3.2626
-1.5634 -3.2848
-2.3528 -6.5852
-7.1160 -6.8685
-10.6944 -0.6185
-2.7245 -6.2345
-0.1609 -3.7658
-1.8092 -4.0134
-5.8979 -6.1493
-0.4878 -6.5930
-1.7385 -8.9005
3.1491 -1.3037
-7.2835 -3.5921
-3.9928 -4.1298
-8.7436 -1.2549
-3.4145 -2.3666
-4.6626 -5.9646
-1.8708 -6.4304
-1.6809 -3.7358
-8.0004 -6.6269
-2.0760 -6.7755
-3.4147 -2.6157
-5.6703 -6.5974
-6.2198 -3.3061
-6.9320 1.3409
-1.6545 -6.3169
-2.2975 0.1422
-6.4396 -1.3349
0.6517 -2.0853
-6.7200 -7.2493
-6.4039 -6.4912
-5.9199 -9.5803
-8.4277 -6.7483
-6.6716 -9.8010
-6.5380 -2.0058
-7.5033 -6.7570
-2.3065 -3.2526
-7.1158 -6.3090
-8.4849 -7.0629
-2.3694 -5.6326
-2.6222 -7.4419
-2.4408 2.2584
-3.5515 -1.7916
-6.4640 -7.3556
-2.4809 -1.8554
-6.6115 -6.8444
-1.4294 -0.6615
1.0607 -2.2437
-6.1634 2.2757
-7.9928 -0.4419
-6.5017 -5.8680
-0.6773 -2.7950
-1.9457 -4.7580
-6.3789 -3.7124
-1.1634 -6.4415
-6.5407 -3.0605
-6.7200 -2.1834
2.8747 -6.6867
-6.9116 -11.2483
-6.6363 -8.4729
-6.9584 -7.0005
-7.6176 -6.5958
-6.9716 1.4587
-2.4257 -1.8931
-6.8475 -2.4628
-5.9534 -2.0576
-7.4240 -7.9532
-6.3443 -2.6405
-7.6377 -6.8733
1.5593 -6.1276
-6.9360 -1.6272
-6.4101 -6.6530
-0.9209 -3.5535
-5.8214 -7.6098
-7.1259 -6.9754
-6.2499 -5.4448
-1.5481 -1.5398
1.1230 -1.7500
-6.8425 -6.4082
-8.2651 0.8082
-6.2340 -6.3706
-0.9537 -8.6380
-7.2354 -5.9927
-6.1605 -5.8354
-2.5269 1.0599
-0.0870 -6.4187
-6.3522 -6.3680
-2.4101 -3.0299
-4.9983 -1.7266
-4.9913 -7.1239
-0.9641 -7.1352
-10.4014 -1.8970
-1.8795 -2.0444
-1.4278 -1.5882
-2.9221 -0.9097
-9.0890 -1.9023
-2.6708 0.3252
-2.1864 -5.6768
-3.7677 -2.4533
-4.2300 -1.5536
-6.8044 4.7732
-1.1508 -8.3979
4.4394 -2.2493
-0.3911 -0.2787
-4.1356 -5.6129
3.7183 -0.8308
-2.9340 -1.0315
-6.4856 -6.2144
-2.9599 -0.9663
-4.0564 -6.2744
-6.3517 -6.9330
-0.4348 1.3793
-9.7308 -3.5575
-6.2475 -0.3704
-1.9603 -7.6936
-7.4869 -4.8547
-5.9803 -2.3704
-2.7778 -2.6281
-6.7927 -6.7333
1.5355 -1.8392
-6.5652 -5.7924
-2.1673 -6.4363
-1.1552 -2.3935
-7.6284 1.7327
-2.9334 -4.1614
-7.0485 -8.7773
-7.6298 1.4406
-1.0726 0.0588
-6.8126 1.2660
-7.1553 -6.7034
-6.7786 -6.3938
-6.1478 -6.4489
0.7370 -4.4148
-0.2328 -7.7984
-8.0827 -4.1672
-1.8694 -2.8641
0.1296 -2.6032
-4.4668 -2.0787
-7.5648 -7.2481
-7.0074 -7.4315
-4.4450 1.6811
-1.3704 -5.6775
-0.7860 -6.8929
-4.3764 -0.5909
2.7485 -6.3889
-4.6992 -7.0216
-8.7688 -7.9346
-4.9857 -5.7965
-1.1702 -0.5597
-0.6561 -1.0993
-5.5915 -6.6324
-0.4681 -0.1762
-7.0675 -6.2075
-4.0613 -8.3388
-0.6092 -6.4855
0.3483 -6.3582
-3.8983 -4.0051
-5.2905 -7.4557
-1.7201 -5.4687
-4.5596 -7.2779
-2.3408 -5.9716
-1.2033 -1.3303
-0.9487 -4.7878
-2.3142 -5.6870
-6.9075 -1.4182
-7.4273 1.3007
-6.5022 -2.5468
-1.7258 -6.8574
-2.9939 -6.2820
-6.7746 -8.2682
-5.8675 -2.5213
-1.7967 -2.3178
-6.2498 -7.2828
-7.6034 -1.9474
-1.0154 -4.1875
-2.4496 -1.0678
-6.6078 -7.2531
-6.0836 0.3719
-9.4666 -7.0321
0.9259 -6.8189
-6.6608 -8.5619
-10.1535 3.2148
-6.7149 0.5381
-8.5386 -4.1578
-4.6278 -4.6934
0.2458 1.5875
-5.0493 -0.5277
-2.2405 -2.3774
-4.3564 1.2718
1.1417 -6.7871
-5.0138 -0.7531
-7.6464 -1.6909
-4.8775 -2.5760
-4.2278 -7.5637
-2.9546 -4.0633
3.4946 -6.8792
-4.1056 -7.5877
-6.4160 -6.6407
-1.7428 -1.6178
-1.9030 1.6896
-5.4474 -7.1156
-3.1746 -0.8979
-6.9864 -6.8688
-7.0823 -1.2166
0.2831 -6.4849
-7.4917 -0.2017
-6.8882 -7.4962
-0.9829 -5.7790
-6.5246 -5.9564
-7.0322 -3.6174
-2.6893 -2.1980
-2.9665 -1.6701
0.5731 -5.1675
-6.9610 -5.1459
-1.6104 -3.4626
-6.7527 -3.1144
-7.0054 -0.7239
-7.2326 -6.2741
-5.0983 -2.3968
-0.3326 -0.8981
-6.6803 -7.0599
-1.3078 -0.7580
-1.6957 -6.7178
-7.0833 -3.5706
-6.0631 -7.0160
-2.4414 -2.2642
-1.3936 -8.3562
1.1203 -8.0925
-2.7816 -7.0923
-0.9864 -0.3258
-7.5480 -6.9643
-1.2125 0.5761
-6.8365 -6.7645
-3.2145 -6.9467
-6.1247 -7.0859
-6.7149 -1.6032
-2.7244 2.1384
-7.0222 -0.7619
-8.7487 -2.6514
-3.7643 -6.5430
-3.8718 0.6026
-7.3539 -5.7754
-6.5549 -2.1446
-1.3549 -2.6574
-5.1555 -6.1100
-0.4460 -1.3305
-3.5037 -1.3782
-6.7256 -6.8073
-1.3563 -2.0734
-6.1380 -0.5031
-0.2702 -6.8466
-3.2676 0.8040
0.3699 -1.0167
-1.5744 -2.7411
-1.5564 -5.1138
-3.1764 -5.0293
-6.5208 -6.9546
-7.1011 -11.1222
-6.7758 -9.1609
-6.4554 -3.5598
-1.4038 -1.3713
-8.5051 -1.2450
-8.9104 -6.5644
-5.4897 -5.3823
-0.7003 -6.2503
-6.7504 -3.2623
-6.6052 -2.6400
-7.5046 -3.9144
-7.7261 -7.1848
-1.7329 -6.0541
-6.0723 -6.4065
-6.5087 -5.6562
-5.9688 -1.8006
-6.3958 -1.1471
-2.0050 -1.8199
0.0810 -2.5051
-1.6335 -1.6869
-1.4043 -3.1463
0.1128 -2.8043
-7.3422 -4.5255
-2.0627 -5.6452
-2.8174 -9.4527
-3.0757 0.4875
-0.9506 -2.2423
-7.8939 -1.5863
-1.0049 -0.7034
-5.7016 -6.6917
-6.3944 -1.8118
-8.4725 -3.8382
-2.2156 -8.2576
-0.8268 -7.6181
-6.5197 -6.3109
-6.8633 0.4486
-2.2584 -6.9047
-5.4595 -9.5383
-3.3779 -6.5229
-0.6023 -3.3214
-2.1546 -6.0140
-2.4777 -7.2553
-6.4828 -3.7526
-6.6073 0.2785
-0.1340 -4.5124
-3.4912 -4.3574
-6.4512 -6.7502
-7.4377 -6.1788
-6.6705 -5.7933
-2.9584 -1.4732
0.2802 -6.9514
-0.6571 -2.8712
-1.1230 -6.2381
-2.5053 -6.4594
-6.9651 -1.5377
-6.8137 -6.7127
-6.3655 -6.3878
-6.7061 -6.8186
-1.3344 -1.2905
-7.4721 -4.5979
-6.9078 -1.8241
-4.0185 -3.5823
-5.8042 -0.4908
-7.2755 -7.0991
-5.4770 -2.6945
-2.6466 -5.7646
-6.3783 -7.2625
0.5782 -2.8205
-2.1781 -7.1468
-1.5929 -4.9192
-6.2805 -2.8077
-0.2010 -5.9551
-5.3611 -6.4322
-10.6582 -6.0792
-2.1448 -2.5661
-2.6278 -1.9540
-4.1503 -5.0870
-8.2738 -3.6746
2.6898 -4.6195
-2.3787 -6.1951
-5.8915 -8.7526
-6.8633 -7.2783
-7.1183 -7.0158
-3.8502 -4.9140
0.9804 -2.1422
-1.3699 -6.9114
-5.8007 -5.5323
-5.6871 -2.2911
-0.8501 -6.2145
-2.6134 -6.5880
-6.2502 -2.4879
-5.9132 -3.5783
-6.4905 -1.8605
-1.9179 0.2723
-6.3927 -6.7847
-1.1733 1.0251
-2.3378 -6.2074
-3.8451 -2.7964
-1.3165 -6.9907
-6.8060 -6.7996
-0.2280 -6.4351
0.7524 -3.2061
-6.9856 -2.9602
-6.2147 0.9500
-2.2297 -1.4132
-2.2017 -2.7869
-7.7871 -7.2127
-7.6371 -2.6686
-7.4012 -7.1098
-6.1775 -6.9780
-8.8984 -2.2168
-2.5746 -2.6251
-1.8379 -6.0618
-6.5695 -1.5866
-6.6667 -3.0083
-1.8027 2.0220
0.3616 -1.8930
-2.0664 -6.1296
-3.9911 -3.3110
-3.3489 -7.3865
-1.3053 -1.9192
-6.3363 -6.4048
-6.2835 -5.7110
-2.2285 0.9942
1.8773 1.4963
-5.5763 -7.2203
-6.2963 -6.8758
-8.9773 -3.4004
-2.1272 -3.5001
-3.5401 -6.6588
-6.7297 -5.9513
-5.7104 -6.8704
-4.8493 0.3535
-6.2814 -5.6675
-3.3700 -5.7508
1.3788 -0.7985
-7.2146 -1.5410
-6.8833 -2.8385
-6.2750 -1.6493
-6.9248 -7.5508
-6.1443 -7.5625
-1.6423 -7.3110
-1.6780 -8.6360
-1.2392 -4.9142
-5.1191 -1.5039
-6.4716 -7.9110
-6.5543 -2.1466
-3.1145 -4.2621
-3.0711 -4.7644
-8.0168 -1.7418
-2.7516 -2.4574
-1.8658 -2.3264
-5.6927 -6.6978
-2.8924 -1.6224
-4.8046 -6.6214
-2.2981 -0.4376
-0.7063 -3.9593
-2.1566 -0.6517
-7.1796 -11.0785
-7.2358 5.0200
-4.3920 -1.4277
-6.3965 -2.9206
-5.9546 -3.9940
-1.3612 -1.6897
-6.7392 -6.3027
-2.4883 -5.0802
-1.6078 -7.1333
-4.5628 -6.4282
0.4480 -7.3631
-0.8742 -2.0022
-4.1943 -7.0567
-0.5320 -3.0018
-6.2116 -5.7246
-4.0912 -2.1530
-2.6749 -1.8792
-6.5053 -4.9616
-3.5154 -3.6099
-0.6347 -6.6297
-6.4163 -3.0576
-7.4624 -1.7597
0.7944 -0.2179
-7.2019 -1.6613
-7.0810 -9.2910
-2.3219 -6.1999
-5.7083 -2.0523
-3.2082 -6.9532
-11.2278 -2.4691
-1.6807 -3.3248
-7.0785 -6.7626
-6.7139 2.6034
-5.9837 -7.2686
-7.1065 -0.8701
-2.9357 -5.9369
-1.4074 -6.3363
-7.7293 -8.6895
-6.9881 -7.1015
0.5848 -1.2102
-6.0141 -1.2270
-5.9481 2.5220
-6.6246 -7.0156
-5.4562 -2.9249
-1.6561 -2.3118
-4.9960 -0.9641
-7.5754 -3.1003
-2.7760 -7.3093
-7.5700 -2.7247
-7.1716 -7.1172
-2.9537 0.5019
-2.1428 1.3055
-0.0982 -0.9072
-3.8490 1.5453
-6.4064 -2.0111
-6.5855 -5.1062
-2.1812 -6.5181
-2.8172 -1.8367
-1.7953 -1.3203
-6.0437 -2.8352
-6.8907 -9.0525
0.0078 -6.1678
-8.6236 -7.0037
-7.8775 -7.9567
-4.2049 -0.6654
-7.4995 -5.0689
-0.3368 1.1585
-7.5022 -6.3176
-0.2019 -6.5308
0.0284 -1.6918
-4.9190 -5.9509
-2.4720 -1.5964
-0.2464 -8.7398
-4.0927 -5.8260
4.1205 -8.4452
-5.7295 -0.8734
1.3711 -0.4583
-2.8500 -5.9121
0.7230 -0.3482
-1.1506 -6.3178
-14.2464 1.7312
-9.4345 -3.9244
-6.1058 -0.6012
-2.1043 -5.7556
0.7218 0.2751
-3.4599 -0.7506
-1.1370 -3.6864
0.0084 -3.0424
-1.0239 2.0657
-0.4740 1.5123
-1.2616 -0.5312
-2.9472 -1.1704
-4.4524 -0.7909
-2.1104 -3.0538
-1.4770 -4.1558
0.7061 3.6506
-1.9377 -3.4911
-0.7439 -0.4705
0.5194 -5.9389
0.2461 -4.1254
-3.0655 -7.0952
1.7953 -0.6229
-0.6995 -2.7786
-6.9675 0.5115
-3.3003 -2.7023
-4.8014 -6.3614
-1.4420 1.7053
0.1499 -0.9617
-2.1412 -0.9877
-0.1653 -6.7142
-8.9964 -1.9581
0.0313 -1.2770
-1.1102 -4.3652
-0.5341 1.8528
-1.5952 3.5871
2.6986 -5.1909
-3.0588 -0.3603
0.8635 0.5597
0.3284 -0.5472
-7.0447 -2.0943
-5.3288 -1.3779
-2.3160 -2.0172
0.0206 -0.7303
-6.7373 -0.0290
-3.2776 -1.2465
-0.1122 -5.2723
-3.3174 -3.4196
-9.2423 -1.8932
1.3852 -2.7806
-8.9410 1.7774
-6.5139 -5.9740
-4.7607 -0.9229
-5.1683 -5.5030
-0.0994 -2.6056
-6.1320 0.3821
-1.3293 1.8366
-4.1678 -0.1430
-0.5544 -0.1433
-0.5738 -3.5551
-0.6306 0.8645
-3.2703 -2.5826
0.2802 -0.4188
-8.6529 -1.3460
-0.2930 0.7472
-0.8300 -1.6072
-0.4219 0.0453
-1.1444 -1.9425
-2.7383 -1.1507
-12.3957 -0.4858
-0.1010 -1.3063
-1.2045 -0.3205
0.7095 -0.9350
-0.5716 -4.0236
-0.8894 -4.5433
-3.0766 -0.8903
-0.5791 1.3106
-5.7462 -1.0146
-4.3601 1.5125
-2.9509 -0.3547
-4.6719 -1.4777
-1.1845 -3.4807
-3.7019 -1.7161
-0.2562 -0.0971
-1.8428 -5.7733
-3.7226 -0.0931
-2.4761 -7.3459
-1.0372 -2.1244
-4.6840 -0.9777
-0.5266 -4.5262
2.3501 -1.3364
-2.0785 -4.4841
-1.2343 -1.1751
2.4976 -2.6707
-2.3465 2.2893
-3.1617 -3.4590
-7.5733 -2.0689
-0.4930 -0.7423
-0.5654 -3.6522
-1.0799 -1.9206
-4.5405 -1.9440
-0.5896 -4.5873
-7.9072 -0.2679
-7.9358 -1.5665
-0.3488 -3.2801
-1.9382 0.2651
-1.0363 -1.8317
-0.7662 -1.0889
-9.5670 -4.0967
0.9616 0.5585
-2.0668 -5.0766
0.8840 -0.3347
-1.2493 -6.2872
-0.9446 -1.4494
-2.0188 -1.4093
0.0724 -0.8881
-0.2245 -2.5488
-1.6430 -1.2894
-1.0615 4.2691
-2.0421 -7.7172
-3.8437 -0.4616
-5.4369 -10.6579
-1.2455 -0.5991
-1.5329 -2.2424
0.1604 -0.8750
-1.1271 -3.7102
-1.9006 -0.9595
-12.0440 -0.0582
-6.5698 -6.1077
-1.6155 -1.6147
-4.2410 -0.5260
-0.3612 -0.8227
-5.0656 -9.6073
-2.2695 -0.1424
0.5472 -0.0410
0.1093 -5.3173
-4.4690 -2.3158
-1.4119 -4.5703
-0.5604 -4.0692
-0.1954 0.0213
-1.9412 -4.4617
-0.4860 -1.2064
-0.3782 2.3515
-0.3725 0.1905
0.0735 -7.3556
-4.2909 -3.3982
-1.1569 -1.9749
2.4380 0.5010
1.8165 -2.1266
-1.8279 -3.5000
-4.2512 -0.5453
-0.3416 -3.4318
0.4875 1.4475
1.2002 -2.8197
-0.7433 -10.8453
-1.6669 -4.2315
-6.8807 -6.8016
-0.3647 -0.4471
1.4003 -5.8087
0.2039 -1.0513
-4.2739 -0.2826
-1.8335 0.5669
-6.4915 -0.9684
-0.4315 -3.4528
-3.5241 0.0367
1.3256 -10.1986
-0.1330 -3.6700
-5.7530 -5.9167
-0.0781 1.0063
1.1933 0.2357
-0.0110 -0.8549
-6.6980 -0.6242
-0.1528 -7.2980
-1.3113 -0.7125
1.1720 -0.1536
-0.0468 -1.4043
-7.0523 -0.7343
-0.8907 0.1010
0.1805 -3.2889
1.2864 3.4212
-3.3393 -3.8195
0.1901 -1.7055
-6.7757 1.0073
-0.7803 0.0772
-3.2219 -2.1889
-1.9577 -0.1630
1.6101 0.0764
-0.5335 -1.0554
-0.2956 -1.7615
-1.3125 -3.2154
0.2896 -1.6378
1.9231 -3.6494
0.1408 -1.7421
0.5463 1.1866
2.6844 -0.4406
-5.8799 -4.8459
-7.4182 -2.3695
-8.4150 -1.5877
-4.6953 -7.8681
-0.6834 -3.0870
-1.4054 -1.5892
4.4660 -0.2376
-8.3588 1.4777
-1.9744 -4.5973
-0.2065 -0.3379
-3.2912 -1.1147
-0.6546 -0.7892
-5.5701 -0.5635
-1.0924 -0.3132
-2.3174 -0.4315
-0.8244 -0.5841
0.2632 -0.1808
2.4860 -3.2136
1.0805 0.0860
-0.2838 0.1295
0.8021 -2.2334
-2.9818 -6.8337
-0.8928 -0.2455
-2.5676 -8.4074
-2.7274 0.0007
-3.4040 -1.3537
-0.4414 -0.1453
-0.1267 -7.1476
-1.2177 -4.1650
-1.2030 -0.7523
1.4959 1.0975
-3.1421 -1.6349
-0.1971 -2.7521
-0.4072 -0.0493
-5.3118 -5.5294
-2.7590 3.2831
-0.4001 -6.1116
-0.9099 -2.4126
0.6587 0.7086
-2.0155 -1.1174
-1.0200 0.5541
-0.9430 -0.0469
-0.2150 -2.8572
-3.9383 -0.3222
-0.9673 -2.9795
-4.3761 2.7813
2.5388 -0.0902
-0.6100 -0.7372
1.2551 -3.3831
-1.6046 -0.8485
-0.4673 0.2726
-0.6099 -1.2353
1.4688 -4.2961
-6.2627 3.1908
2.0805 -0.5356
-4.8054 0.5138
-0.0270 0.5116
1.4426 -4.9120
-0.9362 -5.3440
0.0137 1.4134
-0.3295 -4.0184
-2.7877 -9.2321
1.2770 -1.3364
-0.0473 -0.4875
-4.5937 -2.8994
-5.0929 -4.2967
-1.8062 -2.9598
-1.0065 -2.1420
-4.9319 0.1329
-8.2513 -1.5699
-0.7876 -1.1327
-0.8975 -0.9956
-5.3161 -2.0994
-2.0079 0.0802
-4.5131 -7.0568
-8.1641 -2.3367
-3.1473 1.5643
-0.4436 0.7583
0.7885 -5.3009
-3.0042 -3.1300
-7.6896 -0.8467
-10.8196 -8.6435
2.7903 -1.2890
-7.5802 -3.5688
-0.2272 -3.1223
-1.6927 -0.6524
2.8954 -4.9058
-0.4686 -4.0323
-0.5909 -2.1471
-2.2788 -2.4849
-6.0974 1.1627
2.6638 -1.4555
-1.9279 -0.5708
-2.4010 0.8831
-3.2292 -2.5352
-1.1713 0.4786
-2.4065 -2.7722
-5.4884 -2.3511
-1.2262 -6.5836
-4.8332 -7.7655
-3.7410 -5.6274
-6.5895 -2.6758
-1.4774 -1.0257
-0.7778 2.5529
-5.3038 -5.0644
-3.7238 -2.1280
-0.1949 -8.8461
-0.2364 -1.0902
-2.1301 -0.4382
-0.4309 -7.6830
-3.6583 -1.7826
-1.1463 -6.7351
-0.9633 -0.6743
-1.4408 -0.8685
4.2910 0.1819
-5.2198 -0.8932
-0.8985 -0.6315
-6.7219 -1.0304
-3.0772 -5.3398
-1.3091 0.6485
0.1593 0.7100
-0.2979 -4.1040
-5.0718 -0.8060
-0.9377 0.1323
-3.2518 0.3252
-0.0345 -0.3645
-2.8029 -0.2785
-4.4995 -0.4633
-3.3199 -0.7664
-1.1879 -0.8868
1.7040 -1.1018
-2.1387 0.8399
-2.4538 -0.7108
1.4989 -0.8724
-5.6766 0.8357
-7.0247 -1.7135
-2.0943 -6.2089
0.2942 -2.3349
0.8222 -2.6067
-2.7389 -0.9705
-9.8092 -6.0135
-5.9176 -4.8906
-2.8342 1.4256
-0.7006 -1.0630
-1.9273 -3.4769
-1.5863 -2.9841
-0.5442 -8.1090
-5.2323 -3.5750
-3.7865 -6.5450
-3.2614 0.7037
-2.0966 -4.2760
-4.1455 -0.3863
-1.7844 -3.9476
-7.4272 -0.2533
-0.9398 -0.4533
-0.2947 -1.7032
1.5236 -7.5530
-1.0476 -5.5510
-1.7486 -2.5607
-3.2796 -1.1348
-6.1796 -3.3379
1.4373 -0.8175
-2.2905 -2.1212
-4.4204 -2.1863
-1.6899 -0.0844
-3.0139 -6.6715
-0.4877 -1.2698
-1.3650 -0.0986
-0.9836 1.4941
-0.9600 3.5735
2.1700 -0.6047
-0.2425 -1.1587
2.5253 -1.1061
-1.8128 -1.8126
3.4193 -3.5300
-2.9944 -0.1156
-3.1855 -4.3399
-0.7071 1.8959
-4.4720 -9.7741
-5.7598 -0.3604
0.4730 1.3501
-0.6593 0.5492
-4.4910 -6.3593
-3.2381 -3.0162
-0.2859 -0.4611
-2.7550 -0.4712
-3.5832 1.5246
-3.1301 -1.9515
-1.1213 -0.9861
-4.7345 -1.9736
-1.0436 -0.5945
-4.1085 -0.5508
-9.8676 -4.0136
-2.2705 -2.1701
-1.4336 -8.5411
2.1962 -0.7253
-5.7252 -2.1227
-4.0782 -2.2414
-1.1586 -2.6108
-7.6341 5.1154
-5.0186 -0.6732
-0.3785 -0.1965
0.1432 -2.9779
0.1846 -2.2366
0.0941 -2.1184
-6.8095 -0.7055
-1.7482 -2.2757
-4.3396 -1.2542
0.4638 -2.2778
-0.1654 -9.3205
-5.9411 -2.6489
-4.6239 -1.7631
-0.3430 0.9014
-0.6775 -0.5979
-0.1284 -0.9625
-3.1072 -1.2119
-1.8914 -3.6384
-2.5772 -4.5185
-0.2153 4.1644
-2.5822 1.6723
-0.5972 0.0037
0.1651 1.6637
-1.0058 1.7408
-0.9240 -3.3631
-2.3018 -0.4691
1.5728 -1.9896
0.3948 -1.1991
0.5130 -2.4229
-3.7555 -2.2897
2.2855 -0.6950
0.5831 -6.6941
0.8700 -1.3021
-5.3476 -0.7460
-0.0606 0.1558
-3.5459 1.4360
0.4234 -4.4527
-2.8697 -3.7099
-1.4449 -0.0636
-8.7510 -1.1796
-1.5326 -1.5879
-2.6741 -0.2354
-2.4569 -0.2663
-1.0182 -11.0198
-1.4648 1.2669
-0.8378 -0.6900
-0.3764 -1.2144
-6.0973 -0.7556
-2.0499 -1.9585
-1.9752 -0.9713
-3.4888 -0.8128
-1.4827 0.6670
-0.4771 -9.6864
-0.6578 0.1424
-3.9648 -5.5511
-2.4269 -4.1001
-3.6487 -5.7155
-7.6613 -5.5348
-0.7216 -1.5259
1.6922 0.6159
-1.0880 -2.1010
-0.8298 0.5815
-2.4616 -7.9268
-3.2945 -4.8813
-0.0340 -5.7684
0.1629 -2.5225
1.7373 -1.6473
-0.6186 0.1453
-0.8499 -1.1956
-6.4582 2.4101
-2.0426 0.1768
-3.0026 -3.8635
-1.2976 -0.2285
-4.2985 -2.4281
-0.3320 -1.5540
-0.5969 -1.8282
-0.5801 -0.2962
0.2313 -4.0144
1.3656 -2.3730
-2.8797 0.0648
-1.3283 2.0609
-4.6140 -0.5748
-0.5962 -0.5764
0.4943 -1.3958
-4.1985 -2.3120
-3.3206 1.1904
-2.5646 -4.5797
-4.7081 -1.6804
-0.3854 3.7875
-4.8355 -0.4932
2.5516 -5.7207
-3.9782 -0.6381
-0.1333 -7.8475
-0.3481 2.9839
-0.4651 -0.5035
-2.5920 -0.2077
0.0899 -1.2266
-4.9432 -0.5304
-8.2392 -0.5862
-3.1693 -6.2412
-2.3551 -4.4104
-3.8741 -0.6094
1.8241 -5.5430
-0.4972 -1.1791
0.1435 -1.3776
-5.4128 -2.7695
-10.6589 -0.3565
-6.5878 -9.5012
-0.5225 -0.0718
-6.1121 -2.4359
-5.4217 -0.5950
-0.8407 1.3933
-8.4847 2.4033
1.6366 -0.0329
-1.2506 0.4326
-3.4931 -2.2579
2.2002 -0.7672
-4.4942 -3.8492
-1.4205 -2.8144
-1.8678 -6.0874
2.2870 -6.6520
-0.7835 -5.2189
-0.9250 0.9904
-0.2283 -1.9351
1.2820 -1.8615
-0.3193 0.6724
0.2315 -3.4804
-6.2753 -0.3410
1.3136 -0.0181
-1.4564 0.3122
-4.7669 1.3313
-0.3973 -5.3479
0.7584 -2.9161
-2.7127 -6.8372
2.6822 1.1019
-0.8536 -0.0168
-0.0600 0.9631
-3.3248 -1.1729
-1.1907 -0.1642
-0.6871 2.8480
2.1863 -0.1684
-2.0524 -1.2935
-0.8450 -0.4988
-2.3987 -9.1967
3.0509 5.2719
-8.7657 -3.4455
-5.2745 -10.1448
-0.7978 2.7977
-2.9963 -2.6204
-0.8353 -0.6831
-0.2954 -2.6839
-0.5097 -0.7755
3.9525 -2.8814
-3.1568 0.1475
-4.1418 1.6439
0.3499 -0.4578
6.6143 0.9276
-2.7672 -5.7927
-6.3235 0.5070
0.2460 -0.4953
-3.4393 -0.7787
-4.5451 -1.4546
-10.3006 -0.9236
-0.9522 -2.0302
-0.6227 -7.7825
-1.9997 -0.6020
-0.1340 -1.0428
-0.9465 -3.0477
-6.9026 0.5009
-0.5952 -1.0010
-2.5009 -0.9219
-1.3683 -1.8575
-4.1928 -0.8840
0.1078 -7.5158
-3.0963 -4.9173
-2.1874 -1.3897
-3.8781 -0.7014
-3.0310 -3.3327
-0.8283 -2.6189
-4.0445 -0.5886
0.4070 -9.4431
-5.1705 1.0421
-4.0231 -0.5801
-3.9971 -1.6950
-2.5364 -2.6038
-0.8708 -0.7271
-1.4102 -1.6557
-2.3625 -3.0964
0.4345 -4.0497
3.5141 1.0736
-3.8329 -0.4373
-0.5712 -3.9001
-0.3367 -3.7718
-1.5429 -1.9028
-2.0108 -0.6217
3.3047 -0.4261
-2.8040 0.4793
-2.2140 -1.3115
-3.6806 -2.5012
-1.5129 -6.0352
0.5321 -0.8278
-5.5630 -2.5361
-3.0019 -3.8661
-0.5922 -2.1237
0.0563 2.0805
-0.4043 -6.4720
-5.3873 -3.4861
-1.8781 -0.7126
-0.4865 -6.8984
0.4570 -8.8746
2.5796 -0.2810
-0.4227 -2.8595
-0.8286 -2.4975
0.6540 1.9659
-2.2072 -0.8724
-3.3648 4.3177
-1.2770 2.8535
-0.0435 -1.2097
-0.5882 -1.6949
1.4843 -9.6511
-0.6868 -4.0132
-0.6949 0.0968
-7.0799 0.3926
-0.7025 0.5978
-0.8146 -0.9400
-0.6098 -4.0153
1.3865 -0.6897
-0.2286 -2.0817
4.0345 -2.5967
-3.5492 1.3527
0.0528 -6.5234
-3.1704 -5.2008
-0.8394 -0.7188
-6.6909 -0.6203
0.3351 -1.8233
-4.4584 -6.0193
-4.0730 -2.9288
-0.0338 -0.0333
-1.6364 0.9895
-4.2658 -0.6199
-2.3245 0.3589
0.1821 0.4084
1.3687 0.9821
-0.0181 -11.3625
0.1673 -7.0239
0.3589 -1.7490
-1.6691 0.7018
-5.3489 -0.4235
-1.1385 -1.9311
2.5904 -2.7271
-1.3859 -2.1561
-3.0676 -1.9792
-0.8815 -2.3872
-0.8505 0.1612
-0.6487 0.6329
0.9308 -7.9042
-0.2648 -10.3891
-0.5705 1.0684
-1.2076 -2.4621
-3.1586 -6.4924
-1.3382 -4.5538
-3.4159 -0.2342
-1.1736 -0.8196
-1.1997 2.5212
-2.4468 -1.6744
-1.8607 -0.6126
-0.5431 -5.5692
-4.7881 -6.8573
1.4647 1.7589
4.1371 -10.1465
-4.8382 1.1791
-5.3572 -10.6979
2.5256 -2.2934
0.7355 -3.0364
-2.7093 0.2593
-5.2863 -3.3878
0.6070 -4.4686
1.5871 -1.2755
-2.5030 -2.5396
-0.7424 -8.9114
-1.2434 -0.3982
-0.5775 -1.4403
-0.4739 -0.9589
-1.6489 -1.6942
-11.1610 0.4452
-1.9084 -0.4606
-1.7969 -0.1857
-0.1572 0.5833
-0.9474 -0.1964
-2.1888 -0.1310
-2.2472 1.0589
-3.9240 -5.2483
2.9528 2.2879
-6.8230 -4.5027
-0.4561 -3.1315
-0.0755 -3.2435
1.7890 -2.7707
-5.8805 0.9298
1.5521 -2.0983
-0.7963 -3.2264
1.6154 -3.3599
-5.8653 -0.2283
-0.4156 -0.1623
0.8972 -3.9634
-0.2243 -2.2903
-5.7744 1.5982
-4.1851 7.3022
-4.2551 -2.5527
2.4411 0.0481
0.4518 -0.8333
-0.4564 -0.5312
-7.2552 -4.6932
-1.8601 -6.0314
-0.3834 -7.1921
-1.5224 0.2941
-3.1828 -0.6455
-0.3216 -1.0361
-0.5627 -0.6003
-3.1580 -2.6628
-1.6479 0.3285
1.1341 -9.2343
-1.6392 -4.4636
-0.3478 -0.1460
-2.6966 -1.9963
-0.8642 -9.9094
-3.9810 0.4025
-2.5117 -3.5757
-10.6724 -2.5186
-0.8821 -1.1501
-0.5285 2.1042
-1.2025 -2.6408
1.5584 -2.4787
-3.9022 -9.5328
-1.8702 -2.0770
-1.6617 -5.2970
3.4404 2.3796
0.6880 -7.8066
-2.3565 -0.6831
1.4461 -1.1436
-0.6656 1.2062
-2.7778 -2.8793
-0.0615 -0.4208
-2.1530 -0.4978
-3.4467 -0.2657
0.0331 -2.3717
-2.4159 -2.2107
-4.9138 -0.8030
-7.7011 -1.1746
-5.4679 -1.6646
-0.5162 -0.9904
-9.8447 -1.5368
-0.2030 -2.8267
2.2281 -1.6519
-7.5602 -0.7972
-6.3319 0.0034
-0.0495 -0.9618
-0.0931 2.1649
0.4197 -6.5853
0.2118 0.5040
-0.1229 -1.0079
0.4180 -0.4650
-2.5244 -3.2345
-11.1965 -1.2324
-2.2592 -2.9840
-0.4771 -0.9782
-3.0357 0.0747
-6.1776 -2.1145
-4.0263 -3.5630
0.7852 -2.9325
-1.3214 -5.4590
0.0409 -3.1574
-0.3571 -0.5204
-3.1928 -0.5018
-4.4288 -4.9234
0.0148 1.5885
-6.3139 -4.0056
-0.4236 2.2340
0.9007 -0.6641
-0.5567 2.2752
-2.4173 -1.2585
0.5446 -5.6519
-0.0954 -3.0440
-2.1529 -1.2696
-5.3689 -4.4846
-1.3589 -0.7178
-3.7968 -2.5451
-0.8566 0.2230
-3.0794 0.4667
0.5213 -0.6213
1.1719 -0.9719
-11.0062 -6.4263
-2.6683 -0.4922
0.2894 -0.6265
-5.2884 -1.1293
-0.6965 -6.2301
-1.6786 -3.2658
-2.8923 -4.3567
-0.7625 -4.7605
-0.5475 -1.1449
-0.2085 -0.0628
0.4722 -4.2317
2.6361 -0.8124
-0.0568 -4.4364
-1.6929 -1.9897
-4.8275 -0.4136
-2.2895 -3.6331
0.1167 4.0427
-0.5205 -4.5236
-0.9671 0.7436
-0.8238 -4.4779
-2.0128 -1.5142
-0.2376 -6.1343
0.5334 -0.7526
-0.6208 -0.3031
-7.4670 -3.4906
-3.4901 1.8179
-2.2092 -6.4877
-2.6303 -2.2826
-4.3664 -3.4560
-0.4915 -1.8212
-6.0222 -2.4382
-1.1609 0.1536
-0.4293 1.1689
-0.3348 1.9726
-6.2665 0.3019
-3.8883 0.0432
-2.9149 -3.5188
-3.5228 -8.0751
2.0294 -0.2655
-0.1493 -0.5201
0.8684 0.6466
-0.7573 1.2285
-0.9202 -3.0690
0.1360 -2.8823
0.2536 2.0371
-4.8624 -0.3361
2.6372 2.9351
1.1809 0.4257
0.9198 -1.4743
0.4033 -8.1884
-1.6018 -6.2668
0.9096 -1.0274
3.6899 2.2065
-0.8783 -0.6334
0.7029 -1.1346
-4.4164 -3.4433
-4.0902 -2.9946
2.4606 -1.5804
-1.7697 -0.7779
-0.8794 -1.0587
-9.2786 -0.8994
-1.0914 -0.6259
-2.3616 -1.5391
-2.1136 -4.1981
-1.5854 0.5380
-1.0394 1.2952
-0.2993 -0.5275
1.2028 -0.9767
-0.1421 -2.3176
-1.3805 -5.0166
-1.4445 -0.3653
-0.3235 -5.3512
-0.0883 -6.6109
-3.4967 -3.3567
2.4008 -1.9551
-0.1427 -1.2587
-1.8172 0.4701
-1.0447 -6.1143
-1.3659 -1.3680
-4.9679 7.0422
-4.4566 -7.3925
-1.5965 1.1825
-4.9170 -0.5329
-0.7002 2.1089
-1.2103 -2.1259
-2.2903 -0.3666
-0.4609 -2.2807
-1.6338 -5.9841
-1.3025 1.2558
-0.2436 -9.8331
-0.5931 -6.1508
-0.2815 -3.4845
-2.5481 -1.2403
-2.1369 -0.5359
0.6504 -2.5375
-1.8682 -0.9544
-3.2212 -4.2685
-1.8250 -2.7826
-0.9654 -0.4437
-2.0383 -2.1533
-2.4652 -4.4213
-5.1939 -1.2283
1.0652 -1.7854
-5.3092 -3.3250
-0.5073 1.9007
3.6494 2.0341
-1.7215 -0.7739
0.9249 -6.2485
-1.7014 -9.6533
-2.7930 -2.4869
2.7119 -0.9286
-2.9088 -2.7122
-0.1202 0.0906
0.7448 -4.9783
-2.7045 0.7669
0.3555 -11.6292
-2.4253 -2.5589
-5.7936 -3.4366
-3.0795 0.7542
-1.1958 -0.4218
1.1555 -2.4815
-0.0428 0.1111
-2.2762 -3.2328
1.5970 0.1678
-2.2676 -1.9810
1.5429 -2.0334
-4.7643 -2.1506
-5.3388 -3.3459
-0.4042 1.1599
-2.6392 -3.8517
5.1049 -1.3699
-2.9313 -0.3210
-0.6912 -2.2396
-6.5303 -0.4940
-9.6588 -0.9252
-1.9645 -7.3398
-1.4625 2.0888
-0.8325 -7.0198
-0.9430 0.1454
-2.4776 1.1532
-7.8774 1.0889
-0.2906 -3.3946
-5.2482 2.7615
-1.1847 1.0411
-1.6268 0.1110
-1.2742 -5.1746
-3.2547 -0.2963
0.5672 0.6308
-1.6115 0.0063
-1.0924 -0.6171
1.6072 -1.4922
-0.9751 -0.8336
-4.9540 -0.2350
-3.5149 -0.3325
-1.5778 -0.7128
-0.7435 -0.6650
-2.8124 -0.5691
-3.2868 -0.3974
2.0228 -1.0272
-1.7678 -0.6085
-0.7467 -4.6530
-0.7607 0.7361
-1.4500 -1.2166
-2.1825 -1.3054
-0.1770 -0.0086
-4.9992 -2.4875
-2.1688 3.1334
-0.6132 -1.0820
-0.6071 -1.2305
-3.1449 -3.9389
2.3787 -0.5315
-0.8854 -1.3951
-1.1016 -3.8305
-3.6023 1.1088
-0.4285 -0.5546
-0.6221 1.4719
-6.8564 -0.0931
3.5881 -8.4090
-0.5173 -5.0667
0.1385 0.9966
-0.9694 3.2497
1.7140 -5.5502
-4.0487 -0.6864
-3.9998 -0.8775
-1.5795 -0.4285
-0.1208 -0.9943
-2.3502 -2.2681
-0.7062 -9.5491
-0.7876 -3.4742
-2.1850 -1.6236
-3.3767 -5.0563
-4.9699 -1.9212
-1.0555 -3.1263
0.1272 -0.7084
-5.7374 -3.2122
-1.6210 -2.0851
1.7094 0.1141
-4.6186 -0.7925
-9.4524 -0.4846
-2.9762 -4.2893
0.2102 -9.1533
-2.4782 -0.6535
-3.0937 -4.9145
-1.0897 1.5966
-9.0435 -1.1343
-2.8162 -1.4964
-5.1015 -2.9256
-3.9675 -0.3973
-1.2654 -7.0943
-13.3548 -0.7081
7.4137 -0.5943
-0.7964 -5.0343
-0.8853 -1.8690
-3.7276 -0.9815
-3.5874 -8.0289
1.1396 -2.0087
-11.0056 -1.2779
-2.0098 -10.9267
-1.9110 -3.9112
-0.0319 -8.4594
-2.7415 -0.3526
-0.9630 -2.5076
-3.3827 1.5774
-6.1698 -5.1674
-5.9199 -2.4138
-2.3343 -4.5130
-2.1708 -2.6306
-3.2619 -3.8785
-0.8385 -4.0242
-3.5310 -1.9941
-6.8714 -7.0554
-3.1764 -3.8079
-8.6543 -5.0171
-0.7709 -0.6002
-4.0947 0.9541
-6.3598 1.6915
-1.6911 -0.8971
-1.3004 -1.0935
0.4298 -2.4689
-7.5754 0.3269
-1.3586 0.4874
0.7208 3.7334
-4.6045 -5.9913
-0.3664 0.1646
-1.0708 1.2841
-2.4489 -2.9414
-1.4472 0.2012
-1.4506 -3.0804
-2.6825 -2.1624
-1.1104 -0.3557
-5.1543 -0.1872
-5.5273 -0.4157
-6.6850 -1.7997
-9.2019 -2.6489
-3.4386 -2.9640
-1.8932 -6.2121
-1.4470 -0.0879
-2.8760 -4.3447
-0.2977 0.9353
0.8485 -0.4154
-4.0447 -0.1549
-0.9256 -0.7626
-2.5173 -0.3628
-5.1045 0.1587
3.6995 -0.8535
-5.7562 -7.0344
1.0111 -3.3192
-1.0192 -3.1672
1.3805 -7.4567
-0.5635 1.5953
-3.6509 -2.1813
-0.0278 1.5888
0.6864 -2.6935
0.0996 -4.7148
-3.4240 0.0065
-7.2826 -0.5567
2.4004 1.2170
-1.6733 -0.9469
-2.3374 1.1548
-1.0773 -6.5689
-5.1907 -0.6520
-1.5014 -0.4220
-10.1822 0.1318
-1.9210 -5.3253
2.4817 -3.6728
-0.2266 -0.5546
-0.6500 -8.2660
1.5802 -0.8495
-1.4834 4.6597
0.7656 -5.0686
2.5682 -0.4771
2.3295 -3.4580
0.9488 -0.9211
-6.5276 -5.5564
-4.4148 -0.8450
0.3522 -4.0552
1.0967 -8.8210
-6.2409 -0.5939
-5.3439 -0.8338
-7.7455 -0.7680
-1.0980 0.0735
-3.7878 -2.1781
-0.5904 -0.7814
-8.9997 0.8516
-1.5317 -1.6261
-2.2849 -1.5680
-9.8958 -0.6269
2.4381 -0.5980
0.9753 -0.4223
0.4390 -3.1690
-8.4310 0.6180
-1.6763 -2.2053
-0.2969 -1.9478
-5.5070 0.2667
-2.4198 0.1071
-0.8676 -0.6006
0.0591 2.8937
4.2957 -6.3554
-0.5724 1.8026
-1.3055 -0.9393
-0.7728 0.1996
-0.1033 -2.1559
-0.5610 -2.3594
-0.2495 -2.0656
-0.2139 -7.0313
-2.2794 -0.8363
1.0131 -1.4731
-1.9529 -5.7652
1.2249 -1.5492
-5.7670 -0.3171
-2.7848 2.5555
-1.5255 -0.4475
-1.5883 -3.9888
-1.4685 -3.8963
-0.7768 2.2211
-0.4967 -7.4039
-9.8079 -0.7364
1.1374 -2.5122
-0.6749 -0.1948
-1.2694 -0.2154
-1.8932 0.1109
-0.8025 -0.4296
-0.8625 0.8932
-5.8166 -0.3755
0.1098 -0.5825
-2.9091 -9.8296
-1.8739 -0.9171
-2.2496 -2.3442
-0.3852 -1.2245
-3.0047 -0.0704
-0.7910 -0.5106
-8.2255 -2.5613
0.1323 -4.3320
-0.9094 0.6397
-1.0654 -0.5463
-0.9962 -2.7565
-6.5457 -3.0016
-3.7226 0.5092
-0.7914 -0.3409
-1.2712 0.1366
-4.5317 -0.0451
-7.6743 4.4814
-0.6856 -5.5634
2.7278 0.3850
-4.1872 -6.8454
-1.1473 -0.2899
-1.2046 -0.9274
-0.9757 -0.4701
-0.2989 -7.4610
-5.9690 0.0303
-1.9196 -2.2436
-2.8687 -7.2184
-1.0200 -0.9485
-3.6761 -1.1999
-1.3899 1.1874
1.8937 -0.5824
0.8136 2.3161
-1.7989 -0.7237
0.1241 -2.6126
-6.1822 -4.7302
-4.2398 -7.7511
-8.6494 -1.4877
0.8315 0.0214
0.6456 -0.3049
-3.1913 -0.6854
-3.9834 -0.5910
-2.6458 0.1382
-0.4954 -1.3922
3.5146 0.7982
-2.3663 -1.0256
-1.2849 -0.9426
-12.6827 -0.8850
-1.1973 -0.4005
-4.3595 -4.6824
5.8496 -0.5789
-1.9644 -5.5256
-11.4026 -4.6625
-0.5353 1.2501
-0.7720 -7.8038
0.1263 2.4479
-0.6265 -7.3217
-0.7907 -3.8199
-8.2591 0.1289
-1.1431 -8.5587
-5.5178 -0.8441
-4.7544 -6.9617
-1.9949 -0.3843
-6.3552 -3.5591
0.7212 6.4927
-1.5352 -0.2103
-1.1194 -6.0162
-0.1664 -0.0182
-4.7040 -3.4887
-0.7347 -4.3906
0.1531 -4.3144
-3.2637 -4.5456
-4.9782 1.2425
-0.3096 0.3527
-1.6020 2.3247
-1.9507 -0.6340
-1.0011 -0.0641
-2.9983 -0.0850
-0.4969 -5.7080
-1.2703 -7.3629
-1.1617 -1.4219
-0.2588 -2.0693
-0.2429 -0.1450
-1.4864 -0.2392
-0.6231 -0.8222
-0.2618 0.0163
0.4860 -1.4320
-6.4369 -1.9312
-4.8892 -3.5225
-2.3489 0.0499
1.3439 -0.6917
-2.3833 -0.2950
-7.2093 0.7663
-0.7297 1.5613
-3.4660 -5.4668
-1.7285 1.0977
-0.7742 -8.9922
-3.0100 0.2655
-1.4950 -1.1500
-5.6403 -4.0669
-6.0380 -3.3256
-2.7237 -1.7960
-5.6331 -3.0135
-0.9472 -1.1668
-0.2307 -0.8887
-4.6173 -0.5141
-5.7809 -4.8487
-0.5826 -0.4629
-5.0439 -5.0774
-4.0130 -1.6252
0.2542 -0.8376
0.6312 -0.4299
-2.6539 -1.7260
-7.8902 -1.0902
-0.8281 -5.0313
-1.4104 3.5967
0.0087 2.6892
-1.7744 -0.3675
-1.4369 -1.2732
-5.8621 1.3132
-0.5617 -2.7322
-0.1244 -0.4748
-3.1246 -1.9304
2.3804 -2.9656
2.4096 0.4208
2.7474 -2.2974
-0.8309 0.9698
-1.0861 4.8936
0.5714 1.9931
-3.6504 -0.4035
-1.7718 -2.4065
-0.6013 0.3671
0.2590 -2.6768
-3.0793 -0.2696
-0.9990 -6.6995
3.0105 0.2185
-1.9672 -0.0834
-1.5201 -6.1963
-4.6415 -8.1786
-1.1288 -0.6138
-0.8329 -0.3786
-3.2164 -2.0445
-0.7368 -1.4478
-0.3360 -2.1927
1.3062 0.0404
-4.1582 -2.9429
-0.3110 -1.1417
-2.6596 -5.5016
2.0574 -2.2901
2.0464 -2.8417
-1.1783 0.0882
5.8238 0.4070
-2.6898 -1.0186
-4.1488 -2.6933
-0.7556 -1.1861
-2.1822 1.5331
-1.1965 -0.4347
-1.2425 3.7355
-0.2333 -3.3861
1.8878 -3.2389
-0.1002 -0.0279
-3.6357 0.5227
-4.2748 -6.6557
-0.6777 -1.7424
-2.4744 -3.8690
-5.0045 -0.2807
1.1079 -1.8286
1.3930 -2.4823
-2.9739 -0.5572
-3.6423 -1.3536
-4.7925 -3.3951
-6.8010 -5.4014
1.4416 -0.7330
-2.0348 -0.3920
-0.9938 -1.5555
0.9948 -0.6690
0.2270 1.5785
0.2046 -4.1138
-2.6443 -1.0204
-0.6332 0.7538
-3.9562 0.0310
-4.5564 -0.7428
-2.5665 -2.9622
-0.5422 -8.1878
0.0032 -2.0273
-6.3276 1.1259
-0.5555 0.8095
-1.2974 -2.2160
-0.9509 -2.2704
-0.3245 2.4055
-2.9513 -4.9416
1.3033 0.0064
-1.0181 0.6726
-0.4738 -0.7423
-3.7088 1.4770
-0.9340 -0.6410
-0.8756 -0.3824
-0.9265 -3.3682
3.3856 -4.0315
-0.7420 -7.5175
1.0598 0.9736
-0.8952 0.3132
1.7184 -5.1793
-1.1535 -0.0802
-7.0964 -6.8457
-2.0290 -0.7102
-2.0053 -6.7270
-2.6923 -0.6011
-0.6757 -8.3854
-0.5763 -3.6169
-0.1360 0.1024
1.9260 -0.3577
-0.2113 -6.7733
-0.9615 -3.1467
-1.1330 -2.5744
-0.0905 -0.3015
1.3806 -1.3448
-3.2556 -6.9665
-2.2420 -7.4329
-0.6896 -0.8068
1.0011 0.6909
0.3038 -11.1348
-3.9477 -10.6491
-2.1626 -1.6445
-0.2617 -3.8438
-3.7922 -4.3074
-0.3386 1.2057
-0.2780 -2.4301
-5.9173 0.7779
-0.4261 -0.0340
-5.0049 -4.2704
-7.9568 -3.3052
-1.0986 -1.9283
-0.7654 0.7915
-3.4824 -0.2040
-2.4533 -2.7751
0.1194 -4.1919
-0.1391 -4.9295
-2.1875 0.0067
-0.7324 2.5787
2.9229 -0.8558
-0.4271 2.6439
0.5126 -0.6451
-1.3639 -4.7176
-4.2336 0.9442
-1.6219 -0.7013
-0.1481 -6.6196
-1.5892 -1.5989
-0.8077 -2.5292
-2.1597 -2.6275
0.2043 0.5445
0.3576 -2.1172
-1.7153 -4.5998
0.1285 -2.8405
-6.7991 -7.3440
1.7234 -2.1776
-1.7921 -0.3153
-0.7988 -3.0235
0.1394 -0.3125
-3.8042 2.4397
-0.6947 0.8555
0.2334 3.3658
2.9128 0.3729
-6.6265 -1.9381
-0.6569 0.3836
-3.8946 -2.8625
-0.2033 -9.7345
-1.5661 -2.5551
-0.0325 -3.3385
-3.0782 -0.4967
0.5174 5.4607
-0.0913 0.4597
-1.2512 -0.5875
-2.7081 0.8697
-8.7069 -3.4598
-1.2881 2.6758
0.4514 -2.3952
-5.6426 -1.1523
-1.6342 -1.2795
3.2875 1.5738
-8.0586 -0.7271
-9.6318 -2.1460
-2.8920 2.2978
-7.1371 -12.1886
-0.8273 -2.2448
-2.2420 -0.6322
-0.2825 -2.9754
-9.4913 -0.2360
-0.5597 -2.5586
-5.4936 2.3454
-9.1116 -3.0104
0.3020 -3.3227
-8.9075 -3.2023
-4.9784 2.3833
2.0518 -7.8216
-1.2364 -1.5320
-0.4496 -0.7977
-1.7698 0.0898
-2.0340 -4.2861
-0.6684 -2.0287
2.3300 -2.4287
-5.5931 -2.1496
-5.3573 0.5206
-1.7708 -1.1573
1.2759 1.2941
0.2617 -0.5884
-6.8942 1.5693
-7.8132 -0.3428
-4.6675 -0.6698
-2.0467 -5.2612
-2.2479 0.6337
-0.9214 -3.3659
-0.3914 -4.1643
-3.8742 -1.8106
-0.8519 -1.6790
-0.6444 -6.9094
-0.2455 -1.4240
-2.1749 -9.7219
-1.3721 -0.1841
-3.5977 -0.4407
-6.1125 -2.4648
-1.9617 -0.6171
-0.2279 -0.3091
0.8206 -2.7090
-8.3788 -0.5212
-0.5818 -3.7543
-4.7740 -0.0509
-0.2763 -0.1908
-5.4435 -7.6399
-2.3225 -5.5685
-0.5150 3.6581
-1.7516 -0.2278
-0.0111 -0.0419
0.7621 -0.0904
-0.7156 0.1644
-3.9063 -0.4124
0.7689 -1.7775
-0.3697 -0.8818
-1.8179 2.6771
-3.7762 -0.1760
0.3117 -7.4924
0.0014 -6.5470
-0.1585 -1.8591
2.8363 -0.6870
-7.4211 -0.9425
-0.1057 -1.1144
-2.4967 -8.1017
-1.7703 -0.0100
-4.6275 -1.1928
1.2899 -1.2477
-4.0243 -10.7364
-5.6657 -3.3191
2.0545 0.7125
-0.7634 -1.1769
-0.5832 0.3110
0.5201 -3.2329
0.3414 -1.7248
-2.4910 -2.1213
0.5040 -0.6096
-3.6175 -0.3606
-0.9500 -0.3606
-0.6422 -0.3561
-5.0691 -1.6682
0.0130 -0.1431
-1.7529 -2.4322
-0.7103 -0.1015
-0.6913 -0.3429
-2.3180 -1.1856
-5.2726 -4.9017
-2.1627 1.7632
-6.9637 0.4911
-5.9476 -4.2114
-2.4756 -7.5010
-0.7918 0.0282
-6.1519 2.2813
-0.3374 -0.5774
0.3633 -0.4266
-6.8577 -5.8827
-0.1066 1.9207
5.1173 -0.7008
-0.6704 -0.1910
-0.9004 -3.7126
-0.4885 -0.3263
-4.8969 1.5077
-1.0145 -0.4757
-4.7907 -2.8972
-1.7411 -0.6243
-6.9356 -0.3985
-2.6512 -0.4431
3.3357 -1.3741
-1.8143 -2.1656
-6.5975 0.6510
-2.4451 -0.1913
-1.1730 -2.6005
-0.7284 -2.4775
-3.7979 -3.5546
-0.8595 -3.2861
-1.1534 -3.9391
-0.6076 -3.5942
0.6027 -0.5152
-0.7031 -0.8908
-1.3984 -4.8394
-5.5135 -6.5953
-2.7584 0.6405
-0.2484 -5.8924
2.5492 -3.9167
-2.0189 -3.6554
-1.1306 -1.0344
-5.6259 -0.7219
-0.3590 0.2895
1.5080 -2.7230
-1.4248 -8.1882
-2.2250 -4.8777
-0.1229 -5.6974
-5.0477 -1.7470
-0.3348 -2.2180
-3.8448 -5.6712
-1.7767 -2.8149
-2.0015 -0.8343
0.6217 -2.5343
-1.7430 -4.9411
-9.3167 0.9592
0.9300 -4.1174
-0.2388 -0.6150
-0.9172 -1.5323
-5.6208 -0.9936
-1.2445 -0.2729
0.8406 -9.1397
-4.8506 0.4163
-2.6016 0.2319
-1.0227 -6.2270
-0.5152 1.7457
-0.4748 -3.0505
0.1420 -3.0440
-7.6539 -1.1978
-1.5679 -0.0603
-1.0483 2.5892
-1.6610 -1.5009
0.7489 -4.4453
2.5424 -0.7737
2.0582 -1.6320
-10.9265 4.6017
-0.9176 -5.8125
-3.4608 -1.2026
-0.5137 -5.3776
0.8075 -0.7928
-5.3938 -0.0749
-6.1087 -2.6151
-4.9546 -4.1446
-1.3725 -13.6024
-2.9858 -2.0713
-5.1303 -4.8755
-6.7593 -1.7466
-1.4953 -2.0829
-0.4422 -3.4567
-1.3505 0.3687
-1.2126 1.4950
-2.7552 -1.2053
-5.5155 -4.0957
3.2834 1.3514
-2.2055 -0.9745
-2.3751 -0.2633
0.6597 -1.7007
-2.9576 -4.3841
-0.2452 -3.3049
-0.2951 1.7012
-1.0262 -2.1057
-4.9393 0.5870
-6.9472 0.4465
0.7638 -0.9073
-6.5738 0.8519
-4.5397 0.9536
-0.3765 -1.1395
-7.8101 -0.7993
-2.6809 -1.3816
-0.5073 2.1189
0.6365 -1.4230
-0.7021 -0.4347
-1.4604 -7.7345
0.4679 -0.2513
-5.7473 0.8775
-2.3211 -2.4001
-0.1645 1.5333
-8.3926 -2.2385
-1.2550 -0.7052
-5.0232 -0.8002
-0.2570 -4.0044
0.9418 -0.9863
-4.0700 -5.0855
-6.1328 -7.3682
-1.9653 -3.7300
-2.2302 -10.9939
-8.8782 -2.0261
-8.1364 -0.8120
-0.6795 -1.7736
-0.4183 -10.3347
-0.0248 -3.0191
-5.2029 -10.0672
-0.0644 -0.5154
0.9634 -3.1903
-0.0444 -4.4372
-2.1072 -4.3847
-1.2205 -3.6157
-1.7222 -0.4958
-1.7182 -3.7087
-0.2019 -1.0466
-4.7409 -2.1655
-2.5931 -1.4732
-1.1585 -3.5774
-1.2726 0.0179
-0.6200 -5.2921
-1.2748 0.1609
-0.5937 0.6753
-4.0988 -4.2865
-0.2374 0.1022
-2.6696 -3.7377
-0.7072 -0.2918
-1.1879 -0.4325
2.2434 -3.7800
-1.7399 -0.1241
-2.0959 0.7992
1.2446 -4.9904
-2.6510 -0.8650
-0.3896 1.1975
-6.9841 0.0070
-0.5639 0.4878
0.8580 -2.2975
-6.5540 -2.0991
-6.1325 -2.9071
-0.4764 -3.8645
-6.5816 0.0418
-8.1153 -3.6340
0.6876 -6.3361
0.0828 2.6661
-1.2996 -0.9910
-0.9546 -1.5236
-4.8970 -3.0271
-1.1517 -3.5965
5.2283 -0.8373
-2.8829 -0.4427
-0.4272 -2.0543
-2.1522 -1.8353
1.4672 -1.0785
-0.1971 -5.9288
0.8752 -2.0323
-4.1067 -6.2528
-1.8342 -9.2905
-0.0697 -7.1662
-0.1632 -1.1375
1.0910 -0.5305
-3.2723 -3.4073
-7.1118 -2.2651
-1.0813 -0.7995
-2.2011 -1.0329
2.1346 0.0790
-9.0621 -0.0475
-3.3565 -0.3824
0.2789 -1.5541
-0.9439 -0.2363
-2.3412 -3.0752
0.3098 -0.3049
-0.7938 -8.5793
-0.5760 -0.5461
-0.3681 -4.6934
-4.9968 -0.4825
-3.3843 -2.7812
-1.7378 -6.7524
0.1346 -3.8716
-4.0388 -7.0537
-0.9827 -1.2447
-5.5837 0.0746
4.7142 -3.3273
-0.0545 -1.9251
-1.2369 -1.1555
2.2023 -3.6529
-1.6183 -3.5753
-0.7620 -5.1769
-1.2214 -4.4503
-1.5526 -0.1142
-1.3998 1.7659
-2.8266 -0.2769
-0.4767 -2.6477
5.1343 -2.5116
-0.0812 -1.2580
0.7169 -0.9261
-0.2709 -6.8560
-0.6146 -0.8817
-3.7031 -3.1705
-0.8558 -2.8420
-4.0676 -8.9467
-4.4058 -5.9784
-1.1523 -1.7456
-0.8594 -0.3736
-0.3697 -12.6504
-3.7577 -2.4041
-8.9280 -4.2020
-0.2321 -0.8526
-2.0091 0.8226
-3.5820 -3.8496
-0.9555 0.1533
-5.8898 -2.8304
-0.4140 0.0589
-3.2764 1.1811
-1.4776 -2.2135
-0.9706 0.6399
-0.1262 -4.1022
-7.5338 0.1365
-7.8593 -1.5230
-0.4274 -0.7720
-1.5829 -3.9712
-2.9516 -0.4394
-7.7978 -4.8941
-0.1653 -4.1161
-1.2163 -1.9153
-1.2621 -0.4216
1.5272 0.3384
-2.8066 -5.5847
-0.7224 -0.0925
-0.9454 -1.4308
-2.1899 -2.0493
0.5312 -1.2626
-1.5327 -0.0208
0.8083 -8.5277
-2.1398 -1.8074
-1.3366 -1.0498
0.3816 -0.2464
1.7407 -3.1322
1.0881 -1.9208
-0.6406 -4.7259
-6.4795 -0.6994
-5.0211 -0.3020
2.4694 -1.6057
-2.3467 -2.7556
-1.2042 -3.5508
-0.9660 -3.7898
-0.5268 1.0310
-1.4130 1.4962
-1.8589 -2.4962
-6.4904 -1.2835
4.1680 -1.0925
-2.5294 -1.3043
-0.2664 -4.3342
-6.7874 1.9087
0.0286 -6.2949
-4.8130 -2.2660
-0.1485 -2.9929
-0.5386 -4.5446
-0.4224 -7.3169
1.6852 0.9066
-1.3597 0.2225
-3.1918 -1.6106
-2.5336 -2.2244
-4.7157 1.9820
1.1707 -2.6960
-9.1768 -2.8625
-5.5548 -0.6103
-10.7313 -0.5682
0.0478 -0.7851
-9.7887 0.3736
-0.0891 -4.6264
-7.6490 -0.2781
0.2137 -2.2374
-13.0998 -0.5307
1.5010 -5.4225
-1.8686 0.9870
-2.1680 -0.5211
-0.2233 -0.7072
-2.4130 -6.7022
-1.9393 -5.0493
-0.8274 -2.3457
-5.8694 -3.3544
-4.2917 0.3844
-4.5308 -1.8807
-1.2718 -0.6367
-4.2221 0.1493
1.5498 -0.5600
-0.7020 -2.8119
-0.3639 -5.6675
3.1297 -3.3633
-4.4515 -3.7200
4.1010 -1.9054
-0.2409 -2.1835
0.6081 -0.2836
-2.3701 3.6022
0.3490 -1.2593
-1.5972 4.0389
-6.3902 0.6508
-3.6122 -3.7365
-8.0396 -2.0170
-0.6905 -0.3321
-2.1176 2.3209
-0.1686 -0.5942
-2.4045 -1.4675
-2.3293 -3.6313
-2.5404 -10.9825
-3.2412 0.3673
-0.9900 -1.0239
-0.9139 -3.3620
0.4054 -2.5821
-7.5928 -0.3917
5.0829 0.8231
-5.9783 0.0507
-2.6057 0.0662
1.3951 -1.0730
1.6417 -6.6345
-0.1688 -0.1717
-1.0447 -1.8714
-1.3354 -0.1674
0.7200 -1.8653
-1.8075 -0.3796
0.0449 -0.5338
-7.6903 -0.5006
-3.5949 -0.0765
2.2185 -2.7857
-1.1986 -1.4176
-1.5841 -14.5932
0.5404 -1.1859
-0.6011 -6.7092
-0.8741 -2.1814
-0.8235 -1.5663
-1.2068 -0.6993
-6.7827 -0.4600
1.4293 -3.9491
-3.6694 1.4192
1.5567 -0.3243
-0.5698 0.7943
-8.4973 -7.7739
-2.3898 -0.0488
-0.9914 -2.6906
-2.0967 -0.7887
-2.0972 -5.3961
-6.1491 -5.7664
-5.7485 -0.0812
-0.9827 -4.9213
-8.2056 -4.7203
-0.5275 -0.3881
-2.4250 -0.7891
-1.0323 -2.5635
-3.5274 -11.7289
-0.8159 -3.1994
-1.9471 -0.9640
1.3673 -3.3978
-0.4014 -1.1269
-2.3096 -1.0160
-1.4377 -0.0988
3.8289 3.2528
0.0847 1.8669
-0.8222 -0.8392
1.5745 -2.5425
1.1682 -2.3639
-6.7282 -6.2797
0.7605 -8.3381
-2.6001 -0.9459
-0.5917 -3.9404
-1.0050 -0.2020
-2.8530 -0.7893
-1.4924 -0.1590
0.0223 -5.3736
-1.4189 -1.5945
-5.1899 -0.1118
-0.7978 -2.3059
-3.4513 -0.3995
-3.3106 -0.4856
-7.2904 -3.3613
-2.0882 0.5386
-3.6876 -2.9873
-6.6436 -0.7989
-5.0859 -4.0944
-6.6388 -0.7773
-4.0641 -11.1386
-7.9966 3.5232
-1.5315 -0.3395
-2.8868 -1.5409
-4.8177 2.7292
1.0473 0.3186
-7.3632 1.3646
1.3524 0.1004
-2.2577 -1.4613
-2.4652 -1.0230
-0.5355 -2.4841
-4.3134 -1.3231
-3.0491 -1.0040
-0.2416 0.7362
-0.4180 -2.2592
-3.7256 1.0607
-3.5348 1.0461
6.9836 2.2478
0.1236 -1.6018
-5.1956 -3.8999
0.3570 -4.5770
-1.1017 -4.3127
3.1019 -0.3464
-0.6620 0.5700
2.2978 -0.0747
-2.6618 -2.3109
-2.1120 -3.4958
-4.1789 -0.2606
-0.8823 -5.0600
-0.3342 -0.9204
-1.3026 -2.7111
-0.6564 -5.1944
-4.3810 0.1679
1.3287 -1.1575
-0.2657 0.3558
-2.0461 -5.2984
0.3925 -0.8592
-0.0262 -5.6051
2.3564 -1.6232
0.2563 -1.2400
0.3670 -0.5263
-0.0706 -5.3050
-0.9243 -1.4739
-0.4589 0.1192
-4.3109 -7.9354
-2.0954 -1.1006
0.2214 -0.4300
-0.4638 -0.9317
-0.8826 -0.7147
-0.4926 -6.8871
-7.5803 -4.8035
-6.0372 -3.9510
-1.4265 -2.4097
-2.5456 -3.4881
-2.3554 -1.5063
-1.6166 1.8583
-1.2239 -4.8606
-3.4586 -2.9692
-1.7386 -2.4920
0.5966 -1.1175
-0.7926 -7.9222
-0.1694 1.2768
1.7247 -8.2595
1.7678 -2.2913
-0.6662 -0.5676
-7.5252 -0.5395
-1.7674 -0.0745
-1.0764 -0.3319
0.8468 -5.6596
-1.6893 -1.0836
0.6344 1.8531
-3.9839 -2.4307
-1.0028 -4.7994
4.7845 -0.3467
0.0164 -0.6744
-0.7674 -2.4406
-1.4076 0.1917
-0.6128 -0.0986
0.6724 -8.0156
-1.9469 -1.9150
-1.0631 -8.5798
-1.6001 -1.7410
-0.8597 -1.3751
-1.0953 -3.3940
-5.2936 -2.1773
-0.7310 -1.9789
-0.1739 -1.2180
-2.9831 -2.3208
-2.3284 -0.7751
-2.6070 -4.0805
-2.3381 -1.5843
0.3504 -0.9125
-4.5399 -1.2209
-2.7613 -2.5589
0.1087 -4.8898
0.0497 -9.3606
1.0527 -3.1774
-2.2985 0.1122
-1.8176 1.7872
-6.0288 -0.4696
-0.1995 -0.4451
-6.6502 -2.5068
1.5061 0.0980
-0.2614 -1.3981
-0.1694 -7.8181
-3.4582 -4.5938
-4.1386 -0.3286
-1.5372 -6.4600
-3.5403 -5.1772
-3.2386 -1.4332
-0.7918 -4.2081
1.6326 -1.5299
-1.4017 -3.4713
-0.2078 -0.2485
-0.2072 -0.0664
-0.9754 -2.7678
3.1228 0.0683
-9.6746 -2.0020
-2.0112 0.6574
-0.0880 -0.9536
0.3632 -4.3352
-2.9206 -5.9759
-3.3535 -5.5069
0.5877 -4.9883
-0.3978 -1.3707
-0.8643 1.2157
2.8243 -0.5167
-4.8728 -7.1268
0.2218 -2.9520
-5.7704 1.5863
1.9774 -2.7978
0.1796 -2.1537
-0.2496 -0.3986
-1.7098 -1.1333
-5.3817 -2.2823
-0.2811 -0.8693
2.8499 -2.6207
-3.5812 -0.5183
-2.2987 -5.4164
0.0864 -11.9420
-10.8540 -1.7972
-6.7654 0.8169
-2.3817 0.1982
-0.7379 0.1921
-2.7845 -0.0156
3.8800 0.6701
-8.7382 -1.8551
-0.0525 -0.2294
1.6489 -0.6099
-2.1873 0.2533
-2.2459 -1.6039
-4.5658 -3.1189
-0.1882 -4.1234
-0.6940 -3.4584
0.1499 -3.0288
-0.8293 -2.1334
-1.9823 -1.6556
-3.6853 -2.1693
0.6082 0.6683
-6.2095 -0.8520
-4.8767 -0.5612
-0.9820 -0.7993
-1.2744 -0.8056
-2.0816 0.3664
-2.4934 -2.5074
-0.0224 -0.6156
-3.0523 -1.4707
-2.7241 -7.9885
-5.2550 0.9688
-6.2453 -1.2333
-1.1457 1.1267
-4.9711 0.2086
-2.8386 -1.8510
-0.1010 -0.3079
-0.4207 -6.6860
-8.4889 -4.0087
-3.1919 -0.8249
1.6805 -3.4536
-8.9085 -0.0382
-1.9344 2.5652
-2.9702 -0.7481
-1.9688 -4.1409
-3.1750 -3.4571
-0.6182 -4.4162
1.5474 -1.6694
-4.9016 -4.1465
-2.1827 -1.0526
-9.2604 0.2059
-0.9183 0.7699
-9.2166 -0.1461
-1.0934 -0.6534
-4.8865 -8.4674
-4.7405 -0.4825
-0.9166 -1.2990
-1.5605 -5.2654
-0.4591 -1.4416
-8.9954 -2.7048
-0.7758 -1.7312
-0.0681 -4.3470
-4.5036 0.0055
-3.6749 -8.9871
-2.8519 -2.8026
-3.6208 0.1154
-1.2898 -6.0181
-2.1333 -1.2275
-3.1266 1.4038
-0.8168 -0.2220
-0.6895 -4.0819
-4.9056 -2.1093
3.4273 -2.9208
-0.8222 -2.5791
-7.8391 -5.6992
-1.0554 -0.6890
0.7554 -4.7226
-4.8766 -4.1586
0.5419 -5.4959
-0.5020 -4.7555
-2.2362 -1.2794
2.2911 1.8452
-1.0846 -2.8396
-2.8206 -2.7294
-2.9687 -2.4308
-0.3534 -9.2105
-0.2288 -2.2311
-0.5803 -2.2079
-1.3696 -8.9599
-7.4484 -5.4159
-2.5945 -3.0119
-3.3723 -0.9491
-8.0722 -2.6356
-1.0694 -2.3341
-7.3483 -0.5730
-3.2255 -1.7867
-2.6683 -1.0059
-1.3284 -4.6913
-3.9434 -1.9453
-1.0695 -4.1181
-2.2099 -1.3428
1.1194 0.7361
-0.8584 -2.9435
-0.2912 -0.5865
-1.0724 -0.1773
-2.3578 -2.9014
-0.1097 -7.2188
-1.2710 0.9400
-1.1987 -4.4034
-0.8435 -5.0182
-1.2920 -0.5871
-4.8193 -0.9154
-4.7608 -7.8975
-0.5568 -5.2199
1.1229 -3.4703
0.3525 -0.2386
-0.4934 -4.3354
-1.7471 0.8824
-1.0897 3.2208
-1.8999 -0.1567
-0.6168 -3.3605
-2.9500 -0.6834
-7.9425 0.7882
-0.4897 0.2079
2.0793 -1.6766
-4.9879 -6.1922
3.1261 -1.9930
-0.9190 0.0262
-2.7790 -1.2948
-5.3875 -7.2739
-0.6701 -1.0704
-3.3000 -2.1187
-0.1137 -7.8556
-0.9149 -2.6180
-5.7140 0.4433
-0.3963 -0.1636
-0.2046 -1.6435
-2.6059 -0.6486
-0.7956 1.4058
1.6550 -1.7061
-2.0072 -2.7995
2.1774 -5.4537
1.8996 -1.7503
-3.9690 -0.8846
-2.0245 -3.0583
-1.0930 -2.8966
-0.5201 -1.1858
1.8734 -5.6637
-2.4927 -3.6194
-2.2408 1.4761
0.2623 -4.2855
0.2331 -1.1386
-2.6406 -0.1293
0.0664 1.4883
1.4885 3.0892
-6.2637 -1.8029
-1.9739 -5.4369
-4.7871 -8.8413
-1.0473 2.4563
-0.9096 4.5198
-4.5773 -2.6792
2.7677 -3.2198
-0.5168 -3.8922
-0.1470 -0.3781
-2.2585 -5.2892
-0.8002 -4.0233
-0.9547 1.0520
-0.3244 0.1240
-0.5061 -2.2724
-4.2325 -1.0976
1.2188 -2.0721
0.8326 -1.5740
-2.2238 0.6168
-5.0530 -1.1867
-1.6532 -0.1635
-4.6083 -3.3455
1.6544 -1.6551
-1.4879 -0.8648
-5.6810 -2.8060
-2.2992 -0.5017
-4.5795 1.9619
-0.9946 0.1177
-0.4887 -3.0797
-7.2215 -6.6033
-0.0172 -1.1033
-2.1122 -4.3872
-6.8173 0.3968
-1.9567 -4.3944
-0.7754 0.2059
-3.5789 -1.4692
-1.2637 -2.7934
-0.5918 -2.6382
4.4927 -1.4463
-7.8893 -0.1308
2.8156 -0.6221
-6.4996 0.2790
-1.9053 -3.0927
0.2557 -0.4120
-1.5562 -4.7146
-0.8587 -0.4919
-1.0489 -1.3613
0.0491 -0.1697
-1.4270 -0.2010
-3.5782 0.8145
-0.5141 -9.2805
-0.6918 -0.6284
-4.3361 0.3933
-1.4347 -0.0834
-5.5719 -2.8589
-6.0061 1.0781
-0.2506 -1.5305
-1.3895 -1.8438
-0.3392 1.2384
0.3237 0.1372
-7.0507 4.4897
0.9669 -4.6846
-8.5690 3.5962
-0.7210 -5.6504
-0.3090 -1.7032
-4.2791 0.2804
-0.4265 -0.9443
-2.8936 2.8562
-0.2272 2.0401
-0.2818 -0.8505
-2.3410 -1.6938
-0.5670 0.1045
-6.7540 -0.7982
-5.3054 -4.7094
1.1213 -2.5119
-1.3993 -1.6213
-0.4205 4.4475
-4.4771 -3.1945
1.8483 -0.4688
-2.2767 -7.8651
1.1436 -0.3642
-6.2345 -2.0309
-2.9368 0.1481
-5.6151 -0.1790
-0.1512 -2.1836
0.6623 -6.2073
-1.8003 -3.9803
-1.4510 1.9464
-0.0626 -8.0155
-3.6244 -1.7710
-3.5769 0.5690
0.0090 -5.1259
-1.3887 -2.8766
-2.3828 -0.8523
-0.9826 1.7622
2.6981 -0.1261
-9.6466 -2.1019
-2.4217 -0.0724
2.1160 -1.8504
-3.4275 -8.8307
-0.5056 -2.8201
-7.4881 3.1376
-0.3196 -0.6716
-0.4797 -2.1765
-6.0641 -0.7580
-5.6170 0.4441
-4.9494 -4.3069
-2.3395 -2.7016
-2.0806 0.5180
-1.9690 -0.7763
0.3563 -7.1317
-0.0946 -0.4134
-3.9781 -0.2214
-0.2892 -1.8982
-7.0509 1.2155
0.3507 -2.9933
-1.3035 -1.3144
-3.8442 -3.4080
-1.0878 0.7778
-4.0959 -3.6720
-0.2612 -2.1581
0.2282 -2.9130
-1.0011 -1.0474
3.7423 -0.3438
-1.6347 -2.9957
-1.1127 -0.1350
2.7070 -0.4787
-2.9883 -0.3904
-4.8211 -5.3513
0.1869 -0.9056
0.3168 -6.8094
-0.4891 0.0821
0.9914 -4.6470
-3.0376 2.1240
-7.3974 0.4794
-0.0275 -0.7234
-2.1647 -3.9652
-1.8679 -7.7092
-1.8425 1.5346
-3.6445 -6.0764
-4.0303 -3.2569
-0.8115 -4.2942
-0.4631 -0.4361
-6.4493 -3.5306
-0.5379 -1.9252
-1.5081 -9.7984
2.1418 -1.8714
1.2237 -1.0735
-0.3487 -0.2088
0.0971 -3.8699
-0.7985 -0.6542
-2.5008 -3.2311
-2.4703 -3.3487
-0.9542 -3.3987
-0.1736 -0.2349
-1.4341 -2.1102
-3.6582 -0.5075
0.4051 0.6482
-0.3760 -3.6903
3.4636 0.2059
-1.9440 -0.1967
-0.7188 -0.7569
-0.6499 4.4026
-2.1194 2.1424
-2.5058 -1.1313
-7.2209 -3.0745
1.0046 -8.9646
-9.2163 -3.9804
-5.9134 -0.5279
-5.0653 1.8977
-1.7831 -5.6878
-0.9356 2.0962
-2.3823 1.2592
-0.3757 -5.8279
3.0061 3.0544
-0.6590 -1.1997
-0.2987 -0.8584
-2.1495 1.4579
-0.3765 -2.0796
-2.9172 -0.8222
-0.0800 -0.9630
-0.0845 -1.2184
-2.7644 -0.6671
-9.1946 -0.8155
-0.2928 -0.7696
1.9224 -0.8066
-5.3956 -1.5801
-0.9442 -0.2881
-9.5836 -6.4123
0.0206 -0.1284
-0.9860 -5.7569
-0.8863 -2.8677
2.4160 -3.7535
-1.0542 4.5853
-1.5532 -3.2543
-1.3569 -1.1642
-2.3856 -6.3757
-2.5685 -3.3477
-3.8850 -0.5503
0.5896 -10.0198
0.5276 1.0683
-2.0422 -5.4536
-5.9500 -1.8583
-0.7811 0.2801
-1.1598 -0.1735
-3.4258 -1.7554
-1.3520 -1.0454
-3.4652 -4.7860
-2.3159 -1.0515
-2.5271 -2.9570
3.5658 -2.5895
-9.7269 0.7314
-2.6418 1.2536
-2.2969 -2.5474
2.5982 -0.9163
-4.7369 -0.4460
-3.1713 -6.3956
-1.4220 -2.3243
-1.1456 -0.8928
-7.3017 -2.4788
-3.5182 -1.1394
-0.6278 -4.4733
-1.7665 -0.6723
-2.7359 -6.0111
2.3441 -6.6128
-0.2232 -1.5971
-0.3057 -1.5611
-2.5379 1.6913
-1.0746 -0.1678
-0.8693 0.6215
-0.5431 -0.3701
-6.5459 -3.9407
-8.0671 -0.8672
-4.7225 -5.5716
-6.4792 -0.5893
-0.3662 -0.7215
1.7099 -7.4266
-1.3606 -0.9993
-1.3001 -3.6999
-0.1396 -0.2524
-1.9686 -2.0775
-7.1246 -3.0424
-0.5736 -5.5093
-4.8757 -1.1730
-0.2851 -0.4993
-2.7369 -3.6324
-6.2739 -1.8755
-5.1422 0.0957
-1.6752 0.0039
-0.5731 -6.7046
-8.8225 -0.6945
1.1072 -1.0636
0.5177 -1.3528
-0.9998 0.6500
-1.5503 -1.3180
-1.4566 -2.1085
-5.8565 -0.3588
-2.6645 -1.7554
-2.2498 -1.0557
-0.2087 -1.9050
-0.4203 -5.5496
-0.5783 -3.5154
-2.8682 -1.0665
0.1224 2.7683
0.1282 -2.2537
2.6960 1.6958
-5.9494 -3.8200
-2.3700 -1.9247
-3.2736 1.2249
2.6257 -3.3668
-1.4666 -1.8937
0.2972 -2.7727
-2.3992 -0.8149
0.7285 -3.6598
-1.0488 -3.9420
-0.3621 5.5267
2.5651 -2.0721
-0.4135 -2.5006
0.6807 -1.6547
-8.7924 -1.4197
-0.7278 0.4049
1.6100 -0.3043
-8.2241 -5.5477
-0.5356 -2.2934
-4.2692 0.0483
-5.1886 -4.8641
-2.9255 -7.0663
-0.0362 0.0505
-1.5906 -1.1261
-6.3055 -0.3799
-8.7861 -2.4265
-5.4125 -0.1946
-6.3063 -1.6778
-1.7265 -2.7640
-2.9515 -2.2734
-0.0984 -0.3273
0.6632 -3.0134
0.5019 -1.3834
-3.1559 -2.2868
-6.7931 -0.7189
-1.2555 -5.6685
-0.4608 -0.8588
-8.1581 -1.3170
-6.6020 -5.7125
1.8900 1.7352
-1.2606 -0.9023
-0.9960 -3.0927
-9.7247 -4.2261
-0.5613 -0.9615
-3.4392 -3.2431
-6.5585 3.0975
-0.0175 -0.9567
-5.4311 -3.7596
-5.0565 -0.9696
0.0501 -0.5628
0.2565 0.1014
-1.2720 -0.3506
-1.5646 -4.5005
-4.3430 -5.3859
3.1536 -1.5190
-0.7341 -0.3697
-3.3955 -3.0643
-0.8245 -2.6802
-4.3093 0.1740
-0.8641 -1.5227
-4.1912 -0.5932
-0.2946 0.8667
-0.7970 -4.5604
-5.7818 -0.2600
0.1455 -3.2126
-2.5338 3.0573
-4.4656 -0.5095
0.6378 0.6525
-1.2153 -1.0857
-0.1050 -0.1869
3.8560 0.4696
-2.0510 -2.6330
-8.4386 -4.4210
-2.7325 -3.3703
3.4228 0.6279
-10.8628 0.3028
-2.1128 -5.5038
1.0000 -1.2046
-0.3065 -8.7213
-1.7819 -3.8537
2.8101 2.1651
-1.6338 -1.3278
-1.1352 -0.5619
-1.1274 -0.6323
-1.8254 -0.4823
-3.2708 -5.7278
-0.3784 -5.2644
1.5406 -3.6246
-3.4047 -5.1199
-0.0469 -0.9362
-5.6724 -5.5457
-0.7941 -4.8283
-7.5928 -0.4176
-3.1079 -3.8571
-3.3014 -0.4096
-7.9964 -1.5284
-0.6716 -3.5021
1.4062 -1.4733
-1.5271 -0.1620
-1.8202 -5.9046
0.3164 -6.4931
-2.9970 -7.1766
-0.3937 -1.0990
-3.6875 -1.5504
-1.8791 -2.1114
-2.9827 -1.6166
0.0675 -1.3764
-0.2614 -0.1405
-5.4662 -0.7831
-10.7172 0.5905
-1.4650 -3.2755
2.3219 2.2021
-11.3301 0.8882
-3.9499 -3.0169
-1.3048 -0.4209
-1.2804 -0.6963
-0.4403 -4.2130
-4.1583 -2.6377
2.5948 2.4262
-2.5145 -2.0056
0.4834 1.8932
-1.0754 -5.3336
-1.7075 -6.5979
-2.5230 -3.3448
-2.4463 -0.1840
-8.7315 -0.6180
-7.0270 -9.0083
-2.6743 5.0122
-0.8781 1.1778
0.4151 -3.8140
-7.5071 -0.6805
-7.2491 -2.0894
-1.9103 -1.0420
-3.3634 -0.9739
-3.9446 1.7182
-1.3663 0.4780
-2.4306 -2.4050
0.6874 -0.5488
0.9824 -1.3091
-2.5071 0.2009
-0.4732 -4.9067
-6.7519 1.2470
4.3879 3.6956
-2.5573 -3.2672
-2.6296 -4.4604
-1.2480 -2.9486
-1.3895 -0.4918
-0.8069 -4.6820
0.1702 3.3911
-8.8174 1.0057
-6.4649 -7.0819
-2.0019 -1.6204
-1.8081 1.8825
-5.3870 0.8101
-0.1318 0.5848
-2.2183 1.3308
-9.5455 -2.7328
-0.9866 -2.5263
-1.1082 -1.9638
-0.1243 -2.9311
-0.2417 0.8880
-4.9327 0.2966
-0.6451 -0.2836
-2.4621 -7.4387
0.4614 2.0980
-6.3665 -0.0710
1.9757 1.2602
-0.3909 -2.8548
0.2210 -6.0446
-5.2263 -0.7225
-5.8815 -0.3957
-0.5212 -0.6495
-2.5015 -0.1824
-0.8281 -0.9378
-0.4927 0.5090
-0.8061 0.5552
-1.7138 -3.0161
-3.9121 -3.4321
-1.5893 0.4376
-0.0553 -2.2383
-4.8422 -0.5891
-2.2973 -1.8785
-6.2954 0.2619
-2.4595 -1.8405
-0.0643 5.9760
-3.9231 -1.3589
-2.6182 -1.8132
-5.3234 -0.5491
-2.1634 -0.8558
1.5418 -0.6063
-0.8687 2.9434
-4.2011 -0.2416
-0.3049 -0.9062
-3.6565 -6.0071
-4.6211 3.7833
-0.9126 -1.9533
-6.8838 -3.6263
-1.2349 -0.7314
-1.9828 -1.2729
0.3991 -0.5059
-4.4180 -0.9279
-5.0793 0.1701
-2.9974 -5.4929
-2.9271 -1.3652
-2.3757 -6.9385
0.3659 -0.3206
-0.0577 -0.0168
-6.9219 -2.7808
-2.4239 -0.1730
-7.9562 2.2907
0.8547 -6.0640
0.8202 -1.7982
-2.3873 -0.3588
-4.2209 -0.9736
-1.3103 -0.1740
-7.9886 -3.6589
-0.9161 1.0984
-2.2991 -0.5392
-5.4160 -7.5850
-0.7562 0.0283
-0.7700 1.5153
-0.1108 -0.1070
-1.7936 -0.5867
