5
-6.6314 -6.4105
-6.5338 -6.7902
-5.2504 -7.8742
-8.8005 -4.9696
-8.9345 -7.9624
-7.4965 -4.9197
-6.0769 -4.9317
-5.3767 -8.3086
-6.9557 -5.3045
-8.8271 -4.5812
-7.9244 -8.8578
-8.4457 -6.9548
-5.9133 -7.7233
-7.3437 -6.2586
2.7856 0.9085
0.5902 -6.9253
-5.3142 -9.0226
8.5214 11.2810
-5.2045 -4.8661
-5.3960 -5.0926
-5.0452 -8.9115
-8.5909 -5.3697
-7.1896 -5.3268
-8.3753 -4.9408
-4.7540 3.2196
-8.7389 -4.1755
-5.8625 -5.3717
-3.6729 -4.9891
-8.3245 -5.2203
6.8612 -0.2338
-4.6528 -8.4988
-7.4517 -7.6243
-7.7855 10.0712
-1.0423 -6.0327
-4.3496 -5.9428
-5.2581 -9.1293
-5.1051 -2.4734
-5.9170 -5.2611
-5.1672 -8.6315
-8.8970 -5.9122
-5.0167 -7.9939
-8.9477 -5.0741
-4.6828 -6.4865
7.3232 -4.4948
-4.9628 -4.7981
2.5311 -5.2891
-7.6173 -5.1571
11.1286 -5.3632
-5.3905 -8.9211
-5.7703 -4.9197
-8.7976 -8.2503
-7.4561 -8.6374
-4.6803 -6.4906
-5.2307 -9.2708
-8.7765 -4.8262
1.2306 -9.0048
-8.7234 -8.0968
-4.6967 -8.3041
-9.2052 -4.4634
-5.3978 -4.7612
-8.3358 -5.2176
-8.1968 -5.2958
-7.3864 -2.8345
-4.6339 7.2472
-2.7356 -8.4648
-5.5787 -5.6642
-4.9629 -7.7465
-5.5413 -4.9121
-4.9598 -4.8215
-4.4828 -5.7792
-1.7167 -3.4834
-4.8347 -5.8713
-6.0169 8.6917
-6.7739 -3.6990
-4.4925 -6.6787
-9.1644 -4.6940
-4.0030 3.3251
-5.8972 -3.5578
-5.1392 -5.0876
-5.0742 -0.7865
-8.6744 -8.2968
-7.2008 -5.9529
-4.7987 -4.7254
-4.7565 -8.5894
-5.2291 -6.0414
-5.4410 -5.4374
-5.1436 -8.8077
0.0509 -9.0537
-9.0627 -5.7534
-6.2810 -3.1168
8.6756 -8.0189
-7.8859 -5.3250
-7.5856 7.9911
-7.0125 -5.1799
-0.9870 -5.0771
-6.0444 6.1496
-3.8769 -5.3926
-7.8757 -4.7833
-4.4722 -5.1286
-5.0786 -8.3505
-7.3573 -8.2411
-5.3436 -1.1105
-8.9655 -6.6887
-5.4654 -0.3701
-8.7196 -4.5835
-6.7900 -5.4041
-7.8107 -2.8622
-5.2717 -0.8861
-6.1445 -8.5620
-7.4556 -5.0767
-1.1407 -9.2933
-5.4810 -5.3627
-8.0854 -3.0361
-4.5298 -9.1145
-3.1990 -8.9145
-5.7609 -1.0003
-5.9426 -6.7745
-5.1019 -7.1967
-6.0194 -8.6743
-8.3687 -5.5556
-2.4629 1.3397
3.8067 2.8397
-8.2006 -2.0914
-6.3830 -6.3908
1.9094 -5.4496
-4.2158 -5.7872
-5.2010 -1.7278
-7.5758 -4.9287
0.4430 -4.8822
-4.3051 -3.1182
-8.7080 -2.9432
-2.7121 -4.9958
-9.1188 8.5531
-7.7031 -5.7596
-5.5505 -4.9732
8.9018 -4.8541
-2.7319 -4.2191
-4.9192 -9.0949
-8.8615 -9.9018
0.9519 -5.3097
-3.9628 6.8546
-4.8498 -5.7805
-5.4240 -9.2819
-4.6107 -5.0385
8.0961 -8.3395
-5.2831 -6.0069
-9.4339 -5.7759
-4.8957 -5.2919
-7.7204 -8.2449
-4.4229 -4.9649
-8.9152 -7.6601
10.2368 -5.9423
-4.4314 -5.1000
-5.5967 -8.7970
-6.9476 -7.8758
-4.6599 9.7098
-5.5941 -3.7595
-6.1513 -3.6277
-5.6814 -6.4962
10.2679 -7.3513
1.0877 -6.6754
-8.4340 -6.6967
-5.6754 -6.3081
-4.6958 -5.4755
-4.6482 -6.4340
9.9492 -8.1096
-5.2365 -5.2713
-9.1574 -5.3894
-6.2970 -7.7579
-4.6619 -6.4979
-6.9244 -9.0603
-5.9692 -5.8861
-5.4991 0.7069
-5.2476 -8.7808
-7.5309 -6.7532
-5.0685 -5.9460
-4.5730 -5.3874
-4.3362 -2.3420
-7.8416 0.1760
-4.6421 -8.3833
-5.2837 7.5542
-9.0697 -6.1625
-8.3798 -5.3211
-5.3870 -5.3138
-8.8870 9.3162
-4.6772 -8.6847
-2.2996 -7.0936
-5.2213 -9.0308
-9.2910 -0.6803
-7.8228 -7.5801
-6.6573 -6.4716
-4.4832 -5.9256
-7.8420 -0.2238
-9.1419 -0.1745
-5.2071 -8.7155
2.3054 -5.8775
-5.4661 -3.0192
-9.1393 -5.4768
2.6607 -4.9863
-5.3762 -5.6410
-8.1429 -8.1039
-4.7733 -6.0090
2.8398 -8.5386
-8.7956 -8.4915
-8.0378 1.9715
-7.3061 -8.6238
-4.9651 -8.4640
9.3204 7.5884
-8.6497 -7.6449
-5.0793 -5.6684
-8.8215 -6.6902
-5.9109 -6.5192
-8.6002 -6.0150
-6.2834 -4.6534
-6.9688 -8.6669
-9.1179 -6.1915
-7.3542 -5.1073
-8.6478 -5.1066
-4.4840 -8.6727
-5.3102 -9.1641
-5.0250 -5.1015
-8.1949 -5.7769
-5.0775 -4.2004
-5.9417 -8.1964
-6.1768 -8.4272
-3.8711 0.9650
-1.7151 -6.3121
0.7336 9.7297
-6.1590 -4.7921
-4.7849 -0.9410
-5.3578 -7.9607
8.8591 -4.6087
-8.3814 -5.5065
-8.8272 -5.8168
-3.5479 -4.6651
-1.2734 -8.5147
-9.3065 -0.3925
-8.9840 -7.8865
-8.6554 -4.8097
10.3749 -8.9262
-8.7550 -8.6513
-9.3221 -5.0519
-2.1739 -6.3800
-5.1578 7.1398
-8.4023 -5.4295
-4.7778 -7.5153
-5.0088 -6.5100
9.7317 -8.0491
-4.9546 -5.7547
-4.6500 -7.7739
-6.3414 -8.4423
-7.7515 9.9179
-5.6869 -7.5104
-5.1604 -4.8637
-5.2839 -5.4872
-8.9438 0.5238
-7.8147 -4.7168
7.4676 -5.8130
8.7763 -7.5045
-4.8443 -5.4450
-8.5810 -5.3302
-5.0714 -5.7074
-8.3906 -7.6251
7.3974 10.6294
-6.8730 -5.4478
-5.9383 -5.9661
-3.6820 -6.6957
-4.0564 -5.3120
-5.8175 -4.9567
-9.2615 -4.9168
-5.1426 -7.1358
-5.0462 -8.9929
-5.1569 -7.0301
-2.9087 -7.3935
-8.3321 -5.3620
-5.3989 -8.0479
-7.9004 8.4205
5.6145 -7.1385
-8.4562 10.2081
-6.4039 -6.2303
-5.1538 -2.2664
-5.1407 -5.2218
-4.2950 -5.6638
-5.0484 -6.5330
-5.2016 -8.9728
-1.5536 -3.7307
-8.5431 -3.9196
-5.3968 -5.7657
-5.2735 -3.3444
-5.0675 -5.1428
-8.3123 7.9845
-9.2653 -4.7793
10.8557 -7.1771
-4.9622 8.6546
-5.0215 -6.1310
1.0682 -9.0689
-7.9388 -7.2966
-5.4387 -5.2618
-5.1099 -6.9455
-5.3261 9.7719
-8.5824 -6.3227
-0.9487 -4.6907
-5.2115 -5.6669
-7.8177 -3.2853
-8.4238 -5.1296
-8.2688 -7.7740
-5.9530 -8.6761
-6.0662 -6.3487
-5.1951 1.7779
-5.1218 -4.9067
-8.0087 -3.5765
-5.1530 5.6541
-8.9074 -8.6742
-8.1856 -4.8615
-7.0172 -4.8977
9.0776 7.6170
-6.7594 -5.1167
-6.3052 -5.6384
-4.7071 9.2732
-4.5967 4.6830
-3.9110 7.8685
-5.5064 -8.7231
8.5330 -5.5063
-4.4305 -7.8144
-5.7280 -5.2445
-4.1590 -3.7890
-3.5745 -7.8375
-3.6692 -5.1648
-5.0477 -8.5898
-6.5659 -4.9710
-5.7123 -5.1129
0.5038 -6.6448
-4.6150 -5.7230
7.9773 -6.8579
-4.7135 -5.6136
-5.8013 -8.3985
-7.8221 -9.0805
-6.5599 8.5534
-4.6534 -5.0285
-8.7090 -9.1998
-3.6863 -7.3244
-3.9498 -4.8030
-7.0214 -4.4090
-8.4818 -6.4656
-6.6097 -8.3808
-7.3911 -5.9328
-4.7770 8.4018
1.8572 -6.1650
-0.7782 -6.1573
-3.0642 -4.5088
-5.5049 -9.4399
7.6741 -3.1599
-5.3044 -6.3122
-7.1072 -5.1188
10.9344 -6.2001
-5.5591 -7.0610
-4.3806 8.0689
-10.2619 -5.1584
-6.6583 -7.3526
-4.4285 -4.9519
-5.0067 -4.9804
-5.4078 -5.3683
-4.6307 -8.0031
-8.4943 -9.0455
-4.1071 -5.1191
-4.4422 -7.9263
9.0800 -9.1996
-7.8294 -7.1243
7.9606 -7.8271
-5.0829 -5.1845
9.5793 -8.3519
-4.9851 -6.3407
-7.3333 -5.1324
-8.2772 -7.0593
-0.3305 -0.8750
-2.2381 -7.9740
-8.1346 -8.3905
-7.6352 -4.8809
-7.8497 -4.7144
-7.9186 8.2256
-5.6929 -4.5622
-5.4345 -8.6682
-9.0930 -5.1751
-8.1901 -9.0030
-5.4299 -4.7313
-6.6711 -4.9176
-4.6229 -5.8264
-8.4082 -9.0617
-8.8898 -4.7317
-6.9194 -5.4902
-4.5454 -7.2995
-6.6157 -4.7130
-2.1299 -7.1673
-9.3958 -5.3864
7.6331 -8.7471
9.4936 -4.8973
-4.9593 -5.2936
-8.2841 -8.3183
-7.4223 -4.8950
-3.1068 -7.7501
-1.3559 -9.5969
-2.8342 -6.2671
-8.7098 -1.0296
9.6994 11.1490
-8.1322 -5.2272
-5.4150 -1.0796
-4.5013 -7.0262
-5.6229 -8.0656
6.9012 8.2849
-6.3303 -8.7342
-8.5678 -8.2647
-5.1215 -4.4537
-2.0267 -9.3027
-4.7444 -5.4159
-6.0160 -5.3904
-5.1255 -7.0320
-5.6847 -9.1768
-7.7958 -8.6860
10.0821 -3.6734
-6.0096 -5.1507
-8.9450 -8.7183
-7.9743 -5.4254
-2.2967 -6.9873
-8.2904 -6.2851
-4.8224 -4.1474
-9.1684 -5.5921
-5.3091 -4.9811
1.2379 -8.7154
-5.9954 -5.2137
-5.5644 -6.2560
-5.3190 -4.8999
-4.5789 -7.3671
6.2437 -5.5999
-5.4993 -5.1817
-4.8295 -4.9849
-0.9425 -4.6566
-5.7602 -5.2526
-5.7744 -7.1855
-8.4862 -7.8274
-4.8362 -8.4362
-5.6765 -8.9022
9.1611 -4.7251
-5.4954 -6.8708
-4.9913 7.6852
-5.4350 -6.4068
8.2614 8.5088
-4.7032 -5.1335
3.6233 9.4628
-4.4794 -4.7200
-8.6995 -6.9099
-4.4604 -4.4814
-5.4459 -5.6189
-6.5218 -4.5991
-5.8271 -4.6142
-8.9508 -4.6150
-6.3314 -10.0541
-3.3218 -6.4180
-1.4606 9.2428
-5.3115 -1.5750
-4.1534 -6.4589
8.0648 9.3136
-5.2175 -6.8265
-8.5309 -4.9925
-6.0107 -8.5638
-8.4824 -7.9751
-8.1597 -6.9307
-8.3910 -6.0802
-5.0692 -5.4129
-5.4608 -8.7944
-2.6754 -0.0727
-5.7490 -9.0069
-8.9732 -7.8867
-9.1201 -5.7613
-5.1328 -5.2423
-3.6758 -6.7431
-2.8175 -4.3662
-8.7415 -8.6749
-5.4500 -5.4165
-6.2112 -5.1321
-4.9886 -5.5882
-6.8796 -7.3760
-8.7208 9.0996
-4.7713 -4.5542
-1.3678 -5.4733
-5.0730 -5.1856
-9.2502 -9.1566
9.1288 -6.9514
-8.3978 -9.5796
6.6662 7.8871
-5.9754 -5.0607
-4.3108 -4.7677
-5.4753 -6.6576
-0.2139 -4.8994
-3.0329 -4.6159
-6.2578 8.2892
-5.1198 -5.3125
-5.1554 8.8232
8.8926 -5.3602
-4.9043 -6.1719
-4.4189 -4.7309
-4.8767 -5.6676
-4.8587 -4.8943
-6.4947 -5.2492
-5.0070 8.6604
-5.7757 -7.0130
2.5595 -5.0024
-9.5745 -8.5309
-6.8278 -5.4185
-5.2920 8.9063
-5.4223 -8.5656
-8.0787 -4.6213
-6.0347 -8.7313
-4.6291 -5.2145
-4.3810 -5.1402
-6.0273 -3.5945
-4.8993 -4.8027
-9.3784 -7.4446
-8.6257 7.3447
-0.9665 -5.3303
-4.8949 10.8371
-8.6350 -8.4153
-5.0854 -8.1596
-5.9004 -5.9822
-7.7943 -5.7135
-8.3012 -6.3228
-5.4723 7.9970
-7.9983 -6.7039
-4.9445 -7.8677
11.2571 -9.0643
-5.7526 -8.4357
-8.4174 -7.5532
-4.6747 -7.6395
0.7879 -6.6821
0.0623 -5.4687
-8.3483 -5.3733
-8.1544 -4.8861
-7.8786 -5.1036
-7.8338 -5.0364
7.5592 -5.8495
-4.8471 -5.7668
-4.5976 -5.6283
-7.4802 -5.4886
-4.5861 -4.8598
0.0894 -6.3464
-4.8008 -6.3342
-0.3639 -7.0547
9.1187 -4.7362
-7.2544 -8.4045
-7.3443 -5.6022
-8.1207 -7.3612
-2.9626 -5.8690
-9.0055 8.2476
-5.3894 10.1925
8.7171 -4.2432
-4.6731 -5.6692
-8.5766 -5.1536
0.3076 -6.6721
-6.6918 -5.0010
-7.9611 -4.7348
-5.2207 -9.1505
-5.1701 0.8280
-8.6327 -0.3995
-6.8748 10.4151
-5.1156 -6.3070
-5.0411 -4.5333
-9.7212 -8.6379
-6.2465 -5.3191
9.1884 -7.1977
-8.9266 -5.0567
-4.9512 -4.7031
-5.3614 -5.9399
-8.5368 -9.0240
-6.5733 -5.2772
-6.0691 -5.4654
-4.9425 -9.2352
0.2278 -6.3119
-4.0045 -5.1304
-5.7352 2.1282
-8.0133 -4.5780
7.8867 -3.9028
-4.5136 -5.2483
-4.5356 -4.7044
-5.6415 -7.9192
-4.8330 -6.8818
-5.7977 -5.7044
-6.2119 -4.5616
-4.9286 -8.2877
-7.4172 -8.0522
-6.2320 -5.2250
-4.9588 -4.8367
-5.9474 -8.7741
-2.7754 -6.7138
-5.2620 -1.9213
-9.0633 -5.7473
0.8738 -4.6830
-4.9008 -5.3521
-3.4532 -1.8031
-9.7796 -8.4745
-5.4652 -4.9814
-6.1325 9.8902
-5.0847 -7.4367
-5.4299 -5.8841
-5.2248 -6.7752
-7.8233 -5.6939
-5.0864 -1.7055
-5.5843 -9.0454
-8.5999 -6.8908
-5.2449 7.8570
-9.7053 9.5983
-5.1624 -8.8363
-7.3493 -5.3100
-7.0385 -4.4858
9.4855 -6.9978
-4.9385 -5.3239
-8.7129 -8.3176
-4.6692 -6.7550
-9.4298 -5.1750
-5.2585 -5.1111
-5.3319 8.9581
8.7502 -5.1913
9.1588 -8.3647
-9.1558 -8.9082
-5.1106 -5.8049
8.1814 -6.1955
-5.9458 2.0665
-7.8481 8.4470
-1.9159 -9.0706
9.6451 -7.0480
-4.9633 -4.8535
-8.5650 -7.9791
-5.9206 -5.3566
8.6810 -8.1631
-7.8750 -6.8451
-5.6933 -8.6953
-4.0838 -8.4865
-6.2646 -4.9851
-3.3051 1.5810
-7.8753 -8.0256
9.8554 -5.4238
10.3085 -0.4316
-5.5357 -5.2328
-5.4362 -5.1130
-5.0060 -7.7142
-9.1398 4.9969
-5.5569 -8.9111
10.1793 -8.1479
9.5320 -5.3595
-5.2178 -5.9195
-5.8748 -8.7520
-4.9446 -8.9370
-6.7146 -4.7698
9.6597 -7.0702
-5.1151 -5.4084
-8.1306 -1.5402
-5.3266 -8.5784
6.5387 -8.5404
-6.7715 -7.3151
8.2530 -6.0930
-5.2691 -6.6595
-5.5834 -8.4542
-6.2650 -4.6015
-6.0680 -8.8708
-9.2530 8.2497
8.4627 -3.7756
-7.3567 -4.6656
-4.9171 -4.1175
-6.4354 -5.8373
-5.3230 -6.1771
8.8426 -4.9939
-5.5038 -7.5275
-4.8095 -9.2632
-5.6119 -5.2129
-6.1842 -5.8234
2.1684 -4.5115
9.7713 -4.6617
-9.6098 -7.2457
-3.8094 -4.4302
-5.6154 -7.6132
-5.6507 -6.0008
-7.4379 9.2268
-7.7785 -8.8584
-3.2686 -4.8483
-6.6272 -4.8746
-8.2087 -4.9204
-7.2610 -6.5661
9.6974 -5.2040
-2.6990 -5.1133
-8.1450 10.3018
-4.6889 -4.7670
8.0846 -8.9422
-5.1001 -4.5981
-6.5175 -4.8758
-5.2685 -4.8449
-7.4153 9.2298
-3.5571 -8.6327
-5.0325 -4.6666
-7.1504 -9.0273
-4.8447 -5.1054
-5.1007 11.2028
-5.4151 -5.2328
-7.9552 -5.2469
-5.4766 -8.3733
4.2890 -5.0450
-4.9857 -6.3545
-4.8454 -4.9078
-4.8861 -6.5584
-5.2203 -7.0613
9.5568 8.8388
-8.3137 -5.4818
9.2132 -5.7000
9.5160 -4.9157
-5.1999 -5.4286
-0.8459 -9.4940
0.0279 -8.9841
9.3773 -2.6083
-5.3376 -4.5519
-6.3639 -7.4038
-6.1368 -5.0108
-3.2208 -1.8305
-9.4370 -5.4902
-1.4862 -5.2115
-8.9942 -5.2432
-8.9050 -4.1531
-4.7782 -5.5429
-5.5767 -3.2448
-2.8953 8.9721
-3.0164 -1.1857
-8.2853 -8.3802
1.7461 -1.2143
-3.4236 -3.0191
-6.6549 -9.1595
-7.9695 6.3583
0.5709 -5.4978
-5.0319 -5.1700
-6.0822 2.6945
-9.0868 -5.1007
-6.4843 -5.2343
-5.3474 -5.4222
-5.3634 -8.6710
-9.7154 -4.7872
-6.3638 -6.9011
-4.4112 -6.7672
-2.6694 -4.9924
8.5379 -4.9285
-8.8163 8.1637
-3.2556 -5.0004
-4.3021 -5.0681
-4.9040 -7.9494
-7.0251 -8.8164
2.4739 -1.7489
10.6038 -9.0879
6.8850 7.3838
-9.0850 -4.2594
9.8565 -5.2779
-8.6949 -7.9304
-4.6771 -5.3001
-6.4976 -3.0730
9.4519 -7.5708
8.9103 -5.2592
-4.7891 -4.9970
-6.6295 -4.9279
-4.3099 -8.1382
-8.9731 -8.0838
-8.4508 -6.1313
7.7703 -5.7761
-7.2714 -8.1753
-5.6236 -1.3487
-9.3163 -4.7682
-9.5709 -7.0673
-4.7010 -6.3129
-4.8889 -4.9402
-5.1438 -4.6939
-8.3639 -5.8912
-5.1704 -4.6069
-2.9736 -5.2462
-4.9274 -9.0845
-2.5104 -8.4821
-4.7741 -5.8386
-2.5032 -4.9006
-4.9917 -5.3211
-8.6996 -5.4263
3.2311 -5.0927
-5.2120 -5.7339
-7.6937 3.5709
-4.4445 -4.5693
-4.2241 -7.1439
-5.3214 -6.9958
-7.2155 -8.9224
-6.1829 -5.1776
-7.5028 -5.1361
-5.4126 -5.1786
-5.5568 -4.6743
-8.4929 -3.3530
1.2493 -4.5630
8.5932 -8.8036
-5.4872 -0.9884
-5.3013 9.0296
-8.9899 -5.8732
-5.8259 -4.4981
-8.7051 -5.2266
-5.9180 -5.3076
-7.1771 -6.4989
-5.7814 -5.0524
-0.0623 -4.9232
-7.9685 -8.3136
8.5037 -5.1097
-5.6442 -7.3011
-6.8563 -8.5665
-4.7162 -4.9849
-5.9083 8.5762
-8.9425 -2.9233
-7.4333 -6.5383
-4.6932 -5.3505
-7.9520 -8.4799
-5.8781 -6.2432
-8.4164 -8.4102
-8.4438 -5.2412
8.4150 -5.4116
-5.8096 0.9440
-7.2569 -8.5158
-8.0958 -8.5316
8.2437 -5.1587
-8.6188 -4.7850
-5.5879 -7.5504
-6.4602 -5.1801
0.2835 -5.4709
-7.2008 7.6919
-3.5282 -7.5998
-5.3612 -5.3392
1.4127 -5.1952
-8.1620 -5.9663
8.3006 -6.2386
-8.9189 6.7988
-3.6990 -4.9347
-1.4085 -5.1571
-4.7216 -8.6242
-8.6082 9.3706
-7.6282 -2.5235
-4.4570 -9.0635
-2.9033 -4.1606
-3.4226 -2.8218
-3.3472 -7.5727
-5.3547 -4.8665
9.0760 -9.3439
-4.5054 0.3436
-4.9945 11.5900
-6.6579 -4.7591
-4.9300 -7.8106
-5.9013 -6.2145
-6.5990 -8.8057
-5.3188 -7.7144
-9.1994 -5.9021
-6.5726 -6.2914
-4.5174 -4.8396
-5.1018 -7.8256
7.9255 -8.4623
-5.1033 10.3955
-5.0019 -1.4679
-5.0697 -6.0347
-8.8077 -5.4948
-2.7100 -6.3956
-8.6513 -4.9879
10.7247 -2.6132
-7.7976 -5.3419
-6.8850 -6.4954
-5.7013 -0.2269
-8.4228 -4.9058
8.7387 -5.0340
-9.7779 -5.5575
-5.4099 -8.2988
-5.1507 -7.3419
-8.7842 -5.3017
-5.1882 -5.4396
-9.4878 -5.2664
-6.1722 -8.9403
-5.1960 -9.1441
-5.2268 -4.9676
-4.8872 -5.0039
0.5200 -5.3453
-6.7345 -4.3533
-4.9242 -4.8285
-5.2148 -9.0295
-7.3723 -4.9007
-5.2366 -4.5647
-3.8318 -8.3887
-6.5616 -7.4684
-5.2082 -5.0592
-5.1632 -4.7721
-8.9569 -6.3718
-5.1285 -4.9253
-6.0075 -5.5392
-6.0409 -5.0980
7.2996 -6.6453
-4.9152 -9.2259
-8.9818 -9.0699
-5.2142 -4.8361
-5.3606 -6.8872
-4.5492 -3.1050
9.5593 -7.0351
8.2020 10.9068
0.5843 -6.2590
-8.0837 -6.2484
-4.9795 -5.9912
-5.2948 -5.4782
-6.5858 -4.2810
-5.0243 -5.9308
-5.2829 -8.2579
-8.4954 -5.1582
-5.9980 -6.0049
-7.0562 -4.8553
-5.9375 8.5913
-9.1270 -6.1628
0.7062 -5.4436
-8.6777 -4.4708
-0.3434 -5.0530
-5.4749 -4.7372
-4.5025 -7.6839
-5.2340 -5.0033
-4.8596 -8.0636
8.3231 -4.9230
-5.1674 -5.4725
-4.7135 -5.8305
-5.3242 -6.9184
-4.0666 -7.1101
-6.2428 1.2043
-6.7740 -8.6153
0.4703 -5.3336
9.3824 -6.4357
-5.3802 -5.3099
-4.8007 -7.7984
-6.8779 -9.1601
-5.5695 -8.9286
-0.9829 -8.2470
10.2588 -8.2444
-1.9744 -5.8996
-7.2374 -5.1638
8.6558 3.1472
-5.3428 -5.0606
-5.6367 -5.0832
-5.1556 -7.2671
-4.5997 -8.9737
-0.4973 -8.2582
-8.3326 -5.7453
-5.2545 7.5027
-5.7546 -6.8411
-1.3522 10.0850
-8.2143 -8.5579
-2.4956 -5.4238
-5.9624 8.4895
-7.1232 10.3715
-6.8015 -5.1725
-8.2722 9.1083
-4.9577 -4.0276
-4.4550 -4.8152
-5.9913 -4.6178
-5.3673 -4.8537
-8.0622 -8.5201
-4.4345 -5.0307
-8.3503 -7.7279
-8.7623 -8.6188
-7.1250 -6.8029
-5.3441 8.0539
-4.2366 -5.5262
-8.2404 -2.8502
-5.8034 -7.9148
-5.0584 -9.5361
-4.8391 -7.7247
-4.1467 -8.4690
-7.6028 -5.8230
-5.5090 -6.1489
-7.7498 -3.2078
-1.5650 -8.9098
8.6040 -6.6084
-2.6156 -6.6667
-4.9683 -5.0081
-8.0870 -8.4927
-7.0636 -8.1083
-9.4513 -5.1789
-5.2908 -7.2962
-5.2805 -5.2348
-5.5174 -8.5966
-5.6217 -4.5279
-5.5014 -6.2315
-8.1930 -8.9196
-7.1719 -0.4877
-9.0099 -5.1188
-6.2074 -4.7031
-7.8075 -1.6972
-9.2768 -8.5811
-4.4896 -6.8897
-4.6941 -4.4500
-8.5614 -5.6622
-5.0894 -8.6071
-8.3659 -4.7196
-5.5179 -6.8223
-7.4222 -1.9065
2.1867 -5.6837
9.2270 -8.6373
-4.9783 8.5932
-8.1324 -5.9168
-9.5399 -4.7065
-9.0827 -9.7691
8.4192 -6.6702
-0.9358 -5.2280
-5.1336 -5.8894
-9.4695 -8.7532
-6.8048 -8.9151
-9.3967 -4.8439
-5.3375 -4.9916
-4.5770 -4.9111
-8.3487 -6.4255
-5.2480 -6.4604
-6.6071 -8.6593
-6.9153 -4.8898
-8.6914 -2.0821
-7.2237 -4.7734
-5.0501 10.0063
-5.1755 -6.5623
7.5395 7.4143
-6.0725 -6.0594
-5.0461 -5.1570
-9.2736 -5.0975
-9.1291 -9.0162
-9.4134 -5.1073
-6.2583 -2.4177
-8.7756 -5.7905
-5.1067 -9.1842
-5.5748 -4.2161
-4.7961 -6.4973
-5.7439 -4.6042
-5.0946 -5.4412
-4.9083 8.9691
-5.5611 8.7317
-8.0080 -1.7870
-4.2888 -7.7618
-4.7872 -5.2413
-3.2106 -4.8304
-5.8793 -5.7581
-5.9051 -8.4904
-8.6721 -8.8196
-5.4173 -7.2287
-9.6718 -4.9889
-2.3954 -8.3153
8.3395 -8.4627
-4.7264 -4.9212
-4.3968 -5.0858
-6.7561 -8.3915
-7.2051 -5.0255
-4.9604 -9.0613
-2.7783 -8.6344
-8.0169 -4.3659
-4.9899 -4.9193
-5.0882 -5.7358
-4.9121 -8.4500
-7.4278 -5.4977
-7.8649 -9.0045
-5.9179 -5.2742
7.8814 -5.2011
-4.9204 -9.1537
-5.2550 -7.4459
-9.2003 -8.0519
-6.0708 -4.6529
-5.2316 6.3416
-8.3899 1.9758
-5.1152 -9.0063
-5.9110 -8.3672
-6.7227 -5.2615
-9.8682 -4.5649
-6.8499 -6.7483
-5.3918 -7.5110
-5.7045 -8.1397
-5.7455 -7.6733
-9.1291 -0.7430
-8.6312 -5.0157
-9.0241 -8.6954
-3.4968 -6.5547
-2.6228 -5.2077
-3.3967 9.0061
-8.0312 9.2258
-8.1787 -6.3248
-4.9248 -6.2329
-4.5185 -6.4186
-7.3089 -0.9690
-2.6275 -9.2090
-5.8430 -6.6530
-9.2696 -5.4651
-8.8701 -4.8253
-5.1068 -9.0626
-8.8946 -6.2780
-5.6137 -5.2723
-2.9917 -1.8475
-4.6752 -4.5655
-4.5695 -4.8601
8.3150 -5.3262
-1.1956 -5.6494
-5.0949 -8.1642
-8.8587 -9.0723
8.3639 -4.5760
-7.6914 -9.1445
-4.7714 -8.0419
-5.1633 -4.5973
6.8456 -6.1504
8.5406 -5.9464
10.3461 -9.5560
-2.9096 -6.8445
-8.8405 -6.3563
-3.1418 9.7141
-9.3218 -5.2775
-5.2446 -4.8074
-5.4256 -4.7836
-8.5414 -9.0304
-3.0750 -6.7595
-4.9341 8.6737
-6.1501 -5.9299
-6.0833 -4.6360
-8.6424 -6.5588
-4.5074 -2.3830
-8.0844 -5.0800
-8.9063 -5.1231
-5.6793 -7.8606
-6.3483 -8.5345
-5.2521 2.3915
1.5632 -6.4711
-4.9866 -4.2902
-9.1749 9.5426
-6.3401 -6.9704
-5.0768 -6.9705
-5.6319 -8.7576
-6.9278 -7.9516
-6.9757 -7.9655
-9.1499 -5.0269
-8.2531 -4.7727
-8.8022 -5.1135
-5.8086 -5.5753
8.7788 5.0335
-8.0751 -0.5504
-8.0614 -7.5380
-1.2859 -7.6391
-4.5838 -8.8698
-5.2627 -7.8045
-5.0888 -4.8058
-1.3383 -0.1562
-4.9340 -2.0721
8.9918 2.8265
-4.9443 -5.3807
-7.4660 -7.6914
-4.5761 9.6473
-6.5061 -8.5813
-7.8456 -4.8394
-7.9584 -6.2652
-7.5703 -9.0475
-6.0329 -8.7111
-2.0482 -4.3583
-4.6814 -8.2266
-8.6349 -5.2552
10.0521 -6.1127
-5.7917 -8.1319
-2.5474 -4.4708
-3.5044 -8.2137
-4.4902 -8.3717
-5.1173 -7.9881
-2.6684 9.4178
-5.6956 -4.7062
-6.9723 -6.3531
-5.4761 -4.4980
-4.8875 -4.7425
10.0116 -6.7077
-5.2025 1.1143
-5.4671 -5.6079
-8.5941 -5.1879
-6.2671 -5.4864
-6.2505 9.3711
-4.9342 -6.6920
-4.7553 9.5452
-5.0220 -8.6042
-5.8044 1.8749
-3.6481 -4.7178
-4.4746 -4.7540
-6.6126 9.3024
-5.2721 -8.5016
-4.1297 -5.5712
-7.4972 -7.8261
8.4577 -7.8211
-3.5547 -1.7086
-6.1451 -5.2246
-7.3907 6.4335
-7.8977 -4.8463
-7.1360 -6.1354
-4.5304 -6.6809
-9.0767 -7.5792
-4.7093 -0.1829
-4.9023 -4.9863
-8.9316 -7.1998
8.8884 -5.3790
-7.9945 9.1468
-7.4556 -9.4803
-6.6384 9.5725
-5.0388 -5.8689
-5.3000 -5.3670
-6.8363 -8.6972
-4.6844 -8.1414
-6.1047 -8.6047
-6.4789 -8.5008
-3.6411 -5.2533
-4.9354 -4.9353
-8.1216 -4.6160
-8.6087 -7.2533
-5.2936 -7.9412
-5.1657 -5.0474
-4.4258 -8.6903
-4.9350 2.2591
-3.7803 -2.4974
-5.2625 -6.5992
-4.8188 -4.7423
-0.6242 -9.1257
-6.5474 -6.4100
-5.4282 -6.7852
6.8888 -8.4777
-1.6108 -9.0592
-4.8151 -4.8334
-6.0534 -8.9338
-1.3146 -7.1284
-5.7234 7.8438
-5.0144 -7.2574
-5.5255 -8.3635
-4.7683 10.0857
-6.7850 -8.7052
-3.1882 -5.3462
-5.4026 -5.7906
-5.2816 -6.8029
-4.0094 -7.4292
-8.9687 8.0087
-6.0955 -3.6184
-4.7649 -1.2065
-9.5840 -8.6021
-4.9988 -6.5259
7.1973 -8.0766
0.7529 -9.4451
-5.3545 -5.7269
-2.8733 -7.4331
-5.6192 -6.7082
-5.5226 -1.2704
-7.5700 9.2345
-8.4126 -5.4986
-6.0488 -5.0468
-5.2332 -9.0035
-5.3111 -9.6363
-8.7493 -5.8868
7.3980 -9.8236
-3.9316 -6.5151
-5.1463 -8.2655
9.1442 -4.7207
-8.3017 -5.4444
-5.3915 -8.8988
-5.4692 -8.5467
-5.5889 -5.1403
0.6964 -8.8816
-5.8003 -5.0321
-4.8315 6.8594
-3.2069 -4.9658
-4.8600 -1.1036
-8.1668 -5.2909
-5.1442 -5.1088
9.3322 -5.6204
10.3187 -5.1997
-6.7318 -6.5222
-7.6901 -5.8268
-9.1114 -8.5919
-7.5118 -4.0146
-8.1171 -5.0406
-3.6898 -9.1969
-8.4347 9.3071
10.4303 -3.0588
-7.2702 -6.8416
-5.9364 -5.4241
-4.8296 -6.3298
-4.9644 -5.1551
-4.7761 -8.8044
-3.4574 -5.6968
8.4056 -0.8639
-6.4552 -5.3540
-4.9150 -7.4259
-8.0407 -5.9414
8.2432 -7.8169
-5.0505 -4.6365
-5.3559 3.9602
-4.5082 -6.7141
-4.4050 -7.2484
-5.7395 -4.9686
-5.7972 -7.7528
-5.2156 -7.6174
-9.5973 7.9782
-5.0131 -5.0560
9.2108 -4.8285
-1.3036 -8.3945
-3.5337 -7.5812
-4.3562 2.0013
2.0258 -1.1815
-4.8941 -5.0191
-5.0715 -8.3370
8.6419 -7.9152
-3.4198 -2.3096
-7.8323 -8.1117
-8.3453 -4.9472
-4.9702 -0.6411
-5.9090 -5.1105
-6.8628 -6.4784
-9.2582 -0.8603
-9.3344 -4.8306
-6.1008 -4.6620
-7.8593 -8.7763
-5.8983 -3.7957
-7.5424 -5.9251
-6.1956 -5.7600
-1.3809 -5.5697
8.6782 -8.0989
-4.8226 -6.0991
11.3123 -8.5642
-5.2225 -5.0298
-4.4726 -7.5873
-3.1502 -4.7420
-0.9192 10.7334
-5.4383 -5.4076
-6.3982 -4.6857
-9.6749 -8.3051
-7.1780 -8.4601
-5.1517 -5.0600
-5.1305 -7.4951
-4.8125 10.5361
-5.1290 -5.2133
-6.0453 8.6701
-7.5064 -8.8126
10.5482 -4.6654
-5.9250 -6.6450
-5.3317 -4.8699
-6.6013 -4.9612
-5.5192 -0.6418
-8.4118 -5.7391
-6.8664 -5.2514
-6.2209 -5.6595
-4.5433 -7.8774
-8.0398 10.7368
-6.5610 -6.6416
-7.7835 -9.1614
-1.7891 9.4958
-6.4258 9.9803
-7.0173 -5.7501
-8.1009 -8.9266
-9.1505 -4.7631
-4.8669 -8.8317
-8.4037 -4.8089
-5.0082 -6.6488
-4.6631 7.8925
-5.9867 -7.9933
-8.7324 -8.2531
-5.7864 -5.1281
-5.4847 -6.7096
-5.4105 -6.0686
-5.2410 -8.4731
-8.7921 2.7970
-9.7042 -6.2090
-4.5701 -9.0809
-4.8046 -5.2698
-6.1785 -8.8906
-5.3084 -9.3539
-5.3654 -5.1271
0.1257 -5.2128
-4.8601 -6.2680
9.9450 -6.5621
-5.3855 -4.3714
-4.2735 -8.8091
-8.1682 8.8589
8.6048 -4.5022
-4.7016 -8.8757
-8.9229 -5.0368
-2.2682 -9.0086
-5.1153 -4.9932
-8.2427 -4.8591
-4.8158 -8.8959
-4.9157 -3.0310
-5.1768 -5.6701
-8.0087 -4.7929
-4.5110 -5.2132
-8.4011 -4.9503
10.6769 -8.1694
-5.7451 -5.1494
-8.2105 -4.5705
-5.8625 -5.2061
-4.6354 -5.3006
-6.3605 -4.6227
-8.4786 -5.1631
-8.6815 2.5643
5.9747 -5.8913
-8.2884 0.1517
-6.5894 -5.8423
-4.8782 -8.3933
-4.9443 7.9005
-7.9380 -5.9765
-5.0678 -8.8078
-6.5430 -0.7532
-5.6981 -5.1229
-8.8845 -8.5790
-5.4321 -7.0623
-4.9831 -5.3146
-4.1130 -0.9789
-4.8112 -4.6502
-5.8313 -5.3991
7.1280 -5.0516
-8.4767 9.0757
-9.1552 -8.5822
-5.1643 -6.3063
-7.8593 -6.2410
-9.1925 -5.7448
-5.4103 -8.0256
-3.0846 -5.2270
-5.6316 9.1557
-8.7927 -5.0056
-7.2319 -4.9474
6.9715 -4.0282
-5.2643 0.0562
-7.2220 8.9240
8.7108 -5.7958
-6.0580 -8.3214
0.2513 -8.9287
-5.3688 -4.9221
-7.5882 -7.7758
8.1560 -4.8645
-8.4922 6.9484
-6.3847 -8.3220
-1.6605 2.7850
-8.5068 -5.6968
-1.0338 -5.0555
-6.6797 -8.5220
-5.0618 -5.2920
-4.7771 -4.7356
-9.0372 -5.8401
-6.5208 -6.8814
-4.8204 7.3336
-5.4803 -8.9898
-4.8591 -5.7806
-5.0714 -5.6503
-4.8891 -6.8788
-6.8584 -8.8295
-4.8716 -8.6316
-7.3142 -8.5631
-6.3906 -4.9045
-7.5372 -8.8451
-5.5383 -6.8982
-1.8745 -7.7998
-5.2398 -5.7498
7.9644 -5.1266
2.8532 -5.2581
-5.3247 -5.6222
-5.6648 -3.9170
-8.1269 2.4753
-4.9651 -2.9603
-6.5780 -6.5200
-4.3343 4.1449
1.2255 0.2494
4.7739 0.7702
-2.7680 -4.3132
4.7671 -4.6605
4.8014 4.3664
0.8351 -6.5488
5.8750 0.9636
4.1074 1.1176
2.9552 0.8895
-3.6138 -7.1988
-4.2437 -2.0006
-7.8575 -2.1350
-3.7299 -7.8351
-10.1861 4.2500
2.0171 -5.0386
-5.0610 5.2089
4.9133 -2.3752
-7.7561 4.3409
2.0470 1.1643
3.1723 -7.7428
-4.2545 1.1607
-8.7371 -4.7269
-3.3929 0.1145
-2.4797 -3.7001
4.3130 -8.9850
4.2012 -3.8035
-1.7010 -2.1633
-1.9500 5.3481
0.9959 -10.5471
-7.0428 -0.4644
-4.7334 -2.1939
-9.1676 -5.7861
-6.3725 5.2015
1.0274 4.3962
-2.0901 -6.3060
3.9212 4.6111
1.7456 0.3349
-1.6327 -10.2519
0.7402 2.5748
5.8929 4.2956
-7.9139 -7.2158
1.0559 3.1516
5.7579 -1.1626
3.7653 1.2116
3.9679 -5.9378
-4.4241 4.8242
2.1750 3.6455
4.6418 0.4563
0.4720 -7.1725
-7.7486 4.4606
-3.3376 2.7487
0.8244 1.6005
5.3981 -2.1387
1.5845 3.4406
-3.0134 -3.7310
0.8786 1.9552
4.0698 4.8544
5.3796 -6.8643
4.7134 -2.1878
-6.0246 -6.2883
-5.2080 -6.8834
-4.4785 -2.6543
1.2012 -2.9728
-2.5174 5.4115
-4.3216 4.4876
-6.5469 5.3140
4.6248 -6.6901
-6.5995 -4.8220
-5.7216 3.9117
-11.7011 -1.2551
-5.4616 -4.0354
-3.1770 -4.8394
-5.9221 1.1837
4.4143 -4.5721
-4.8217 -10.4880
-3.5290 3.7212
5.2588 5.9226
-4.0477 1.8190
-8.4517 -5.2470
-6.3618 4.4458
4.3809 3.4704
-0.9727 2.9203
-8.4523 3.6812
4.8818 -3.0905
2.3064 -4.3691
0.1023 1.9299
-8.4795 0.2069
-2.1836 -3.8958
-0.2767 -3.4108
3.8704 -7.7310
-5.4367 -8.0065
-4.4510 -4.8251
4.4936 -5.2039
-2.9037 -3.0981
-4.5275 1.3964
-11.5318 -4.8187
4.3905 4.3479
1.1100 -2.3839
-7.1843 4.9680
-6.6905 2.5066
-11.4292 4.4303
-0.5854 0.0775
4.8768 -10.0934
-5.2038 3.4811
-2.8058 -5.6767
-3.8475 -3.5655
1.4864 2.5861
-3.8130 -1.6525
1.4790 -3.5925
5.3490 1.0219
-5.6962 3.4631
0.3271 -4.4941
1.8547 3.1900
0.5482 -5.4083
-5.8175 -4.4129
-5.1072 -8.7423
0.6878 -9.6212
-6.0633 -3.9644
-1.1085 -4.9333
-3.0176 -5.8382
-4.3836 -4.6285
-5.9880 -2.5748
-10.3932 -4.8221
4.3519 4.4730
-1.1733 -6.6400
4.9028 -4.1850
3.8970 -9.9812
-3.7864 0.4962
-4.0339 -4.9001
0.2090 1.8149
-4.6699 -4.7940
4.8970 3.6083
3.9800 -4.1259
4.0090 -4.8931
-7.3006 2.9263
2.6013 -4.7350
2.6019 -4.7709
-1.9986 -10.3006
-4.0806 -4.3272
-11.4785 3.6184
1.2002 -7.8554
4.7428 -5.1522
0.7486 4.8430
-8.1841 -0.3150
-3.9010 4.8538
4.4783 -4.5467
2.2384 -0.3735
5.2040 0.0470
-5.0414 -5.8727
-5.1153 5.3064
4.1755 -5.3538
-3.6981 -0.7296
-5.5469 -5.8070
-5.3086 -4.7238
-11.8877 -11.0744
-7.8163 5.1011
-5.1102 -6.5191
-7.0195 -4.8850
-9.7603 0.6402
-5.2088 -8.7950
-7.7799 4.5338
-6.1983 4.9932
-3.4922 -4.0928
-6.4546 -8.5011
4.2835 2.7136
-8.2726 -5.1135
1.1639 5.0340
-7.2273 -9.1052
0.9211 -3.3919
-7.9440 -2.4673
-2.4946 4.9871
1.8357 1.5589
-5.3801 5.6208
-5.4895 -7.5727
4.1243 -4.0041
-4.2682 0.5208
-4.2318 4.9150
1.5604 3.2564
-3.9817 0.6985
-9.1620 0.8602
3.5253 -6.5434
4.9354 0.0478
-5.0526 3.1414
-5.2486 -3.0945
-6.3530 -6.2762
0.1522 1.8429
-1.4028 0.1076
-4.3423 -5.5030
-11.6549 -8.5873
-5.9521 1.6396
-6.4343 1.6349
-1.2903 4.0584
0.4600 -3.5637
-4.5778 5.0907
-6.2350 1.8038
-6.6050 -2.4066
3.4307 4.7793
4.8268 -0.5396
-5.1795 4.4484
-5.5380 -4.3530
1.3344 1.7057
2.4427 1.6060
-4.7927 -4.6164
0.4799 4.6541
1.7941 -5.1499
-5.1478 1.6145
1.6133 3.9940
4.3543 1.0017
-5.8291 -7.9179
-7.9478 2.2032
-6.2169 -1.0921
3.4291 -3.8991
1.7061 1.1078
-3.6464 -7.8948
3.7082 1.3696
3.0891 4.3937
2.4190 4.3315
0.2224 5.1207
5.1916 0.1256
-4.9367 -8.3184
-2.1242 -3.8828
2.0333 -7.0232
2.5889 -5.2265
-4.7846 -3.6163
-11.4281 -3.0894
-3.0780 -9.4779
4.2607 4.6646
-3.8914 4.4987
-3.5053 -5.3178
-7.2848 0.7362
-7.6371 -0.0724
-6.6052 -3.9802
-2.3604 -3.0311
1.3864 1.8561
-4.2220 2.1656
-4.5384 1.6980
5.1279 -5.6520
1.7097 1.0605
1.7500 -0.8556
-8.4305 -0.8869
-3.0893 4.4829
-3.2542 0.6113
3.9371 3.9498
-3.2560 -11.7575
-3.1065 -3.8392
1.1474 3.6136
-8.7858 4.0883
0.2320 -4.5940
1.1427 -6.0589
-5.8209 -2.4022
-7.1081 3.7715
4.1117 4.7960
4.5714 1.4664
-3.5845 1.9407
4.6552 -3.3718
-2.3687 -5.7869
-4.2386 5.1892
4.8218 0.4930
3.8209 4.8904
-4.2623 -5.4005
-7.1209 -4.3334
-2.5517 -3.2871
-9.1777 5.0682
-7.1750 -8.0736
-4.7547 -4.9140
4.4785 -5.4438
5.2867 0.6778
5.0124 5.1477
-6.6457 4.0649
1.1925 -4.7920
-10.6717 -2.2102
-4.3931 2.2772
4.4697 2.8640
-6.3899 2.1579
-4.3104 -2.8511
-6.6395 0.5421
-3.2784 -4.7769
-8.1688 4.8192
-1.8724 4.6093
-3.5336 -0.6997
-7.1056 -7.2980
-9.6969 4.1524
0.2273 -1.9530
-4.0403 -0.3043
-3.8861 -2.6748
-3.5236 -6.6713
-7.0957 4.2810
4.4043 0.9453
-3.6680 0.6503
5.2906 -4.9104
-5.8746 4.7718
-3.5899 5.0658
-7.3381 -2.9063
0.7765 -5.0894
-7.0897 -8.2239
5.2523 4.7049
-3.4815 -5.2869
-5.5572 1.8558
-4.3921 -3.2302
-5.4214 -9.7867
-6.0682 -4.2911
-2.8000 1.2501
5.3748 2.3012
1.7936 -8.2276
1.6160 -8.0701
-6.5201 3.5038
-2.7730 3.5103
3.3596 -2.5855
-7.3275 3.4100
-2.6588 0.0571
0.3267 0.5004
4.0501 -3.7366
-6.0486 -3.9638
-5.6764 -4.0629
5.1511 -4.8955
4.5492 5.3361
-4.1529 4.8227
-4.3577 -3.6702
-3.4766 5.2012
0.4788 -3.8784
-8.7465 5.1428
1.9383 -1.4663
4.2038 -7.8346
-1.9936 -10.0031
2.5458 -5.9854
3.1481 -5.2303
0.4007 -10.8178
5.4562 4.9614
3.3495 -1.0865
-1.6997 -7.1019
3.5800 -3.9547
-5.2997 -3.0765
3.5593 -10.5703
2.0888 1.5141
-10.9010 -7.0352
-4.1570 4.3295
2.6295 1.5020
1.0607 -4.2954
-4.6315 -11.3481
-8.8551 -8.4850
5.4108 0.4842
-6.0710 -8.9851
1.8432 -0.6783
-1.3351 3.3805
-4.5662 -4.8696
-4.5056 -6.5143
-7.7789 -4.2734
-9.6536 -2.7363
1.4757 -5.5127
-6.1995 4.4028
-5.1089 -3.4736
5.2936 -6.1762
-11.0326 -2.9489
-10.3567 -2.5359
-3.5099 1.9201
4.1706 -7.9847
-3.0835 -3.1268
2.5497 4.8376
3.7960 4.0866
4.4680 4.7261
2.0903 2.1844
1.1417 -3.2072
4.6456 4.0327
2.2494 -2.7485
1.7224 -6.1136
-6.5686 -4.3290
-7.4043 3.8512
5.5677 -3.2373
-7.2261 -8.8139
-6.9746 -3.1662
3.7600 -9.4871
-5.6027 -1.3335
-2.7514 -2.6447
-4.2529 -6.2464
2.4582 -6.7070
-6.7750 -6.8251
-4.8244 -3.6620
-2.6434 -4.5342
-3.8063 3.5403
2.3733 1.8272
4.3182 1.8165
0.9414 2.9446
-1.1300 -6.7385
4.5638 4.4931
-2.1774 1.5374
0.1747 2.7319
3.5733 -3.6890
4.6807 4.0750
-2.1654 -5.6180
4.0947 0.1402
-5.7500 -7.7511
4.5223 -4.7000
0.9353 -4.7016
3.3451 4.1385
5.2171 -6.9290
1.0038 -7.9061
4.3590 -7.8228
1.3322 -3.6673
0.7384 -1.9447
-8.3362 0.5849
-2.9724 -3.7547
-1.9739 -8.5037
4.8826 4.1784
-4.3980 -7.6860
-3.7840 -3.8447
0.9292 -3.4135
-5.1528 -2.9261
0.5462 2.0035
0.9067 -3.6358
4.5796 0.2220
1.9134 3.2400
-6.3087 -3.4305
5.2949 4.3715
-15.0186 4.9365
1.6130 1.5908
0.7626 -3.5396
-3.9645 -2.4016
-9.9455 1.6869
1.4571 0.3920
-7.9766 0.5833
-8.8290 0.1348
-10.9134 4.0104
-4.1133 1.8511
4.0441 3.9817
5.3176 -4.8085
0.5398 -1.8186
3.5488 -0.1699
-6.4806 4.2418
4.0868 4.6980
-3.5353 -5.0531
4.6320 3.5964
4.7042 3.9658
4.1591 0.5868
-3.1780 -7.9944
-5.4495 -11.4848
-2.3273 1.7859
2.7965 4.3515
2.1262 -2.4874
1.0081 -4.3953
-7.0617 -5.3160
-3.1339 3.9907
-5.0083 -7.3444
-3.7660 -4.9889
-4.8026 -9.8933
4.9140 -2.3670
-5.9246 -10.9281
-3.5635 2.1951
-6.8122 4.4006
4.5618 4.1020
-1.1549 -5.6059
5.0653 -5.2174
-6.8432 0.3811
3.8199 -4.8237
-4.2925 -3.2968
-1.6626 -3.9581
-5.5093 5.0441
-3.6982 -5.2656
-10.7396 -6.2650
-4.1459 -4.6489
-8.1001 0.8840
3.4562 -6.6394
0.1595 2.0416
0.0088 2.0792
-5.1875 0.5949
-6.7974 4.2706
-6.6358 4.9626
2.2933 -6.4680
-1.4762 -5.9226
2.5886 0.6617
1.7178 0.7760
4.6291 -6.2166
-5.0435 -2.2255
-12.6777 0.5782
-10.1945 1.4241
2.5342 4.7614
3.8269 -3.9608
-6.8026 -3.8086
4.0795 -6.0054
-1.9415 1.7353
-4.2410 4.4306
-8.2738 -2.3674
3.3707 4.5609
4.5106 0.9681
1.6329 -4.2846
-10.3244 0.7146
-8.0176 -2.9570
-6.4217 -4.9585
2.9265 3.7639
4.2068 3.6556
-2.8102 -2.8254
4.2477 -5.2759
4.2592 -5.4561
-5.9019 4.0348
4.8918 3.9006
-1.1464 -6.9429
4.3444 4.4645
-8.5140 -12.5890
4.3829 -6.6308
4.0566 3.8303
5.4552 -9.9739
4.2502 4.3332
-2.7144 -6.5380
-6.2954 -3.4150
4.5210 1.0959
-9.8863 -7.7644
3.6263 4.4665
-3.2749 4.7817
1.9115 0.7198
-4.2273 -8.7858
-0.1424 -10.0052
-1.1708 -5.0076
4.5299 -2.7150
-3.6864 4.0076
-0.7044 1.4068
-9.7022 1.6739
-4.7268 -2.8473
4.4047 5.5000
-4.2272 1.0765
2.3450 4.0360
0.3418 -5.7440
-7.5122 2.1242
-5.6647 1.6485
-4.8879 3.9054
-4.4750 2.8334
-4.1627 -4.1439
0.6265 -4.2561
2.7154 5.9372
1.2461 1.2448
-5.6928 -4.5690
1.8124 -1.4644
-3.4706 -3.8107
-5.5424 -0.6720
4.3964 1.3034
5.2040 1.5281
3.3421 1.7280
3.6489 -3.6629
-3.2035 3.8237
3.7361 4.7027
-4.4368 2.3569
-0.3443 -4.0439
4.3450 -5.8832
-2.3937 -7.1550
-4.3189 -2.6885
-8.1268 -3.8153
4.3143 -3.0775
1.6516 -0.0019
-7.6534 2.2247
0.8242 -5.2747
-6.0954 1.8190
-4.5549 -5.6015
-5.0170 -5.5714
-4.7476 5.2479
-4.3977 0.2482
-5.4047 -2.1928
-4.9304 -6.6765
3.9679 -7.0361
4.1430 5.1580
0.4186 3.8557
-3.4932 2.5850
-8.9671 -7.5562
-2.5377 4.0573
-2.2128 5.0840
3.8900 0.3299
2.0154 -10.6226
3.5869 -5.0416
-5.5495 0.1097
4.2152 3.5773
-3.7125 4.2380
-5.4852 0.3312
2.4455 -8.1520
-5.9623 -7.9782
2.9532 4.7799
0.7488 -3.4761
-8.4108 -6.5205
3.5273 -3.9686
-1.0303 0.5201
-8.6192 -5.4446
-3.2777 -3.9569
4.8284 3.1763
4.8685 -6.0021
-2.0507 3.3108
-6.4589 -6.5571
-8.3682 -8.1322
-1.5295 4.4270
2.5317 -6.2979
1.2534 -7.8632
0.0670 4.9042
4.3435 -2.7503
2.0112 -1.7359
-3.7596 2.4871
-1.6687 1.2076
-5.3260 -4.4058
3.2635 -4.9837
-4.8478 -6.8747
-4.3830 2.6937
1.5029 3.6838
4.5889 -6.4719
-5.7753 4.6864
-4.2053 4.2924
-5.9517 3.9893
-10.1054 -11.2299
-7.1630 4.9954
-3.1732 -7.0115
1.5274 0.7617
-10.6679 4.5531
-2.5670 -1.4226
-3.5032 4.5117
1.5870 -5.1370
-9.0136 -7.2769
-8.5502 -4.0974
-8.6286 3.6025
4.5600 0.1421
2.3127 -5.6131
-10.4625 0.0704
-6.9331 5.0921
4.8726 -4.2574
-3.3185 -2.1953
4.3759 -3.5841
1.2287 2.2412
0.3005 3.8443
-4.7490 -5.3001
-5.3248 -5.2872
-4.4227 -5.2413
-3.4221 -2.4881
2.4997 -3.5701
-6.2781 -4.8405
3.7485 0.3460
-10.2358 -3.1307
-8.7618 -6.2667
-6.0243 0.9589
-9.1630 -9.0226
1.4562 -3.9017
0.9750 -8.2249
4.4064 -3.2995
-4.6968 0.5453
1.8151 -4.4825
3.7164 -3.2513
-2.4819 4.3880
5.4215 4.0934
2.4700 4.8524
2.0946 1.8111
-2.9616 -3.4482
1.3826 -5.6003
1.3991 -5.6629
3.6767 4.6312
-3.2876 -5.1682
1.0963 5.0919
0.8626 -4.2204
4.8272 -4.2819
1.5272 -9.5907
-0.5961 -0.0165
-3.1558 5.0843
2.0230 -6.1575
1.3613 -2.3064
-3.4344 -6.4062
-5.4841 4.4898
-2.5239 4.6909
2.1153 -6.2564
-4.4297 -9.5788
0.6104 2.4076
-4.9413 -4.1761
-2.7956 -4.6594
-7.7955 4.2303
-4.6921 -0.3304
4.9372 2.7780
-2.3629 -3.9073
3.0097 2.9516
0.7811 3.7937
1.6081 -3.1806
4.8366 -3.0233
-1.6893 -2.7326
-10.4385 -4.4895
4.4921 1.1195
-5.7801 -2.9677
-5.3774 -4.3849
-4.8752 -0.9594
-6.0376 -3.2578
-5.4661 0.7746
1.9837 -4.6930
4.3565 -2.6275
-5.9840 1.0628
4.2439 -3.6658
-11.2060 -5.2664
-3.5647 -9.1937
3.5020 0.7186
-5.6359 4.4440
3.9921 -4.4552
1.1369 -4.6221
3.8553 -6.0155
4.2688 4.8236
5.3486 -6.3941
-7.0782 -9.6118
-0.5512 3.9796
4.7229 -4.7150
0.1081 3.6341
3.5390 4.9198
-5.5038 -6.9531
4.3011 -8.0429
5.1550 -2.9268
0.3236 -3.2367
3.1274 4.4543
-5.6613 5.2358
4.1866 3.9150
-9.7356 4.7110
-5.3820 -4.2689
-4.6547 2.1915
-10.6794 -5.4635
-7.5637 -5.2579
5.1108 4.1980
-2.4811 -2.7790
2.7190 -3.1379
0.9830 -3.7020
-9.3469 5.8195
-6.4478 -8.9153
-7.3956 -9.6270
4.7138 -4.6730
-4.3690 1.5079
-0.3843 -2.9064
4.8482 0.8815
4.5874 2.0542
-0.2777 -9.4376
-5.8322 -0.0217
-3.3899 -5.4601
-4.5618 -4.1714
-2.1381 1.9345
0.8178 -3.1489
-5.7126 -3.4942
-8.1849 -5.9930
-11.5008 2.2534
-4.5096 -2.4043
4.1689 4.9773
4.0130 -8.5360
-3.2318 2.1024
4.7036 -7.1821
4.4955 4.0327
5.3406 4.2017
2.1712 2.8249
5.4078 -5.1252
-6.3177 -0.1154
-3.8388 0.1089
4.7205 -2.8316
3.1288 2.2714
-5.4782 -7.2127
5.4403 -7.3328
-0.8928 4.7162
-0.0381 -9.0474
2.3342 -0.1384
-5.0000 -6.1258
-5.5121 -3.8778
-4.0582 1.0110
-5.4420 -5.1467
4.6832 1.5519
0.8279 5.2262
-4.2094 -2.2324
-1.7600 -4.3919
-3.2580 -4.0087
4.7182 4.3568
4.3477 -6.2754
4.0545 -2.7802
2.0444 1.6410
1.1391 -7.1375
-2.6833 -6.6074
3.7623 -10.7211
1.3839 -10.2708
-2.5711 1.7419
4.2714 1.4938
-5.4940 5.2042
-8.5057 -3.3176
5.2428 4.5212
4.7661 1.9784
-7.3285 4.2332
3.7318 -1.9891
5.0837 5.0576
0.8502 -0.4683
1.3388 4.6452
-4.1495 -3.8385
-2.3907 5.6266
3.7155 0.4521
5.0911 -1.3829
4.0040 4.7842
-8.0018 -6.3709
-2.5988 -12.5813
3.8575 -0.4735
-3.0831 4.6206
-5.1266 1.4551
2.8062 -9.3479
3.9896 -4.5903
3.8937 -8.8576
4.9980 -8.2268
3.7666 1.2499
-7.5684 -4.7233
4.3848 -2.7127
0.8842 -3.8540
-0.5892 3.7559
-4.1499 1.1919
-4.3739 -6.7109
4.4430 1.0225
3.2143 4.2994
3.9970 -6.3615
-5.2541 -7.1256
-4.0485 -1.2747
4.4972 0.8745
2.8160 -5.2960
3.9485 -7.5018
-9.7108 -6.1974
-2.9878 4.7135
4.7409 -8.4519
-6.1048 1.4845
-3.2201 -8.6169
-6.5639 5.4338
5.0349 -8.9994
-3.3888 -2.0558
-3.6810 1.3051
1.6253 -6.8494
5.4453 -2.4205
-7.1779 -3.8031
-3.4607 -9.7363
0.4779 1.9226
1.8128 -3.9940
4.0194 1.9258
3.9855 4.7434
1.2476 -4.1770
4.6842 -5.0386
5.4035 -6.3287
-4.4675 -0.6413
0.7744 5.0653
4.4609 -2.5510
3.8561 2.9426
-8.8762 -4.9667
-4.0304 2.8095
-3.8086 -4.5847
4.6141 -4.0743
4.1086 4.1423
0.3666 -7.3223
-4.7645 1.4239
-4.2261 -3.5637
1.7431 -5.3943
-5.4288 -3.8475
-3.1586 0.6343
-4.3174 -1.2295
5.1863 -5.5709
1.5028 -7.9080
-3.4793 4.3629
-4.6972 -7.8154
-3.3798 4.8052
2.0712 -7.4651
-6.3972 -1.2253
1.3164 4.0528
1.5956 0.9407
-8.9597 -2.7939
-5.8144 4.4847
-5.2522 4.9318
1.1122 -4.5143
1.4546 -5.0548
-4.2282 -8.7049
-4.8317 4.9085
-6.9356 0.4965
4.2057 -7.9841
-5.4953 1.5964
4.2443 -6.1106
-4.0035 1.6377
3.4458 -5.0929
-11.8884 -1.8422
-1.7034 0.0702
4.2684 -5.1417
4.3289 1.7680
4.2625 0.1016
2.6106 -6.6018
1.3041 -5.6011
-0.6800 4.7053
-7.6960 1.6007
-7.6972 -9.0516
1.3860 4.0332
0.6110 -4.5924
4.5475 3.6339
4.1911 -6.2404
4.4633 -8.5665
-3.3264 -7.8560
3.9624 4.6329
1.8914 -1.9238
-4.9028 -4.1571
4.0341 -2.0140
2.0214 -3.1147
-5.6069 3.6477
-7.0760 3.6743
4.8404 0.5666
-8.1360 -2.9574
4.4054 -9.2599
-5.3698 -3.4307
4.6554 -2.8826
-1.1322 5.2092
1.6230 1.2943
1.4048 5.0532
4.6485 -1.5427
0.7084 5.1741
-4.3072 -4.3908
-6.3892 -5.5189
-4.4247 -4.5664
-5.9451 0.5323
-4.3820 4.2810
-2.4416 -3.0757
-1.3883 -3.1294
-0.1963 -8.0173
3.4163 -3.4378
1.0569 1.6926
-7.9179 -6.4433
-4.7649 -4.1901
4.2206 3.6931
-4.6194 1.2618
-6.3901 -3.1793
4.1012 1.9261
4.4570 -4.9912
-11.1944 3.6677
4.2928 -7.1470
1.5407 3.5375
4.6334 5.3380
-7.8909 -2.8895
4.9056 5.2540
-3.1450 4.3576
-8.9490 4.5140
-2.7414 -1.0408
-0.2415 -3.2203
-5.2093 -7.9413
2.3601 -3.4395
3.9667 -4.9803
-7.8185 -5.9694
3.7462 3.5842
-6.0300 -6.1633
0.3727 3.5234
1.6452 -6.8149
-1.2779 -4.1010
2.6262 -2.8775
-3.9609 -5.3328
3.9458 -3.6225
0.6433 4.9970
-3.2730 -2.6846
3.7149 -3.7079
-0.9512 5.3593
1.1742 -3.0988
1.7399 0.4787
-6.8064 4.3356
-8.1207 -8.9468
-6.9399 -3.8740
-4.9002 0.3682
1.8041 -3.2870
4.2665 -8.6276
-4.1043 -2.8229
-6.7381 -5.1444
-4.4211 -4.3516
-5.3363 4.3864
-8.0121 4.6116
4.9716 -9.0120
3.5638 -3.8793
4.2551 2.5104
1.4956 -5.8166
4.2674 1.8226
-5.6662 1.5403
2.1686 -5.6784
-6.8718 4.2598
-5.3960 -6.6988
-5.3561 3.5779
-2.3164 -3.9030
1.9624 4.7991
1.2345 3.5004
2.0447 -4.2224
1.3087 -2.4477
-5.8232 -3.0658
-2.2832 1.7713
-3.5980 -3.2840
0.0700 -4.3479
-2.0773 -4.6355
-5.3486 5.0652
4.9036 -6.9778
1.1451 -3.6278
1.8934 2.1060
-7.7908 4.7786
-4.1025 4.5673
4.8518 -7.2255
0.8588 4.0286
4.2692 3.6047
-6.1558 -4.7930
0.3954 -11.5148
-2.9750 0.6935
4.2980 -7.7898
-7.9742 1.3841
-3.3637 1.4767
1.2647 4.7519
-8.9405 4.2972
3.2180 0.1087
-3.9429 4.5292
1.0534 1.3557
-3.1729 3.8593
-8.1289 -7.3208
-1.1523 -2.6761
4.8236 -5.2013
3.4900 4.2451
-4.4649 1.1227
-6.7242 0.9168
5.4417 2.3066
2.6546 -6.6381
-7.7668 -5.0789
4.8407 3.5281
-6.5407 2.3123
1.6931 -9.6630
1.8079 0.0725
-9.1857 -2.4359
4.9177 4.3310
3.7170 3.4765
-3.1786 4.0492
-8.9983 -5.8058
1.7078 -8.2853
5.0226 0.6783
-3.2355 -4.7532
4.6524 4.3255
-5.4356 4.5875
-1.5767 -5.5599
-5.1735 -7.4394
-4.0019 4.4293
-5.4979 -3.9032
3.7396 1.6640
1.1170 2.2448
4.2063 -4.9535
-4.3368 1.5306
-4.2264 4.2117
1.2518 -2.3594
-7.9706 4.3793
-10.4182 4.3877
4.7215 5.0990
4.8191 5.2355
-3.1503 5.3198
-1.2100 -9.0917
-6.3812 -11.9964
1.0133 4.7322
4.1687 -4.3631
4.3122 5.3268
-2.4441 -4.8653
1.4940 1.5947
1.3153 -7.0602
-10.6048 2.2089
3.1033 -3.8215
1.6812 -3.5826
1.9953 3.3462
4.0819 -5.5257
4.0824 -7.2662
3.4384 -4.4399
4.0404 4.0505
1.2016 -0.7155
1.9095 2.1261
-0.6992 4.2670
4.0475 4.2760
-4.6569 4.2311
0.5403 -1.7425
-6.8127 1.2714
1.0051 -7.5015
-4.0014 -6.1418
3.9502 -6.3573
1.5658 5.4258
-4.2036 -0.5721
2.5938 -6.4075
-3.7293 5.1384
-6.4983 1.6449
-2.0544 -5.9715
-0.9868 -0.4638
2.3319 -2.0437
-6.3660 2.0770
5.1654 -5.6708
-5.5299 -9.6029
-3.4500 -9.0772
1.3210 -1.7165
1.9136 1.5824
-2.0012 0.4862
3.5972 1.8477
-0.1203 -4.6258
-4.7803 -4.9998
4.0833 -4.7430
-4.0589 1.4419
-2.0071 1.1876
-4.8973 4.4755
2.3158 -8.1585
-7.4703 -2.4821
-5.2654 -1.8079
1.7775 -4.1867
-2.5799 0.9736
3.7788 1.0564
3.5472 5.0369
0.9297 0.6546
-7.1856 5.5456
5.3522 -2.3593
-3.9894 -4.9017
4.3139 4.1232
-8.0341 -4.0788
-10.3272 -1.5592
3.5659 -7.7767
2.4880 3.5647
1.8713 -3.3193
-4.2732 -6.3878
2.0620 -7.4221
0.7053 4.3198
-4.5354 -3.9886
-8.4921 -3.7615
-5.7627 -5.8163
3.7689 -1.7848
-2.3511 0.5503
-7.5421 -2.4685
-5.3887 1.3280
4.1092 4.3170
4.0915 -2.8485
-7.2212 0.6371
0.1636 -5.7359
0.6159 4.4739
-2.7485 -3.5601
-6.3183 -6.3278
-2.7007 2.3342
-6.6286 4.3002
-3.8124 -10.0022
5.6751 1.6663
5.1941 -3.8906
0.8597 -7.8130
1.4850 3.7057
-2.7202 -4.0147
-7.0092 3.9688
5.2698 0.0996
-5.5604 -6.2712
-5.6765 4.1268
-7.8049 -5.4080
1.3590 -9.5833
1.8446 -2.4478
0.5332 0.9404
4.7783 -0.0089
-7.7880 1.2693
4.6085 3.6666
-4.1903 -5.0100
-0.2114 -3.7154
-1.8414 0.9338
-8.4497 -2.3527
-4.0693 3.8942
-3.5284 -5.0132
0.7872 4.4443
3.3239 -6.1092
-1.5647 4.7758
-4.5091 -7.9523
-4.4918 4.5326
4.0827 -5.0560
-11.5764 -10.2856
-5.6361 -8.6191
0.8943 1.5557
4.5039 0.8321
-5.2940 0.5092
1.9649 -0.1717
1.8998 -2.6986
-11.7021 4.3917
1.2401 0.9678
3.5586 -2.5859
-6.5890 -11.2000
2.9592 -2.0359
-7.5407 -2.2154
2.2269 3.8310
1.2178 4.2007
0.6680 -4.4961
-3.1758 -5.4228
4.3374 -6.5284
-1.9797 5.0611
-8.2644 5.1672
4.0701 -5.2243
-6.4704 -7.3607
-4.2501 4.8405
-1.5432 -3.5587
3.0129 -10.6919
5.1038 -5.9580
-5.0299 -8.8010
-8.5424 5.4643
-5.8992 -7.9529
1.1811 -5.1464
-5.2241 -4.5196
3.6847 -1.2529
-7.8875 -5.8855
-5.0598 -15.8059
1.3018 -3.5433
-5.3425 -10.7351
-0.1773 -3.7736
-3.2004 -3.4487
-5.0367 -7.2214
-6.1660 -6.5070
-4.6399 -6.7410
4.4626 -4.0225
-10.1467 4.7959
-7.7950 1.3800
0.8470 4.7935
-3.4664 4.0442
4.4983 1.1839
-5.5311 -4.1719
4.8415 2.2055
-3.9436 -10.3689
-7.4430 -5.9789
-3.9323 4.4022
-1.1591 4.6675
5.0564 -5.6966
-0.1502 3.7268
0.7820 -0.8008
1.4334 -7.5459
-0.7640 -8.1237
2.6420 4.8188
4.2520 1.3812
-7.8797 1.6683
-9.3897 4.4866
-5.6512 3.3820
4.2658 -1.4280
1.1887 3.4080
-6.9418 -3.5684
-5.7097 3.2166
-5.6964 3.5153
-2.8630 -6.0744
-0.3882 -4.8753
-6.7151 -6.6864
-4.0656 -4.8723
0.1730 -2.2154
0.1945 4.3545
-1.1912 -5.7944
0.7646 -4.0428
-7.1279 4.1813
-4.1092 5.6431
-12.7899 4.1796
1.5935 -1.9279
-3.4892 -6.0985
1.1596 -2.0128
6.0681 4.5247
-7.1191 -7.8721
-3.1632 -4.5436
-6.6608 1.8059
-4.9388 -8.9168
-3.2933 3.9268
-2.6309 0.6199
-8.1574 4.6705
-7.9327 -4.1330
1.8783 -4.9191
1.1445 -6.4597
-2.5961 -3.8733
-10.0885 -0.1498
-2.7917 -6.6194
0.0494 -11.5196
-4.2316 0.5769
4.7659 -3.4762
4.3881 4.3580
1.9058 -3.8874
0.7623 2.0129
-4.7558 -4.4377
0.5413 0.5881
-2.7453 4.9858
1.1751 -4.5432
4.2129 0.3187
4.5820 -5.8227
-9.5092 -9.0666
2.1112 -3.9555
4.6763 -2.7061
2.1000 -10.3977
4.6583 5.3417
-4.9836 -2.1930
3.8690 -5.8531
-2.6672 1.2226
-5.7276 4.8790
4.6521 -4.7482
-5.7318 -3.3353
-5.1306 -3.3158
-5.0363 -8.3808
4.2110 0.7085
1.0487 -3.4092
-3.9190 1.5680
-7.3438 -7.3191
1.3057 1.1977
-5.1434 -5.6414
0.8871 -4.4590
-5.1038 -2.7956
3.7623 3.4402
-3.8092 -8.4289
4.8716 -7.2843
0.1650 -5.1737
-3.8596 -5.6937
-6.0489 -6.6855
4.9672 3.5598
-4.0092 2.4544
-3.3227 -3.3560
0.4969 4.2886
3.1598 4.4840
-3.2655 4.6495
-5.7856 4.7353
-4.9978 -7.5279
-2.2640 -8.7020
-6.2082 4.0202
0.5029 1.1080
-4.1405 4.2136
5.6634 -5.1859
3.6769 -4.8188
0.8791 -3.0077
-4.6275 -4.5480
-6.3922 -1.5379
-7.5158 -4.6351
5.4644 4.7686
3.5100 -3.2527
1.9759 -6.2176
-2.7129 1.4845
1.5814 -7.2237
4.4018 -7.4113
-1.3305 -9.5888
4.0960 -8.5741
-4.2630 2.6569
-3.2413 0.9363
3.9078 -5.6308
-7.3807 -4.5719
2.2868 -9.8539
-5.9224 -6.5545
-6.2902 -10.8455
-5.4836 -0.6292
3.8870 -6.0540
-3.7978 -4.8381
-7.6541 -5.3289
0.9922 -4.1747
4.1204 4.2812
-5.7819 -3.5813
4.5015 -7.4909
-5.6037 -7.8236
4.3300 -6.6763
4.0438 -0.3083
-0.6649 -2.4670
0.4539 4.2692
4.7595 5.4749
-3.7837 -1.6441
-5.6256 -5.9373
3.9703 -6.0331
-4.1571 -9.7248
1.2834 -2.8674
4.5198 -7.2533
-5.5308 4.3155
-5.6436 -4.9384
-6.0509 5.5346
-4.9597 1.8148
-8.9298 -4.6268
4.2239 -9.4660
-5.1354 -3.1628
0.5350 -0.1475
-3.6161 -5.7994
-7.8644 1.8610
1.6124 -2.5050
-3.7747 -8.6841
-5.3010 -3.7856
-4.4602 0.1375
0.7032 0.7341
5.1630 4.5487
1.1866 1.8815
4.9231 4.6833
-0.0176 -7.7607
-3.4057 -8.6781
1.3734 -0.0063
1.7457 -7.2227
2.9637 -9.1957
-7.2889 4.6638
-4.7215 3.9246
1.3051 2.1490
-4.8698 0.7251
-10.6764 -4.1445
0.9003 5.0997
-8.3097 -7.3561
1.0614 -2.7744
3.1187 3.8587
-2.1660 -5.5041
-5.3779 3.2296
-8.0526 -4.1590
-2.5230 -4.1271
-6.1773 -5.0068
1.1508 0.9362
-6.6695 -4.3598
-6.7112 4.8079
0.5072 0.9609
-6.3006 -4.9464
-0.0754 -4.0501
4.2424 -6.9911
3.9115 4.5912
2.5178 4.1934
-4.0155 4.1540
-5.8257 0.6695
-6.3322 -12.1016
3.9896 -0.2257
-5.2158 -5.4255
1.1563 -5.9025
-3.1977 0.6082
-2.7449 -3.0753
-6.9753 -6.0043
-4.6941 -6.3620
-6.5452 0.6996
3.8985 2.3212
-1.5507 -5.6416
-6.9228 1.2351
-3.7314 -8.8972
-6.3859 -8.5702
2.8945 3.6358
-5.8948 1.9568
-5.6344 4.1630
0.9854 -4.8318
-3.8973 -8.5662
4.6778 1.1307
1.4061 4.5871
-2.9937 4.5151
-9.4992 -3.9522
-4.6986 4.4322
3.9381 -8.7920
-7.2620 -5.2276
4.8860 2.2092
-6.5288 1.1535
1.2824 -9.7237
-7.2014 -4.0496
-6.8286 2.5525
3.5150 4.0694
1.2155 -4.5659
5.0041 -5.1465
-4.1050 0.6456
3.9584 0.0120
4.1289 -2.9549
-5.1881 4.1524
-3.1654 -7.8686
-4.9358 -2.7220
-8.1846 -5.7453
1.4930 -3.4187
1.0886 3.4976
5.2724 0.0154
-10.2069 -3.7907
5.4775 2.0388
-5.9704 -4.8911
1.7863 -0.2848
-4.8925 -9.0289
3.5633 -2.5797
4.3457 -8.7082
1.1243 3.6535
5.8634 3.9360
4.4918 1.0118
-7.0286 -6.3613
-4.1390 4.3121
-6.4991 -10.8572
1.3433 2.8097
0.1173 3.9680
5.8817 3.8342
-8.7664 -5.2138
1.6277 4.9603
0.8169 -1.2999
1.8688 -3.4854
3.8978 -1.5316
2.2839 3.8566
-8.0264 -1.3885
-6.7168 4.1840
-8.3947 -3.6064
4.7135 -4.7152
5.4746 3.5700
3.6777 -6.1679
-0.7754 -2.3536
-5.5535 -1.5111
