5
-5.3430 -4.2359
6.4106 -5.5246
-4.5092 -6.3200
-8.9032 -2.3801
-2.3549 -5.0336
-2.8844 -2.3549
-2.8169 -1.8288
-5.9549 -3.3084
-4.4762 -3.1268
-2.3474 -2.9962
-2.3642 -3.6779
-7.4343 -2.7443
-3.9998 -2.3768
-2.7376 -1.1415
-2.5290 -3.1681
6.2184 -2.3865
-3.6494 -2.3666
-2.3493 -4.2579
-4.3768 -9.1152
-2.3725 -2.3665
-2.8856 -2.3557
-2.3661 -2.3741
-2.0666 -2.3766
-5.4081 -2.3625
-2.3180 -3.2597
-2.1880 -3.4484
-2.7545 -4.3940
-2.3597 4.9590
-3.2415 -2.3740
-4.1370 -2.3383
7.5568 -2.3843
-3.8955 -2.3856
-2.3667 -6.2087
-1.9307 -2.3646
8.2936 -8.5482
-2.3456 -2.2805
-2.3731 -2.3646
-5.0400 -3.0635
-3.6378 -2.9839
-5.1017 -4.7817
-3.9655 -2.3481
-2.3600 8.5406
-2.3620 -2.3647
-2.3800 -4.2125
-6.1383 -2.5418
-8.0612 -4.4379
-2.6604 -2.4406
4.6900 -5.2476
-4.0748 -5.0273
-1.5829 -4.2193
-2.5802 -2.4364
-2.3721 -4.7879
-2.3793 -3.9407
-2.3686 -2.3821
-2.3691 -5.9447
-3.2780 -2.3562
7.0003 -1.8609
-3.3845 -3.2260
7.7288 -5.7605
-5.3055 -5.2459
-2.6900 -3.3334
-8.5489 -2.3636
-7.3719 -4.0351
6.9650 -3.3584
-2.3781 -3.7296
7.1734 7.5567
-7.7462 -2.3590
-2.3700 -3.1055
-4.4646 -1.6392
-2.3752 -3.6499
9.2648 -3.2541
-1.7413 -2.5861
-2.3729 -3.9056
-2.3816 -3.5779
-2.5665 -3.1053
-3.0608 -4.6560
-4.7418 8.6122
-2.9228 -4.0708
-4.1982 -6.6496
-2.3498 8.8129
-2.3634 -2.3573
-3.2436 -2.0180
-2.3639 -0.3218
-2.3246 -0.7279
-3.8969 -3.7944
-2.3737 -2.0777
-2.6861 -3.5651
-2.3513 -6.1059
-2.3749 -4.1710
-5.2520 -2.3653
-8.2345 -5.6934
-3.3967 -3.3884
-3.8040 -4.7426
-3.7021 -7.2025
-2.3648 -2.3222
-5.6849 -2.3916
-3.0162 -2.3666
-2.3660 -2.3821
6.8433 -3.4673
-6.5374 -2.3674
-1.9559 -4.4824
-2.3475 6.2815
-3.8372 -4.3111
-2.2353 -2.9451
-5.0040 6.6551
-5.4463 -4.6579
-3.5637 -1.8654
-2.9924 -4.2175
-5.9115 -2.3804
-3.7671 -7.0142
-5.4417 -3.7736
-6.5723 5.3066
8.5632 -3.4161
-4.0885 -1.9445
-3.5360 -2.3885
-2.3690 -3.5474
-3.4637 -2.3768
-2.3681 -2.3799
-2.9420 -2.3757
-1.8039 -5.6955
-5.7013 -3.3417
-3.1061 -4.0105
-8.4880 -2.2377
-2.3719 3.6522
-5.1050 -2.8374
-2.3547 5.9386
-2.3598 -2.4573
4.6646 -5.8655
-6.2866 -3.4296
-6.8931 -2.4013
-2.3597 -2.4707
-2.2098 -2.3867
-2.3798 -2.3847
-2.7951 -2.9707
-2.3760 -2.3917
-2.3786 -7.1882
-2.3906 9.7256
-4.3347 -4.8553
-2.3862 -5.3575
-3.9040 -3.2219
-3.0859 -2.3515
-3.7390 8.5586
-2.3584 -2.4317
-3.4144 -4.7292
-2.3787 -2.3578
-2.3673 -5.3407
-2.8204 -1.7374
-2.3736 7.2817
-6.3978 -1.8663
-5.9134 -2.3499
-6.1020 -2.3693
-3.3772 -4.1602
-2.3805 -2.3529
-4.8140 -2.3833
-3.5520 7.3699
-5.8821 -2.3702
6.1538 -2.3801
-2.9326 -2.8415
-2.2838 -7.0918
-4.8156 9.8369
-2.9134 -2.3776
6.7364 -4.3984
-2.3568 -8.4285
-5.5166 5.6459
-6.8187 -6.4904
-3.6807 -2.0492
-5.4687 -2.3756
-2.3609 -3.7392
-7.2730 -8.0973
-5.2871 -3.2675
-2.2884 -3.1604
-5.7607 -2.3452
-2.8562 7.6810
-2.0196 -9.1000
-2.3630 -2.9690
-1.7111 9.0106
6.1207 -5.4171
-4.3051 6.4520
-2.3772 -2.3644
-2.3597 -6.3702
-5.8594 -3.5057
-3.5636 -2.6603
-2.3763 -2.3679
-4.6552 -2.3862
-2.3790 -2.5115
-2.2987 -3.7497
-6.6351 -2.3913
-2.3689 -2.3754
7.2494 -4.5198
-5.4964 -2.5647
-7.4098 -3.7397
-4.7054 -2.3668
-2.3688 -4.5004
-2.3668 -4.8749
-6.5166 -3.5370
-4.1409 -7.4004
-1.6395 -3.8342
-2.3674 -3.7114
6.0541 -3.1361
-3.9492 -3.0036
-3.8444 -4.4658
-1.9569 -2.3778
-2.3722 -6.1859
11.8572 -1.8215
-2.3601 -2.8949
5.5328 -2.3676
-1.8535 7.4676
-5.0851 -2.3895
-2.3630 -3.0782
-7.3269 -4.2925
-2.3818 -3.5113
-2.3760 -2.8619
-2.3687 -3.6303
-1.8771 -6.4617
-2.3908 8.4504
-2.3593 -2.3662
-5.9856 -3.3087
-2.9571 -2.3651
-4.9933 -4.9101
-7.8227 -2.3767
-2.3520 -5.3396
-1.8435 -2.6705
-3.4416 -2.3749
-3.3893 -2.5003
-1.7457 -3.8293
-5.5300 -2.8172
-3.6924 -3.5277
-2.2426 -2.3688
7.8524 -2.6937
-3.6198 -1.8426
-2.3780 -3.1497
-5.9427 -2.3651
7.3232 9.0545
-4.3355 -2.3662
-3.6871 -2.3720
-5.9762 -5.3483
-2.3741 -2.3309
-3.1454 -2.3557
-2.3787 -5.9584
-4.2107 6.1066
-2.2196 -5.5971
-2.3635 -8.1715
-3.6188 8.1696
5.1124 -2.1850
-4.6950 -1.2788
-2.3588 -2.3573
8.2572 -2.3736
-2.3702 -2.3627
-2.7814 -6.7314
-2.3528 -2.7246
-2.3692 -5.2305
-2.3673 -3.5206
7.7880 -5.5946
-6.6832 -2.3712
-2.3721 -1.9470
-2.3612 -4.3281
-4.9880 -5.7285
-9.1437 -2.7781
-2.3457 -2.3655
6.1834 -4.4312
7.4869 -3.9080
6.2959 -2.9290
6.7629 -5.5559
-2.3749 -2.3581
-2.5175 -2.3681
-3.8840 -2.7964
4.5635 -4.8326
-2.7487 -2.3597
-4.3383 -4.3528
-6.5264 8.0641
-2.9114 -4.3833
6.2446 -2.3676
-5.6057 -3.6997
-1.2271 -3.6757
-2.3729 -2.3619
-3.0914 -3.9635
-3.0327 -5.9684
-3.5100 -6.6036
8.5045 -5.0201
-2.0533 6.7129
-2.3607 -4.8036
-4.6242 6.8790
-2.8038 -2.3810
6.8523 -6.2992
-6.1675 -2.6331
-5.9853 -3.4946
9.2856 8.8253
-2.9734 -2.9111
-4.9891 -5.5966
-3.4705 -8.1804
-7.6843 -4.4366
-2.9063 -1.6806
-2.3651 -2.6271
-4.1569 -1.8857
-2.9650 -3.4458
-2.6882 -5.8023
-4.1157 -4.2778
-2.3647 -2.0758
-2.3713 -6.3671
-2.3798 -8.1711
-4.0167 -2.4640
-4.0448 -3.0495
-2.3814 -5.1401
-2.3663 -4.3516
-2.3617 -2.3470
-2.3617 4.9518
-2.4513 -3.7862
-7.0520 -4.9438
-3.7383 -5.0803
-2.3649 -3.7362
-4.6174 -1.9829
-2.3835 -3.6608
-2.3755 -0.3379
-4.5918 7.0072
-4.7259 -1.9266
-5.9856 -3.9112
-3.1264 -6.7919
-5.4767 -2.3626
-2.3787 -2.3732
-2.3763 -3.6611
-7.6719 -2.3836
-5.5241 -2.3735
-4.8657 -5.3091
-3.6601 -3.6313
-3.9182 -7.7666
-2.3743 -3.9364
-2.5157 -4.3135
-3.0477 -6.8057
-4.2219 -3.0477
-6.0823 -5.2979
-4.9151 -2.2042
-3.5794 -2.3912
-2.2243 -2.3651
-2.9840 -2.3805
-6.2146 -6.3489
-2.5001 -4.2446
-5.0150 7.0147
-3.9377 -3.0961
-2.3684 -2.3422
-3.8502 8.3765
-2.1171 -10.1294
-3.1957 -2.8742
-2.3843 -3.1445
-3.4049 -2.8084
-3.6356 -2.3665
8.2602 -4.2396
-1.9173 -3.4262
-5.8261 -2.7630
-8.8989 -2.3722
-5.4823 -2.5158
-2.2290 -2.8608
-5.5015 -4.7865
-2.6601 -2.7616
-2.3741 -6.3593
-2.3784 -4.2410
-4.0270 -0.4070
9.2293 6.7606
-2.3787 -2.9943
-2.3310 -6.5195
-2.3615 -2.3658
-2.7316 -2.1421
-4.8603 -4.4075
-3.4433 -3.7879
7.1802 8.7447
-3.1053 -4.0808
6.3566 -4.5485
-1.9314 -2.6594
7.6702 -2.3717
-3.1885 -3.3273
-2.8477 -8.5471
-4.9855 -3.6067
-2.3704 -8.2232
-2.3730 -4.1207
-2.8471 -3.8426
-1.7021 -2.7881
-2.2195 -2.3852
-6.6132 -2.3813
-10.1695 -4.4711
-5.3193 -2.6438
-2.6615 -2.3870
-3.3933 -3.3829
-2.6129 -2.3590
-6.8938 -4.3061
4.8123 -2.3790
-4.0442 -2.3750
-9.3025 -3.5411
-4.0841 -8.0666
-2.3634 -3.3590
-2.5697 -3.2873
-3.1775 -5.6931
-2.8990 -4.3517
-6.7432 -1.9894
-2.1348 6.5518
-2.3741 -2.2136
-2.2118 -5.8688
-4.4618 -3.4150
-2.3515 -2.3771
-2.3746 6.4997
-3.6070 -2.3781
-2.3529 -3.5084
-1.1266 -7.2367
-2.0143 -3.2017
-4.4431 -4.3808
-2.3725 -3.3379
-2.7086 -5.6529
-3.5611 -4.8610
9.0563 -2.3529
-6.8213 -4.6651
-2.3610 -2.3806
-3.7177 -1.9121
-6.3378 -4.9294
-1.1050 -3.6877
-2.0573 -2.8228
7.5606 -3.1017
7.5780 -2.3700
-2.3489 -2.2856
-7.4143 6.9835
-2.3582 -2.0162
-2.2514 -2.3673
7.4591 -3.1993
-2.3578 -4.6928
-2.3612 -1.9539
-2.3722 -2.3690
-2.3596 -4.3707
-2.3515 -5.2312
-2.3712 -1.2176
-2.8471 -5.4196
-3.1050 -3.2863
-2.3780 -2.0049
-3.0739 -2.0558
-3.5956 -6.1059
-5.7008 -2.4511
-9.5217 -3.1767
-3.3087 -4.6560
-2.3743 7.0417
-3.0284 -7.5753
-2.3649 -3.3458
-6.2331 -2.3614
-1.8709 -2.9665
-3.3164 -2.3862
-3.9411 -2.3928
-2.3768 -4.1851
-2.3718 -4.1320
-2.3712 -3.4921
-6.6772 7.3906
-4.6223 -7.0493
-2.2984 -2.3463
-2.8147 -0.5545
-3.7553 -4.8834
-2.0431 -7.4183
-4.6554 4.6289
-2.3692 -5.0190
-2.5819 -5.2165
-2.3687 5.8485
-6.0935 -2.6068
-6.9284 -5.0237
-6.2624 -2.3592
-3.1025 -3.1882
-2.8509 -2.3839
-4.2948 -4.4083
-4.8067 -2.3713
-3.7015 -3.0579
8.5495 -3.8682
-5.6039 -6.8070
-2.8489 -5.1317
-2.3611 -2.7838
-2.3636 -5.0475
-7.1622 -4.4980
-2.3778 -2.3511
-2.8929 -5.1263
-3.5196 -4.8845
-2.9267 -2.3774
-2.3758 -2.3479
-5.7266 -2.5448
-4.4286 -5.1860
-2.3551 -2.3776
-5.2935 -3.9561
-2.3600 -7.2376
-2.8682 -4.1701
-2.3719 -9.3597
-7.4817 -2.8427
-4.2966 -7.1868
-2.0794 -6.1658
-4.1995 -7.1752
-2.7211 -3.1763
-2.3931 -3.2190
-2.3898 -2.3951
-2.3817 -3.3522
-5.0900 -2.3750
-1.0774 -4.4595
-5.2195 5.5238
-7.0700 -5.3935
-5.5482 -4.6071
-3.1200 -2.3654
-4.3201 -1.2138
-3.1547 -0.9227
-3.7029 -6.2475
-3.7842 -3.6939
-4.9989 -2.3688
-3.8589 -5.3201
-3.1101 -4.3045
-2.3803 -8.0637
-3.3399 -6.2896
-2.1519 -2.3669
-3.7463 -2.3734
-4.2942 -3.4443
-2.3691 -2.8477
-2.3664 8.6926
-2.3710 -2.3789
-3.5725 -7.7445
-1.1940 -2.4036
6.7678 -7.8764
-2.6814 -2.3635
-2.3520 8.6146
-5.3043 -2.3624
-3.6760 -5.8693
-2.3821 5.4353
-2.3702 -5.3211
-2.1547 -4.1556
-2.3682 8.4325
-2.3822 -2.4352
-3.3032 -1.2788
-3.4924 9.2932
-3.5916 -4.7392
-5.8904 8.4738
-2.2433 -4.0404
-2.9824 -3.5016
-2.3651 -3.7796
-3.7253 4.7632
-9.9172 -3.3574
-4.3078 -7.0277
-2.3814 -2.3598
-2.3502 -6.0349
-2.3803 -5.4823
-5.7308 -6.4457
-2.7372 6.3364
-4.2057 -7.7394
-5.0730 -2.8110
-1.9817 -2.7554
-1.9909 -3.0577
-2.3571 -2.3585
-3.3095 -3.2835
-2.3607 -4.6024
6.5666 -2.3585
-5.9348 -4.4965
-2.9392 -2.3703
8.5873 -6.9925
-2.6997 -6.5421
-2.3542 -2.8580
-2.3756 -5.1231
-4.2819 -2.3685
7.5632 6.7653
-2.3726 -2.1535
-4.2000 -7.6253
-4.1099 -4.7618
-0.6708 8.0781
-2.3198 -2.3631
-3.3400 -2.3526
-5.0291 -2.9307
-2.5266 -3.0970
6.2182 -3.2628
-4.7074 -2.7163
-2.3597 -2.5824
-2.3735 -4.5235
-3.1888 -2.3665
-3.0651 -3.0929
-2.3769 -3.6386
-2.4498 -2.5374
-2.3739 -2.3631
-2.3758 -2.3721
-5.2464 -2.4096
-2.3842 4.3894
-3.1921 -4.2194
-3.5844 -2.9107
-3.9805 -3.9058
-5.3727 -2.3664
-2.3677 -4.2970
-3.4674 -2.7643
6.4227 -6.6983
-3.8918 -1.0692
-5.9771 -2.3677
-6.1258 -3.0228
-2.3902 -2.9519
-2.3800 7.8228
-4.7376 -6.9497
-3.2746 -5.7117
-3.6050 8.9028
-2.3578 -1.6349
-3.2337 -4.8905
-5.3655 -3.6043
7.9260 -2.0649
-3.5836 -3.2433
-2.5878 -3.8470
-2.3850 -2.3683
-5.9673 -2.8395
-2.3720 -4.1264
-2.3783 -5.7267
-4.5750 -3.2671
6.3278 8.1861
-1.6419 -3.4958
-8.9879 -9.8967
-6.3065 -5.3506
-1.2680 -7.0821
-2.3786 -2.3588
-2.3784 -2.3681
-3.4238 -3.0308
-2.3694 -3.0784
-7.7645 -7.3841
-5.0847 -3.8924
-2.0118 -3.6250
-5.0273 -5.1316
-6.5742 -3.1724
-2.6144 -2.3690
-7.0428 -2.3697
-2.3743 -3.5584
-2.3704 -2.3709
-3.1148 -3.9385
-5.2299 -2.8302
-6.8540 -4.9556
-2.3741 -2.3808
-4.8708 -2.3671
-2.3753 -2.3919
-2.5981 -4.5767
-6.2751 -4.8022
-6.7446 -2.3636
-2.3634 -6.3270
-3.9880 -2.4703
-2.3711 -4.0178
6.0157 -2.3710
-4.4383 -3.2967
-2.0084 -2.3825
-3.2269 -6.9416
-2.9683 -1.4855
-5.0421 -3.2209
-2.4061 -5.5867
-3.3437 -4.2140
-6.4676 -1.8888
-4.0586 -2.3590
-2.5897 -2.4200
-4.8687 -1.9976
-2.3670 -6.9436
-2.3773 -7.4336
-8.7369 -3.5534
-2.7789 -2.6693
-3.1117 -5.8501
-7.3269 -2.3788
-2.1279 -7.8823
-3.6200 -6.1256
-7.2615 -6.9020
-2.3607 -2.3702
-6.1799 -2.8246
-2.3674 -4.0772
-4.9863 -4.7932
-7.8343 -2.3658
7.2126 -2.3099
-7.2715 -3.0882
-3.2456 -2.3462
-3.7419 -4.4828
-4.0974 -2.8405
-6.9209 -2.3450
-2.3905 -7.2425
-2.7823 -2.3685
-5.9117 -2.3670
-3.8886 -2.7760
-5.0421 -2.3635
-2.3552 -6.4950
-4.0396 -1.6704
-6.0979 -4.6665
9.1695 -2.3602
-2.4545 -3.1177
-3.9989 -2.3272
-6.9835 -2.8347
-3.3114 -2.3916
-4.2379 8.1673
-2.3673 -3.6836
-2.6208 -2.3727
-2.7985 6.6754
-2.3688 -4.6719
-2.7626 -3.5533
-2.7483 -3.1068
-5.1648 -4.6774
-2.9907 -5.6478
-6.4071 -2.3650
-5.5523 -2.3702
-1.3629 -2.3835
-5.7421 -4.2117
7.2207 -9.4656
7.7797 -2.3647
-3.7335 9.1125
-4.5752 -2.3767
-3.1111 -3.6267
-0.3133 -2.3695
-6.9688 -2.3781
-3.3732 -3.6001
-1.7268 9.1941
-5.2441 -2.3761
7.0333 -1.1842
-2.2602 -4.1494
-3.7908 -2.1093
-2.3641 -2.3825
-4.0756 -2.3681
-3.3647 -2.3634
-2.3761 -2.3736
-2.3857 -2.3436
-5.6554 -2.3646
-6.5658 -2.4566
-2.6569 -4.0335
-4.1879 -4.3343
-2.3896 -2.3482
-2.3715 6.8528
-5.1046 -2.7525
-6.3980 -2.3607
-2.8826 -2.3811
-4.4584 -8.9885
-4.3112 -6.4487
-5.8522 -5.7972
-2.3436 -5.4219
-3.0602 -3.6836
-3.4188 9.0330
-2.3530 7.9977
-4.8965 -4.6495
4.3743 -5.6939
-2.3705 -7.2596
-3.9969 -2.9649
-2.3542 -3.9762
-4.3896 -2.7306
-2.2525 -6.8713
-2.1295 -4.4511
-2.3471 -2.3938
-2.3702 -6.3346
-2.6450 -2.2483
-7.0108 -4.7669
-2.3669 -2.3944
-5.7230 -4.2886
-4.0962 -3.5724
-6.1468 -2.7340
-3.6438 -2.4244
5.6498 -2.3640
-2.3595 -3.0699
-2.3427 -3.2459
-3.7745 -4.4876
-4.2060 -5.5787
11.1227 -4.2532
-8.7417 -2.6771
-2.5224 -2.8472
-4.7928 -2.2194
-3.8436 -6.0823
-5.9701 -2.8328
-2.1283 -2.3451
-2.3704 -2.3815
-1.2248 -2.6718
-2.3593 -6.5860
-3.9230 -4.1342
6.8148 -4.0360
-3.7788 -1.8499
-8.5668 -1.7572
-3.5534 -2.1217
-3.9414 -3.4228
-3.2077 -2.4099
-6.6956 -3.0271
-2.3757 -1.0080
-4.4199 -2.3748
-4.8513 -2.5118
-7.9486 -3.8464
-2.4775 4.9678
-2.3608 7.1174
-6.1015 -2.4537
-6.5123 -3.7821
-8.0569 -3.3714
-3.3957 -2.2777
-1.9533 -2.3865
-8.4432 -2.3660
-2.3795 -7.1077
-4.3720 -2.0819
-6.0261 -2.3674
-2.3755 -2.4630
-4.1857 -3.8551
-4.5225 -4.2840
-2.3688 -3.8192
5.6255 -6.5126
-2.4538 -5.2748
-5.2846 -2.3735
-2.8767 -2.4806
-2.3507 -8.5729
-2.3635 -2.3499
-6.2599 -2.3691
-2.3746 -7.5171
-3.7937 -3.7681
9.4554 -4.4115
-3.4959 -2.3666
-2.3991 6.8597
-2.3777 -5.9464
-4.1553 -2.3485
-5.4414 5.6567
-4.7236 -2.3709
-4.4083 -2.3621
-2.9018 -4.6640
-2.3707 -5.4519
-5.3905 -2.3697
-4.4539 -6.5123
-2.3617 -2.5348
-2.3581 -4.3090
-3.2644 -3.1845
-2.3661 -6.3326
-4.4794 -2.3584
-8.3085 -6.3132
-2.3629 6.6583
-4.4414 6.3145
-2.6564 -2.3708
-6.9745 -3.2896
-2.3734 -0.2101
-9.1621 -2.6422
-3.7685 -1.6087
7.6053 -2.3593
-6.1039 -4.4862
-5.1817 -4.0199
-3.0350 -2.3691
-2.7233 -3.6196
-5.4399 -2.0677
-3.2815 -2.3635
-2.0124 -2.7873
-2.4579 -3.0300
-2.9741 -6.3027
9.8646 -2.3773
-3.2505 -1.0594
-5.0824 -2.3529
-3.1393 -5.4728
-2.3163 -2.3744
-2.3636 -3.7966
-2.3898 -3.7052
-8.9937 6.5767
-8.6320 -2.1107
-2.2832 -1.9852
-2.8493 -8.7951
-2.3759 -6.2767
-5.8624 -2.3764
-3.5354 -1.8169
-3.0325 -4.9383
-6.2529 -2.2991
-4.5318 -2.3559
-2.3731 -2.8878
-3.0154 -5.2370
-2.3823 -2.3399
-2.3716 -7.2900
-5.7587 -3.4891
-1.9249 -1.9147
-4.5596 -3.8577
-2.8680 7.9605
-2.3583 -2.5768
-8.9409 -2.3744
-5.2228 -6.5969
6.5648 -1.9214
7.2595 -2.3601
6.9019 -2.3686
-2.3701 -3.1860
10.0926 -2.1148
-2.3680 -2.3634
-2.3592 -2.0089
-0.7576 -3.5204
-2.7956 -2.3668
-6.7913 -3.4688
-0.0928 -6.1423
-2.5877 -2.3711
-2.3841 -2.9135
-5.9273 -4.3249
-4.4756 -2.3735
-2.7626 -2.5874
-6.8650 -2.3614
8.4712 7.7502
-2.4248 -5.7943
-2.9517 -2.3763
9.7857 -2.3866
-3.7207 -2.3723
-5.7466 -2.6493
-2.9997 -5.6202
-2.3665 -3.7725
-5.1199 -5.2357
-2.3830 -2.9604
-6.1958 -2.6052
7.7333 -3.0057
-2.3684 -2.6085
-3.5769 -2.3612
-8.5616 -5.5103
-2.3734 8.2497
8.6800 -2.3623
-6.7181 -2.3766
-4.5702 -2.7871
-2.3808 -2.3701
-3.2936 -3.1210
-2.0272 -9.6391
6.1241 -2.3924
9.4871 -3.6722
-1.6431 -2.3871
-5.2554 -2.9016
-4.9553 -2.9649
-2.3494 -4.1523
7.7245 -2.3675
-4.1180 -4.5994
-7.5923 -2.3552
-5.0643 -2.5852
-4.1972 -3.0460
-4.2023 -3.2077
6.9748 -1.9061
-3.1870 7.7467
-2.3771 -2.3618
-2.8356 -2.2293
-2.3780 -2.3675
-1.5358 7.4964
-2.3547 -2.2872
-4.2257 -2.3933
-3.7184 -6.9296
7.4575 -2.5842
-3.0127 -2.3692
-2.6499 -2.3564
6.8051 -3.2157
-2.3873 -2.3455
-2.3569 -2.5014
-5.4510 -3.7086
-3.9871 -2.3804
-4.1439 -8.0908
-0.9596 -7.0014
-4.4885 -2.9919
-2.3849 -4.5558
-2.4574 -4.1329
-2.3828 -6.4732
-2.5219 -2.8457
-4.2097 -2.3743
-3.7980 -6.2560
-3.2241 -2.3613
-3.2928 9.7025
-3.1970 -4.8878
-3.3916 -6.1606
-2.3924 -5.9277
-4.0543 -1.3287
5.3704 -3.7208
-7.1786 -3.2523
-10.2908 -2.3460
-4.2250 -2.3543
-4.1932 -3.9125
-4.3820 -2.3607
-3.9134 -2.3587
-3.8387 -3.3411
-2.3739 7.2680
-2.0983 -2.2520
-2.8610 -2.3507
-6.0800 -2.3691
-4.8317 -2.3895
-2.3703 -2.3566
-2.3651 -3.5314
-4.7460 -2.3739
-5.9846 -4.8553
-1.0364 -3.3200
-4.9530 -4.8024
-5.1792 -4.9809
-7.0798 -6.8047
-2.3375 -2.5567
9.6463 6.7393
-2.3777 -6.4276
-2.9750 -2.3632
-6.3665 -2.3784
-2.3585 -5.4833
7.1429 -2.3505
-4.6908 -8.1837
-2.8877 -5.4400
-7.6071 -3.0434
-3.3128 -3.6509
-4.0710 8.2226
-3.1351 -2.3620
-3.4943 -5.5240
-4.7164 -6.2262
5.8241 -3.1000
-3.4716 -6.3777
-3.1025 -2.9066
-2.7159 -5.3387
-3.4600 6.8789
-4.3097 -2.3660
-3.0185 -2.3636
-5.2812 6.6604
-7.9126 7.2680
-3.2388 -2.3750
-4.6849 -3.2990
-5.5539 -3.4549
-5.3543 -3.4179
-2.0676 -6.2099
-3.9894 -2.5440
-1.9087 -5.2783
-2.3840 -4.5383
-5.9256 -8.3721
-3.7737 -2.6238
-3.0969 -2.3795
-2.3797 9.9840
-4.2599 -2.3843
-5.2963 -5.1165
-7.8454 -3.3296
-2.3771 -5.9240
-4.7131 -3.7262
-2.3931 -2.6836
-6.1869 -5.1394
-2.0446 -6.1675
-5.8318 -5.6529
-2.3744 -2.3579
-2.3925 -2.2002
-2.7502 -1.4745
-4.8960 -7.3265
-2.3903 -2.3074
-6.0935 -2.2736
-3.8495 -3.4582
6.4916 -2.5912
-4.0832 -2.6159
5.2115 -2.7657
-6.5085 8.3067
-2.6408 -3.1267
-3.7497 -5.4879
-2.3850 -1.5820
-5.5834 -3.7429
-2.7016 -5.4858
-4.4697 -2.3722
-4.6905 -2.3810
-3.5058 -2.4837
-5.9186 -2.3256
-2.3624 -2.0792
-2.3894 -4.2588
-3.6123 -3.2522
-6.8854 -3.2940
-6.0018 -2.6519
-6.1798 -6.6717
-2.3679 -3.2723
-2.3710 -4.8635
-4.0596 -2.3858
-4.1168 -5.6901
-2.3808 -2.3591
-2.3093 -6.5728
-2.3557 -2.6685
-2.3568 -3.9449
-2.7871 -9.1619
-2.2026 -7.5370
-6.5352 -4.0756
-2.2232 -3.1987
-2.3689 -2.3622
-2.8431 -3.0131
-3.0816 -2.4015
-2.3632 -3.0355
-5.1393 -4.3857
-3.4066 -2.3736
-5.3306 -3.4695
-2.3633 -5.5961
-5.8514 -2.6703
-2.7705 -2.3713
7.6747 -4.4476
-3.4532 -3.1669
-2.8152 -5.0533
-2.6015 6.6068
-2.6928 -2.4681
-7.0401 -4.3672
-3.0080 -7.9384
-8.7260 -5.3146
-6.5520 -5.8144
-2.0895 -5.8687
-2.7994 -2.3674
-8.5840 -3.0766
-2.3751 7.5818
-3.7436 -3.2882
-2.3742 -3.9223
-2.5814 -0.5136
-2.3607 -2.3631
-4.0747 -1.3099
-2.7915 -2.5537
-2.2424 -1.9511
-2.3970 -2.7169
-5.4174 6.3688
-3.2978 -7.7821
-5.0446 -4.7631
-2.0791 -2.3418
-2.3774 -6.0674
-3.2523 -2.3566
-2.3781 -4.8996
-2.3745 -3.6422
-3.6567 7.5283
-1.4579 -2.3816
-2.2567 -4.6356
-4.6279 -3.0878
-2.3620 -5.8730
-4.6584 -7.0793
-1.7106 -2.3706
-2.3648 -2.5784
-7.1739 -2.3740
-6.7439 -3.7028
-2.3833 -2.3805
-2.3611 -5.8689
-3.8628 -2.3664
-2.3523 3.8398
-2.3673 -3.4588
-6.3172 -2.3863
-2.3605 -2.3904
-3.2110 10.2990
-2.9470 -2.3562
-5.8279 -4.7062
-2.3740 6.9884
-3.6055 -3.3038
-4.5511 -2.3680
-3.1977 -7.2648
-2.3834 -5.9317
6.7438 -7.7382
-4.2530 -6.0341
5.4343 -6.0655
-3.9107 -1.4110
-4.0718 -6.4205
-3.4732 -3.0800
-2.4682 -5.0512
-4.3873 -2.3744
-2.5803 -2.8383
-7.8271 -2.3360
-6.5443 -3.2042
-2.1418 -6.1531
-0.7537 -2.8441
-7.7196 -6.7111
-3.3455 -8.4433
-3.8131 -2.3544
6.5572 -3.1529
-6.3782 -2.3918
-0.7605 -2.3618
-2.5233 -4.8506
-2.3574 -4.5878
-2.3735 7.2881
-3.9782 -6.5313
-2.3781 -3.2487
-2.2047 -7.5748
-2.3590 -1.9324
-2.3741 -2.0217
-7.6411 -2.1640
-2.5101 -2.8308
8.4210 -2.5681
-3.1110 -2.3587
-4.9810 -2.3464
-4.9724 -2.4915
-2.3734 -2.3698
-2.3442 -2.3801
-2.3778 -4.7566
-1.9791 -2.9549
-5.0641 -3.0260
-1.1934 -3.8951
8.3186 -2.0002
-2.7247 -4.2299
-2.3783 -2.3793
-4.5647 -2.3802
-2.3887 -4.4113
-3.5099 -2.3602
-2.3607 -2.7807
-2.3710 4.9011
8.7341 -6.1792
-2.3761 -2.3599
-3.8184 -3.1509
-6.6182 -2.7280
-2.3821 -4.1791
-2.4352 -4.3467
-2.3553 -2.8799
-2.3725 -2.3758
-2.3667 -2.3904
-2.3750 -2.3799
-2.6404 -1.8729
-3.5568 -2.3758
6.4055 9.0987
-2.3634 -3.2437
-6.5630 -3.1395
-2.5293 -5.4905
-2.3575 -6.0142
7.0572 -3.9719
-3.2004 -2.3618
-2.3929 -2.8420
-4.8076 -3.6821
-1.5928 -3.4866
-1.5083 -2.3753
7.4031 -1.6824
-1.7908 -3.2926
-7.6239 6.3129
-2.3793 -5.9158
-5.5482 -2.5273
-6.4494 -2.5373
-2.3824 7.5320
-3.0894 -5.2587
-1.0826 9.9515
-5.3034 -2.3803
-2.3907 -1.8686
-5.9468 -2.1560
-3.1339 -2.3729
-2.3759 -2.3668
-5.7605 -3.0379
-6.3109 -2.6860
-2.1490 7.0269
-6.5869 -4.9996
-1.6298 -3.3338
-3.5765 -3.0331
-3.5701 -3.0766
-5.8137 -5.2606
7.5926 -5.2112
-2.1112 -2.3815
-5.3109 -2.3646
-7.1040 -3.8903
-2.3706 -5.5504
-4.1231 -2.7329
-2.3769 -4.0525
-2.3755 -2.1276
-2.3582 -5.2515
-5.9178 7.7505
-7.0314 9.5282
-6.1028 -7.8813
-3.0306 -1.7873
-2.3771 -11.6791
-1.5743 -2.3595
-2.3798 -2.6238
-2.5800 -2.3624
-2.3459 6.7279
-8.1842 -4.9635
-2.4488 -7.8319
-2.3639 -3.1280
-2.4890 -2.8361
-2.5983 -2.8568
-2.5175 -2.5390
9.1616 -1.3945
-5.2138 6.3989
-2.2275 -2.3514
-2.3523 -2.3589
-5.4741 -4.8683
-2.3803 -5.2359
7.5588 7.6352
-2.3704 -6.8053
-2.3766 -2.8561
-5.5594 -2.5925
-2.3805 -5.4344
7.4318 -2.8991
-2.0487 -8.5899
-1.4833 -6.0308
-4.2079 7.8065
-2.3682 -3.1394
-3.5779 -2.3512
-3.1301 -5.5775
-6.7504 -3.5190
-2.0493 -2.7189
-3.7447 -1.5665
-7.4395 -2.3838
-7.8164 -3.2653
-3.3407 -2.0782
-6.2928 -3.4116
-3.1677 -2.8233
-2.3335 -5.3660
-2.3783 -2.3787
-2.6634 8.8487
-3.2083 -2.3679
-5.7180 -2.2829
-6.8641 -2.6663
-7.2640 -5.2171
-2.5462 -3.2589
-6.8490 -3.0007
-2.3714 -4.2497
-3.1879 -3.8131
-3.8090 -2.3851
-2.3901 -3.2384
-2.6246 -2.6413
-2.3681 -5.8138
-2.2296 6.3849
-2.6362 -3.7515
-2.3701 8.5426
-6.1440 -4.2010
-2.3628 -5.4192
-2.3638 -2.3562
-2.2792 -3.2873
-1.9020 -4.9132
-3.0056 -2.3617
-4.9298 -5.7867
-4.6782 -2.3667
-2.3739 -4.8144
-4.2276 -2.5172
-4.1501 -2.0304
-3.4514 -3.9590
-5.5130 -5.4581
-2.3888 -7.9913
-5.6419 -2.4310
-5.8211 -2.8944
-2.3529 -2.9668
-8.2732 -1.5315
-3.4587 -2.8748
-3.3527 -6.3512
-2.3660 -2.3522
-2.3702 -5.1102
-6.8859 -2.3673
10.5616 -2.9767
-4.6053 -5.8501
-2.3585 -2.5356
-3.0593 -3.4040
-2.3665 -8.4971
-2.9482 -2.5986
-3.2200 6.8703
-1.6552 -2.3465
-2.3783 -6.4394
-4.1614 -3.7058
-2.9962 -3.5240
-3.3600 -4.7515
-3.3287 -2.9443
-3.4734 -4.7111
-2.6438 -2.3734
-3.8542 -3.8970
-6.6164 -2.3764
-7.5208 -2.3724
-5.6051 -2.2984
-2.3599 7.9464
-2.7599 -3.8274
-4.8704 -2.3705
-7.6559 -3.4021
7.0503 -2.2134
-5.4289 -2.3723
-2.6025 -2.3676
-3.1838 -4.3788
-2.3531 -4.0659
-2.3730 -2.0172
-4.0006 -3.2374
-4.0791 -6.3191
-3.4814 -8.5057
-6.8626 -2.3793
-2.9752 -2.3745
-2.3820 -2.3480
-7.2894 -2.3730
-2.3294 -3.7193
-2.3699 -2.9684
4.8890 -2.3669
-2.3786 8.4465
-1.9249 7.5404
-2.3677 -2.3458
-4.2200 -3.3174
-2.3902 -5.0769
-2.3498 -4.7754
7.3290 -3.5022
-2.3797 -2.2541
-4.5456 -5.9496
-1.7125 -2.3669
-2.8914 -2.3669
-1.1335 5.9152
-3.9762 -4.2726
8.3418 -2.3603
-3.6905 -3.3220
-2.3578 -3.6176
-3.1252 7.2731
-3.0027 -2.3801
-2.3730 -2.4910
-5.0804 -6.5364
-3.5649 -4.0524
8.2964 -3.3207
-2.3563 -3.8986
-2.7835 -5.2575
-2.3658 -4.1613
-3.8952 -6.0394
-2.3568 -3.3434
-7.5205 -7.2644
-2.7959 -2.3771
-4.9344 -2.0520
7.6956 -8.3638
-3.8640 -2.2695
-2.3737 -8.0808
-4.7552 -2.8813
8.1087 -2.1832
-2.3534 -1.5168
-9.0729 -2.3649
-7.2683 -4.6434
-2.8158 -4.7850
-4.8178 -2.2505
7.0378 7.9615
-3.3790 8.3544
-3.4011 -2.3719
-7.0215 -2.3656
-4.8788 -2.8633
8.3622 -2.3636
-2.6689 -2.7999
-2.3535 7.4196
-3.5192 -3.4747
-8.0652 -3.8850
-1.0259 -2.3742
-2.3575 -6.0331
-4.1975 -2.3660
-1.7100 -2.6369
-2.9298 -5.9780
-4.6142 -3.9549
-4.2139 -2.3762
-2.3610 -5.1616
-5.1055 -3.7323
-6.9892 -2.3735
-3.9741 -3.2222
-2.3747 -4.6491
-4.0344 -0.6674
-2.3672 -5.1073
7.5068 -2.5757
9.7806 -1.3239
-2.6758 -2.3737
-2.3877 -2.1234
-2.3793 -8.6822
-2.7697 -2.3699
-4.8464 -3.5780
-2.1478 -4.8721
-2.9025 -2.3789
-6.0688 -3.9038
-2.3749 -4.5654
-6.2056 -7.0293
-1.9795 -6.4856
-2.3236 -3.8472
-2.3758 -2.3743
-2.3689 -2.3266
-6.0967 -6.1138
-2.5085 -2.3647
-5.4867 -3.2543
-4.9315 -2.3672
-3.6510 -4.1208
-2.2653 8.2396
-3.6601 -3.5429
-3.1565 -5.2055
-3.7056 -3.4820
-2.3710 -2.9496
-2.3879 -3.6829
7.9316 -2.3778
-7.6798 7.0633
-1.6612 -2.3680
-2.9120 -3.9219
-2.3848 4.9085
-9.3001 -3.0656
-2.8690 -2.3798
-2.3824 -6.3315
6.8674 -2.3570
-2.3839 -4.7077
-2.3688 -5.4034
-5.2893 -3.7871
-2.1468 7.6863
-6.3446 -4.2846
8.3774 -2.9613
-6.8465 -2.3713
6.1625 -2.3686
-2.3813 -2.3559
-3.5855 -2.3617
-3.3393 5.8916
-3.8099 -8.0171
-4.3231 -2.6111
-7.0560 -3.7372
-2.3674 -4.5414
-2.3695 -2.3756
-3.0447 -3.8134
-4.2857 5.9985
-3.9048 -2.3590
-3.6265 -3.9846
-5.1910 -3.4884
-4.2662 -3.4439
-3.9429 -3.1664
-5.1060 -2.2274
-1.9884 8.0237
-3.7346 -2.5187
-5.8019 -5.2759
-3.7326 -2.3987
-6.3604 -2.7196
-2.3680 -3.0703
-4.1920 -4.0587
-3.9053 -3.5466
-2.3679 -6.5774
-2.3649 -5.8407
-2.3792 -5.1512
-5.8791 -6.5520
-8.3211 -2.3726
-4.5950 -2.3983
-3.3413 -2.3542
-2.9747 -2.1543
-2.4001 -2.3857
-2.3661 -3.5896
-2.3470 -6.9874
-2.3609 -6.3821
-2.3796 -4.1364
-2.3712 -6.1744
-3.4371 -2.3636
8.1632 -2.3819
-2.3580 -7.6545
-3.2901 -2.1839
-2.3556 -2.3627
-1.8296 -1.4947
6.0191 -5.8386
-5.0575 -4.5739
-3.5214 6.2009
-5.0242 -6.4902
-3.0406 -2.3700
-4.6305 -2.3962
-6.3503 -5.6759
6.4634 -8.2466
-3.0439 -3.9818
4.2209 -2.3738
-3.4799 -3.4158
-4.6110 -3.1294
-1.9639 -3.5854
-2.3726 -3.2683
7.1064 -2.3661
-2.8781 -5.4401
-2.3522 -2.3747
-2.2453 -2.3530
-1.6109 -1.2183
-5.4419 -7.6935
-2.3820 -2.3839
-2.3673 -4.7351
7.9612 -2.5837
-2.5879 -2.3764
-2.3747 -2.3597
-1.6508 -2.1640
-7.6153 -2.4198
-8.8748 -3.9418
-4.0933 -3.5600
-6.1372 -3.6919
8.0925 -5.4683
-8.6827 -3.9856
-2.0125 -3.3135
-4.8497 -2.3610
-2.3698 -3.2345
-2.4531 -2.3857
-2.3582 -3.9546
-4.7238 -2.3699
-2.2266 -2.3801
-3.0644 -2.3709
-2.5313 -2.1860
-1.2703 -2.3685
-1.4445 -5.3054
-4.2443 -4.8616
-3.5679 -2.3953
-8.6472 -5.0793
-7.2028 -3.2348
-4.5460 -2.6683
-2.2211 -8.9074
-3.7740 -2.7472
-2.2425 -3.0507
6.3386 -2.3261
-3.3263 -2.1545
-3.3173 -2.6569
-7.5577 -6.4201
-2.3575 -2.3511
-2.3673 -4.1695
-3.2247 -4.9080
-5.3652 8.9570
-5.7738 -3.4814
-3.8128 -2.3729
-2.0569 7.7566
-3.0570 5.2862
-2.1210 -2.3625
-3.3645 -7.0808
-2.5050 7.8818
-2.3579 -2.3699
-2.3491 -2.3653
-0.8978 -4.0327
-3.4645 -3.8265
-6.6329 -6.3313
-1.2738 -4.8020
-3.5603 -5.2991
-2.3791 -2.3547
-4.9107 -5.9711
-3.3719 -8.4833
7.3257 -2.3710
-2.3701 -2.5001
7.4339 -2.3677
-3.7284 -5.5374
-4.3249 -2.3834
-4.2080 -4.8658
6.7689 6.9936
-5.6987 -2.7195
-2.3676 -4.4780
-2.3676 7.2429
-3.2305 -5.2914
-2.3594 -2.8393
-10.4201 6.3694
7.9430 -4.9475
-3.0376 -4.5385
-8.2356 -2.3730
-4.5045 -2.3569
-4.4963 -3.9887
-5.1802 -2.3677
-1.9872 -4.2680
-1.5327 -3.4575
6.2499 -3.2677
-2.3572 -3.0085
-2.6574 -2.3681
-2.3573 -3.9501
-6.6030 -4.4692
-5.2147 -3.5641
-2.3817 -3.8494
-4.1197 -3.7288
-2.3698 -2.9757
-3.9217 -2.3716
-4.5498 -4.3395
-3.8283 -2.5024
-2.3654 -2.3737
-3.6342 -2.8690
-7.8802 -2.6274
6.8590 -2.3922
-3.9870 6.8400
-1.5680 -2.3503
-4.5111 -4.2449
-3.3631 -2.3732
-2.3774 -2.4360
-2.3701 -2.2248
-2.1212 -2.3622
-5.6869 -2.3889
-3.7654 -2.3651
-3.1012 -2.7171
-4.9630 -5.6091
-2.1964 -6.2537
-2.3670 -2.3576
-2.3701 -2.3735
-2.3750 -4.2480
-4.6494 -5.4126
-5.6079 -7.9298
-2.3923 -2.3709
-2.3750 -2.5585
-2.3697 -2.3618
-2.3641 -0.4715
-2.7014 7.6238
-3.1587 8.5186
-2.3723 -2.3461
-1.8942 -3.4259
-2.5611 -1.4809
-2.3599 -2.3521
-2.3801 6.4661
-3.7349 -2.2857
-2.3532 -2.3556
-2.2122 -2.3588
-2.3599 -4.9739
-2.3678 -3.4932
-2.3506 -4.0972
-1.0508 -2.7188
-2.8648 -5.4179
-7.9218 -4.3647
-1.8393 -2.0396
-5.7500 -2.3581
-6.1724 -3.2646
8.1321 -6.2932
-6.1557 -2.3654
10.0352 -5.6078
-6.5859 -2.0219
-2.5356 -3.5331
-2.3437 -2.3618
-3.7075 -2.7701
-3.0081 -3.8871
-5.2885 -2.3661
-2.3700 -2.3602
-4.6355 -2.9052
-3.2413 -2.3544
-2.2475 -7.2978
-8.2460 -2.3874
-2.8215 -3.6022
-5.2665 -4.8191
-3.9395 -2.3783
-2.3789 -3.6095
-3.2159 -2.3797
-2.1545 7.6419
-4.6991 -2.3745
-2.4738 -2.5882
-4.5886 -3.0700
6.1420 -4.7163
-2.6352 -5.4315
-1.1919 -2.3443
-2.3788 -2.3606
-6.0410 -2.8256
-2.3804 -3.2580
7.0622 -5.2693
-3.3028 -2.3567
-5.3723 -1.7644
-3.7429 -7.3632
-2.3683 -2.2702
-2.8538 -8.2087
-7.2426 -5.1459
-2.3714 -6.0693
-2.3761 -2.3716
-3.5331 -4.3603
-4.4329 -2.3072
-4.4055 -2.3716
-3.2426 -2.3809
7.1474 -3.3925
-2.7610 -7.2119
-2.3771 -2.3886
-3.2537 -2.3790
-4.9476 -5.3674
-3.2777 -3.5765
-2.3796 -2.0262
-3.1390 -4.8339
-2.3864 -2.9544
-3.2184 -5.5259
-5.0287 -4.9711
-2.3709 -2.8743
9.4226 -5.5674
-2.3746 -2.6532
-2.5712 -4.1874
-2.5298 -2.8716
-2.8696 -3.6725
-2.8669 9.8361
-9.6577 -8.3857
-3.1547 -3.7498
-3.9071 -4.5982
-3.8112 -2.3464
-3.7700 -5.8641
-2.4737 6.2405
-2.3776 -5.2005
-7.6997 -2.2695
-5.3337 -2.3553
-4.3745 -2.3671
-1.4095 -1.7382
-2.3884 -2.3652
-2.3752 -2.3440
-1.5661 -1.7378
-2.3113 -2.3674
-4.7477 -9.5139
-1.6271 -3.7384
-4.2361 -6.3875
-2.3632 -2.9709
8.0807 -2.3715
-3.7264 -6.6065
-8.1122 -2.7195
-4.4706 9.0547
-5.7445 -5.3609
-2.3601 -4.2980
4.6390 -2.3845
-2.3657 -4.9554
-2.3827 -7.7287
-5.4761 -2.4172
-3.9844 -4.5947
-2.6274 -4.3840
-2.3593 -8.8985
-5.1088 -2.7343
-2.5470 -2.3536
-2.3579 -2.3619
-2.2096 -5.1463
-3.2282 -2.3724
-2.3698 -3.1358
4.2928 -1.8120
-3.8210 -5.2948
-2.3615 -2.3579
-3.2127 -3.2335
7.5153 -2.9294
-2.9151 -3.8479
-2.9670 -7.5491
-2.3607 -2.3554
7.9217 -4.0208
-5.9797 -3.8084
-3.0708 -3.6291
-8.1281 -2.0142
-6.4639 -1.3976
-2.3527 -6.4276
-2.6157 -1.7725
-2.7318 -2.3496
-2.6390 -2.3594
-1.8331 -2.7080
-8.5987 -8.6502
-7.9721 -3.7563
-2.8232 -5.0667
-2.3730 -3.4065
-3.2394 -5.6438
-2.3678 -2.4216
-2.4840 -2.3551
-4.2263 -6.3996
-2.3726 -4.2100
-2.3855 -2.5298
-4.0486 -2.3493
-2.3781 -2.7637
-10.6363 -7.6605
-2.3628 -5.4677
-2.1622 -2.3581
-6.2812 -4.1388
-3.4380 -7.3518
-5.2674 -3.2715
-3.5861 -3.3151
-2.1581 -1.3662
-7.3572 -2.3790
-6.6729 -6.7222
-2.3568 -4.4989
-2.3775 -2.3734
-2.3691 -5.5114
5.6615 -2.1325
-5.2823 -1.2200
-2.3770 -5.4963
-3.0775 6.3088
-5.9770 -3.9483
-3.6898 -2.3593
-4.0737 -6.0222
-4.0028 -2.3569
-5.5801 -3.6310
8.3927 -2.3660
-2.3699 -8.7423
-3.3239 -2.3663
-3.1372 -9.0530
-2.3615 -3.1017
-3.2114 -3.2946
-2.8749 -2.3645
-2.7271 -2.3867
-2.3490 -3.3617
-3.5183 -3.5241
-2.8047 -2.3752
-2.3814 -3.3035
-3.8986 -2.8991
-3.2954 -2.3704
-4.1629 -1.8050
-3.5233 -3.3716
-2.3590 -2.2339
-2.3736 -6.6882
-2.4478 -3.9915
-3.4762 -5.1380
7.6182 -2.3444
-5.8097 -7.0823
-5.3126 8.0446
-5.0326 -4.1696
-2.3659 -2.3731
-2.3739 -2.2900
-2.3917 -6.7760
-5.0763 -2.9703
-2.2033 -2.3818
-2.3630 -2.2722
-2.3801 -3.8664
-2.3675 -4.4397
-7.7640 -3.5867
6.4394 -4.3107
-2.3772 -3.0273
-4.5536 -2.4673
-9.6504 -2.3945
-2.3625 -2.5998
-2.8100 -7.0257
-4.0482 -3.2802
-3.0884 -2.3750
8.0224 -3.4387
-5.3239 7.0729
-3.9426 -9.8555
-3.6749 -6.6572
-3.1478 -2.2938
-3.9640 -2.7662
-5.3790 -4.4582
-2.3738 -2.3685
-2.1263 -2.3613
-2.4424 -2.3719
-2.3842 -2.5892
6.3897 -3.4132
-4.6182 -2.3758
-2.3628 -2.3888
-5.7564 -4.2401
-3.5513 -3.6793
-2.2996 -3.6303
-2.3620 -2.3323
-5.3411 -1.9748
-2.3656 -2.2713
-2.7302 -1.6479
-5.2188 -2.2665
-3.8927 -2.3717
-4.3755 -2.3666
-2.3718 -2.3575
-3.5319 -3.3838
-7.0655 -2.8208
-3.2569 -2.3789
-3.0331 -4.8244
6.2140 -2.0278
-5.7421 -2.3595
-2.3672 8.2966
-2.3685 -3.4489
-4.7651 -2.3666
7.9203 -2.2810
-5.7001 -2.4871
7.6620 -2.3802
-3.7387 -7.3612
-2.3713 -2.3795
-5.6306 -2.3848
-2.3637 6.3882
-3.4856 -4.4106
-2.3863 -3.1671
-2.3625 -3.6845
-4.8315 5.9937
-3.8654 -3.5509
-3.7529 -5.5515
-2.3564 -2.3719
-3.4271 -2.3727
-2.3689 -4.2366
-3.5769 -4.4315
-4.9997 -3.4603
6.6033 -2.3591
-2.2461 -2.3754
-5.1959 -2.3538
-3.2156 -5.5383
-6.2628 -2.3719
-3.5448 -2.4815
-2.3753 -2.3557
-4.9401 -2.2650
-3.5411 8.9101
-4.5099 -0.6597
-7.7563 -4.2520
-3.3401 9.3634
-2.3724 -8.0302
-3.3857 -2.3700
-2.3613 -2.4059
-4.8263 -8.5973
-6.8214 -4.6693
-2.8821 -2.5900
-4.3139 -2.3430
6.5966 -3.6378
-2.3830 -2.9815
-7.2101 -1.9543
-6.5788 -5.2080
6.6455 -3.6878
-1.4121 -4.3542
-2.3234 -3.7969
-5.0780 -4.5510
-6.9731 -2.3731
-2.3673 -2.3643
-3.8141 -2.6898
-6.6410 -5.1536
-4.4129 -4.5288
-8.8266 -2.3594
-1.9092 -5.5327
-8.9444 -4.5850
-2.3466 -5.6195
-2.3590 -4.1172
-4.7036 -3.7269
-3.9462 9.0372
-8.0091 -2.7938
-2.3783 -5.5534
-5.5091 -2.5727
7.4011 -2.3471
-2.4535 -2.9881
-6.6855 -2.3664
-2.3604 -2.3829
8.1692 -2.3773
-2.3852 -2.3658
-3.4247 -2.3680
-5.2444 -5.7412
-2.3894 -2.3631
7.7732 -2.3610
-3.9679 7.2351
-3.5602 -5.1268
-4.6798 -2.3737
-2.4760 -2.3664
-2.3661 6.5121
-7.2181 6.7917
-2.6300 -3.6281
-1.7909 -8.0891
-5.4607 -5.7097
-3.6504 -7.0184
-2.3888 -1.8607
6.8797 -4.1986
-6.1613 -2.3766
-2.3653 -3.3641
-4.1862 -2.3778
-6.3869 -6.6547
-2.3831 -2.3719
-7.1095 -2.3654
-1.7491 -2.4453
-2.3878 -2.3609
-3.4447 -2.5421
-6.4604 -4.2547
-3.5320 -7.8372
-7.4298 -2.3848
-2.3684 -7.4541
-2.3511 -2.3861
-4.9651 -2.8317
-4.3581 -2.8456
-3.7563 -2.3611
-2.3704 -8.5281
-2.2999 -3.1570
-2.2766 -3.0706
-2.3752 -2.3638
-5.9825 -2.3786
-2.5586 -3.7221
-3.1505 -2.0405
-6.4000 -2.2080
-4.8245 -2.3474
-2.9602 -5.7773
-2.3830 -2.3708
-2.3715 -4.6030
-3.4723 -6.8948
-4.8059 -6.0367
-3.5333 -3.3231
-2.0898 -3.7466
-2.3524 8.0139
-2.3505 -5.3949
-2.3560 -2.7561
-5.0862 -2.3530
6.3297 -6.6761
-4.4212 -2.3852
-0.2744 -3.9262
-4.5479 -3.3680
-3.0695 -7.4720
7.2458 -2.3726
-5.4308 -3.9351
-3.3755 -6.2972
-5.6130 -5.4993
-3.7137 7.7617
-4.8053 -2.2033
-3.9708 -2.3665
-2.3697 -1.6535
7.0818 -2.3746
-2.3676 -2.3684
-5.8839 -5.6256
-7.1626 -2.3684
-2.9569 -4.7457
7.0914 -6.2266
-2.3759 -2.8601
7.4882 -3.2582
-2.7580 -3.3851
-4.2629 7.7147
-4.4108 8.2233
7.0638 -2.3448
-2.9132 -2.3514
-7.9634 -10.1226
-5.8573 7.5451
-5.6616 -2.3852
-2.3739 -1.2545
6.5991 -2.3691
-3.4835 -4.2490
7.8965 -2.3593
-1.9539 -6.1140
-8.0429 -0.1157
-3.2045 -2.4247
-3.9258 -2.0659
-3.6985 -4.4700
-3.0759 -8.2814
-2.7578 -8.6351
-2.4642 -3.4611
-2.3661 -2.9291
-2.1768 -2.3644
-10.2041 -2.7565
-2.3675 -6.5710
-4.5979 -3.0188
6.6101 -4.5697
-2.3648 -2.3642
-3.3505 -5.3689
-3.1857 -3.4711
-3.8746 7.5259
-4.6265 -2.3722
-2.3758 -6.2119
-1.9624 -8.1896
-2.3858 -4.6823
-4.2083 -4.3386
-5.9751 -5.4706
-2.3518 -1.9793
-4.4587 -2.3702
-2.3722 -2.0358
6.5572 -4.9382
-4.5569 -2.3910
-2.3335 -6.9132
-2.1081 -2.4524
-5.7526 -2.3844
-2.3563 -4.9149
-2.7367 -3.6016
-3.4410 -2.3774
-2.3886 -3.3081
-2.0497 -3.0740
6.1521 -5.7925
-8.7493 -2.3605
-5.8285 -4.9176
-2.3758 -4.3014
-5.4099 -2.9767
8.1716 -2.3653
-2.3678 -8.1621
-8.1644 -2.3467
-2.3775 -6.1085
-2.3477 6.6829
-3.4995 -2.8268
-2.3719 -2.3586
-2.3769 -2.3592
4.7839 8.7375
-3.8942 -3.5816
8.1460 -2.3060
-2.3686 -2.3697
-2.3712 -1.7449
-2.0246 5.5552
-2.3914 -3.6188
-4.3752 -2.9102
-3.2411 -2.3671
-3.8420 -1.5323
-3.9865 -1.8025
-2.8711 -3.0960
-2.3703 -2.3660
-4.4432 -2.5778
-2.3705 -2.3671
4.3432 -4.8825
10.1685 -4.6797
-2.3581 -5.4165
-3.5778 -7.6252
-3.9230 -2.3721
9.2894 -6.9827
-4.4070 -2.7413
-2.3933 -8.3930
-3.1209 -3.8051
-2.3705 -4.3949
-4.6196 -3.5789
-2.6726 -3.0660
-3.6379 -4.5663
-2.6893 -6.4602
-5.6415 -2.8204
-6.1850 -5.8770
-6.1320 7.2708
-3.7782 7.3206
-4.1862 -4.8454
-2.3679 -2.3560
-3.3272 -2.3551
-3.5364 -2.9830
-6.8966 -2.3725
-2.9454 -1.9980
-2.9263 -4.2120
-2.3614 -2.0058
-2.3682 -2.3631
-2.6440 -2.3817
-5.0278 -2.3883
-2.3670 -6.8516
-4.6259 -4.0485
-3.5656 -5.1531
-4.9494 -2.3789
-3.4451 -2.8502
-4.2075 -2.3701
-2.3722 -6.6342
-2.3746 -2.3668
-2.7932 -2.3812
-2.7204 -3.2839
-1.3682 -8.1930
-3.1665 -2.4850
-2.3646 -2.4071
-2.1462 -2.9746
-2.3838 -5.2033
-4.4891 -2.3594
-2.6977 -2.3844
-6.8439 -2.7049
-2.3894 -4.9889
-7.0324 -1.8525
-4.1707 -1.8948
-2.3473 -3.1563
-2.3724 -2.9058
-2.3525 -7.1436
-2.0828 -2.3706
-4.4670 -5.2392
-3.8302 -2.3823
-4.5744 -3.4939
-2.9202 7.4640
-3.4189 -4.6597
-1.7317 -3.5666
-3.4141 6.0828
-2.3851 -5.7159
-2.3567 -3.0198
-3.0783 -5.6303
-3.6945 -5.7525
6.1572 -3.3843
-6.1557 -2.3759
-2.3711 -3.3071
-6.0127 -7.7537
-2.4742 -3.9577
-4.2475 -2.3477
-2.3645 -2.3840
-2.8883 -3.0393
-6.1778 -3.0819
-8.1045 -2.3887
-5.5762 -5.5402
-3.1796 -4.2293
-6.6641 -2.3832
-8.6123 6.6284
-2.2806 -2.8269
-2.3661 -3.7526
-2.1531 -2.3814
-3.9473 6.6494
-6.7354 -2.3732
-2.3825 -2.0337
-6.2315 -2.3811
-1.9809 -2.3573
-4.4216 -8.0052
-6.3024 -4.0742
-5.9897 -2.5304
-3.4693 -4.1813
7.6594 -2.3649
-3.5122 -1.8970
-3.1834 -2.9356
-3.3225 -2.3468
-7.4609 -3.7789
-4.1794 -3.0117
-2.3662 -2.3611
-2.3865 -2.5739
-5.2379 -6.6590
-2.3731 -2.3707
-2.3716 -4.9438
-2.7794 -5.9126
-3.4823 -2.3784
-4.4046 6.9126
-2.8791 -2.6156
7.3734 -4.5704
-3.9621 -5.4609
5.9197 7.8928
-2.6854 -2.3861
-2.9985 -4.4586
-3.7377 -5.8555
-2.3795 -2.3823
-2.3698 -6.1894
-2.4966 -5.9971
-2.3609 7.7911
6.6601 -3.4357
-7.7858 -2.4920
-2.3849 -3.8230
-1.4422 -5.1310
-4.3180 -7.3088
-4.9417 -2.2450
-2.7057 -5.5147
-3.0702 -5.3989
-1.8272 -6.5877
-8.1848 -2.3638
-6.1028 -2.8606
-2.6533 -3.2551
-2.1871 -2.3533
-1.7705 -6.4618
-7.9642 -2.3693
-4.0376 -3.5496
-2.7735 -4.6621
-2.3834 -2.3610
-2.0182 -2.1462
-2.3910 -1.2924
-3.4853 -2.3907
-2.3448 -4.7492
-4.5610 -2.3822
-2.3735 -2.3706
-2.7884 -2.3474
-2.3854 -2.3534
-2.8732 -4.1248
6.9462 -2.3637
-3.3285 -2.3774
-2.3572 -2.3687
-2.8093 -3.2959
7.6586 -7.3769
-5.1390 -2.3440
8.5104 6.7607
-2.3553 -5.8862
-2.8434 -5.1456
-6.1975 -7.6426
-3.3899 -6.4494
-3.7614 -2.9947
-2.3744 -8.9649
-2.8544 -2.7694
-2.3778 -0.7956
6.8973 -2.3594
-2.3859 -2.7946
-3.3512 -2.3819
-4.3499 -2.0729
7.0367 -5.1139
7.1800 -6.9959
-2.3797 -3.7164
-3.4901 -2.3268
-3.3627 -4.3361
-2.5952 7.0309
-3.5920 7.6953
-2.3711 7.7539
-2.3732 -2.3479
-4.4047 -2.9560
-8.3760 -3.4556
-7.4776 -2.3586
7.7860 -6.0001
-2.3619 -2.3605
-2.3829 -2.5529
-2.1654 -3.3016
-2.3693 -1.6473
-2.3624 -6.7069
-2.7652 -1.8529
-2.3797 -2.3763
-2.3771 -2.3795
-8.9188 -6.8323
5.8462 -4.0934
-2.3769 -2.3646
-2.3684 -1.7215
-2.3695 -6.7862
-2.3847 -1.7562
-2.3583 -5.6399
-4.7860 -2.3577
-2.3409 -2.3767
-1.6256 -4.4873
-4.2968 -2.3731
-2.3525 -2.3553
-3.4932 -2.3584
-4.1399 8.3208
0.3738 -2.3977
-2.3658 -5.0690
-3.7760 -3.2575
-1.7563 -3.0190
-3.4669 -2.3629
-2.3937 -6.1644
-4.3708 -4.1030
-2.3658 -2.3630
-2.3591 -2.4036
-3.0414 -9.2642
-4.3458 -2.3771
-4.2552 -2.0719
-2.3773 -2.9777
-5.3941 -2.8468
-1.8172 -3.2809
-2.7483 -3.8556
-2.3491 -2.6652
-3.1536 -3.7922
-3.7682 4.7289
-4.7399 -4.1387
-2.5820 -2.2269
-3.3156 -4.7442
-1.6663 -10.9918
-4.1617 -7.4514
-7.2782 -2.8441
-5.0136 -4.3039
-3.1328 -3.2793
-2.8500 8.0482
-4.6994 -4.6953
-2.1095 -3.3369
-2.3521 -5.8653
-2.3800 -8.4744
6.5410 -2.6393
-2.4097 -9.6245
-4.2641 -2.3590
-6.4917 8.6903
6.5101 -4.5017
-2.3715 -4.6334
-4.1329 -4.3241
-3.2000 -4.5406
-2.8547 -2.3757
6.1148 -2.7620
-7.2029 -7.4838
-6.9403 -2.3693
-2.7476 -2.3739
-2.3689 -2.8598
8.5705 -3.8816
-2.5638 -2.7730
-2.3800 -2.3749
-4.0307 -6.2734
-4.3249 -3.7163
-4.5842 -5.5907
-2.5642 6.4917
-2.3697 7.1297
-2.3577 -2.0813
-2.3661 7.5261
-4.0127 -5.0129
-8.3110 -2.3532
-3.5588 -1.3093
-2.3902 -2.3703
-2.3724 -3.9341
-8.2200 -1.8303
-3.5248 -5.1544
-4.3505 -1.5006
-2.4194 -5.0215
-6.6080 -8.4963
-3.2937 -3.6951
-3.1241 -3.0254
-6.4580 -2.3732
-2.3777 6.4014
-2.3714 -5.0144
-2.4442 -2.3692
-2.3666 -5.3644
-2.8835 -2.3548
-6.1535 -5.2672
-2.3769 -10.5229
-2.3830 -6.5516
-2.3794 -6.0912
-2.3708 -2.2636
-2.1638 -2.3625
-3.9413 -2.2851
-2.3451 -3.4153
-2.7825 -7.4808
-4.9108 -5.6930
-2.4915 -2.3573
-5.2278 -2.3631
-2.3676 7.5319
-2.4785 7.8545
-2.3658 -2.3659
6.8791 -2.3851
-3.4790 -2.3693
-2.3605 -2.3492
-2.3702 -6.5888
-2.3558 -4.3447
-2.3579 6.8874
-2.4655 -6.4145
-1.9924 -3.9002
-4.7128 -4.6885
-2.3530 7.4428
-3.6260 -2.3674
-4.6686 -5.6971
-1.9252 -3.6549
-6.8611 -2.3709
-3.3266 -6.7838
-2.3503 -2.7242
-5.6737 -2.3560
4.9175 -7.5343
-2.3851 -2.9872
-2.3877 -7.6337
-5.2787 -3.3473
-2.3732 -3.2473
-2.7133 -2.3568
-2.3702 -4.6858
-10.3791 -2.3689
-2.3491 8.2023
-2.7511 -6.3934
-2.3568 -2.9638
-4.6495 -2.4237
-1.6828 -2.8370
-6.0761 7.7709
-1.9278 -6.2957
-2.3792 -2.3861
-7.0814 -2.8411
-6.3793 -2.3451
-2.3625 0.6507
-2.3673 -7.4275
-5.6473 -8.9839
-3.8946 -2.3902
-8.0877 -2.3654
-5.6604 -1.5955
-3.4272 -6.4778
-6.1674 -2.8759
-2.1609 -2.3645
-6.6720 -2.8797
-6.3026 -4.2080
7.6313 -2.6863
-3.7370 -2.3697
-3.5328 -2.3484
-2.3841 -5.1848
-3.6645 -2.3344
-4.1287 -2.7631
-4.7769 -2.3755
6.7310 -2.3837
7.0579 -2.7176
-3.6441 -3.6788
-2.7569 -5.0759
5.1488 4.2240
-0.8108 4.4708
6.1926 4.6878
4.8254 9.8674
9.0768 -4.6123
5.0457 10.0738
4.7965 2.8418
5.8417 0.3599
5.9257 2.2914
9.1928 2.7597
9.8520 5.0357
5.2655 5.9639
2.3781 8.7989
4.5633 0.0338
0.4735 -0.6527
-2.5359 9.4668
1.4580 9.6869
9.4528 5.6191
6.1913 4.7335
10.7242 9.8575
6.6605 9.1486
9.9966 9.8894
5.0839 9.3559
-0.0181 9.3300
2.3837 -1.9178
3.6763 4.4655
4.2490 4.0959
9.4250 -3.4480
6.3882 10.0015
2.1216 8.6703
-1.9213 9.2196
5.0210 9.4307
9.3328 6.0532
3.5064 9.7248
-2.4911 5.4521
9.5762 -1.6553
9.7091 8.9537
0.9661 4.8870
5.9427 4.0545
4.8256 2.9884
6.2146 9.6003
9.3402 -0.7107
9.7799 9.4598
10.1891 4.6195
5.3391 3.2931
5.3746 2.7035
9.1515 5.3785
-0.4659 -2.0481
0.6338 -0.0725
8.5155 4.4214
5.9728 3.0952
9.2821 2.7184
9.1380 4.9334
10.1461 8.9923
9.0286 4.7198
4.5509 10.0193
-5.5250 8.2538
2.2266 2.2597
-5.2515 5.2509
2.6558 5.8372
1.3284 5.8515
5.7264 9.4092
4.9001 2.6667
-5.4470 3.7039
8.9166 3.5421
-4.2066 -4.1512
5.3298 9.3919
9.4774 4.9385
0.3207 0.7023
9.4644 5.7214
-4.2769 2.2753
4.8150 4.9035
9.2619 5.5373
9.9957 5.5132
5.8192 4.1081
1.6250 5.2912
5.5825 -1.2676
5.7365 4.9397
1.2945 -3.0921
9.0232 -0.7077
10.1917 9.3582
1.3103 5.6136
9.6940 8.7209
1.6589 2.4946
2.8833 3.3384
9.3918 -1.8941
4.8195 0.4324
9.3858 4.9865
9.4135 2.6995
-0.1237 9.2020
5.6361 -0.3529
3.2299 2.6578
4.7014 5.0778
6.5139 4.6532
9.1641 8.7806
0.9581 4.3294
5.7165 9.5556
10.1780 8.5725
-2.3843 -0.9666
4.8846 9.5713
8.1997 2.1815
9.7954 -4.6222
-0.1394 5.0027
4.1164 7.3831
-1.5149 -1.0891
7.1822 4.2816
5.1236 0.7456
5.0236 4.8864
4.6128 10.3392
3.0117 5.0085
1.0631 7.7902
4.7193 -2.7507
-5.9840 2.4705
2.5301 6.2976
4.5809 10.1515
9.5113 4.9439
3.6687 9.0295
10.0262 9.6767
5.9580 9.3371
3.5797 5.4332
-0.4680 4.7995
1.3446 7.4040
5.3013 4.8793
9.7484 -3.9185
3.5040 3.7719
9.2438 -2.3685
9.1068 9.3167
-1.7519 4.9584
5.4426 0.8505
1.5464 9.3115
10.0028 6.8043
0.6549 9.0084
9.2011 9.1312
4.1684 0.3194
9.5408 9.8649
9.4584 4.9105
9.8388 -4.4207
6.1288 -1.0701
9.6728 6.1638
5.1936 1.4845
2.1345 9.3808
0.4931 -1.5791
9.6929 6.5326
3.3426 5.0254
9.6715 9.0485
9.5406 4.6944
5.2988 7.3392
9.8238 -4.2073
5.4967 7.1972
4.4510 9.0991
4.8762 10.2045
1.8967 1.2920
9.3027 9.2981
5.1855 9.3233
2.4965 -3.0020
5.0381 9.7790
-1.9811 9.1446
3.0852 1.4341
0.2346 4.7819
3.0412 -3.5681
2.5277 10.0265
-4.1874 3.8988
9.6945 4.7709
4.5161 -4.6746
4.6189 -1.7963
-0.7205 4.8275
0.0980 9.4186
9.7950 -2.3067
5.2063 0.2353
4.9766 4.7541
-0.7044 2.8468
4.5624 10.4194
-0.0907 -3.1959
0.5192 5.1609
9.5002 4.7836
0.2915 0.3293
-3.3531 5.4048
5.2900 -4.0247
10.1102 9.5766
9.3609 5.4715
5.8958 4.7299
7.5847 4.2291
9.4223 9.0876
4.4721 10.1494
9.1429 6.0708
2.9792 5.1508
4.8810 9.6551
9.1374 9.4836
-0.3569 5.0177
3.7981 3.9882
5.0017 -1.1689
4.3980 9.5384
10.4838 4.8936
9.2328 5.8148
5.1169 2.7387
2.1064 4.7981
4.7243 2.9218
9.6642 -0.6442
-3.7136 1.6374
1.8445 2.4126
5.4039 5.0514
2.6577 9.9898
10.2605 0.7192
-2.8261 4.8728
9.2935 -0.8969
0.5756 9.9838
-0.6357 -2.0677
4.9439 9.8136
9.5917 8.3604
4.5659 3.3165
10.4400 5.2211
9.2017 2.6889
10.2164 1.9531
4.2796 5.0614
9.6870 -6.1728
9.9088 9.3571
-0.0187 1.8202
0.4018 9.5269
4.6187 4.7465
4.1522 9.5599
9.8123 4.8428
4.7736 4.7135
6.4620 9.8774
1.0609 1.3685
5.1710 -0.2852
5.2827 2.5089
8.6776 1.5156
2.3840 9.4593
-1.0339 -0.3685
-1.9809 6.4628
9.7664 8.4202
5.2482 9.5414
-2.0787 -2.7468
2.0311 8.7899
3.9324 9.9037
5.1095 0.1426
9.8179 6.2337
2.8015 9.8196
9.7613 5.2312
6.9342 -2.4292
5.6055 5.3179
10.0082 5.1770
3.5101 -3.8582
-0.3904 2.9665
5.2556 4.9996
9.6322 9.4476
-1.3592 9.4462
9.4719 9.7465
9.7219 5.5262
9.5504 4.1420
9.7789 5.3406
10.0159 2.2416
-5.0788 1.5229
5.3678 9.9085
9.4001 4.4178
9.5125 5.1274
-0.5082 5.2425
4.7876 2.2416
5.9048 9.4209
-1.3526 0.1411
-5.8521 4.9723
-0.3144 -1.7933
-3.2879 4.6928
10.1816 9.5827
3.8520 9.2626
5.1656 5.0894
-2.8809 3.6345
5.6441 9.5319
5.7303 4.6414
3.4564 -4.9728
1.9481 5.0338
-2.0384 9.2752
-2.5372 5.8617
6.3468 7.3289
10.2226 9.2335
3.6723 5.0269
-0.4067 4.6270
7.4636 4.6171
-0.5883 -3.5637
0.5017 0.8176
9.8475 0.4490
4.3900 -1.3047
3.1049 9.5363
-5.3848 3.9921
3.9915 1.8054
4.9467 4.2217
-2.9319 -5.0251
1.8906 4.2731
-0.2930 4.4388
3.2150 4.4234
5.2221 3.6260
2.7060 4.7885
8.8607 7.0598
-0.0356 -0.8233
1.5707 6.9069
6.4145 4.7250
5.2266 4.4908
9.7011 -3.0883
9.6293 -1.9286
9.1993 5.0315
2.0530 3.4848
5.3997 -1.9750
10.0017 3.8434
10.0313 3.7603
9.7481 9.8685
10.2523 -5.4559
8.0082 8.4606
4.6197 0.6757
-0.7093 5.1756
9.5393 4.9824
4.5955 -2.3683
9.0249 7.4185
9.3605 0.8177
-1.2418 -4.7574
2.1075 -1.2596
2.9185 6.1136
3.8408 1.1496
5.0449 9.3254
9.3000 9.6986
8.9383 4.5460
5.7300 9.7684
4.3150 10.0285
6.1921 4.5384
1.3542 4.3895
6.0025 4.5773
9.6159 4.9692
5.5422 7.6479
5.4724 -3.0936
4.6255 0.4714
6.2469 5.2704
5.0663 0.4375
6.0210 10.3061
4.2927 9.4875
3.5236 9.4051
4.4694 5.0086
0.0604 4.8051
0.7081 -2.9533
3.9711 5.5495
9.5275 9.0337
1.0742 -0.6617
-0.4778 5.3953
4.6885 4.1139
9.0278 6.9015
2.7250 1.1256
-0.0788 9.5717
-4.7879 2.2775
2.9775 4.7648
4.6767 5.2113
5.0348 10.3204
5.5563 3.4709
0.8195 2.6917
5.7400 3.9824
4.3971 6.5030
9.1934 5.0094
9.6288 -3.3257
2.3765 6.2878
-3.2809 -5.3647
10.1731 4.8164
7.7620 -0.7896
9.8062 10.0400
3.6687 2.6914
4.7093 2.4797
3.1035 3.8618
-4.3910 -1.1748
6.3215 -3.5707
-3.7629 2.5935
4.3694 0.8913
-0.2339 9.4282
1.2085 4.2817
3.7049 4.6543
5.8109 6.5188
9.6056 5.7497
9.3043 3.7011
3.0976 4.8457
6.0115 3.7131
7.2877 9.8249
4.8442 8.9868
4.7290 5.0822
-1.3849 8.0866
1.5996 10.0690
4.3817 2.9871
5.8990 9.3320
5.2879 5.4505
-4.5173 9.3992
0.9540 9.7346
5.2404 4.8967
4.6003 5.9633
9.7008 5.1879
3.2907 5.7441
5.5610 5.0686
4.3409 5.1441
1.5942 -0.8575
0.7920 -3.7099
9.5726 -4.1837
-3.5804 5.0016
-1.5000 3.8800
9.3469 9.8815
9.5116 -6.2242
5.9229 9.2256
10.0038 3.0353
2.2393 4.5586
4.3278 1.1239
1.0911 2.9868
9.6656 3.4737
3.6316 5.6193
3.4987 5.0043
-2.0928 9.1583
4.9732 4.3740
9.8987 9.7429
9.3240 6.2152
4.3905 2.9103
3.7426 4.4837
3.5420 3.7124
-1.1521 0.3368
-4.5112 9.7113
9.8990 8.9303
4.8975 -4.1365
9.3054 3.6925
4.7913 10.2205
-0.5696 4.3131
9.8431 5.5651
10.0993 1.9750
9.3001 9.7666
9.3467 10.0290
9.7597 1.9686
10.1394 2.5506
7.4646 4.7588
0.8397 5.8775
10.0037 5.0110
5.3621 0.7277
3.0179 -1.3008
-2.0443 6.5234
5.1557 4.8647
4.7948 4.4043
9.5924 -4.1848
1.1735 5.1702
9.4672 1.0516
1.9607 9.8654
5.0258 2.2682
4.6588 9.4142
2.8446 9.6377
9.6089 5.3364
9.0866 2.9847
9.5130 2.9381
5.9990 -2.3957
3.7828 4.9021
4.3675 2.6016
2.8065 3.2827
1.3393 5.4178
-1.4288 5.5141
3.3253 -1.2791
9.8183 3.2713
5.3859 1.2069
9.5534 -2.5621
4.9143 4.0785
4.8863 5.2965
5.0687 9.2635
5.1561 3.6753
3.2303 9.7798
-1.6661 -1.7115
-1.3067 9.5211
6.9412 4.6489
-3.5233 2.6753
5.2693 5.5039
5.4205 5.5094
9.3060 2.1032
9.5738 1.2948
0.7694 2.2952
9.7078 10.0641
1.3211 5.0935
5.1330 3.8534
-3.0796 9.2485
9.7908 9.2920
-2.1909 6.5549
6.6432 5.3648
9.0034 10.3430
4.8475 5.1268
9.0757 4.9342
2.0421 5.4313
9.4212 4.4544
4.7084 4.9193
-3.9409 5.2438
1.9756 0.1142
4.8905 5.6286
1.4392 7.1829
10.4040 7.6706
8.9529 9.7576
9.1787 3.3883
4.8827 9.4685
4.5193 3.1942
6.1856 0.6648
4.9724 5.3845
5.5920 1.9163
2.6802 9.5548
4.7562 5.3188
1.7730 1.5793
4.8593 5.4218
2.3050 3.1741
-0.3365 10.1227
4.4134 -0.2121
5.3128 -0.3047
9.6182 4.9037
4.2236 3.6006
-3.4243 9.2003
-1.2261 9.5795
3.6925 5.1167
9.0689 2.3415
9.9100 -4.0059
10.2998 9.7498
7.4374 5.3812
1.8937 1.9771
-1.9818 5.9379
4.1756 9.6610
9.1338 -4.4435
5.0869 10.4932
4.1661 -2.9302
9.1277 -0.5531
9.5562 4.6020
2.6313 2.6357
9.8061 -2.1869
8.7357 1.6477
0.9010 2.4998
2.5117 -2.0000
3.5322 5.4132
-2.8762 -2.0757
4.8052 3.5173
2.5736 4.7060
9.5881 6.1582
4.9818 -5.1974
4.8629 0.4585
5.5094 4.7384
9.2969 9.5224
9.5267 4.9227
9.5202 5.4003
4.9022 3.9803
-2.6531 0.4947
4.0367 5.9041
4.8181 1.4007
3.1951 2.6982
5.8697 3.4554
9.0493 10.2373
-1.4762 2.0386
9.6271 4.4457
-1.0914 9.1649
5.2871 5.2127
4.0554 9.9476
-3.8380 4.7209
7.3156 5.3708
9.7989 3.6322
9.6571 -5.4976
3.0926 9.5137
-0.5695 -6.0017
9.2023 4.3362
5.7239 5.3041
1.5560 3.3379
4.5805 -1.9647
0.4360 9.9140
6.3108 8.9143
3.6075 3.9553
5.0362 -0.7230
-4.6512 4.5302
2.6735 5.3710
9.9247 0.5333
10.0401 2.9563
-1.8779 8.9005
6.5605 0.9660
9.5203 2.3882
4.4917 1.5944
9.7995 9.7265
9.2427 9.7737
5.2919 10.2827
9.9673 -2.5709
-0.5547 0.6148
4.7652 3.7175
3.9560 4.7208
5.2205 8.3705
9.5785 1.6657
8.8144 4.2901
2.1759 -1.5246
-2.4823 8.9134
4.4285 9.4459
4.9139 3.9231
9.8807 0.4934
9.7833 -0.5237
1.7065 0.8369
3.1622 2.3224
4.2704 -6.8717
9.4941 -2.4307
1.6339 -2.5442
4.7714 2.5637
-0.5497 1.3672
8.0127 6.2460
6.0850 8.5862
9.4757 9.4765
4.9213 1.5102
9.5842 1.5338
9.6527 4.4365
2.7009 2.8779
-6.1485 -0.8179
-0.4129 7.0878
5.2620 4.4884
4.8350 5.0829
-0.1885 4.1270
9.3866 9.2379
10.0605 9.2607
10.4191 -0.2310
9.5119 2.9593
4.9488 5.5121
4.4763 3.7857
0.3677 4.3151
0.8167 5.4844
5.3330 1.8201
4.6175 9.9756
5.3383 9.3127
9.5379 2.8736
9.9051 9.3602
4.7936 3.6859
5.3946 5.0998
4.6241 2.6719
9.7162 9.6186
5.5763 9.6064
9.1513 9.6768
8.1217 4.3354
3.2677 5.2924
2.1384 9.8041
9.8596 5.0534
0.7950 4.1794
9.7878 2.5262
-4.9179 9.3632
5.5936 3.0152
1.1092 9.8599
2.0502 0.9736
0.8817 1.5498
-2.5380 2.5389
3.7438 5.2880
4.2460 0.5863
4.7932 2.7526
0.8174 8.9556
3.2873 7.9339
2.9072 3.8237
9.7520 4.7852
9.1322 4.8076
5.3679 3.0184
0.7598 2.2998
4.4034 -4.0628
5.5634 9.5387
2.7307 4.8209
3.1524 5.0617
4.8115 3.7228
9.5622 9.9233
4.8904 6.6504
8.5512 0.4175
1.0827 0.1379
4.9304 9.5004
-1.4034 1.6672
4.4734 -2.4370
2.4900 9.9154
4.8383 3.9733
10.0160 3.1341
4.8990 4.4050
9.7691 -0.8124
0.9213 9.6551
5.4052 9.0203
0.4108 5.8168
1.3007 9.2287
9.5957 5.4972
5.1026 8.2923
4.3945 5.3405
-0.7447 9.4790
0.0913 5.5378
3.4324 5.7267
2.8209 4.0316
7.0497 7.2768
4.7237 0.0251
10.0674 5.6167
3.5589 9.3647
1.2799 -0.0427
9.2998 5.2013
4.3069 3.4937
6.2755 3.4898
5.5343 5.5592
4.6660 -0.1553
2.1147 10.0220
5.7698 10.1001
4.0712 10.0559
1.4850 -1.9204
-4.4722 5.4959
-4.4883 9.0970
2.8563 -4.5668
1.4603 10.1663
4.6489 5.6906
4.3228 10.0008
4.7434 8.9971
4.5525 5.9494
8.5049 -4.1100
5.4089 9.8694
-2.3450 4.6311
1.2690 2.0114
5.2491 2.2847
9.4048 9.8857
1.7001 9.4020
3.7884 9.7408
9.7714 9.2726
10.1479 5.4530
7.4667 8.8752
1.6179 4.1458
3.1028 1.8720
4.9252 5.3300
10.0937 9.5423
9.3679 -3.3532
2.6020 3.0900
5.5454 9.4399
4.7086 9.5793
3.1770 1.9286
5.0369 4.1502
4.7774 2.5277
2.8095 1.0199
2.2737 2.0095
5.4035 -1.7986
9.9280 -3.9967
4.5449 5.7365
-2.9569 4.6148
9.9914 -1.3483
1.2379 5.2515
10.2865 1.8391
0.7855 3.3286
5.3284 3.8958
2.7478 5.2687
-0.1031 9.5908
9.3417 5.0295
-1.9708 2.6257
4.8387 -0.0311
9.8598 10.2174
1.5003 0.4955
5.7829 3.8576
5.0789 3.6860
2.8212 1.4899
-1.7838 10.1999
8.8608 10.2505
10.2223 2.3435
4.6281 -1.5434
3.6672 6.0757
-3.1264 5.4944
4.8078 7.9260
5.6791 4.6128
3.4455 6.7917
3.6129 5.6464
4.2607 4.0571
2.6546 9.3955
9.5479 9.8326
5.7199 7.2317
9.7286 5.6697
4.7619 5.3243
-3.8221 7.1049
1.6897 3.0028
4.6412 -0.4058
-0.6924 3.9258
5.9481 4.8902
4.0456 2.6333
4.7145 5.4757
9.4947 5.3864
2.1638 9.6117
4.9024 1.9834
4.2495 1.0066
7.5517 -2.6490
9.0418 -1.9125
4.7754 2.9215
5.5672 3.8248
4.5752 1.5134
-0.7173 1.3709
5.0010 9.0668
5.0842 9.5634
9.1683 5.9139
-0.2731 1.5639
5.2222 8.7554
9.2642 6.0940
3.4528 4.7443
6.3743 2.1793
9.5686 0.9225
-6.2148 4.1012
1.5827 2.6735
1.1987 10.0124
3.7100 2.0479
10.0540 5.3421
8.7769 9.7055
4.4988 9.9661
9.2245 5.9426
2.3012 2.5753
-0.5458 -2.2463
4.9797 10.0153
6.6011 -1.5140
9.6646 5.4722
2.3595 9.0629
0.2179 -3.2447
5.0115 9.7797
5.1109 8.9589
10.7355 0.0109
9.9997 5.1437
-1.5105 9.9591
-2.2413 6.4704
9.6938 7.0122
9.2347 1.8447
0.0910 3.2132
8.7741 -0.6131
3.1633 9.7741
-3.0382 5.2169
10.4169 -1.3263
2.1925 -5.5951
4.2829 9.8003
6.1062 4.4753
5.3891 1.0684
5.3211 2.6152
0.6575 5.2309
-3.3180 9.7842
4.9219 5.2665
-0.5677 4.9865
0.2114 9.3425
3.1515 1.8355
-0.2609 5.9984
5.9873 9.0361
3.5739 2.7893
4.2031 1.1847
-3.0914 4.8753
-2.7684 9.8055
5.1824 -1.7468
5.5314 9.5701
5.5560 6.9561
0.2794 8.9720
8.9275 5.1388
10.2128 2.0467
5.5650 -4.0797
4.9849 1.9691
3.0415 4.7210
-0.4562 4.1017
6.5232 4.9541
4.7350 9.6355
3.6762 2.0424
7.1943 5.0623
3.2699 5.4555
5.0495 9.7763
9.1386 4.0742
3.8833 1.9717
9.4905 9.4848
9.7856 5.0310
4.7567 7.0619
2.8452 0.3879
2.6944 4.9116
4.9886 -1.2235
9.8632 5.4876
5.0594 9.6647
5.2618 4.4368
-3.2385 5.5313
-3.1181 9.8035
-5.2250 9.8700
9.3899 2.6616
-0.5494 2.8714
8.9627 8.9993
9.2692 3.9776
5.1690 5.5933
1.9707 9.1412
5.2472 -1.3238
-2.7375 1.4965
2.4827 9.3430
9.7239 2.8975
5.5778 3.2252
1.4614 9.0485
5.2973 4.3312
0.1784 9.1874
-2.5459 -2.6508
1.4932 3.5105
5.2319 8.7498
-5.8251 9.8456
-0.0088 9.3438
5.1185 5.4864
7.7478 4.9951
9.8838 4.5768
1.6152 5.0444
8.9112 2.2375
4.8874 4.4970
-3.6144 2.0278
9.3646 7.1107
4.1730 9.5637
4.7955 5.3693
9.9686 -3.5864
0.1101 9.4888
4.8374 10.1539
4.3933 1.7157
8.7671 8.8756
3.8146 1.9003
1.5693 4.2110
-3.7745 9.8500
-2.5614 1.6471
0.8834 8.7972
-1.4552 5.0232
5.6611 3.8693
9.3276 2.5641
-2.9043 9.2552
4.1351 5.3934
4.7525 9.3547
4.6511 6.6171
1.8736 4.0507
3.2548 2.5119
0.2468 1.7055
4.5919 0.2240
9.9725 8.8646
7.5118 1.0695
9.1200 10.4741
2.0994 -3.8229
9.7035 5.5436
5.3766 9.3862
-4.7645 4.5370
-2.5032 5.0380
1.8287 9.9503
5.4085 9.8286
-0.9450 2.0394
9.2895 9.4537
9.5205 1.7871
0.8331 7.8384
5.2278 9.4852
2.9202 5.6121
4.0170 5.5531
-0.4791 4.2409
9.9514 5.1262
4.8445 5.3181
9.6251 5.2240
5.0471 6.6403
-2.3459 10.2403
-2.3184 0.5736
4.8551 9.5659
1.6337 -4.0469
-0.0325 -0.7888
5.7119 2.0649
4.8558 -3.1064
5.6118 3.4926
-0.7734 4.9769
5.7803 2.2749
4.7019 2.8199
-0.6966 9.2694
6.8687 3.5452
4.6136 9.3168
1.1364 9.7456
4.4847 3.4003
9.5263 -1.8970
1.7008 3.4875
7.9151 10.2643
5.1655 9.6920
4.6575 9.7804
8.6392 9.0426
9.5504 3.0875
2.1017 9.3692
4.5076 -1.6449
3.4102 3.8933
5.3828 5.7109
4.8450 1.1385
4.4792 4.9254
9.0129 5.7581
-4.9731 -3.3866
9.4123 5.4881
8.7895 9.0965
-0.1786 9.2956
9.9919 5.4268
-1.3565 9.7069
5.0620 4.6481
1.2024 5.3946
0.1199 3.5368
4.9550 4.3082
3.8716 -0.7560
0.6373 9.4994
1.9332 4.7396
3.4165 5.2092
-3.4063 0.9795
1.2393 0.7020
2.1103 3.0813
3.8799 4.7949
1.3980 -6.0934
4.3240 10.0292
0.4196 8.7344
5.3499 -1.1395
5.3990 -4.9134
7.1256 10.0363
4.8565 8.5928
0.7547 3.7913
4.5423 4.1934
4.5147 5.4359
5.4614 2.6551
5.3814 1.6968
9.3288 4.0470
5.0033 4.5770
4.2632 5.8376
5.2469 9.1187
9.6981 -3.2151
2.5772 9.7228
4.9030 4.9417
5.4484 4.2489
9.6415 4.7794
-0.3445 4.5643
9.6793 5.0660
4.8128 5.0253
7.2732 4.9688
5.0259 -1.3566
9.5469 9.8139
9.9123 -0.0549
3.3713 1.5852
-0.0322 5.9412
9.8483 3.7081
3.3969 4.6961
1.7354 6.4126
-2.8130 3.8258
2.7613 6.2470
-5.0233 1.3269
4.9661 -1.0846
0.9702 3.1430
5.2840 5.5235
10.2725 5.8304
5.4092 5.2728
4.8623 -1.5433
-0.8759 9.8524
0.9636 9.5236
4.8976 0.8044
4.6185 7.5441
10.0607 -0.0961
9.7532 0.2493
3.5423 0.4381
5.0262 3.7695
5.2644 3.0096
2.5756 5.4435
8.9601 6.3604
9.3493 7.5788
2.6544 9.0233
4.3600 5.1229
9.4274 1.9539
2.3296 4.7011
9.7920 2.2213
9.4091 2.4109
0.7940 4.4526
5.6234 4.6340
5.2459 -1.1767
4.5595 4.6625
10.1569 9.3266
2.8962 5.0249
5.3522 8.8502
9.9430 2.8425
4.5409 4.5506
5.0551 9.6199
5.2081 -1.6830
9.7517 -0.3103
4.6904 5.1572
1.6738 9.4816
-4.4812 4.9718
2.2281 0.4566
5.7889 5.7386
4.8060 2.7584
3.4017 4.7654
4.7675 5.6296
6.9057 5.7537
5.0279 4.9888
6.0481 5.0155
-4.4297 3.1256
-0.1127 10.1196
4.9889 5.4074
9.6612 -1.5507
1.2615 3.8590
9.4282 4.4405
6.8645 3.7534
9.5669 9.3788
8.3693 9.8688
1.8137 1.9380
2.7391 4.2665
9.0803 3.8577
4.9229 -1.8424
0.1203 4.5202
-2.9225 4.9456
1.1426 8.5747
9.3810 -1.1742
6.7100 9.6380
9.2950 5.7551
9.7678 0.8619
2.1152 -7.3713
8.7720 9.4705
3.9729 -1.7494
2.8058 1.9883
9.6152 4.9566
5.3517 5.5258
6.2923 9.7057
9.7148 1.8629
4.4437 9.8756
4.4281 6.0220
9.8022 9.7949
8.8048 5.3553
5.4859 9.4115
9.6237 -2.7232
9.5462 6.4924
4.4440 9.1985
9.2701 8.9321
-2.6370 -3.0198
8.4242 9.3827
6.0151 -3.0852
9.5202 -0.5061
2.6706 3.4347
3.7495 9.9682
6.8484 5.0340
10.3626 5.1536
-2.4290 4.8077
1.3446 4.4648
-2.0852 2.9428
8.1063 3.1322
4.0848 -0.0156
4.4431 3.7934
5.4164 5.6482
4.8317 10.2239
5.4643 1.4821
4.6959 1.6436
5.1585 6.9529
4.7757 6.4637
0.9597 0.5017
4.5183 4.8219
2.0520 4.7465
4.6169 9.4663
-0.4002 5.7146
1.9954 9.8442
2.9810 9.4245
1.5450 6.0357
10.0730 5.6944
4.7541 -2.8949
2.3289 4.8558
9.8361 2.3357
0.8531 5.3053
9.4011 0.3799
9.5994 2.3373
5.9960 5.0628
4.1662 8.0491
-3.0797 2.6473
7.5606 9.9736
5.6699 -0.2521
0.8273 5.6746
9.1822 9.2464
9.2985 9.1900
8.8464 -0.0253
5.1884 3.5525
3.1007 4.6186
5.7821 4.7635
-2.2075 1.1524
5.7367 5.1628
9.1597 9.6302
-3.5338 8.9151
9.5230 5.4940
4.4237 9.8013
9.4305 -0.4754
9.4453 -4.8545
-1.2280 4.3586
9.6002 9.8173
5.6394 3.3584
4.8696 5.1772
9.1835 5.2386
1.3527 0.9955
9.2379 5.1385
10.2474 9.6780
9.0842 8.6339
9.5633 9.4855
5.5127 4.6392
4.1317 10.1491
-2.1559 -5.9666
9.6941 3.0510
4.7583 7.0190
0.9230 1.1096
9.1781 5.0741
-4.8967 1.5752
7.1921 3.2013
9.1354 1.1943
4.4978 -0.1497
-1.4236 4.7606
2.4017 9.8916
-6.0250 -3.6081
3.9561 8.8609
1.9880 -3.2976
9.0465 4.6143
5.4217 3.4714
0.4897 5.6259
9.9586 -1.3489
3.5216 4.8802
0.4057 -5.2592
0.8322 0.4042
9.9525 6.8503
5.3080 5.0881
4.6661 9.4113
9.4960 9.3328
4.7251 -2.1131
4.5518 6.6207
4.4177 -1.0543
4.7519 5.0582
1.4497 2.2374
8.0476 2.3988
8.1444 3.6313
5.4886 5.2728
-4.5319 5.1119
7.5622 10.1826
5.0413 10.0257
5.7528 1.4035
9.0796 2.4969
2.7907 1.7776
9.3202 6.1404
10.0257 7.9752
10.0790 5.4005
4.5768 -2.1861
5.3187 -3.5398
1.8760 5.9149
4.9962 2.3505
9.8805 5.3909
1.4367 9.3958
9.3525 2.3266
3.7833 9.5463
9.1984 -5.4686
4.7504 4.5640
7.4172 5.1207
8.5910 1.3370
5.7221 7.7530
0.2087 -3.5680
3.5150 3.7531
0.5203 -1.7324
4.6349 -2.1597
5.8152 9.9633
9.3793 9.1924
5.2906 1.7948
9.8604 3.1871
-3.2138 -7.5143
9.0843 5.5950
10.0247 1.9787
4.7033 6.4424
9.5729 5.4987
-1.2563 0.4012
3.1014 5.6215
4.9682 4.3481
4.2190 -1.2956
9.4759 8.2435
4.5917 9.5705
0.2982 4.7331
5.7324 5.3865
2.4950 7.3779
0.1172 3.5983
5.0989 8.6348
5.3424 3.6557
2.7359 2.2551
4.3326 4.5246
0.4654 5.7872
3.5285 4.5666
9.4581 9.1912
1.8278 -1.5951
5.4345 9.5626
1.3249 9.2701
5.0618 7.2160
4.2273 5.3726
4.1259 5.0809
1.3420 5.9259
10.4157 0.1821
0.2366 6.1503
3.5166 9.2605
9.5381 2.9349
2.8799 2.5179
9.7998 5.1820
-1.7104 -6.0596
5.5047 -3.4362
8.8095 -3.1215
4.8878 0.9928
9.6251 5.4445
9.8810 9.6682
2.9630 8.1668
5.0002 5.1464
3.6208 10.0736
-1.0926 5.7242
5.6555 9.8943
8.7166 -0.0479
5.4337 6.5287
3.0172 2.7495
4.9058 5.5273
5.0286 4.8944
9.3636 4.7854
3.7857 4.6257
-0.0845 0.3834
9.2849 4.7065
4.8342 6.2466
4.3195 2.9260
1.2199 1.8818
9.7748 5.2187
9.8614 5.0597
4.0858 9.9302
-1.9415 1.9594
3.7206 0.4470
9.0420 1.4481
3.8060 2.7783
10.1700 5.1595
5.3910 -0.3107
3.5529 -5.3047
0.5132 2.7221
9.4063 4.6602
1.0900 7.8947
0.3219 3.6859
5.4189 5.0845
7.2652 5.7092
2.4325 -2.0206
4.2009 10.1259
2.3597 4.9843
5.4008 9.7810
5.2884 9.6186
5.0698 2.0715
8.5402 -5.2702
6.1456 0.5972
4.3515 9.8602
5.1404 4.9786
-3.7667 6.1560
2.1449 9.8888
-1.4011 9.6387
0.4067 0.5047
9.2764 5.4891
9.2262 1.8786
5.1985 -2.1351
5.2174 4.8635
1.4266 5.2696
4.6894 9.8909
2.9701 9.5899
10.2295 9.3562
5.4763 9.8998
6.4810 4.6948
9.1933 5.9544
-1.5182 9.3678
10.0115 0.0778
-3.1321 -6.2484
9.5953 5.8624
5.4060 2.6540
9.7311 5.1907
8.8816 1.7066
-2.4610 5.1178
9.5969 0.1103
-2.1594 4.9042
2.4580 9.8627
6.3105 9.5615
1.4751 0.9226
4.5870 5.0057
-5.4592 9.8006
1.5129 4.1563
9.2176 -0.4868
5.0816 -5.6523
2.0149 9.4303
9.4392 3.2308
4.9441 5.0539
2.1021 4.7564
-2.8587 4.5943
9.7208 6.0039
6.6496 2.1646
9.7547 2.5051
1.1310 4.2445
9.4757 4.4588
-0.7926 5.1203
1.8640 9.3514
2.8863 1.9850
-2.0978 5.3995
6.4856 3.0310
9.7178 4.9716
-1.9831 2.3419
1.9787 4.5415
8.4793 4.9886
4.6662 9.5243
4.8188 0.3653
3.7628 0.5824
5.6604 3.1430
-4.2719 -1.1295
6.3063 -5.9279
3.6101 10.0783
5.4829 9.3274
5.1368 4.2633
-4.7013 9.4708
1.7239 -1.8518
9.8713 -5.0986
3.8744 4.1991
4.9507 4.6213
5.3170 10.0270
10.0214 4.9195
1.0873 9.9175
2.1294 5.3370
4.5303 4.3143
5.0282 0.2650
1.6700 9.8976
10.1627 4.9786
1.4075 8.6735
4.6001 9.9350
5.3999 3.6367
9.4722 3.2856
3.8967 5.9797
9.4063 5.3953
-7.6090 6.0694
0.1869 6.9601
-1.9466 9.5696
9.3534 -0.0072
8.8347 5.0360
5.0265 9.3616
3.2380 1.4406
-4.2427 6.0863
1.1404 9.0869
-2.2991 -1.8173
9.2969 4.8869
4.3129 -2.2246
2.4536 4.7945
0.6965 0.8010
10.1560 9.2084
10.2613 5.2830
5.0261 0.5087
1.6798 9.0365
4.2253 6.1337
4.1927 9.5775
6.1628 4.6276
3.9372 -2.5879
-0.3681 4.8250
7.1764 5.9642
4.3978 -1.7756
9.5205 -2.3693
9.2534 4.1449
0.2662 9.5899
5.4466 -2.5858
6.9851 9.7365
-0.1320 0.5732
9.1361 -3.0662
5.2552 5.5102
4.2103 8.9843
10.0270 4.5608
-1.6122 9.2924
9.3741 5.8475
9.9890 5.2600
-0.8191 4.3674
4.3305 -3.5236
5.9077 4.3886
-0.5432 0.2647
4.7867 9.8279
-3.0967 9.6627
9.1157 9.7451
4.6842 4.8248
4.6720 -2.7564
-1.6176 5.4989
2.9104 7.8246
5.1698 5.4718
10.0482 5.6842
9.7395 9.3267
5.4706 4.7605
5.2190 -4.4978
1.4074 9.6752
-1.0475 3.6672
5.1218 5.3286
-0.4408 3.5483
2.8163 2.4967
4.6300 1.2078
4.4794 -3.5716
5.5635 4.0695
4.6870 -0.0680
1.3563 9.4976
4.9945 3.3280
9.7554 3.0003
0.4560 4.2964
5.0971 4.8311
9.7228 4.6752
9.8081 2.2945
9.6632 4.4141
4.4389 4.6944
5.1658 10.1740
4.9106 10.0973
3.4602 9.8518
6.1597 2.1284
9.4734 9.8602
2.9662 4.1158
10.0190 -3.4283
9.3572 4.8197
10.0891 5.1704
10.2265 -1.3532
5.0906 9.7428
-5.5811 9.6536
9.3136 4.1132
2.0320 4.8207
9.3931 9.7353
2.3714 4.5068
-4.6480 3.4098
4.4954 4.9851
0.6758 -1.8967
-0.2581 4.6600
8.1168 9.1484
4.8638 9.3066
6.2897 5.7747
0.4863 5.1307
3.8683 5.2559
-2.8028 10.0418
4.1885 2.0055
6.6853 4.0632
1.2643 4.9035
9.4297 5.3882
-6.6275 9.3469
4.9043 5.5430
9.1412 9.2090
3.3210 9.6583
1.7375 2.4514
0.0968 5.0841
8.9743 9.8029
8.8139 5.2202
-3.7617 2.6300
2.0377 9.5008
9.1854 9.5047
-1.8687 4.9409
4.5278 7.2896
5.6292 2.0606
4.5658 3.5759
-2.8376 10.3575
0.3156 4.4486
4.9312 -0.2474
1.1510 2.0514
4.7080 9.2915
9.8411 3.8255
0.9512 8.7839
7.5683 0.5173
5.4919 9.7135
0.2412 8.8393
5.2124 9.4249
4.4118 0.7224
2.4829 9.9114
5.3481 5.4947
4.5225 4.7718
-0.7279 9.4975
4.9737 4.8310
4.8472 3.8003
4.7755 2.8172
3.6068 5.2206
1.4366 4.5379
3.0061 -0.0018
2.1319 4.7407
0.4383 7.0338
3.8566 6.9971
1.4510 5.9820
9.2168 10.1507
9.0838 -0.3403
4.7284 5.1252
4.5058 -2.5717
4.3112 0.8350
1.6377 9.4026
1.3183 -1.0816
4.2281 -5.1369
3.1356 9.1291
4.4403 5.0808
1.0930 -1.4108
9.1580 9.1346
9.2910 9.2374
4.0136 -1.2619
3.0185 6.9187
5.5353 4.9612
8.7353 6.9703
-3.3478 1.6681
9.5716 9.0001
4.1567 4.8823
2.7717 4.9052
-2.9456 9.6898
9.6569 0.1581
-3.6747 8.8100
-2.9214 2.4136
4.0282 9.8303
4.9559 4.1945
-2.0435 -1.5042
4.9839 5.8868
10.2394 0.6895
9.0701 -4.5450
-0.9555 5.0524
9.9308 3.4859
4.4380 -4.0622
-4.7048 4.6754
4.2876 -2.7252
4.7587 9.4469
6.4561 10.0130
2.4558 4.0327
-0.2305 9.8929
2.2667 2.6898
3.4012 3.2946
-0.4981 5.6998
8.9186 5.4356
4.5551 9.8874
9.5146 2.3357
5.6586 1.1104
5.5903 -2.0265
9.0248 9.4989
2.5739 4.3022
9.0791 3.2944
1.8546 9.2903
-0.0384 8.6651
2.7593 7.1445
9.7692 9.4731
5.0806 7.8727
4.3598 2.5461
-1.1205 9.1896
4.1647 -5.3853
7.1454 8.7182
6.5201 0.0159
3.5161 9.2694
9.9774 4.5484
9.5342 2.3380
2.0388 9.3640
2.6033 9.8993
4.3670 8.5974
3.6308 -2.5286
5.3484 -0.9578
-0.6387 5.3332
9.2047 10.3400
9.5368 9.6418
9.2163 4.7589
4.2916 -0.8992
4.7730 5.1487
9.0122 9.3349
9.9254 1.2961
9.6501 9.4191
9.3170 -0.1197
7.5039 -1.4920
1.1318 -2.4096
10.7606 9.9768
-2.4354 4.1728
8.5448 0.8298
9.8790 9.8394
9.0206 -6.7576
6.2651 4.8000
9.4887 8.8718
3.5501 8.8965
9.8384 5.6821
9.2883 -0.1023
9.3957 -2.2429
1.3524 2.9658
6.7023 4.2756
5.6437 -1.5129
4.3226 -0.1991
5.4960 6.5464
4.7331 4.9746
-5.0679 5.2572
5.1941 9.6376
-6.3458 5.7999
4.7157 4.3355
-1.7971 3.5991
9.7257 9.1248
2.8352 -0.7791
4.3105 5.4726
-3.2413 9.2498
9.2111 9.8111
4.4253 2.6375
5.8297 10.0774
2.5526 5.0387
5.2634 9.3025
4.6557 5.4633
0.6801 1.8737
4.9529 9.7700
9.8690 7.1435
3.3105 9.7585
3.2824 -1.7414
6.3402 9.8056
2.9989 4.3577
0.6715 0.2419
-0.7040 4.0797
7.5154 2.2869
2.6467 9.8029
9.4179 9.4764
4.2334 8.1854
9.3490 1.2612
-3.3238 3.4756
4.7779 9.6947
1.6121 3.1860
6.3163 3.9591
9.3758 3.5834
4.8637 6.0452
2.6084 8.9478
9.4442 4.4857
9.9070 9.7904
4.5200 1.5620
-0.7501 2.8908
1.6164 9.7949
4.7977 10.1455
-3.2142 2.0140
4.1074 5.6269
9.0798 9.5112
0.5183 9.5743
0.2799 3.8873
8.0620 2.7711
9.3834 3.6099
5.1347 5.4594
8.9142 2.4528
1.3393 4.3209
3.6721 5.1376
8.8590 -3.1613
-2.9749 5.7200
8.9388 5.1889
3.2670 2.7041
3.4672 6.8230
5.6034 3.5749
1.3897 -3.0096
5.1674 6.0818
4.6645 4.9570
3.1810 5.6980
0.5745 8.9293
-0.8802 1.5058
6.1503 -1.3493
8.6324 1.7215
6.1613 5.6858
3.8024 10.1450
5.1643 9.0060
7.9821 1.9951
9.8750 9.4466
9.6738 9.4617
3.4713 4.4484
6.3690 9.8186
5.8334 5.8025
-0.8096 5.7865
1.5177 5.3387
9.2418 5.2268
-2.7773 8.9528
-0.8769 5.3983
4.8582 7.5201
5.3071 -2.2935
5.0250 5.2734
9.4111 4.5944
-4.3771 9.5333
9.8622 5.7579
9.6473 5.1540
5.5824 2.6499
2.7677 3.7516
8.5551 5.8918
9.1749 4.8824
4.9559 5.2677
6.5579 9.5935
9.5259 9.1913
-4.3487 4.5795
-4.3364 10.1808
9.1719 4.7623
-3.1568 4.0577
-0.5668 5.4553
9.0169 9.3023
5.1699 -0.0510
-2.2997 3.4754
4.8048 4.1103
2.7142 6.0664
9.2618 9.7227
-3.4958 -1.0055
5.1904 1.8439
-0.0633 5.3650
5.6775 4.8131
2.1804 1.7991
9.1151 5.5207
0.9155 1.9352
5.1854 10.6626
4.3935 5.2813
-3.1119 0.8598
5.3274 5.1070
5.0711 4.0071
6.7404 5.0216
9.1460 6.0105
5.3275 5.1804
9.2404 -3.8155
4.5983 9.5608
0.2354 0.9725
9.5538 -0.7070
9.7755 7.9927
5.0047 9.0340
9.4435 5.1010
5.1431 5.0498
10.2289 4.2708
0.1972 9.2596
5.5850 2.1712
5.9363 4.6560
5.1763 5.0882
7.6919 2.1608
4.4668 5.1625
4.8621 8.7965
5.1024 5.7198
8.5956 3.7252
9.8233 9.9156
9.7005 5.6145
-2.4225 4.3480
-2.2878 5.1807
9.7654 0.2768
3.3926 -3.8617
6.8482 3.8982
2.6271 9.5522
2.3555 1.3888
3.3495 9.8880
3.5943 4.8820
-2.2541 9.5865
9.2850 4.6036
3.6972 8.8018
-1.5406 4.8030
9.2645 7.8598
-0.8076 2.8099
0.7563 9.2942
3.9384 9.4092
8.5701 5.4880
5.1250 3.1766
5.5532 9.1545
9.8365 5.5020
3.1348 2.8569
6.0366 8.8408
5.4051 -0.5847
1.1303 5.5709
9.4542 6.0692
10.0197 5.3641
1.0087 -0.0780
4.3612 4.7642
-1.6002 9.4189
5.3968 5.0072
4.9987 -2.4584
5.2479 5.1924
8.6959 9.2678
9.2382 3.8443
9.3538 4.5666
5.3025 3.6416
6.9776 9.0377
10.0811 2.5943
9.9818 -3.7238
10.0274 6.6033
5.6618 3.2425
-3.7041 1.9721
9.5796 3.6090
4.9838 5.9865
5.1947 9.3322
10.0866 -0.8431
3.1525 4.4248
-1.2064 6.3817
2.9293 10.1182
-4.1676 3.8700
1.2086 0.0608
0.4606 5.5459
4.7228 5.2527
1.2044 5.7461
5.2455 2.1541
2.1756 2.3440
8.7041 9.3542
3.1109 8.9177
-0.5645 10.1296
9.2864 3.4259
-5.9625 2.8640
5.0821 10.2095
9.8634 9.1120
-1.0139 1.3354
-1.8084 5.5665
6.0326 4.9556
9.6025 6.8580
4.9999 3.6911
9.5115 1.2052
5.4845 2.4020
-0.6884 -0.0448
5.1693 8.9835
-2.8477 9.6221
9.6644 9.6566
5.4311 2.5809
0.9197 4.1176
5.0054 9.3563
7.5341 3.4619
-0.1631 6.2210
5.3114 9.5969
10.1139 -3.5009
9.5052 1.7032
5.7146 9.7977
-2.5722 7.0861
4.3532 3.3158
1.1294 9.2441
1.1172 4.8298
10.1028 9.5775
4.8921 9.7122
9.8588 -0.7481
4.3239 5.0590
10.2719 9.3567
9.2771 0.9938
5.1788 -1.0051
5.1336 5.2548
5.3815 4.2560
9.1012 9.6885
5.9056 9.4893
10.2987 5.4142
5.4609 5.5623
4.3506 5.3645
-2.2794 10.0115
3.6448 9.5935
-0.2109 9.4298
5.3757 5.1593
4.7319 9.7159
7.4082 4.2123
9.4427 9.1959
4.0247 5.0879
2.5721 -3.9962
4.0071 5.0231
4.4466 4.8512
3.7919 -3.7309
10.0725 4.4332
0.7564 9.0078
9.3177 9.8089
5.2965 5.5758
0.7536 4.4990
4.7502 3.7641
0.4585 3.7641
-3.4944 4.9630
9.2312 4.9683
5.3650 1.2603
5.4091 0.6825
-1.5656 1.7296
8.1049 4.5625
8.7689 3.8420
4.5309 4.7363
3.9462 9.3103
9.7855 9.0467
3.7935 6.6956
4.6170 5.4599
1.2658 -0.9458
4.2632 8.9548
4.1507 4.7616
5.7674 0.9164
9.2134 4.8341
9.2815 4.8787
-1.7855 4.3906
5.5355 -0.9861
4.3794 4.6520
9.6038 2.2211
5.1202 1.6105
-4.6899 9.4043
3.2263 5.7242
5.0976 9.3830
9.6064 9.5410
-2.7521 9.5158
9.8970 8.8204
4.5817 10.0178
5.0209 5.1835
9.7713 9.0534
-3.2242 9.6245
0.4188 -2.3626
4.8272 5.1559
2.7887 9.1683
1.4988 8.9665
9.5464 -4.0971
4.8613 -0.4310
4.7789 1.8070
5.4892 4.0985
4.3864 5.3706
5.7292 5.0392
9.5136 1.5488
-1.3292 4.6137
4.0955 10.1877
9.3849 2.4025
4.1785 9.4239
-0.3497 5.3780
9.7564 8.9124
5.5566 9.2299
4.2894 3.4376
8.8050 9.5743
-0.7445 3.1637
1.2824 4.8327
5.0448 1.7534
5.1747 9.2547
9.4916 3.8665
9.8465 10.3522
4.9158 3.7176
5.0781 6.0939
3.2336 9.5883
9.5542 5.3367
1.7660 1.5612
8.5700 4.9312
9.6250 9.9046
5.0375 9.4884
3.1556 5.8362
6.8783 1.4620
4.8162 2.8115
4.8146 9.2576
2.1659 -1.8665
9.4547 9.6318
2.6798 -0.1767
5.3050 4.1825
-1.2408 5.1164
0.5755 2.0579
1.5816 4.7275
9.8190 -5.0988
9.2617 5.2216
9.7287 5.4534
5.2543 9.1131
-0.3885 0.0552
4.4437 9.3117
4.1134 5.2462
0.7080 2.8657
7.4332 5.2443
-3.8434 9.4327
5.5832 0.7361
5.0634 -4.8509
1.1422 4.6044
4.2743 -3.4898
3.1943 -0.6840
1.4668 9.6417
9.0663 7.8847
-3.6565 9.7177
9.2867 9.0020
5.6929 -3.6315
5.7123 9.5285
-2.0801 4.0018
-5.0573 5.1777
9.7394 5.6908
-4.3529 0.6919
9.3609 5.0847
4.9324 -5.9206
-2.5710 -6.6801
-7.4178 9.2127
-0.5457 9.3370
4.1276 5.5141
4.7624 -6.2084
-0.0216 9.5417
9.4232 0.8871
-0.9592 9.0855
5.7197 6.5708
-4.9317 9.7654
3.7482 5.6025
4.6938 -1.0854
3.5857 -0.3699
-0.7829 2.6173
0.8055 -4.2900
4.8507 5.1115
3.7976 4.5068
4.2790 2.7699
9.3352 -0.7502
6.4346 10.0968
5.3025 6.0475
9.5738 4.3458
5.7412 7.2631
-3.5098 -1.6320
9.7413 9.6862
0.8795 0.9635
1.8661 1.4655
5.5181 -4.7471
4.9696 9.2582
9.3607 5.5527
0.8847 5.5008
9.7087 5.5420
2.4101 4.6026
4.4084 5.1176
9.8010 8.0814
6.8206 9.0894
9.7799 5.8444
-3.5218 -3.5867
-1.6951 9.6412
10.0355 5.0526
13.4106 5.9213
5.0692 9.6260
9.8036 5.0247
5.2576 0.0034
5.1625 9.0219
9.9809 5.6598
-0.1162 8.4723
-4.2602 0.6146
5.2139 9.6344
-0.9566 10.1416
9.9240 -0.3799
0.4007 4.4255
-3.6407 10.4073
9.7931 7.9779
4.5269 9.7644
9.3031 4.8552
8.9733 0.1026
1.3335 -1.0591
9.1929 10.2381
9.3702 9.1938
-5.3684 -3.3136
0.1020 4.2506
-3.5100 5.4696
9.5671 9.5668
9.8661 5.1322
2.1395 -3.4969
9.5773 5.7026
5.3382 4.5510
2.8469 9.5968
5.0537 1.8946
5.1926 5.6277
7.0429 4.4593
9.5938 9.3176
0.9044 -1.6644
9.5273 9.1952
-8.2655 -1.7246
-4.8075 -0.3359
9.3523 -2.8193
2.1681 3.5742
0.8536 9.9267
-2.1082 1.9849
4.6412 5.3329
9.5868 4.7235
4.4806 4.9253
9.6845 -2.0939
5.4909 4.9931
3.5367 4.5671
5.6892 3.1867
3.6682 1.5650
5.0029 6.0417
5.2370 5.6050
1.4168 -2.3631
0.9856 -1.7381
6.2243 2.4727
9.1254 9.2291
-0.1291 9.4864
5.9320 4.7769
5.1280 9.7601
9.0851 2.9738
4.3018 6.3106
9.0316 6.2311
9.6947 9.0201
5.0047 8.7104
2.2007 10.1896
9.2980 4.6224
-2.2378 5.7447
4.6442 5.3242
5.4892 9.1218
1.0907 4.3229
-1.0694 9.4656
10.1155 4.9231
8.9772 9.0278
1.8854 9.2744
3.7012 -0.0540
-3.0798 5.1290
3.7437 0.7657
9.3910 4.5066
5.2145 0.3006
9.8630 1.6579
5.3806 9.3313
4.0090 9.3180
5.0628 6.3953
9.8089 5.2306
5.7562 5.7979
2.8169 4.9670
2.6473 -4.0160
9.3433 3.3291
9.2417 -1.8744
4.8817 10.1904
3.8441 4.9848
2.1324 8.8502
1.8765 4.0813
4.0498 -1.2042
1.3618 0.0257
1.1222 5.0505
1.5524 -5.4009
9.4205 5.9850
9.1910 7.5346
2.9307 5.3261
2.0521 0.1705
-0.2486 6.1908
4.8741 9.2271
9.4915 3.2104
-0.2081 4.5783
1.8715 4.2972
4.2731 9.8639
8.9736 9.3314
-0.4766 10.6089
4.6621 6.5536
5.4631 10.3274
5.3771 -4.6560
5.0366 5.0922
0.9405 9.8073
5.4247 -2.4716
4.7628 0.3041
4.7782 -1.4405
3.0952 9.6955
-1.6899 -3.9456
0.0590 9.8270
8.9905 0.4461
4.8853 9.6511
1.7072 9.2644
4.4925 4.9911
5.0783 0.0152
4.8871 3.5194
2.6303 2.9786
-3.9412 9.6918
1.2614 2.5238
4.2726 2.5683
3.8222 9.5471
5.3900 4.2457
-1.0814 0.0999
9.4627 9.3805
8.6401 1.7708
4.8851 5.0017
9.2526 10.0598
9.3967 -4.7375
4.9367 2.5139
5.0817 9.6453
4.6003 -3.4999
0.8802 2.6543
-3.9470 2.2674
8.5919 6.8462
-2.3294 -2.8842
5.0323 9.8165
2.1191 4.3351
-3.5713 0.2874
10.0928 8.7279
9.8980 4.0833
3.7145 1.2189
9.9099 -1.6381
-0.5043 5.4993
5.4881 1.6229
9.7539 7.0327
4.9777 -2.1450
8.8710 0.1482
0.1922 0.5871
0.4370 5.4411
7.1774 4.6176
1.2799 4.5196
5.0255 9.4067
4.4716 3.9380
7.2382 7.8937
1.2433 9.7594
3.1495 5.1122
3.9246 10.0036
4.9830 2.7539
-1.5579 4.9801
9.8717 9.1864
6.4498 1.9416
10.1296 4.6715
3.3162 9.8831
7.3029 5.1786
0.5271 9.1993
9.3295 8.7100
1.2787 9.2061
8.7979 9.3810
1.5232 2.5537
-2.0676 9.0055
2.9380 9.6020
9.5582 9.2306
5.8510 7.6128
-3.4934 5.1958
5.2079 4.9750
-4.0405 -2.7406
9.4999 4.8265
1.7569 5.9384
4.4810 4.7276
8.0340 4.6593
1.2180 6.3589
9.9334 4.0363
5.1410 5.5769
8.8439 2.8750
-0.0658 9.0265
9.8517 3.4139
4.5550 9.9932
8.1321 7.3240
-4.4438 4.8386
-1.7342 4.9773
8.8015 1.3589
5.3030 4.9391
8.6000 5.0063
2.8664 -6.2107
6.7502 -5.6056
9.3055 -5.2425
10.1362 9.7526
2.1584 3.3838
5.1731 4.4855
5.1050 8.8587
-7.7851 5.3283
9.7971 10.1968
9.6186 1.4687
2.6397 -0.7158
10.1865 4.5786
9.1958 5.5865
2.5552 12.0679
9.1741 8.4007
9.6230 9.1106
4.3290 5.5383
-1.7767 4.6224
9.4879 10.1743
9.2965 5.1647
9.1319 5.2753
9.1030 3.1037
9.4044 5.1970
4.9598 9.1741
3.2745 9.7863
3.2264 -1.7902
2.5570 9.3211
9.2592 9.1019
5.0465 9.6191
1.2187 -2.2886
-1.8440 6.5937
9.6117 -2.2542
5.5879 3.3241
4.8259 3.0661
0.1329 9.3154
-1.8087 0.0467
-0.4054 -0.4693
9.6439 9.2834
9.1965 10.5256
0.7669 5.3535
0.1279 10.0567
2.5807 2.7028
9.5575 3.2975
4.8838 2.2464
-4.4486 3.2044
5.6103 4.1033
9.3818 5.6723
1.5377 -3.9297
3.4129 -1.1731
4.7961 1.9880
1.6774 3.8425
6.7751 7.5706
-4.4624 4.5960
5.5918 5.0645
5.2969 5.8730
5.5295 4.3126
-0.1960 1.9261
6.1228 -2.2078
-0.9803 1.0781
1.3330 5.7322
10.6650 3.7066
9.6164 5.5215
-1.7968 5.1167
2.9574 5.2921
0.5797 9.1262
4.8911 -3.3303
-3.4213 5.2000
9.1504 5.1156
0.4691 -1.1403
-2.0357 4.8935
2.5669 9.3675
-0.8231 2.4055
5.5400 4.9812
4.6007 10.2311
8.4620 10.0692
10.3727 -1.3233
-2.3160 1.1540
7.2987 8.0933
9.0700 9.5245
1.7120 4.5322
3.6220 3.3826
5.2229 4.1264
6.8588 -3.4869
9.6647 0.2587
10.1087 -0.6514
9.9182 -1.5409
-0.9677 4.3055
4.9249 8.8609
4.4086 0.0855
9.6888 10.1549
9.8194 -2.0484
5.2918 2.3315
6.9018 1.3645
4.5575 2.2207
4.8934 3.1563
4.6869 5.4697
4.5858 5.3694
6.5676 5.8549
5.3974 8.7786
10.3240 -2.9744
9.5456 5.0777
0.6756 8.9006
4.1130 4.9930
1.6769 9.4564
5.8376 2.7014
9.5243 5.2354
9.2749 0.0596
-2.7119 0.1231
9.4568 4.7530
4.3761 9.8286
4.5709 5.4690
9.4567 5.2483
3.0595 5.5257
-1.6560 4.2778
5.8864 10.0084
5.1045 9.4598
9.8596 -3.1057
10.2985 -7.0369
9.7140 9.8929
-1.9574 9.4010
7.0835 9.7044
10.2078 9.3090
9.6171 5.1339
9.7633 3.4688
9.3078 -2.7873
3.3670 4.9614
-2.0344 7.0286
0.1785 4.8152
9.2328 -3.3999
4.6203 9.3553
1.0255 5.2913
7.0877 3.7842
4.5568 9.1867
3.8780 5.2875
9.4712 3.1262
3.5346 9.4839
-1.8015 4.7210
9.3161 3.0520
9.5056 3.9997
3.0218 0.8351
9.9449 4.7653
2.3079 4.3824
9.1377 3.2204
3.7508 9.6026
10.0852 -2.8675
6.0216 0.0570
9.3040 4.4319
5.1780 0.2262
5.7863 2.5463
-0.8209 -1.8812
7.2499 5.0888
9.1684 9.8229
5.8405 5.4348
4.4934 8.9821
8.9858 4.7053
9.3699 5.6619
5.1844 5.4404
3.4482 9.4370
5.7374 9.8009
5.3288 7.0187
5.8875 4.8727
-0.2728 2.8639
4.9123 9.9615
2.3744 6.0848
0.3177 6.1435
-0.2603 4.5263
3.4502 9.1985
0.4140 9.1904
9.1024 4.9223
-1.2017 1.6368
5.0022 5.2097
5.3421 10.0046
-3.2948 9.4702
-1.4463 3.6116
4.9593 4.9885
5.1528 3.9137
