5
-3.1942 -3.9111
0.7840 -3.9343
-5.5069 0.6942
-0.9714 -4.6598
2.4113 -3.3841
-4.8178 -5.6820
-6.2443 -9.8110
1.5022 -5.8209
-5.9371 0.8089
-2.3621 -0.6839
-0.4149 -1.4180
-3.5316 -4.0440
-4.7670 1.7320
-3.5461 -8.4381
-5.5448 -5.3275
2.3273 -1.7743
-1.9247 -6.2023
-1.4066 -3.9072
-1.9916 1.7826
1.4001 2.5737
-0.7238 -0.0587
-3.1921 0.1055
-0.4366 0.2592
-5.1479 -4.1908
-7.5963 1.7279
-4.2084 -4.0888
1.2709 0.7615
0.6278 -4.8973
-5.4501 1.8451
-4.3495 0.0816
0.9095 -1.0658
1.7581 -4.4100
1.2289 -3.4507
-2.4363 -4.6646
-0.5024 3.0784
0.3971 1.2124
-0.2409 -7.3440
-4.5952 -1.5032
1.3997 1.5411
-2.2906 -2.8682
3.8039 -2.4377
-4.3630 0.9952
0.7833 -2.7554
0.9113 -0.1394
3.2421 -1.2708
3.1584 1.9807
-1.7286 -0.6503
-3.9063 -4.5075
1.8396 0.4613
-1.4002 -6.6628
-3.5886 -9.5624
0.2017 -1.0662
0.4640 1.4044
1.7317 -1.5333
0.1003 0.5306
-2.4063 -2.3149
-0.6207 -3.5313
-3.2986 0.7795
-1.3693 -2.5812
-1.8620 0.6136
-1.7720 1.0354
0.3066 0.0513
6.6944 -0.6444
-4.5548 -0.7130
-5.4583 1.9090
-0.6009 2.3458
0.5014 -1.0064
-5.7172 -1.4298
1.2043 -1.5187
0.1898 -4.1065
-4.8220 2.9536
-0.8502 -1.3131
-0.7758 -3.0180
0.7076 -6.6188
-2.3940 4.6673
-2.8843 -4.1333
2.6470 1.5434
-0.6624 4.5754
-0.3332 0.0632
-3.4508 2.5264
2.6323 0.3659
-3.2086 -6.0677
0.6607 -3.2466
-4.2806 -0.2076
0.5627 1.4543
0.5140 -5.4835
-2.2842 2.4164
-4.4165 1.1843
-3.9730 3.2881
-0.5404 -5.2137
-4.2843 0.0489
1.5623 0.0155
-1.4297 -0.7693
4.6935 -2.6279
-2.1562 2.4881
-4.2692 1.0437
3.3329 3.9013
-1.3631 -4.2739
-4.4339 -1.3452
0.5964 0.3338
-1.1589 0.0574
-1.9120 -1.3097
1.1346 -0.2462
-4.1162 -0.5406
2.0064 1.1078
1.6729 2.1172
-4.2136 1.0046
-4.0485 -3.0311
-2.6388 1.9912
-0.2510 -4.2645
1.6658 1.2707
-2.2908 -8.3589
-2.0094 0.0701
1.5395 -1.8759
-3.2537 1.8780
-2.1792 0.4438
0.6227 -1.4588
1.4919 2.0380
-3.4912 -6.2708
-1.7184 -3.3262
0.1699 -7.4772
-4.7952 0.6637
0.4891 -4.8121
1.0969 -2.3257
-2.3043 -5.6634
1.2245 -3.5129
2.0300 -0.5004
1.8901 3.2030
-3.8576 -10.7587
-2.6475 -5.7384
0.6688 -4.3524
1.3702 -1.5327
-4.0189 1.5821
1.2833 -2.0839
-2.4397 0.6347
-2.6759 2.2086
-5.0342 1.4233
0.6355 -1.0801
1.2909 2.3777
1.1860 1.0063
-1.0060 -0.2985
-0.2612 -2.7307
2.4524 -0.0274
-4.7323 0.2851
0.0902 -0.6171
3.2202 -3.7744
-2.1427 -1.5089
3.7264 -3.4243
0.3236 -2.5611
3.9103 -6.8369
0.7927 -4.5339
1.9139 -4.0348
-6.2489 0.9183
0.0611 0.2157
-2.2201 -1.4582
-0.8482 -0.4255
1.0521 -2.2123
1.6119 0.5583
-3.6160 -2.1889
0.8062 -1.2170
1.9039 -0.5461
4.5976 -4.9760
-2.2637 -2.6883
5.8181 -3.1395
2.9858 -3.2199
0.6084 -3.0284
-3.9939 -5.6039
-3.1381 3.9257
-0.2870 2.2767
-4.7397 -4.4823
1.4909 -1.0275
2.3641 -4.1653
-9.9504 -0.8149
2.7686 -0.6750
0.6001 -3.3378
-0.5959 -3.1048
-2.4287 -5.6584
-5.0587 0.0204
1.2166 2.5124
-4.6643 -0.5548
2.4392 -4.8303
-4.8635 -1.3064
-2.0252 -7.8477
1.7664 -0.0499
-4.6044 -1.8501
0.4790 1.9522
2.7059 -0.5780
2.3166 -2.5785
-9.1573 -0.3462
1.3090 -6.9103
0.6680 -5.8764
-1.9695 3.7889
-8.1287 -7.7861
2.4411 -1.6045
1.3068 -2.5432
-5.9796 -2.0026
0.2408 1.1355
-6.3364 -0.8274
2.3429 -0.7338
0.6250 3.2069
-5.6835 2.2699
-3.9702 -3.1173
2.9934 0.8862
-5.9160 -4.1368
-2.8825 -6.2603
0.2420 -1.2307
-5.9761 2.0539
-2.9755 1.0464
-4.6683 -4.3878
-2.7782 -2.1831
-1.6745 -5.1268
-4.6098 3.6352
-1.4871 -2.6906
-2.2005 -1.1869
-4.2372 2.7459
1.6757 -0.1809
2.9895 -1.7842
1.7187 0.7032
-2.4309 -3.9280
-4.3693 1.2441
-0.9464 3.9180
-5.1801 -5.8807
-5.2440 -1.3178
-3.5263 -3.6677
10.6494 -2.0585
-6.5584 -4.5767
2.2262 -3.7419
0.6386 2.2324
-0.5355 -1.2692
-0.8454 -0.9478
2.7672 -5.0047
-1.3233 4.5027
-1.5271 0.8762
-6.2416 -1.1283
0.3998 -0.1955
-3.3465 -4.5136
-3.8288 -1.0919
0.4117 -2.3652
-2.0382 -6.4835
-2.3360 0.9333
-3.4625 -0.7197
-0.7925 3.3216
2.0159 3.5527
-1.4680 -4.4234
4.5027 -3.3946
-3.9031 0.1839
-1.0975 -0.8213
-2.5759 -1.8008
-2.0525 -0.6331
-1.7924 1.1572
0.8791 -3.0188
-0.6652 1.6399
-1.5634 0.5094
-1.8964 -2.2495
-2.7697 1.7459
-5.0473 -1.9424
-2.7182 -5.3680
-1.3769 -3.5657
-4.3679 0.7269
-4.1067 3.6053
-4.3798 1.8764
2.9153 1.1052
2.0535 -4.5304
-5.5581 -4.7786
-1.1874 -4.4474
-3.7871 -2.2732
-2.7888 -5.3204
-1.3993 -2.5728
-2.9786 2.6784
3.0534 1.5622
-1.3884 -2.4185
-6.2496 -2.3713
-2.9443 -4.7317
1.8406 -3.6146
-2.1225 -1.8740
-2.7499 -0.2655
1.6030 0.0986
-0.5917 2.2199
-5.8954 -4.2220
-3.5462 -4.1799
-2.0569 1.4097
2.7878 -6.7968
-1.0581 -0.2426
-5.7159 -4.2770
-3.3761 -5.5753
-1.4638 -0.1086
-1.0756 -5.2508
-5.8836 -3.1898
-5.8706 1.2677
1.0014 -5.0334
1.6603 -1.5579
-4.9969 4.1458
-4.7271 -0.3435
-4.5449 1.3265
-4.8150 2.0885
0.8962 0.5169
-1.9541 -5.6547
-3.3747 0.3306
-1.4134 4.4155
-0.1517 -1.5190
2.7259 -3.2422
-0.6322 -7.9900
2.1692 -2.3247
-0.5347 2.0387
0.8913 1.2855
-0.7058 -0.8806
1.3706 1.0755
-4.6193 -2.9702
-7.7308 -0.0433
2.3239 -4.4276
-2.1346 2.2147
-4.5348 -0.6254
1.6937 1.2875
0.5874 -5.3678
0.3747 0.1326
-4.9675 -3.7189
-0.4769 3.0372
-9.1783 -2.1525
-2.9112 1.3186
2.8322 -5.0874
-1.4301 -0.7611
-1.3357 -5.6293
-5.0099 -4.4327
-2.4042 -0.1567
0.0526 1.1240
2.8376 3.2218
-7.2399 -0.9978
1.8979 1.5665
-0.6259 -5.1770
-5.4127 0.5059
1.8037 0.6799
1.9168 -0.8856
-4.7240 -6.1504
-2.5619 0.9514
-3.2205 1.6992
-4.2753 -6.0502
-0.9426 -5.0190
1.7225 1.0513
6.3512 -5.9132
0.2276 -3.2879
-6.5643 3.2457
0.3109 -0.1593
0.3158 -5.1352
1.4382 -0.6360
-4.6044 -3.3879
0.2032 1.0008
-0.2578 -5.2218
-4.0639 -3.1165
-4.2261 -5.0258
-5.8593 -6.4331
-5.3817 2.7408
0.8078 -3.4914
-3.0327 -3.2510
1.6224 -4.9774
-4.7367 -2.4653
-4.8257 -6.0852
-0.5517 -5.7581
-0.3713 -3.3965
1.0125 3.3915
-1.3945 -0.9480
-3.8529 2.1655
-0.9560 -3.3259
-4.1686 -4.2913
2.4371 -1.2158
0.2747 2.0670
-2.3364 2.2963
-3.4516 -1.5691
-0.4855 0.3421
-0.1943 -5.2276
3.7379 -3.3039
-4.1638 -6.0179
1.0985 -2.8578
2.1887 -5.3466
-4.2503 -3.7737
1.9515 -0.2281
2.2056 0.7286
-1.9678 1.3707
-1.6584 0.3656
-5.4486 1.7443
-1.9138 2.6355
-1.7524 -2.5415
-1.2847 0.1598
-3.0725 -3.3226
-4.0880 -4.3730
-5.7344 0.4453
-0.1048 0.4718
-0.3513 -2.1554
-0.3650 -3.3375
-1.2303 0.4353
0.1173 4.4716
0.1978 -0.2686
-3.8399 -1.2922
-1.9494 -1.5531
-4.8004 -6.0299
-4.9443 -2.0794
1.5436 -3.8171
1.0834 -6.1749
-3.4438 0.6662
-5.9239 -2.3884
-4.6205 -3.3122
-1.4570 -4.9252
1.9063 -4.6660
-0.7075 2.8613
-1.1532 -4.8033
-4.0607 -2.7150
1.2421 -5.0921
-4.1451 -3.1668
1.9719 -3.8772
-2.3810 -4.3929
1.5812 -6.2990
-4.9602 -5.4722
-4.1347 -3.4783
0.7027 1.8813
2.6944 -0.3379
-0.0922 -3.4451
-4.2301 1.8122
2.1820 -4.3811
-2.5046 -5.2567
-4.8135 -1.2350
-2.7968 -1.3421
0.1179 -3.9492
-1.8305 -1.0384
0.5429 -4.4807
-3.8242 2.7861
-4.7544 1.5498
1.8134 -6.0528
-3.0600 -4.4895
1.1401 -0.2379
-3.2178 0.1290
6.2631 -3.2016
-3.1933 -6.7315
-7.4417 -3.6234
-4.0527 -2.9288
-3.1202 -3.3262
1.3364 -1.5574
0.6353 -1.5582
-0.1094 2.1549
-1.1047 -1.8670
2.8347 -0.2336
-5.9094 2.9468
-2.7899 3.7790
-0.8527 -4.0839
0.3198 1.2606
-5.8217 -3.5175
-1.0333 -0.8175
2.2676 0.4618
-2.2107 -4.1673
1.9076 -6.3679
-4.3578 1.2077
2.0284 -0.2103
3.9328 0.2944
1.8595 1.1922
-1.0599 -0.7004
-2.1334 -2.7861
-4.8464 -3.2005
-2.2838 2.5475
-7.9716 -3.5504
0.3704 1.8026
0.4631 -3.3710
0.4796 -3.6940
0.8600 2.1851
2.8330 0.9411
-3.5247 -0.0550
-3.3672 1.5624
-1.4900 -4.9024
-5.3630 0.9045
-5.5660 -0.0107
1.7094 -1.4358
-1.1701 0.0702
-3.4260 -3.8998
-1.1616 1.5246
1.1712 -4.3495
-0.7036 0.7253
-2.5180 -0.5960
-0.8138 -4.5479
1.0618 3.2332
2.2263 -4.4255
-2.2872 1.1199
-0.4499 -2.8840
0.3274 -3.0567
1.6724 -5.1193
0.2030 -5.0868
-2.0784 1.4487
1.4540 -3.9146
2.3452 1.3009
-4.4470 -5.9988
-6.0111 -3.8788
-4.0203 -7.3034
0.5282 1.0264
-7.3179 -1.5181
-4.1880 1.0284
-4.1885 -4.9284
-6.9347 -5.0166
-2.5426 -0.7309
-3.4841 -1.4784
-3.6264 -0.6294
-1.5502 -4.1477
-4.0565 -5.7939
-1.1113 -2.0313
1.1952 -0.4700
2.5057 -4.1831
0.6812 -4.7920
0.2330 -4.4789
-0.7548 -1.6222
-2.0293 1.5579
-0.9629 0.0664
-5.0895 0.6733
-5.6410 0.6899
0.9988 3.1531
-4.3428 4.0404
4.2948 -2.6542
-6.4439 0.5731
-8.1522 -5.8865
-4.3645 -0.0001
2.2044 -6.8909
0.3857 -5.5584
0.9068 -0.7278
-2.7173 -2.2464
-4.1916 -3.4101
-1.6204 1.9913
-4.0079 4.2194
-3.2424 -3.6031
-4.7210 3.0379
-3.6135 -0.3243
-1.2956 0.2998
-0.0956 -0.9426
-4.3052 0.8158
-4.8050 2.1584
0.0045 -4.0019
-1.0994 -4.4295
-4.9945 -3.8907
0.1512 2.3582
-1.4640 -4.8695
2.5433 -6.8244
-4.8494 -8.7104
-6.8103 -0.0527
-0.9323 0.2100
6.6026 -0.7200
0.7928 -4.1438
-5.0048 -4.6211
-1.3274 -5.8418
-2.3303 -4.3857
-3.1942 -7.8662
-4.5164 0.5852
-4.8658 0.1649
-5.1814 -3.1269
-8.7825 -6.1537
0.6761 0.2617
3.4341 -1.3850
-0.8856 -3.5131
3.4136 1.5898
-4.6629 1.0517
-1.1930 -2.9232
-5.5376 1.2438
0.9802 1.1282
-2.2849 -4.1005
-3.2868 -7.4251
-1.0034 -5.5806
0.5646 2.1232
-1.8003 -3.3319
-0.4445 -2.5736
-1.6105 1.2876
3.1813 -6.2846
2.0209 -4.4148
-1.2531 2.9632
-6.4978 1.5361
0.5731 0.8774
-3.4321 -0.1364
0.7392 1.9074
-3.4846 0.9927
-3.4174 -6.4302
0.8078 -3.8623
-1.0154 -3.9136
0.9253 2.9977
-4.2605 -2.6901
-1.0388 -3.6509
-4.4907 0.0416
-5.6355 -6.3784
-1.0512 1.4222
-6.2125 -0.1578
0.9468 -0.7002
-2.8282 -3.3378
-2.8025 -4.3504
-2.3550 -3.0883
-0.1878 -6.0984
0.2222 -2.6942
-1.7445 -5.0225
-5.5541 1.9753
-2.2044 -1.3987
2.8379 -5.4071
-1.2022 0.6470
2.1140 0.0650
-7.3762 0.9239
1.0720 1.5481
-1.0855 0.3655
-2.5399 0.4755
-0.2474 -2.9468
2.3793 -1.5789
2.4401 -1.9222
1.2761 1.2741
-2.8332 0.8586
-1.8669 -1.2444
1.6971 2.3005
-4.5415 0.1024
0.6809 -0.2944
0.2112 1.0488
-6.4201 -1.3182
-0.4428 -4.0040
0.0424 3.4641
0.6364 -2.2340
1.7915 -1.6645
1.7692 -0.7271
2.6524 -4.5200
-5.7183 -4.3406
-3.2438 -0.4740
-1.6237 1.0361
-1.1775 1.0590
-0.1870 3.7443
-4.0361 -5.5258
-1.8489 -6.7329
-1.1637 4.3411
3.4064 1.2404
1.1176 0.9620
-4.0199 -1.0923
3.5605 1.3745
-6.2758 -2.4430
-4.3953 0.9247
-4.2515 3.6780
0.3575 -4.1915
-3.3653 1.4853
-0.0723 3.3994
-3.0698 -5.0251
-3.9704 2.0363
-4.6415 -0.2668
-6.2221 1.3468
-4.5750 1.8942
-2.0939 4.0089
-4.3605 1.6144
-8.7935 0.5258
1.6621 0.2144
0.6204 -1.6559
0.9409 -1.4605
-0.2576 -1.2888
-2.8493 -1.8366
-4.7557 3.4748
5.3435 0.2578
-4.8006 4.5735
3.4207 -6.1841
-2.4371 -5.9943
-1.7883 1.9630
-5.6152 -3.9340
0.9512 2.0469
-1.8782 1.0247
-6.4060 -2.8828
-6.9424 0.8799
-9.5226 2.0523
3.0229 1.3466
-0.9430 2.2190
-3.6388 0.1809
2.2412 1.6757
-5.0582 -6.3190
-3.9712 2.0386
2.9240 -9.6103
-4.6111 -2.5651
-3.5057 0.6385
-6.4949 -1.5472
-4.4559 -0.1649
0.1641 -7.0041
1.6476 -4.8526
0.0742 7.0217
-7.9785 -7.1286
-6.4859 -5.0262
-2.2293 -1.8628
-3.3938 -2.6759
1.6853 -6.7938
-4.3185 -0.6789
-7.8319 -3.4852
0.7275 -3.1277
1.8476 -4.0857
-3.7041 -3.8768
0.0605 -3.8926
-3.3704 -1.0993
-6.3946 2.2760
-4.1089 -7.5732
-2.8396 6.7228
-0.8066 2.5463
-7.4466 0.9636
0.7004 0.0312
3.2200 -8.0069
0.0332 -1.7441
2.0418 -3.6862
2.4345 -3.7678
-1.4073 0.6060
3.0558 -0.5390
-1.4766 0.6478
1.1430 1.3785
3.2391 -5.3977
-3.8137 -4.6236
-1.6646 -0.1960
-3.3392 -2.4351
1.7763 -3.0538
2.3854 -4.8085
-2.9787 -2.1326
-7.7163 -10.7165
-3.9198 -1.5151
-4.2456 -7.6284
-1.1264 -4.2910
2.6193 0.4033
-1.6555 -2.0378
-1.1173 -4.5117
1.7452 3.0226
0.2946 -5.7994
-0.8499 -4.3241
-2.5708 -3.6505
-0.6818 -5.4739
-5.1113 2.4872
-4.4060 -1.5212
-0.9467 -0.0459
0.5734 1.3051
-1.7419 -5.3622
-2.1626 -5.7828
0.0108 -5.3915
0.0248 -4.4202
-4.7413 5.6658
-4.3675 -6.7063
-0.6515 -1.7134
-3.6639 -3.3536
2.1621 0.6500
-4.7774 -3.9671
-5.2760 0.0267
-3.0710 -5.1690
0.7962 -3.9260
1.5536 -1.1330
-7.7867 3.1030
-2.4399 -3.3713
-1.9974 1.2094
-8.0449 0.7208
-2.2808 -7.5254
-1.6528 -2.4148
0.8453 1.0394
-4.4236 -1.8739
3.9378 -3.0031
-2.2203 1.0361
-4.1450 1.2626
0.8062 -4.8136
-4.8453 -1.2460
-2.2971 -2.7539
1.0877 -5.3126
2.5732 0.6103
-5.5306 7.3758
-4.2123 -3.9820
4.1433 -0.1681
-5.0436 -6.5648
3.5328 -5.2501
-3.4372 -2.4477
-3.4515 1.7366
-3.8849 -7.7541
-5.9560 -4.4371
0.4445 0.3208
2.8075 -1.3941
1.3279 7.2398
-0.1713 -4.4520
1.3588 -6.3630
3.2474 -4.3325
-4.9090 -3.8865
-3.6050 -1.5268
0.2249 1.2044
-1.5676 -1.4299
-4.2941 -2.4744
-2.2957 0.2001
-7.6302 0.1118
-2.6756 -4.1043
1.3680 -1.8068
-0.3898 -1.4740
0.7354 -4.8812
-4.8900 -3.5936
4.6427 -1.6567
1.5813 -5.5313
1.9090 -4.3048
1.5105 0.7734
4.1094 0.9441
1.7229 -1.6862
-7.6492 -3.0085
0.9739 1.2213
1.5695 -5.8205
-0.4856 -1.8449
0.3131 -8.2263
-2.2240 -5.2356
0.0253 -4.9812
-3.2218 0.7960
-2.9863 -2.5838
-6.3493 2.3942
-4.6848 -6.5177
-2.6954 -1.5394
-5.0247 -4.2193
0.7343 0.4508
1.4749 -4.9020
-5.5730 -2.7527
-3.9725 -4.1007
0.0218 -4.7393
2.1624 -4.9889
-2.9882 -5.9453
0.7969 4.2156
0.0100 3.6435
1.1976 -1.7290
-2.9061 -1.2648
0.1022 0.2993
-2.7809 0.0395
-1.6155 -2.5448
-3.9725 -5.1437
2.1894 -3.7883
-0.5409 0.6665
-4.4854 -3.7284
3.7789 -0.2123
-3.7220 -5.0078
1.3256 -4.7195
-3.0299 -0.7064
1.8606 -3.0587
1.1313 5.5149
-5.3338 -2.5652
0.2490 -1.3777
4.3641 -1.1627
0.2428 -1.8401
-1.0956 -0.8050
-1.9899 -2.3701
-5.9268 -5.4756
-2.3750 -4.2195
0.5489 0.7381
-3.6349 0.9357
-2.6182 -0.2073
0.7934 1.9082
0.4885 -0.3556
0.7694 6.3333
-2.1583 -1.9829
-1.8505 -6.8638
-2.2544 -4.0339
-6.5362 -3.6643
-4.7818 1.8007
1.0900 0.4206
-5.8710 -1.1855
0.9028 0.3762
-6.3145 0.1003
0.9649 -4.4575
-7.4198 0.2068
1.4680 -1.4693
-4.1979 -0.3979
-3.6617 -0.6311
-6.8553 -5.3932
1.3550 -1.7513
-0.6379 1.3720
-7.0476 0.5469
-6.0527 -4.5095
-6.2669 0.8400
0.9770 1.7546
-0.1754 1.7411
-3.5135 -0.2779
-1.1300 -5.0834
0.2675 -6.2547
-1.8083 -0.8349
0.7568 -3.8057
0.7259 -1.8995
-7.5596 -5.0812
0.0778 -4.7169
-2.3593 -3.6567
-1.4523 -3.2169
2.5733 2.3123
-3.3534 -3.2123
0.1487 2.7700
-0.9735 2.0652
1.7608 -2.5246
-2.3929 0.8113
-2.5222 -3.5116
-3.1198 1.7893
-3.2364 -4.6516
-2.6698 0.4312
-6.1390 0.0173
2.3489 0.5764
-5.1406 0.8314
-6.1674 2.3130
-1.1690 0.9026
-3.9399 -5.0513
0.9601 2.0301
-0.7019 -3.8540
-4.2976 1.1706
1.3495 -1.3577
0.5384 1.4944
-6.6997 3.0694
3.0816 -6.5975
2.9428 -0.6758
2.2668 -5.8170
-6.8463 1.6687
2.8918 0.3567
-3.6157 -1.9571
-0.0557 -3.8298
-4.3915 -4.3630
0.3297 7.1778
3.9467 -0.0209
-1.1083 3.5189
-0.1806 2.9860
0.2250 -3.6991
-3.7891 1.6744
-3.9525 2.5457
-3.7017 -0.8513
-3.1623 -6.3566
-0.0464 -4.3869
-6.3325 5.8066
2.1448 2.3064
-4.9766 -2.9680
-2.1480 0.1940
2.7861 4.2039
-6.4363 -0.0499
4.7872 1.2965
-1.6592 1.5274
-5.1313 1.7990
-4.0417 -2.3219
-0.7554 -4.1595
1.4898 -2.3593
-7.2106 -4.3497
4.3372 0.5067
2.6812 4.3563
-7.8650 -7.5979
-4.5908 -3.5658
1.1812 0.2602
2.8431 0.9239
1.1679 2.9387
-1.4998 -3.9525
-4.0771 -0.3709
-3.7803 0.8020
-3.4422 0.5495
-5.3019 -3.0335
-2.0883 -2.2071
-4.0853 0.6491
0.2161 -3.0781
2.4668 -5.0523
2.4548 -4.5385
-4.2724 -4.3964
1.5464 -3.3938
-3.3003 0.5420
-0.0053 -6.5907
-1.0352 -1.3236
-0.2490 -4.1159
-5.1001 -3.8625
-4.0621 -0.2118
-0.4906 1.5887
1.2842 -5.4132
-6.0033 -3.2838
-1.6016 4.4030
-4.4165 -5.7115
0.2304 2.2220
-4.5052 -4.5083
-3.8176 1.8674
1.7744 -0.6163
1.9646 -3.6210
-2.5985 -4.2725
-8.6329 2.1077
1.4456 -0.4888
3.6079 -4.3982
-0.7258 1.5578
-0.4177 -4.8551
1.5083 -5.0790
-0.6745 -0.1015
0.7123 1.3146
-5.7626 -5.1380
0.2210 3.7693
1.2036 1.1641
-1.7454 -4.6075
-5.2125 2.0598
-0.0377 -1.3606
0.6223 -6.1357
0.7199 -4.4184
2.0598 0.8153
-4.1079 0.5708
-3.9797 -0.1158
-2.2718 -3.5519
0.4374 -1.0635
1.6782 -3.3277
-0.3436 -5.4150
-4.6784 -3.9773
2.3474 0.4868
-7.0013 -7.2694
4.1946 -3.5436
-3.9457 -0.9236
-1.7276 -0.7693
-9.7246 1.7566
-4.6465 3.4847
0.2055 -7.3212
1.6745 1.2314
-3.9220 -1.0076
-2.0105 -5.5552
0.4207 0.0923
-4.9758 0.2586
-4.4129 -3.6883
-2.5223 -4.4104
-5.2386 -2.4204
1.9872 -2.0429
-0.9237 -2.6225
-4.8336 -3.2765
-1.1288 2.5142
-5.3924 -1.5289
-4.5507 -4.9220
-4.2941 -3.0662
-4.0078 -0.4477
-7.4502 -3.4830
-0.0653 -2.0215
-3.9567 1.6567
-5.0990 -2.8822
-4.2302 1.2027
-3.6861 -1.8939
2.3291 2.6223
-5.5353 -5.3471
-5.9007 0.7885
0.7051 -2.0799
-2.3948 -3.9240
-7.0635 -3.7400
-2.2553 -4.1709
0.0112 -0.3587
-1.1945 -4.3529
4.3380 -3.9467
-3.9671 -6.3249
3.8043 -1.5777
1.6139 0.2244
-3.5920 -6.0463
1.7019 -7.0563
-1.5890 -2.7798
-2.1206 -1.9160
0.7503 1.2597
-3.9910 0.4129
2.4878 0.7691
-0.8552 -1.0456
-3.1220 -3.3163
-1.2979 -6.7101
-1.2326 -1.4599
-3.3273 -2.7383
-0.8766 0.8110
-0.9645 -3.9055
-5.1492 2.6859
-4.2692 -3.4141
-2.7304 1.8610
-4.4769 -0.6948
-3.1374 -5.0439
2.0788 -1.0330
-2.2438 -3.0727
-0.3090 -4.9299
-5.3985 -4.4716
-0.8540 -0.0841
-5.3953 -1.7391
-4.0331 1.0943
-3.1160 -0.3187
-5.7398 3.5629
3.2960 -4.9744
-2.4283 1.2548
2.6868 -0.2866
1.4278 -3.1059
0.5102 -3.3315
2.3051 1.7438
1.3614 -4.3800
-0.7546 -3.3502
2.6721 2.6439
1.3001 -3.4710
-0.5352 1.6500
-5.3953 -3.2542
-2.8870 -0.0267
-3.1402 -1.1868
-0.1749 -1.7340
-2.7175 1.7152
1.2810 -0.9979
0.9252 0.4474
-3.7664 -1.7169
-5.5738 -4.1165
-0.7232 -1.3810
-7.2683 0.4757
-1.9307 0.5300
-2.2604 -3.8106
1.3525 -4.5645
-3.9277 -1.7406
1.5266 -4.6664
0.3594 1.4057
-3.7794 -3.8369
0.9332 -4.8396
-3.8045 1.2227
1.1908 0.6722
1.0874 5.5321
-4.1521 -3.9250
2.5112 -5.8761
0.6105 -3.9485
-0.7492 -4.0515
-2.8184 -1.7973
-4.9402 -1.6146
1.3813 -1.5615
-1.1038 0.4520
-2.1668 -0.4250
0.2268 -0.3075
2.1719 2.6946
1.5311 -4.7185
2.9707 1.8976
-2.5918 1.7155
0.2489 -2.6152
-4.9288 -5.5246
-2.1416 -0.8630
-0.1421 0.3508
-3.2410 1.6976
-5.0581 -5.1041
-5.0108 -0.1992
2.3502 -3.1649
2.2978 -5.3848
1.2927 0.2948
0.2474 3.4723
-0.6757 -2.1609
-7.9235 -2.3194
5.5854 -5.0739
-0.0193 -4.8835
-3.4450 1.1028
3.4908 -4.6321
2.3030 -5.7219
-2.6220 -0.0032
2.4748 -6.4622
-4.5841 0.2681
-4.6370 -2.4911
2.3786 -4.2755
-0.2182 2.9095
-4.7727 -3.4236
-0.8756 2.0621
-1.5745 -3.6788
-4.8944 -4.7862
-3.2450 0.5945
-0.4014 -3.8312
-4.6220 -2.8010
-3.2280 0.5786
-0.1485 -2.1209
0.3834 1.3293
0.1960 0.1962
-2.8585 -1.0549
3.8815 -4.8120
-0.8178 3.0201
-4.1229 -5.7859
-4.8197 -1.0872
-5.5676 3.7334
-0.5601 -4.9554
1.1833 -5.7348
-3.1056 -4.4171
1.6738 2.2182
0.1615 0.2364
-5.0075 -4.1310
2.2118 -1.6009
-2.0064 -1.5223
-2.7553 -0.0349
0.1440 -5.0368
-6.6524 0.6660
-2.6637 -4.8114
-7.7581 0.5950
-4.9411 -4.2395
1.7165 -3.2267
-2.6611 -4.0071
-1.0618 -4.4898
-5.5712 -3.4825
-6.1107 -2.6045
-4.0967 -0.2745
2.2082 3.0603
1.0866 3.7992
-3.0682 -0.3380
-2.5201 2.0064
-12.0541 -0.7013
0.9396 -0.0654
-5.7661 -0.7794
0.1865 0.3481
-5.3713 -1.8337
-4.6831 -5.1546
-6.8828 -3.5421
1.0602 0.3062
-5.1385 2.3602
2.9959 -5.0281
3.2565 2.0985
2.5477 -3.8915
0.8001 -1.8107
1.8348 -2.2887
-1.7559 1.7564
-0.4784 -1.4554
-0.8428 -1.2451
2.0870 -3.2660
-0.5623 0.7411
3.4038 -4.4440
-5.6856 -4.6378
-1.9102 0.0698
-4.3536 -3.3432
0.2265 0.9699
0.0559 -1.0052
-4.3168 -3.4822
-0.3741 -0.7450
4.3113 -6.4220
-5.2839 1.0592
-4.7747 -3.3029
0.4578 1.5172
2.0989 1.1909
-5.6796 -1.2379
-0.2266 4.0555
-1.1623 2.0275
-3.8516 -5.3375
0.3318 0.6795
-2.4577 -4.8256
-5.3910 1.1784
3.4205 -2.5788
0.3688 -4.2196
3.0868 -6.1444
-2.4346 -3.2668
-3.4270 -3.5934
-4.0200 -4.7197
-4.8777 -3.1815
2.1735 0.0355
0.5271 1.6461
-7.0929 -4.6408
-5.6812 7.9986
-2.2502 -4.6867
-4.9946 -4.1430
1.7517 1.3186
-2.8115 1.2083
-1.1275 -5.1732
-3.3488 1.8965
0.7442 2.3583
-0.3998 -7.6320
-4.8459 -4.2082
-2.5124 -2.5841
-0.5648 1.2156
-0.6944 -3.1353
-3.1719 2.5822
-3.7232 -5.3842
-4.3453 -4.2378
1.0091 -5.0977
-10.1219 -4.0990
-5.4117 -4.6384
-0.1739 -0.9651
-0.4179 1.9681
-5.7191 -0.2506
-4.3785 -5.1844
-5.1748 -7.5936
-3.2763 -3.2155
-0.9046 -1.2726
-4.2354 -5.8446
-2.6248 1.1651
-2.0517 -0.2680
2.0920 1.8383
-4.6423 0.8913
-4.7206 -3.3780
-0.2920 -0.7611
-4.6372 -4.0006
-1.8475 1.0204
-4.7320 -2.1724
-2.5655 -1.7433
-4.1256 -4.2558
-2.2165 -0.2005
-3.9294 -4.8280
3.8774 -5.0819
0.8082 -1.5886
1.2091 -0.8475
1.9075 -2.9801
1.0101 3.8819
-4.4613 1.0823
-5.3771 -6.1753
4.2305 -3.0723
-5.6071 -2.9660
1.6861 2.4711
-4.4569 -3.3504
-2.3778 1.8584
1.6071 1.2188
-3.3018 -0.9806
3.0234 0.9196
-3.9507 -4.7296
-3.6871 -2.4036
-1.8380 2.4099
2.5108 -5.2862
-0.3895 -5.9969
1.9981 0.7204
1.1777 -2.7837
0.6195 -4.8012
-0.0931 1.7584
-1.7581 -0.8963
0.5623 1.9031
1.6900 -6.1720
1.2104 -0.6708
1.8690 -4.5070
-4.6009 -0.9384
-2.8309 3.2362
-4.0740 2.0573
-9.7092 -3.6493
-4.9907 -5.7981
5.4353 1.6125
-2.7251 3.3664
-1.8619 -0.9812
-3.5699 -0.1740
-3.5653 1.2840
-5.7027 -1.5170
-3.6550 -3.5299
2.1308 -0.1944
-3.1653 -3.7786
-0.1292 -4.8134
0.1962 0.2382
-4.3496 -0.0521
3.2162 -1.9043
-2.2105 0.3933
-0.6546 2.3989
0.5817 2.2773
-7.7632 0.6257
0.2768 -4.7367
-3.5144 -6.5259
-7.8854 -0.1091
-5.8706 1.9360
0.6352 -0.1397
-6.4691 2.2468
-2.3685 -5.8261
-10.4676 3.5144
-1.1183 -5.4422
3.1818 2.5205
-4.6969 1.8705
-4.4719 -1.8770
-2.5427 3.0564
0.8802 1.5601
-3.4546 2.4566
-0.9374 -7.9602
2.7400 -4.7951
-5.6644 -3.4794
-1.8688 -5.1195
2.4733 -2.2339
-5.3522 2.0997
-5.5637 -0.0014
-3.8764 -1.5023
0.4195 -2.5041
-5.5549 -4.0089
-1.0260 2.5017
-4.3609 2.2147
-0.8535 -5.1656
-3.5035 -4.0523
-0.2800 -3.3876
-5.4169 3.6968
-4.7616 -0.1661
1.1512 -4.3151
-1.8178 -0.0312
-1.3283 -0.7001
-2.1712 -3.0017
1.6995 -0.8429
-0.2420 0.4100
-2.7277 -6.3748
-4.5947 -0.0283
-4.7726 -6.3052
1.0694 0.1784
-0.2557 -5.1205
-2.9325 0.9048
-2.5131 -4.0868
-5.4169 0.3805
2.4497 -2.2655
-3.6973 -0.5031
0.0987 -2.2847
0.5957 -6.1175
-3.2291 -3.3712
-2.5821 4.1618
-4.5810 1.8939
1.0366 1.9068
1.0110 -0.2818
-2.3851 0.1632
-1.8138 -5.3602
1.9298 -2.9212
-5.9311 -3.1095
4.2952 -7.2619
-0.7395 -2.6166
-6.6157 -3.1940
-8.2011 -1.7043
-3.1457 -3.7879
-2.5467 1.2712
-4.1191 -0.0592
-5.8358 -3.6215
3.1166 -4.8520
-0.8523 -2.2645
-4.3353 -2.8989
3.3734 -2.2376
-5.1818 -4.5173
-4.8954 0.9878
-3.9701 -4.2104
-2.6355 -2.9336
-5.1736 1.6135
-3.0353 -5.3255
-0.9719 -6.2530
1.7444 1.1785
-1.1287 -6.5863
-5.5802 -3.6163
-0.0629 -0.8377
1.8648 -4.6060
-4.4240 2.7190
-0.8988 0.2206
-1.3585 -0.3282
-2.6973 -0.6072
4.1813 0.5576
1.4671 -1.9466
1.2570 1.1723
-5.8236 0.1599
3.7372 -1.1539
-3.5911 1.4075
0.4680 1.4375
-4.5215 -4.0758
-5.1089 1.9893
0.1288 0.9040
-3.6472 -4.5939
-3.8721 -3.4806
-9.7955 -4.6037
-5.4954 -4.2347
-4.4161 0.8526
-2.9705 0.1043
-2.8802 -3.4059
1.7720 -4.9922
-1.0100 0.2051
-0.0086 -1.6565
-7.6232 0.4585
-5.2924 -3.8685
-4.6088 -3.5709
-1.2186 -1.2046
-4.1024 0.3899
1.4937 -3.3491
-4.4048 1.1622
-4.5155 2.2362
-4.1455 -3.5713
0.0246 -2.0745
-3.7092 -2.3297
0.3760 -4.2870
-4.2807 3.6251
-5.7172 -1.3836
-3.5620 -2.9736
-1.6772 4.4601
-1.3981 1.5378
-3.9839 -2.5177
0.1857 -1.8574
-3.5633 -3.0129
-4.6625 -3.8058
1.2777 1.3724
-5.0586 -2.7359
-1.0493 -3.6916
-5.5515 -4.3933
2.2061 -2.1518
-1.3014 5.8689
2.0988 -1.6965
-6.9921 1.1377
-5.1841 -0.2337
-1.6822 -0.1066
-5.5187 0.0458
0.7998 1.1620
1.3733 0.8753
-3.1844 -2.4644
-3.0941 -4.8104
2.3717 -3.1850
-4.2551 -6.0538
-3.1658 0.3297
-4.4530 -1.6676
0.9766 -0.5229
-4.4588 1.2955
-0.6896 -4.0568
-0.6038 -0.1734
-5.4429 -0.4040
1.9546 1.5473
-4.4679 -3.9604
-0.2715 0.8316
0.7613 2.6748
-3.0231 2.3213
-1.7342 -5.2514
-2.2210 -3.3130
1.1032 -0.8844
-3.9849 -5.8840
-1.5291 -5.3792
-0.1280 0.1534
2.4124 -4.7344
1.5023 2.5065
-1.7011 0.8566
-2.6819 -3.7598
-6.8948 -0.3935
-4.1995 -7.8470
-5.2765 2.2810
0.3177 -3.8912
-4.5624 -4.2891
1.8499 -3.8614
-2.3119 -2.7974
-2.9923 4.4302
-3.5158 -2.8684
-4.3620 0.4926
-0.2224 -3.2533
-0.8567 2.4063
-3.1012 -1.0736
0.9661 0.5245
-4.9151 -6.1108
-5.8571 -1.1702
0.5210 -4.0702
0.4812 -6.4120
-6.4259 1.6653
-1.0622 -3.1561
3.6378 -4.6835
-0.3854 2.1931
-2.5203 -2.4195
-0.1331 -4.2222
-4.4207 -3.1373
-2.2498 7.5278
0.1948 1.4687
2.9090 2.3253
-0.7359 0.3229
-3.8796 -3.7529
-4.2091 0.8667
-2.3484 1.9684
0.2350 -1.8331
-0.3202 -0.4075
-3.2829 -4.6196
-3.5599 -6.7342
-7.3907 -2.9771
-1.6878 -0.8880
-2.8108 4.0839
-6.0880 -0.3685
-0.9026 -3.7391
-4.6461 -4.0390
0.4757 1.9581
1.8634 0.0787
0.8612 -0.4194
0.8265 -0.2636
-3.7727 3.1713
-2.8097 -7.6820
1.8472 -0.4629
-5.2163 -0.0247
-3.0019 1.9464
-0.1467 -4.3808
0.5192 -3.7996
6.0321 -4.1553
-1.7006 -4.7785
-0.4274 -5.3077
2.6967 -3.1460
2.8725 -1.0984
-3.8883 -0.9133
-7.8294 1.9899
2.2231 -3.7036
-0.7215 -2.9317
-2.2474 -0.5902
-4.2928 1.6212
1.1390 -4.3097
-6.1177 -1.0504
-3.8923 -5.1064
-2.7011 4.2012
-1.7648 -1.3956
-0.4645 -2.1074
-0.1184 -0.1035
-0.8889 0.3223
-1.4103 0.3124
-1.7635 -0.6394
-3.0435 -2.7307
0.5790 -1.8892
-2.8163 -1.9709
-2.0945 -4.1809
1.1915 -4.5629
1.1252 0.5821
-4.4634 -5.4437
2.2076 -4.6062
-0.3033 -1.9852
-4.4363 1.8321
-5.5270 -0.8959
-3.1525 1.5825
0.9573 -3.5903
-5.3395 -4.6823
-5.7756 0.8424
-4.8466 1.8613
-0.0218 0.0907
0.1175 -4.2969
-3.5766 -5.0140
-0.1954 -1.6711
-6.0556 -5.3528
-0.8909 -8.9877
1.3490 -3.4779
1.4170 -8.9437
0.2246 -5.5490
1.1242 1.2900
-3.3444 -1.5693
-1.8221 -6.0786
-5.3665 0.9817
-4.7245 -4.8330
-2.5195 1.4872
1.2381 -5.2922
-0.0112 -2.2029
3.1854 -0.0560
-0.8955 3.0345
-6.4309 -3.1931
-2.7607 -7.8863
-1.2152 2.6243
-6.1988 -0.7097
-0.1562 -6.9696
-4.7334 1.4624
0.6348 -3.4429
-3.2246 1.0850
-1.5506 2.9553
1.7302 -3.4540
-6.2346 1.4600
-9.2873 0.7139
4.9290 -4.1751
-4.4829 -5.1418
-3.6549 2.4775
1.7211 -2.9046
-2.7506 -4.6332
-0.8625 0.4051
-4.5099 -2.6911
-4.1841 1.8352
-0.7806 -5.7397
-1.3714 -5.1307
0.9140 -0.9601
-2.5571 -0.4920
-3.8952 -4.4619
-4.0501 -1.8202
-4.8904 0.6556
-2.2340 2.6896
-3.4754 -1.8492
-1.4997 -1.8560
-2.4141 -1.0058
-0.5641 -4.1321
1.9853 0.9348
-6.2408 -1.1663
-1.1358 -0.3909
-5.7762 -6.0111
1.7824 -4.1986
0.7636 -2.7665
-2.5506 0.4958
-2.1891 2.8655
-0.4997 0.1043
-2.6125 -7.8855
-2.4041 -0.2824
0.0245 -3.6753
1.4626 -4.6020
1.7691 0.3832
2.8134 0.0018
-5.1697 -5.3603
-1.0454 -0.2492
2.0458 -1.6201
-3.6439 -0.1759
-0.2608 1.6216
-7.6569 3.7272
-2.0818 -3.5578
-2.4556 1.3992
1.3024 -4.0392
0.9456 -4.7505
1.9811 -8.4291
3.2116 -3.4827
2.1828 -6.3389
-3.1261 -0.5967
-5.0651 1.0768
-5.7688 -4.8635
-0.2908 -7.1136
-2.8602 -1.7005
0.3486 -2.1135
0.9672 2.0217
1.7533 -0.5163
1.5162 -4.7211
-6.8681 0.6444
-3.1318 1.9840
-4.7422 -3.0428
0.5281 -6.7063
-1.1626 1.2978
-2.1475 -3.9705
-4.7710 -0.6678
-0.7300 -0.0227
-6.4853 0.5357
-0.0745 -1.0763
-4.0604 -4.6377
-2.7586 -4.2151
-3.8616 -7.9329
-3.9384 1.2292
0.9692 -2.8322
-6.0284 1.0456
-2.9843 -3.1778
-3.6327 -5.3083
-4.9927 -4.7958
1.4611 -6.6835
-0.1920 -6.6027
-3.9513 -4.2187
-3.3729 1.5498
-5.4367 -5.0958
-3.2003 -2.7541
0.9528 -3.7019
-2.0865 1.1710
0.2493 -0.3702
3.0443 -0.2843
0.6496 0.5405
-5.0538 -6.6083
-3.5786 -9.1207
-3.5594 -5.6208
-3.5261 1.8248
-3.7640 -1.8822
-4.3289 -3.3372
-0.8507 1.1544
4.6776 -1.1362
1.2027 -1.6208
-3.7508 -0.2239
1.0889 -3.6740
0.4002 -2.6379
-4.2355 -5.0562
1.7107 -1.1476
4.8253 -0.4179
-4.1817 0.2523
-1.8909 -5.0603
-3.9595 -0.7706
-2.1639 1.3207
-3.1785 -5.4915
-3.8831 5.3953
3.4823 -0.4082
2.0053 -2.4805
-4.7619 1.0984
-6.1067 -2.8682
3.3964 -1.8234
-0.6626 2.7026
-1.8103 0.2731
-2.3231 -1.8307
-4.0540 -1.4852
-3.2596 0.1288
-0.6123 -1.7984
-4.3935 -0.0754
-2.7801 -3.1832
0.1238 -3.8917
-0.8027 -7.8818
-1.3749 2.8891
-6.4143 0.2780
-6.0711 -0.1758
-5.3327 -0.0301
-1.3643 -3.1159
1.0604 0.8416
5.0965 -0.5504
1.2239 1.1104
-2.0707 -2.6253
-0.8395 -1.5602
-4.2284 -2.5703
-6.3711 1.5044
-4.3240 2.8054
3.7279 -0.6754
-1.9194 -4.8210
-6.3036 -0.5908
-3.6493 -3.2309
-1.0622 4.6158
-3.4603 8.7582
1.0622 -3.4725
2.1195 -1.5349
0.8382 -3.3744
-5.0959 4.7612
0.9307 -1.2261
-0.4707 0.0749
0.1046 -5.4570
-4.4799 -3.1115
-0.0605 0.3562
-7.3137 -5.1487
2.5560 -4.4150
-3.3533 -0.8167
0.6987 2.1084
2.6030 -7.9041
-3.7612 0.8266
-0.7270 0.8179
1.4811 -0.1771
0.5156 -5.3107
-1.0266 1.2289
-0.4263 -1.9248
-2.7612 0.4627
-4.0357 -3.3878
-2.2237 -4.0972
-9.5323 -6.2919
2.0779 2.0306
-1.3525 -2.1408
-1.5048 5.6503
-4.8459 -0.2741
-3.2124 -5.3275
-5.1169 -4.8669
2.7080 -4.7088
2.1284 4.8599
1.8978 0.9747
-5.0069 -3.7904
0.8287 -3.9060
1.0355 2.8177
0.2301 -5.5721
-4.1403 0.8966
-2.5544 2.1262
-3.3703 2.1817
-3.1204 -3.0403
0.1524 -3.4585
-5.3018 -4.3569
-0.8956 -6.7066
0.4338 2.6135
1.7529 -0.7457
-2.5543 -2.2081
2.2382 1.0777
-2.3611 1.6506
-0.0934 -4.7833
-3.2161 -3.3593
-2.0661 -4.9300
0.2083 -5.6918
-4.1519 -0.3524
-4.7744 -0.7538
-3.2547 -4.3282
1.0234 -6.5131
1.6285 -2.4849
-0.9618 -4.2880
0.5546 -4.1357
4.2119 3.5108
-4.3220 -1.5188
-2.5647 -5.7924
1.7223 -0.6233
2.7329 -2.4859
-2.3616 1.5507
2.0062 -5.1781
-1.6720 0.1853
-3.2976 -5.0726
0.7780 -5.3471
-5.6263 2.9267
-6.6908 0.5347
1.2609 -3.8191
1.6684 -4.0224
-1.6196 -3.0530
-2.5722 0.3888
0.9563 0.7443
-3.5336 1.6453
-5.1385 0.0938
-0.0698 -2.7895
2.1927 1.6327
-3.1106 -1.4305
-0.4218 -1.2339
-3.9525 -1.8607
2.3590 2.4785
-1.0903 -2.1540
-5.3956 2.7225
-4.4731 -0.8248
-2.3408 3.1631
-1.7888 -3.6403
-7.2270 -3.2604
1.4983 3.9004
1.6515 -2.8094
0.2802 -1.7955
1.4838 1.8847
-5.0844 -1.2964
-1.3511 -0.3496
-1.0988 -0.9760
1.2943 2.1659
0.9132 -1.6943
-5.3164 -1.3446
0.4146 -1.4621
0.8680 -3.6236
2.7288 1.8343
-7.3966 -4.8407
-5.1026 -2.0802
-3.3529 2.0728
-2.3029 1.2539
1.1501 3.4426
0.5393 0.2498
0.3242 0.5372
2.7988 0.3984
-1.0312 1.8771
-4.9817 -2.1117
-3.8975 -0.4240
1.3173 1.0047
-0.0904 -0.0027
0.7144 -3.6218
-4.2279 1.0578
-5.5389 -3.2199
0.6558 -5.2567
1.4245 0.5829
4.1393 -3.8855
0.9765 -5.2978
1.2357 1.8444
0.1154 -5.2249
-5.1479 -6.5266
2.1903 -3.8393
-4.7572 -2.9584
-5.8559 -0.5802
-3.2278 0.4110
-4.6297 0.5669
-0.0548 -1.3485
-0.0422 -4.2641
0.2321 -3.5758
-5.4196 5.3186
0.8283 -1.0718
3.0203 0.7132
-1.6183 -2.7092
-0.1191 2.5880
1.0777 0.4334
-3.7076 -2.4112
0.7229 -5.2505
1.6129 -4.3072
0.3571 0.4720
1.3100 -4.9281
0.6875 -0.7291
-6.5459 1.8790
0.2239 5.7562
-5.2055 -5.4888
-1.7423 6.8315
2.7854 1.3964
2.3825 0.0604
2.5564 -3.1363
-3.4032 -2.5807
1.5892 -1.9061
-4.5636 -5.0967
-0.2291 -2.4601
-0.2298 -3.2621
-0.3148 1.2485
1.6202 -1.1674
1.9510 -3.7355
-1.6455 5.5661
2.3301 -6.7524
-3.6308 -2.2680
0.3689 0.3398
2.5618 -6.4030
0.8623 -3.4606
0.9020 -3.9167
-2.4978 -2.4377
1.7936 -3.9146
-5.9752 -3.1678
-2.0726 -3.8134
-3.9149 -3.8750
-4.6265 -3.3975
1.0296 -2.0346
-4.0289 -4.6191
-5.3994 -1.8285
-0.6365 0.8714
-0.0219 -4.4505
1.0204 0.7131
1.5319 1.4665
-0.7396 -1.1771
-0.0360 -0.2364
-0.8621 3.4733
0.4844 -0.6434
-5.4455 3.4380
0.2441 3.8973
6.7684 -7.4906
-2.9950 -5.4382
-2.2339 -1.8720
1.6780 -1.3498
0.8725 -1.4310
-5.3449 3.5775
2.8234 -1.1228
0.4899 -2.5478
-0.3354 -1.1834
2.1854 -5.1139
2.2800 -3.3881
1.5286 1.9292
-4.6248 6.4569
-0.6179 0.1347
-3.0899 1.3662
-4.1343 1.4093
0.4560 -6.1531
1.4034 -0.3179
1.0486 -1.8243
0.7919 3.1400
-1.1014 1.4137
-3.1959 -0.3008
-1.4051 -1.0585
1.2727 -5.8438
-2.1496 -5.0328
-2.1342 0.5325
-2.6918 0.5284
-9.3880 -4.3382
-4.8699 0.1014
-0.2379 -5.5756
0.6617 -3.7355
-0.3612 2.8554
-0.5800 -3.0762
-3.1880 0.8589
-1.5018 2.4716
-5.4834 2.6517
-2.3757 -6.0471
-2.0591 -3.1117
-2.0396 -3.9051
-3.6855 -4.8629
1.8869 -5.0186
-1.4853 0.5771
-0.5063 -3.3480
-2.1017 2.8446
0.7225 -6.1657
-0.7392 0.7335
-0.2757 -0.4628
0.9501 -1.3277
-3.5863 0.2388
-3.1062 -3.9504
-2.8083 -3.5614
-3.6325 1.5305
-4.5463 -4.6789
1.3380 0.7654
-2.4637 -4.1944
-3.9314 -0.0604
-2.2294 -1.6509
-1.1554 -1.9738
-0.4030 -4.0594
-3.2549 -3.2357
-1.5384 -5.5140
-4.5983 -6.1245
-0.5859 1.7137
-5.3443 -7.6735
-4.0300 0.2645
2.2517 -1.5068
2.8135 -5.3060
-6.9252 -4.0149
-2.3091 -5.4430
-10.9434 -3.4436
-1.1599 2.5515
-4.3527 -0.2732
-1.8761 -4.2611
-1.7652 -4.7067
-2.7217 -0.8594
0.3139 2.8929
-3.2293 -3.9989
-3.3311 -5.0754
1.2740 2.0680
-1.5483 1.2096
3.7902 -0.5611
-3.5593 0.2079
0.2570 1.4189
1.8736 -4.4082
0.2098 0.0550
-4.8851 1.2988
-4.6115 1.6698
-3.0823 -2.9425
0.0314 -1.3804
-4.6477 2.5043
-4.2620 -5.8181
1.0880 -0.5737
-4.3305 -3.9130
-6.5479 -1.8100
-6.7177 0.1108
-5.9421 0.4757
1.5915 -2.9327
-2.3363 -3.3165
-2.0475 -0.9742
-9.4568 -0.7062
6.9855 -3.6577
-4.4742 -3.3587
0.2178 -5.7390
-5.6339 -2.4873
0.5631 0.9609
-4.3450 -0.2428
-2.9985 6.2632
3.6110 0.6609
-4.9885 -5.8246
0.3038 0.3332
-4.9289 -3.1068
0.8076 -3.6663
-2.5290 -0.0035
2.1343 -5.5712
-2.0784 2.7320
-5.9597 1.5195
2.6626 -1.2231
1.0219 -2.7855
-1.8597 0.5764
-5.1934 0.6263
2.8794 -0.0999
0.0676 -1.3264
1.4381 2.3192
0.4061 -6.0493
-3.0857 -3.5936
-0.1547 -3.0001
-5.0867 1.4817
-3.1263 2.7795
1.1507 0.9903
-4.0879 -3.2037
2.7426 1.3186
-2.2918 -5.6570
1.3722 -3.7589
-5.1017 -6.5426
-0.1774 -5.4244
0.0835 -5.3609
-7.6380 3.2605
-2.3206 -2.6520
-3.5666 -1.5967
0.8974 -5.1026
1.0179 -3.3574
2.5972 -2.3983
-7.9000 -0.8315
-4.4845 -5.4159
-4.7113 0.4573
-4.3006 1.8064
1.9784 -0.2935
-0.0062 -0.8313
-4.7379 -3.2828
-2.5463 -1.4888
-1.6939 0.8410
-0.4746 1.8822
-9.4629 -2.6379
1.0522 -0.5902
1.4418 -2.0537
-4.3907 2.0358
-4.5928 -1.8704
1.3359 1.6482
-0.1383 -3.5435
0.6853 3.3243
-2.0203 -6.2248
-4.1341 2.1742
-4.7200 1.5520
-8.5544 0.5189
-1.9563 -3.5649
1.2827 -3.2211
-3.8769 -3.8419
-4.1745 -2.1986
-4.5944 -1.4091
1.0280 2.1520
-7.0206 -0.9560
-3.1037 -4.2518
-0.7575 0.5516
-5.6554 -2.8917
-1.2278 -3.4228
-3.7237 -1.4235
0.2076 -3.6904
-4.7953 2.1290
-0.3191 -5.9535
-4.5031 2.3818
1.8501 1.5024
-4.0355 -5.7989
-2.5931 -1.7050
-3.7778 -1.1820
-0.7913 -7.0929
-1.2870 -0.3799
0.9678 -2.7517
-1.3278 -5.1198
-8.9616 0.2214
-0.9034 -0.4098
-4.9034 3.6277
2.0838 -2.7607
1.3552 -6.5377
-4.9727 -3.2392
-0.4579 -2.6158
1.8718 -0.8218
1.2176 -3.9607
0.7434 0.0669
-1.1886 -2.3831
2.2069 2.5162
-5.0830 -2.0199
0.0419 0.7429
0.1074 -2.6008
-4.5475 1.5227
-4.2231 3.0916
-4.0841 -0.1771
1.9188 -2.6714
-5.2561 1.2955
-3.3058 -5.8207
-2.6468 -5.0203
1.9897 1.6441
-3.0592 -4.6619
-5.9613 0.7285
-0.8083 -3.0984
-0.9267 -0.1856
-1.6020 -4.1393
-2.2927 -0.0944
-8.5107 -4.2031
0.5157 -2.6682
-2.7547 -3.2655
-4.7212 -4.9398
0.1802 1.0523
-5.3999 -2.5605
-0.5770 -0.4519
-2.5100 -2.4479
-5.2168 1.3445
-1.9736 2.8648
0.1566 6.2903
-4.2534 -4.2545
-5.0363 -4.1401
1.2294 -5.4854
-1.9387 -3.4569
-3.2993 0.4715
-1.8002 -1.3152
-3.0034 2.5835
-3.2256 -3.0340
-2.9009 -1.7774
1.0849 -6.5860
0.2338 -1.6442
-4.3482 -2.0431
-3.9355 -0.1886
2.3010 3.4519
0.2138 -4.2937
-0.4209 -4.8290
-1.4021 -4.0168
-3.6399 -1.7411
-3.8000 -4.1745
-1.2940 0.4600
-1.8680 -4.1373
-0.8422 -2.9161
1.9704 -2.7279
-4.1985 -7.9360
-1.0494 -1.1223
-3.1024 0.4557
-1.4430 -6.8903
-6.4688 -1.3474
-3.4929 2.4671
-4.3712 1.4151
0.2853 -3.3489
-3.4417 -0.2241
0.8402 -1.0651
-3.9030 -3.8421
-0.3427 2.4865
-1.1479 -3.2039
0.8872 0.6716
1.0174 1.2046
2.1403 0.7827
-3.0287 -0.0577
0.7263 -1.7998
-2.9282 -2.0396
-0.4377 0.0103
-1.2039 -1.1185
-4.9855 -4.3258
-5.0572 -5.1921
1.7320 1.6070
-3.6296 -6.2427
-2.1711 -3.0888
-4.5994 0.0122
-0.6764 -2.8605
1.4848 -3.3924
-3.1636 5.0487
-6.3317 -7.5562
-0.0888 0.9027
-3.5067 0.3224
3.0576 -2.7396
-2.8124 -4.6117
-4.6028 1.7644
0.8579 -0.6752
3.6423 -6.5545
-3.0228 -4.0046
-3.3247 -1.2708
3.0367 -2.4095
-7.5485 0.0918
-5.1505 -0.5268
-3.8917 -4.2814
1.1465 -0.2891
-4.7957 -0.7852
1.2084 -4.5286
-5.3203 0.4005
-0.3197 -1.0547
2.8864 -6.1048
2.7651 1.9852
-4.2844 1.4516
-1.6795 5.2245
4.3559 -2.8758
-0.1340 -5.2886
1.6589 -4.6774
-5.7243 -3.4389
1.6994 -0.9201
-6.1650 -4.7523
2.9952 0.2533
-0.2592 -0.6895
1.8798 1.1216
-1.3632 3.8248
-3.1436 -3.5682
-3.2004 -7.4383
-3.7169 -4.4373
0.2224 -1.6387
-2.6299 -2.7421
-2.6282 0.6460
-4.6033 -4.4802
-3.4009 4.5219
-6.4512 -3.0002
2.8526 -3.9852
-4.7364 0.0867
-8.7832 -1.7291
-5.5137 -1.6817
-1.3305 -1.4645
-4.9789 -1.4756
-2.5593 -1.0696
1.9112 -0.4832
-5.8683 1.0969
0.7938 -4.8143
-3.7963 -1.5285
-5.5418 -1.1791
-0.4499 -5.8605
-2.8451 -1.1819
-2.5032 1.9825
-1.0612 0.9370
-0.9864 -0.3276
-4.5387 1.5964
-2.6927 0.4914
-0.5909 1.2137
-5.1024 -1.4945
1.3720 -6.0579
1.9728 4.1752
-0.5238 1.0208
0.4270 -5.6389
-0.8959 -0.0627
-4.4712 -0.4039
-2.4006 -4.8435
-0.3499 6.3629
-5.0984 -3.6788
0.7832 -2.8346
-2.7360 -0.7977
-5.7652 3.1427
-4.4974 2.5877
1.5912 3.2849
-8.0197 -0.6306
-2.9067 -3.5047
-1.2657 -0.1192
-3.2307 1.1738
2.4181 -2.9185
0.0656 -3.5742
-2.9199 3.9500
0.7576 2.0243
0.7769 0.6723
-4.1110 3.5986
-2.2311 -6.9428
-3.7058 -2.4230
0.3778 -3.5105
0.2945 1.7998
1.1467 8.1126
-1.6896 -3.1242
-5.8852 -6.0424
0.7828 0.3906
0.1785 -3.0577
1.8805 -4.3073
1.0725 -1.1272
-0.6645 -0.4942
-4.8827 2.8033
-1.0041 -0.7624
1.1302 -9.2466
-0.3000 -3.2435
1.9300 -0.8062
-0.9418 3.0380
-4.5745 -4.2237
3.3991 -5.0176
-0.1116 -0.0436
-0.4104 -3.9052
-4.8533 -0.9655
-0.7131 -1.8708
-0.5727 -5.5676
-0.6927 0.9119
2.0566 1.6491
-3.7931 2.1025
-4.8022 0.9912
-3.9027 -4.9780
0.1618 2.1769
-2.5123 -2.6856
-2.7476 -8.5979
-5.2006 1.8255
1.4173 -5.3271
-1.8312 0.1069
0.6580 2.7868
1.8834 0.8782
2.1066 0.4556
1.9133 -5.7594
-5.8980 -0.3453
-1.4391 3.9920
-1.8863 2.7155
0.3275 -3.9860
2.8855 -5.8134
-0.2397 -0.0149
0.4115 -5.9478
1.2556 0.3291
-6.3508 3.4358
-2.7303 -2.6751
6.5002 3.2577
0.5089 2.3089
-4.1344 2.6406
-3.5216 -0.3916
-5.3691 -2.6030
-5.9760 0.9991
-1.3214 -3.6855
-1.9835 -5.6729
-5.4608 2.5028
-1.3240 -5.3616
0.9173 -3.6600
-3.4907 0.3440
-3.9561 -1.8952
1.5982 -3.0475
-5.2355 1.0868
-4.2964 -3.4531
4.0423 -1.3573
-0.5016 -3.1942
-3.8818 -0.7209
3.0950 1.1125
0.7615 -1.3783
-0.9142 0.1701
-0.8517 -1.1062
1.8328 -0.9899
-1.9875 -1.3166
-1.9891 -4.4832
-4.0737 -3.9361
-2.1357 2.9191
0.5417 2.1984
0.0991 2.1024
2.9062 2.8104
0.9855 -0.1284
-4.5320 0.2692
-1.2307 -4.1752
0.0021 -1.9301
2.4897 -4.1322
1.2686 -4.5289
-3.3639 1.7949
0.6105 3.3604
1.6537 -6.5258
-1.9490 -1.3663
-6.2039 -2.9890
0.7919 -0.1216
0.5659 -3.4247
-2.5090 1.0153
-2.2326 2.3278
1.9727 -2.6008
2.4183 -3.8863
-0.3916 0.2528
-0.1125 -0.9744
-3.8547 3.0956
0.7520 -0.3795
1.3082 1.9242
-3.5949 3.2293
1.7962 -0.1706
1.7733 -0.9113
1.2117 -4.7962
1.1598 -1.6178
-0.9780 -2.1615
-1.9324 -2.0043
0.0192 -5.4455
1.9930 -0.1972
-2.4937 -7.4294
-4.3535 0.1033
-2.4499 -1.8068
-5.1478 2.9337
-2.2863 -1.7300
-4.1023 -8.3726
1.4426 -1.4777
-7.2783 -3.5034
-6.0154 0.3226
0.3418 -6.8725
-3.5955 0.9631
0.1245 2.0855
2.2299 -2.8193
-6.8214 5.0275
-0.1929 -4.7645
-5.2797 3.6621
-3.4907 -0.4125
-4.4816 -3.0893
-4.0412 -4.8106
-3.3434 -4.8211
-4.0179 1.9344
1.7315 -2.5224
-3.4107 2.6873
-4.4084 -2.6588
-0.4082 -5.9806
-6.6487 -1.3242
0.9653 -4.2673
1.9617 1.9992
-0.8484 -2.5138
0.6575 -8.1372
-5.6401 -2.9537
1.1763 -3.0915
2.1491 3.3729
-0.9299 -5.4489
-4.8278 0.9941
1.6255 -0.7798
-2.6846 -1.3621
-4.2219 0.9956
-4.1144 0.0827
-0.1388 -0.8826
0.4800 1.1152
0.9420 0.0236
-5.4790 -3.2076
0.4524 1.9960
-4.3284 -4.1293
-2.5800 -5.3357
-4.2432 1.1829
-2.3707 -4.9011
2.5242 2.2519
-2.4377 1.0760
-7.4892 -5.4092
-5.7006 -6.3228
-0.1385 -1.4848
-5.7660 -0.5608
-3.3543 -0.0755
-0.5596 -5.6283
4.0139 -3.0972
-2.6092 -0.5072
0.6996 0.1838
1.4765 -2.7271
1.1621 0.9084
0.6500 -4.0097
-4.7426 -4.5468
-0.3032 -3.8998
-9.0877 4.8014
-0.5532 -2.9036
-4.6925 -0.1237
1.7019 2.0292
-1.7049 -5.9540
-4.1697 2.1077
0.7775 -5.8021
-4.6588 -5.6630
-3.8091 -1.8097
-3.3725 1.4232
2.6349 -1.2644
1.3500 2.8372
-5.4304 -0.0961
-1.6111 2.4433
0.8532 0.7768
-3.5468 3.7183
-0.0157 -0.8745
-1.9002 -4.6847
-0.3889 -2.4884
-3.9290 -0.5116
0.6360 2.0318
-0.5862 -0.0689
1.7294 -1.6856
2.1562 1.2182
-4.8802 -6.0047
-0.7382 -5.5278
-4.7528 -5.2995
-5.5668 3.5317
-7.8091 -2.9060
-5.1049 0.1261
-4.0847 2.3064
-2.6422 -1.3917
-3.9023 1.4709
-4.5786 -11.5945
-3.6060 -2.6735
-2.7701 3.2073
1.7962 -3.9067
0.6955 2.7344
-5.0287 -1.7600
-5.4075 -5.8389
-3.3301 -1.1744
1.0178 -5.3725
-3.9348 0.4770
1.9625 -2.6270
0.5385 -3.4635
-4.0540 -4.4831
2.4566 -8.5111
-7.1057 -5.4660
-2.3161 -6.1256
-1.2384 1.7983
1.2962 -6.4111
-3.7754 -2.9924
-2.6937 -2.8918
0.5422 -4.7876
-3.2992 -2.4243
-1.9635 -0.9267
-5.7210 -1.1276
-1.5751 -0.5885
3.3864 -5.4465
0.0526 -3.6549
-1.1551 -1.5385
-0.4235 -2.9226
-3.4956 -9.1323
-0.8155 1.8213
2.3988 1.4383
-2.4996 -0.7744
-2.0561 -0.8969
-0.7704 -1.5850
-0.5668 -0.3151
-0.3701 -6.0787
-4.3746 -3.8670
-4.3962 -5.8630
-8.4185 -4.6649
2.3704 -0.4833
1.5516 -5.2266
-2.4964 -0.7074
-6.4240 1.3520
-8.8868 -1.7665
-1.8103 -6.0559
3.1680 -3.2371
-1.0805 -1.1088
-5.3733 -4.9384
-3.4297 -4.7935
-0.4490 -5.6478
-4.6902 -4.4697
-4.7483 -3.6927
-0.7314 1.5854
-8.5598 2.7249
2.7564 3.6043
2.3371 -1.6185
-3.1468 -5.2941
-2.7614 -4.7578
3.2152 -4.2482
4.9795 -1.2514
1.4288 -2.7917
0.8743 -4.3282
-6.8185 1.8020
-0.3511 1.3559
2.0027 -7.2161
0.9639 -0.7258
1.0305 -0.4500
-0.9817 -6.1410
1.7867 0.7987
-2.2041 -1.0222
0.0905 1.1976
2.1145 -4.2975
-1.1118 1.2649
0.4242 -1.6109
-3.9838 1.3983
3.6454 0.7552
0.8013 -6.1902
1.2039 -3.7372
-1.1911 1.1755
-3.3055 -1.7939
0.2596 -4.7756
-0.1577 -3.3250
-1.3292 3.2717
-8.6450 -1.9535
-3.2007 -2.7396
0.9040 -2.1439
2.6252 1.4465
-3.2107 0.7979
3.4580 2.2823
-5.3693 0.5249
-1.9492 -1.7844
3.0572 0.0387
-4.6207 -2.4834
-4.1897 3.2155
3.5120 -1.1468
-4.2762 -4.3261
-2.0810 2.9762
0.7510 0.4059
-7.7403 -2.9958
-2.4235 0.9529
-0.0483 2.3506
1.3146 -0.6705
-0.7238 1.3499
-3.4372 -6.1204
-4.2035 0.6845
-1.3143 -5.3279
-3.5580 0.2507
1.3850 -1.3743
-3.9847 3.0097
-0.0299 -2.7284
1.4734 5.6238
0.4843 1.8224
-1.2654 -1.4848
-1.0489 -4.5337
-2.3011 5.8160
0.1560 -10.1556
-5.4006 -6.1373
-2.9206 1.5209
4.1662 0.5381
-0.0178 4.7139
-3.6254 -3.4536
-2.3713 -2.2456
-5.4250 -3.3237
0.9161 1.1546
-4.0864 -3.2581
1.3923 -2.9310
-5.2079 -1.6460
2.1571 -4.6674
-3.0510 -5.9799
-3.3368 -0.3910
-5.5907 -3.1459
0.9878 1.2001
2.1620 8.0460
-0.3179 -1.3465
-4.1075 -0.9030
2.0771 0.7557
-2.5809 -3.9737
2.5867 -1.3549
0.7501 2.2253
-1.5997 -4.7053
-1.3143 1.2179
1.4847 -2.1326
-1.9360 0.4488
3.2641 -1.1359
-3.4861 -4.0473
1.2726 1.3643
-3.2537 -0.6932
-6.6773 -4.2455
2.7238 1.4156
-5.5580 3.7807
-2.6787 2.5634
-5.9918 -4.5232
-0.3746 -6.2892
-1.2832 -5.0473
-5.0337 -5.7864
1.0419 -3.7352
-8.4692 1.3049
4.2750 1.5958
-4.7541 -1.1111
-9.6499 -4.1571
2.4436 2.8367
-2.3589 1.2443
1.7628 -3.5036
-0.9051 1.9436
0.4256 -0.9445
2.0906 1.4207
-4.2423 0.5257
-5.2892 -0.5202
-1.1317 -1.9773
-8.3274 2.3597
1.4914 1.4023
-3.3533 -4.7237
-3.5846 -1.7010
-2.2318 0.1380
-5.2627 -5.7918
4.8799 -3.6894
-3.4564 1.8695
2.3516 2.0327
2.7178 -1.7365
-9.2930 -2.9840
-2.5791 0.5278
-5.5318 -6.9318
0.9635 0.4944
0.8358 -2.7529
-4.7193 -4.7051
0.9833 -4.6193
-1.9726 -8.0058
0.1701 3.8579
1.5152 -0.6723
-4.5060 -5.8037
-8.0537 -5.4151
1.6009 -2.8613
-2.7394 -4.8545
-3.9380 -4.6885
-6.6007 -4.9082
-4.0836 3.0465
0.4302 1.3693
-5.7423 0.0896
0.2089 -5.9946
-0.7044 -0.0055
0.7384 -2.9880
-5.0688 -5.3726
0.8473 1.6643
0.2751 -5.7668
-2.8601 -3.4021
-1.7468 -1.2932
-5.6732 2.0775
-0.9608 -1.4342
-2.4575 -3.4481
-2.9590 -3.7583
-4.7582 1.2283
-0.3552 1.0990
-0.0947 -0.8437
0.1550 -4.1580
-0.0991 -1.9204
-5.4019 0.1284
4.9821 0.9291
-6.6109 1.3931
-0.2990 -5.4378
-4.8233 -3.9576
-5.5979 0.4060
-4.0218 -5.9351
0.6780 -0.0005
-0.5747 -2.0731
-2.0116 2.7028
4.0753 -0.0400
-0.3209 1.8437
-3.2275 -1.8065
2.2310 -1.3444
-2.2682 0.9870
-1.0643 -3.7017
-2.1922 -1.8485
-4.3187 -6.8426
-0.7317 -1.2424
-4.2757 -5.0363
1.0094 4.2840
-3.3681 -5.6526
-2.3685 -4.4121
0.9993 -4.7357
-1.2492 1.7132
-2.7575 -5.0465
-3.1837 -6.6653
-2.2753 -2.8116
-1.5524 -3.8973
0.4754 3.8186
-2.4454 -3.1703
-7.7593 -1.9124
2.1667 -3.7155
0.1319 0.4204
0.5458 0.2717
-4.5167 0.9444
-2.8301 2.8082
-1.8395 0.3321
0.4220 -0.6015
-10.1040 -4.3142
2.1548 -0.9132
1.6160 -5.4279
-2.9690 0.3543
4.0566 0.1984
-3.4093 0.1362
-6.6370 -4.5133
2.7294 -2.8004
2.1046 -6.7451
-0.4633 3.4310
-4.3992 -3.8304
-3.0952 2.0050
-2.0977 -0.5551
-1.1251 -2.1254
-4.5522 -1.9363
0.7757 -3.4490
3.9211 -5.0317
-3.4358 -3.1905
-2.3344 -3.2577
-4.4444 0.5338
0.3047 -2.1599
-3.9456 2.4598
-2.2884 -0.2332
-2.2472 -2.4550
-3.9675 -1.6297
-0.7119 -3.3833
-1.4549 -3.3463
1.8234 -3.3909
-4.8286 1.6498
-6.1158 0.6959
-8.0494 -2.0253
-0.1645 1.0355
-5.8479 -0.5694
-5.7605 -2.3442
-4.9845 1.4904
0.0020 -0.6939
-1.3651 -5.6017
-10.0596 2.4406
-2.8121 -0.3614
-4.4306 0.3851
-5.3284 1.0769
-2.5474 -3.9864
-2.1692 -4.4483
-2.6613 0.2851
2.7075 0.6875
0.0995 -4.5579
-4.9302 -4.3017
0.0484 -0.5090
0.5392 -0.3308
-3.9768 -4.9141
1.9675 0.8939
-4.3338 0.3735
1.5017 -5.9887
-3.0033 -5.9199
-2.4951 1.0246
0.6530 -2.3113
-0.4602 -4.0608
0.3395 1.8007
3.4922 1.2047
3.2743 -0.0712
1.0691 -4.4832
2.8138 2.2398
-6.8615 0.8225
-3.2502 -3.1257
3.0253 1.3455
-4.7488 1.3040
-1.3406 -5.7655
1.2357 -0.5568
-4.2417 2.4677
1.2384 0.9516
0.7198 -6.5647
-2.8337 -3.9082
-2.8598 -5.8129
-2.9745 0.0776
-6.6524 -1.9838
0.7049 0.8005
-5.9379 -0.0296
-1.1050 -3.4275
-0.9128 2.4410
-3.0853 4.5496
1.4686 1.4524
2.0287 -4.8764
-4.8508 -2.4032
3.5031 -3.4143
1.0688 -1.6511
3.1212 1.8455
-0.2095 -4.6188
2.1327 -4.7731
-2.4364 -7.2088
2.4173 -2.1704
-7.1763 -0.6276
2.0866 -0.9946
-2.1697 0.6051
-6.2436 -0.2516
-2.5445 1.0370
-2.3227 0.8956
-5.9114 -0.2069
1.6828 -3.1622
-3.4152 -2.8033
-2.0421 0.7012
-5.5168 -0.0274
-5.9650 -4.7752
0.5475 -0.0323
-3.8800 -0.9000
1.2947 -5.2814
-0.3935 0.1260
1.0134 -1.1822
-0.8667 -7.6314
4.1522 -4.9390
-4.7951 -2.6841
-1.8772 -0.5985
-4.9979 -0.3782
-0.2057 -5.6184
-2.5759 0.3449
0.1898 0.3571
-1.0346 -5.7399
-2.1363 -1.0713
-3.3885 -3.2067
-1.8197 0.5488
-3.7343 1.6041
-2.7338 -3.4721
1.9179 0.9367
-0.5459 -5.9785
-2.8070 -3.7724
-0.3073 -4.2255
1.2510 -1.1195
-0.3150 0.0136
1.0054 -4.1408
-0.0284 2.2119
-9.1284 -3.5098
0.2390 -5.3291
-2.4340 0.3831
-0.1203 -6.6841
-4.5099 -1.3615
-4.1094 -9.2083
0.8054 -1.2679
-4.7232 -3.4582
0.5671 -2.2559
0.2371 5.4753
-5.1625 0.9390
-3.1860 3.9226
-4.6620 -5.5221
-6.5637 -0.8125
1.8040 -0.1437
1.5113 -0.0105
-3.6152 -7.4321
-4.1598 -0.3968
2.4556 1.4899
-3.2279 3.5497
-3.7097 0.5803
2.0775 -0.4681
-0.7320 -0.6729
2.0680 -2.2626
-0.4936 -2.0563
1.7674 -5.5464
-3.7046 -1.0602
-1.4154 1.2320
-5.3997 0.4146
2.4092 -2.5466
-5.3105 -4.6900
-4.5008 -4.3643
-2.9992 -1.2228
-1.9657 1.9686
0.0032 3.3781
-4.1298 0.2859
-6.8395 -0.4611
-4.1272 -4.3016
-6.3492 1.2203
1.5339 -3.4883
-3.2334 1.9287
0.7507 -6.3293
-1.9722 -3.5329
3.7778 2.5885
1.7242 -3.8184
-4.4565 -6.2392
2.0159 0.4731
-1.6956 0.5599
1.1048 1.0328
-4.3004 -2.0894
-1.2516 -4.7930
-0.2579 -3.8880
-2.2778 -8.3044
-0.7907 1.0791
-2.4498 0.1536
0.4730 1.9836
-2.9582 3.0140
-1.6985 -1.8018
-0.9400 1.3499
-0.7974 2.9078
5.2125 -1.6267
4.9567 -0.1456
-3.8554 -3.9843
-1.6924 -3.3238
-4.1653 0.3572
-3.2621 -7.0959
-2.6592 -5.4969
0.1793 -1.5225
-5.1855 -4.7045
-3.8290 2.7598
-3.5752 -2.3561
3.0307 1.0347
-6.3945 0.4418
-6.0869 1.3010
1.9689 -4.5379
1.2317 -0.1932
-5.6334 -6.3276
-5.2144 -2.4521
-2.6855 -5.4096
-4.1901 -6.8946
-0.2890 0.2459
-1.0937 -1.4917
-4.7164 2.2280
-6.7712 1.9725
-2.9265 -1.2322
-3.7558 -5.1156
-1.4214 1.0182
0.2266 -1.5998
-3.4425 3.3361
-4.8235 1.8502
0.0110 -3.9641
-4.8972 -3.3994
-1.0499 -5.1323
-0.1813 -2.7024
-1.8342 -2.3892
3.7317 -6.9639
-2.7163 2.1126
-5.3676 -0.7436
-5.5574 0.3465
-0.8644 -3.2497
-2.7473 2.6152
-3.5567 0.3102
0.4032 1.2092
1.4016 -2.4736
-4.4273 -0.5473
-4.6973 -3.6125
-1.8970 -3.1191
-0.2412 -2.2628
2.2253 -1.7736
1.5413 -3.6374
1.8498 1.2312
-0.9055 -2.9974
-7.1668 0.6358
-1.2453 -0.1449
-3.5019 -2.2145
-5.8870 1.3361
1.1110 -5.1745
1.2699 -3.7393
-2.0411 0.0754
-2.5295 3.4111
0.3726 0.5582
-3.8137 1.9799
-0.5790 -5.5812
2.0410 0.9565
-0.3298 -3.2801
1.2710 1.7782
-4.1749 -0.9093
-5.1890 -5.2276
-4.8361 -3.9687
-2.1358 -4.4449
0.3459 4.6469
-5.8471 -4.0808
0.8407 -0.3651
-4.6269 -0.1485
-3.3374 -1.1299
-3.6865 -0.6708
-4.9507 1.8678
-0.5914 0.3761
-3.9078 -2.2587
-1.6237 4.3489
-1.9544 -4.5178
-0.5681 0.9529
-4.3979 -0.7360
0.7206 -1.3594
-0.6570 -5.8229
0.0681 -4.0232
3.0775 3.8116
-0.1106 2.3702
0.4898 -1.0463
-4.8996 0.1139
-0.3888 -5.5525
-5.3140 -4.6456
0.2834 0.6048
-3.0339 1.7641
-0.3549 -3.1210
-2.7052 -4.4069
0.1883 3.3928
-4.8428 0.9452
-4.9632 0.0322
-1.9519 1.7004
3.2661 1.7047
0.1670 -3.7955
-4.0411 -4.8553
1.4406 0.6594
-4.2133 -5.1086
2.3717 1.0901
1.3485 1.5888
-2.8741 0.4161
3.2863 -4.1144
0.9261 5.2343
-5.1850 -2.7816
2.9884 -6.3446
0.4547 -3.2426
0.0720 -2.8835
1.7468 -3.0372
-0.0613 -3.5739
-4.8963 2.0924
-5.9592 -7.1154
-0.6493 -3.8683
-3.9552 0.4731
-3.5235 -4.5577
-4.6114 -4.9164
0.7209 1.2322
2.2159 3.0603
-4.1489 -4.5301
-1.2004 0.9465
0.3431 -0.8028
-1.0139 -3.4780
2.6098 0.6500
-1.6198 -4.7924
-1.2903 1.8963
-5.2888 -6.1412
-3.5074 -6.1577
-3.7451 -4.2618
-4.8637 1.0573
-3.7703 -4.2527
-2.4772 0.8129
-4.3509 -1.3547
-4.7053 -0.8379
0.5094 4.5819
-3.1386 -1.3876
2.4549 -3.5601
-0.9863 -5.8986
-7.6824 -3.4042
-2.4835 -3.2815
0.2653 2.6231
-4.7909 -4.6924
1.5404 -3.1559
-4.0827 -9.5841
0.9304 1.2288
1.1755 -6.0339
-3.4623 -1.3061
0.0277 0.2015
1.3268 -1.9278
-3.7034 -5.7053
-3.9814 0.9146
0.8408 -2.6113
-3.4971 -1.4011
-5.1265 -5.8457
-1.6108 -5.1705
-3.2431 2.9388
2.4776 0.7991
-3.8200 1.2133
0.1008 -1.3094
-3.9017 0.3783
-4.8136 -3.3779
-8.0711 -3.3387
-3.8020 0.2890
4.1904 -3.1953
2.4532 -1.8429
-2.3725 -3.4408
-5.2506 -2.9357
-4.9296 -1.8336
-3.6438 -0.9849
-1.7265 -4.2081
-3.6501 -3.0010
2.1598 -2.8346
1.0471 -6.5139
-2.3399 -4.9805
-2.1721 -0.0310
0.8241 -0.4147
0.8304 -1.5751
-1.8639 0.8093
-6.2345 -4.8298
0.1232 0.4960
0.7811 1.0141
-3.1835 1.6624
-0.1799 0.1007
-8.3685 -2.8544
-0.4221 -5.8079
-3.5377 -1.5666
-2.5714 2.6365
-1.2904 -6.3572
-6.8418 2.7335
-1.8141 -5.3923
1.2500 -0.2584
-0.0375 -3.0404
0.1797 1.1001
-0.3556 -5.2281
3.5325 -2.0767
2.7482 1.0656
2.9139 -1.7224
-4.7653 -4.1323
-1.0897 -2.0842
2.0542 1.9255
-0.5214 -1.2232
0.8986 0.3178
1.0534 -0.7018
2.0660 -1.7443
0.9866 -5.8506
-6.1939 1.0224
2.2841 -5.3733
-3.7071 -7.4390
-1.8756 -1.4743
2.7024 -3.4067
-2.5416 1.0634
-3.5464 -3.9389
1.7290 -0.6998
-2.8647 1.0447
-1.2860 -3.8929
2.3225 1.6451
-3.7400 -3.4594
2.3514 0.6092
0.4785 -4.5211
-1.6964 0.0976
0.2086 -8.8459
2.8341 2.5940
-5.0879 1.7751
-2.7536 -4.6367
-7.9460 1.6507
0.0408 -1.0249
-1.5551 3.3419
-1.1471 3.3389
-3.3362 9.9564
-1.1002 -5.7873
-7.1736 -7.2915
3.0595 7.8493
-2.9444 -3.8420
3.7751 2.7437
2.4726 7.2373
-2.4228 -2.6783
-6.4900 4.2789
-5.2760 -4.3860
-7.3931 -4.6186
-0.7236 -3.5695
4.8048 -4.8403
3.7523 -7.7846
7.1923 8.3904
-7.6587 4.1576
-4.2916 1.2086
-5.3376 -11.5059
5.3328 9.3713
7.7392 -5.8394
5.7225 4.7145
-4.6149 -7.1628
6.3398 4.3057
-1.4505 4.7748
8.2792 3.6680
-2.7140 10.0901
5.9992 -5.5607
3.8327 -4.0889
8.9381 -3.8586
11.4051 -3.8752
3.6704 5.9170
-4.3827 9.3620
3.0763 -6.6261
0.2078 -2.7794
2.5266 -7.7033
-7.9452 -3.2648
4.4171 6.1005
2.6802 2.8786
-6.1582 -5.1424
-1.6600 9.4539
-3.2448 -1.6906
-2.1370 -5.9136
-0.7791 7.9428
10.2472 3.5074
-9.1871 7.5840
8.9386 -7.2061
7.9491 7.0389
4.1421 8.9219
-5.2221 -4.9640
3.5563 5.6699
3.4981 4.8942
11.2123 -7.5430
6.2535 10.6759
-4.8543 -9.8396
-7.5015 -4.6120
-5.7797 7.5222
3.1595 -2.2943
6.5572 8.2355
-3.6965 -4.9140
-8.8282 1.6744
-8.0799 -2.6659
6.7414 9.2531
10.8824 6.1584
3.1365 -1.1654
-4.9387 4.2427
8.2089 -6.8214
-5.6576 3.1826
4.9688 -4.9040
6.5324 8.6429
-2.9939 -0.0666
7.3691 -4.6108
7.1933 -3.7947
-2.4817 10.2687
3.5616 4.8198
8.8623 -3.8931
3.6231 -7.9444
-5.6524 8.7758
12.2004 -6.5037
-10.9110 6.2440
-5.0370 -5.1500
11.1822 -2.6435
4.1340 5.1664
-7.4130 -7.3904
-4.5113 -6.1311
7.6223 7.1871
-1.0768 -7.9960
9.6206 -3.8232
5.5512 4.3292
11.4993 -8.0008
-2.0232 4.4141
-7.1283 -5.5286
6.9525 -7.8898
8.9795 6.3574
-6.4366 -3.3688
-9.5298 -3.6034
9.0899 9.4487
-7.0716 0.5551
0.8822 -6.8772
-5.2372 -10.1076
7.9377 -6.5942
9.3136 -5.0012
7.1145 4.5229
-7.7063 -5.2714
11.8029 11.5141
-10.1138 -8.5976
-8.1665 -2.9202
4.5346 -3.2238
-3.8852 2.5353
7.7800 11.5893
-0.6428 5.9081
-6.4474 -6.9612
3.6052 0.0648
-7.6789 8.5766
-1.9396 2.9541
-8.4833 -5.5272
11.9170 8.1605
-6.2100 9.0777
-7.1908 1.9992
-5.1934 2.3637
-5.2617 12.4248
4.9836 -5.2867
7.7726 8.1364
-7.5110 -9.4626
-7.3855 -5.8082
-3.3591 11.1978
-1.7478 9.8197
-7.3751 9.0100
7.9062 -5.3712
5.1532 -0.3495
7.3915 10.3413
-2.0450 11.8985
-7.6275 -3.8538
-8.8990 9.5615
2.9028 3.8470
3.8098 -7.9218
-5.6829 3.0740
13.1181 -6.1071
-7.6160 10.9679
-8.5229 10.6722
8.4290 -5.5137
-7.4151 -6.7945
4.5661 9.1000
9.0008 1.2653
-8.1997 10.9879
11.9508 6.4471
-8.8584 -3.1162
4.0453 -5.8721
-0.9736 -6.8925
4.5295 -8.1021
3.6916 7.1048
-3.2037 8.2730
-6.9396 0.0119
9.1725 8.5394
8.2379 6.9431
-8.1836 11.0805
7.3653 -8.4188
7.6783 -9.0827
5.2864 -7.5801
-6.9966 -6.5783
-4.5740 10.5476
7.4906 7.1476
-5.1006 -8.9846
4.4539 3.7833
-3.6717 5.3707
5.3401 -5.7082
-7.2020 -3.7447
2.8117 -1.7550
5.6176 5.7792
5.2034 2.2919
-1.5683 9.1579
-7.9172 1.0145
-2.6715 3.0688
-8.2427 9.5947
-5.3247 6.2431
0.8003 7.9056
4.7609 -7.2374
3.1412 -2.0688
5.6201 -8.7968
-7.2218 -4.0604
5.8696 9.7742
-3.1880 -3.0766
-8.1646 -10.2602
2.3736 -3.1132
-10.1156 -2.8846
2.1622 5.8324
11.3152 8.6610
5.0606 9.5241
1.3859 3.0053
-9.5625 -4.1543
4.2146 11.2526
2.2510 -5.4867
8.8262 5.9285
3.3296 -7.2594
-8.3576 5.5832
-5.2557 0.7864
-0.0624 7.4209
9.3308 3.3846
5.8796 9.8548
4.4933 8.9714
13.3491 5.2861
-4.6535 2.5234
-0.9860 9.2840
-0.1552 -0.7946
-1.9878 -2.0361
-3.1659 -5.9878
2.0417 -4.3134
11.9090 -3.2045
-6.2087 -5.3288
2.6447 6.9947
4.3774 6.7409
-3.0712 4.0426
10.1587 7.1359
-1.1314 4.6052
11.2967 3.4239
8.0960 9.6608
10.2175 6.5339
-8.4667 3.9702
4.3499 7.2256
-3.8790 3.2768
-2.5496 3.1602
9.4358 4.5442
5.5859 2.6647
1.2776 -2.6453
-5.8926 8.0170
-4.4033 3.0707
1.6477 9.7312
-2.5091 8.7686
-6.7692 -6.3378
-5.1220 -3.0142
-5.3866 -7.3692
-2.8416 -6.9813
6.5154 -9.8796
6.6081 -0.2076
-8.2267 -5.8625
-8.8883 2.9840
-4.4953 -0.8410
-1.9805 -5.0452
-7.2464 4.5208
5.7700 -9.2387
9.7941 4.1130
-6.1884 8.3774
11.3638 8.1258
-7.1739 -2.8456
-2.4479 -7.2127
3.0439 -5.7411
-6.3249 -6.6375
-5.6040 -1.5181
-8.4013 -4.1250
10.4285 -2.9313
3.4699 -6.4825
-5.5853 -6.9623
-7.0114 -6.7477
9.4228 -10.3525
2.1633 3.0386
7.0270 4.0208
2.8930 -0.7310
2.7940 -8.4767
-4.8834 -2.5057
5.9572 -3.7910
8.5024 -7.8591
-10.8242 8.5663
7.6456 12.6661
7.5815 -4.0525
-3.0894 -8.9544
-3.2022 4.0670
-5.7165 -4.8255
6.4088 -9.7301
6.1180 -5.0909
-6.0885 8.6654
7.6570 0.2916
-1.6330 2.9872
2.5145 -6.2861
-4.4571 10.6940
-10.4683 -2.8282
6.7097 8.5913
-7.2866 -3.8564
4.2193 -9.4021
9.1092 -1.9996
3.9368 4.0072
-3.1993 -5.0976
7.8164 6.2738
6.1749 -5.2419
-7.5676 2.6730
-6.4062 1.9512
-7.2164 7.2068
-3.6060 4.1428
-1.1314 3.4357
3.4761 -1.8246
9.3847 8.6921
-4.2323 8.0568
5.8640 -2.6168
6.5028 -2.5940
-7.0400 4.9658
-11.2913 6.5932
10.4295 8.9918
-6.7118 -3.7215
-2.6096 -5.0333
10.7862 3.3820
8.1178 -7.0944
-9.0758 4.4847
-4.1260 8.5028
4.9827 6.0682
7.0610 -8.6871
6.2835 10.3033
-6.6736 10.0732
-6.3537 9.8162
3.9679 -2.2059
3.5336 4.7335
-5.4894 2.6100
-7.2766 -5.9634
9.6640 -5.7904
-6.2975 -5.3704
5.1981 -8.0798
-3.1795 -7.1300
-8.2209 -1.8598
-4.2197 -5.1371
7.7578 1.1151
-6.4806 -2.7580
3.8019 -6.3510
-0.9335 -3.6102
-5.2653 -0.8781
0.3713 1.5414
-7.2008 -8.4603
3.5580 -4.7914
8.7294 7.8328
10.6041 2.9070
5.0807 -6.7280
-8.0072 -8.0384
3.7101 -1.8350
4.2018 13.3764
11.6969 8.9974
3.6899 -2.3071
-2.6130 -1.6240
7.6040 -3.7992
8.6042 3.7513
-5.9878 8.5823
4.3758 -1.7157
-8.5424 8.0771
2.0167 6.5590
-13.2734 5.1026
11.4396 -4.0834
-5.4860 -8.6113
-0.8301 6.0509
-6.7756 -3.4343
-3.7975 -7.9040
-6.5582 -8.2266
4.0809 -4.6516
-1.5044 0.5515
-2.6957 1.1417
4.6144 -4.2770
12.4750 3.8131
-3.7677 5.6331
3.9041 -6.4764
-7.5080 -2.4728
-3.8769 -4.9043
3.5085 -7.0521
2.1784 4.3884
-2.6461 -4.8207
11.1691 2.7404
-4.0315 -3.3084
-7.3349 -6.1606
-1.5524 -1.1149
-2.9851 3.6286
3.2896 5.4867
12.1796 -4.5215
10.2124 -0.3788
-6.2274 -5.8395
8.4529 6.0712
5.2363 -9.5601
-9.2800 -1.0503
1.3570 7.5002
-6.1520 -9.1194
-4.3021 3.1420
-2.4477 -6.2937
6.2036 7.7741
-6.9753 8.4313
8.4222 -4.0364
9.4909 -1.4019
9.3075 -8.6412
-1.9870 -5.7787
1.2338 1.6251
11.0993 -4.1715
-2.5573 -0.3817
-5.4744 -2.3085
10.0454 11.7597
6.3626 -4.2281
2.6407 9.0044
-7.1744 -7.9531
-5.8201 -7.1277
8.1772 3.5355
7.7216 -1.8465
-6.0635 -6.5236
-9.3532 1.5297
7.3557 -2.6602
-7.6008 -5.8143
-3.2003 11.2654
1.0524 -2.3983
-6.7500 -4.9920
-6.5371 1.2180
-4.8875 -6.4692
1.5350 5.1491
-2.1043 -6.7214
6.6936 -5.4597
-3.1234 -5.1781
-4.4815 10.7547
-6.3378 -1.1053
4.7808 9.8644
-2.9510 3.5071
-1.2240 -2.7795
3.9985 -4.7168
-3.5289 -5.1617
-3.0357 11.1966
9.7920 -8.2484
-7.9747 6.1587
5.0634 3.5288
-9.1927 7.9798
2.9789 5.5776
4.7215 2.5739
-3.0197 -5.7762
6.1193 9.4682
-5.8612 7.8389
2.0452 7.0222
4.9930 -1.9040
-7.8852 -4.7051
8.5381 -3.7689
5.3707 -4.9179
6.4895 -6.9458
10.5400 6.9971
0.5749 -8.9910
-1.8706 -8.6107
-4.5847 3.8934
-9.8747 4.8516
-7.2031 -6.4653
8.0053 6.1902
5.5365 13.2511
-3.2369 -7.5908
9.6110 -9.5992
-10.6766 12.6697
-5.5233 3.7780
8.7715 5.8613
9.2623 -9.0287
3.6134 5.4135
-9.1676 1.9549
-3.2275 5.5925
2.3973 -4.2907
9.0566 -8.2134
5.9458 -6.5477
3.7204 -2.9848
6.8901 9.6399
1.4070 8.4251
8.8766 -7.3505
4.3872 -4.8470
-2.1175 4.8933
-8.5160 0.8240
5.5165 -7.5437
6.0521 2.9505
-1.7942 -5.5824
-6.9947 8.6999
2.5651 8.8536
-5.2733 11.3375
9.7380 13.4443
7.1960 -8.7254
-8.9555 -5.7800
-5.1069 -10.6016
-1.7759 -2.7041
9.6750 1.7858
2.0831 4.5763
-5.6654 -7.8130
-8.0184 -3.7886
5.5140 -6.3648
6.7237 5.2306
-3.4330 -0.0852
14.8992 1.2967
3.9580 -6.1902
-2.8382 10.9047
9.5973 -6.5874
7.8881 4.8345
-2.8396 -4.5313
-4.4290 9.5451
-7.8819 5.9938
4.3525 -5.4456
-2.1193 5.4210
10.3376 8.8954
-7.8368 3.1022
10.4137 -8.3213
-7.4395 -6.4917
1.7361 3.0458
1.4892 9.9536
-7.3460 4.3103
-4.4811 -7.1624
10.4430 -1.2823
-5.4220 5.5285
-1.0235 -1.5389
8.9389 -1.1614
12.2051 -4.7200
5.0519 -11.5206
5.4299 -1.4844
-1.6819 6.7370
-2.6997 -4.6147
5.4903 -3.0761
6.4327 7.6636
4.5537 6.4322
-1.3869 4.4890
-3.3328 -2.2358
9.8310 -9.7903
-6.1033 -6.8335
-7.2120 -2.8101
9.9932 7.3818
7.3629 0.6379
7.6416 -5.1525
-1.6708 -2.0157
-5.9363 6.5156
-0.2557 0.6199
7.1965 1.1434
-1.9993 7.3115
1.4394 -6.0615
-5.5676 -0.9448
-9.6266 3.3369
-0.9340 -9.0484
11.3157 -9.7679
9.2556 -0.4371
5.2576 -2.3864
-7.9286 -2.5842
-7.1686 -8.5105
7.0117 -9.5638
5.6567 -10.3828
7.1680 -3.1032
6.5749 -5.6801
-2.3600 -8.3124
-0.4278 2.9533
-1.4864 -7.3135
16.4989 -5.7068
4.9981 9.6589
1.7143 4.0820
1.9372 5.8202
3.5530 7.8470
5.7740 7.2763
8.1344 6.6005
-2.3340 -3.0104
-4.4314 8.0298
-1.6422 -0.0988
-2.3888 1.8492
3.6694 -1.6190
8.7241 -5.3981
10.4822 4.5281
-4.0587 2.1766
1.8212 10.5835
-6.6492 6.5140
-3.5254 6.1728
-5.1200 7.8410
-6.4451 -1.3940
9.2381 -5.9772
3.0685 -2.7639
11.0703 -5.8854
3.0769 -7.4103
-2.8167 -1.4012
4.9192 -7.8604
-2.3189 6.7766
10.7722 -6.0916
-0.9247 -9.3763
6.3933 -5.1439
6.4342 14.3115
-3.3993 10.5249
3.8924 -7.8095
7.6039 -2.4322
10.6305 -8.4883
-8.0428 -2.4953
8.2214 9.8226
-6.2863 -3.8879
8.6616 -3.6580
-3.2207 7.1786
-1.5556 -11.4917
-8.9761 2.5633
11.0040 -1.8424
-1.1300 6.8346
-6.0696 -1.5513
-8.0499 -7.8379
-4.1023 5.1102
7.3870 -1.2779
10.5580 8.0379
-7.3083 7.1784
-4.9456 4.7927
-5.5898 1.7044
4.1052 0.0848
2.4620 -5.6633
-5.5100 -5.2003
-5.9556 -2.6005
9.6478 -4.4948
-7.7188 11.1707
-3.0431 -8.0524
9.3576 -8.0596
6.8299 2.1239
8.2997 -6.5170
-4.0758 -6.7939
-9.0205 -4.9828
-4.6250 10.1983
3.9678 10.5499
9.6761 8.3066
-4.4694 10.8189
9.4783 -7.7764
-3.4933 8.3579
-7.0831 -5.7054
9.5027 6.9603
7.7401 -8.1324
-6.4714 -8.1428
-7.2871 6.1050
-7.5953 9.6393
3.6025 9.3035
-7.6265 7.4628
2.4037 -8.1692
4.9076 6.2685
-5.3651 5.8613
-3.5947 -1.3389
2.1425 -9.6013
-5.6403 8.5043
6.5766 10.3151
-11.9919 15.2789
-5.1703 6.6186
4.7555 4.1826
0.0788 -6.3891
-10.4628 13.1898
-6.8126 7.3003
6.7692 -3.3732
6.3142 10.3293
7.3019 -7.4122
-2.6832 -2.8893
-8.3058 -3.6664
10.5132 -5.8858
-4.7687 -7.9170
11.1466 -10.4249
9.0488 -2.8731
-3.5356 3.3944
4.8270 -2.9882
4.4427 3.2020
8.4998 2.2476
10.3145 -6.3781
8.9428 -3.8651
9.8396 7.1042
-8.5693 5.9097
-1.9174 9.4664
-7.9418 -9.0541
-8.1411 8.1470
-7.5073 -5.4125
-8.0611 -1.9411
7.0881 10.7644
-4.1270 -3.2778
4.2571 7.5621
4.6510 3.1533
4.2285 -8.2229
-4.1378 -5.7441
1.0698 9.6528
9.0448 3.0249
-4.6734 3.7332
-7.7136 2.7305
-5.8279 6.6530
9.8017 8.8386
-8.0514 4.1013
-5.4993 1.3760
-6.4911 5.2253
8.5780 -8.0636
4.3025 5.8069
9.3422 8.0180
3.3180 -1.4292
-2.3473 -2.2441
11.0338 4.3668
-6.0138 4.2120
-5.7499 -3.9214
2.1714 6.7947
-1.4506 -6.4080
8.9317 2.9679
-3.7981 -2.9036
4.6029 -6.1826
-4.8379 -7.0109
-9.3697 -4.4686
-0.5449 -2.9543
5.3227 2.1576
3.7668 -5.9349
-3.3684 4.0980
1.2842 -4.2050
-5.8163 -4.9324
-7.7216 -1.6457
-6.6300 4.0993
-7.0736 -1.8301
-0.3693 -3.9433
14.1088 7.2100
2.2881 1.6773
-6.3224 8.4307
10.4616 5.5586
4.2782 1.5050
3.8701 -8.5317
3.6555 9.4386
-6.3792 -8.8074
5.9328 -11.2308
-6.0414 -7.1142
6.6340 -6.3630
9.7968 4.8398
-2.0021 -1.5866
-1.4724 -3.7837
11.0354 -5.4005
-1.4722 -4.0010
-1.8002 9.8653
3.9660 -4.1830
-7.3996 3.8033
3.3656 3.6572
-2.9666 -2.6017
2.2562 2.4776
-6.5693 -7.6382
-5.1608 -4.3522
2.6108 4.2273
-4.4179 11.6145
13.3393 10.0347
-4.0011 -6.5560
-4.7968 -4.3644
-1.4363 -7.1810
0.6931 -5.1229
11.0579 -3.5677
2.8994 -0.3954
-7.5893 12.2654
9.4761 4.8664
6.4825 7.3263
2.6983 4.3608
-1.8585 -9.2330
-2.9528 -2.0667
7.5120 1.8197
4.9196 -7.1714
-7.0993 -2.1461
-0.6626 -7.8242
-4.2733 -6.1202
-0.8846 -1.2528
-9.1405 -2.3477
3.4762 8.4282
-3.0333 4.9882
-7.2479 5.6961
5.1924 4.2588
-1.5339 -7.6455
6.1036 3.9925
-9.6807 -9.4462
3.1967 -2.9247
-3.9748 9.2514
5.5690 -8.4917
-9.2929 5.8216
-9.1345 -4.0447
-6.2952 1.4279
-6.8360 -4.3058
3.8348 -1.2037
-9.6975 -2.6918
2.9941 10.1855
-1.7933 7.5676
10.5734 -7.8993
9.1326 -5.6981
1.7580 8.3450
-6.0376 -1.8464
-7.3486 7.6847
-3.7063 -3.4704
-7.1806 -5.7046
8.4983 -5.8602
3.3840 -3.4630
-0.6033 -6.1957
10.1937 7.7090
-4.3439 -6.5599
6.4974 -10.5734
-7.5280 -5.5463
6.6367 7.4592
0.8822 -1.8058
3.3352 -1.9625
-6.4520 -9.3607
8.3810 -5.5280
-7.7278 1.6039
-4.7812 -8.3808
11.6580 3.0457
5.1907 -6.1523
5.6346 8.6122
-4.6597 -8.8698
7.6655 9.9128
-4.2625 -3.5347
2.5064 8.7593
-0.0402 8.3070
5.4102 12.9099
-4.4618 9.2463
-6.2303 6.3398
-0.9926 9.1306
-7.5085 6.4761
-4.2742 10.4265
9.0132 6.4758
-1.5442 3.1067
-4.3794 8.7213
2.2605 9.7277
-3.0357 -7.7769
-8.5154 -0.6493
-7.2368 6.8497
3.2023 7.2864
-5.3331 4.7817
4.3616 -9.4186
1.9429 2.9279
3.9396 5.4721
10.3848 8.0127
-0.6953 -3.1522
-6.5568 -4.6928
-6.1972 -5.9244
-9.5696 5.4471
1.8428 -2.8639
0.9146 6.0260
10.0762 4.9747
11.8415 -3.6581
7.1472 -1.7045
3.0590 -7.9516
-6.1383 -4.1754
-4.9855 -2.7799
-5.8872 -3.6714
-2.7136 8.8291
-1.9153 -6.7476
8.1171 -1.8825
-8.2267 6.4907
4.6379 -1.4865
5.0264 -6.6532
-3.8007 6.3144
-6.9598 7.1179
-6.6770 -7.7904
7.2991 0.3530
-6.9257 -11.3509
-7.2785 7.7477
-2.4253 -5.2849
-0.4283 -3.8208
-6.3713 -3.1016
3.5868 3.0495
5.9849 4.5425
-4.8873 -8.2375
9.8125 -4.0096
10.6086 -3.7406
-6.2571 7.3021
3.2900 -1.0355
-9.8636 3.0453
8.9018 3.0463
-7.6405 -6.2991
1.1258 -6.0121
-1.9073 2.5322
-2.3402 -2.5635
-4.9632 9.5765
10.3901 6.3919
-5.1289 4.4185
8.1578 2.9808
-9.8586 -7.8254
-0.6595 2.1241
7.4881 -3.5886
3.9636 -2.3482
-5.4907 3.3527
-4.7790 3.8677
-0.1086 -6.8758
-2.3449 13.1697
7.4540 4.7607
-8.2627 -3.6657
-2.1725 6.9353
4.1440 9.5448
-2.9516 6.5574
6.7066 -3.0414
10.7151 -7.4498
1.9057 5.1800
-0.4669 -6.3766
-9.9357 10.7494
-3.8538 6.6746
-4.3330 5.0064
-2.4557 -2.7599
-0.3393 -5.6142
4.5381 -6.8795
-8.0104 7.0281
5.9924 -4.4148
4.9636 9.7803
8.2493 -5.7766
5.7814 -7.2989
-4.7329 -7.9830
-2.4548 -9.7609
-0.7680 -1.9797
9.7443 4.9428
-3.4626 -5.3289
-7.0326 5.0541
6.7660 7.7768
11.5334 3.3288
0.4719 -2.0131
-5.7703 -6.0378
10.3944 -2.1352
-2.2125 -8.3374
1.1646 8.7929
-2.6834 -6.0057
-9.7049 11.0761
7.4794 -7.0634
7.5926 3.7556
7.6963 9.7788
5.1983 5.5956
-7.6872 3.2431
5.7044 7.0416
5.3144 8.5419
-9.5503 1.2724
-8.4672 -6.7959
-2.9067 -2.5745
-8.7908 12.0242
4.7005 -9.2415
7.4799 -8.6205
8.9615 2.2100
8.1760 -5.5876
-3.4692 -0.5981
10.8673 -8.5081
-5.9143 -2.3798
-8.9175 -4.5442
3.0970 -3.3328
3.7325 2.1173
7.9401 4.8561
9.1262 -1.1202
-8.5042 -6.2912
10.4973 -3.9010
10.4722 4.0775
-3.8130 7.6856
-3.5673 -1.3845
5.7350 2.8323
10.0487 3.6813
-7.0333 7.9163
-1.7926 8.7009
1.0018 5.1293
2.0336 -6.2460
10.0909 -10.1895
6.7953 2.5962
-0.7956 -6.4247
-5.6924 -10.6886
-6.5820 10.7962
5.0184 -5.0868
3.9198 10.2608
3.3860 -4.1808
-4.6575 7.7283
8.0322 4.5579
-5.7459 -6.9026
4.5276 -6.6479
3.0370 4.5000
9.3572 7.5091
-1.7562 8.5810
5.3975 -8.1110
-3.6005 1.3977
-4.8879 7.3177
-3.0640 3.8945
8.1709 -5.3997
5.5321 5.6079
-7.4657 12.3162
-1.7124 -4.2627
-3.1585 -5.5724
7.7165 10.3600
10.3589 12.4362
6.0128 -10.1597
-3.8240 2.9084
8.4690 -2.8243
-5.7789 -5.7852
-5.6360 -1.5683
-4.5437 -4.1932
-8.0387 -6.3281
-3.3552 6.1483
-1.8213 -4.1339
-0.8989 4.4088
8.7398 9.5137
-6.1365 9.8416
-4.4635 5.9044
6.3740 2.2854
-1.2945 -6.8142
-2.8480 -8.5471
-4.0255 -7.3353
9.4250 5.2428
-3.6422 -4.9729
11.0039 -5.2032
9.5315 11.6068
2.6201 -4.8228
6.4007 10.1318
-9.7676 10.0243
-1.9621 8.1479
-2.7386 -4.6148
-2.9059 -6.4634
5.1685 -4.4110
-5.8553 2.8817
1.0118 -4.8243
7.0437 -6.4827
0.7969 -7.9692
-1.6100 2.4450
-2.1459 13.7114
7.6739 3.3204
2.5314 -1.5821
1.4712 4.6005
4.1392 -7.4844
2.3390 8.3695
5.3904 5.7328
-6.7296 8.0581
7.6422 -8.9694
-7.6818 -3.2632
-8.2791 3.3868
-8.8983 -8.4700
6.9420 -4.6605
8.1464 4.5433
-0.7032 5.6451
-11.4252 -2.0369
4.5914 9.3808
-4.1688 8.2274
-10.5163 -4.2011
4.0026 -6.3403
7.8193 -2.5254
3.2184 -0.8837
-5.2443 -5.3910
0.7376 5.0166
-5.7457 3.7217
-7.5018 -8.0507
-8.5752 0.6675
12.2752 -2.0441
-2.4616 4.7185
9.1101 -3.7305
-6.2045 6.3529
9.2988 -6.5092
3.2471 3.4397
-6.4604 6.4537
-4.5404 -9.4037
-3.0316 4.6002
4.1962 -6.4475
-3.6828 7.3530
7.0125 1.5065
-5.0031 8.5520
-1.8979 -2.0003
2.8744 -5.4729
-5.5362 6.1164
13.6213 -3.7981
3.9130 7.0038
-1.3868 -4.1693
-3.0543 -5.7355
-5.6680 -4.8180
6.9225 -1.9626
7.8638 7.5195
-9.6772 8.1049
-8.1398 -5.1553
-7.8534 5.3447
2.3117 10.8034
-8.0534 -0.8652
3.5704 -3.9355
11.2332 -1.7208
-0.7927 -3.3962
8.5520 -3.9439
-6.8333 0.9659
11.0866 -7.4737
-4.3802 -5.4558
-3.7008 8.3470
-7.4923 -5.3816
-4.0263 9.8469
-2.4206 5.3763
-4.8995 -6.7918
10.6140 -0.4929
-6.0076 -1.0575
8.6218 -7.4313
-7.4102 -1.9319
7.4985 -3.8356
-1.5331 -8.1004
-8.4582 -4.8044
-9.2041 -6.4192
-1.7946 7.9280
-6.7223 5.9798
-4.1953 11.6779
-0.8757 7.8179
-2.8088 15.0954
2.6901 6.2971
5.2858 10.4147
8.0155 4.5056
-8.1981 -5.4698
-5.6833 -4.6773
-8.3408 7.5013
5.5907 1.9676
-9.0572 -7.4561
-5.5825 13.2741
12.2271 -3.2925
-5.1578 2.2419
-5.9546 -4.3727
2.7079 0.4265
-7.4256 6.5566
-3.8387 -10.9350
-5.0158 7.1250
-2.2178 -1.6920
10.8802 10.4008
-1.0326 3.8748
-5.6022 -8.5582
-4.5750 7.5775
-3.0340 0.9726
6.6738 3.6558
9.2371 12.1526
7.2126 -0.6347
-2.6243 -4.0605
-2.6962 10.0797
-3.7980 -4.9852
-3.5806 -6.6106
-6.6260 -5.2469
5.3429 7.4314
-7.8973 6.2372
7.4193 -7.3849
4.2175 5.4066
-5.5060 9.5604
13.6406 -5.0085
-2.0750 9.5460
11.8616 -6.1694
-7.3349 -5.7532
4.8262 -2.7533
-2.7832 -5.4738
3.5619 -6.9692
-10.5644 -7.4725
6.0912 0.7128
-4.3207 -1.2616
-5.3150 5.7360
4.5418 7.3364
5.2131 7.3808
10.0974 2.6829
7.0537 -4.5751
5.5340 4.8710
-7.1669 7.2883
-6.1850 3.5980
-2.3115 -2.7050
5.5032 5.7280
-8.3468 -4.5364
-2.3314 -6.4160
6.8903 9.3933
3.7459 -4.4640
-7.2443 0.3863
-6.3177 5.9933
-6.4626 0.6027
10.0622 0.1875
-3.5223 8.2592
8.6605 12.9817
-3.0356 -4.9633
-2.8699 5.7630
-7.8780 -7.0074
0.0886 -2.0584
-9.6282 1.3396
-7.5789 7.3707
8.8653 6.4164
9.7325 6.1018
-7.4361 2.7464
-5.9166 8.3254
2.4758 -6.7669
10.9469 2.9937
2.4398 -6.2449
-1.9347 3.2699
6.8769 -8.6090
0.7709 10.3650
-2.2552 -4.3614
-3.8294 10.5573
9.8908 -9.5578
9.2814 -3.2534
-2.8686 8.9356
-6.0156 2.7430
-6.0777 -6.4506
-9.3991 -8.2227
5.0052 4.1485
-3.5149 2.6436
2.8451 3.7625
11.1254 -2.4019
2.6531 2.5275
1.1743 -5.4274
-4.0166 -3.3734
4.3491 -2.4037
-2.7274 -2.6251
-3.7718 4.6813
-7.6310 9.5393
8.2040 6.9777
3.7874 -7.2743
7.1665 -4.4850
7.8711 7.1009
-6.6258 0.6798
-10.1390 4.2967
-4.4986 -6.5754
1.9465 5.7876
9.1675 -5.0422
3.6402 4.9443
1.6515 10.3436
-2.8906 1.9212
-7.7400 9.0226
0.0145 10.8436
8.2015 8.3684
0.7651 7.8989
1.8524 8.2259
3.6530 -9.9335
7.7635 11.9934
-4.8396 -7.4422
4.7967 6.2574
-0.7057 9.8304
-10.2638 11.4477
2.1328 5.3407
-0.7585 -5.8251
9.4799 -2.0213
-7.1299 7.0787
3.3328 -6.0050
-5.5740 -1.0372
-5.2098 3.4670
-7.7884 11.2694
5.3822 5.0589
-11.6692 -0.8594
1.5760 -8.3149
11.8359 6.9527
-5.4014 6.1143
5.4723 -4.5852
7.3940 4.2697
8.4851 -0.3072
3.3732 -12.8536
-6.5494 -8.1411
-0.6086 -0.8348
9.2055 4.3681
-6.7007 8.9100
-2.2256 11.5622
-2.2071 -8.6467
-3.4939 -3.9831
-4.2504 -3.1449
-5.2317 -2.6465
-1.0389 11.6674
7.5180 -3.9276
6.8625 1.4977
-7.0668 -0.5666
8.1967 -9.1882
0.9454 -2.9362
-4.4388 4.1804
5.9851 -2.8803
9.7980 -7.9954
-3.1304 3.8923
9.5633 11.3644
4.6374 -6.2007
2.2861 5.0412
-1.8440 -6.4830
-1.6679 -7.1113
-5.2112 -7.9620
4.6592 -2.7436
5.4833 -2.2413
5.0208 -2.7982
4.7831 -8.6911
-3.1614 3.3562
-2.6266 5.1834
1.8821 6.6568
-8.6419 3.2561
7.9687 4.9482
-6.2939 -4.3863
1.6328 -5.3818
0.8728 -4.4923
3.2662 -5.1790
-5.3989 1.6857
-2.3441 -0.7353
-8.3062 -9.5024
-6.8066 -8.4551
8.3306 -6.1929
9.3721 -0.5258
-0.9099 -8.0746
-4.1436 -2.0564
-7.5554 -7.6828
-6.1141 2.8878
-4.5077 5.1772
-8.3792 3.4718
5.6229 -7.3713
1.2282 -4.8589
-3.1959 5.0256
-0.6276 -6.3522
-6.0226 1.3902
1.7614 8.6997
5.0982 -5.2386
7.9110 1.9852
-5.7962 -1.7038
-6.8987 8.9931
-0.8808 4.7995
-2.7585 8.3624
12.2998 5.1972
-5.5697 -10.6542
8.6675 11.1205
7.8868 -8.0379
2.1657 -7.4895
-6.3516 -2.1202
3.9214 3.1957
-6.5857 8.8443
3.6005 -9.7248
-3.7359 -1.0034
-0.9983 7.4583
7.7928 -5.7973
10.6407 10.8119
0.2917 10.2901
6.8783 -5.0941
6.1118 11.2403
5.0872 -7.4697
-0.3706 5.5314
-4.4764 8.9120
-1.7490 3.8372
10.2054 -4.0844
8.0715 2.7663
9.8223 2.2362
4.2826 3.0557
2.5646 9.0794
3.7896 -2.4007
11.3448 2.9032
-4.3094 -5.3574
-6.9937 -3.5505
8.4974 0.4549
-8.7566 -1.3309
-5.1732 -6.3777
5.8258 5.1120
-8.2702 -5.6752
-5.4362 8.0788
10.6488 -5.0089
8.3003 -5.3223
-8.9840 -3.3486
8.0539 -8.1059
-2.5010 6.8866
7.1111 2.7071
9.9042 10.7569
4.7007 5.9949
2.3186 3.5342
9.8377 1.1996
4.9186 -5.1827
9.3895 -3.8763
-3.3472 -5.6649
-4.7270 7.1866
7.3448 -9.6010
-1.2925 7.3739
6.0165 -4.3810
-10.5320 -5.3967
2.8640 4.4618
7.3905 5.1239
9.5700 -4.4983
11.2281 -8.5173
4.5427 -3.9811
-2.8081 1.5944
-4.5115 3.2774
4.3383 11.3290
-9.5203 -2.1988
10.0733 -2.9609
-5.9914 -3.9087
-8.9292 8.1665
1.8417 2.7442
-3.3328 -5.3029
5.4177 0.8617
12.1571 -3.4098
-0.5644 -4.3806
-1.1764 10.1882
-4.1355 -0.6781
4.6203 -3.6234
8.7763 10.6383
-1.0316 -8.3334
-2.1771 -7.9672
-6.0021 -7.0171
-9.6862 7.4767
6.0559 -6.6165
-4.6687 -2.1244
-4.1307 -2.1563
4.7509 -3.3836
1.0090 -10.3367
7.0957 -1.9359
3.2946 -4.2740
-7.5516 2.9943
-2.1052 3.4422
5.6900 -8.9434
5.6142 -1.7945
1.2884 6.9912
-3.9837 10.0462
3.1963 5.3911
5.2814 -6.0456
10.5175 -1.3895
11.6389 12.7032
10.1408 8.7182
-5.9605 -8.5516
6.0706 3.0074
1.6921 5.8584
4.0587 2.6208
-1.5036 12.8887
4.9124 8.5645
-1.7169 2.7030
2.8712 0.4036
-5.1303 -10.4258
1.4183 -5.3450
8.4263 -2.9064
2.7574 3.2567
-11.1290 -5.5987
1.5909 10.3842
-1.6690 2.4489
0.6563 11.2322
-2.9106 -3.2052
-4.7407 -3.6726
7.9548 -3.0986
5.2619 -3.6132
5.6754 -0.1589
6.1929 -2.4927
-3.4509 -6.4710
-3.6756 8.9209
-8.9376 -8.8440
3.0813 -7.1366
1.2963 -5.2935
6.3711 8.6889
-5.4538 -1.8488
11.3513 -4.4846
4.6699 -3.9568
6.2770 -8.2106
-6.7600 7.4230
-3.9368 5.8556
-9.8583 6.8925
-6.9062 3.9258
9.7282 7.1431
8.8417 4.1364
-5.1899 6.5843
13.3980 -2.2326
-3.3074 -3.4141
10.6855 11.8858
-6.3858 -0.7045
-1.1427 -1.3023
-8.9832 5.8864
0.6592 -0.8379
-3.8750 -3.2070
10.2329 2.2532
-8.9274 3.6253
4.6370 9.8963
-2.2436 -9.5516
-3.7136 -6.3865
6.6461 5.1778
-10.5806 7.9292
-4.1564 -1.7590
-8.7600 -5.6931
4.3947 -4.2769
9.2253 -8.1738
-3.3202 -3.1416
-9.0120 -4.0482
-8.8536 -0.8464
-2.0167 8.3381
-8.9722 3.5607
0.8743 -6.3509
6.0452 -1.6543
5.7194 2.0368
-10.9898 5.1603
-4.1047 2.4284
9.9177 -7.6250
-5.9461 -2.9797
-1.4662 9.1432
-4.7897 -2.0198
1.4938 7.9633
-4.0434 9.9767
10.2054 -2.9312
6.2512 9.0488
-3.7023 3.7160
-2.7584 5.3018
-6.8593 -10.9985
8.9444 9.4213
-6.4438 4.0930
10.0492 4.5085
-8.7008 -4.8892
6.5317 -1.7432
-5.8815 9.5091
9.6403 8.9355
-5.4750 -8.5402
4.0441 -1.7532
5.2154 5.7553
4.5026 -8.2831
5.1696 -3.7737
4.5392 -2.1368
3.1991 6.9734
-5.5382 2.2921
8.5775 9.5871
-3.7634 -5.7231
4.5291 2.8522
-5.9572 11.1858
5.4717 -1.3003
-5.2460 -10.0016
-6.3719 -4.4184
7.4548 -5.1460
7.1366 -2.9708
-3.6981 0.4291
3.6784 8.8584
-4.4995 0.3360
-1.8658 8.2542
2.9226 -6.3377
-5.8910 6.1658
-2.6670 -4.0312
7.7612 -5.8766
-9.1121 -5.5841
0.8627 0.8427
5.2630 3.0618
2.9409 -2.2312
10.8815 -6.8819
7.6969 -6.0024
-3.0925 11.3437
6.0599 5.3108
-4.6674 -4.7045
8.7545 4.3074
5.7653 -1.8629
-6.6904 -7.6353
-0.2586 -5.9669
-2.6840 3.1348
-8.8189 8.9790
10.7671 -4.1282
6.4319 -3.9408
10.4270 10.6268
-0.0794 10.2862
4.6996 0.6349
9.1011 3.1503
-4.8495 6.4347
-0.7776 9.7197
5.7023 -3.4521
-6.5958 -4.1405
0.4565 -4.5077
-6.5745 -7.0729
8.6901 9.8028
-7.5103 8.4585
-7.3818 -7.2030
1.1282 -0.6327
-2.9130 -0.7352
10.2184 4.2869
4.6452 -5.9515
4.0167 5.9162
-5.8499 -3.1244
-2.2705 4.3194
2.3630 -1.5920
3.7487 8.5336
9.0950 6.4170
10.0348 4.2902
-7.0477 4.9506
3.2358 7.3039
-4.0682 -6.8669
7.1854 -4.0942
-7.6693 7.4862
-11.6453 -8.0987
-4.0392 -7.0596
8.8466 4.1572
5.0837 -6.7856
-6.0893 -2.0223
-8.6272 2.9905
7.5516 -7.3714
-4.3792 5.7935
-6.2793 7.0280
-0.9941 5.9933
-2.4828 2.0161
-4.2204 7.1022
7.0048 11.4365
-6.4365 2.9657
-6.4880 1.8634
6.4373 7.8481
-3.5736 4.1305
-1.1825 -4.3927
-6.7048 -3.3038
-7.7242 -7.3522
-1.3499 4.1366
-8.2513 -1.5041
3.6715 -2.0539
9.3611 -10.8639
0.7747 -4.9995
-3.2598 -8.3569
13.8174 12.7410
8.8430 4.8694
-6.6694 4.1207
7.1829 3.7844
2.7459 -7.5678
5.8580 1.3825
4.8538 -10.2504
-1.9835 -3.1091
-2.7020 -3.9660
9.1045 6.3332
4.6026 3.4901
-4.4502 -7.6760
-3.3643 -2.8792
8.2970 -0.8676
7.9568 -1.6158
-4.6157 6.8136
4.7726 5.1421
-2.8681 6.1459
8.0783 -3.5108
7.1132 10.0935
-10.0144 -5.8594
-5.9894 2.0144
-0.3620 8.9204
2.0664 2.0184
-3.5250 -9.0499
3.6709 5.8174
4.3824 -9.5062
3.9379 -3.3753
-4.1056 6.9849
4.5941 -2.4030
-7.8284 -5.2088
2.3481 5.7147
-2.8630 -3.5706
-4.6226 -5.1682
-9.1225 -5.5684
4.1540 -4.3690
2.5161 -5.7683
9.9125 2.0705
8.6573 3.2187
-4.9324 4.2187
1.5750 5.6777
7.9345 1.9262
-5.6850 3.8499
3.8676 -4.6445
6.3196 -6.7548
-3.6876 -4.0562
-5.7065 -5.7612
-9.0402 9.1510
-3.8779 -1.4019
10.0785 4.5713
-8.1748 6.4797
-1.0368 -2.6134
1.0408 -5.2117
7.0725 -8.3007
3.5907 8.7120
-2.2956 -5.3656
-6.1465 -6.4658
2.6708 -6.1281
-8.4334 6.3190
4.7460 -5.8175
-0.1399 -4.9734
-5.5819 -5.7409
6.4617 4.2880
-1.4733 -6.6634
7.7243 -2.6420
-10.5606 2.9162
8.4511 0.7904
2.1032 4.9217
-8.1854 -4.5405
-5.7825 6.0405
-2.5242 8.4628
6.7210 -5.4235
-5.4320 -6.5319
-9.0125 -5.9563
7.4585 3.2385
-6.3802 -9.2302
1.0252 -7.5228
-5.6144 -7.7698
1.4226 3.3118
-3.2468 4.9030
4.6011 -9.5189
-1.6847 8.0519
-6.3825 10.7610
1.0711 7.8572
3.6891 -6.4745
-5.9899 -2.7274
-4.9858 9.4521
-3.8788 6.5539
-6.9866 -4.0372
-10.9542 7.9136
5.1632 3.2456
-6.5860 5.2281
-4.0048 -10.8556
6.8743 9.7149
-0.3164 11.3569
3.9985 9.7253
2.1977 -8.1397
-6.8759 -6.2355
4.8885 7.7865
-6.5023 -2.1067
-3.4132 4.0546
-3.4851 -7.5413
3.2561 -6.4363
5.8595 -8.7875
-6.1044 12.4094
-4.2907 6.6740
-5.4490 7.8688
5.0732 3.7155
3.5512 -6.5654
7.1579 -3.3369
-1.7657 12.1633
2.2832 -7.9608
10.0181 -1.2169
1.0212 -5.1006
8.7003 2.7851
-6.7862 3.7516
-7.4618 3.1728
-3.3054 1.1518
-5.5970 3.6693
-7.7011 0.8227
6.2988 -2.8824
4.9692 9.1609
2.5622 5.9134
-7.0268 -3.8556
0.6366 -3.6346
-3.5137 -6.9502
-6.8698 8.1939
-1.4429 8.1794
1.0687 -2.2932
-9.0142 4.6171
10.5295 -8.1311
2.7959 -4.3337
-5.2239 9.3523
-9.0332 -4.8103
-6.9614 -5.1441
5.5086 6.8676
3.4392 -6.0802
-6.0225 -1.4278
-2.4702 4.7097
2.8467 4.8133
-6.5561 -1.3376
-7.5728 -1.6457
-9.6877 4.0869
4.2889 6.6439
9.2686 6.6520
-8.3343 -8.1232
4.9182 -3.0558
8.7735 9.6272
-4.8867 -11.2643
3.6235 -5.9211
-2.2808 9.6741
-6.7247 7.9240
-9.4260 -1.2548
-5.0558 2.8398
5.8622 -0.1855
-8.0350 7.0637
5.9281 -5.0798
-3.0304 -0.7479
10.0201 5.5768
-8.9370 10.2021
-5.9352 -3.1535
7.6904 -5.3073
4.2986 6.8405
-6.5432 -6.0215
8.6436 -4.1814
3.3126 -5.2196
3.5428 -3.5214
3.6983 -9.1174
10.1601 -6.1745
-4.2851 -0.1049
8.3978 -2.7482
3.8287 8.2392
-3.1182 8.0315
2.3824 5.7607
11.4222 3.2403
8.4856 2.4975
-6.2905 3.3817
-7.9268 -4.5706
-6.7385 -6.6786
12.0436 4.6909
5.7878 -4.8792
-11.2245 -8.3336
-6.6272 10.9523
2.1670 2.6667
-6.3847 1.7802
-8.2011 -4.7098
-8.0569 9.1277
-6.8594 -9.8083
3.2815 -0.5350
-4.2953 -4.7827
-2.5914 -6.4475
7.2102 -1.9035
8.1490 -4.9157
3.4765 5.7205
2.4307 -6.1975
-1.3990 -3.4151
-10.2012 -7.2634
-2.5876 3.2237
-11.2490 -4.8122
2.5465 -6.0445
-8.0286 -7.2924
10.8158 0.9260
4.4412 7.7662
-0.9377 1.6016
-3.4290 8.7359
9.3902 10.8151
0.8087 5.1215
-4.1365 -10.8189
13.1725 10.0585
-10.0309 9.6528
-2.0552 4.7370
8.9888 -5.9808
7.8859 -4.2453
7.5009 4.0654
-2.8159 3.3121
-1.1726 4.8215
5.8066 13.3590
-6.5495 3.2849
-4.0728 -5.4927
-6.8027 -5.0775
-6.5937 -3.4587
-0.2345 -5.9013
3.5075 10.4408
-4.8252 9.1200
6.0666 -6.4523
-9.7875 -3.4472
-5.9409 -8.3132
-2.7039 7.0872
10.9507 10.6565
-7.0789 -5.3639
6.4988 3.3134
6.5728 2.4930
-2.2847 -5.2828
4.4824 7.5545
1.1774 4.8107
2.5147 -7.1609
4.4670 8.6501
6.4075 13.5909
10.9564 -5.1183
-9.4789 10.3105
-4.9999 -8.0704
10.2975 -7.6519
5.5373 -8.4375
-6.1635 -3.4571
5.8264 -7.2438
3.1371 -2.7467
7.9015 -4.7263
-5.6714 -4.4887
-2.6674 3.2649
4.1676 -4.2281
3.2509 -7.9539
-2.0662 -8.8298
3.9931 12.8166
11.7481 3.1077
-8.2219 -2.8623
0.0309 10.5327
-6.3285 6.6840
-2.9512 -8.3970
9.3036 -7.6176
-2.8276 5.2338
-5.1308 -5.1126
-4.3579 5.8466
3.0462 -3.5455
8.4918 4.9931
6.8341 5.6673
5.2501 -7.3545
-2.9654 -10.2331
-7.8102 1.5092
-6.1216 -4.3675
-4.1450 -1.2756
-5.4376 -5.6436
-9.8348 5.0801
1.8594 11.4176
4.5368 1.2797
2.7844 -5.6081
1.7798 -5.0050
-5.7524 8.8134
11.2075 9.8883
-1.9939 -3.5738
-4.1827 3.3246
-11.2526 1.0515
5.8683 -8.0958
-1.0615 3.3518
4.2628 8.8718
-6.5686 7.4794
-2.1600 -7.7421
-4.9952 5.1402
7.4917 3.9625
-4.5779 7.4776
2.9926 -5.4921
9.5835 10.4200
11.8945 -4.1590
-6.2137 3.4677
2.9111 6.0615
-6.2123 2.9917
-1.0009 7.9966
-4.7370 2.3767
6.2407 -4.0445
-8.8343 -9.6228
-5.3476 -8.7597
9.4778 -5.6539
-7.7738 -8.1378
8.6099 -6.0956
7.1737 11.3563
-9.8648 -8.0754
5.6703 -3.8649
-7.2573 -3.7174
-8.3772 7.7188
-5.1748 3.6652
9.2904 11.0506
1.6297 -3.7346
9.0088 -5.4762
-3.8390 -6.1176
3.9694 11.3842
8.2284 7.6062
-1.3154 7.8376
4.5097 8.2805
13.8064 8.5279
4.5533 3.8272
5.4527 -6.2461
-3.3063 2.6839
-4.1086 -5.3041
2.9117 5.5385
5.8317 -0.9984
-7.0572 -8.4237
4.2246 -5.6779
0.7207 -6.6084
-5.8711 -1.1957
-11.8369 -6.7698
-8.3515 -3.1712
6.8956 -5.3603
-6.9354 5.3129
-9.9558 10.7806
-10.2931 -3.8263
6.1634 9.5709
-1.1173 -9.1097
-4.6859 9.8302
-4.2678 6.3252
-2.7423 9.1745
-6.4393 3.3707
-4.9596 -4.0675
9.4144 8.0298
5.6793 -4.2626
7.8582 -5.8247
10.2639 5.3260
8.4194 12.4661
1.6818 3.7070
-1.8815 8.7649
4.6093 -0.3530
-0.8830 8.5177
5.1094 -2.1264
-4.2943 -6.7067
-7.3140 7.1982
1.9454 8.4125
5.4012 3.7493
10.3235 8.1963
-1.8648 4.0500
1.6326 4.5464
3.7875 5.0543
3.9540 -5.6984
0.7797 7.4853
-2.3187 -6.6285
-4.7996 13.8801
-5.6504 2.9391
-6.5625 4.5273
-7.6947 -2.1830
-4.4237 -0.9012
-6.8392 11.9656
3.4919 -0.0362
4.3893 -2.5139
-7.1208 -3.5496
6.4755 7.0529
-8.3000 9.4755
7.9597 -10.3342
-6.9205 7.7477
4.7812 -7.4939
-3.9685 4.8928
10.9400 7.0521
-5.3709 -2.1061
4.4616 -6.2095
8.5175 9.0521
6.4130 -11.4159
4.1180 -4.7810
2.5917 -4.5446
0.0757 -7.5124
-6.5076 -3.4169
-6.6027 8.0118
-4.3161 3.2849
-4.6049 5.4383
10.9025 10.5367
5.9390 -1.8653
-4.5013 -6.5361
11.7259 -2.6586
6.3820 -8.6291
-7.2155 -5.3261
11.1972 -7.4381
13.2595 10.1289
3.3503 7.2248
11.8203 -4.7102
-6.6369 10.4386
8.5471 3.4074
9.3307 4.6086
-8.1182 3.7523
-6.7495 7.0217
-3.3004 -7.5787
-5.7124 -7.3471
-6.4515 -6.7498
-8.1190 1.0154
-1.8906 -2.2155
-8.8641 -6.1252
0.0648 -7.8568
-3.7482 6.3059
3.3432 -9.3218
0.5947 -6.9364
-8.1880 -7.1738
7.3250 2.5779
7.6924 5.8648
3.0911 -4.8359
0.8315 -7.0181
-4.9048 2.7138
-2.9309 5.4140
-4.5864 1.6349
6.8730 -10.1504
-0.3175 -5.4865
5.2214 -5.6049
3.4021 -10.4007
-6.9161 12.6910
5.4187 5.1769
-5.7573 1.5240
-5.1934 -3.6744
-3.0603 2.8367
-3.1520 -4.0856
-8.1695 4.9359
-2.4806 -6.4592
8.0768 2.0806
-0.0816 -5.0244
-7.0242 -10.7717
-6.5943 -2.5132
2.9528 -5.9959
-1.5162 -4.0270
-6.2416 9.4014
-4.0963 -8.0058
-3.8199 -5.2744
7.2963 4.9221
5.5421 4.6946
9.7113 7.4038
-10.5069 8.5576
2.6295 3.2726
-1.5638 -8.7478
-3.2692 4.8956
-3.2087 -0.4420
-4.4590 1.4812
6.9125 -3.6659
3.2521 -4.6612
-4.2735 1.4791
-5.3727 6.6965
-5.5987 -3.0155
4.3462 2.2375
-0.7653 8.9330
7.9642 7.1322
-7.5241 13.9096
-4.8627 -5.0107
3.6877 -8.9186
8.5525 12.4998
-2.2488 -4.2881
-5.3294 -4.0933
5.2246 -2.9358
4.7789 -7.4503
6.7230 -4.6526
4.2835 -7.6770
6.0927 3.4099
-2.7829 9.6921
-5.2107 -3.4242
3.3130 2.3156
3.0771 5.7584
9.1862 -0.0420
7.6961 5.4767
-6.7824 -1.9774
-0.7312 -6.7845
-7.1669 5.3494
2.5886 9.9935
-1.4527 -0.5431
-1.9611 -7.5267
0.4848 -4.4355
-4.0013 -7.9856
9.1720 -3.5972
7.2066 7.5653
7.6216 10.3067
-9.4450 -2.1672
3.0606 9.6506
6.1369 -1.6925
5.0262 11.8149
-3.0528 -3.0977
8.5780 9.9640
-1.2720 -5.2701
-6.8277 3.3526
6.6882 4.5405
-8.8239 8.9826
-0.6674 -4.1687
7.8901 5.7924
8.3242 6.4061
7.2832 11.3020
-8.7373 9.2967
-7.2558 -6.3298
-2.7171 -4.3785
-2.2238 13.8229
-5.4639 -3.3941
-4.4016 -4.6466
7.1795 6.0939
-7.4156 2.7460
-9.3585 7.6320
13.9432 4.3265
-2.6265 9.6731
2.2195 -2.9496
4.5018 -6.6806
6.7462 -5.1644
-6.2502 4.6893
8.7392 9.3509
-4.6778 3.1527
4.0867 -5.4520
-2.9198 7.5353
-3.7789 6.7659
-9.2312 5.5852
8.4222 3.2091
-1.9353 -2.6695
-7.2019 -5.1117
6.4568 5.3437
9.8440 1.7187
6.5240 -1.7033
7.1077 5.5228
-8.2450 3.2621
9.2243 -7.2548
9.9896 5.4383
5.1306 10.6657
5.2945 10.4418
-8.9034 5.3913
9.1373 2.0157
-6.8471 5.5050
0.9722 7.3250
5.8508 -6.5854
8.5417 -4.6685
-3.7264 3.0538
8.4127 -3.2685
7.0854 1.7795
-5.5904 -4.9637
-5.4722 9.4094
-2.8271 -8.9779
-4.3780 1.5921
-6.3148 -4.7391
-3.8526 -7.8455
11.7108 5.4162
5.8159 6.2269
-3.0162 -5.5235
-6.7242 -6.6782
-6.8957 7.0087
-3.0774 -5.9678
3.7360 8.9563
-1.4348 4.9814
10.1093 -8.2812
1.7615 2.8233
7.1749 -2.8139
-4.9529 -5.6009
7.0815 -6.6944
8.7710 -8.1525
-6.6717 -9.9605
2.0882 1.3214
-7.8797 6.1003
-3.2972 4.2418
-2.1103 1.6332
-4.1385 -7.5742
-3.2298 -2.6617
10.6373 8.8260
3.2818 -6.8662
-3.2097 4.7744
-10.6759 -8.8695
-7.0433 7.5887
5.6443 10.5605
-2.1669 -5.7623
-6.7327 8.9460
-4.5172 9.1278
3.8458 -6.0164
-2.4368 5.9807
-5.9132 -6.3072
-2.8849 0.7260
-8.5057 -8.4697
10.0179 -2.5991
-6.4849 7.6943
-5.1033 4.1703
5.0729 0.1137
4.4543 -4.3897
-5.3581 4.3905
1.5646 -3.4579
1.8603 -2.2841
-8.7688 5.5863
4.0249 -5.7832
-7.1187 -5.8371
-4.1894 -1.8867
-6.9858 2.4087
-3.3975 -6.2717
-4.0559 -4.7957
-7.8650 -1.9234
-7.3798 -4.3417
7.9477 2.4554
4.8012 10.5898
-6.9557 -2.9171
-7.0004 -4.8801
-6.5041 4.2054
-2.8143 -1.7126
10.2904 6.1190
-4.1863 -1.7471
4.7331 8.6036
-2.7473 -2.9758
-1.2622 -7.0197
10.4925 -4.8212
-7.6381 3.1767
10.0584 -3.1920
-10.7138 1.5999
3.5194 8.4059
0.5458 7.6249
-11.2775 -0.9545
5.3589 -1.6821
2.5145 -7.9475
6.1172 7.4629
-1.0436 6.3249
-3.0481 -4.5937
-1.2456 0.0173
6.5572 -0.6748
3.1468 -7.5491
7.7273 -7.8931
-0.1021 -9.2386
-8.2123 7.5899
-8.7758 -4.2969
1.4295 0.8638
-10.7718 2.3325
-11.7414 4.2257
-1.3607 -2.2139
2.5137 1.9688
8.5412 -8.0984
-6.6172 8.8300
-4.9793 -4.0310
-8.1000 8.7028
0.9777 5.0452
3.8822 4.9716
-5.1750 4.6582
-3.4491 8.6168
13.4004 6.6696
8.7803 8.5477
6.2374 3.1459
9.4100 -8.1874
-10.0207 1.5912
6.2145 9.3058
-8.8730 -2.1075
-8.3788 -4.7766
-3.9330 -2.8785
5.7335 8.5902
10.2266 -2.4976
1.3443 1.5563
4.1834 -3.2913
8.1358 -5.7214
-0.8470 13.4457
-4.7654 -5.0964
8.1944 5.9326
3.6958 -3.7315
-5.0207 -6.1288
5.3184 9.9446
3.9800 -0.9374
3.6960 2.9963
8.7629 7.2251
3.3887 -5.6782
1.4814 -2.8637
-3.2876 3.9198
-5.2064 5.0270
6.7646 4.1391
-4.3628 1.2168
-7.5047 -1.7493
-4.1398 6.4968
6.5797 -2.4160
9.5570 9.1988
3.0581 -1.1750
8.7267 -7.0238
-9.0109 6.2956
1.9709 6.2286
9.6906 -5.0977
7.4728 -4.6871
8.1978 6.0315
-7.5543 -5.3625
3.0187 9.1491
4.3246 -1.6237
-1.1149 8.0530
-5.5881 -3.2623
-2.3367 5.4401
-7.6021 -4.7270
-7.8193 8.2710
-6.7029 -8.2181
9.3433 -2.3164
0.1995 -4.6058
5.5537 -2.0988
3.2575 -7.9009
-7.4641 -4.0054
-9.3659 2.5038
-5.3845 2.3941
4.3198 -2.2621
10.2948 -5.3529
-7.7527 6.9506
4.3710 -3.4793
-8.0470 5.1248
6.8649 -3.8369
-7.2296 -8.9209
-6.3872 4.1724
-6.9039 4.2816
-1.8848 11.3436
5.8737 -0.9295
8.6387 11.3247
-1.0574 -1.8527
-8.8028 5.5026
-7.1141 -6.8044
-5.7847 2.9666
-9.0109 -2.8963
4.5155 -10.4937
4.3871 -9.0102
-4.8298 -1.6620
-8.3874 -1.4065
13.0764 8.4007
4.9908 -1.3990
-10.0697 -4.7375
-7.1015 11.0537
-5.8452 9.0515
7.5764 1.3877
-4.0335 -5.4011
-7.7431 3.4800
3.8519 4.9782
-3.8025 1.6725
8.9394 -0.0186
-1.3523 -0.1242
-7.7297 9.7385
-5.6208 4.2935
-10.7784 -1.4435
4.5597 6.9995
9.2891 6.0539
7.0336 4.9494
-4.0592 -4.8940
7.7254 -1.7892
-6.5419 11.2655
-5.8206 -4.3504
-9.8548 2.2805
7.0428 -3.8322
2.8147 -6.4073
10.5586 5.7832
8.5680 2.7726
-2.1216 4.1831
2.8473 5.7991
-6.4659 12.0299
-5.6597 7.3804
7.4913 -8.1059
-5.6267 5.7090
1.8696 6.1202
-9.3951 8.0788
-6.7771 7.7673
0.0558 6.8262
7.1699 -8.2336
-3.9266 3.5685
8.0055 -4.8710
-4.6206 5.4254
3.0700 7.1332
2.4551 -9.2441
-9.1829 -11.5696
8.0706 -5.0821
-4.6589 6.6681
-2.2453 -5.2251
5.5234 -7.2246
-3.9078 -3.0402
-7.3282 -4.3878
-6.0745 8.6289
-4.7445 -3.3207
6.5783 8.5183
11.2313 -4.4631
9.0618 -2.3307
-8.2280 -2.6688
-11.5748 3.6770
10.8721 -5.0236
3.2800 -4.6903
5.2794 -1.7381
9.4682 6.8876
5.7151 -7.7592
3.9043 -4.1909
5.3779 7.2927
8.9484 6.6243
9.7662 4.9175
3.2700 -3.1009
-9.3947 -4.3952
10.2173 -9.8095
5.7428 9.6929
-1.2848 -5.5895
-4.6208 5.7626
7.6718 -7.7566
-8.5703 -6.5352
9.2802 -2.7654
4.8058 4.4137
5.6660 8.1811
8.6528 -4.6140
-9.4971 4.3338
-6.5632 -3.6147
4.6898 -0.5638
-7.7172 -5.1360
8.4156 0.5063
-3.8174 -7.1616
-3.2443 -0.9273
-6.3132 -3.3427
-3.7250 -6.6563
-3.8255 -1.4812
-6.0122 6.3249
0.2885 6.7881
-4.5585 -1.0428
12.1279 -1.3037
-2.0436 -1.9595
-6.3702 -3.5346
2.2714 2.9937
-7.7338 -8.8549
10.1111 -5.1620
7.9100 10.5784
8.4522 -6.6627
6.0056 -7.8362
-8.4109 -6.3657
-9.0451 7.0742
1.0728 -4.9345
-0.2994 -7.9074
-3.3030 -3.9557
6.3047 7.2048
8.4608 7.4698
5.9011 8.1848
5.4433 -0.2847
-9.7763 -4.9991
-5.8180 -6.4856
-4.8372 7.8567
-2.1470 5.7915
-3.0785 6.0516
6.4572 8.0184
9.2370 9.5276
-2.8754 -5.8448
-7.2666 3.3160
2.3844 -4.2655
-5.3454 12.6580
-3.7604 4.0283
10.5147 -4.8204
6.2728 6.5868
-4.6443 13.4837
0.1805 5.7996
9.3353 9.0681
3.9165 -2.5625
7.2823 -7.8163
2.8374 5.8067
8.7577 -3.7625
6.1563 8.3130
9.0337 11.0726
-5.1261 7.1160
5.3973 8.4020
-6.1759 -6.9538
-6.0928 4.2856
-9.0879 7.2921
-2.1029 9.6760
-3.1950 -5.6003
3.6459 -5.0579
11.1602 -3.5971
-8.3931 4.6478
8.8940 -8.8708
-8.4544 4.4231
3.2499 9.8667
5.6220 3.0139
5.9340 -4.3575
3.3707 5.4283
5.7324 -6.5972
8.2444 -7.3301
9.3706 8.5500
-6.1326 -1.8564
7.7398 -4.0241
6.3272 -2.2148
9.2471 -1.1390
-9.2188 -0.9292
-3.6621 -3.4092
-0.0143 -1.6267
5.8059 -1.8305
5.9773 -3.1321
-8.6932 -5.6303
8.8605 -6.4155
-7.2278 9.5399
-2.2589 0.1481
-7.7130 10.9252
-3.3754 5.5961
5.9253 -2.8731
4.4792 8.7055
1.7579 8.8809
-7.8198 -6.5427
6.7718 -8.0219
-4.4950 -3.7533
-2.4463 -3.6882
12.2830 -6.7055
11.0027 2.9920
-7.5188 3.6412
5.9113 0.5146
8.7203 6.1192
5.6507 9.0316
-6.6775 10.3141
-4.9270 -7.6725
-6.4167 5.2018
10.5264 5.3356
0.9738 -2.9161
-2.7896 -2.1505
-7.9935 -2.8079
-4.1474 7.0776
11.2953 -3.4312
-6.7677 2.1241
1.9788 2.3043
3.4828 -7.5019
-6.1087 2.7144
3.1394 -9.8752
5.5016 -4.6294
4.2549 6.9330
-4.8627 -4.4064
-7.4425 4.9536
-4.5576 -6.6145
-4.3363 -6.4570
-7.2319 -5.5664
-5.1790 -1.2996
-5.2405 -7.1459
5.2532 6.8765
-8.8647 -6.5735
3.1707 -1.1026
6.3968 -10.4533
-6.4336 -5.1529
2.3805 3.1850
7.2350 3.4251
4.3188 5.2407
-1.8408 3.4391
-7.2351 4.3032
2.8688 7.4497
4.7581 -6.5341
10.5295 -3.8717
5.6274 5.0033
8.6396 8.1592
6.2749 -6.4348
12.0350 5.8306
-5.8467 5.0533
3.1469 12.8929
2.5201 4.3601
-7.1714 -8.0933
10.0487 10.9461
-1.3837 4.2257
-5.6540 12.7605
9.9597 -2.8641
5.2189 -5.1789
4.4207 -2.1304
3.8281 5.1148
-4.3990 5.6982
-3.3147 -2.0030
5.9343 -4.6758
-7.2412 3.8426
1.4089 -1.6248
11.4140 4.0382
1.5056 3.5857
-8.3221 -6.0186
7.5539 3.6828
-7.5293 4.0467
2.7319 2.6836
-4.8056 -5.4119
4.4263 6.0757
-6.3384 8.8705
-3.8408 0.4801
11.0108 8.7721
5.4922 -10.0812
0.6971 -4.4112
-1.7775 -6.3186
6.8638 2.8360
-5.1216 7.4339
-2.2598 -5.2846
11.3994 -5.9144
6.2615 -8.8608
1.4638 -7.2153
-10.7833 10.2445
-2.0088 -3.4813
-6.1164 -8.3990
8.0553 1.3732
-6.8479 -6.3073
10.2759 15.6083
-3.4545 4.7491
-2.7381 -7.1017
6.5485 -8.9373
-6.2757 -0.8126
3.1830 -5.9142
8.9935 8.5369
12.0048 -1.3061
-3.8915 -4.5039
5.0704 6.2343
-5.9160 3.7072
-7.2184 8.7545
-4.7142 -2.0409
-4.5852 -3.4504
-0.9251 3.6252
-2.1024 6.2389
8.2686 11.0287
0.7836 1.9244
4.7011 6.9453
-8.3288 6.9018
-6.9404 -3.5405
-6.0025 8.9895
6.2508 -8.5674
-3.6337 3.1472
-3.0913 -4.7521
-2.2469 -6.7653
-3.2522 -3.0377
0.0866 -0.6308
-1.1285 -0.5407
11.0867 7.5701
9.8395 12.4634
9.7113 10.3092
-5.7691 3.2183
3.8990 -4.0555
-2.0128 -8.6870
0.2955 -8.5219
-5.2614 2.0024
-7.7284 8.6417
-4.7178 1.7247
9.6267 -5.4061
7.9323 9.6083
1.3816 0.7785
-6.9262 2.4217
-6.3419 -4.5372
7.7682 14.1369
5.5876 2.8718
6.7033 -5.7500
6.5894 -5.0856
-3.1845 -5.8844
12.8602 -7.3234
-11.0089 4.4278
-10.1182 -6.6948
-8.3256 -6.5765
-5.9820 10.7459
-2.6319 -2.5758
7.7481 -3.9338
-1.7563 -8.8312
-4.4257 -9.9591
-9.4547 3.8533
-6.6882 4.8658
5.5389 7.7429
4.9494 -7.0277
-2.5297 -5.0764
10.3182 2.8269
7.5335 10.6158
11.7737 -0.8329
-7.4079 4.0004
-9.3825 6.6898
-8.0811 -4.4848
-5.0756 -4.9331
7.4671 -4.7390
-8.3822 -1.9499
-2.0467 -3.4271
4.6089 10.7605
8.0984 6.1152
5.8917 -3.1197
8.7128 6.1136
7.9067 9.0454
-8.3128 -8.1889
3.7574 0.5487
2.5516 -4.6566
4.2041 3.2169
0.3885 -2.9552
8.7135 -8.4367
-3.9856 -12.6031
7.7372 10.8559
-3.8109 5.5159
11.4768 8.5456
-6.0531 8.8795
2.9943 6.7982
-5.6007 -0.8083
8.2602 -6.5164
1.8900 -5.4712
1.0476 0.6095
2.1124 -4.8593
-6.1381 1.7574
7.0410 3.3466
-8.0684 3.3144
-6.2137 6.0008
-5.8319 11.2673
-4.3617 -3.4760
-6.0456 5.9740
-3.4409 -4.0979
3.9657 -11.1734
-4.1308 -7.2902
-0.8039 1.5011
-9.6816 -3.0384
-1.3257 7.1896
9.1439 7.0674
10.0877 1.6347
11.9799 -1.7011
11.3389 10.1338
-7.8427 4.9967
-5.3560 3.2666
-4.4047 -4.5374
-7.5732 -5.8306
2.6088 -7.2109
3.1106 -5.8198
2.8753 -4.2718
9.7867 7.7403
-2.1867 -6.2518
0.7937 5.3722
7.0815 -10.4927
-6.2268 1.2783
5.5593 -7.4993
-5.7846 5.4535
-4.8335 2.6547
9.7211 5.8307
-2.0999 4.3166
-3.4692 -7.3752
4.7363 -8.1393
0.5257 -6.4534
-2.0945 3.4985
-5.5721 7.2292
5.4977 -1.4015
5.5293 4.1160
-9.5985 5.7751
8.6803 -2.4472
15.3286 11.2637
-2.6533 -5.4148
-8.2683 8.1101
-5.8496 12.0350
9.5798 -1.3772
-3.6319 -2.2026
4.3019 -7.9287
-8.5519 6.6444
6.1967 8.4622
-7.0355 -0.8345
4.0173 -6.3642
4.7951 -4.8299
-8.0907 3.8635
5.1706 9.3910
3.9907 -2.7665
-5.3946 6.4852
10.7654 8.5667
-5.5939 4.4033
4.4758 5.9184
-2.6276 3.9640
5.2338 8.6966
7.6428 11.6748
-3.0935 -3.9242
-7.3636 8.4347
3.7978 -9.5588
4.8702 4.8715
8.6260 5.5071
-6.8415 -2.5092
-2.8131 4.5689
-1.5595 -7.7197
-4.6281 -4.9920
1.8749 3.0412
0.1418 -2.9497
3.3207 -2.7009
7.0607 3.7331
9.1684 -3.1705
-6.9591 -7.3996
4.8517 4.2489
-7.1572 9.4512
-2.3436 1.5337
-0.8311 -11.0429
8.1999 -7.6342
0.8295 5.7106
-4.1033 5.1292
-5.2078 -3.6919
9.5812 -5.7412
5.1166 -3.6058
-3.8246 -2.3945
-2.5130 7.4920
4.6526 7.0133
-9.7696 -7.6702
-4.8638 -5.8452
5.7245 5.0766
-5.8690 -2.4370
9.0015 8.1812
6.2078 3.0501
-5.7653 3.1982
0.8489 6.4952
-4.1582 -1.9531
8.3080 -2.8607
-3.7503 5.9318
-4.3201 -8.3160
-1.4232 1.7584
11.0094 -5.5934
4.8824 5.1148
-5.5805 2.0356
-6.3286 -4.6206
-5.1501 2.5122
-5.0352 -8.6684
4.6766 -3.7835
-6.4507 -4.2902
-4.9376 -6.8392
8.9124 -2.7840
-9.3927 13.4011
-2.6608 -2.1440
-3.5072 -11.3366
3.7345 -7.1167
-1.6121 7.0191
7.8649 -3.1622
-2.4188 4.6099
4.5280 -6.3259
-0.5159 -7.5644
-2.4712 -5.4149
8.6815 2.6991
1.1535 4.9104
7.2949 4.9086
-2.8113 -3.4949
8.9381 11.9990
7.9341 4.1500
8.3246 1.4013
-6.8910 -7.1895
7.9416 -4.9369
7.6476 5.0669
0.6935 12.0635
4.6778 11.9683
3.6096 0.7512
4.9759 9.5908
-9.1785 -1.9117
-6.0664 1.8213
-1.4039 10.6838
-1.5288 10.5886
5.3235 -7.0838
8.9496 -6.7452
-2.1303 -1.2610
5.7837 3.4903
1.5564 -6.5839
3.1299 1.7968
-6.5524 -6.4275
-0.5696 -6.4940
3.0400 -1.9819
-2.9304 -4.9351
-4.9592 -1.7933
8.1333 10.5570
4.5416 -1.2459
6.4080 -5.8141
10.1892 -6.9383
-1.5080 -3.0080
-7.8645 -8.6662
-2.6755 1.4335
-1.5255 9.1400
-4.4076 -4.2607
9.2335 1.1502
6.5793 3.6659
-1.4360 2.0724
11.3729 -1.9488
-4.8128 -2.9867
-6.6518 2.2902
-6.4481 5.3542
-8.9738 1.9345
2.7638 2.9349
2.5752 2.7218
-4.8589 -4.4974
-6.0326 4.5546
11.9936 5.8763
-1.0666 -2.2919
-2.8611 11.1020
-8.5825 7.4508
13.1427 4.1712
-4.1636 -6.1314
2.9875 5.8434
3.7451 -4.5857
-6.6357 1.6698
-4.6030 8.2021
-4.9311 3.0950
-6.8860 5.9656
3.7717 5.3574
-3.0027 -5.8774
8.2190 -5.2242
2.1417 11.4318
3.0718 2.1022
-4.5708 8.3523
7.2697 12.4556
13.1273 -7.7977
2.4644 11.1820
9.1951 2.6484
7.3399 -7.2823
-2.9525 5.2691
-0.5560 -2.9422
10.3487 -4.8306
1.7059 10.7264
10.5603 1.6512
4.1944 12.0910
6.7027 9.3945
1.4853 -0.8548
-7.7104 -3.1403
2.0309 -3.2286
9.7727 2.4239
-1.8112 -5.4927
6.4423 -3.0969
5.4614 -4.6920
2.1347 5.6082
-7.8970 -0.7619
7.0455 -4.8683
-5.5101 9.4643
-6.5332 -3.9627
-9.3239 3.5560
5.0210 7.9497
5.5986 9.0863
6.6739 -6.8380
-4.2294 7.7524
-1.7972 7.3744
3.1794 12.3761
5.4768 6.1174
-6.6045 6.8197
-3.8466 -0.5144
10.0460 6.0857
-8.3504 -8.5257
9.8641 -1.2724
-7.8082 5.1224
-3.1582 6.6188
-0.5342 -4.8910
-1.7024 -2.3324
4.1485 -3.3843
2.7495 -2.6243
-4.1175 7.9550
9.6236 -4.2113
4.4625 6.5820
3.0279 -5.8995
-6.8894 9.9208
-5.1296 5.3657
5.8013 7.2973
-0.6318 5.4984
10.6163 -8.7829
-7.9328 -3.3768
-7.3948 -6.9652
-2.5737 -8.4082
-7.7944 -7.4870
-8.2036 -8.1377
6.9869 -3.8892
-11.0465 -4.1057
5.3452 -1.7539
-6.9649 4.2256
10.0429 -11.3772
1.8181 -9.8392
-9.0158 -7.2856
-8.3710 1.8328
4.0952 6.7404
-3.2721 11.4490
2.6038 6.6182
9.9475 6.4252
-3.8013 7.2775
7.7703 7.0411
1.5092 5.3442
-2.7144 -5.4306
5.6679 5.8059
4.4065 -5.5483
-4.8688 4.0617
1.0595 4.3417
-7.8687 -2.7853
3.9448 -6.8857
-2.7225 13.8611
6.7995 -1.2507
-5.8950 1.9176
-6.1588 -1.5923
-1.7870 2.1954
6.2302 5.2027
-6.6917 8.8436
11.2349 3.0241
0.8578 -6.0692
4.9769 12.5968
-6.9221 -7.8848
-7.4823 4.7682
-6.1942 9.2497
0.8719 -6.0571
6.0216 -10.7240
-3.9998 8.0322
4.5968 9.7622
5.7568 -2.9005
2.8366 3.1144
7.7861 -1.5697
-8.6313 7.8051
4.5349 -2.3908
-0.7611 -2.4213
3.9451 2.0500
-7.3028 3.4224
8.3479 6.1391
10.0004 1.9120
-6.2558 7.3594
9.7416 -3.6668
2.0361 1.3779
9.3481 8.8669
-2.1814 -5.6615
9.2983 -8.3906
4.4822 -7.8824
-1.0954 7.9595
7.4612 10.8434
5.0603 -2.5563
3.5195 8.2605
-9.1158 2.1431
8.7258 8.5454
9.3930 -2.8981
-0.4318 -7.1695
-4.8408 5.5479
1.9607 -4.2762
7.7066 -4.8965
9.8972 5.5003
-7.1867 -5.4121
10.1134 -8.4578
6.3252 -3.8967
-6.4945 -5.8935
8.1188 -10.2094
8.7398 7.3794
-6.6500 8.2135
4.2886 -2.6522
3.8098 -4.0469
2.6951 5.7687
-6.0074 -9.1898
5.3431 2.7171
-4.3583 -8.6618
-7.3411 4.9992
-3.7018 1.7787
8.8949 -2.4094
-7.1707 -7.1967
10.6678 3.5249
5.4984 5.8274
2.7881 7.8108
-1.1325 8.5666
-8.7320 5.6344
-5.0445 -4.2820
-6.2414 9.6831
4.4838 -2.0827
3.1739 11.5470
9.6144 -8.2517
7.8096 5.5313
4.6501 -1.3209
7.0129 8.1537
-9.3864 1.9845
-4.4246 8.0314
13.3380 9.8717
-1.6185 -0.6411
5.7350 -3.5523
7.7549 5.9662
2.7515 -5.5227
-2.3144 -4.3090
-3.9062 9.8460
-8.9215 3.6259
-3.4153 11.6583
2.6100 2.0096
9.3307 2.1732
-8.8869 7.5123
11.2110 -6.5446
0.6224 -5.2720
10.9119 -1.9110
11.7310 -10.4856
2.3349 7.8854
5.8102 -4.1325
6.3615 5.0610
5.2537 8.7087
-2.3547 -3.1758
-8.0255 6.8282
-7.0354 -6.3156
4.0102 9.7699
-8.3617 -5.4723
7.2075 5.5359
5.8805 -3.9309
-6.5676 -1.8868
-4.0589 -3.6208
8.4188 10.3626
0.6390 6.4133
-2.1844 -5.6483
-4.3591 6.7170
10.9993 -6.1886
8.5427 -3.5091
7.2539 -0.7449
-1.5305 8.2437
5.5992 7.4985
-5.8543 13.5178
7.8945 -5.5531
-12.5701 -1.7936
-6.9260 -3.0129
-3.3661 4.9375
3.4878 -0.3742
5.5851 4.3474
-4.0737 7.6219
-5.8072 4.4588
-8.7618 -4.1112
-5.4035 3.6232
8.1262 -2.8000
-8.0618 12.3814
7.5079 -2.5343
-4.5757 -6.4420
10.8274 -8.6096
-2.8280 -6.3801
8.4198 -3.6137
4.1167 4.0700
-1.4775 6.8683
7.2967 -9.6990
5.9451 5.8841
8.4126 4.3952
5.3174 7.4646
-7.5690 2.2537
8.5401 -7.7585
-2.5764 -4.5956
3.7426 8.4511
7.7781 2.0293
8.2096 -8.1462
-1.1734 3.0850
2.4030 -6.0652
8.8091 -4.6069
7.2619 -2.6825
-8.9897 -7.5849
8.3990 8.6427
9.3316 2.9333
-2.3965 -3.5384
-8.2024 10.0660
9.0454 3.4952
3.9225 -6.3231
-8.4394 1.4598
8.5748 -6.4881
6.5560 7.7980
5.4623 9.7139
11.9143 4.7639
2.2178 5.0159
-3.5739 9.9874
4.6991 8.4714
-1.5676 7.3089
-7.2067 -3.8363
-3.1631 4.1125
8.5757 -4.6592
-2.9712 3.1217
-3.7612 -0.8732
3.4006 -2.0446
-2.3276 -7.3260
-2.1560 -6.0897
8.0617 8.3811
7.1106 -7.7136
-1.6359 -10.0429
-6.3137 6.3224
-7.2615 -7.0114
-0.6066 -6.7445
12.1599 -2.7087
-2.3393 -8.0092
-5.5641 2.7208
-6.7846 -6.9389
2.7571 -3.5452
-6.9529 -4.4934
0.3914 -0.4055
-8.3622 -5.5274
8.7067 -3.3273
-8.6496 -1.5552
-8.2538 4.4816
8.6966 -1.9684
7.0046 8.9855
-3.7955 -10.8307
6.0586 4.5124
3.8542 -9.4455
2.6532 9.1275
10.2038 -4.4949
2.3426 5.3763
2.5100 -3.2376
1.4428 10.0179
8.3093 -8.6196
6.6147 -3.3292
-6.6704 -5.9706
-9.8298 8.3174
4.7742 -4.0737
5.0922 -2.1482
3.8943 -6.6398
-6.3970 2.4965
-8.2226 4.3504
-0.3090 -7.6411
6.5468 4.5742
5.4974 3.3297
4.1288 3.7498
-7.7462 -5.5346
4.4460 2.0229
11.6659 -2.7713
7.7959 0.2470
-3.6828 -3.2974
0.0087 6.4007
-7.9350 8.8198
5.7912 -3.2895
-3.3246 -3.8383
3.8222 2.7957
-9.0944 -5.0423
-6.2987 -9.1658
-4.9402 3.4736
-3.8858 8.1009
2.3316 -10.4794
3.6664 -2.5272
3.6409 -7.2876
11.5323 8.9583
4.1344 -4.7685
-5.1364 -10.0873
-9.4342 3.4500
-2.5516 7.0070
7.9879 9.9401
12.1937 3.3338
-6.7389 6.6756
8.0091 3.0826
-5.8891 8.3824
-2.9820 -3.9311
4.7313 -7.7810
6.0230 -6.7472
0.8360 4.0803
-2.4767 -8.6529
-1.0677 7.5792
-6.3780 13.0014
-3.9955 4.5916
4.6047 -3.2219
-5.2282 9.4996
-5.5606 11.6863
-6.7456 5.5449
-5.3473 -4.0995
5.7960 3.4458
-4.4519 13.6286
8.4646 7.8067
-5.2572 -10.8670
9.3507 10.4122
5.7786 -9.5222
4.2207 0.5329
3.7529 7.4470
11.1521 8.3021
3.7997 2.3184
1.8753 -8.8996
-2.9767 -7.3558
0.8720 -4.4948
7.7770 -8.3861
-1.2908 11.9485
-6.1986 -8.7500
-3.5857 7.0652
-8.2902 9.4387
8.0257 -3.4675
0.6258 8.5060
7.4651 -9.4018
5.5809 2.9806
8.6586 6.2497
3.8274 -7.0983
-5.6295 2.7641
-8.9434 -6.0469
-0.8258 4.1754
-8.4450 7.0681
-2.5012 -6.1196
8.3757 -6.1765
