5
2.8699 -8.6813
1.0017 7.5461
0.6949 6.8564
0.3751 2.9955
3.1814 3.0716
8.2489 -11.0608
-8.3961 -9.1176
5.5490 6.3572
1.4125 4.8616
0.2223 3.2228
3.7856 -10.3531
2.4129 3.9022
0.3899 1.0337
6.8315 1.2167
-10.6329 0.4931
1.4666 -0.1557
-9.1323 0.9657
0.0940 5.9331
3.0819 0.4567
5.9162 7.3977
0.9596 0.2766
0.8723 1.0487
-9.1527 2.3888
6.0852 3.0193
7.1585 10.6973
0.9052 0.7452
0.3471 0.4111
3.2053 4.1693
7.7910 1.6583
7.5285 4.6718
1.4009 5.1632
3.1312 -9.0214
-0.7853 -10.2386
3.1435 -9.5933
-9.7772 -9.7401
0.5718 0.7197
1.0974 3.3223
-10.7541 1.5510
-11.6894 -10.0806
0.8859 5.1617
0.4546 -11.1036
0.1288 3.0424
-0.2294 0.6905
-9.5882 4.6664
1.1773 -9.7981
5.9393 1.5242
1.1599 0.7920
-6.9161 -0.3320
-0.3212 3.1895
9.0557 0.7138
-10.6122 3.1029
-9.4000 5.6709
0.1961 1.0515
3.3723 10.7335
-11.1141 3.0982
0.9312 0.2758
7.8597 0.3604
5.4013 -9.3882
0.7342 1.5903
5.6815 -11.1910
-10.6141 -10.6529
0.5502 10.0881
3.2529 -10.1024
3.0326 -10.0966
1.8839 5.6480
0.5535 0.5225
7.0222 3.3654
1.0665 2.9657
5.2725 -0.4648
-0.3341 1.3844
4.6889 2.9033
0.4277 1.4388
-10.2474 4.5227
2.9572 5.0313
-10.0489 6.3815
0.8497 -8.1615
8.3237 -10.2375
-9.6157 2.9435
8.0660 8.1838
1.7274 1.0623
11.4471 1.0132
2.2585 -9.2074
3.0690 2.9124
1.2914 0.0288
-9.9581 3.1912
6.0961 3.0849
-10.6065 0.4745
1.3936 4.9547
3.1902 1.5965
-10.6336 3.7639
6.9731 1.0036
0.6541 -9.6263
3.2899 8.7722
6.7548 6.4909
1.4931 7.8611
-0.5033 5.6468
3.1886 -0.1548
-9.4192 -9.7568
3.2962 -9.7896
-0.1899 0.8645
3.2715 1.2911
0.1816 -10.2538
7.0608 -8.9592
6.2941 -11.1061
8.3394 4.3875
-9.8365 6.6727
2.9669 1.6863
-0.5360 1.6141
2.9389 -9.3380
-9.2579 0.2696
-0.0411 1.1647
3.0683 -11.0683
-0.2871 0.1743
1.6062 1.9567
-0.7905 8.0467
1.0140 6.1114
1.1672 3.0888
3.0283 0.9002
6.3040 1.2158
3.0400 -8.3678
7.3547 5.6140
5.4375 1.1876
0.3687 7.0273
7.4195 3.1522
6.4157 1.3959
8.9085 5.2523
3.1807 2.7991
0.5432 3.1662
6.0219 -8.7561
1.1323 0.2867
1.3351 4.4796
3.2366 -8.8170
-9.1466 -9.9776
0.1991 -9.3929
-9.3126 0.8107
3.1730 -7.9629
2.9473 1.1443
4.9409 7.3572
0.0262 -10.3172
0.1850 5.3981
7.0547 -0.3032
0.0830 -9.5930
2.9741 -9.5176
5.6709 0.1831
3.2135 2.9945
6.8956 0.5331
3.1303 -8.5259
7.3492 -10.3336
0.4957 -10.7083
1.6280 5.8608
1.0844 8.9288
0.9432 -8.4035
3.2952 -0.0356
3.2264 6.8696
3.0509 1.1794
1.2689 0.0355
6.7749 -10.9048
0.6635 6.7607
0.9822 -9.2795
0.8831 0.8369
-6.8020 0.6556
-12.4772 -9.0976
2.0757 0.1639
-9.9081 0.0767
0.0450 3.0111
1.5336 4.5908
0.0213 6.1905
-10.1215 0.7585
3.3438 -9.3488
10.8451 2.7558
5.8055 7.9828
0.7366 0.0672
1.5846 6.2037
3.1080 3.2959
-8.9857 -9.3168
0.6977 3.0971
3.1933 10.9821
1.0509 0.5892
1.3855 6.8309
-0.0080 10.7526
-8.8808 3.0627
7.2743 -8.1769
5.9366 1.0755
6.5241 0.7177
1.1019 -0.5569
2.0407 8.4742
5.8779 -8.7702
7.0970 2.9121
10.9929 3.1438
1.0801 2.9603
-10.2927 1.0710
2.9889 3.6465
8.4741 3.1574
6.6228 10.3667
-7.4933 -9.0614
3.0926 3.1749
-8.2991 4.7587
4.3035 -0.2600
3.1195 -10.2035
3.0970 -9.4781
0.1117 2.3693
4.9033 10.5184
1.9250 4.0345
3.1711 3.4160
-9.2164 6.6652
-10.5054 4.6787
4.9960 -9.2048
-0.2261 5.2584
-9.6540 0.3731
8.6329 3.2948
1.0259 1.4859
3.1430 7.4354
0.8317 -8.4941
3.0721 -8.4503
-0.5220 3.1525
3.1837 -10.3854
0.4627 -10.1892
-9.6895 3.1843
-12.0522 0.9692
3.1768 -10.5104
-8.3370 -9.6013
-8.3210 3.1923
1.6035 0.5530
3.0493 4.9341
3.1636 2.3830
-0.1362 -10.1496
-0.4734 6.2147
2.8704 0.9973
3.3278 -10.2005
-9.2995 -10.5569
0.6436 2.1054
1.1059 2.6408
1.1544 3.2641
5.1212 3.1853
4.3396 0.6825
14.4288 -1.0309
0.7566 -9.8621
-8.7907 0.7260
-11.0174 0.5244
1.1029 0.4577
-8.2481 7.9376
3.8640 6.9919
1.8095 -11.1033
0.7381 0.7545
3.1478 3.4314
5.3229 2.9963
-10.6616 -0.1190
4.3450 -0.5123
-8.2130 0.6458
0.2285 5.2657
8.0542 1.8806
1.1078 7.0349
3.1532 3.9526
-8.7454 -10.2591
-0.5633 0.3166
3.2938 0.6325
1.0652 7.0264
12.2755 -10.9186
-9.2745 -11.1267
5.0258 -10.4202
-10.8618 -8.5823
3.3166 6.0246
-10.5876 -0.4768
-8.2794 -8.9210
7.9740 -9.8208
3.1963 0.6096
3.1507 7.4807
-9.4520 1.4416
4.2323 7.3459
1.2874 4.7019
-0.0113 -10.2438
7.3366 -0.7392
3.1096 4.6869
6.0665 1.7150
-10.2077 -9.3597
1.3763 1.3420
-8.9014 3.5364
5.7997 -13.1048
-10.1941 -10.2987
1.1041 1.0329
-9.8872 2.1949
0.8994 -10.4797
0.8624 0.0884
-8.6898 6.2993
0.7849 -10.2506
-10.7006 -10.6955
-9.1055 2.9548
0.1963 1.1657
3.1527 2.9359
-0.2027 -9.1243
-10.1922 0.7182
3.3903 4.0340
-0.0111 0.1339
7.5619 9.5026
-0.0143 -11.4341
0.9376 0.7437
-9.1631 3.7817
1.2889 8.7011
-0.2495 3.5260
7.3427 -10.4666
2.1424 -9.7568
5.7382 3.3521
3.2629 0.2248
-8.8775 0.1330
-10.8681 3.1386
1.4512 7.4963
0.8464 3.1335
3.0710 0.6082
-0.1615 1.0321
-10.5494 -0.1999
2.9989 5.8729
3.2855 0.7527
3.1246 3.3140
-0.4939 3.2360
0.8619 6.1514
0.3875 0.3084
2.4578 0.1981
-0.4861 6.6504
0.1645 3.2075
1.3803 -0.6157
3.3723 4.3589
0.3164 4.8081
0.6316 3.1897
5.2431 3.0662
-10.8889 -9.2171
0.9908 -10.1569
3.2293 0.8761
0.0043 3.9178
0.7132 5.0431
2.9935 11.5399
1.0167 1.4363
0.7092 6.9026
-1.0305 1.3559
6.9134 7.2477
1.7275 -0.0061
-9.1239 2.8010
3.2377 5.7468
0.1108 -7.9155
-0.5284 6.0481
4.4242 3.0956
5.5315 1.2221
1.1636 3.1164
5.1533 5.4539
6.6772 6.7608
7.9344 -9.0784
-0.4763 1.7492
-11.1924 0.6167
7.6791 8.5873
-0.8124 5.8056
0.6863 0.4057
0.7139 2.9067
5.1506 0.2532
-9.0543 6.8728
0.7515 0.1351
-0.3011 1.5627
1.7225 1.1820
-9.2463 -7.9142
0.5267 -10.3186
0.9350 8.5841
0.7300 3.9207
-9.1087 3.1114
-8.0869 5.6932
2.7230 0.6253
5.5042 5.5145
0.4964 -10.1724
-9.6025 0.7907
-9.8450 5.2703
3.0344 3.2327
4.6166 -10.1315
-9.3758 -11.0182
6.1801 4.8874
1.1539 1.4136
-7.3556 1.6221
7.3167 3.0249
0.2312 0.1114
2.9650 11.6450
0.2907 0.6188
-9.2276 3.0305
-12.9610 4.5981
0.0560 0.7040
1.1356 0.1866
4.7221 5.4136
-11.0853 -9.3514
3.3646 1.4217
3.9845 5.1184
8.1128 3.2105
-10.1316 6.6564
-7.7354 0.5218
-0.2201 3.1686
7.4396 7.2595
6.9574 4.0406
-7.2114 -9.4522
1.7404 1.6503
-10.0161 1.3451
11.0511 -9.7636
3.2507 3.0276
0.3995 3.0929
0.8941 -10.3350
3.8079 0.9312
-9.9154 -9.8299
-0.1424 0.4660
-11.0031 -8.8810
3.2715 2.9804
0.7785 -7.5675
-9.6252 1.0366
3.0768 0.2006
10.3628 7.9708
0.6148 4.2607
3.0243 0.8759
1.4482 7.6436
3.2351 8.1720
9.0213 3.2137
4.9788 4.3146
4.9053 3.0884
0.8321 0.5323
0.8831 -11.3596
-10.3387 2.2249
4.5738 3.1000
1.9766 -9.9575
-8.3025 -9.9781
0.0105 0.7187
-0.2771 2.3991
10.9193 1.1854
-9.3893 -0.3136
1.9996 5.2038
3.0863 -9.1208
0.2855 1.6998
0.5522 5.8165
4.6303 1.4244
7.4236 -9.8168
7.0510 1.7391
3.1101 -0.5518
0.2723 3.0996
3.5014 1.1307
0.2311 0.0829
0.5929 -10.4007
12.1444 3.1771
-9.5023 1.3047
3.0285 5.8963
3.1166 2.9734
-10.9817 -10.0097
0.9673 3.4886
5.9269 0.4590
0.2151 -8.1101
1.2068 8.2000
0.2382 3.2371
1.2658 6.3263
-0.0345 5.1601
4.6020 4.4271
0.8639 2.4312
1.0473 4.3841
-8.3017 5.2152
0.5398 6.0468
6.7453 0.4594
11.0596 -7.9756
4.4030 1.1707
0.0715 3.5753
7.0737 0.6069
-7.6528 1.0656
0.6514 4.1560
1.1990 7.4094
6.5278 0.4107
7.2880 0.1766
3.0999 3.1375
-7.2596 1.2323
6.3920 0.6102
4.0307 0.7936
3.2730 0.2179
3.2023 0.1834
-0.2900 5.6102
3.0158 3.1801
-8.1811 -10.4291
0.0251 3.0410
3.0676 4.5187
3.3217 3.2930
1.8825 0.9386
-9.6517 1.5078
5.7163 4.8872
4.4727 4.3103
-9.4083 6.7091
-10.7935 0.7141
5.8049 0.7909
-10.6776 0.4183
2.9432 3.0390
4.7723 4.2040
-9.6288 7.6106
0.6806 1.5772
-10.2843 4.2839
-11.3888 3.3578
-8.3757 1.3228
3.3364 0.7514
0.5826 3.1664
3.1017 6.7995
8.9651 5.4609
1.1496 3.1755
-9.3482 -10.0953
3.0812 1.4450
2.4498 -9.3928
-8.0351 0.8254
3.5343 0.2708
3.2604 8.1348
1.5291 0.6362
1.1804 -9.8477
0.8692 -8.9623
5.4806 -0.0193
-11.6992 1.1012
-9.9063 -0.3206
-9.5803 -9.5535
3.0757 1.7960
7.6879 1.9563
1.2366 6.1673
0.3711 10.1808
-9.3782 7.3867
-11.0555 1.6315
8.6496 -8.5474
0.8038 4.3859
-10.4632 -9.7336
2.7898 -8.5548
2.9566 3.3422
1.0981 3.0628
0.2814 -10.0732
2.9414 -9.8706
0.0530 0.3836
5.9924 -9.8276
10.8797 1.0648
3.0420 8.4883
4.1959 3.2311
5.8637 0.3123
-8.8921 3.4138
4.6279 3.0636
2.8225 -10.0101
2.9897 -8.5732
9.5463 1.4298
-10.0162 -9.0739
3.2510 1.0353
3.0601 12.3577
0.2668 4.1426
1.0283 6.0891
-8.2942 3.0346
6.0881 0.6836
4.2175 5.6255
5.2191 -10.3021
5.7587 1.1306
3.7800 3.2010
7.3095 0.8259
6.3947 -10.5754
3.2155 1.2887
3.1360 0.2607
-8.3104 -12.2773
1.0839 0.8944
0.4207 1.2644
4.6891 0.9506
-9.8735 -11.6199
-8.9604 9.2449
3.1453 3.1111
6.5509 5.0196
3.5457 7.7388
3.0677 -11.3427
0.3306 0.5269
1.1172 1.0567
3.0522 3.4209
3.2420 0.7457
-7.1059 10.8622
0.8334 -9.8936
0.9120 0.7842
-10.6670 1.1383
0.2872 0.5479
1.2348 3.9384
7.1823 3.2365
4.0514 7.8977
0.7852 -0.3222
3.0692 3.0725
-0.0424 3.3262
3.1345 0.4814
-9.2655 0.9466
-7.5992 -9.7318
-11.6403 -10.6697
0.8583 9.8669
10.3332 1.1718
-8.8862 -10.9553
7.1493 0.8496
1.3727 -10.5379
1.3292 10.2929
0.5083 4.0991
-9.6173 0.9917
3.0963 3.5474
2.9911 -11.1869
1.7257 0.1251
0.2111 -0.3916
0.5745 -10.2094
3.1315 5.3779
0.2558 6.9516
-9.5937 -9.3286
3.1886 -8.2629
-0.2989 0.4697
3.0156 1.0845
4.5764 9.5530
0.1472 -9.8642
-7.9796 1.4975
7.9503 3.2029
3.0754 4.4664
3.1676 -0.6029
0.9719 3.0358
0.2116 2.9851
0.2822 8.4103
2.9590 -9.6681
0.4738 3.3929
5.1094 -0.1749
-0.8386 0.9451
0.9986 0.5186
0.1953 2.2523
6.1074 5.5157
0.9426 -8.8857
-11.3253 6.3408
-8.9398 -9.1222
0.5308 7.9851
1.2587 9.4872
3.1160 2.9532
6.1054 1.2885
0.6209 7.5089
0.5814 3.0773
-8.8902 2.8752
3.1102 0.1905
-8.5831 -0.1084
3.1339 8.1033
1.2050 5.6215
1.2281 0.0073
14.0405 -11.2388
-11.4590 3.3956
0.1622 -0.1027
0.4782 9.9641
-10.1483 2.2100
5.6925 -11.5970
0.5723 1.4903
-8.9088 3.3402
7.7680 -9.9793
10.5603 0.6781
5.2186 -10.5235
0.3922 -9.0964
0.2014 3.2505
3.8870 0.1324
0.8765 0.1674
-9.1185 2.8007
6.6025 0.7501
6.4664 2.3880
0.7710 5.7911
1.6698 4.2961
1.2822 3.3027
-10.0451 -8.8741
-9.1294 1.5134
-8.6833 3.3370
1.6953 9.9629
0.1256 3.0557
-10.1143 0.9520
6.5807 3.4089
3.1788 3.0861
5.9860 -9.4186
11.5661 0.6914
2.9899 0.3992
-10.6452 0.4149
3.8164 0.2465
1.5549 -0.1083
1.2614 -10.2903
3.1820 4.0474
0.5521 2.9163
1.0767 -0.3658
0.3776 0.2898
-11.1441 3.0915
0.8561 1.2492
-10.2479 -11.0102
8.3606 0.5061
9.3584 2.9386
1.3655 4.2561
0.7469 -10.2197
-10.5527 -8.7385
2.9743 3.1239
-9.3448 -9.9747
3.1410 0.7623
-0.1692 -8.2478
-11.2259 2.9911
0.6325 3.1866
11.8347 1.9813
1.7234 1.0896
6.5863 -7.8587
-11.9876 1.1357
-11.4939 0.3778
6.1208 10.9535
1.2325 2.9964
4.2155 -0.0346
5.9244 10.9435
0.0263 -11.4946
-10.0022 3.0817
0.6326 1.6974
3.2148 -1.2100
4.7398 2.6301
-10.0461 1.4083
-9.9637 5.6910
1.5775 12.4646
-9.7348 3.0320
8.2315 3.0938
0.3779 6.2219
3.0312 4.7727
-0.7135 1.9625
3.3273 -10.8504
3.2450 -10.5146
3.4341 3.3391
3.0610 7.7639
2.6988 -9.3767
3.6925 0.3972
-0.5199 3.1498
0.9694 0.4275
3.2187 3.1157
-9.2691 5.9837
0.1215 -9.2034
3.4958 3.1290
4.1290 -9.5728
1.5496 5.6770
-0.2073 0.5464
-8.7593 11.2135
2.0250 3.1861
3.2013 2.9990
4.4506 3.4284
3.1717 4.3893
-10.0516 -0.2397
3.0383 -10.0543
-7.5972 0.0994
-0.0947 -11.1436
-10.2650 0.4943
-9.4985 -9.9058
3.1123 -9.7225
0.0547 -9.4127
0.0159 3.0828
1.7937 4.9293
1.5472 0.6944
2.6793 -9.6963
-10.3905 -10.7440
6.4880 3.3733
4.3123 3.1180
-8.8260 1.3202
-9.8464 -10.4573
9.2059 0.7903
2.9958 -9.7394
3.0941 -0.4446
1.3525 0.2854
0.9592 3.1862
0.9400 -0.1186
0.8511 1.2802
-10.4409 -9.4061
1.2241 7.7038
-9.4771 3.0839
3.2184 2.5977
3.1683 3.1977
-10.9407 -7.4473
12.2891 0.7132
7.6065 3.1103
1.4165 5.2442
-8.6988 0.5177
-0.1993 1.4681
0.4833 0.2814
6.9210 4.2866
3.2133 4.0840
3.0511 -6.7938
5.7177 3.1015
-11.9437 1.2093
1.3916 0.6887
3.0211 -10.8765
10.4624 3.1281
-10.2645 3.2964
4.2017 5.1371
3.1797 3.2331
4.8260 3.0474
-7.4313 -0.3425
0.3489 11.5976
0.3277 0.9790
3.0323 -9.4187
3.3795 0.3932
9.1435 4.7815
0.5189 -8.6483
4.3762 7.2072
0.0602 -0.4981
-10.7148 -10.0189
1.0445 2.8745
-9.3283 -0.3337
5.6186 -11.0833
1.8136 -9.9824
1.4346 0.5634
5.2650 0.3785
3.0131 1.9177
-10.8456 7.3938
0.9554 0.9349
4.5781 6.1043
-10.1296 -12.6955
0.9263 3.9825
5.2634 0.9703
-10.9777 7.5244
0.6070 3.2700
0.7025 2.9907
0.3873 0.0964
1.4927 0.4537
6.8621 -9.9136
1.7809 2.2690
3.2971 0.5759
3.0716 3.1271
1.6939 -9.5685
-8.3115 -6.8383
2.8534 -9.1538
8.1265 -0.7468
-0.0181 -9.3214
-0.2433 0.7448
3.2576 7.1365
0.7793 -0.0610
2.7899 1.0390
1.2221 3.2219
-11.1680 1.4279
0.9403 3.0745
6.2351 -9.6182
0.5284 1.4738
-11.8915 0.2507
-10.3557 0.4822
0.7146 9.8255
-10.8568 10.5437
3.2069 -8.3107
-9.1119 -8.3452
3.2001 0.6396
0.2450 2.9829
-10.7489 6.8940
0.1572 5.6282
8.4085 0.2880
3.0644 3.1199
4.2366 2.6650
-0.4932 -8.7841
4.4584 3.2165
0.8193 10.7106
3.9286 1.2093
0.6579 3.3323
1.2370 7.3556
3.9254 0.0051
7.5875 7.6630
0.7172 3.0679
-6.6684 0.4517
1.7400 -11.7036
-0.0322 0.4436
0.7239 2.9843
1.0484 -9.8808
3.1113 5.9545
0.7817 3.0539
6.6714 1.1200
0.1582 4.2194
4.2694 -10.5404
1.5210 -9.4078
-8.0659 6.7069
0.9585 2.1154
-10.0645 3.1776
1.3985 -9.1072
1.5544 7.8190
3.1085 -10.1170
0.9573 3.7003
-9.6160 -9.4039
7.6799 -8.3175
1.1838 5.2053
-0.3377 -9.2517
0.3964 1.1362
-10.1973 0.3484
0.5130 -8.0896
3.4511 -0.0153
-10.0530 1.1222
3.4098 -0.6481
-0.1961 3.2864
3.2115 3.1823
2.9505 -9.8563
0.0879 4.2900
1.6847 2.9774
0.9070 3.0185
-9.6295 1.2899
-10.8261 5.3845
0.4767 -0.0375
3.5037 -0.2595
5.8700 5.1311
0.3717 4.6979
13.2916 3.8851
1.4797 -0.8364
1.7988 0.8842
0.5619 -8.5754
1.3421 0.4597
6.0146 -10.9874
6.9372 9.3813
1.3403 3.0456
-9.9561 -0.6424
3.1497 8.4706
-9.1328 7.2240
0.4062 1.2344
-0.1641 0.5432
3.0748 0.7541
3.1837 -1.2758
-9.6088 -8.8362
3.1856 8.3197
3.8117 -8.8817
3.1013 3.2721
0.0735 3.3089
0.4039 3.1934
5.7178 -9.3240
6.7064 6.2610
-6.9594 -10.3370
1.4644 -10.5212
3.0100 6.5479
-11.7240 3.1747
1.4912 5.8339
1.0869 1.9479
0.6988 -0.1413
3.2127 4.0291
-10.0318 -0.0538
9.6935 -0.0069
-10.6490 3.0772
3.8622 0.7684
0.9662 4.9246
0.2382 3.1089
0.5401 8.0073
-11.2412 2.9590
8.9591 0.2657
2.9373 1.3521
7.5410 -0.1852
-8.9901 7.5631
0.2792 3.3864
0.1245 -8.4799
-8.6311 3.1386
3.2539 1.3737
8.3177 6.0517
5.1972 -11.4079
-10.3075 3.0065
5.6624 2.8854
1.5351 0.4520
7.4351 1.7519
1.0020 3.0654
1.0557 4.5945
-0.5534 9.4429
3.1531 -10.6058
-9.6766 -8.7398
-9.4097 6.7345
1.0243 -10.7632
2.9423 4.4037
3.1323 -0.0070
9.9236 5.0855
5.2231 4.2503
4.1956 1.1691
-0.1660 -10.0009
6.1001 5.1819
7.6490 6.5568
3.7931 1.0781
3.1248 1.5276
-9.7323 0.9899
-9.9932 9.0323
4.8797 0.8892
-0.4683 2.9164
3.0862 2.9982
1.3578 0.6543
11.8484 6.7533
5.1074 0.8861
0.4774 -10.9527
-10.0911 0.4437
0.5926 0.1787
0.8726 2.9693
3.1910 1.0233
4.8494 1.0868
1.5106 0.3268
0.7014 -8.4708
-7.5173 5.2331
9.7722 -7.2746
0.5628 9.5681
0.7589 7.0589
-10.0108 3.0264
-10.5290 -10.2957
3.2124 0.5992
0.8356 0.7220
3.2557 -10.6418
3.1734 0.9559
0.6094 0.4431
0.7173 5.6942
-9.4779 -9.7064
-9.6645 0.5018
-9.8301 -0.4184
3.3116 0.8151
0.6093 3.2248
8.6337 5.8616
0.8575 -8.9020
2.8714 3.1313
-11.0797 0.6881
2.9958 4.1195
3.0796 0.5159
7.9714 4.2059
7.8366 4.7369
0.3994 -9.8897
3.0657 4.7447
-0.3851 -9.8539
-0.0447 3.0392
9.0016 5.7099
-0.1201 2.8455
0.2249 -9.7927
-9.3773 3.1988
0.9725 -9.9303
0.6332 1.1865
8.0032 -9.8542
0.7980 3.0391
1.3036 -0.1335
-10.1392 3.1729
-9.1321 0.9117
-10.6226 0.7702
0.8151 6.3332
1.4187 7.6636
5.7923 5.7291
-0.5650 -0.8843
0.2042 -0.7068
3.3239 -9.2255
3.1955 3.6945
6.0751 -8.6183
6.5460 5.2694
6.2860 0.6709
-1.2171 5.2792
3.3516 0.3570
-8.5283 1.0887
-0.2245 -9.2511
3.0731 1.0719
4.9544 3.2335
0.4246 0.9071
0.2370 -0.3829
-8.9084 -9.9120
3.0721 0.8660
-8.3317 -10.4121
-7.9496 0.6261
-10.3939 -9.7501
-0.0239 0.8493
-0.3564 5.3846
3.1313 1.8255
3.1380 5.2815
3.0603 4.0125
-10.3825 -8.6577
5.9337 0.9796
3.0156 -8.4155
3.2318 3.0817
1.2086 1.0562
3.2059 0.1711
5.2608 0.3350
1.1098 -12.1452
3.0477 0.0932
-8.0537 5.8089
0.6608 2.6208
0.3172 6.8102
1.4005 0.4921
3.2936 3.2108
1.6761 1.2792
3.0655 1.0005
0.4145 -0.0070
3.1103 -0.2575
3.9159 7.7433
-8.6445 -9.9941
0.1996 -8.9847
-8.7734 0.5514
1.9231 3.9037
3.2270 6.1116
0.9199 3.0490
7.8585 9.7741
1.4526 7.4009
0.5981 6.6573
3.1684 -10.3263
5.4445 3.1791
-7.7385 -8.6761
-10.5661 4.2530
-11.8182 7.2651
6.7557 0.6154
1.0613 -8.7531
0.6810 0.7949
-8.6683 -10.3510
1.2973 -0.8156
0.9177 6.6519
-10.7299 -10.2449
9.8261 2.9553
3.9738 8.3659
3.0392 -10.5081
3.0091 8.4888
-9.2096 1.0252
0.4953 1.3555
-9.4092 3.1554
-11.2744 8.8990
2.9393 1.9933
3.1257 3.0076
-9.7273 2.9746
1.6788 2.9492
9.3861 2.9427
-9.4818 7.9096
3.2405 4.6792
-0.1713 4.6239
4.2285 1.3482
-0.4004 1.5795
-8.3078 4.4878
6.4330 1.8533
-9.1119 0.4212
7.3991 8.1144
0.1852 0.5483
4.7519 3.1575
-3.4688 -11.4347
0.6960 0.7970
-1.0366 -9.3243
-9.9048 0.2400
2.4830 10.1171
0.9513 -0.1919
0.7186 -9.7535
-7.4646 -6.2768
-0.2471 3.2175
3.2359 0.8054
0.2373 2.8926
-0.0549 -10.4859
0.7664 3.8552
0.5309 3.0891
7.5169 0.6188
-10.8335 3.0268
0.9199 0.5385
2.7005 3.0804
-8.1609 1.4582
-9.2790 -10.4185
0.9764 7.2548
3.8402 5.1204
3.0388 0.9524
3.1147 -8.7856
5.4190 -10.8022
-8.8640 4.2079
2.9358 6.5338
6.6805 3.8719
-9.8443 1.2707
0.6160 -10.5049
5.6511 0.4324
1.3871 -8.6875
1.0777 3.1011
-11.3339 -8.8430
-12.2014 -0.1187
0.1361 -7.9794
6.2762 0.7527
-1.1197 5.2489
-10.1918 -8.5024
3.1653 -9.1868
0.4213 3.1371
3.1157 0.0555
5.5666 -9.1601
4.8536 -7.6429
9.4262 -9.1208
0.1093 -9.7380
-8.2098 -10.0319
-10.8077 1.1605
-9.4473 3.1036
7.4300 -10.2548
-8.2849 7.0244
3.1147 0.9540
5.1753 -10.0007
-7.9856 3.1604
1.4154 -9.6687
6.4950 3.0756
-7.8535 3.1156
3.0746 3.3310
1.1838 0.8719
3.0568 -0.1420
1.2282 0.3162
5.2917 -10.6586
-9.5562 3.2105
6.0152 10.5994
0.6726 11.0837
0.4856 3.1531
0.2362 4.3832
4.5230 3.1226
5.9821 3.2771
9.6908 6.0436
-11.2874 2.9560
-9.1533 -0.0874
1.3616 5.7815
7.9327 3.2333
-9.5094 0.1949
-0.0075 7.6502
5.8867 0.6905
3.1440 -10.7366
0.0952 0.9094
-9.4372 3.1761
1.0382 -11.8000
3.1862 -8.9431
10.9426 5.3340
4.8507 -8.9210
0.4173 3.1915
1.1502 7.9507
3.1251 -10.3132
-0.8187 3.1919
-9.5494 -11.9183
5.2065 5.5829
1.0968 -10.7592
-8.3889 9.6450
5.0621 6.5555
-7.7694 0.2152
6.9617 -0.3336
8.5542 7.8544
6.2945 -9.5106
3.3255 3.2642
-8.7924 1.7741
5.4488 0.6494
3.2583 0.9264
1.0554 0.3574
7.8420 1.2313
5.1133 -0.2062
1.7694 5.8156
6.8110 0.6971
3.0003 6.6129
8.5579 1.2791
3.1184 1.1711
7.4638 4.4017
4.2413 0.6160
3.0635 -9.1062
3.0380 6.6421
0.1814 3.3751
1.0002 9.2220
3.1696 0.4251
3.8577 0.8702
-8.4615 3.0295
3.3044 -9.9545
-9.9429 5.5695
0.8478 3.1385
0.5520 6.4848
-10.6505 -0.9870
-8.2606 0.5495
1.3625 0.1287
1.1196 8.4452
1.2480 -10.8285
0.7521 -10.8851
1.6743 -11.0393
3.0244 -8.4182
-8.4473 5.3569
0.3610 6.3008
2.8180 0.4475
1.4985 -8.8874
4.3379 5.8490
0.2956 3.2726
0.5007 -0.2575
2.8891 -0.3510
-8.9724 0.4431
2.9415 4.6115
0.7504 3.3028
3.2048 -9.3749
0.2228 -8.8957
5.7203 1.1486
2.9923 1.6871
5.8041 2.9769
-11.8773 9.9314
3.3476 0.1697
6.3354 0.9866
0.8295 1.5898
-7.5635 1.1350
7.5442 -12.2592
-9.2502 0.0064
0.1701 6.2934
1.1138 0.7085
3.1275 6.1462
3.1529 3.1545
-9.9482 6.5355
-10.3112 -9.1633
3.0151 6.0760
0.6311 -0.3267
-10.2217 1.8599
-9.9709 3.1803
5.0834 6.6372
0.4453 -7.9339
5.7943 -7.2209
3.3090 -11.0755
3.0302 -11.1403
5.6331 2.6956
-9.5757 -9.9618
6.7522 6.2416
0.2907 2.3631
7.8389 0.2781
3.1451 -8.5481
-11.3311 5.7973
0.8951 0.6080
5.6182 2.9089
0.3085 0.2117
-9.0339 0.3134
-9.2087 -8.9760
-8.6486 3.0617
-0.1065 3.8290
6.7040 -8.5990
-0.1067 -9.2007
3.3494 -9.7939
-8.7208 1.2109
-9.4950 -9.4003
-9.5053 -9.2496
3.3284 0.1611
5.5429 6.0235
0.4416 4.9523
-9.2485 0.0545
1.2860 0.4693
0.5596 -0.3799
0.6452 0.2277
-8.9141 0.8242
0.4838 -11.3160
1.0716 0.4900
-0.4949 1.6807
1.1242 0.3439
1.1227 -10.8104
-9.2547 6.1795
0.8609 5.7750
5.0436 1.1098
3.2782 3.1647
3.0507 4.8831
-8.7990 7.8216
-9.8640 -8.8764
1.8512 -9.5487
2.8848 3.2606
-8.9414 -0.9172
-9.1456 3.1906
0.1198 0.8344
-1.3657 0.8163
7.9084 -9.1501
0.4686 1.0806
-0.0457 5.8356
0.4929 1.4065
1.9587 0.9583
6.0944 6.7770
3.2411 -8.7969
3.2313 1.3559
9.5986 6.0104
-10.4338 0.4860
-9.6120 9.3049
1.5165 -0.3478
0.9504 -10.7255
3.1631 3.1031
3.1626 -9.5389
6.0091 3.2695
3.0630 0.7025
3.0624 3.2757
3.3803 2.9761
7.7026 4.9633
1.5204 7.5462
5.5889 -10.1170
2.9260 0.4304
0.3315 0.7122
7.1316 0.6474
-0.4936 1.5295
0.0496 2.8713
5.4448 3.2492
3.1940 9.2808
0.4336 3.0685
0.4792 3.0891
0.7540 0.0389
5.9671 1.0674
7.4214 -10.7697
5.5089 4.1261
1.0428 0.4422
9.6635 1.1587
0.5549 6.4780
5.8058 2.9373
-10.2255 1.1856
1.5507 0.9865
4.1466 1.3891
3.7838 7.1864
0.6201 -11.8401
3.1018 -9.8670
9.0426 11.2242
-9.0955 0.7717
2.9825 3.1813
-9.1233 1.1075
-2.4538 3.0935
1.2174 -0.3954
7.8554 3.1224
3.0019 8.1578
0.8765 -11.6288
-9.5119 -9.8949
0.2955 -0.3272
1.3470 -9.4434
2.9719 3.1644
0.4258 -10.3568
3.0351 3.1692
-9.7623 1.3152
-8.7180 1.2173
-9.1621 1.0823
-10.9867 1.3448
0.9107 5.4468
1.0696 6.2231
-8.6319 3.0916
3.0772 5.4108
5.6704 0.3855
2.9693 3.1629
-0.3974 -7.8292
4.2513 -8.2365
7.2432 5.0637
1.3067 0.7010
-11.9612 6.4861
-11.7305 0.9625
3.0490 5.2395
3.2163 0.2228
10.5765 0.8224
-0.6607 5.9046
1.3700 5.9064
0.5029 8.8789
3.2075 6.7292
4.4029 0.6898
10.5304 1.3686
0.7443 0.0008
0.7840 0.0652
-11.2373 -10.6914
3.7686 3.1299
-11.2760 3.1537
0.3950 -8.5931
0.5377 3.0194
-9.4456 1.3465
1.3209 1.9502
0.2396 1.6152
4.3674 3.2985
2.0390 -0.9718
0.9709 -9.9223
0.2223 -9.4225
0.0711 3.1963
1.0958 1.3176
3.3255 5.5203
3.2370 5.0875
3.0643 1.2684
6.6328 0.1981
1.2506 0.7791
-9.8184 0.6011
7.0737 -10.1392
-0.1062 6.3536
3.2521 -11.0830
3.3181 1.3512
-9.7258 -0.1212
1.4643 -9.8654
0.4755 1.4219
0.3843 0.7502
0.2899 6.1719
3.1159 -10.7331
5.9605 3.0823
5.9970 3.7833
3.0100 5.6351
-8.6604 5.7247
-0.2600 -10.3949
-9.5105 -8.4217
-9.5623 2.9987
3.1316 -0.0523
-9.9650 -0.4305
0.2099 -8.8878
0.9085 6.5936
9.6019 6.1307
3.0255 0.3894
3.9630 0.8705
4.9748 3.1822
9.0605 1.0498
-0.1785 4.1757
4.3348 5.4352
8.3899 3.1928
3.0856 0.1839
0.2484 7.2813
1.2273 7.2605
0.9188 0.2813
3.1642 8.0878
0.1940 -11.0177
3.0327 0.8183
4.3650 3.0464
5.3239 3.6032
7.5014 3.2068
-8.8340 5.3768
6.8107 1.6162
-9.5356 1.0574
5.6229 2.2033
0.9099 0.5071
-0.7700 5.5083
-0.7330 3.3497
-10.2433 0.6025
8.3970 0.9782
0.0149 8.7989
3.2849 -10.8221
4.7907 1.0751
-7.6418 -9.7693
3.2488 -10.6011
-0.7485 5.6965
7.6078 0.4449
4.7264 5.5807
8.0229 -9.8794
0.8882 -7.8742
4.7143 8.7334
3.1107 1.2252
3.0351 -10.4593
3.2483 0.6624
7.0519 1.7714
1.3575 3.1892
0.2491 0.4890
11.4065 1.6820
-10.7782 12.9711
3.0071 -8.6577
5.6449 0.7078
6.8207 1.0352
0.6254 -8.3232
-7.9843 -7.8409
1.2884 3.2413
3.0562 1.7412
1.3596 1.7356
1.0381 -9.7026
6.3855 5.1368
4.9255 1.4707
1.5899 0.0480
-9.2903 -10.6556
-8.2681 3.0631
1.2393 3.1688
-10.0437 -10.4085
3.0376 3.0059
0.7155 -0.3905
3.1591 -7.7460
3.3020 3.0494
6.1165 3.3542
3.1547 0.6353
0.3964 -0.5487
3.1155 5.4209
5.1679 5.8076
5.9448 -10.6886
0.9145 0.2425
1.8052 3.1997
10.2712 2.8811
0.2605 1.3159
1.4766 1.4770
-7.4566 -9.9824
-9.2480 0.7321
10.1577 -10.1223
0.8085 1.0028
0.6722 -0.3056
7.7799 3.2235
0.3150 3.1546
3.0624 7.1996
-10.1199 0.8587
-9.4598 3.1524
5.0066 3.0993
11.4099 -8.2239
0.5376 7.6147
0.8101 0.2862
1.8102 3.2687
0.8563 7.3474
0.6440 0.5921
0.6258 3.1905
-9.2444 7.7383
1.0912 5.6261
0.1060 -10.1679
6.8047 3.1547
-10.0387 -0.1138
-0.8845 0.5248
-8.1874 5.9696
0.8960 6.3023
-10.9743 1.0191
-9.4429 11.0942
3.2304 5.3631
6.1351 0.1882
-0.5253 3.1949
4.5384 0.9604
2.9954 -9.4641
0.4710 4.3345
0.5689 3.1227
5.8087 3.0051
5.8747 -9.6326
5.6102 0.9674
0.9079 7.0232
1.1501 0.3274
4.4765 3.0574
1.1874 4.9998
1.0418 0.0355
1.7460 0.9564
3.0550 0.7654
7.7695 -11.0266
3.1522 -10.6587
-10.6703 8.0919
1.6621 3.1679
3.1307 2.8861
-9.3549 5.2001
0.8428 -10.2724
-9.7985 0.5361
4.6447 3.1243
1.8212 0.3974
6.1891 1.2263
-0.0157 3.1535
3.2485 2.9502
1.3819 1.9583
-9.1890 10.0761
-0.3103 6.8856
-0.5131 11.0327
9.0472 10.1085
-11.0194 5.2236
-9.2215 0.4481
5.8129 0.2502
-9.3715 0.4737
0.0474 -9.2326
7.3594 -0.4955
0.3023 2.9327
-9.5283 3.2755
7.1669 3.0786
-7.9442 7.4605
3.4207 -8.4632
0.5465 0.7536
0.6066 -0.2757
1.1082 -9.4116
6.8894 0.7802
4.3906 -9.5220
1.1738 6.3201
0.4559 -10.9585
8.8625 -10.2837
0.6367 -8.1895
4.0066 2.7075
-8.8284 5.9454
7.9410 4.9604
-9.4595 10.2905
3.0004 3.4612
7.1831 -9.4768
-8.4675 5.1504
0.8989 -9.8943
1.5684 3.2115
7.0242 -9.0398
-8.8900 1.1014
1.6863 3.2249
4.8518 0.2676
3.0843 5.6207
-10.4573 0.6191
3.2280 -0.0965
-11.5161 6.2464
3.1015 4.7685
0.3951 -7.9779
0.3090 -8.7359
6.5925 5.3839
1.1321 -0.2843
6.9312 5.5736
5.6698 9.3313
3.0420 5.2216
3.0338 3.2577
3.1107 0.1816
1.4425 6.6228
2.9670 9.5223
0.7827 5.2354
1.3577 4.3805
8.6227 -0.1222
-9.4435 -7.4524
4.5281 3.6100
3.3221 5.4221
-0.1097 -0.2228
0.3641 8.1298
0.8745 6.2430
-10.9586 0.2777
1.6022 -11.1158
0.9144 0.7711
3.0609 3.1806
3.1069 1.0206
1.2924 4.1085
3.2113 7.2537
0.1860 2.1513
6.6498 4.8109
6.4446 3.8653
-9.1503 3.0862
-7.5848 -0.2750
3.2294 3.0918
-9.9344 3.1348
-10.1048 3.0622
4.0980 -0.2441
1.0013 -9.5255
9.4813 3.1669
-7.5215 1.4656
3.0125 2.9523
5.2256 3.2366
3.1957 5.2123
-7.8580 6.0935
3.4621 -8.7604
0.9785 -9.3275
-7.8066 -8.6127
0.4905 6.7900
-11.1686 0.5779
3.1971 -0.5333
-8.9601 2.9287
-8.9343 -11.5150
-0.0474 3.3620
1.0120 7.9358
1.9667 -10.1993
-10.2545 3.2784
1.0238 -8.3130
1.7239 1.9460
-9.0641 -8.0585
1.3980 -0.0388
7.4324 3.1173
6.7265 7.1174
-0.2229 0.8650
0.2630 6.1591
-10.1279 2.3287
3.2869 0.9425
3.2186 1.4950
-8.9375 0.0919
3.1576 0.1169
1.2760 2.9851
3.1046 -0.3200
3.1815 0.2698
1.6821 -9.2084
-0.1667 0.2945
-11.3013 -8.9446
-9.2755 3.0168
7.9492 -9.6596
3.2532 0.0417
-10.3971 -9.9521
-11.6836 0.2472
1.4763 8.8993
6.5016 1.1684
-9.3773 0.5321
0.2558 -11.9248
-0.4814 0.9768
6.4765 3.2607
-9.8499 -10.6170
0.2715 -8.9845
-11.5588 -0.2425
3.0838 7.2514
0.8776 -9.8894
6.1431 1.5499
12.9659 0.9548
7.3534 0.7539
3.0416 0.8503
-10.9415 7.2841
-10.7978 -9.8896
-9.0089 3.2584
-10.1572 -10.6701
0.3953 -10.5364
3.2517 -9.3644
8.0771 0.1245
1.0105 3.0178
-9.1212 0.7434
-9.8887 0.0890
2.9990 5.1410
-9.9713 3.0240
-10.1165 -0.5080
3.0098 3.0975
1.2454 3.1174
5.5961 1.7308
0.1820 6.2304
3.5992 5.7320
-9.2089 -10.4304
3.0018 -8.9594
7.2543 0.7554
0.2843 3.1476
6.3863 2.9621
-8.4111 8.1071
9.2036 3.2097
3.1990 3.0125
-10.0480 0.2401
0.8949 1.0660
3.1543 -7.5129
4.9075 2.9670
-9.1418 -9.6877
-9.4209 -10.0233
1.2487 7.8226
6.4218 -11.2442
2.9145 -9.4590
-11.6381 1.2419
3.3061 3.1550
-11.2973 3.0607
3.1400 -9.8021
1.2261 7.3039
-0.2043 3.1261
1.0539 9.9704
7.4913 -9.3645
5.8762 0.4335
-0.2452 3.0393
3.0676 8.9655
7.4586 0.5634
4.2452 4.7613
5.4089 -10.3841
3.0572 -12.2903
0.2740 3.3682
7.6073 6.5081
-8.3737 1.0452
0.7289 0.3649
8.0357 0.3523
7.1967 -10.7734
5.5358 0.9924
-10.4444 5.5504
1.8254 -8.6830
0.0808 3.3250
-9.9861 12.0894
2.0263 4.0172
13.0128 3.0818
-10.2088 2.9713
10.2538 3.0282
1.6655 -11.9505
6.2563 -10.3311
0.0773 -0.4994
1.9690 0.4050
5.8573 0.8867
-8.2461 7.2488
3.2121 -9.1351
1.2232 3.0907
3.1529 2.9432
3.2812 3.1768
0.3619 -0.4265
3.0755 0.2945
5.2256 0.6809
0.6383 0.4275
2.9323 0.2351
3.2742 3.3543
-0.5280 3.0844
5.4531 7.5112
-8.7326 -0.0741
4.0242 0.1663
4.4142 6.7319
0.3456 1.0961
3.0828 -8.5361
-9.4672 0.0268
-0.1009 1.9874
3.1377 -8.6280
5.3721 -9.8552
-12.6768 3.3071
1.2672 5.7635
1.0175 3.8335
3.1405 -10.3557
7.0931 2.9875
5.2806 6.8172
7.3252 3.1800
-10.7844 -8.0639
0.7158 0.3336
1.1645 -9.5077
-9.6819 3.2020
3.7660 8.6204
3.1801 -8.7158
1.8566 3.2308
6.1421 1.0855
0.7431 4.5955
0.5434 3.3163
5.2109 7.2573
3.0611 -12.2235
7.3421 3.2526
-0.2168 -12.3598
-0.3392 0.8424
1.4867 3.1909
3.1165 6.8179
0.5244 2.1042
-6.7802 -0.6826
7.2027 3.1754
3.3030 3.2375
3.1534 5.7758
-9.1167 -0.3703
3.1016 -9.3139
-0.0845 -11.6045
5.2209 9.3374
2.8533 5.0807
4.1873 -8.2853
1.4522 2.7456
3.0825 3.3531
-0.1548 -11.2203
4.1461 2.2082
-10.5434 0.9602
-8.8139 0.1842
-0.5709 0.8227
0.6436 0.3893
-10.3077 1.0441
-0.2319 0.6882
4.8372 3.0719
3.2043 3.2825
0.6889 1.3801
4.9963 -0.0577
11.8063 6.5693
0.1089 0.4335
8.7273 0.8354
0.9906 -9.5158
-9.0541 0.2387
3.0238 3.4648
0.5628 0.1341
6.3429 -0.1883
0.5519 -11.0803
0.5902 3.0306
5.5247 3.0865
1.3625 0.6427
-8.3713 3.2867
-10.0296 2.9133
6.6072 2.3129
-10.0996 7.7938
1.0066 1.5797
-9.9385 -9.0776
0.0423 0.7796
3.0621 10.0679
3.0820 0.6605
-10.1014 0.4508
0.9894 0.7684
3.9339 5.5517
1.1443 -8.6583
1.0096 3.1060
-7.4794 3.2164
-9.5490 0.9419
5.7012 5.8875
0.4334 0.1305
7.7093 2.9046
0.1770 -9.8589
-9.2003 0.4055
0.9269 -10.2468
-8.8746 3.0701
4.2948 3.1958
1.2961 1.0119
3.2760 2.9625
-11.8856 -8.9421
-8.2016 3.2552
12.6935 7.5283
-0.5334 4.7646
10.8217 12.5834
3.8259 5.2323
3.1423 4.9235
1.0362 3.0549
-7.9659 -11.1556
-0.2747 0.2864
0.9754 1.0725
3.3125 3.4323
3.1400 6.7274
-10.2153 1.0705
-10.6864 0.6701
-10.7745 1.7676
7.5119 3.0769
4.9802 3.7357
-10.2973 -8.5490
3.2968 0.5895
9.1209 -8.6249
-0.1625 -7.4148
0.3876 7.7231
6.0202 1.2141
3.7846 1.2578
5.9758 0.7432
-8.5427 3.6782
-0.2950 1.8897
3.1919 -11.5397
3.0666 -8.3732
-0.0298 5.2803
1.6914 4.9770
-8.4064 -0.4172
-0.1417 0.5439
3.1083 10.4523
-9.3725 1.1271
0.0456 6.1308
1.0131 2.9569
0.4916 -10.9042
0.6112 -11.9528
11.2310 -8.2847
0.2232 -12.9179
3.0813 3.1707
-0.5362 3.1390
1.2570 -7.8107
0.7214 -10.9728
0.7956 -0.3910
-8.7037 -6.9833
-9.9997 3.1661
-10.4212 3.0973
5.2799 -8.7851
-1.1820 0.2723
1.1091 3.1465
-9.2891 -0.2976
3.0465 -8.1158
3.1329 3.2412
0.8705 -7.9843
2.9588 9.4184
3.2674 3.0277
3.1820 0.6389
3.2039 4.2702
3.1411 -10.0997
3.0105 3.0959
1.1898 2.4055
5.2325 -0.1085
3.2215 3.2028
2.2789 3.2209
2.9026 1.0391
7.0152 3.0644
1.3554 1.1807
3.1419 2.9277
0.2859 1.4211
-10.0462 5.6633
3.2810 2.0663
-11.1574 8.8803
2.8850 0.2602
3.0148 -8.3438
0.8979 2.4331
6.6777 -8.2495
3.1010 6.6894
-9.6769 3.0589
-9.0127 3.1705
-0.0398 0.6158
0.1995 -9.7188
3.1106 3.0775
1.3375 0.5715
0.5050 -10.6483
1.6795 0.5587
2.6980 3.0372
0.1126 -9.0421
1.0334 -10.1045
3.3071 -10.6397
-11.3284 0.6868
0.9532 1.4222
2.9043 12.3162
-8.6727 -10.6679
3.1436 1.8930
0.2128 1.1761
0.0584 1.4629
3.4144 -0.0962
7.2720 4.8522
3.0365 -9.3058
1.4488 -9.5147
-9.2640 3.2473
-0.0736 -8.8159
-10.9876 -8.9551
-9.6911 -10.9042
9.1446 3.3191
1.0255 3.2376
3.2187 3.1045
-10.3862 3.0756
-8.7316 3.0877
-9.1741 0.9485
5.6231 0.8359
7.1521 3.0224
7.5929 -9.2243
7.7311 5.6293
5.9399 -0.0211
5.1058 1.3234
3.5258 -0.3953
-8.1405 1.1146
3.0605 -10.9547
-9.6081 0.8642
-10.0944 -10.4473
2.9626 0.9525
-8.9147 3.1479
7.0244 0.9565
8.4602 -11.6782
1.5369 -8.4735
3.3011 0.2564
3.2672 -0.1465
0.2094 3.2902
-10.5602 0.7319
5.6264 -10.8343
0.7595 3.2674
5.1888 0.7235
0.5765 -9.3239
2.1406 1.9202
-10.6407 4.1932
0.4074 6.2104
1.0652 6.9761
1.1561 7.6245
-7.8112 3.7466
-0.7140 0.3448
0.4267 6.6241
7.7007 -11.5590
-11.5373 2.6695
7.5480 1.0404
5.5572 9.5807
0.7436 5.9781
5.4280 7.7681
3.3534 0.1819
-9.2501 5.0395
5.8047 -10.7538
7.4683 0.3141
6.5880 -8.7858
3.1765 3.1526
3.3187 -12.1917
8.7634 3.2683
-7.6775 3.2082
3.0053 -10.4112
0.4575 -0.4205
-10.7177 -10.1345
0.4973 -0.5569
-8.6701 3.1289
3.1718 0.5442
3.1957 9.3876
4.6055 0.0037
3.2144 0.3204
2.6400 2.8220
3.1732 4.2171
4.4771 1.5740
1.1757 6.4532
-0.2604 0.7133
-8.3818 1.1124
6.7114 3.1273
0.9462 8.5129
3.2849 0.8773
0.1741 -9.2620
-0.4039 4.8543
3.0541 3.0753
1.7178 -8.8377
3.2682 -0.0806
3.1215 3.1333
5.0740 5.9580
0.5527 3.1280
3.2044 -9.9395
3.2370 3.1531
9.5325 4.0123
3.0986 10.0407
-8.3561 -11.3206
3.0556 -10.1861
6.0944 0.3557
3.0816 5.2946
-0.1646 6.4127
0.5820 11.9469
5.1106 0.8698
0.9435 -8.7709
0.4268 -10.8521
0.8635 -0.0247
-11.1568 -11.4437
-9.9493 2.7239
0.6207 7.9095
-10.2581 8.3571
0.2687 0.1403
0.5768 0.8916
0.5467 1.4450
0.4616 -9.5639
1.2805 6.8791
1.4641 -9.9428
0.4472 0.9009
3.0345 0.2882
0.0205 0.3227
3.1911 3.4214
-10.0118 3.1017
-8.9979 -10.8149
3.1450 -11.3712
-9.2388 0.8478
-8.9927 1.2159
3.0380 3.0987
7.4360 11.8379
4.1252 0.6743
0.8496 3.1911
-9.9779 -9.2565
0.3455 4.7345
8.2955 2.9938
-9.2295 -9.5025
0.4122 7.4020
4.5964 -10.8287
0.1964 5.2431
-8.3954 5.5708
0.8291 -0.2457
-8.3271 0.9661
1.0098 -9.9659
5.8988 -12.4359
0.5601 6.5447
0.6648 0.2568
-11.5755 6.0931
3.1712 0.1869
0.8242 2.8917
7.0680 6.3434
-9.3814 -9.2021
4.2567 3.0853
3.1493 3.4648
-9.6143 5.7184
2.5991 4.0012
-9.7580 -10.1007
6.3478 -0.2693
0.8500 -8.4299
3.0352 -8.5228
-0.1369 3.0748
-7.7291 7.5584
1.2628 0.6596
1.0750 3.0408
0.7542 3.1365
-11.3994 0.5791
3.1715 8.3304
-8.8988 -7.1570
-11.1826 0.7232
6.4470 6.0870
6.4037 1.3404
1.3361 1.4993
3.1892 7.7545
-10.5479 -8.9496
0.3634 5.3768
-11.0738 1.1552
5.0152 -9.5166
-10.0031 0.8503
3.3121 4.1325
-11.1751 8.4059
1.4505 3.1431
0.8967 3.1329
3.2184 6.1110
-8.6775 5.2905
6.7785 3.0891
-1.0199 3.1470
1.1777 8.7623
7.1433 7.4506
4.2349 -9.2329
7.3544 9.9036
3.4723 3.4649
3.3284 -7.9887
0.0522 3.3377
2.0837 0.7119
2.2632 0.5178
5.3587 1.0260
-12.2523 9.4477
-11.6777 7.5654
-9.4374 2.9797
-9.7549 -8.6810
0.7925 5.2409
1.2218 4.3950
1.1016 -10.2321
9.6256 1.2423
0.7626 -11.6641
1.2436 -8.6990
3.0602 -10.3474
-9.4888 0.0388
4.1517 7.7214
-9.0481 3.5341
3.2277 6.2714
-0.0810 3.1551
3.8842 -9.4288
-9.4607 1.6684
3.6236 5.1677
-8.4438 -9.8958
-11.4410 4.5121
-10.8965 1.0958
8.3482 3.1244
0.6734 -11.6157
4.0618 3.1644
-9.7425 -8.6210
0.7366 -7.9174
3.2333 -10.8474
3.0917 0.6392
1.6235 4.2161
-10.5570 -8.7436
-0.1707 6.7327
6.6328 6.7631
0.6475 -9.5331
0.6001 0.7274
0.5263 0.4495
0.6554 2.9295
7.2327 3.1435
0.6800 6.0168
5.7610 5.5855
3.1674 0.9043
8.0922 0.5821
-8.2801 2.5723
-0.1007 7.6875
3.2230 1.2332
5.9322 9.4503
3.3331 -9.9450
1.0507 8.7194
-0.1323 3.3890
-9.9371 0.5071
-0.1116 -10.1605
0.9585 0.1591
0.5514 -10.0487
-10.1993 0.5377
-10.5164 -8.5170
-8.5760 1.2034
0.7214 1.3214
9.8124 1.1843
1.0386 3.2076
3.5913 1.5692
0.0675 3.2214
6.4535 1.5188
9.3252 -8.9900
5.4531 4.4549
11.3861 0.7732
3.2491 6.7281
-8.1590 6.6328
-9.4977 5.0299
-9.9037 7.5481
-0.0248 -8.4296
4.6893 1.0969
6.2463 7.1730
0.7733 0.2158
-9.8124 8.5007
-0.0992 -9.3402
0.7188 -9.9010
2.0858 -9.2727
0.1512 0.2811
0.4202 5.1279
7.7271 0.4248
1.0609 1.5414
3.1168 3.6083
3.1709 -8.6211
-10.0624 3.1650
0.0506 9.8453
5.2621 -8.3840
0.5552 1.0159
5.5309 0.3246
2.9924 1.0056
-8.1271 0.6484
-8.3012 -8.0499
6.5964 11.2202
8.2276 3.0818
3.2943 0.6833
6.4268 0.5394
3.6270 -0.5421
-0.7234 0.2540
1.8919 3.1943
3.1443 -8.0926
3.3006 0.6111
1.2581 -7.2848
1.4592 3.2518
1.2744 3.0150
1.3690 2.9913
-8.9657 1.4733
3.2055 0.0700
-8.0622 -8.6149
8.0055 -10.1880
0.5303 2.9189
3.1360 -7.3805
3.7652 -8.4924
3.1158 1.4184
-8.7447 6.0479
5.6943 6.8341
9.7818 6.7697
8.5742 -0.0734
0.2807 -7.6142
-6.6642 -8.8010
-0.1822 9.0418
3.1041 -0.0157
2.9235 5.4684
6.6068 3.2850
-8.4927 -9.8706
1.1656 3.1786
8.1836 3.2643
8.1203 3.0333
-0.1988 0.6303
-9.2000 1.6244
1.1840 0.4687
3.1973 -11.2652
-10.0625 -8.8009
0.7888 3.3887
0.0625 0.3727
1.7278 3.0988
0.4434 3.2754
5.4250 -7.0633
1.3953 3.1056
1.2206 3.1337
-9.5143 4.4450
-8.5033 -0.3849
0.8018 4.8173
7.2033 -10.1254
0.0649 1.6139
5.7858 3.1674
3.3488 0.0854
0.3338 -7.6222
-10.1627 -10.9403
3.0344 -7.1830
0.5431 3.2043
-6.8715 3.0848
0.5247 1.4003
0.7022 -8.0517
3.1442 9.9847
0.6243 1.1819
1.2629 1.4082
7.1631 3.3222
4.7999 6.2387
3.0215 1.1611
3.1506 -8.7580
1.0996 -11.6626
1.8302 1.8710
1.0518 0.2518
1.0918 8.9665
0.9587 3.3942
3.2868 4.9471
-8.5042 5.2647
3.2752 0.5630
3.3087 0.1585
1.0213 3.0546
3.1105 2.8849
9.1666 0.4638
3.0809 9.6918
0.8185 -9.6313
3.0397 -10.8227
3.2122 -8.7592
3.0810 4.2520
3.4465 3.1463
7.8344 6.3694
8.8709 -10.2942
-0.3332 5.1717
0.7881 3.1871
5.0081 -9.4781
1.0140 0.8502
3.1622 2.9735
4.2793 0.8276
-10.1322 2.8294
-8.5483 1.9862
-9.5815 -8.6093
-8.9886 -10.8904
0.1488 0.8593
5.2932 -9.7318
-11.9331 6.4902
-9.4076 1.8167
-8.1800 0.7568
-9.6369 3.1616
-8.3564 3.2081
0.2182 0.7276
1.0575 2.7869
1.4381 -9.8596
3.0999 11.3845
-9.7844 3.0966
0.2848 3.3375
1.4143 -0.1916
3.1933 -12.0726
-7.4931 6.2447
6.8042 0.3127
3.2493 -8.8400
9.7629 3.1187
11.0676 4.9722
3.5585 0.3692
2.4714 0.4701
7.9582 8.0951
6.4117 5.0185
0.6604 3.7571
-9.1735 4.1292
6.0484 0.8117
14.5001 0.2538
3.2129 1.7014
3.0420 -10.3517
0.4156 8.9916
1.6395 -0.5320
6.4102 3.3910
3.2206 1.5117
1.2935 3.2348
3.3019 7.1255
1.2805 -7.1830
2.2264 5.1458
3.4193 7.4252
1.1075 1.0606
-9.0805 -0.3374
3.0927 3.3477
5.8919 1.1872
3.1565 -0.4512
0.1590 -9.6954
1.2676 0.7026
-10.0265 3.0745
5.5259 3.1384
1.5377 3.1997
1.6642 0.0807
12.9018 -10.7251
5.6043 0.9610
5.8644 -0.3533
8.5805 6.1171
12.1298 6.9262
8.9625 -9.7834
7.5096 0.9368
3.0433 -9.3409
1.1530 3.1551
9.2786 9.0649
-8.9150 0.4414
2.9165 3.3205
3.1804 6.8818
-10.7266 0.7499
-7.4041 -9.7749
4.8981 0.8204
-0.3612 7.8816
7.0788 0.6221
-0.1462 1.6350
1.0404 -12.7695
3.0741 3.2767
9.4940 -9.9650
3.2496 0.8452
-0.4892 -9.6166
5.4408 0.2658
-9.8577 5.9525
8.0699 1.0667
6.3026 4.2048
4.8079 -8.7463
-0.2624 -11.2295
3.4863 0.1351
-0.1900 2.3189
3.1805 6.8774
1.0478 3.2377
6.7958 -8.6108
-9.7210 3.3016
-9.3100 0.5976
0.5438 3.1064
3.2274 7.9846
3.1006 -7.1494
8.0273 6.7781
3.3356 -11.5040
8.1690 6.4819
3.2970 -9.1641
1.9703 0.4184
-8.6052 4.4451
5.9667 8.1590
3.0516 1.0729
-0.2058 -8.9867
1.1299 3.0465
0.5821 4.0616
-9.6898 9.5422
5.4730 3.3037
0.4788 1.2908
0.6346 2.9038
7.5301 -9.1933
4.5798 -8.7502
-10.2068 -10.5547
-0.0268 3.1327
-10.0257 3.9987
-10.2438 -10.0950
-9.7551 6.1212
-10.4304 6.4888
-9.3211 3.1718
0.2130 2.9017
3.1339 -8.7023
-12.0373 4.9558
3.0763 5.9496
3.3195 -7.7815
-11.3483 -0.1059
2.9717 3.2117
5.2250 0.8481
10.8755 1.7893
7.5748 3.1454
1.2527 3.3325
8.9528 -0.2201
1.9619 -7.4884
0.4087 5.9035
3.8461 1.6468
-10.1463 -8.7106
3.1963 0.0407
7.1479 0.1389
-9.3885 8.8492
3.2280 1.0908
0.2533 -10.3065
-11.0342 3.1265
8.2158 1.6812
3.2855 -0.0509
9.6286 8.8844
3.0474 -9.3972
-8.8273 1.8052
3.2099 5.9797
0.7444 1.3582
2.9822 3.0065
3.1171 3.2685
3.1632 3.1837
11.2654 0.1519
-9.9636 0.8969
-9.6116 -0.2898
2.8822 5.3509
-7.2922 3.1346
3.2318 0.9226
3.0854 10.0774
-9.0369 -8.9378
3.1274 -10.3780
7.4500 4.6193
4.6283 6.7565
3.0971 -9.0328
0.6485 0.5832
-10.2059 6.4194
0.4042 0.2980
-10.6770 -11.0392
1.2719 5.7889
3.1614 -10.6866
1.5963 -8.7012
5.1600 1.6884
5.2912 -8.1940
1.1340 5.0240
0.7446 2.6766
-9.3876 3.2779
4.6880 3.1468
0.8100 1.1750
-10.2564 -7.9931
8.7501 3.1491
-0.7247 1.2589
-8.6947 0.4320
0.8654 1.1195
4.4558 6.2906
-8.0282 -9.5314
0.3180 1.0160
0.7334 0.1301
-9.4232 3.1094
0.0930 4.0196
-10.1732 1.3522
-9.3945 -9.2266
-10.7818 7.4032
2.8582 7.0611
3.1484 -8.6278
-9.0593 3.1345
0.2191 -10.6548
2.8826 1.7863
-9.1470 3.5002
3.2383 -8.8410
-0.2592 8.6342
3.0827 0.6236
8.3495 8.2942
3.0020 4.8467
0.5101 -9.6359
-10.8944 4.7491
6.0662 5.6588
4.9004 0.5525
-0.3273 6.0529
0.3249 -8.9465
-8.7334 7.8071
1.2226 -9.0750
0.8292 4.7541
3.3295 6.4606
3.0035 3.2037
1.0677 0.7356
3.0958 8.8111
3.1310 5.1572
4.8297 3.2178
1.4756 3.3994
10.9998 -8.6504
0.6012 -7.7592
7.6329 5.0337
3.2750 6.6148
4.7368 6.3304
0.5044 -9.2445
1.3440 -10.4781
3.2585 5.0028
-7.7393 1.5050
3.2484 0.9263
8.6925 -8.0610
5.1802 0.6247
-8.4356 3.0426
-9.6514 3.1015
1.0068 3.0673
3.0643 -0.2726
1.2735 3.0698
3.1437 3.2463
-10.2129 12.0021
0.7728 6.1130
9.5165 -9.5663
6.0461 0.1842
-10.8729 -0.3166
3.2121 5.9900
0.0946 6.3704
6.0125 3.0872
3.3045 4.3212
8.5584 1.1404
5.9913 -7.2387
3.3092 1.2272
3.1102 0.3291
0.9584 0.9252
0.0412 -9.0663
-0.1424 5.4887
3.3143 -9.6900
0.9875 -4.5469
-5.3503 -2.3965
8.2954 -1.9657
2.8845 -1.4813
-4.6189 -5.2658
-4.5185 -7.3476
-0.9944 -5.2091
-2.1156 1.6415
5.5620 -2.5766
8.1546 -1.5662
-6.0351 -5.9624
-3.3922 -3.3237
8.1636 -2.6325
-1.9773 3.7120
-0.4390 -1.6915
-2.3066 -2.3761
-2.1581 -2.3710
-2.0788 -3.1588
-5.9664 -6.9124
-3.0062 -7.9536
5.7264 -2.4560
-2.3535 -3.2272
-2.3769 -4.9867
-5.7856 0.3868
-5.1161 -5.9392
2.2111 -1.0703
-2.7785 -3.6848
-4.7752 -6.2343
6.5121 -3.7405
0.4779 9.5766
6.2443 -5.4718
-6.4719 -4.2723
0.4482 -1.3750
-4.4159 -8.4825
0.4198 -4.4294
-0.2435 -1.5804
-3.4750 -2.4047
-2.8384 -1.9621
-2.4539 -4.9822
-4.3364 -1.8075
4.3436 -3.5253
-5.4888 -1.5468
-4.8666 -2.6185
-2.8707 -1.8879
7.3364 -0.1726
1.3198 5.2531
-3.6821 -1.0141
-2.9944 -3.3659
-4.1413 -2.6834
-3.8329 -6.8958
-2.1857 0.6704
-5.8092 -2.0478
0.5729 -2.6564
-2.7003 -5.1097
6.2832 -3.5158
-2.5564 -3.0478
-1.6959 -4.8739
-2.2386 2.6355
-3.4307 -2.1952
-1.3636 5.1898
-3.5241 -0.0323
-3.1992 -2.3600
5.7703 -8.7200
-2.0158 -5.6871
0.1522 -2.9432
-5.4609 -2.4844
-2.7151 3.9079
-6.1222 -3.0020
0.4989 6.9116
-2.3204 -0.2207
-2.1523 5.5083
-6.1373 -2.2725
-0.4823 -2.3160
-6.5030 -3.5547
-6.6205 -2.9884
4.5623 -2.1023
-4.4346 3.2213
-0.3073 -3.1854
-10.0102 -5.6296
7.1846 -1.9413
-1.1916 -5.5472
-2.1483 -3.1744
-3.9430 -7.7059
-9.0812 2.5003
-2.2151 -1.4620
-5.6599 -4.7748
-4.6234 -4.2388
-3.3405 -2.0271
3.6406 -6.6961
-2.4812 -3.7913
3.3761 1.6788
-1.9269 -3.5030
-2.4440 -5.4877
6.1673 2.1140
4.8721 -2.3648
6.4402 -1.7629
7.9873 -4.1457
-3.3460 -7.4323
-1.9493 -4.2333
-5.6633 -1.9463
-2.6698 -5.7278
-2.2381 -3.1713
-2.0780 -6.3567
-3.7235 -5.3257
-2.7410 3.2278
5.7497 -1.9857
-6.4242 -6.3799
-3.3542 -2.6582
-3.0732 -3.7415
-1.7733 -4.2434
-3.2982 -0.5435
-2.9403 -1.9686
-4.3593 -4.8787
-2.6546 -3.0871
-2.1743 -2.5844
-3.4932 -2.1381
-6.0817 -2.5976
-7.6065 1.2379
-2.1295 1.9661
-2.0855 -7.1879
-7.5511 2.6845
-4.5225 -5.9603
-2.3887 -6.3880
6.7255 7.3768
-5.8111 -5.0751
-1.6503 5.3732
-4.5348 -2.8509
-4.0964 -1.9785
-2.6675 6.0846
-3.4623 -3.0892
-1.0102 -5.9301
5.7453 -6.8327
-2.0868 0.1507
-3.4548 -2.1953
-2.5024 -1.9803
-1.8607 -4.0108
-0.6143 7.3342
-3.6120 -6.0215
6.5376 -1.9027
-4.8807 -1.9333
2.5014 3.8966
-7.6313 -1.9213
-2.8143 -6.8980
-2.2893 3.8294
-2.5341 -5.5149
-5.7884 -6.5864
-2.6244 -4.3265
-3.1681 2.8947
-4.5667 -3.2081
-2.8348 -1.7090
6.6943 -1.2534
2.5871 -1.4112
-4.8881 -6.6101
-2.8894 -5.1158
6.1608 -2.7360
-2.0299 -2.1562
-2.0089 -5.8513
-0.1941 -3.4014
-4.9443 -3.9749
-4.9854 -2.5156
-3.1570 -5.8880
-2.3585 0.5489
-2.4067 -4.9625
-1.2663 -1.4504
-4.7558 -3.2965
-5.0785 -1.0055
7.2537 -3.5072
4.7753 -2.9438
-2.8716 -6.4251
-1.1260 -4.6050
-5.9952 7.3264
-5.2931 -0.5483
-3.5053 -1.7905
2.5904 -3.5926
-4.8292 -0.9160
-2.5832 -2.2348
-5.5809 -2.9626
-6.4437 -1.8680
-1.0948 -2.2771
-6.1590 -3.8381
-6.7073 -4.2144
-6.9015 -6.5599
-5.5997 2.3458
-2.8518 -6.0609
-1.1984 -2.1864
-2.9353 -2.9736
-5.3228 7.8616
-3.6819 -4.1068
-5.7596 -6.6473
-5.5909 -1.6501
-5.7999 -2.9586
-4.0434 -5.0121
5.3788 -5.7720
-8.7265 6.3326
-3.8925 -3.6328
-3.3485 -0.4004
-6.5220 -4.8036
5.7606 3.8557
-2.2600 -4.7106
-6.0952 -5.0163
-2.4063 -1.4841
-7.1152 3.5729
-8.0735 -2.4519
3.3993 -3.5579
3.9680 -3.4308
4.0576 -2.7852
3.9749 7.1846
-3.9562 -1.5655
4.9500 -5.0005
-2.1287 -4.4434
-5.0764 -3.2976
-1.2846 -4.6994
5.1536 -2.7746
-2.5530 -2.5204
-3.1290 -4.6680
0.2124 -5.1442
-2.1162 -2.8804
-1.6323 -4.8490
-6.5363 -3.6266
-1.8178 -6.2918
-4.2528 -2.5459
-6.0244 -4.7280
-9.1633 -1.6178
-1.5521 -3.7720
-3.1266 -6.3850
-5.2773 -3.4599
-1.5533 -2.7828
-8.0198 -6.9310
-3.4459 -6.1061
-4.9518 -5.0315
-4.7243 -4.1048
-3.0718 -2.4836
-6.1525 -3.3303
-5.8085 9.1465
-5.6216 -5.1143
-2.2316 -5.3924
-2.2820 -0.6348
-3.6701 -3.8655
-2.5495 -1.4663
-2.1628 -1.6536
-2.3417 -4.6605
-5.3293 1.9576
-4.3275 -1.7699
-1.4984 -1.6134
-1.9871 -7.2383
-5.3262 -4.6457
-11.6810 -6.2739
-2.8185 -5.1057
-1.4661 -1.1485
-3.4138 -2.2148
1.7301 -7.4712
-3.8762 -2.0402
6.0300 -6.0267
-7.0446 -2.9752
-4.5503 -1.9239
-3.0440 -2.4994
0.0734 -2.8331
4.3565 -4.9289
-2.3601 -5.5208
-0.8280 4.5439
0.0754 -4.1687
-3.0914 -7.2283
-3.0097 -0.3940
-2.5623 -7.2290
-2.2304 -5.2198
-4.2119 -3.8514
-2.3999 -0.5727
-1.1962 -2.4766
-3.1620 6.5635
2.6342 -1.5031
-6.3535 -2.3225
-2.1632 -5.4037
-1.4557 -4.7352
7.7755 2.6865
-1.6632 -1.9753
-4.4036 -1.9315
-2.4804 -5.5142
4.9483 7.8159
-3.7706 -7.2548
-1.0310 -0.8266
-2.2037 -0.8273
-4.9528 -1.3795
1.1802 -2.4555
-1.9262 -4.8723
-6.1753 -2.3793
-2.6682 -4.5451
-0.5370 -3.0423
-6.5367 -5.7114
-2.7251 -7.1170
-3.6889 -2.7234
-2.7817 -1.9607
-1.8550 -8.7698
-4.3849 -2.6846
-2.5554 6.6733
6.9750 -3.3978
-4.5452 -0.6639
-1.6460 -0.2241
6.5651 -2.0298
-6.8726 -2.1266
2.9389 -5.7693
-3.4509 -0.9426
-2.9320 5.1842
-9.4210 4.2854
-1.6109 -2.6882
-2.6924 -1.4563
-1.9918 -1.4021
7.0397 -3.7670
-4.2108 -2.2906
-2.7572 -1.4033
-0.8615 -3.0393
-0.6235 -5.5804
-6.1045 -4.3320
-1.6635 -6.3154
-6.8292 -2.1983
-4.8970 -2.1737
4.0005 -1.4007
-1.9660 -6.7130
-2.4804 -1.4273
4.1761 -3.0002
-4.1213 -2.6453
0.7732 3.2556
-5.9010 -1.0369
-5.2898 -2.5348
-7.2086 -6.7007
-5.3506 -1.0132
-0.8991 -5.4915
-3.5494 -4.5547
-0.6799 -2.9838
4.8520 -2.5300
5.0655 -1.6600
-6.3766 -1.8686
-2.2667 -1.7184
7.4487 -2.4710
-2.8712 2.5938
-6.3120 -5.8695
-2.4111 -3.7891
-4.4416 -3.2968
5.2354 5.9896
-4.5859 -3.7908
1.0839 3.4916
-7.4574 0.9011
-0.7739 -1.3742
-2.4389 4.8951
-6.0120 8.3720
2.8952 -5.6415
-2.3476 -2.2594
-3.1030 -3.2276
-2.0693 7.4705
-5.0096 -5.6963
4.5570 -2.1877
-3.9579 -1.1344
-5.7155 5.9611
-1.7421 -4.7220
-5.8338 -1.9737
-2.2407 -0.8117
-3.0118 -1.7008
-1.4952 -0.7833
-0.5152 -1.7979
-3.7402 -2.6364
5.0360 0.1483
4.6037 -4.1567
-4.2968 -4.7328
-5.4097 5.0140
-3.9167 4.7576
9.2837 -1.3726
-2.9208 -3.4406
-2.4130 -0.8793
4.5243 -0.6725
-2.8453 -5.9706
-3.9898 -4.2652
-2.2327 3.0696
4.4193 -3.4844
-0.4637 -6.0028
-2.7710 3.3983
-3.6259 -0.2158
-2.0856 -4.2229
-5.8348 -2.0206
-1.7186 -3.8132
-0.9525 -6.3730
-4.6353 -2.9798
-3.3130 -3.4455
-1.6711 8.2158
5.5736 -4.1852
-4.3065 -7.8170
-2.4670 4.6711
0.9967 3.6578
-4.7764 -5.9491
-4.0332 -4.1027
-2.5339 -2.9145
-6.4278 -4.7692
-5.4684 4.3321
-3.8474 0.1286
-2.4465 -3.7374
-8.1295 -1.5745
-2.2108 -4.4089
-1.8533 -5.2980
-2.9644 -1.9288
-7.2763 -2.8608
-7.6601 5.4460
-3.0473 -1.0303
-2.9792 -1.7383
-2.0698 -2.0931
-2.1739 -3.1166
-7.9450 -3.0793
-4.7621 -3.7719
-2.0774 8.7637
-1.9482 -6.4759
-5.7502 -2.7037
1.5313 -1.7491
-2.7633 -1.6811
-5.2870 -9.3586
2.8825 -4.9697
-5.3753 5.8317
-4.4053 5.2837
-5.5055 -2.7435
-1.8870 -2.0999
-0.3399 -3.6252
6.2898 -6.5614
-8.1610 -5.6277
-6.9025 -1.1422
-1.1976 -2.4820
-1.9508 -1.6448
-4.1497 -4.8258
-4.2524 -4.6662
-2.6272 -5.8472
7.3019 -6.4874
-2.3328 -2.1456
-2.3773 -2.3628
-5.2330 2.4201
-2.2659 -5.3950
-5.8703 0.5725
6.7184 -2.4353
-3.4206 -2.6141
-2.7101 -9.1123
-3.3153 -3.2419
-2.3584 -2.4995
-2.5792 -5.2560
-2.3429 -4.1223
-5.1305 -5.3374
1.4976 -4.2004
-6.6644 -2.4493
-1.4321 -2.0326
-4.0901 3.3285
-2.5713 -2.5880
-0.9523 -2.2739
7.0087 -3.3924
-5.9741 -2.1938
-6.5919 -2.1909
4.8604 3.4432
-5.5504 -1.9383
5.7515 -2.0141
4.0165 -2.9131
3.6387 -1.8134
-5.0233 3.0730
-1.4866 -6.3976
-5.0952 2.3858
-3.0831 -2.5089
-5.4393 4.8449
-2.1871 -1.8841
-2.2358 -1.1125
5.1353 -2.2821
6.7532 3.2950
-2.3830 -4.8562
-0.6332 -3.3773
-9.3070 -4.2666
-6.7735 7.4958
-4.2526 2.8466
-2.9048 -3.3477
-1.2440 -5.8628
-1.8879 -3.7578
2.2595 -5.9384
-3.9196 -5.3370
-1.6894 -1.5484
-6.4476 -8.1484
5.0191 -5.2580
-6.1934 -3.0550
-2.9093 -4.0544
-3.7515 8.4078
4.2331 -6.7952
3.6074 -3.4134
-5.3614 -2.8044
-2.6649 3.8228
-1.7837 -3.3305
-1.9841 -6.1282
-7.7863 6.2255
-6.2858 -4.8227
5.3469 -2.7330
-1.1059 -4.5580
3.3723 0.6176
-6.8373 -2.8706
-2.8913 -1.9977
-2.8894 -2.7049
-2.5534 -4.2221
7.1533 -6.9701
5.2044 -2.1786
-4.5435 -2.6223
-1.6593 3.9054
-2.1666 -5.4346
-3.2912 -1.9166
-1.7120 -3.8437
-2.9901 -4.4893
7.6590 -1.8018
-1.1317 -2.5691
-3.5603 -3.4713
-2.3904 3.5840
-2.2030 -2.6480
-2.4504 1.8192
-2.5038 -4.4482
-3.5844 -6.4477
-1.7376 4.0631
3.0046 -3.6845
-5.8907 -2.2028
2.8475 -0.9094
-5.4869 0.4777
-0.7715 -0.3330
-2.4840 -1.5686
4.7075 -4.4148
-3.5597 -6.2100
-1.9419 -6.9549
-4.3827 -1.5561
-5.4973 -3.4996
-1.7481 -2.5711
-2.2330 -2.8352
-2.3182 -5.4970
-0.5377 5.9806
-3.3369 -3.4044
5.1850 -4.8269
-6.4486 -4.1729
-0.8878 -1.7263
-4.9364 2.9083
-6.5569 -5.0815
-1.2531 -3.5801
-2.7997 -6.0575
-2.0665 -3.1050
-3.9132 4.9597
-1.5316 -3.3426
-4.9736 -2.0044
-3.2663 -4.8864
5.2654 -1.4197
-1.1566 4.8985
-2.6870 2.0007
-4.2692 3.8577
-1.9808 5.9981
-1.6693 -4.5207
-4.7592 -4.7196
-1.8649 -6.4912
-3.3134 -7.1602
-1.4110 -6.1197
-3.1872 -0.4660
-3.9595 -2.3728
-2.0381 0.5032
-2.3658 5.1373
-3.5129 -4.0213
-2.7036 -1.3397
1.0102 0.1008
-6.2604 -5.6039
6.3487 -3.9451
7.2265 -6.4570
-2.6480 -2.2756
-3.0687 -3.3617
-2.1768 -1.3981
3.5719 -4.8843
-1.1381 -1.1033
-5.1325 -0.4257
-4.6373 -2.0486
-1.7593 -2.7994
-3.9230 -2.8503
-3.0308 -2.2955
7.8657 3.9665
-0.6703 3.5544
-3.8188 -5.7623
-1.2544 -9.9378
-2.7283 -2.7454
-2.9588 -5.7323
-5.9988 -1.9302
-2.5166 -1.8689
-0.0704 -2.2549
-0.5787 -2.5414
-3.2423 -5.0188
-1.4770 -4.1687
-3.4432 4.9879
-4.1195 -3.5882
-1.6549 -0.5440
-4.2635 -2.2149
5.6301 -0.3322
-1.9169 -4.1556
3.0484 -3.9265
-4.2529 -2.8132
-1.6498 -2.5876
-3.4724 -1.7552
-1.9044 -5.0839
4.0097 -1.3549
6.0065 -2.8107
-0.9863 -7.4413
-1.9678 -2.1560
-2.1580 -3.7575
-0.9452 0.9358
-5.1030 -1.0354
-2.7861 -5.5513
-2.1254 -5.5408
-3.5501 -4.6929
7.3725 -5.6714
-2.7791 -1.8579
-2.3819 -1.2686
-4.5662 -0.9589
-5.9183 -6.3521
-5.2827 -2.5633
-4.5858 6.0283
-2.6243 -2.9129
-0.4998 -2.1511
-2.2197 -2.3513
-5.4691 -6.2111
5.4631 -3.4730
-5.7844 -3.8962
6.3549 -1.4941
-1.3027 -1.6232
-4.5312 -0.8811
3.0133 -4.1468
-5.2544 2.9307
-2.2287 -2.2637
-3.6643 -1.5180
-6.5495 -3.4766
-5.4041 -5.9886
-3.7041 -3.0514
-1.7386 -4.6331
-7.4374 -3.2725
4.0961 -3.2645
-1.8923 -4.0245
-6.4420 -3.4231
-2.6473 -2.3281
-2.0563 -3.1624
-3.6568 -2.8729
-1.0236 3.5460
-2.0354 -2.0089
-2.2909 -1.4324
-6.9416 -4.3561
-4.9001 -3.4826
-0.7422 -7.2030
-2.7854 -2.9574
-2.7275 -2.5213
-6.3877 -6.3061
-3.2458 -1.8542
-2.4732 -0.0897
-2.9680 5.9823
-2.6876 -4.7887
-2.8964 -5.2265
-5.1412 -3.4611
1.6110 -2.5399
-1.7815 0.6705
-3.0710 -1.1448
-2.2217 -5.0903
-3.7370 -2.7568
-6.1998 -2.1086
-4.8379 -1.4804
-2.4226 -7.4535
-6.2121 -1.9821
-3.3125 1.2574
-4.1310 -5.3992
-2.9362 2.6387
-1.5326 -3.9832
-2.2466 3.5327
-4.2458 -0.2916
-1.7865 -2.4590
-6.4917 -2.7799
-4.8664 -1.3202
-6.5920 -3.1022
-2.1646 -3.4573
-3.3256 -6.4468
-5.7532 -5.6877
-1.7414 -3.3694
-6.2741 -6.3556
-2.8539 3.2050
-2.0677 -3.2118
3.3829 -2.2132
-3.6974 -3.8596
-7.6780 -2.9952
-7.0679 -1.7169
-0.0669 -3.8877
-2.3664 0.4971
-2.5891 -4.1592
-5.0022 -2.6832
-4.4935 -6.3203
-3.2666 -2.9329
-1.5028 3.8506
-1.2521 -0.5585
-1.1846 -3.9509
-0.3925 3.9833
-6.2077 -2.7452
-6.4671 5.0124
-2.4837 -4.3689
-6.3576 -2.4635
-5.3822 -5.2822
-3.6084 -2.9567
-5.9032 -6.5437
-3.7639 -6.6701
-4.4413 -1.6075
-2.0756 -3.5740
5.8954 -2.2052
-6.9226 -2.6462
-6.0100 6.9692
-7.6434 -2.1375
4.2187 -7.7750
3.5025 -3.0191
-2.4637 -5.3332
-1.4151 -2.6564
-0.8675 4.6559
2.9665 -5.1214
2.5839 2.9980
-0.7764 5.8490
-1.6993 -1.6362
-5.9889 -3.0198
-1.9751 -5.5821
-2.0164 -1.9210
2.6747 -2.1867
-6.8420 -5.3704
-5.0421 -5.9114
0.2711 -2.7058
5.6728 -1.9550
-2.5468 -1.7383
-5.6064 -4.6763
-6.4316 -6.0096
-5.7344 -4.1334
-8.2818 -4.4652
3.2899 -5.8559
-1.2815 -5.9444
-2.6019 -3.3564
-2.9118 -2.3779
0.5045 -3.0193
-2.2651 -2.4079
-1.1289 -5.2772
-1.2866 -1.0790
-2.9327 -2.7501
-4.1603 -2.1514
3.6667 -2.0239
-2.5403 -5.8939
-5.5040 -2.4373
-4.8016 5.9393
-7.8952 7.5026
-2.0103 -3.7324
-2.3264 -0.2648
-7.1718 -5.9961
-3.6900 -2.0604
-4.0782 -4.5911
-2.4877 -2.1196
-0.2899 -1.9453
-5.6662 -1.7886
-0.4802 -1.5704
-2.2925 -2.6397
-0.4863 -3.9911
3.3395 -3.7077
-7.0755 -2.6778
-6.2830 -3.3876
-5.3020 -3.4745
-3.9541 -6.2641
-3.1065 6.2764
-5.5656 -1.7094
7.9079 -2.9912
-1.5388 -2.0615
-3.1725 -0.3653
-1.8975 -5.2838
-6.1165 -8.4380
-3.3169 -6.3582
-5.3113 -3.5192
-5.0829 -4.4623
-0.6933 -2.3916
-3.4634 -4.7067
-4.8544 -5.3987
-4.6499 -2.3176
-5.7152 7.4998
-5.5334 -5.8016
-0.8468 5.1265
-3.6873 -3.8233
-4.4162 -2.0791
-5.7644 -1.5801
-3.9232 -6.9304
-2.1840 -7.4128
-2.2617 -5.9831
4.2213 -2.4765
-6.4945 4.0348
3.0282 -2.2298
-1.3320 -1.5611
-2.0965 -2.2451
-7.4558 -2.0278
-1.7462 0.7514
-2.2775 -1.5018
-1.4874 -2.5281
-2.0360 -6.1870
-1.4395 -5.7139
-3.0863 -2.0540
4.4127 -2.0804
-2.5819 -5.2686
-4.4939 -3.5032
-7.0303 -3.2374
2.7943 6.8896
-1.7986 0.2940
6.1031 -1.6014
-4.9767 -3.3259
-6.6166 -3.5383
-1.5471 -0.9232
-1.2870 6.9028
-0.4859 6.5724
4.6224 -5.8223
-2.7568 -7.5976
-5.0561 -6.2749
-1.6154 -2.2770
-2.1160 -0.9286
-5.3741 2.2295
-3.0207 -1.8312
-2.1403 -1.8865
-2.7589 -2.7936
-6.7864 -3.0072
-2.6010 3.9798
-1.9980 -3.0855
-3.9807 -0.0783
-3.3513 -3.0936
-4.9723 -4.2410
2.0296 -2.6361
-0.9659 -4.0434
-2.2960 -2.6557
-1.2039 -1.4969
-4.0790 -0.6485
-4.9589 -6.3889
-0.8844 -2.0618
-2.2608 -3.7639
-2.3980 -2.2736
-3.9853 -1.9667
2.1642 -1.7670
8.9009 7.0604
-2.8634 -1.2004
-4.1492 5.6196
-5.6564 -3.8036
-3.6595 6.7392
-9.4057 -3.4276
4.4980 8.7884
-2.0482 -1.8840
7.2715 -3.8339
-6.5256 -6.6720
-2.6474 3.8935
9.1326 -3.0345
-7.6085 -2.9327
-2.2483 -2.9029
-5.9867 -2.1776
-1.8149 -2.4092
-8.6730 -2.6759
-2.6202 -4.1681
1.3500 -1.5603
-5.9375 6.4080
-1.9137 -3.2163
3.5216 -5.4885
-1.7847 -3.7106
-1.2668 -3.5050
5.1690 -2.7152
-2.3336 -3.2278
-4.8177 -3.1976
-7.0297 -0.6945
7.6256 -6.6046
-1.5311 -2.5281
3.1991 -5.4126
-0.9668 6.7244
-2.7536 -2.2003
3.1611 -2.3378
-4.2849 -2.9277
-3.3861 -1.5695
-1.4213 -3.8302
-6.1538 -4.6332
-2.0785 -0.4246
-2.3078 -4.5100
-1.9451 -3.1872
-8.1624 -7.6900
-4.3160 -4.4124
-2.0073 -3.6509
3.8743 -1.3558
-6.6827 -1.9419
-1.5704 -2.1158
-1.9933 0.8471
1.7437 -2.4360
-3.9207 5.7463
-3.0133 2.9958
7.1662 -2.4383
4.1189 -5.1136
-4.8576 -1.4368
-1.6786 -5.4823
-2.2583 -2.4104
-5.3292 -2.8024
-3.5279 3.6859
-2.5850 -3.8887
-7.6690 -2.4511
-8.2305 -1.3584
-3.8264 -0.7409
-5.8899 -7.0235
-4.9899 -3.6365
-2.4894 -1.0977
-0.5480 0.3039
-3.6672 -7.1748
1.1450 -7.3461
-1.8805 -8.6559
-4.7844 6.3919
-5.8050 -4.6713
-6.6640 -1.9484
-3.7177 -1.6747
-4.2686 -6.4049
-2.9430 -6.3447
-3.7657 -1.8107
-3.4612 -2.2410
-5.7240 -4.2611
5.0282 0.6967
-4.7477 -2.5484
1.1988 -0.9743
-3.5638 -3.9013
-2.3519 -9.0100
-5.6058 -4.4049
-1.8661 -6.0761
-2.6520 -3.3237
-3.3442 5.6233
-1.3962 -2.9791
7.0568 -2.6169
-7.3858 -2.5840
-4.9883 -2.4483
-5.6862 3.0819
-1.9045 -8.6340
-3.4773 6.7203
-2.0890 -4.5959
-5.5572 -0.9821
-6.0316 -1.5941
-0.3050 -2.4053
-2.9417 -7.8957
-1.0307 4.3141
2.8187 -3.1004
-4.1297 -2.8732
-6.5194 -3.9924
-5.3545 -3.8319
-1.3877 10.8454
-2.6785 -2.7994
-9.0087 -0.2242
6.4235 -2.8721
-6.5326 -1.3048
-0.5417 -5.3060
-2.3969 -5.7728
2.3892 -3.8401
2.2444 -3.1348
-4.7462 -5.2835
-1.9382 -4.4265
-4.6047 2.4871
-6.2278 2.6562
-1.0473 -1.2112
-0.7489 -6.5855
3.2973 2.7748
5.2521 2.4925
-2.4998 -3.3896
-1.8175 -2.4269
-2.7006 -1.4179
5.7976 5.0480
-2.1229 -2.5494
-3.5671 -5.7614
-3.8682 -2.1495
-2.7208 -5.6786
-6.7756 0.3926
-1.6300 -0.9031
0.6219 -1.2693
-2.6580 -1.1195
-2.7418 -1.9757
-6.1212 -4.2211
-2.3564 -6.7994
-1.4025 -1.8783
-2.3488 -2.5059
-3.9832 -2.5784
6.4962 -4.0321
-2.1615 -2.0938
3.0843 -1.6482
1.0984 -3.9770
-2.5304 -4.4337
-0.0214 -4.4348
-1.7677 -2.6235
-2.1950 -3.2189
-1.6663 -6.8040
-2.1530 -1.9693
-2.2648 -1.0065
5.9994 -4.7766
-2.2585 -4.4654
-2.6203 -3.6406
-1.8706 -6.8490
-1.8548 -2.8032
-7.4204 -5.8156
5.2619 -2.2572
-2.4987 -6.1893
-3.1433 -4.5271
-2.9711 -4.9689
7.0110 -4.7723
-2.9765 -3.7979
6.6998 -3.4958
5.3145 -2.2356
-2.4442 -2.3472
4.8019 -2.3754
-1.4886 -2.6947
-7.9472 6.5153
5.1973 -3.6840
-6.9812 -3.0959
-5.2299 -0.2073
-3.9630 -2.8939
0.1159 -2.7166
-3.1939 -5.6573
-2.9867 -0.9785
0.6168 -2.3758
-2.8437 -2.7434
-5.9351 -2.6584
-2.0901 -2.8440
-2.7341 -3.4893
6.0555 -2.5566
3.1984 7.9550
4.3891 -2.4928
-2.1671 -3.2538
-2.4883 -7.2125
-5.5718 -4.7096
5.8735 3.2033
-6.2695 3.7367
5.9564 7.1906
-1.3005 -6.4971
-1.6229 -6.4593
-1.6113 -3.4368
-1.2133 -1.7005
-6.2025 -6.2745
-3.2414 4.7752
-5.5955 -3.0451
-1.9394 -3.4997
-3.6304 -8.1019
-5.7451 -4.9869
-1.7650 -4.3731
-4.0783 -1.2964
-2.1496 -1.2584
-6.1299 -2.0869
-2.0471 -1.9841
2.5725 -3.4493
-3.3083 -7.1540
1.7413 -7.1111
8.4275 -2.9107
-0.6399 7.8529
-1.8820 -5.8612
-3.1882 -5.3633
-7.1107 -1.6969
-0.9810 0.3682
-1.4277 -7.7065
-3.1195 -1.6694
-2.3249 -1.3837
-2.1503 -1.0964
-5.0096 -2.9707
-4.7772 -0.2672
8.4004 -3.5125
-3.6298 -5.4415
-8.0326 -1.7422
-5.1832 -3.6570
-2.9997 -1.7100
-1.1959 -3.9299
-3.1855 5.0837
-5.6137 -3.7309
-2.1103 -2.9523
-3.0443 -5.0004
-3.2098 -1.9866
5.9223 -4.5366
-5.1851 -2.7025
-5.5801 1.3909
-7.9737 -2.7755
5.0821 -2.9945
-5.8410 -5.8735
0.0840 9.1351
-6.4527 -5.0570
-4.4509 -4.8480
2.2710 -4.3842
5.3386 -5.8642
-1.0047 -1.8691
-1.6110 -3.3316
-1.9845 -5.0139
-2.1364 -0.7051
-2.5242 -0.8614
5.0405 -4.3790
-5.9366 -6.5006
-3.0113 6.1718
6.9599 -1.9560
-2.0178 -7.1844
7.2535 -4.1249
-1.5947 -2.0921
-2.0887 -6.8305
-8.1306 -2.9823
-4.5179 -2.4741
-6.9774 -4.8306
-4.4872 -3.8459
-2.6472 -4.0601
-8.1140 -6.0231
-4.6623 -5.9460
-5.0375 -5.6905
6.7622 -1.3402
4.3028 -6.2351
-2.2153 -1.8429
-2.8977 -2.7283
-5.2291 0.5141
-1.9721 -3.6765
-1.3792 -5.7661
7.8593 -0.9267
-2.7637 -5.8811
-3.8995 -3.7355
-1.5269 -3.7651
-2.9926 -2.0587
-1.5602 -3.7937
-2.2052 -1.3076
-5.9414 -1.8351
-3.1770 -1.4763
-3.7441 -4.4341
-5.1488 -2.6310
-6.1493 -2.9584
-2.0809 -1.1759
-7.4334 -1.2801
-0.4093 -3.4208
0.5072 -1.4244
-6.4350 -5.6556
-1.2428 -5.8001
-6.4285 -3.2165
-1.5373 -6.3112
-3.0388 -2.6909
-2.9356 -2.9515
-0.5609 -3.8751
3.7432 -4.7168
8.5718 -5.4535
-1.7589 -7.4965
-2.6341 10.5237
-0.8635 -1.0967
2.2823 -4.9112
-5.3461 6.6740
-4.5782 -4.3302
-1.9431 -3.1429
-5.9011 4.1356
-1.8681 -2.0926
-4.5217 -2.6667
-5.7126 -1.1977
0.6458 -2.9010
-2.8021 -0.7255
-3.3065 8.1877
-2.7512 -1.7156
-6.1542 -0.0853
-3.4752 -6.7541
-5.8498 -2.8095
-3.2839 -2.7378
-2.4013 6.0353
-1.2043 -4.9715
-6.2143 -4.9473
-3.2420 -2.4455
-2.1747 -0.6458
-2.7054 -3.8978
-1.8218 -3.4150
-8.0606 -5.7699
-2.1481 -3.2392
-6.0652 -6.4821
-1.9695 8.3065
-3.4457 -0.5961
-4.9663 -0.7194
-3.8219 -5.0454
-5.0149 -1.1121
-0.9618 -2.9294
-5.4411 -0.8284
-3.0877 -9.1038
-1.8230 -1.8209
-4.3392 7.8051
-3.7261 -4.8128
-6.1339 2.7897
6.6661 -4.4319
-4.7688 -1.1630
-2.4439 -2.0897
-6.1338 -6.6188
-2.9871 -0.5789
-2.3153 -4.8222
-5.8479 -3.5045
-4.0619 -1.2426
-1.7420 -2.4678
3.4512 -6.3348
-3.0585 -2.4388
-2.3142 -2.8084
1.5139 -3.6751
-3.1330 -7.6178
-3.8384 -1.6218
-4.1500 -2.5699
-7.3328 -1.5106
-2.4615 -5.6837
0.2363 -5.8357
2.8322 3.5122
-4.7810 -3.1778
-3.5328 -1.9682
-6.9044 -4.7650
-0.3598 -2.4040
-7.4630 -1.1208
0.6327 5.2163
-6.5122 -2.3811
-4.2584 -2.6319
-4.9825 -4.3272
-1.8699 -4.9114
-0.8449 2.8013
-1.6809 3.9781
1.2143 6.7554
-3.5006 -5.1349
-7.6223 -0.0710
-2.8199 -5.0205
-2.6278 0.0803
-2.8826 -1.9054
-0.5328 3.7992
-2.2120 -5.2898
-2.1018 3.4051
7.1634 2.3958
-2.9128 -3.7597
4.0247 -6.1290
-2.3796 -3.5836
-0.5107 -5.8874
3.4226 -6.1103
-3.0446 -2.5348
-2.7215 -7.5087
3.9180 -4.3041
-4.9500 -3.1980
3.8058 -4.7893
-3.7855 3.7583
-0.6486 -3.1854
-2.9005 -1.7822
-1.4816 -0.6324
-3.7696 -1.9708
-3.3651 -3.4525
1.0287 -2.7405
-2.8481 -3.1965
-2.0784 -2.5504
-2.3261 -2.6790
3.2903 -1.4208
-5.3234 -1.8012
-1.0057 -1.7139
-2.4995 -6.0877
-1.9302 -0.8295
1.0840 -1.1551
-7.9862 -7.7160
-4.0568 -3.4669
-4.5102 10.7338
9.1020 -1.8707
-7.3876 -0.9768
-1.1998 -5.4762
-3.1487 1.2639
-2.5801 -4.5626
-4.6876 -2.8678
-5.6502 -0.8186
-4.3251 0.1001
-4.4319 0.4059
-2.4796 -5.7704
-1.6883 6.5610
-3.2408 -2.0650
3.5944 -3.8165
-3.7945 1.3693
-3.2438 -2.8699
1.7946 -2.6565
-2.9831 4.0180
-2.8999 -5.3535
-1.5768 -6.7581
8.1872 -2.9113
-2.2913 -5.4033
6.9714 -3.6427
-8.3579 -1.5095
2.3196 -1.7776
-2.6019 -6.4546
9.2826 -2.9220
-3.1018 -5.5907
-2.6003 -2.9666
-5.3576 5.7247
2.6456 -2.8371
1.2587 -5.2092
-3.4132 -4.2209
-3.7062 -6.9588
-1.1463 -0.0799
4.0120 -2.4123
-5.1954 8.9051
5.4070 -3.1530
0.0917 2.3879
-3.7054 -5.1655
-3.9487 0.1335
3.3570 -3.7653
-1.4392 3.7717
-8.2760 -3.2769
-2.5632 -6.7428
-1.9246 -2.1905
-2.7942 -2.2653
-4.0536 -3.0894
3.2572 -5.1417
-5.7962 -3.2627
-4.5882 -3.3172
-3.3371 -3.7810
-2.8648 -3.2984
-3.3126 -1.9139
-5.4821 -3.7210
-2.6706 -3.4480
-4.6480 -2.3529
5.5815 -4.1586
-1.9674 -3.1903
-2.4617 -2.4415
-1.5839 -3.2160
-1.7206 -1.0516
-1.9193 -3.0152
-5.7386 -3.8713
-2.5744 -3.5764
4.6932 -1.1360
-2.1652 -2.7105
1.4254 -4.1253
-0.5864 -2.1306
7.2904 -5.1032
-2.1143 -4.9842
-7.5262 -4.1592
-5.4272 -4.4399
10.0336 -4.9267
-5.0583 -1.5600
-6.5954 -4.9247
-1.0932 -5.3175
-1.9510 -5.4407
-6.5548 -1.9212
-1.4526 -7.2480
-2.3484 -6.0619
-3.2250 -1.7631
-1.8065 -3.1063
3.3442 -1.8989
-2.2869 -3.0785
-0.3565 -6.1221
6.1487 -3.4970
-3.6939 -3.3136
-1.8063 3.7209
3.8917 -3.1429
-3.7315 -4.9232
-4.6570 -3.1322
-1.5279 -2.1734
0.6588 -4.9138
-4.4481 -6.2231
-1.5986 3.0321
-5.3406 -0.4282
-1.7338 -3.5274
-2.4983 -5.0125
-5.0331 -6.1779
-5.7666 -3.2070
-4.4289 -3.7464
-3.0652 -11.1742
-2.5233 -1.4293
-2.2551 6.6464
-2.4124 -0.7300
-2.9362 -2.8427
-5.4537 5.2227
-2.2479 -4.2848
5.8653 -1.8563
-5.1162 -2.2959
-6.6967 -1.0371
-3.0463 5.2271
-2.0372 3.7011
-0.1521 3.1047
6.1481 -2.0965
-2.3182 -5.2616
-2.0912 -3.2329
-0.2062 4.4786
-4.0831 -5.5039
-1.5150 -2.8208
-3.7752 0.6253
-2.4157 3.5933
3.3698 -1.8555
-3.5097 -3.7249
-1.6575 -4.3852
-5.2445 -0.0748
-6.4861 -2.6195
-6.8312 -1.6652
-2.6596 -3.6533
-4.7949 -2.1660
4.9878 2.4962
2.0214 -5.7055
1.8162 -3.2876
-1.7118 -1.7202
-2.2311 -1.2577
-2.7753 -2.1356
-2.6065 -6.7920
-6.1943 -1.8603
-4.2324 8.5483
-2.6628 -2.2234
-3.3695 -3.4049
-1.6995 -1.6591
-2.2670 -3.0882
-3.2708 -2.3770
5.4176 -1.6332
8.6449 -3.3298
-5.5270 -7.2197
3.6998 2.8640
-2.1449 -6.2116
-5.1276 -2.8456
-3.3919 3.0263
-3.5401 2.7760
-5.3762 -3.1128
-0.5605 -2.9288
-4.9041 -3.5480
-1.6049 2.9981
4.6290 -3.0333
-1.5588 -5.5481
-2.9587 -1.0775
-6.2435 -2.9655
5.3087 -1.3397
2.4943 -5.1851
5.2680 -5.6096
-4.2371 -6.4019
-3.0618 -2.3454
-1.4023 -1.1623
-2.8205 -0.1626
-4.5618 4.1420
-1.5205 0.4143
-1.1650 -3.2562
-2.8518 -3.3350
-7.2818 -4.3679
-3.1187 -2.1400
-2.0414 -1.8636
-1.1081 3.9333
-8.0069 -5.3100
-2.9982 -1.9606
-4.9234 -1.6629
1.4930 -2.1012
-3.1557 -2.1889
-3.5652 -4.1395
5.2194 4.6089
9.8823 -7.8777
-1.4015 -6.1964
-3.6019 -2.3391
-1.4499 -3.8858
-3.0284 8.3025
-3.8613 -2.5059
6.0032 -4.8441
-2.5677 -6.2654
-3.1597 -2.1936
-3.1607 -0.7655
-1.9854 -2.1135
-0.8387 -4.2992
-2.5968 -2.7785
-6.8672 -7.4793
-3.5811 2.3865
-5.5927 4.4441
5.6125 4.9774
-4.5059 -3.2686
7.3055 -4.0494
-2.4111 -2.8986
-2.0686 -0.7983
-7.0164 -4.7780
-1.8233 -1.4582
-3.1963 -3.3287
-0.1915 -1.7661
-7.2545 -5.2261
1.7615 -7.8536
-1.7152 2.8669
-3.3559 1.1858
-1.4251 -5.9988
-2.2124 -2.5721
3.7718 5.4551
-6.2352 3.6627
-5.4798 -4.5369
-2.0617 -2.3935
2.4482 -1.8942
4.9905 -3.6372
-2.5880 -3.7803
-5.1783 -1.6199
-2.5708 -7.5942
-2.1361 -5.0178
-6.7615 3.4594
-5.6211 8.5701
-3.8209 -1.3021
9.0188 -7.6360
-2.2065 -0.2433
-1.5881 6.1906
-3.8477 -2.7132
-2.2626 -0.5324
5.3570 -3.0945
-7.7477 -3.4770
-1.9384 0.7834
-3.8404 -0.3215
-5.0408 -4.0199
-3.2695 0.4577
-3.4048 -3.2787
-4.7750 -5.8035
-4.3055 -2.2818
2.5105 -4.2397
-1.8027 -5.1964
5.7004 6.9388
-2.4734 -2.9555
-2.6657 -3.6140
7.1776 -6.8506
-1.9425 -7.0952
-5.7311 -6.0627
-3.2552 -7.3340
-5.6032 -2.7692
-5.9471 -0.7392
-3.2365 -4.4408
-2.4241 -1.8255
-3.8302 -3.3636
-2.9525 4.0971
-3.5736 -4.7932
-1.8405 -2.0258
-3.9273 -3.8469
-3.1353 -0.1760
-5.2322 -10.3122
-3.9924 -4.7608
-2.3196 -2.7651
1.5712 6.4031
-5.1145 3.5670
-1.4372 -2.3913
-0.8219 -3.3758
-5.6082 -3.4381
-6.4131 -3.2762
-5.6992 -1.8684
-7.7183 -3.9358
-4.1923 -2.7026
-3.6632 -2.9740
-2.3121 -1.8516
-3.4229 7.7350
-5.6244 2.4071
-3.2693 -2.3374
-1.6419 -3.1833
2.8235 0.0375
-5.3083 6.4465
-5.6106 -1.7004
-2.1445 -4.6462
-4.7349 -6.2163
-5.3661 -1.9024
-2.1542 -1.6891
-1.5526 -4.7516
-4.3187 -3.4077
-4.1708 4.5351
-6.5903 -3.3603
-2.5214 -2.3627
-3.0067 6.3269
-6.2031 -1.6542
-1.5288 -3.8262
6.7183 -3.0675
-2.5685 -2.7429
-1.0481 2.8423
-4.9637 -3.8556
0.4689 -3.0920
5.8634 -2.0589
-2.4157 -3.0899
-3.6848 -4.1329
-4.4010 -3.1711
-1.6007 -3.6573
-6.7645 -5.2430
4.5626 -2.3598
-6.0719 -3.1577
-3.1157 2.1721
-8.7557 0.1067
-1.6981 -2.9871
-3.0977 -1.1593
5.0440 -3.8197
8.2773 -3.7914
-1.8437 -2.4209
-5.6855 -7.1866
6.8318 5.1475
-1.0372 -2.3086
-1.0445 2.4202
-2.0855 -6.7857
-2.7325 -2.8347
4.3951 -1.5013
-5.8138 -0.1295
-4.2462 5.4989
-2.4836 3.0604
-3.2911 -2.5680
-4.5429 -4.0765
-2.4372 2.8697
-1.2076 -2.4064
5.6408 -1.8507
-3.0390 -3.1911
-1.8913 -2.1108
-1.4297 -7.8651
-4.4157 -5.1863
-2.1876 -2.5713
3.6117 -5.8677
-5.8152 -5.5983
-5.7344 -2.4847
3.0534 -2.3062
-5.4822 -3.4544
-2.4763 2.1086
-5.3968 -5.4833
-2.3133 4.8074
-2.1600 -2.4343
-5.7013 -2.4243
-7.9111 -2.3981
-1.6538 -4.8518
-5.4736 -2.0012
-5.9493 -2.9900
-5.3089 5.7524
-5.9277 -3.4632
4.1203 1.3669
-1.6918 5.2391
-2.2297 -2.5870
-2.2339 -2.2945
-3.5187 6.2700
-3.7504 -2.3099
-5.2651 -5.0852
-2.8689 -5.2437
-5.8112 -1.4395
-4.5845 -1.9429
0.2630 -2.2984
-1.5191 -1.3988
-1.7371 -2.0075
-1.1298 6.9289
-2.7089 1.9396
-4.5048 -1.7684
10.0143 -2.7054
0.3048 -4.7313
0.3942 -1.9445
-2.4261 -4.7492
3.9220 -1.5899
6.7196 0.6582
6.4092 -2.1042
-4.1487 -5.0413
3.9593 -4.0530
-2.6141 0.3500
7.1114 -2.6885
-4.2236 -2.2591
-4.5255 2.0164
-2.7753 -6.1073
-1.9436 -1.9459
-3.7113 9.2556
-2.5637 -4.0217
-3.6125 -5.9197
-2.1808 -5.7027
-1.3796 0.3116
5.4830 -5.5500
0.6150 -3.2644
-5.6384 -1.6727
-4.4463 0.3361
2.4864 -2.2155
-2.1747 -6.2220
2.1081 9.8799
-5.2288 -7.5204
2.2671 -4.7265
-7.1120 4.5601
-1.5114 -1.0148
5.6042 -3.7726
-4.8972 -1.6448
4.0573 -1.8883
6.3920 6.3430
-1.6141 -1.7872
-1.5227 2.9290
5.3744 -5.2501
1.7339 -2.7927
-3.7878 -2.1546
-6.9778 -2.9031
-5.6037 -1.7115
-2.7466 -2.5746
-2.9939 -2.5584
-2.8129 -4.2654
-4.3971 -4.6763
-1.9527 -2.5087
1.4996 -5.9898
-5.6682 -1.8842
-7.0147 1.3252
3.7252 0.7945
3.4156 -1.2392
-6.1770 0.3632
-2.4184 -3.6074
-6.7855 -3.5078
-6.4599 -1.4695
-6.3144 -6.0176
-1.9069 -2.5170
-2.8290 -5.4906
-6.1080 -2.3591
-2.4015 -5.4631
-4.5734 3.8738
-4.4656 -5.0203
5.5468 -2.6572
2.6009 -5.2988
-0.1279 -0.6066
-3.2178 -0.9801
-2.7816 -1.3241
-5.8764 -3.5818
-1.7938 -5.3490
-2.2144 0.2672
-5.9060 -1.4708
-4.5981 -2.3299
-1.9902 -3.8083
9.1585 -2.0387
-5.0377 -0.4299
-5.8168 -2.4004
-0.3129 -3.1623
-1.7583 -5.3278
-3.2942 -3.7643
-2.3215 2.9879
-6.8847 4.8160
3.5411 -1.8588
-3.3557 -1.8993
5.5883 -2.3978
-4.3872 -6.7404
-2.7363 -3.9817
-2.5527 -2.9553
-2.2619 -4.2377
-2.5981 -1.5100
-5.7859 -4.4773
-2.7130 -3.5844
-1.0316 -2.8495
0.5811 -2.0889
-1.6403 -2.9468
-1.6804 -3.4950
-6.3928 6.9728
-3.9799 -6.1877
-2.6277 -2.3304
0.5329 -1.4391
-1.8760 -1.2493
-5.7066 -5.2230
-2.6257 -1.2712
-2.7679 -2.6161
-2.4724 -2.1600
-1.7376 -5.9472
-7.9184 -3.0478
-1.1757 -3.3878
-0.9445 -3.7110
-2.2677 -5.0633
4.9055 -0.7221
-3.7025 4.3446
-1.0751 -5.9862
-2.6221 -5.7579
-1.3344 -2.0377
-2.0911 -3.7625
-1.1486 1.4709
-1.0604 -6.7424
-4.3999 -4.1546
-1.2042 -2.8930
-5.4962 -7.1907
-3.6567 3.6790
-1.5151 -1.1793
-5.8148 -2.4284
-4.0132 -0.2344
-2.9621 -3.4905
7.4876 -2.7832
-4.5097 -1.5652
-2.9064 -8.2296
-6.2758 -2.2102
-5.8150 4.0295
-2.1681 -2.0002
4.7572 -6.6037
2.5228 -2.8171
-4.8902 -4.5683
-2.0112 4.4368
-0.6264 -2.3977
-6.4989 5.4969
-1.7612 -3.4520
1.4053 -5.9498
-4.8617 -7.0248
-4.7057 1.3032
-3.8716 -2.4529
-0.5683 -5.1151
-3.2520 7.6037
-4.5497 -1.7927
-4.5887 0.0243
-0.5331 -1.5424
4.6723 -5.8381
-4.5569 -2.1566
-4.1027 -4.7883
-2.7453 -7.7889
-7.6792 -2.7210
8.6392 -5.8863
-0.8369 -1.9469
-3.4649 -1.5345
-5.5912 -2.8211
-5.5997 -6.9211
2.4770 -6.4034
-2.1492 -2.6460
-3.9553 -4.4159
-6.6537 4.6013
-3.1111 -5.9793
5.3166 -7.9719
-3.9544 -5.8555
-2.5826 -1.5328
6.6152 4.9401
5.3220 -4.1954
-2.8641 -2.8781
-0.7526 0.4800
-1.1210 -5.5902
-4.1098 8.7980
-2.5736 -3.8238
1.4994 0.3683
-2.9804 -2.6971
9.5406 -3.2462
-6.3044 -2.2483
4.7825 -7.7319
-8.2351 -3.0136
-4.1604 -4.4682
-9.0307 -3.3042
-2.0374 5.5426
-2.9802 -2.5273
-2.0547 -5.1580
-1.0420 -5.8886
-4.6410 -2.6009
3.3569 -4.2603
-1.7251 -2.6287
-6.7893 -0.3382
-4.9405 -1.4986
-5.1076 0.0007
-2.2564 -4.4643
-1.2360 2.4798
-2.4633 -3.0228
-2.8005 -5.6422
-1.0060 -5.5758
-7.4325 -1.9454
-6.3035 7.0175
-0.5898 -1.8241
-3.1449 5.3158
-2.0020 4.4716
5.1536 -3.2346
-1.8697 -5.4956
-0.3262 -2.7276
-1.9579 -2.3671
4.4706 -2.2287
-2.7612 1.0455
-4.3775 -4.6550
-6.2158 -2.1005
-6.5917 -3.1315
2.0053 -4.7756
-2.0950 -5.3786
-2.4454 -4.8128
-5.4195 -6.0977
-6.5103 -1.5605
-0.7539 -3.7097
-0.6418 -5.8762
-4.6917 -2.2140
-4.3740 -6.2382
5.0453 -7.9515
-3.9750 -4.0901
-4.0327 6.5019
-1.8203 -2.4257
8.5035 -4.3077
-4.3566 3.1761
3.2881 -4.3007
-4.2909 6.9040
-7.1935 -3.2655
-4.8797 -2.8826
-0.8265 -3.1087
-5.7232 -4.3938
1.1287 -2.2307
-1.9551 -4.8862
-0.8443 5.1022
-4.9340 -2.3434
-4.1106 -3.6568
4.6625 -4.7775
-1.5730 -7.5495
-4.5273 -2.7375
-4.9294 8.1894
4.5378 -4.7114
3.8904 5.3318
-4.7790 -2.6508
-6.2642 -5.0365
-6.0318 -2.8759
-4.2003 2.3977
2.1392 1.3156
-3.4141 -4.1546
-2.7747 0.0268
-3.3744 -2.1405
-1.7015 -3.0846
-3.4079 -2.3316
-0.8943 -5.1793
-5.8955 -4.3533
-4.5494 -2.1328
-3.6374 -4.9899
-1.0532 -4.7920
3.6320 -3.2980
-2.1257 9.4987
-2.3282 -2.0018
-3.2432 -2.5894
-2.1217 -6.2891
-5.7474 -1.3950
-3.7954 1.7243
-2.9684 -2.9441
-0.8493 -2.2543
-6.0300 6.6715
-5.4148 -2.4242
-2.1524 -2.6289
-4.3833 -2.1285
-5.6750 5.9694
-2.0833 -4.5539
-5.9860 -1.9655
-1.2923 -0.2238
-3.8875 -1.9047
-1.2192 -5.3783
-6.8954 -6.5459
-1.7735 -3.2235
-0.8399 -1.8534
-1.0750 -5.5224
3.2658 -3.3912
-0.1489 -2.8678
-7.1930 -2.3252
-3.6955 -2.5558
-2.3818 4.3716
6.8496 -0.8072
-2.8371 -5.4992
7.2400 -2.9563
-1.6927 -1.5037
-2.3740 -3.4880
-3.5063 -4.6396
-4.3072 -5.4101
-7.7360 -1.5160
-0.3038 -3.2845
-6.5402 -6.5265
-1.3955 -5.5333
-2.1708 -5.5365
2.7214 -1.8690
7.7390 -5.9596
-5.9214 -5.4270
1.8118 -5.4407
0.6951 -2.2346
-7.1848 -3.0386
-2.0248 -2.0794
-1.9818 -2.2063
-3.5714 7.7135
5.6154 -7.7169
8.3011 -0.2763
-2.5432 -5.0764
-2.8375 -2.8678
-3.8700 6.0205
-4.3221 5.5413
-4.9710 -4.4689
-1.3730 -8.5440
-1.5458 -6.8924
-5.1759 -1.4933
-7.0041 -2.9980
5.7285 5.5670
-3.0681 1.7683
-1.9601 -4.9012
-2.7339 -4.4108
2.9299 -2.0518
-7.3151 -8.3643
-3.0190 -5.2583
-1.8488 -1.4513
-5.2928 -3.1794
3.2980 -6.7399
-1.4751 -1.7283
-2.7905 -7.1487
-5.2077 -4.9758
-2.6210 -0.9554
3.4406 -2.6860
-5.9167 -3.8047
-3.5814 -4.2888
-5.3153 -5.5824
-3.5928 -3.0950
-2.0026 -6.5089
-2.2664 -3.9136
-4.7445 -1.3532
-2.4468 -3.5540
-4.2577 -3.4900
-2.8886 -1.5356
-5.1072 -2.9013
-4.8266 -3.2817
-4.7442 -5.4170
-1.1012 -5.9727
-1.2683 -2.3811
-4.6432 -0.4435
-2.4887 -5.1222
-2.9911 -4.3416
-3.7643 -2.2120
-1.7189 -2.3652
-7.2841 -7.6072
-5.6793 -1.7198
-1.8353 -6.4288
4.9764 -4.6618
-1.8559 -4.1908
-5.0538 -1.9571
-5.9752 -6.1522
-2.0411 -5.1555
-5.5349 -5.9347
-5.4310 -5.4273
-2.4648 -4.4288
-4.2751 -3.0109
-2.7145 -2.5333
-0.0412 -1.9602
-0.5828 -5.2662
5.4829 -6.3227
-5.6517 -1.2701
6.7925 -5.9393
-2.7069 -4.6293
-0.9313 -3.0948
2.4305 8.9236
-5.2672 -4.7024
2.5199 3.0948
-7.0165 -0.4035
0.1870 -2.7594
-2.9281 -3.5480
-2.9794 -4.5025
-2.6955 -1.5764
-1.4265 -2.8745
-1.1637 -2.6503
-2.2977 -0.6862
-4.4116 -2.5506
0.5467 -2.9999
-3.4138 -4.7002
-1.8045 -5.4503
-3.5147 -2.3096
-1.6475 -3.4846
-6.5852 -7.2445
-2.5026 -5.5522
-0.8814 -3.3288
-1.9110 -1.4372
-1.1909 5.4569
-2.8808 6.1090
3.0191 4.3533
-2.6541 -2.8186
-0.3839 -7.1406
-7.4505 -2.2093
-2.9470 -3.8669
-1.1411 -1.3990
-5.8793 4.0756
-4.7315 -1.7236
-5.0296 -3.9302
-5.3613 -3.1452
-5.0698 1.0994
-6.4980 -2.7422
-3.0411 7.3366
-3.2658 5.0038
-5.9889 5.4408
-3.8955 -4.2228
4.3328 0.8503
-3.1639 -5.9904
-0.7026 7.4523
-2.5506 -4.4345
-2.4593 1.3512
-1.4396 -4.1115
-2.3567 -3.3345
-2.7107 -5.9155
-2.7504 -2.2988
-7.7264 2.6869
-2.4464 -4.6761
-2.6293 2.5549
-4.4542 -1.4740
-0.0974 -2.6894
-2.9844 -0.2792
-7.2319 -1.4902
-3.9321 -6.6227
-1.1261 -1.9339
-2.7778 0.5059
-3.5013 -2.4138
-0.8134 -6.9319
-2.5895 -4.6311
-6.0488 -2.4692
2.6774 -2.1004
6.0894 -2.2158
3.6300 -2.1713
-5.5018 -2.7712
-0.7871 -1.8755
2.5360 -6.2987
-4.1702 -1.5518
5.6304 6.3698
-2.0939 6.2510
4.4411 -3.3228
3.8928 2.8006
7.0385 -7.4405
-1.7247 -2.5135
-5.8848 2.9785
-0.3131 2.3680
-3.0965 -4.0011
-3.9437 -3.6541
-3.9165 -3.7728
-3.9789 2.7965
5.8323 -3.1463
-6.3022 -4.0945
-4.7982 -2.4200
-1.3801 -2.5813
-3.7482 -2.1825
-5.1168 -2.2587
-7.1500 -4.8747
-1.8427 -5.4133
-5.9398 2.4272
-2.3381 -5.7496
-3.1246 3.7903
2.3495 -5.8886
2.3737 4.9020
-3.7044 -3.5636
-5.1136 -5.3770
-2.5770 -4.3615
-1.0573 -0.3200
-9.2483 -3.1787
6.6625 -8.8179
-2.2021 -2.4386
-0.0567 -3.2706
6.2648 -3.4952
-5.0301 -2.1071
-4.4724 -6.4217
-1.8060 -2.5042
7.7690 1.8084
-3.7831 -3.2003
-4.1097 -6.3465
-3.7548 -3.1767
-3.5004 -6.4919
-6.5767 -0.4821
5.9562 -3.8161
-0.5896 -7.3823
-1.0350 1.1653
-2.3456 -3.2793
5.5084 -3.1521
4.7007 -2.1182
-7.4008 2.4413
-2.6913 -3.1709
-1.2698 -2.2053
-5.0622 -0.5430
-0.9626 -1.9961
-6.8759 -1.8784
-5.2014 -3.9265
-5.0423 -2.1126
3.8277 -1.0185
-2.9454 -2.6445
-1.3501 -3.6565
-1.9288 -3.4632
-2.4437 -0.9628
4.1480 -2.0837
-3.1547 -2.0347
-3.4926 -6.1127
-2.5736 -1.0325
-2.2559 -4.3952
-5.4102 -6.2584
-6.2766 -2.6674
-4.8256 -7.2779
-1.9397 -1.2422
-1.1224 -0.4398
-0.2920 -5.3261
-5.5518 6.6750
-5.5646 7.3240
-2.9572 -2.5316
-3.4827 -3.0293
-5.4680 -2.6896
-3.9476 6.0393
-5.0289 -3.7858
-3.2042 -3.6423
6.7050 4.5357
-2.4356 -0.9576
4.4165 -4.2965
6.5055 -3.3354
-3.0217 -1.9500
-4.1462 -2.5312
-2.2102 6.0568
-1.8073 -2.5061
-4.2573 -1.8708
-2.4290 -4.7535
-4.2364 -6.1873
-2.3079 -2.2683
-2.4523 5.8063
6.2132 -0.4042
-0.4552 0.6435
-7.4337 -3.4911
4.7566 -2.0776
-4.5330 -4.0881
4.6324 -1.7690
-5.3139 -5.3435
-2.6996 -2.6313
-0.4215 -5.8120
-4.3400 -1.8351
-2.2641 -3.7058
-7.7910 -2.4095
-2.8994 -1.7712
-6.3748 -2.6241
-2.8531 -3.1610
-2.5855 -5.9685
-5.0823 -2.8126
-2.1888 -5.5827
-1.9160 3.2585
-5.9852 -4.4975
-1.2126 -3.4479
-2.3851 -2.2999
-4.8289 -1.2454
-1.0026 -1.4750
6.5960 -6.3827
-1.9641 3.8750
-4.2220 -3.5771
-2.2288 -6.2851
-6.7120 1.6826
-5.6231 -1.0791
-4.3866 -2.0999
-5.4018 -2.2652
6.7726 -2.4742
5.7731 6.3253
-4.0308 -1.5573
-6.3497 -1.8159
-4.0044 4.8878
3.4928 4.1277
-0.2824 -6.1138
-5.2761 -2.0323
-3.7062 -6.3913
-0.7406 -3.3926
-7.0757 3.7278
-2.6040 4.9120
-1.6638 7.9038
-2.2759 -3.8038
-5.2305 0.4863
-0.2138 -2.8856
8.0194 -3.2431
-3.5353 -2.5755
5.5771 -2.8987
-4.3891 -1.6682
-5.1970 -5.4064
-3.2475 -2.4501
-2.9059 -1.7419
-2.6660 -4.5229
-1.9583 -4.3353
-2.0716 2.9768
5.4648 -3.9474
-3.9642 -5.1225
8.1920 -0.8932
-3.3748 -5.1385
-3.0578 -4.1826
-2.9960 5.3245
4.4137 -0.5646
-0.9909 -3.3708
-4.6994 -1.2675
-2.8084 2.1274
-2.6342 -1.8491
-3.1519 -7.5541
-7.7899 0.0658
-0.1064 -2.0624
-5.3130 -5.3035
-2.7455 -4.9490
-2.1383 -2.7184
8.7398 -4.5957
-1.0231 -1.7556
2.8484 7.3668
-6.9570 -1.5390
-3.6052 -1.8822
-2.5792 -2.0301
-0.7437 -0.8939
-5.5136 4.4751
-7.6567 -2.3445
4.3256 -5.9404
4.2249 1.5245
-1.0365 4.9558
-2.6451 -5.8201
6.0651 -1.7107
-6.9153 -4.5711
-3.7683 -3.2489
4.0509 -3.4344
-8.0103 -1.7591
3.5028 -4.2175
-4.2756 -1.8280
-3.0700 -3.4203
-2.7303 -2.8810
-3.3970 -2.5882
-3.0212 -2.8858
-2.1990 -2.0757
-3.8293 -4.7813
-0.5357 -2.5933
-3.0653 -4.5465
-2.5742 -2.1923
-4.4253 -5.4775
-5.8806 -2.4595
-8.5528 -5.2650
-3.2940 -3.4676
-2.0352 8.5542
-4.3634 -4.7805
-0.3145 -9.1910
4.6914 -3.9528
6.3743 -2.6737
-5.0937 -2.9529
3.1625 -1.8312
-2.6078 5.3475
-2.6113 -6.6114
6.1190 -1.9372
-2.9983 -1.4535
4.4145 -2.7995
-6.1643 -1.8386
-3.6832 -2.3438
-4.8201 -1.6093
-3.1534 -2.1927
-7.5272 -6.6600
-3.1035 -2.5904
-1.7694 -5.1348
-7.4837 -5.7598
-5.7293 -4.0675
-7.0591 -1.5850
-5.3254 -6.6630
-6.4800 -2.3116
-1.3884 -6.2047
-0.7181 -7.2152
-2.3492 -2.0945
-2.1106 -3.7226
-2.3602 -5.1139
-5.7570 0.4466
-3.7428 -3.1453
-1.6707 2.8565
-1.2947 0.2266
-1.4116 -5.6879
-2.0389 -4.9138
-5.9391 -6.2694
-1.8036 -2.3086
-1.7157 -3.4697
-7.3857 -2.1723
-5.3195 -1.4397
-6.6714 -1.7225
-4.8239 -2.2396
-0.8138 -1.4368
-1.5138 -4.1512
-3.7476 5.3552
-3.9880 -2.2873
-9.7377 -4.9277
-0.8914 4.3769
-5.5914 -6.9574
0.2379 -3.8812
4.4779 4.2382
3.9368 -5.0816
3.5161 4.1743
-2.7719 -0.2395
-4.0648 -6.6932
-7.0147 -1.8835
8.3764 -3.8605
-2.5997 -7.6523
-4.2319 4.8113
-5.1398 -3.3148
-7.9636 -2.3401
-5.2598 -6.2889
-6.9227 8.4703
-2.5218 -0.8791
-1.5931 -3.6520
-3.6172 -3.4087
-3.1669 -4.1196
-4.0874 -3.0065
-6.0692 -2.4810
-3.8227 -2.2954
-0.9570 -1.3790
-7.8542 -2.5835
-5.0307 -4.2708
-2.8127 -2.4521
-3.5189 -2.5473
-6.6559 -2.5398
8.9170 -2.9659
-1.7792 -1.3045
6.6603 -6.5650
-3.0620 -3.6379
-2.3887 4.7698
-3.1898 -7.4600
-2.7710 -0.9749
-2.7500 -4.4416
-3.4320 3.2191
-4.7668 -2.7593
-5.7254 -2.5084
-7.4874 -0.9095
-2.3648 -2.6762
-5.0165 -3.2469
-4.8482 -2.8740
-3.3410 -2.0455
-2.4311 -3.3061
-7.3366 6.8483
7.8383 -3.7178
-1.6511 -6.5175
-1.1783 -3.6464
-1.2354 -6.7749
-3.2410 -2.6064
-3.7276 -2.1697
5.2469 -2.1985
-7.0101 -4.8583
-5.6399 -4.1019
8.7468 -4.4172
-2.5778 -5.3648
-2.2457 -2.1814
-3.9189 6.5159
-2.3966 -4.9208
-2.1595 -2.3272
-4.6649 -3.8367
-1.5205 -2.8266
-2.0404 -5.7935
-3.7696 -7.8468
7.8193 3.9788
-6.8887 5.0441
-4.5497 -5.3425
-3.0493 -1.7141
-5.6968 -2.2799
-8.6294 8.2479
-4.4125 -0.7485
-2.4585 -2.1887
-0.1813 7.6280
-2.2613 1.3633
-5.9383 -1.3807
-5.0129 -4.7778
-0.2376 -1.3967
-2.1236 -1.8691
-2.1397 7.5427
-4.9999 -1.0664
4.8345 -0.6530
-1.6252 -3.7570
-3.2900 -0.1136
-4.3661 -4.6083
-3.0740 -4.1984
-2.4041 -1.4091
-3.8267 -1.9560
-0.9331 -9.5718
-5.6092 -2.8257
-4.5731 -1.7433
4.2601 -2.5529
-1.9673 -4.5167
-4.8286 0.9072
-5.7150 4.3042
-1.5646 -4.5753
-2.6424 -5.4023
-6.2911 -4.6012
-5.4689 -7.1559
-2.5409 -7.3166
-1.6782 1.7670
7.1910 1.9672
-4.5300 -1.7506
2.6609 -6.3179
-4.4681 8.2133
-1.3252 -4.4508
-1.5241 -4.8324
-2.6016 -5.4700
-4.0952 -2.6662
3.3517 -1.1443
-2.0692 5.1970
-11.0414 5.7591
-1.6061 -2.3221
-6.9020 9.7938
6.7241 -1.0213
-2.2519 -2.1636
7.9355 -7.8185
8.9009 -2.8142
-2.3692 -2.0995
-0.6945 -5.4745
-5.3660 5.0511
-4.1437 -2.8903
-2.6572 -2.2583
-0.6108 -2.4613
-2.2969 -4.6272
-1.5058 3.4577
-1.5903 -1.1821
-2.9417 -2.2152
-2.9519 -6.7577
0.3499 4.3550
-2.6447 -5.3007
-2.6062 -6.5030
-6.5939 -5.7302
4.6496 -6.8378
-0.3348 4.6662
-1.6771 -3.1595
-5.4946 -1.8837
-5.4284 -4.1125
3.0630 -2.2702
-1.6773 -6.1909
-1.7082 -3.8263
5.7984 -2.9181
-2.5978 2.7073
-4.6153 5.8497
-2.9174 -2.8136
4.2860 5.5700
-1.6937 -3.5129
-3.5665 -3.8549
-4.4258 -5.3671
-3.9107 -6.1658
-0.9975 -5.0153
-1.5220 -2.4884
-2.9911 0.4890
-2.5208 0.0912
4.3027 -6.6344
-2.4325 -4.3358
-8.0727 3.3007
-1.6430 -2.1764
-0.2196 -5.5578
-1.3522 -2.0644
-2.7256 -4.9417
2.8393 -2.0257
-0.2882 -3.3385
0.2538 -6.4015
-1.2672 -2.0500
-2.4039 -2.8357
-5.4753 -6.7709
-5.5406 -5.6683
-2.6169 4.9989
-5.4314 5.8611
-3.3146 -6.3401
-4.9271 -6.6658
-2.8003 -2.1502
-2.8850 -5.4681
-6.0801 -6.6283
3.8913 -4.7986
-2.2623 -1.9761
-3.5697 -1.4102
-5.9642 -4.2941
5.5475 -1.6112
-4.5893 6.7501
-3.6459 -3.6784
-2.1575 -3.3572
-5.0850 -5.2985
-5.2506 -5.4265
-1.0802 -1.2488
-3.1840 -3.6735
-2.9368 -0.4249
7.2786 -5.0378
-4.3792 1.0822
6.1283 0.5810
6.2090 -5.5308
-8.9919 -2.8993
-5.1262 -1.6824
-0.1783 -4.1502
1.1711 -3.9738
-3.4145 -4.3425
-2.5459 -3.4636
-1.4931 -2.0723
-5.7978 4.5299
-2.7690 -5.3105
-3.4513 5.7208
-7.7604 -2.1885
0.0272 -6.2313
-2.9981 -3.7873
-1.7753 -2.9408
6.8247 6.4203
-2.9540 -1.5124
-3.8513 -3.3456
-1.5664 4.5296
-2.1715 -4.3044
5.2680 -2.2774
-1.8025 -3.3682
-5.4232 -5.1701
-1.9992 6.5665
-2.2112 -6.0227
-2.2973 -5.3529
3.6841 -2.4446
-3.9577 -3.0184
-3.4017 -7.9606
4.8813 -2.0434
-2.6376 -5.1614
-2.5979 -4.8656
-5.1651 -3.4176
-6.4977 -4.9543
-2.6009 -1.7260
-6.1598 -8.8566
-2.3549 -6.8427
6.8694 -2.1072
-6.7411 -6.9866
-2.4191 -5.6455
5.0946 -4.7764
-3.6826 -4.2978
-4.0246 -5.7210
4.0469 5.8841
5.1844 -3.1692
-5.1536 -3.8743
-2.8555 -4.1321
3.6543 -2.2173
-1.1322 -3.6085
-1.9299 -2.9873
-5.4628 -5.5837
-1.9159 -3.7008
-2.0906 -5.3061
-5.7906 -4.6649
-3.8645 -1.8984
4.7008 -2.5571
6.5423 -1.6331
-3.3094 6.7343
-5.8889 1.0806
-2.2461 -0.4485
-7.3152 -5.9271
-5.1868 -1.0854
-3.1748 -1.5314
-2.0228 -2.4509
-2.9078 -7.8477
0.8323 -3.1767
-4.3141 -2.7777
-2.6412 -1.1949
-1.7099 -3.8834
-7.1646 -2.8156
7.5850 -2.9352
-3.3809 -1.9639
-2.4874 -4.4875
-6.0886 -0.2884
10.5525 -3.5700
-1.6911 2.1948
-3.7939 -2.3348
-3.5413 -2.5825
-2.4050 -2.6887
-5.6296 -5.2151
-1.0472 -0.7974
3.0128 -3.1769
-1.0666 6.4083
3.4494 -1.9519
4.5875 -1.6329
-1.8642 -0.2841
3.2677 -4.5035
5.4565 7.2277
-0.8489 -1.5562
5.9343 -2.5538
-5.5804 -2.3672
-3.5237 -1.8895
-2.3677 -2.8040
4.1642 -7.0198
4.4767 -5.9110
-5.0325 -3.5899
-3.4982 -7.7453
-5.9658 -4.7775
5.1690 -5.9383
-5.0399 -3.5078
-6.4715 -5.9988
-2.4976 -1.7043
-0.7771 3.0830
4.6947 -3.5981
3.4234 2.8916
4.9068 -2.6713
-2.8131 -1.3415
-2.1080 -3.5600
4.1878 1.3694
-2.2963 -7.4597
-0.8010 -8.0258
-1.6035 4.6447
-1.5597 0.5315
-3.7921 0.5942
-4.8248 -1.7610
-3.0751 -4.6552
-1.5047 -5.0603
-6.4836 -6.2044
-6.0222 0.6236
-5.5605 -2.4684
5.1996 -5.5891
-1.6645 8.1002
-2.0472 -1.8106
-2.9005 -5.7737
5.0343 -1.1696
3.7882 -4.7766
-6.2889 -6.6944
-4.1323 1.6918
-2.0403 -6.0875
-1.4646 -7.3985
-2.1701 -4.0797
-2.2426 -1.1373
-1.4171 -2.3838
-0.6751 -2.9814
-6.4706 -5.2785
-0.3615 -1.1370
