5
4.9330 8.1140
6.3746 4.9699
4.7178 4.2097
4.0910 6.6506
5.7521 5.2587
5.3232 5.0391
7.2063 4.3281
5.7611 5.7340
5.7455 7.5965
7.0791 5.9046
8.5360 6.1146
6.3709 8.9728
5.8125 7.5169
7.7993 5.0894
6.3048 6.0723
4.6842 6.8084
4.1698 8.6154
4.6034 5.4952
8.3251 9.0940
6.8203 5.1720
5.7960 9.3341
5.0892 6.9663
4.5405 1.9007
6.5989 6.0536
7.5859 6.3872
4.7165 7.3595
8.0147 5.2278
9.1486 7.5926
5.8336 10.7723
1.5648 6.1723
1.4581 5.2820
2.0194 4.7436
7.3522 6.6423
6.2791 6.0000
3.7176 5.8277
5.8007 5.1274
5.1253 8.9261
4.6704 7.4200
5.8534 6.3218
5.5692 4.8524
4.5127 5.3850
7.2034 4.5568
8.7437 5.9401
6.5290 6.0459
4.1874 5.2017
4.1642 1.6584
4.7498 6.0377
7.2873 7.1404
5.9617 9.4856
6.0595 1.8064
5.2540 5.1392
4.6229 5.5919
4.4016 1.9998
4.7813 9.0541
5.0851 5.4605
1.8523 7.7226
4.8278 5.1152
3.6795 7.3552
3.7288 8.2556
5.9728 5.0100
5.5212 5.7150
4.3828 5.8575
6.5275 5.4076
6.9992 5.5801
6.2375 1.8476
5.2295 5.7825
1.5245 6.9272
5.6937 4.9961
5.8867 1.7397
7.8064 5.2820
3.0846 6.4961
5.0901 5.1552
6.9245 5.2399
9.0755 7.6693
1.5059 5.9229
4.8084 5.7551
5.6354 5.4778
4.0393 5.0728
7.0555 5.6100
4.9921 7.8072
6.4839 6.5020
6.2316 5.4219
4.6051 6.2341
7.0533 5.9411
5.0720 9.9756
5.0600 6.8098
1.9418 8.2029
8.2441 2.8311
3.5103 8.5354
5.1098 6.2647
6.6066 4.8141
7.6369 6.6513
3.8629 8.3192
5.9830 5.4027
5.3726 7.0573
8.7306 6.6087
5.5193 3.0528
5.1871 4.9247
8.8286 4.4753
4.0284 4.6949
8.9592 5.3898
4.3046 8.5271
7.6687 6.5893
7.1255 9.0477
6.3757 5.6389
8.4002 7.5191
3.5042 5.7629
9.1736 5.6111
8.1762 5.5956
5.0856 6.4335
5.2243 6.2568
5.0491 7.4120
6.1313 4.4761
7.1031 1.8445
4.9159 7.4351
1.6795 3.6939
5.6603 6.8597
3.4066 5.7979
8.0932 6.8818
4.3741 7.9787
6.9738 5.3565
6.4403 3.6000
3.2425 7.4570
1.4334 5.1257
6.1355 3.4517
7.8634 5.4976
4.1401 6.0072
6.2832 4.7414
7.8401 4.2016
4.7589 5.5081
5.6366 7.2566
3.8314 7.4966
5.0861 6.8016
6.8755 4.3096
5.7574 7.0077
1.5821 8.5742
7.1096 7.6487
5.8975 9.5889
5.7465 4.8361
8.0117 5.3854
1.7494 1.7407
5.6396 6.2057
3.8905 6.2656
4.3442 4.8490
6.8776 6.2562
4.9454 4.6859
6.3770 4.3118
5.8698 8.3929
4.5885 7.1449
1.9655 5.7396
6.8549 4.5235
5.3914 4.9404
7.8544 6.3392
6.8514 5.5447
5.0679 7.0699
4.9752 7.6514
5.0473 5.7725
3.8066 6.3258
4.4137 5.6824
6.1481 9.4878
6.4538 5.9171
5.1200 3.9968
4.6994 8.9234
6.8778 5.6634
5.1991 6.4348
7.0617 7.4977
6.8188 1.6925
4.4403 3.6656
2.9126 5.9035
1.8734 6.0247
3.4965 7.6851
1.3089 5.8048
5.1513 2.0583
7.5935 7.6995
6.2462 4.0124
5.9995 5.7338
3.3352 6.1723
4.8369 5.9300
3.6613 6.1945
4.8446 1.1229
4.3446 5.3708
4.1585 9.0736
5.8034 4.3167
4.8880 4.7600
4.6324 5.2373
6.2235 5.5830
4.5326 4.8800
5.9180 7.3381
7.7740 3.6929
5.3501 4.5624
3.9918 5.7562
4.4772 7.9430
7.8971 5.0503
4.8626 4.7692
3.9649 8.1799
3.1413 5.9879
5.4940 5.2240
6.0653 6.1246
5.0053 6.1998
3.3802 5.7113
7.6508 6.5904
3.4002 6.6113
1.2925 7.2466
4.0674 5.6645
5.4320 5.5178
4.9263 6.5031
6.5211 6.4988
5.0760 4.8304
5.7068 6.8592
8.7697 6.4850
6.5103 6.6867
5.7183 8.2469
4.8978 1.7114
8.1250 5.1394
7.6686 6.0935
1.6908 5.3083
8.4895 5.1858
6.1862 1.5510
6.9465 6.1958
6.2489 7.2279
7.8720 1.6200
9.1746 9.3377
6.6924 5.4687
6.9757 7.5265
5.5197 5.5937
5.1863 5.3835
4.2865 1.8207
6.4461 4.5808
7.5067 6.4540
5.3376 4.5877
7.2913 5.8359
3.7399 9.3780
3.3151 6.7151
9.6846 4.8271
7.0199 3.4860
5.6870 5.8420
7.8483 5.1121
6.7820 4.9185
5.9230 6.2854
5.8799 6.7568
4.6838 9.8508
2.6100 7.5721
5.1185 2.2637
6.8642 8.6201
3.6282 7.2770
8.5110 5.9888
6.3522 5.7650
7.6297 1.4063
5.5935 6.4125
6.8066 5.6662
8.0756 7.5855
5.8207 6.0594
7.7903 5.7486
5.2521 6.0631
5.1951 7.0925
3.8573 8.9741
3.7600 5.4241
3.9138 5.8708
6.4300 7.7208
5.1668 6.2182
6.8508 6.0568
6.9762 7.1708
5.3395 7.3113
5.9990 1.8881
3.9540 3.7523
3.6184 6.5860
5.0583 5.3987
4.9339 5.3126
6.9326 5.3123
5.2150 5.9093
5.8334 1.3132
7.0317 8.6338
1.8951 3.2072
6.2887 4.2014
5.5535 5.7957
5.3081 5.2088
7.8387 4.1529
6.3669 5.4078
7.8432 4.5836
5.7772 5.6547
5.8952 4.6534
6.8587 4.6509
7.0704 1.8460
6.0847 6.5870
4.7765 5.0705
6.0448 1.6563
9.2779 6.7970
6.8497 7.1196
5.4013 4.3264
5.9743 6.6276
3.5142 6.0651
4.6398 7.7422
6.2672 7.0356
5.9662 4.5742
4.2104 6.0592
6.9602 5.2249
5.1574 4.3995
5.2608 5.5430
3.9457 6.5173
5.5461 5.5630
6.8120 7.1364
4.3404 6.2609
6.2483 7.4904
5.4221 6.5074
5.2439 6.9040
6.4152 6.6818
8.4603 5.2721
7.2484 4.6194
7.1014 8.1947
4.6592 7.4660
5.3505 7.8746
8.6687 4.4887
7.7843 4.9485
4.2547 8.8105
1.5410 4.0628
9.1522 3.7816
5.3589 4.0343
4.6223 7.9013
5.3530 6.0128
5.7224 6.5765
6.0358 4.2732
6.2089 3.9777
4.6670 6.3134
5.6462 7.9050
5.2220 7.4530
6.6857 7.3544
4.2833 3.8192
7.4571 6.9124
4.6684 1.8265
7.8594 1.4637
5.2207 7.5636
6.9108 7.4269
5.4575 4.8630
5.4535 7.2977
5.1478 6.5020
6.6542 5.3237
7.3700 4.8159
7.3403 5.5160
5.2904 6.1572
9.4003 6.8307
1.5746 1.2667
6.3797 5.5851
6.1279 8.4920
5.7970 5.3748
5.1035 8.0873
8.5052 7.4192
6.5571 5.0086
6.2537 7.2497
6.6918 6.1034
4.8668 5.1977
5.2980 5.7812
2.4751 3.9638
8.3845 4.5278
7.3175 4.5432
3.1913 7.0148
9.3652 6.1717
5.3742 7.9830
5.0090 5.7246
4.7394 3.7833
6.7891 6.0003
7.6952 5.9570
5.9243 3.1657
6.5952 4.8648
7.9907 1.4829
5.3691 7.0906
5.4454 4.1541
4.3303 8.2130
7.1171 5.6521
6.3984 7.6389
2.9862 6.8579
4.1635 8.3604
4.7631 9.1604
7.0954 5.8476
4.2882 5.8925
5.1411 5.6646
5.2914 6.2568
5.4364 6.0368
4.9903 6.2763
5.2919 6.6805
6.0268 9.1938
8.3409 1.6313
3.9418 1.3919
4.6084 7.1630
1.7662 6.9881
6.4889 4.8050
5.9322 4.9088
7.7299 8.4539
1.8175 7.3356
2.7945 6.4424
7.4530 6.8149
5.8458 1.6762
2.7903 7.7171
6.7235 6.1388
4.6877 8.1754
4.8682 1.4847
3.6844 4.8259
5.0433 4.6114
5.1853 1.6956
5.5442 5.5425
3.6211 4.1308
4.2405 6.7150
6.3100 4.9039
5.7831 7.3538
2.5013 7.4313
4.8771 5.3222
8.0419 4.0116
3.4540 1.6423
5.7191 5.6020
4.6000 7.5641
7.7926 5.3183
4.7260 3.9662
1.5712 4.3031
7.6422 5.4894
6.2175 5.2662
5.8037 5.5840
6.0423 1.2964
5.7193 7.2008
5.2010 1.8862
5.2606 4.7021
4.8895 4.7467
3.3769 5.8084
6.8689 7.1330
6.2804 5.7049
6.1704 7.0419
7.7641 5.7540
6.8061 6.7357
7.5136 7.0464
8.0388 6.7401
8.3477 5.6556
7.1746 7.7493
5.0665 7.7024
7.5969 5.3221
6.3532 6.6426
3.2402 7.1811
5.3433 4.8744
7.1413 4.8283
5.0616 7.7041
5.0901 8.1143
9.1874 5.7194
4.5295 3.1330
4.2608 3.7329
7.6011 5.3747
7.0413 5.8542
5.6094 6.5561
5.9172 4.1584
7.6354 4.9147
5.7518 6.1031
2.9747 1.6866
5.9757 6.7211
6.3902 3.5531
5.1753 4.8100
2.5084 3.4659
8.2073 5.0096
5.1089 4.4894
8.7880 5.9083
8.0025 5.2613
5.1980 6.1818
6.5909 4.1975
6.0919 7.8254
6.5337 4.7881
8.7849 5.6023
1.4957 5.3869
7.2350 5.7151
6.2437 5.5002
1.3081 6.0723
6.6651 1.9877
5.2704 6.7973
6.1094 5.1557
5.0286 3.8421
4.3836 4.6923
2.1306 5.7884
4.6716 7.6287
5.9762 4.0040
7.3197 5.1928
5.4140 6.6994
1.4107 7.5246
7.3431 5.4719
3.3349 5.0418
5.0294 6.8263
4.6797 8.7651
5.0891 4.5243
6.0010 4.3322
2.2736 4.9628
4.5138 5.9575
2.6862 5.5409
6.8437 5.2839
8.0120 4.3121
1.6243 1.9326
5.7619 8.6395
7.1829 3.9680
6.2610 7.4984
7.2171 6.2889
5.1589 4.3715
6.8182 6.5867
4.9325 1.3547
5.6325 7.3172
7.3279 5.0412
5.4251 5.4245
7.0202 6.2908
1.4541 6.0336
4.6754 5.3679
4.8897 1.9181
7.6586 6.0058
5.9712 8.0163
5.7847 6.9232
5.4324 6.8524
4.9782 1.7304
6.7864 5.8931
6.2112 5.5650
5.2287 7.1819
4.6184 7.7159
4.0266 6.6327
5.1806 5.0067
4.8136 5.5612
8.8048 6.2712
7.2647 4.8951
7.5232 1.6466
7.6569 1.6071
6.8426 7.0129
4.1737 7.8395
3.5304 3.9068
5.7443 4.4947
7.0633 5.3326
6.6995 5.9325
1.6426 5.0403
3.8492 6.3692
7.1777 6.4342
6.6283 5.2263
5.7233 7.5172
5.8420 5.2818
4.4073 7.0289
4.0786 4.8917
4.6620 6.6715
4.1406 6.0867
6.1827 6.4317
5.4469 6.9172
3.9054 5.8426
6.5181 8.1106
4.2404 6.9600
8.0042 8.0834
5.2321 4.9738
5.2255 4.0359
6.7673 4.8743
6.0412 6.5226
4.7136 5.0622
4.9780 5.0100
5.2751 4.9388
3.9671 6.0176
5.4824 4.3472
8.4334 4.4966
4.2273 6.1648
5.7438 6.3734
9.7685 7.7631
6.9635 3.9724
6.4685 1.6166
6.3215 5.5298
5.7105 4.8660
7.1580 5.1501
4.8852 4.6869
3.9099 7.8179
3.4666 6.3179
6.5114 5.9527
3.6482 7.1163
5.3298 8.1492
6.5514 4.2661
5.5884 4.3706
5.7839 6.0467
6.7558 8.6240
7.3080 5.6342
8.3272 4.8346
5.6175 6.7644
3.8251 5.6015
5.6145 6.3979
6.4251 6.5262
5.1762 4.7489
5.7099 3.7704
5.9765 7.0207
6.3114 7.3444
5.2122 4.2474
4.9035 4.5196
4.2594 4.8112
9.7430 4.6650
5.8261 7.9913
4.3301 6.9373
5.1083 8.9881
4.5331 8.1433
4.6762 8.8057
9.3095 6.3190
7.0653 5.7455
5.6668 3.4837
8.2381 5.2487
6.6108 6.0043
6.2753 8.8328
6.6329 1.6794
5.8090 4.4346
5.2371 4.5137
1.4855 7.9916
5.1668 2.8950
4.3343 6.4055
6.0654 8.4071
7.5592 4.7569
5.5756 7.7635
6.6686 6.9125
4.4062 5.9286
7.5254 7.5457
3.9159 5.4476
5.9796 4.6013
7.9449 4.6347
4.9318 6.3324
5.7263 3.4524
7.2932 5.2311
6.5930 1.6910
4.9267 6.6706
7.6527 5.0977
6.1046 6.2569
6.3634 1.8440
3.4761 7.0582
6.3254 5.9278
1.5673 3.9798
6.2270 7.0650
4.4986 5.7480
4.8301 5.7952
6.3163 5.8465
5.4048 6.1721
7.8244 6.9686
6.1788 4.2960
4.3032 3.8246
5.7867 4.4694
5.1016 4.4352
5.6559 6.6595
7.7022 5.7422
7.0835 1.4531
6.0835 8.3758
8.5393 7.5871
6.0004 6.7642
5.8601 5.0149
3.8100 6.1738
4.4184 5.3348
6.3152 5.9399
5.6470 5.6165
6.6159 5.1807
6.0037 4.6375
4.8267 1.6566
6.3578 6.6600
6.5647 7.2492
9.4936 6.3316
6.5169 5.2695
4.6110 5.3830
4.8613 6.6554
7.1092 6.0246
5.1029 6.0401
8.6895 4.9996
1.5803 2.1135
4.2711 6.7310
6.7847 5.6179
6.4425 1.4446
5.4063 5.2075
6.5904 2.8994
3.5683 8.2936
3.8392 7.0686
7.9723 5.0141
5.0172 7.5504
4.0004 7.1508
5.3079 2.7474
8.2642 7.3945
6.0588 5.4750
5.9811 4.7225
1.4058 5.9799
5.6821 1.5234
4.4132 6.8061
4.6792 4.2907
1.7881 1.6129
7.5428 8.4758
7.2828 5.6626
4.8666 7.1116
7.3465 1.5534
5.2972 7.1954
1.7002 5.0102
1.5624 5.1958
6.7704 4.4315
7.2302 6.0310
5.9919 6.7153
1.7630 5.1198
1.6254 5.1164
7.0587 8.2123
4.4976 6.6785
1.6493 4.5174
7.1520 6.2580
5.4178 4.2478
6.3355 5.8639
5.0757 1.6410
4.7438 6.6170
4.3320 4.7921
5.7396 5.4602
5.5158 4.7807
6.0138 5.0325
4.2147 1.7637
5.3062 5.9738
8.0070 8.9873
1.5475 9.1440
4.8194 7.0164
6.2710 6.1168
1.6184 6.5508
7.3424 1.8289
5.6190 4.6076
7.4697 5.9144
4.9230 4.8755
1.2630 6.8786
2.5116 1.6186
7.8901 4.7918
7.4704 5.3197
5.1505 10.0888
6.2258 6.5436
8.4656 3.5031
3.3648 6.2526
3.8425 3.7330
6.3108 3.4442
5.6763 8.3265
5.9751 7.8774
5.7562 9.0725
4.9298 5.5680
7.0197 5.5868
6.9178 6.8542
5.5016 9.7103
5.3072 9.0751
1.2341 4.9180
10.0299 5.8614
4.0491 6.0574
6.1093 1.6854
3.7907 6.9950
6.2410 5.4339
7.3839 5.0788
3.4689 5.4290
6.1106 8.1133
4.5655 4.1822
6.0068 7.4126
7.1614 6.1049
7.6986 5.4964
5.7993 6.8128
5.1749 6.0074
4.9556 6.7021
2.0428 4.8477
4.8962 5.1716
6.2495 7.2207
4.7049 5.5774
5.2079 5.5088
6.0450 8.3248
5.9618 5.7324
4.5793 3.6567
5.9021 7.9149
6.3028 5.1608
6.1901 6.1905
6.5501 4.8914
1.5190 6.4701
6.2943 1.7014
7.2845 4.0987
5.4024 5.5951
4.9279 8.0587
6.1571 8.0120
6.4713 6.5030
1.4375 1.7021
6.2667 4.7491
5.1950 6.4525
8.5000 5.6730
6.2174 3.3010
3.4904 7.2270
4.4101 6.4667
4.6871 5.9021
4.8207 1.3894
7.2003 7.4370
6.2497 6.1571
6.3193 3.7856
5.7604 5.8593
4.1013 5.9143
9.3144 5.9057
3.9942 6.6239
6.8039 8.2364
4.9244 4.9531
4.9548 6.9894
4.7107 6.8418
9.3692 7.0926
1.6777 4.9759
5.4421 7.7514
5.8527 6.0622
7.4523 6.1016
4.5696 5.4229
4.4578 6.7516
5.4992 3.7696
5.5454 4.5166
6.4931 7.0305
5.9924 5.1339
7.2193 5.4185
5.7588 5.9300
1.8012 5.3707
5.2269 4.7837
4.4080 5.3229
6.8720 5.9949
5.1461 6.0133
6.7494 6.4808
5.8138 4.8221
5.7511 4.8351
9.4436 5.1652
5.0470 4.5943
4.5669 4.6311
2.9981 6.7175
6.5833 6.3512
9.1787 6.2308
7.9816 5.3600
7.0517 5.0014
1.4064 8.5064
6.2820 1.5471
1.6850 4.5125
4.1975 4.1360
5.8654 6.3301
5.6336 6.5085
5.6899 5.4417
6.1736 5.2513
5.8513 5.6779
8.2796 5.0574
7.0971 4.1123
1.3580 1.4500
8.3618 5.2334
4.5707 8.3791
3.6509 6.9269
4.7752 7.2403
6.3021 6.8928
6.3209 9.4261
5.5822 4.9341
7.5846 3.8800
8.4453 1.8482
4.8803 4.5825
5.0726 7.3479
7.7783 5.9148
5.3194 7.0426
6.5745 7.0400
7.6654 5.0136
7.6103 5.8817
5.5781 4.8551
7.3332 7.0436
4.2055 5.8632
5.1552 4.2513
6.9646 8.1168
4.3366 6.9458
6.8623 3.6476
3.2000 6.9097
6.3976 6.8652
9.9570 6.0029
8.1948 3.8888
3.6079 6.9290
8.3562 9.5317
5.6145 7.1781
4.2765 7.4787
8.4237 4.2929
7.4708 8.3480
6.2298 3.8843
7.3769 6.9061
7.2868 3.5544
5.3707 1.1704
1.9031 7.6741
2.9432 6.2998
6.0510 4.8167
5.0798 6.7653
2.9915 4.0750
5.8375 5.8441
7.3453 5.7048
7.3577 7.2949
4.3363 4.4477
6.9132 5.1160
7.7320 4.1830
5.7180 8.0148
5.5482 5.4470
6.8216 9.5292
6.6869 5.8719
8.1182 6.1497
8.4558 5.6443
1.9230 5.5994
5.7507 6.6919
5.5410 6.0560
6.7748 5.9633
1.9230 6.3776
5.6578 5.8350
3.9558 3.1982
4.3643 4.3101
4.9260 5.9806
4.8643 6.8772
8.1286 5.0049
6.5688 5.9321
1.9349 7.3676
6.5811 8.1738
4.9949 4.3734
5.0782 6.7578
5.5835 5.8081
7.8563 5.4630
4.9895 5.6417
5.3920 8.5036
1.7933 3.9544
8.8503 5.6484
6.8799 5.5896
6.6892 6.8687
4.6717 6.5217
5.0531 7.7415
4.8693 6.3153
3.8474 8.0773
5.4318 7.0214
6.0450 7.1760
6.6335 6.0418
5.7557 5.8721
4.1053 6.6661
4.4270 1.6794
5.8874 5.6220
4.6799 6.6421
5.5997 5.1810
7.5098 5.6535
5.0244 3.9654
4.8513 8.2753
8.4092 7.5340
6.9810 4.2788
8.6551 7.0237
4.6274 8.1005
4.0939 6.9480
10.2550 5.5945
5.8410 6.6676
7.5070 5.5866
5.0361 4.5313
6.6307 6.9332
4.8530 1.4734
6.0274 5.5732
4.2900 5.4887
6.8239 5.4800
6.0378 5.2523
7.3684 8.8181
5.1037 3.9288
6.0707 5.0214
3.1537 5.0219
5.4457 6.0508
8.1128 8.8480
3.1324 7.5754
2.6511 5.6521
8.9778 6.7538
6.9755 4.5351
4.9636 3.5728
1.4259 6.5567
4.8742 4.2945
6.2423 5.5307
5.1099 1.2303
4.4961 3.5970
5.6198 6.8406
3.6948 6.8224
7.4360 5.7499
7.1330 4.4153
5.3120 3.6389
5.1146 4.4983
4.4055 7.3825
4.5170 6.8263
8.4901 6.3067
6.5728 8.8469
9.6909 5.7860
5.5915 4.6479
6.9796 5.9820
5.5632 7.8484
8.2349 4.6059
5.7910 4.8160
5.8438 5.6849
4.1595 6.6608
8.3200 5.5666
6.3626 6.3356
4.3265 5.6059
5.4703 7.7708
8.3034 5.8170
5.6007 7.8844
5.2366 5.9898
5.9886 7.5026
6.7000 1.6373
7.0531 7.3649
8.5617 6.1650
5.9957 6.1460
8.7560 4.1187
5.5248 6.4874
4.4088 6.8433
4.2723 7.4849
5.7667 5.9472
5.3124 1.6030
6.1262 9.8477
5.8285 6.4617
6.7713 4.6903
5.7179 5.6992
6.0757 1.8264
3.6519 4.1174
5.3674 4.6379
4.3700 5.0506
7.6710 5.6258
5.3951 4.9121
6.8802 5.8134
5.7745 3.3742
6.5171 5.4528
1.7735 4.8249
8.5442 6.7548
8.2981 5.3297
5.0499 3.8972
6.1171 6.2059
7.4822 6.7727
6.5775 7.4337
7.5032 2.0010
8.2277 3.9007
5.6680 4.6743
6.8424 5.5223
7.3697 5.4148
6.3745 8.2868
6.7294 6.8931
3.8368 4.5571
5.9068 6.3821
6.8230 1.8701
5.1698 5.0866
6.9957 6.6770
8.4324 1.9185
5.5135 4.7354
5.3584 5.6478
6.1080 6.5892
5.3435 6.5208
3.6258 7.8717
4.3296 6.1370
6.3827 5.5942
6.5946 4.3345
5.2843 6.7882
6.3554 7.3743
4.6381 1.6875
4.9302 6.2850
5.8781 4.3165
7.6617 6.0794
7.0812 4.6200
5.2234 6.3569
3.7546 5.3832
7.3047 8.5822
6.8920 9.0380
6.0949 5.6847
7.5082 4.7644
4.6736 5.1881
5.0146 6.6223
5.3474 5.7869
5.6268 9.6375
6.0498 5.8804
6.0612 8.3210
7.1158 4.7467
3.1228 7.2351
3.8025 5.7191
5.5559 5.3426
6.4594 5.6392
7.1787 4.8291
7.0964 7.9134
5.1414 5.6811
5.4893 4.8793
6.7625 7.5190
5.4257 4.7144
4.9609 3.5655
6.6981 5.3133
9.7417 6.3852
4.8893 5.9626
7.6068 4.2171
1.8221 6.2491
7.7997 6.7985
5.1484 3.7262
5.5501 8.5078
4.4071 5.5254
6.2102 6.0073
3.3963 5.2973
6.0049 8.9904
5.0323 7.0724
8.3131 8.1963
5.0454 6.7495
4.8109 4.4303
4.1523 7.7207
5.9257 6.2258
5.1786 5.2499
5.3907 6.2950
1.9676 7.1185
6.1023 5.0300
1.6207 6.5516
5.1425 5.7063
1.6530 1.5937
8.4409 3.7990
4.4903 5.4802
5.0305 6.1030
4.8130 5.7645
4.6612 6.7979
8.5561 6.0626
6.4723 5.6380
3.9698 4.9316
6.8489 6.6425
6.1930 9.1577
1.5922 5.9235
1.4710 8.9880
6.7366 5.9455
4.3730 7.1730
6.5413 8.6464
4.5275 7.2087
8.4682 4.2277
4.3805 4.9992
5.5107 6.4961
4.0854 8.0901
1.7225 5.2149
4.0909 6.1262
5.5952 6.3834
7.0111 3.5252
5.5452 4.8390
7.0663 8.8454
6.0565 6.5298
6.2429 5.3954
7.0845 3.2561
3.3168 6.6162
2.6477 6.2898
5.5594 6.3135
3.9650 4.8265
5.1758 4.8546
1.6844 5.3454
3.9759 7.7232
6.5882 5.6773
5.8808 5.5402
6.6228 4.9501
5.4381 5.7258
1.6929 8.2251
5.8100 6.6045
5.8200 7.2953
6.0806 6.9412
3.3363 6.7071
4.9134 6.2802
8.5745 6.3832
6.7442 8.2860
5.5206 5.6449
6.8890 5.8217
6.9056 5.0690
4.8374 5.0305
6.4700 5.5215
6.6238 7.4488
5.8506 5.1885
7.8036 4.3755
7.3424 4.2104
5.7366 6.5036
6.0768 9.0615
6.5533 5.2858
4.3239 4.4756
4.7839 4.3061
3.9948 7.2114
6.6564 3.7650
1.6709 5.6672
4.1498 8.1530
6.0061 5.7240
5.2352 4.6871
4.5524 6.3884
5.5365 7.2028
8.0852 7.5010
1.4325 3.3954
6.0824 5.0848
6.1665 3.6903
6.3753 1.2738
5.8939 3.2318
5.6062 4.4803
5.5374 4.7771
7.3730 5.3560
1.4763 4.6750
4.8726 2.6098
4.6864 3.5884
7.7610 5.1064
6.9281 6.7326
4.4161 6.4212
4.9390 4.4051
5.0780 3.3656
6.1749 4.1440
7.6310 6.0089
4.6960 6.0309
6.2571 4.3952
5.5476 8.0054
5.2873 3.6574
5.5590 9.0892
1.6282 4.4301
6.5512 5.7476
3.7425 5.3784
3.5072 6.6550
5.0454 5.2299
1.8199 5.3904
4.4214 5.7681
5.9592 7.5127
1.4278 5.3793
7.1221 5.6858
4.8523 7.6468
6.4904 8.4340
5.6493 5.3072
5.2135 5.1817
6.2740 6.3441
6.1824 7.8325
8.2658 1.8045
6.8353 1.4692
6.8312 4.6728
6.7994 3.5375
1.4552 5.9567
6.4069 6.6182
4.2567 5.9473
7.1235 7.6245
7.3352 5.0562
4.8219 7.7415
7.1717 6.5469
5.6893 5.0037
8.9534 3.9912
5.2130 4.0484
4.3799 7.5246
5.0393 6.1057
5.9458 7.0597
5.9506 4.2542
3.2826 5.8306
7.1291 3.9887
5.7221 6.0023
6.0558 1.7427
4.0963 4.1229
6.7511 7.0276
5.9531 1.6296
6.3888 7.2239
5.9734 7.4201
9.8340 6.4782
6.8536 5.8861
6.9312 3.1930
6.0145 3.8048
7.4646 6.4280
1.6762 4.6091
5.2814 6.9794
6.0295 4.0655
6.6661 5.6363
1.4659 5.9149
6.9417 5.4299
5.7060 6.0753
5.9585 6.3152
1.9992 5.9294
7.6098 3.6279
7.1273 5.8693
5.9147 8.2953
7.6617 6.4555
7.6078 6.2951
5.1081 3.3805
5.9911 4.3598
5.0377 4.1240
5.7145 5.9446
8.2262 7.4916
6.1819 7.4341
6.6010 7.6270
8.0698 4.9231
9.6787 4.2754
7.6611 4.3319
4.8703 6.7015
1.5030 4.6564
7.5622 5.5189
5.1663 4.5869
5.7716 5.7574
6.9092 7.8799
6.5018 4.3796
4.6569 3.9477
5.0016 5.4830
5.8127 7.2756
2.5062 6.6399
7.6106 5.1779
7.5776 6.8136
5.1734 7.1026
7.7502 5.6387
3.8491 6.6362
5.4782 4.9979
4.8805 4.3503
5.1195 5.8882
8.0185 4.9885
2.3663 3.8740
4.3854 4.6351
5.8070 2.3744
5.9232 6.4814
7.7147 8.6918
4.7645 6.4319
1.9205 4.0044
7.5553 8.7422
8.5694 6.5676
6.3941 6.1936
4.8034 4.8034
5.4565 4.5363
6.9623 4.6932
2.0206 7.9221
1.5479 6.1699
6.9969 6.0970
7.7099 4.7546
5.8896 1.7348
1.5115 1.5979
4.5627 1.6371
4.6224 8.1561
5.6149 3.6897
6.0133 4.6288
6.2058 5.9810
1.8615 6.8101
5.1868 8.1478
8.1720 8.0086
3.4940 6.6587
3.9294 4.0146
4.9682 9.8247
8.1756 5.0430
6.7788 4.7408
6.2507 6.2587
6.0164 7.8958
6.6647 6.4698
6.2337 6.8709
5.8140 5.9672
5.4047 7.2268
7.1402 5.2352
4.5733 4.6260
4.7565 6.2832
7.2818 7.3199
5.2276 4.6678
6.4082 5.1323
5.8294 6.1034
6.6907 5.9650
6.7171 4.8631
7.3383 3.9252
6.6865 5.4242
6.4127 6.0580
5.7802 6.0997
6.6753 7.6781
5.8640 1.7014
5.4228 7.4041
5.9157 6.5732
6.9949 6.9045
5.5574 7.1975
7.7577 5.0159
5.8844 5.3091
1.4253 1.7467
7.4400 8.3630
8.6694 9.9648
1.6323 1.7440
5.4428 4.5055
4.9929 4.6743
4.6283 6.8482
5.6034 5.3571
6.1675 1.6241
4.9311 7.0346
6.8819 5.6675
6.5273 6.0964
5.8797 4.8840
5.6732 4.4139
8.8186 5.6950
6.4392 3.9532
6.0685 3.7567
9.0162 5.1362
5.5549 5.9093
1.5978 7.6212
9.6986 1.7496
9.0288 7.8471
6.7727 8.5853
7.0820 5.0601
4.1137 6.5310
6.2042 8.2515
4.6319 5.3942
8.8296 2.8064
5.9556 6.4225
5.0608 5.4542
7.1697 6.6035
5.3194 7.1009
4.7446 1.6216
7.4819 6.7552
6.6284 6.5166
5.0147 4.6422
7.3614 4.2176
4.6993 6.1167
5.4164 4.1163
3.1413 6.7505
6.6388 5.4147
7.4225 5.5390
6.3029 8.9046
6.6320 5.2049
5.2297 5.7382
6.2928 1.3245
5.4433 5.6844
8.1627 3.9701
6.6275 8.3504
3.8247 6.8537
6.5520 1.4696
3.9421 5.4894
6.2967 3.6821
4.8810 8.7441
8.2868 4.1908
6.8786 5.2168
6.4792 5.2909
8.4831 4.9905
5.7150 4.2376
4.9795 6.1400
7.6328 8.9195
7.8167 7.9313
5.0051 6.1704
9.1961 5.5194
3.8665 5.2683
5.3343 10.4849
5.5150 5.9846
5.9415 5.0795
5.8864 7.4920
6.1812 5.3217
5.6613 7.9544
4.7117 3.0638
5.7438 5.3425
5.1835 9.1181
5.8502 4.9903
4.4193 8.5699
4.6351 5.3991
8.9384 8.4826
1.6778 4.3257
1.5640 8.8849
8.4974 8.8786
6.0951 7.5577
4.5560 6.0958
5.4020 7.0493
6.6815 7.9479
5.2690 6.3492
4.6411 4.6842
2.1633 8.1723
6.4826 6.8624
1.9432 5.8159
5.7874 7.4485
5.1980 7.5783
5.9830 7.9383
3.7347 8.5470
1.6517 5.1849
5.1081 9.3788
6.0577 2.8658
8.3560 3.8009
6.7874 3.6102
7.4956 8.3753
5.4241 6.8226
10.0055 6.1826
4.7801 5.8579
6.9794 7.0476
6.2908 6.0271
7.7996 7.6615
4.6619 6.3362
6.2412 6.5825
5.5649 5.5427
4.8504 6.9842
1.9195 5.8255
6.1701 8.8229
4.0083 7.6477
1.5902 7.2607
5.7922 9.3371
6.0409 6.6795
7.3529 3.5986
8.7085 5.0918
4.6376 7.1216
4.5424 1.7359
8.1728 7.2399
7.5038 2.7213
5.8006 6.6117
6.3127 8.6887
6.8693 8.0212
8.8205 5.8111
7.8102 7.1039
6.2402 5.3344
8.4055 8.8271
1.3133 7.8065
6.2969 5.2563
6.1685 1.6044
3.4978 6.0379
6.2081 4.3444
5.8453 5.5816
4.5437 7.4412
8.0108 7.0456
7.3697 4.9240
5.0407 1.8045
6.9282 5.6406
5.2367 5.2398
3.9132 5.5842
4.1419 5.8914
6.3595 6.3605
5.9453 8.7834
4.5424 3.3731
6.1626 7.9037
5.4545 7.3335
5.0751 6.9870
7.6112 4.8030
4.4886 8.0081
7.1611 7.5944
6.2762 5.3604
1.9508 6.3785
6.3652 5.6648
9.0628 7.7377
6.8775 8.7963
8.2050 6.4062
5.2591 8.1627
6.2999 5.2684
5.8335 6.7828
4.7283 1.3145
5.9633 8.1482
4.9882 4.6999
4.1295 5.9389
6.6502 6.5198
5.2980 4.5454
4.3444 6.9513
7.0044 6.3640
3.2613 7.8908
6.7845 6.8730
7.3908 1.6482
4.1743 4.8873
4.0537 7.3316
5.2903 4.8824
6.2246 5.5875
5.9935 5.4856
4.5289 7.3180
5.1426 10.3240
1.8517 5.1125
6.9956 6.6987
4.6738 1.7443
6.1443 1.7747
8.6700 2.1011
6.3405 5.1562
9.4186 8.1944
1.4955 1.7045
7.9865 5.8062
2.0395 5.8608
1.3114 7.3718
7.1001 4.8033
3.9891 4.7762
6.3820 7.4914
5.0976 2.4404
6.7089 5.4490
6.0494 5.7539
5.2118 5.5230
7.9832 6.3591
7.1367 4.7651
5.2014 2.0527
5.8441 5.9496
4.9171 5.1052
5.4943 6.5485
4.4175 2.7856
3.2382 4.4130
7.7905 1.2374
5.5972 1.6860
8.9666 5.0607
8.2017 9.2488
1.8821 6.0841
7.9332 7.4025
4.9733 7.3786
6.9201 5.4315
7.3757 8.4707
5.5821 9.3838
6.1725 5.1089
4.3389 3.7044
4.1933 7.2416
3.8550 5.7183
7.9310 5.1799
6.8671 7.8517
5.6038 9.2653
8.1037 7.1250
5.3494 7.4397
5.8696 7.6748
1.9021 5.5654
6.5497 5.3632
8.3941 6.7282
6.1395 6.0180
5.6624 5.3970
4.7399 6.4716
6.2782 5.5667
5.7326 4.8626
6.0714 5.7670
6.8653 5.9724
7.1787 5.7884
5.7512 5.7780
5.7963 5.7813
4.6331 4.4493
5.0573 5.8026
6.4308 6.5048
5.2489 5.9944
4.0900 5.8216
6.8634 5.6437
7.2154 3.9954
1.8429 3.7392
6.6265 6.2432
4.3503 8.2504
8.0800 6.2263
6.4285 5.0756
4.1464 4.8401
3.2810 3.9156
9.7827 5.8221
2.4788 4.1698
6.2687 6.0650
6.0648 6.6229
7.6394 7.3854
1.5954 5.6073
5.8910 7.5689
5.9665 5.7785
5.3360 5.0680
6.0882 4.9013
3.4147 6.8693
4.1695 8.3104
5.3160 7.6416
7.2717 4.0713
5.2980 5.7011
8.0234 9.2270
5.1865 7.3153
8.1447 4.2374
3.1755 4.9162
5.4504 6.8507
7.7350 5.3005
5.6630 5.9482
6.6897 1.4163
5.2860 4.2869
5.2259 5.4391
8.5741 7.5775
1.3931 5.7851
5.4250 1.5853
4.3707 4.7482
4.2518 5.6344
1.7947 3.5592
1.6840 9.7681
6.1714 1.6981
7.7208 6.8242
4.2591 2.4809
5.6358 4.7464
4.6289 10.1043
5.7794 5.4761
3.8540 8.4945
5.6799 6.3129
6.6266 6.1341
5.6530 6.2231
4.9672 6.1832
8.4621 8.4459
5.8590 4.3873
6.2003 5.8091
6.0449 6.8267
4.0986 8.8993
7.9853 5.9255
7.1112 5.8227
1.9093 8.5592
5.8144 5.8038
4.4490 7.5303
1.5469 6.5049
9.7917 10.1896
7.8995 5.8593
1.6379 7.1511
6.8531 7.4800
4.3491 5.4765
4.8797 6.2773
5.2133 6.3968
4.9551 5.7144
8.1606 6.7175
5.8139 4.1237
6.8730 5.7012
9.3986 4.5917
5.4793 4.2965
7.3755 5.6154
5.7532 1.7081
5.7000 6.0549
4.1618 6.8045
1.8094 5.3563
7.0180 3.9153
4.8446 8.4538
8.7211 7.8707
4.6187 5.6853
6.2715 4.7133
5.3238 5.2296
6.9704 6.7820
6.1594 8.1516
5.4289 3.8616
6.2249 5.9570
5.8436 8.5694
4.9383 5.4403
6.7103 7.7233
5.1196 5.4962
7.5351 5.9262
1.7056 7.7632
7.1584 5.8919
6.1080 4.8968
6.3040 6.4772
7.6365 6.3538
6.8064 1.6947
4.4520 6.9620
6.8947 7.6496
4.2196 8.0165
4.5734 8.7546
4.9583 7.2513
3.8309 5.6329
7.4321 4.8432
2.9221 6.5820
3.1926 6.1030
6.2568 4.7778
7.3224 6.4270
6.9064 5.5235
5.8886 7.6071
5.7241 6.0236
8.7692 5.3018
6.2914 5.5915
4.7832 6.5585
8.4358 4.8557
6.0510 5.8954
3.5463 7.1152
5.5404 5.1571
4.3372 4.0698
4.3305 4.6514
6.4234 7.9932
5.9522 5.8001
6.1285 6.2251
4.8840 4.7013
5.9699 4.9531
1.8033 4.4324
7.7619 5.9194
6.2466 4.3679
6.1823 7.4079
1.6805 4.3371
5.7925 3.2789
1.3366 7.3236
5.1315 6.7550
6.0669 6.2802
4.4815 5.2250
4.3867 5.7230
8.6783 6.0370
6.7283 1.7299
5.8747 3.4670
1.6406 6.3145
6.2119 4.1500
4.9143 8.0908
7.2569 6.8116
5.0497 3.0988
6.9804 7.7321
7.9013 6.5730
5.0257 5.4782
5.6982 4.1131
3.1194 5.2567
5.9877 5.3315
7.4108 4.7069
6.4981 6.1673
5.0409 6.6516
4.7673 7.3783
6.3552 5.5828
5.9983 6.3108
8.8276 4.6064
5.0357 3.5585
4.9788 5.2069
2.1993 8.0340
3.8922 5.6194
5.2260 8.0098
5.9424 7.8254
5.2544 4.7270
4.8569 5.9329
6.8103 3.7261
3.6845 7.9076
3.9519 4.4908
5.1421 6.0224
5.6481 5.9487
7.5087 1.2807
7.9725 4.7297
4.3029 6.2110
2.2869 3.0764
6.7549 7.2510
7.0144 6.3062
6.3638 7.2076
7.3341 5.9185
6.6272 4.5410
1.6933 6.2234
5.5390 7.4986
5.9380 6.3875
4.3120 4.8994
7.9299 5.5534
4.6860 4.3669
10.2076 1.5603
4.3888 9.1943
4.9572 5.4762
7.0900 7.1631
6.7545 7.4502
5.6903 5.7926
3.7244 2.1594
6.0565 5.1446
5.8396 7.9691
5.8678 7.0168
1.3222 4.8934
6.7686 6.1167
2.6652 7.1200
3.7889 5.4115
6.3125 5.6483
4.5754 6.5603
4.7161 4.4522
3.8118 1.4788
6.2669 4.6042
4.3782 8.1159
7.9115 7.2743
5.7519 4.6486
5.9767 6.4197
4.0775 3.7200
5.9522 4.2281
4.5648 7.3952
5.1306 1.6590
6.5955 5.8394
5.5964 3.3962
1.5808 3.8782
8.7222 4.0307
4.3865 1.8141
5.3034 4.2408
1.6831 3.9181
8.8016 8.4526
9.0040 6.9935
5.1122 4.4416
6.2744 7.0035
6.3931 4.2422
5.3674 6.7541
6.6061 9.7759
6.8034 8.9413
5.3242 5.6860
6.8966 4.8036
7.7193 9.8514
6.2679 7.4680
4.4968 8.9155
4.3921 5.7941
7.3536 5.5087
4.6772 7.4738
5.6352 8.2723
4.1765 6.6152
6.6107 1.6078
7.9024 3.8992
6.4631 4.1802
4.5563 5.4571
8.1081 6.9990
5.3002 5.7111
4.1646 2.8044
7.8559 5.7268
4.6518 6.5354
1.9464 5.9120
8.9426 7.2073
3.4389 6.0023
5.6078 5.4357
6.3090 5.0357
5.6056 3.2667
6.2626 7.3883
6.5233 1.5429
4.2793 1.9972
2.8201 8.2211
5.7561 6.9399
6.1075 5.2177
6.2925 4.7093
6.1518 6.8754
5.0972 6.1467
4.2952 5.4112
5.2736 7.6188
4.5341 5.0898
5.9274 4.9973
6.6722 6.3100
7.3010 6.0011
6.1967 6.2238
5.9441 4.2589
4.1154 2.6930
8.4077 6.5610
5.4532 6.3082
5.4161 6.1947
1.3316 1.4878
1.5879 5.3124
5.9768 5.5358
4.2956 6.2131
5.8052 5.2067
5.7123 3.6361
5.0311 4.6395
6.1954 5.6655
5.0100 5.1202
8.0653 9.0996
7.8240 9.2505
5.9014 8.3407
4.6161 5.7249
5.5576 7.3281
2.7735 8.0228
10.0478 6.4994
7.3522 2.8657
0.9943 6.7236
4.3911 5.9548
6.2554 6.2799
5.6814 6.6365
2.8771 6.6373
5.6171 8.1186
5.3355 6.3498
5.3369 8.2803
7.9372 7.9118
1.6295 3.9347
4.3557 5.6380
6.1614 6.6995
7.4499 8.4413
5.1939 7.9907
5.5967 5.2004
3.8677 1.6397
4.0431 4.8755
6.3158 5.3810
5.1811 6.9235
8.8020 5.6914
4.5597 5.6323
4.6716 4.7770
8.2714 5.6490
6.8768 6.4539
5.8331 4.1901
4.5777 6.8293
5.0486 5.2694
7.2172 6.5227
6.3205 7.0314
1.4482 5.1423
3.5348 5.9476
5.5217 5.0511
6.3878 7.6464
5.8378 5.4761
4.9332 7.3937
1.5195 9.0202
5.3659 5.7528
1.6070 6.5100
6.7220 4.5813
8.5892 9.5207
8.2331 6.2595
1.7354 6.9396
7.5067 5.8422
6.4747 3.3506
4.6066 7.9955
4.9296 6.4212
7.0353 6.8215
6.4946 7.2834
5.6479 8.5858
6.1855 7.7405
1.5527 6.3935
5.7364 8.3844
6.4605 1.5835
3.1989 3.5305
8.3320 8.8975
4.6557 7.5763
4.2939 6.9762
7.2234 1.5631
4.1873 5.0478
5.1760 7.8624
9.2726 4.4190
8.9375 5.5334
4.1901 6.6665
4.7239 7.0541
4.5677 6.7280
6.7889 5.3111
8.1579 6.7505
4.5978 3.7628
4.3322 5.0997
5.7935 4.9473
5.6933 4.5517
5.6933 7.3111
5.8332 9.1312
6.8685 4.6592
4.4591 2.6739
6.5974 4.9201
11.7574 5.7472
6.4463 5.3979
6.0294 9.3703
4.8784 6.1828
6.4501 8.7815
7.8066 1.6748
4.5133 6.9687
8.1311 5.4611
4.2881 6.3288
5.8013 5.0939
5.1130 4.5328
6.0461 7.1122
7.2325 5.9707
8.7029 7.6343
8.2107 6.0872
4.4408 2.3562
4.4340 6.9536
6.5168 6.7932
4.8009 6.5651
3.7886 4.7575
3.2040 7.4921
5.2685 6.6546
8.8933 6.0425
5.5124 6.0010
6.7463 6.5015
7.6556 8.2014
1.6248 5.1781
4.0339 4.4792
5.0702 5.5558
4.5864 3.9920
4.9462 9.1841
4.1163 6.5475
7.5098 5.7605
5.5254 6.4707
8.4489 1.4952
9.5951 1.4161
1.5904 7.1685
3.9792 5.8299
5.3116 6.3596
8.6493 4.7898
6.5634 6.0289
5.0265 5.1923
2.6175 4.2263
5.4917 6.8949
6.0595 5.5908
5.4184 6.3245
8.4434 5.4017
7.4572 5.1651
3.5099 4.6559
5.3380 7.4550
6.3911 7.2400
3.0237 7.6049
7.5415 6.2004
5.5129 5.5734
7.4268 4.8675
5.7581 4.3426
5.7449 4.1870
3.2112 5.3116
7.8787 7.3711
4.2239 4.6726
3.1826 9.0944
4.7383 5.1580
5.9104 7.4373
4.6265 5.5228
7.9256 7.6152
7.4531 9.2965
1.7271 6.0871
6.5196 5.8786
6.2434 6.8413
5.0560 7.0251
3.3318 4.3677
6.0457 5.1789
5.0175 5.7716
8.0931 6.7356
6.9203 8.7253
4.8494 6.7727
6.7568 3.4202
5.0894 7.9485
6.2316 7.8162
4.3336 8.1586
6.4382 7.4543
4.1345 5.1245
8.1284 5.3120
1.8403 4.9730
5.4827 4.6747
6.6475 3.4887
8.0052 5.4871
7.6054 5.0906
7.2877 7.0851
6.0310 6.1547
7.3855 1.4683
6.9208 7.7628
1.5486 4.4930
4.5356 7.4897
6.9327 6.6409
7.9990 6.8318
5.8238 6.4850
8.4416 5.4039
5.4158 9.8355
5.6165 8.4595
6.4341 7.0581
3.4151 7.2449
4.7745 7.1279
5.5484 4.9309
7.5848 1.7441
4.5818 5.5796
4.3811 5.5591
5.7929 8.7261
7.2036 4.0777
8.2174 9.2547
4.7268 4.8560
4.9628 4.2450
5.8091 7.3069
3.5531 6.2528
3.9147 3.8657
6.3765 4.4365
4.1349 3.7566
7.1193 3.0534
8.5443 4.1875
8.8894 5.6399
5.8637 4.5259
7.6293 6.4188
5.0584 5.6708
6.5228 5.4832
5.8057 5.7029
6.4299 5.3610
5.6239 9.6192
1.7816 4.4990
5.0941 4.9948
7.8291 8.4510
7.1443 6.1379
4.9481 5.3760
4.7171 5.4096
5.9868 4.6978
5.9867 4.5722
3.6193 7.3260
5.0303 4.4049
5.6568 1.7832
4.8891 4.4659
5.9513 5.5304
4.6387 3.9025
6.4921 5.1359
2.5864 1.3010
2.6285 9.4394
4.2733 8.6362
5.8400 5.4503
6.6296 7.0253
6.9290 7.7685
5.0423 5.3235
6.3604 4.8188
7.5134 2.1037
4.9352 4.4355
4.6546 4.8334
6.3378 8.8636
5.4531 6.7894
5.1960 5.0062
7.4047 5.1815
8.1940 6.2555
4.6063 5.2847
6.4682 6.1012
6.1558 1.3668
8.6769 6.4737
4.0786 9.1072
5.1338 6.0415
4.4543 8.5535
5.3500 8.4198
4.5571 5.8483
8.1684 5.4716
5.0929 4.4492
3.7659 5.1749
5.8696 5.8855
5.1423 6.0745
8.3959 7.4726
5.4127 7.1229
4.9655 6.2530
4.8681 7.4241
5.6271 5.0320
6.2146 4.8018
7.0407 7.0527
7.0651 1.5485
7.1066 7.2856
8.2678 6.1088
8.4236 7.4841
3.6429 5.7394
6.6565 5.6630
7.6986 8.2943
6.6059 6.3614
4.6146 6.2360
5.0320 6.2819
8.4365 6.4792
6.6344 3.7631
4.1035 2.5635
4.4884 7.9900
9.3023 7.4415
6.0127 5.2269
4.3213 7.0289
7.7221 3.8411
4.4957 6.0763
5.3234 4.2886
7.2137 3.9123
5.3603 8.3062
5.4458 5.7158
6.3005 3.8817
5.4871 7.1909
1.3917 3.7414
1.7584 4.6166
4.4573 5.2456
6.6336 7.3760
5.7617 6.2735
2.0140 9.2897
6.7665 6.0100
6.5635 4.8945
7.4801 8.1671
8.0969 6.3000
5.8224 3.5687
3.2786 5.1710
5.9165 6.3454
1.7400 4.4205
4.4450 7.0963
7.5066 6.8387
4.3281 5.9751
6.1158 5.4555
5.5368 5.5099
5.6545 5.1570
4.5447 5.5730
6.9924 7.8330
5.4553 1.3950
4.6943 5.6160
8.1736 6.5162
5.7768 4.1267
6.6062 -6.4135
9.1814 -1.7590
2.4497 -11.8479
-3.6637 -5.3537
-5.9882 -1.9830
-2.3978 0.0710
-4.6119 2.3825
-5.0972 -5.1037
-0.8079 -2.5223
9.6620 -0.8427
-5.3278 3.0821
9.4676 -8.0786
3.8258 -4.5721
11.4199 9.6933
-4.4144 -7.6421
-2.5964 -5.2363
2.8712 11.7533
9.1506 -3.8185
8.9573 4.0089
2.9999 -7.5744
6.5696 -5.9572
10.3588 7.6844
7.4463 3.9686
1.7066 -0.9888
-0.0804 -3.6981
3.2376 10.7541
3.3315 3.5813
-3.5569 3.6379
-3.0768 -3.2158
7.3970 3.2898
4.6029 8.2652
9.8380 2.3693
-6.4199 4.9739
8.3242 9.3357
-5.0226 -6.3086
2.4416 -1.4566
4.4817 -4.8888
9.1360 11.4552
7.9259 10.0908
5.9133 -3.7055
6.7598 5.1372
-5.1979 3.9894
6.6213 2.6714
4.2754 -4.5946
8.7979 -7.7465
-5.2799 -1.8144
-2.1122 0.7873
-2.1737 3.1307
3.5411 -11.2877
3.9663 -7.2484
5.3520 -6.5176
-1.5021 8.7797
9.0848 6.7666
-0.7689 -5.9154
6.0853 9.4824
4.3962 6.0457
9.5821 6.6958
-6.3267 -3.4652
4.4102 -3.1500
2.0850 5.9747
10.2756 -1.3772
-1.3593 7.3388
-2.1764 -8.1014
11.8861 3.3189
-2.0536 5.6460
0.6077 -3.3148
-4.1387 3.4850
4.1781 3.4971
8.8193 -6.3839
2.4321 5.8561
-1.4234 3.4453
5.6922 -7.6133
7.5263 -3.9206
8.3508 3.0853
7.6241 8.3721
7.0656 -5.8765
6.1203 8.1746
10.2727 -5.4764
-8.4111 4.0619
-1.5495 4.4426
4.6565 -5.9280
5.0100 -7.1977
-6.2121 -6.2074
4.5887 3.9332
6.4681 -5.9266
7.4846 -8.6048
3.7841 3.7614
4.1017 9.8355
10.8196 9.0283
6.4821 7.1200
10.0123 -6.9245
7.1730 7.3940
-6.4043 2.0530
7.7043 9.1032
3.3295 5.7266
4.0269 4.7635
-6.7432 6.9087
-8.0468 -7.9425
6.8169 6.2828
7.9132 -2.9582
-1.3715 2.8030
-5.1738 -6.5603
8.9631 4.2796
3.8871 10.1030
9.2837 -7.1941
-1.2318 3.7790
4.0024 3.1355
-2.7292 3.7416
-3.8273 3.9985
-4.3715 -2.1904
-10.0111 2.5062
4.4755 -7.2119
5.5645 -4.4857
-4.4901 5.4218
1.5558 6.7220
10.1441 3.1819
8.6492 -4.9076
-1.6819 2.7348
-7.3743 3.4914
-7.8198 -3.7729
6.0569 6.2135
-2.7609 4.0318
5.1076 10.4812
3.8133 3.4286
-6.6904 -2.7495
7.6849 7.8091
-2.5682 -2.8668
3.3644 -4.3940
-6.2852 3.1256
9.0884 -5.6998
9.9168 0.1475
3.2425 9.2324
4.3256 6.3531
6.9444 -5.5639
1.7502 11.1521
10.8564 3.7705
11.4527 -0.9032
3.2874 -4.2418
9.4098 -5.6593
5.4779 8.2487
-5.7266 2.5041
2.2519 7.1487
8.5364 1.2171
3.1830 8.3698
-0.7706 3.5974
-6.0688 -0.2303
-6.7001 -4.3013
-1.5133 -4.4703
4.1264 -4.0214
3.5594 2.8191
-6.4264 3.9624
-4.6285 -6.1128
6.1421 4.1637
-4.3030 3.2857
-5.9724 0.1386
4.4729 4.6485
1.9631 -6.5366
8.9864 -2.4166
3.5982 8.9464
-3.8008 -5.3894
3.8222 8.1639
-8.3566 -5.8341
6.5714 9.5460
3.9872 3.2408
-7.2748 3.2915
-5.2952 3.1906
4.3946 -2.9769
3.7366 -4.1433
11.2057 8.9954
-2.7580 2.3795
-9.3271 -5.5687
-6.6493 1.4506
9.0918 -8.6129
9.7226 -9.8124
3.7352 3.7041
-8.3695 3.4650
6.4758 8.5091
-5.6439 5.1176
4.6600 -4.1221
-6.2539 -3.1847
10.5240 0.0329
-11.5865 -3.1545
8.2870 3.8893
1.1632 -4.4990
11.3622 9.7197
-0.0174 9.7784
-5.3422 -1.2512
9.9986 -6.9891
2.9840 3.3350
-8.6276 0.9455
-4.9500 6.4793
-4.8175 -2.0077
7.6919 3.1406
9.5158 -2.6587
4.8852 4.8248
3.4884 6.8956
8.2046 -8.4166
-0.2038 -0.8076
3.0775 -4.6078
-1.4514 -4.3383
-9.6572 3.3197
-7.8940 8.5699
-3.5058 0.0365
-1.3033 8.6011
-1.9098 -4.0233
-3.7851 -7.5638
5.5802 -4.9300
9.4969 -3.4275
-8.5547 7.9845
3.3366 2.9892
7.8862 8.4994
6.9852 -5.3575
2.6657 8.3299
3.9077 9.4888
-5.1458 3.9694
-5.4677 3.5319
-3.8548 4.1890
8.2472 -4.7282
2.4826 -2.5939
-0.3249 2.0576
-4.5169 3.2096
1.6774 4.3061
7.9478 -4.1171
6.2516 -4.4440
8.1061 -3.5865
-9.1327 -7.8787
6.0113 10.0384
4.4079 2.9969
-6.1918 3.2248
-0.6434 -3.9254
8.7120 3.3570
7.4148 9.1583
2.5168 8.6527
-9.3308 3.6252
-0.8368 -0.1303
5.5467 -4.1762
-7.2787 3.5446
9.9927 6.8276
-3.2348 -2.4460
-3.4926 2.9337
-6.2043 8.1716
3.9950 5.0611
3.2851 -2.2762
11.6589 7.7328
2.9411 7.4578
3.2709 10.0647
-7.8614 3.8971
-5.5790 3.3160
0.2172 -3.9532
4.5878 -2.0980
3.3284 3.5967
7.1011 -3.9230
-9.1444 3.9265
5.7442 -4.4499
-3.0931 10.4159
3.6752 -5.4398
8.2258 -3.9619
-2.4777 -5.1201
9.1339 -3.7956
-0.0007 3.3828
-1.8515 3.2073
7.4602 2.9700
7.9121 8.3892
3.4510 -5.3341
6.8706 4.6415
8.2465 1.4070
-3.0963 6.0210
-7.4829 -4.8095
4.9659 9.1182
-3.8557 -5.3731
-7.4869 2.1564
6.6786 3.4331
3.0608 2.0539
12.6358 -1.7650
-2.4990 -3.4651
-8.0524 -13.5932
-0.4159 -7.3653
11.3891 2.6698
-7.8012 3.5839
-5.3723 7.0836
-5.1467 -3.6160
2.9988 7.6507
-4.2370 -7.8551
2.2489 8.7482
6.2652 -8.5170
-4.3202 7.8930
1.2794 3.2158
7.2438 7.2625
2.7162 -6.6907
7.7516 6.9958
4.6102 -2.3469
-5.3539 8.2704
3.7236 -4.8653
3.3474 -6.7514
3.5422 9.5031
-5.1513 10.2784
-4.3981 -3.6110
7.0943 6.7971
-6.2527 7.3584
11.0014 -6.3365
-3.0819 4.3794
8.8700 -4.5223
-4.3594 8.1035
2.8886 1.9581
8.0918 5.4076
-8.1550 -7.0767
-0.8821 4.0648
-3.7576 3.8802
-4.7655 3.1572
2.4168 -7.9222
3.7030 -2.9133
4.7233 4.4391
3.1318 3.3495
-7.7206 8.7946
8.0818 4.0106
-4.6547 3.7176
6.2563 5.0719
-1.0204 -5.6532
4.1085 -6.7236
-4.3852 7.7943
10.1545 -6.4053
8.3690 7.9516
-3.2471 -3.0010
-3.8861 6.3480
3.0551 5.0898
2.0531 2.6643
2.8013 -5.2450
-6.5678 -0.9428
3.7032 -7.3389
0.5791 2.5383
4.5163 -4.8866
4.6259 -5.1587
1.0505 8.4559
3.2403 3.8062
-4.8617 -0.7421
-7.9772 3.3823
-2.6522 4.8373
5.7080 6.9333
-1.4752 -3.6790
5.5091 3.6248
6.4632 0.4446
-1.0676 -5.7112
9.8570 0.3051
4.4270 3.5189
9.3687 -8.3178
3.8419 11.6995
10.8397 -6.9675
9.8520 -4.7022
-4.9322 7.9305
-3.6274 8.6510
-6.4095 8.4398
8.4920 5.3227
4.3640 7.5890
-3.7644 -4.6196
-2.3370 5.6310
-10.5646 7.6921
-3.1018 -9.7002
2.5367 8.3255
2.4484 5.6213
-11.5289 7.4681
-3.5106 3.0214
8.1665 -9.3221
8.3240 7.4405
-10.7758 9.8803
7.7521 -5.0998
6.4892 5.5484
11.6101 -0.8186
3.3996 3.9697
-3.6811 7.5343
4.1538 -7.8577
3.2857 6.5225
9.1787 -3.9123
8.4078 2.1468
-2.8531 -4.9524
-4.4111 -8.0856
-3.2053 -6.0944
-0.9419 8.1432
-7.7923 -7.1834
3.4795 -8.0679
-5.8481 -1.9165
4.1619 7.7513
-0.0832 -5.9463
5.7229 -0.8077
3.5399 2.9740
-3.7964 -5.3944
-5.9437 -4.4708
2.9813 2.8359
2.6590 1.7709
-4.3015 10.2478
-6.4958 7.5686
9.7284 8.2246
4.9730 -0.9931
4.5077 -2.8672
9.0194 -7.2227
-0.5376 -5.4778
5.3005 10.2966
-3.8916 3.7782
-11.8296 7.9831
2.9867 8.4243
-6.1561 7.0394
11.3418 5.7675
-4.5360 3.3567
-5.3165 -1.9948
8.8646 3.5555
2.8208 -7.4847
3.1232 8.0838
-3.5870 8.6283
0.4395 -4.9640
-3.5828 4.7892
4.4535 5.9331
7.4427 8.8550
7.1583 1.9548
-0.9718 3.6065
-3.9034 -1.6266
-5.6893 -6.3255
-0.6931 -3.3690
0.2213 -8.0081
7.7940 -7.2645
3.2960 7.2188
-4.0500 1.0474
10.2311 6.7851
-2.7664 -6.1857
-2.1197 3.9043
-2.0368 -5.4777
-2.0707 3.7710
6.2607 6.2258
-6.1619 2.8598
3.2050 2.7718
5.2636 3.0183
-0.4175 3.6886
6.3324 -3.1892
3.2690 -7.1840
-5.4819 4.3760
9.2932 10.0913
3.4080 -5.9840
-2.3939 -4.2954
-0.4070 6.6436
3.5940 -3.0015
3.8253 3.9341
-3.4533 0.6012
2.4494 -4.3899
-5.1115 4.0062
0.1930 -2.5074
3.3097 4.5604
-0.6176 -8.3703
8.5514 6.0712
-4.7131 2.3190
-0.5227 8.3561
6.4229 10.5077
8.3168 -7.2734
-7.0459 -9.1135
-7.5177 10.3217
5.7979 8.7204
1.2010 -5.1430
-7.5168 7.7667
-6.7183 7.1429
7.4574 6.3729
-4.9054 -4.3078
-3.2768 -5.5855
3.8338 8.8901
-3.4335 3.6831
-1.3380 6.1915
-2.7182 9.2218
-3.7394 10.9723
1.2845 -0.7152
-7.0262 3.0374
9.6043 -4.8927
-5.0389 3.5360
-3.3807 -5.4896
4.7330 8.8580
12.0362 3.3426
-3.6623 5.5576
4.1834 8.6027
7.3058 6.9640
5.6518 6.6961
8.2556 7.2010
2.0143 7.1913
-5.2235 -5.7649
8.6077 -3.9678
9.4943 -0.8871
10.2768 9.6071
-4.2571 -6.2183
3.2089 8.8768
2.6018 -10.0392
-2.5767 6.4163
10.3825 2.3892
0.4744 2.6403
7.1260 3.4027
3.4602 1.0862
3.0564 9.1229
10.5450 3.0021
4.0521 6.2025
7.2013 8.6750
4.8459 6.6244
2.9557 8.2727
3.6167 8.9295
3.0676 3.1020
9.9044 -8.6402
-6.5571 -5.2302
3.7754 1.8134
-3.2291 -5.7790
7.3527 -14.8488
0.1122 -3.3399
5.9547 -5.3750
4.2020 -1.6752
9.0319 -8.6506
-7.2217 4.4952
0.6653 -3.4233
-4.6493 -7.7738
3.5681 -1.0308
2.9217 -0.6992
-0.8127 -5.8491
2.8895 -8.5533
-5.7956 -5.2058
6.6251 7.2488
6.7606 3.6723
8.2114 -9.3019
3.2528 -3.3403
2.0357 0.2174
4.3275 -9.5792
3.9274 6.6871
9.2159 -3.9409
11.9362 12.1211
-4.4506 -3.9167
-3.8919 0.8407
9.6482 5.7822
7.1685 -4.3891
-5.6378 -4.1515
7.4032 -6.2559
3.2376 -5.5520
-3.2530 1.8595
5.7828 5.6677
8.9359 2.9463
9.5719 4.4119
4.3490 -4.1850
-0.9132 -6.2542
-5.3112 -6.0838
-5.4747 3.5657
3.7697 -2.8542
3.3194 4.1861
7.0318 -8.3605
-7.7398 -1.3940
9.2736 9.6327
-6.1506 -0.4912
-6.9766 6.8589
4.1358 -5.4134
-10.1820 7.2037
-8.8024 5.0798
9.9106 -5.0846
-8.5044 3.5429
5.4807 10.2154
-3.6739 -0.5454
-8.6068 11.2081
3.5869 3.4730
-4.2512 7.3765
3.1741 -3.0649
7.2768 -4.0487
-4.1632 7.3530
-2.3679 -0.5138
-4.4414 -9.3934
7.3381 10.7510
8.5343 -6.5948
-1.8774 -4.8499
6.1564 -1.9134
9.2239 -1.8895
10.6821 -6.7157
-3.2405 -0.0219
3.1402 3.5429
4.1326 4.0232
-4.5558 8.4497
6.3121 -1.6148
-4.1589 0.5674
-1.5920 7.3889
-3.5683 -4.6335
3.8867 8.7986
10.3057 7.9872
-1.3574 -4.7543
2.4303 8.8744
8.0074 3.5717
7.5188 -9.7341
7.9509 7.3789
6.4954 8.6047
6.7760 -3.9479
7.7143 -2.8201
9.9455 -4.3882
3.1581 8.1192
3.5046 -5.2162
3.7787 3.4522
0.6114 3.1770
-6.5064 8.7452
9.7977 3.4846
-1.3915 -1.0100
-7.4474 -0.1127
8.8515 3.6954
1.0342 5.7990
-4.3069 -8.0479
-3.4603 8.7978
5.0246 -5.9255
7.7380 -2.8200
10.0067 -7.4729
10.6664 3.0308
9.0600 -4.7372
5.4305 10.0395
8.0480 -4.0970
-5.8996 3.1486
2.9067 3.6361
0.8376 -12.7683
-1.4864 3.1507
6.1179 6.6878
3.0503 5.5875
-7.5219 11.6079
-4.3142 4.8226
3.5091 -3.6157
3.6252 3.2672
5.7526 9.9303
-7.5014 6.1504
6.4744 2.2007
-7.2981 -1.5068
-1.2234 4.5890
7.9733 -7.2086
8.9790 -6.0932
8.8341 -1.2305
-3.3278 -2.1139
6.6456 -2.8836
-3.2828 3.2333
-3.1356 4.6291
1.7529 3.7956
-2.8527 8.0887
-1.0635 6.8885
6.3975 10.8674
-6.4351 2.8765
9.0605 10.0458
6.5720 10.1077
3.4674 10.3456
4.3654 -7.6301
4.1375 7.0885
-1.1959 4.7512
-2.9000 -7.5791
8.0754 2.8878
-10.1287 3.7923
-7.9458 8.2873
-3.9697 7.3145
8.5335 8.2509
1.6145 -7.7094
-7.8703 -5.6315
3.9100 3.8885
7.5025 -3.2032
-5.8901 8.3662
3.6326 -2.8081
10.0712 8.1809
8.8438 6.1633
-11.0375 3.8640
6.6098 3.4213
2.1766 7.7520
11.4113 9.4857
6.1888 8.1552
11.3744 8.6056
-1.7847 11.4744
9.4393 -4.2994
9.3866 10.2331
4.2481 9.3321
-4.2142 -7.4633
4.5828 7.4605
2.9992 -8.3294
11.8371 3.6575
3.3462 -6.5355
3.7880 4.2098
-5.1032 -1.4750
9.2501 -6.7218
5.7388 -3.2273
-7.5012 2.7800
-2.8418 6.1398
7.5092 4.5961
8.7233 3.4404
-6.7185 -1.2826
10.1164 8.3766
3.0479 -8.4310
3.6301 -0.2224
-2.8994 1.2322
-1.5357 -4.5487
7.4104 9.8923
9.4044 -4.7217
6.9197 -2.5663
-3.8576 3.8051
8.3622 3.6344
6.4133 -8.4994
2.7972 -1.4005
-3.3232 -0.3624
-4.9343 -5.9301
1.3076 -4.7175
-2.7105 6.7303
5.0049 4.6736
-2.9911 -4.0946
7.5333 8.3172
8.0790 -6.4735
-5.1190 -4.3345
-4.3929 -4.3519
-0.7557 8.0557
-7.4831 3.5983
8.7582 2.5389
8.7837 -5.0926
-4.2682 4.8087
-9.5511 1.2857
3.3658 10.1139
1.5061 10.4071
-4.0840 8.1636
-5.2668 -3.6356
3.3176 -0.0644
3.1464 7.1912
2.2254 7.8747
7.1573 2.9776
-1.0039 9.6565
3.6098 6.3992
-6.8154 5.0230
-4.7594 -3.5128
-2.2454 12.5415
8.4869 -4.1563
-5.5792 -4.9265
3.2154 7.5062
3.4396 -0.4212
4.3618 -2.7754
3.2558 -3.8806
11.7683 -4.5801
7.7961 1.7668
4.1628 -7.3365
3.9463 3.2313
10.7865 3.9560
-6.5786 9.1546
7.6637 5.0384
8.4814 7.0764
-4.0752 8.1750
5.6976 3.7904
-6.0067 -2.0723
-1.5399 -8.7984
4.7591 8.0766
-7.6160 3.4553
-1.8821 4.1604
2.1513 3.3940
-3.9548 10.3831
-2.2076 6.8646
3.2254 -7.5698
3.0773 3.3942
-6.7525 2.8772
8.7233 -4.3672
-5.7121 -2.0600
-0.9570 -2.4850
3.6377 -1.9002
9.5775 -4.6221
-3.2724 -5.0511
-7.0139 -3.6895
-2.9646 -3.9473
1.8813 -5.0951
9.8166 -3.9403
8.1364 -1.8244
-7.0532 10.9393
11.6367 4.8455
7.7248 9.9120
-6.5224 -5.1443
3.2079 4.0129
3.0381 -4.9083
3.0649 3.6681
0.7509 -7.1565
-1.0281 5.9720
2.2518 3.9770
-6.7879 4.1577
7.6803 -8.2413
3.1802 12.9445
-6.6987 -3.3887
-4.3093 -6.0453
0.2506 -5.9229
7.4801 3.3647
-2.4347 6.9864
-2.2376 8.4166
9.2343 9.1587
-7.9681 7.8504
0.2447 -4.6687
-5.4894 8.1037
2.4127 -4.2473
6.6681 -4.2933
9.4892 0.1354
-0.8516 3.9180
-5.9684 1.5825
7.3167 6.9003
4.2231 -3.9872
-2.5423 3.7744
3.5071 -4.8898
-1.7319 10.1909
5.8146 -8.9031
7.6413 -6.0143
9.4962 9.4961
3.4713 -2.8774
6.3714 -0.2956
-4.0394 -1.7481
10.1178 4.7313
-4.9484 3.3398
12.4296 -4.2054
-2.6800 -6.1695
-3.3229 -0.3878
-2.7769 3.2927
-4.6959 -5.3906
5.7111 -4.0758
8.7528 3.9816
-12.5460 -10.6357
-6.2131 8.0795
-5.8226 9.2694
8.0429 2.9985
4.3695 7.4601
-0.8319 8.4870
-6.0993 3.1909
-0.8314 7.2403
3.2523 -8.0040
6.2230 3.1627
-0.5459 -5.1284
-5.1398 -2.1343
-3.8757 -5.4371
-3.2883 -5.0314
-6.7800 -8.1541
10.9892 -3.2037
5.9081 7.0215
-7.4037 4.1079
11.0459 8.8941
4.4490 2.1572
2.3472 6.8359
3.7510 7.4610
7.3559 -4.2367
10.5069 -6.9396
8.3975 8.6350
3.8265 6.6550
-3.7542 4.0098
8.6151 6.7320
1.6818 6.2868
6.1171 4.8308
2.6581 3.7715
7.5773 -7.2573
3.0854 3.7608
3.3501 3.0732
6.1264 11.7443
-5.2731 4.1030
9.9579 11.5810
3.2889 2.6637
-9.1377 -6.2367
-6.1761 10.5353
7.6571 -6.2378
3.5286 9.2522
8.1931 10.4832
-9.4840 0.3522
-7.3223 9.4259
-6.1219 6.8803
7.7679 -12.0025
2.8923 5.1148
3.7022 7.1775
4.2718 -7.0971
3.6620 9.1296
-1.7525 8.3393
3.1840 -2.7906
-6.3984 4.1383
7.4865 -3.7400
8.5230 -1.8679
1.1897 6.1317
-4.5193 6.9907
-6.4083 -5.2775
-2.5726 3.4637
-1.3275 -5.9137
-5.7719 7.5225
-7.4701 9.6403
3.5346 4.1576
3.3613 3.7860
-3.7858 6.9841
2.5576 3.5234
-7.2701 -3.1235
3.9653 9.6743
-2.2673 -3.8014
4.0374 6.4330
4.3785 2.9671
6.2834 5.4651
7.4786 3.9445
7.4381 7.6316
-6.4088 -3.8639
3.6448 7.0503
-5.1060 2.9624
-6.9547 -6.4013
8.1092 -5.4744
9.3213 3.8103
-6.3495 -0.9962
7.2378 -5.7371
8.6419 10.1340
-10.7366 4.5326
-2.4096 2.7132
3.6403 -5.7701
8.8005 10.0052
7.3725 7.4368
0.8142 -1.5156
-4.0298 3.1380
0.0276 -4.3112
8.3236 -4.0211
3.9194 4.5844
1.3098 4.0989
-5.5689 4.4831
3.4896 3.7980
4.5960 7.5739
-5.8532 0.9321
3.0260 10.9641
3.1504 8.0825
4.2810 -2.1058
6.2323 -11.9965
2.5601 8.0123
-3.1978 1.3169
-2.3346 -4.3090
-3.2828 -1.1923
6.6729 4.4196
-2.5089 -0.9461
3.7083 8.9443
-6.3634 4.0877
3.2157 12.1694
-11.7030 -8.1970
4.0724 5.8778
4.2371 7.9073
-7.8540 9.1984
-2.0981 -3.2340
4.0449 9.3861
9.5481 3.5235
-6.4863 -4.3917
-0.1694 3.3466
-8.7999 -7.2312
-9.8636 3.4611
6.9709 8.6401
10.1688 9.5668
9.3045 -6.3439
-5.2322 -8.0876
-5.2892 -3.4270
-5.7777 4.4092
3.0955 3.8915
3.9137 3.6878
8.0061 6.6137
-5.1518 2.8983
-5.1419 7.5433
4.7508 4.7033
8.8308 10.3771
2.7881 4.4461
8.6921 6.6781
4.9094 7.1365
-4.3055 -0.7604
-8.1601 -8.8651
10.6038 -11.8144
-0.2625 -8.8895
1.4743 -7.0536
0.3276 10.0744
2.5942 -5.5561
-6.8614 5.7389
-6.6741 3.3328
7.9040 9.0500
-5.1154 8.7140
5.3771 8.2954
7.0308 -4.3871
-6.7349 3.9171
-5.5078 -2.1991
9.2245 6.0491
-1.1626 7.5110
9.3687 8.4271
-5.9086 -3.1818
3.1445 8.8558
-6.8423 10.1446
-3.1066 4.3563
7.1971 -7.9518
-7.5238 7.1801
4.3659 -7.4845
3.2212 2.7933
-4.2356 -5.3538
2.6705 -11.0327
3.3027 8.2622
10.1288 6.4065
3.4927 -0.8606
6.8772 -6.9402
4.2060 -5.4513
9.2901 7.1746
-5.9903 9.4353
-4.8897 4.0399
11.7541 3.1413
11.9469 5.6258
3.8497 -6.2413
3.5160 -6.3903
-1.9373 -6.3193
2.2323 10.9339
3.5975 -3.5784
-1.9033 -5.7289
-6.5614 -5.8612
-2.9141 -3.6419
4.2674 -0.2285
8.2314 -7.2033
-12.5942 10.6047
0.1328 3.3090
-7.4221 -8.7179
3.6956 8.2025
9.8973 -6.9667
8.3068 3.9207
-2.8446 -1.2074
-6.6699 3.6462
-5.1069 2.9982
-4.7115 5.1608
-3.6993 -6.7722
-0.8064 7.1667
8.4589 8.3345
-4.9860 3.6346
5.8719 4.0059
-6.0372 -7.4557
2.6946 -1.5694
-4.4565 4.0617
-3.4777 -2.0542
6.6309 9.7498
3.8639 1.5295
3.9413 -7.2259
-3.1753 -1.6107
8.8716 10.1049
-7.7707 3.2544
7.8325 3.6525
4.0283 -4.9066
-5.1847 6.5870
11.2612 -2.8605
-6.4848 -6.1949
8.5917 -7.0428
12.6611 -6.0504
-5.9467 -7.5808
-7.8948 7.7048
-6.0636 8.8632
10.2118 -4.5763
5.0458 9.7107
4.2727 -6.1466
-2.8177 -5.1790
-4.0686 2.7278
9.5782 -5.2582
10.0325 3.7872
3.9596 -1.0090
6.6489 -0.7380
6.0400 3.6777
4.6634 9.3100
-4.7058 3.8222
-2.2884 8.5986
3.8938 -3.6482
3.1300 -7.5290
-7.3307 7.1934
8.6055 6.0501
-0.0515 10.9285
9.1916 3.4339
-2.0597 9.3935
-2.4792 9.9945
-5.8948 7.1269
-7.5075 8.1312
-2.5357 2.6471
-1.3831 10.0541
3.2002 6.0517
-6.6337 7.6969
3.0845 3.1858
3.7151 -3.2883
10.9396 5.3193
5.3811 4.2279
-9.5753 3.8855
9.3980 -3.2879
9.4661 3.9560
9.3117 5.4403
3.3896 8.4044
3.4520 -4.9432
-5.9122 -5.1630
8.3342 1.7476
7.7695 -5.3231
8.7624 8.8349
-6.8138 -3.9841
3.6405 -6.7420
3.2667 9.7847
6.3370 10.2966
4.4014 -4.9544
-4.7139 -3.2840
4.1308 6.2562
11.3953 -5.1504
-3.2504 3.7652
-6.3530 -1.3310
6.5838 8.7714
-11.3436 8.4811
0.2397 6.7336
-3.0211 4.7773
4.4919 2.7583
7.5629 8.0155
10.0517 -1.5488
-8.6883 -2.0729
4.3265 6.5095
4.2570 2.6708
-0.6655 -6.8944
5.6801 7.6019
0.6051 3.0559
7.8199 -1.1857
8.0338 3.5745
8.4628 4.8204
3.0891 -5.3041
-7.8665 -4.3576
7.3729 -6.8319
4.7286 0.3847
8.8655 3.7918
6.8519 -5.1920
11.0455 -12.9342
-1.4006 6.4693
4.3955 7.5588
-4.9003 -4.0988
-2.5827 -6.5421
3.6436 -3.0185
8.5791 11.4009
-6.7473 3.6523
6.9968 5.0726
-0.4589 -4.5779
-7.6294 3.2140
-4.3182 9.2449
-4.6338 6.6281
-5.1822 7.8340
5.9064 8.5194
4.7527 -1.4072
-3.1743 2.4401
-0.6635 7.6140
8.6882 -4.2032
3.9468 7.4394
-2.6580 7.9784
-6.6500 6.3268
-2.2220 2.9418
4.0581 -7.6240
-6.3928 -1.6150
3.6523 -4.3183
3.0357 -6.3610
-2.8197 -5.9585
10.8301 9.4451
3.4305 3.9463
8.1680 3.5835
-5.4199 -4.8378
6.7974 -2.0537
4.1145 6.5864
-3.8637 -4.5531
-6.1677 5.0505
8.5767 -6.2502
-3.8053 -2.7932
-0.1890 2.3193
-1.1481 4.0777
-2.2515 -4.0738
4.7987 -6.1867
5.4312 10.3500
4.6754 -5.9658
9.5712 8.6687
4.1477 3.8219
-4.2966 10.0034
-9.0396 -7.3494
4.2299 -2.9608
-6.8147 -7.5517
5.3906 8.2719
-4.8258 -6.3061
-4.7259 8.7249
3.3430 2.5658
-2.1082 9.0142
-3.7017 -6.6357
8.2801 3.4467
3.7140 -6.8985
-2.3784 7.5542
-4.2702 -0.9764
0.7579 3.5541
-7.5876 2.9661
-8.0590 8.3004
7.7612 -7.1452
8.1376 4.0822
-3.7209 -1.3430
-4.2490 -5.2139
-3.1656 -2.5053
-3.7959 8.0329
-6.5757 -6.2408
3.6431 9.3827
-2.5265 -4.1032
2.6300 -2.7392
8.2284 -0.2632
3.9400 -2.4721
4.3069 -12.5092
3.4648 2.2741
-5.7227 -6.9849
11.8352 -2.9999
8.6143 7.2966
10.3114 11.8088
2.0036 -2.6869
3.6976 -3.6527
9.2555 -3.3086
4.5828 4.6942
-3.9060 3.4011
-2.9485 -8.7924
-1.5123 -5.1896
3.2635 -4.0312
-8.2083 -3.9475
-5.8729 -8.2011
-7.8616 7.9680
3.9600 3.0346
2.6682 2.8834
5.5036 -8.2574
1.9743 4.6570
2.4839 5.4848
-3.0991 -4.4728
-3.1840 2.4150
-2.6662 2.8526
4.3255 1.1132
-4.9499 -6.9336
4.3815 -8.0190
-4.7132 3.6412
-3.7397 3.8273
7.7154 -5.1389
-5.4982 -4.6910
9.5809 -7.8360
-5.6889 -5.8864
4.4909 -6.2213
-0.9723 7.8800
-0.6911 8.0835
4.9565 -7.2117
7.2011 8.8301
-0.5975 3.7243
-3.1627 -6.4640
2.9591 4.0474
1.5411 -6.3147
4.1332 -6.4135
8.3265 2.8366
7.8443 3.1854
-7.4596 3.9885
10.4211 -2.2851
-7.5999 4.5764
-4.0584 8.7780
-4.2492 -9.8150
3.7428 -2.2115
-3.5543 7.4881
3.6074 4.8288
-5.1986 2.8093
8.8554 -7.3666
6.2379 6.6787
-7.7030 -1.0773
-4.0422 -2.0761
6.8987 4.4299
-5.8817 -1.9589
8.4346 3.8731
8.2068 3.7344
-5.2896 -6.9490
8.2772 -5.4018
11.0174 2.9232
-4.6190 -4.0523
-2.6317 2.8418
3.6992 8.5326
-2.3782 9.0091
7.3751 2.9910
11.1235 4.6258
8.3576 4.1828
-5.2301 0.8260
-8.2421 2.3362
8.1666 2.3743
-3.4098 6.8162
-5.6794 -5.6874
-3.1769 -1.4664
8.5758 6.4300
4.3559 -5.1939
6.5228 -4.5146
2.7101 1.8943
8.5338 8.8385
3.6723 9.4724
-2.9737 4.5627
-6.6832 -6.3409
2.4162 4.4927
3.7523 -2.3556
3.1584 -5.3875
8.2543 -8.6829
-1.1607 -2.3191
-5.3456 3.4205
5.8728 8.6132
9.0729 9.2449
-1.0730 -4.5142
6.0342 -4.0444
8.2704 3.0651
3.5655 -5.4249
-4.4993 0.0628
-7.4016 -2.8889
4.2194 8.7796
10.7340 4.1622
-4.7328 8.0198
-9.2599 -3.9967
-4.4739 -4.2787
-1.9434 3.6155
-10.0511 7.0051
-1.7903 3.4788
-0.5615 9.0570
-4.7102 -11.5033
2.9735 -1.3344
2.0537 -6.9683
9.5378 1.4734
4.8325 -1.9839
7.7061 -2.6348
-1.4547 8.2412
-4.6295 5.8495
-4.0421 -4.0585
4.2238 4.2503
2.7231 11.4310
-5.5713 3.2140
7.5211 3.7230
3.2948 3.2595
10.4059 4.2965
-6.3418 4.1600
6.5359 9.5883
8.2222 -3.2220
-6.4037 6.9073
4.0254 8.0954
4.3689 -7.1024
7.8315 6.9675
0.6297 8.1835
-1.6434 -3.5747
3.9428 6.2934
4.7823 -5.8155
-0.8505 3.0072
8.5264 -4.8126
-4.7790 6.5558
-5.6243 -7.5008
5.6842 7.0048
-1.4558 11.5797
9.0028 -1.6220
8.9789 -3.2504
-1.1272 10.3850
10.1404 9.0496
1.8328 5.6301
4.0470 -5.1472
6.9794 -2.8997
-5.9766 -5.0780
7.8723 6.3631
3.3370 6.8930
-0.9507 0.6451
3.4357 4.1908
2.7222 3.1028
3.1837 5.5692
4.0298 -9.5552
-7.4447 -7.6226
-2.8833 6.6740
2.9250 -4.8016
-4.0575 2.9764
-1.8524 -5.1460
-5.8263 -8.2510
-0.6180 -10.4424
8.9301 -4.8281
-4.2834 -3.1239
-8.6032 3.6362
7.5058 -4.9228
4.7541 -2.9658
8.9906 8.0978
-5.5563 -6.3305
-3.8178 0.6966
10.9233 8.9885
7.1046 4.3745
2.4198 -8.1946
4.5472 6.3362
6.3837 6.1606
7.5831 4.3941
8.8736 -2.4896
3.4477 4.3066
7.4639 -3.3215
-5.7979 6.2057
-2.3757 3.8659
-6.2349 6.8279
-5.4940 7.6762
3.2837 3.1956
2.6145 10.1951
-1.9374 -0.6951
-1.3602 10.6348
-5.8830 7.4132
-10.0146 -4.9054
-4.9922 11.6681
2.6782 5.3258
-1.8519 5.2333
-7.2157 8.5980
2.9505 2.3718
-5.5806 -4.4012
2.7019 -4.9857
4.8912 6.2752
3.7695 3.6478
5.6135 -1.2994
-8.2871 7.6397
9.0670 -4.3189
2.6067 -6.1272
-3.3178 -6.2171
5.7987 7.8855
2.4875 7.2375
-3.1829 3.3261
-5.9818 4.3308
9.4905 9.6810
-5.4292 -2.1027
0.3370 -1.3003
8.5398 8.4132
3.5311 3.8162
3.5898 -3.2843
2.7856 2.8637
7.2442 9.1713
-2.6096 7.6224
7.9820 -7.3751
-4.0850 -3.1006
8.3813 4.5946
4.1468 4.3572
-4.1232 -3.6295
6.0930 10.2488
1.5507 7.7202
7.4849 1.6638
3.3860 -3.3416
-0.6170 6.6750
9.9481 -0.7283
-8.4811 8.4894
2.4941 2.7315
-2.5480 0.4451
7.7136 3.3601
3.4009 7.6406
9.9637 -5.0350
8.1608 -6.8085
3.8083 8.4471
3.6991 -4.7720
4.0804 -2.7380
-3.5329 8.6924
-7.2666 -7.8919
-10.5689 0.0187
-11.4555 -4.1986
3.4210 -3.3207
3.7224 -3.6051
7.4636 -0.1770
3.2085 2.2032
-2.2415 -7.0543
7.4776 -3.7287
7.5804 4.2809
-3.7496 10.3303
-3.0424 6.9344
7.1219 -9.1712
-1.2403 4.9121
-1.0508 -3.8966
-7.8719 3.6363
3.1630 -0.1700
0.6255 3.5351
3.2500 8.4852
6.8539 -1.0368
10.6164 -5.6137
-4.2029 6.9475
9.4703 7.0026
9.7257 7.8303
2.7287 3.8130
-2.6690 -0.9778
-6.1820 6.3895
7.3581 -0.6737
8.8077 4.8890
8.1405 2.8816
-5.9285 -3.3432
4.6103 -2.7600
3.8987 4.4924
3.6695 5.9816
7.3411 10.0089
3.3284 7.7434
-4.0928 4.1290
4.2607 9.3518
-5.8758 2.4627
4.0282 -7.6169
-10.4192 3.5393
4.2876 -0.3432
3.7238 8.6218
-5.8297 -2.6650
3.7026 6.1516
-3.8351 7.5571
-3.9521 -5.7810
-4.6592 -4.4132
10.6938 3.5932
4.1793 8.1400
-8.9118 -2.7646
0.7806 -6.9207
-3.1556 6.2066
9.3890 8.3763
-5.2914 -2.1106
-3.9837 -6.7502
-4.2177 4.5435
5.1695 -4.0194
-3.8510 8.1335
8.7820 -10.7679
10.2234 -2.6443
9.4196 6.8331
-9.3924 3.8539
3.5302 -3.8314
2.5996 0.2311
-4.4443 1.7053
6.3679 -3.7915
8.7142 5.9324
4.6860 2.3526
3.4363 10.2711
-0.9293 -8.3904
3.0544 -1.9737
3.3492 6.4878
2.9082 -7.7733
6.2173 -2.9920
4.1039 -7.9512
-6.7408 -9.1082
-6.1771 5.4847
-3.8806 -4.1898
9.5646 7.5110
-2.5290 -3.6855
9.0419 8.2408
2.7394 4.4228
2.9869 6.2644
1.1440 6.0738
-2.8323 8.6935
-2.4707 -4.2491
-6.0237 6.6040
-7.1480 0.2842
-7.3804 -3.2670
-1.1100 2.4054
4.6666 -0.5478
-1.6922 -5.1415
0.8600 8.5658
2.2536 9.1776
0.9755 8.4807
2.3475 10.8392
10.6056 10.1438
2.3555 3.4966
2.3650 4.0561
-7.6882 3.4569
-2.0561 3.0260
4.6390 -2.5022
-0.6441 7.3747
-1.7576 -2.4010
3.5639 7.8974
11.3753 -5.9077
-6.2756 -6.4525
-3.6445 7.1664
6.2192 4.1290
-7.2228 3.7978
7.0220 -6.8251
8.9609 -4.7520
8.9265 -5.9390
-4.6604 -2.1303
8.3892 -2.2783
4.1542 8.7730
5.9765 4.0930
5.7010 8.3223
-2.8229 3.6001
-3.0900 3.9764
8.4866 5.2171
11.4476 2.6476
7.6553 -6.1587
3.4736 3.5185
-3.9754 2.1785
4.2312 6.6912
4.0166 2.9955
6.8939 -1.6864
7.1708 -7.0282
3.2985 -7.6218
-7.3602 3.0851
4.6082 -4.2231
3.5627 9.8863
7.4426 4.0493
10.9995 4.4122
4.2833 1.1264
4.0531 3.8490
-1.2422 3.9838
-6.2268 3.3299
-8.2497 -5.7508
7.5427 -8.8852
-6.5650 -4.6014
3.8922 3.1554
0.1855 5.5516
2.9982 -3.9477
-2.5345 9.8708
-7.1219 3.9170
9.0667 -1.5648
-7.7835 8.7802
3.5824 -3.3371
7.8944 -1.4552
-1.7928 -6.8564
-5.3103 0.6551
11.9618 -0.0437
-3.4341 4.5597
-2.5451 9.3488
8.9507 1.4634
4.1918 -6.0809
5.3287 -0.6169
3.3473 4.1136
-3.3496 2.9570
-3.5514 -7.1829
7.2453 6.9469
-5.7272 3.7486
5.5875 5.7311
8.1397 10.5313
-4.4188 4.0937
9.6339 5.4335
3.1390 4.2568
7.3201 8.5410
2.3441 -2.6252
-5.4665 0.2355
-6.8480 9.4648
-10.0734 11.1495
3.7946 -4.4516
4.9609 7.5007
4.2526 3.6030
9.0982 -8.2946
-11.5401 3.3207
4.1710 -2.4768
3.5209 2.3703
-7.0283 7.8511
-6.0223 -6.4501
-6.5353 -4.1952
-3.7464 -1.7396
-3.4597 -7.4524
-0.1019 9.1595
4.7142 -1.9089
-8.4261 4.1458
7.3463 3.1273
-4.7740 9.0420
4.8969 1.3656
-7.3210 -7.8428
-7.0211 2.0625
11.2887 5.9277
8.6297 -2.5067
3.8601 4.1048
7.9158 5.8449
4.9517 -2.8505
-1.2792 9.6630
9.2081 6.1979
-2.8265 10.7965
7.9832 7.4805
3.4391 1.1880
-2.4685 -0.5663
9.0972 -9.2416
-3.5195 4.1513
3.6372 8.0686
6.4734 3.5491
-3.8238 -5.3102
14.4489 2.5544
4.0031 7.2704
-6.0001 2.9900
-6.4725 4.6044
2.9768 -3.8887
7.6673 1.9473
4.5068 4.6635
3.7329 6.0899
3.5586 9.5661
-4.1512 3.4620
8.4998 9.3548
-7.3990 2.8679
-1.4207 -6.6143
5.0863 3.2409
-9.4391 9.1827
-0.3239 11.2225
7.6568 -3.7246
10.5451 6.6815
-3.9070 7.7674
-8.6546 -2.8473
4.6879 3.9317
-7.0581 -6.1688
-0.8258 -3.9623
-4.4460 8.5546
7.5247 1.4344
-4.0795 -8.0634
-6.3163 -4.7339
3.1194 8.3210
4.5585 -0.4087
-1.4149 3.2833
-1.8916 -4.4766
1.1862 -4.0167
3.4217 -8.7136
3.1195 7.3934
6.4205 -5.6605
-5.0332 -5.8242
6.6773 3.2061
6.7538 5.2507
4.7570 6.1589
4.5873 7.8949
8.2546 2.0703
3.3495 3.7135
-7.5973 0.6586
-3.8054 -3.8279
-12.5907 -6.0540
4.3380 8.7975
-4.0789 -4.5970
11.1586 3.1729
4.0096 -2.5561
2.5828 3.3570
3.7813 -4.6797
3.5836 -6.4404
8.4336 7.2566
8.6434 8.7741
9.7605 -7.5071
6.4193 -1.8826
-7.0743 6.2324
-2.3630 -6.5013
8.8046 7.9729
6.7443 -4.1889
-2.8686 9.2455
-7.3640 5.7202
-1.8596 1.9481
-3.5652 4.6034
-6.6213 -1.6747
-0.3776 6.5656
7.6815 5.7346
-1.9167 -1.1058
-3.6306 3.3801
9.4892 6.8149
6.4744 10.8814
-2.3434 -4.5713
0.2641 -6.4810
-6.9901 -10.8931
-3.1338 4.4587
-7.3453 7.5271
-3.2898 -9.0861
-4.4829 3.7774
6.8696 -0.0540
8.1007 -7.4745
9.1907 4.2932
5.2655 -0.6422
-3.6772 -5.9709
-3.2034 -6.5017
3.1931 -0.8049
-1.3138 6.4951
8.3832 8.1932
0.4540 -2.4388
-2.0182 2.6391
-3.1190 1.0990
9.6794 7.2285
2.8919 3.9366
2.4121 -7.1367
5.5654 3.9692
3.0848 -5.2737
9.2614 0.2918
-4.0706 -1.0783
-11.0421 9.7518
6.6989 7.9401
-3.3296 6.7228
6.5325 -11.5150
4.7886 8.7719
11.6610 2.0139
3.3227 -1.1081
0.2477 -6.6019
-2.0226 2.7697
9.4974 -6.6635
8.0757 6.5023
-1.4076 1.5584
3.4395 -3.7560
-2.0381 -7.6702
4.8830 -0.8378
3.8971 -0.6806
7.4508 -1.5032
5.8998 -12.7761
-1.4320 -6.7921
2.9732 -8.3310
9.0362 8.6750
10.1449 -4.7130
-1.8324 10.2708
5.1301 9.8199
8.6175 10.1710
-9.7591 2.4773
3.9798 -6.7379
9.6598 3.8333
-3.3313 -7.1054
-4.2862 -1.3016
6.2312 -5.3764
6.4913 4.4007
-2.0938 -6.5622
3.7828 -2.1782
6.2559 -7.2237
3.2768 3.4981
6.0595 -7.6846
8.9582 6.1141
5.6759 5.4018
3.2805 -3.5971
-6.1979 7.9026
3.9781 3.5008
4.3920 6.5497
-3.8200 1.7335
5.4597 -6.1719
-0.8576 -7.0842
3.3827 -3.7990
2.4455 1.8746
-2.3515 5.9714
7.2115 9.6375
3.3395 -3.3659
-4.3119 -5.6744
3.8449 -3.6580
-2.6921 -4.4981
-3.0491 5.2973
1.6659 5.3906
-2.5756 -6.3095
4.2168 4.3642
-2.8747 -1.5663
7.6495 -4.0961
-4.7877 3.4106
-1.4090 -10.4148
7.4491 -7.7260
4.2007 3.8898
7.1714 -6.5877
2.8314 -5.1417
-5.2617 2.6834
-4.2628 4.3368
-5.2430 6.0487
2.4447 0.8701
-2.8560 -5.3440
8.2466 7.2035
3.7050 3.4157
-9.5062 -5.6616
8.1395 11.1918
-10.1124 -7.9364
-5.8482 -2.9934
-1.6841 6.9307
2.9306 3.9126
3.3272 -5.1241
-7.9974 3.4138
2.0352 2.8310
3.4405 5.6220
-7.3192 -2.2311
3.4946 -9.9373
-6.5572 0.4276
-8.4648 -2.3871
3.1854 -1.1944
3.5691 9.0545
3.1096 -3.4864
-2.8584 4.2529
-4.3957 -2.6411
-2.2586 -3.7148
-8.8600 2.8898
8.9563 -8.6866
-8.7570 3.1755
10.7764 2.4649
-13.0351 10.1713
-4.8397 -0.0609
8.8656 3.2876
8.4244 3.8278
7.0617 0.0943
-3.5722 -6.0644
3.4984 10.6097
7.6961 -3.6335
-1.8664 3.4285
4.1333 -5.4826
4.0158 7.8480
3.4459 -3.5244
4.0943 3.1561
2.7641 -5.0214
-3.9474 -1.5001
7.0729 2.3412
8.4396 -3.6398
9.5162 -5.3515
-13.3933 -0.3158
-7.2390 3.0088
6.0658 3.5846
-6.4311 9.0644
11.2150 -2.7894
-4.7851 -6.0722
1.9087 -2.6034
8.7124 11.0883
7.9623 6.4934
8.9193 8.8036
-5.4905 6.7560
5.4414 1.9238
7.2749 8.5543
10.8500 -2.6973
-6.0413 8.9907
-4.0289 -1.5016
1.4149 -7.8247
8.5618 -9.3586
-3.6718 7.7089
-5.4451 3.2175
3.7110 3.4854
6.6895 -11.5816
3.6296 -1.0551
-1.3537 9.7600
3.0488 7.4675
8.6833 3.0010
1.8844 7.8475
-1.4245 5.0604
6.9666 10.4171
8.2292 7.9944
7.9384 8.5017
-5.2610 6.4835
9.8307 -3.4919
7.5298 -5.1577
10.0077 -3.6393
3.3141 6.4291
3.7635 -0.6339
-5.0894 -8.2747
3.0771 -7.8054
-4.8154 -7.1913
4.2060 6.6941
4.7123 8.2349
-2.3734 -1.6349
0.9225 -2.4478
13.0076 -3.4001
9.3780 -5.7322
9.3286 3.3197
3.4126 6.8991
-6.4174 -1.3056
-10.7791 12.2200
9.3703 -4.3989
7.6926 8.0999
-1.8082 3.1750
2.9908 -8.3883
1.1743 -2.2994
-4.0199 7.7686
1.7518 2.0583
1.4125 -1.4122
-5.6124 10.2556
-2.9111 2.5508
7.8948 -1.8784
-3.5175 5.4331
-3.7585 2.3653
4.0665 -2.8133
-5.6534 2.9319
-5.8870 2.9856
-5.1957 5.1580
9.1252 4.2281
-6.1013 2.8457
3.2552 8.6721
2.5061 -6.0492
-3.4208 2.5031
4.2717 -0.2832
-8.3085 2.8270
4.0717 -6.4843
11.4165 -8.8464
4.0545 8.7149
4.2962 3.3741
7.2383 -3.9627
4.1812 -6.4307
4.7533 -5.0033
7.4977 3.6132
2.9809 -0.6552
4.0902 0.9064
3.1315 4.1497
10.4655 -5.7999
-3.0507 3.8575
2.8013 4.1004
8.5250 9.4124
-3.8198 -5.4420
5.5489 -5.0838
2.2886 7.0824
-9.1494 -8.2070
9.2018 4.8978
-9.1939 8.5820
3.5604 -2.4064
5.8861 -1.2859
2.7639 3.0101
-8.1653 10.3869
4.3337 3.9069
3.5739 9.8510
0.0011 -2.9007
4.0608 -4.4533
-7.3269 8.4230
9.3882 -1.7320
8.5937 9.2845
3.7898 -7.8331
8.8678 -5.3138
7.0725 9.1759
3.2203 2.5989
8.9397 10.2545
6.2842 -3.4315
-4.5344 -7.3172
-3.1084 -5.4758
-3.1670 -3.9999
3.3742 4.1182
-4.3839 4.5859
4.0875 4.2004
3.2408 -2.7522
8.3487 8.1858
7.5754 -8.0333
9.4296 -0.5319
9.4559 8.2194
-8.9993 9.4008
3.6311 -9.3329
-4.6937 3.4246
12.3366 -6.1955
3.4080 3.8342
-5.7189 8.1684
2.8156 1.6990
-3.5678 -5.3900
-2.8918 7.6705
-8.9288 -7.3535
4.7364 8.6058
3.7690 10.3106
-5.6372 3.8632
10.1444 -3.4504
3.2890 2.8844
5.9871 3.0337
3.2411 1.3238
9.4825 3.0470
3.4789 -6.9917
-5.6033 3.3179
3.4691 8.6423
-2.9085 -9.5269
-2.7640 7.9986
3.5915 1.0821
3.0720 3.4701
-6.6564 -8.2581
6.3771 2.4295
-2.0122 9.6615
4.2317 9.0359
9.8723 -2.6290
4.5858 8.1067
9.0176 -6.9289
3.0105 9.4253
8.4226 -1.6280
-3.2614 -2.9778
-7.8063 3.3837
-5.8837 -1.2362
7.5212 9.3866
-0.6743 7.5164
3.2508 8.0249
-2.7499 5.9511
3.3805 7.8892
5.9233 8.7032
5.0101 4.1695
-3.5865 9.7799
2.5912 8.1232
3.7904 4.5575
3.9369 -5.4463
-2.4267 3.4698
3.7138 3.2603
3.8805 -8.5514
10.8327 -5.4235
7.3475 -9.1196
8.5761 3.0540
2.9215 9.5468
5.2838 -7.0179
0.0472 3.6715
7.9899 -3.3710
3.4905 8.9317
4.9248 4.9893
9.9711 7.0058
3.6117 -5.1569
-5.7849 11.8669
6.9456 6.5504
-3.4653 -7.0418
-6.1023 5.8330
-3.3484 7.2126
-6.7843 7.1634
9.1310 9.4536
-5.9317 -5.7245
-6.3704 8.0040
7.7746 3.9632
3.4303 2.5940
3.3384 0.5513
4.5845 -3.3862
4.9068 3.5248
2.2906 -1.2769
-6.7023 3.7529
-5.8156 -2.1355
2.8487 -5.1839
3.0702 -1.5601
-5.8079 4.6832
4.8266 4.3490
7.5340 -5.1949
6.2682 8.1789
3.5045 -4.9185
-7.9792 -2.8005
6.7901 -5.5199
4.2578 -6.7552
6.4098 8.9972
4.5395 -6.9496
-8.9009 7.6714
4.0803 -3.9474
7.3553 5.7685
-6.2439 10.2962
-0.9706 10.5437
-6.7601 -8.2176
5.1925 3.6415
7.3178 3.1226
10.1010 4.6132
9.5584 -7.3937
-2.6893 -6.3199
-8.6605 -4.6835
-2.5889 -7.4618
-8.3110 -7.4626
3.5999 -6.6527
-3.9073 -3.5605
3.2655 1.7545
-0.1107 -1.5868
9.6688 7.8686
3.5540 8.0007
-2.1954 10.3322
-11.5028 7.1494
-1.4551 -1.8145
10.7539 10.6250
-1.1299 -5.2494
3.6358 6.5631
-8.3592 2.7993
2.5772 10.6113
-6.0150 -6.1885
-5.9536 -10.9179
-9.1170 7.1981
-9.2555 6.6766
3.7973 -2.2111
4.6719 -8.2691
3.9118 -10.2823
6.6482 3.7786
3.0857 9.2516
7.6637 -5.7736
-3.8203 -8.0405
-6.7274 -9.8981
-3.0087 6.8129
7.8826 -8.2811
-7.3856 2.7399
4.5159 3.0807
3.2403 1.5110
3.0555 8.2157
8.4988 4.0588
7.8545 11.4277
6.2625 -4.9738
-4.2025 -6.9107
1.5809 7.3945
7.7334 1.1137
10.4920 -2.2357
-6.5555 -3.8564
3.5864 7.8470
3.3355 -6.6416
-0.2654 3.1037
-6.4676 -5.8057
-3.3936 -5.4671
-3.3120 4.6069
-4.5593 -6.5645
10.7795 -5.4424
4.3278 6.8438
7.0380 -4.3231
11.2409 -5.7680
3.3971 -6.5089
1.2075 10.2590
9.9733 8.4911
6.7774 8.1712
5.0450 7.3317
4.3363 3.0979
3.3813 3.3640
5.0773 11.1942
0.6368 -5.1206
11.2968 9.5788
3.8538 10.0428
9.2595 10.1195
-6.4515 -5.5138
-5.9839 6.2237
3.7051 -4.5406
-7.1379 4.4589
7.9434 -5.8871
3.3081 9.9566
8.5664 6.5856
-5.2057 0.4384
3.7011 4.3879
7.9918 -0.3233
-0.9301 -10.5286
5.1133 5.7400
2.5511 -7.8085
3.9661 -5.9828
5.8197 -0.6206
-2.7645 3.9190
2.8041 6.2640
7.4401 9.2220
-3.4206 6.5129
-0.7166 10.8951
3.3337 4.0349
7.1348 3.6412
8.4162 -9.2567
-6.8810 -5.7163
-4.1656 5.1849
2.4954 3.3486
11.3487 -5.4723
4.4974 11.6682
-10.5065 -5.5836
4.7826 -0.3960
8.9450 -3.5726
-6.8958 7.4567
7.9216 -3.2456
3.7078 8.9134
10.6054 7.7122
-4.6631 -1.5621
-2.1814 -1.5585
-9.6377 -7.2170
3.1342 -7.9192
9.1085 -8.7332
-6.7490 10.5408
3.5883 -5.1455
7.2848 9.5175
