5
-1.1149 -5.2279
-0.8982 -9.8364
-10.1227 -5.5152
-5.1836 -0.1240
-0.5704 0.1599
-0.9809 -5.2714
1.0094 -9.9787
-2.0267 -4.8098
-5.1098 -10.5836
-1.5557 -4.7255
-5.9045 -9.6911
-0.6377 -9.7605
1.0341 -7.9025
-3.5743 -5.3533
-9.9895 -4.2866
-0.0402 -4.9955
-1.8292 -10.4089
-3.8475 -5.0357
-4.6507 -0.4633
-9.8697 -0.0811
0.5186 -1.8576
-1.2004 -1.0300
-4.5680 0.6037
0.4370 -4.1538
-0.9677 0.5000
-0.8460 -4.6587
0.8374 0.9865
-5.9380 -4.5480
-4.1393 -0.8266
-9.8902 -2.0101
-1.4395 -5.7815
-4.0293 -5.5818
0.9813 1.4345
0.2213 -0.4162
-5.3561 -0.5023
-0.6289 -0.2033
-5.1673 0.8199
0.1954 0.0564
-4.7655 -10.3520
-0.4514 -5.2457
1.3558 -0.5579
-3.5693 -5.0314
-1.6181 -1.1309
-5.8227 -1.3598
-0.5278 0.3080
-8.0516 0.3746
-0.2599 -5.3250
1.5642 -5.0282
0.8944 -1.2070
0.9633 -3.3212
1.2810 -5.5372
1.1326 1.5027
-0.6362 0.9831
-0.2637 1.3022
-0.3694 -5.2546
-1.7215 -4.9988
-1.3504 0.0264
-9.6644 -4.7219
-0.4200 -5.3025
-5.2568 -9.7413
-11.0854 -5.9197
2.2400 -8.6798
-0.3448 -9.4230
-1.8364 -4.7902
1.2957 -10.5539
-5.7541 -10.5588
-4.0881 -9.3564
-1.7129 -8.6471
-5.0121 2.5197
-9.1484 -0.6927
-4.1635 0.1528
-9.3045 -4.9621
-0.4363 -0.4211
1.6851 -4.6560
-8.4461 -5.0313
-1.8289 -9.6599
-4.7143 -2.6792
0.6585 -5.5122
-4.9025 -5.7204
0.2407 -9.2673
-4.7943 0.0734
-4.7167 -0.8833
-0.6875 -10.2203
-0.9335 0.0806
-5.3206 -5.3763
-4.2161 -8.3094
-5.0646 -2.0555
-9.8181 -9.2424
-2.7609 -9.4916
-9.9270 -9.2277
-5.0270 -6.1495
1.1487 -1.1475
-0.8608 -9.0677
-1.0409 2.5287
0.7314 -4.7926
-9.4175 -1.3221
-0.8519 -10.5960
0.9183 -4.8131
-5.3638 -0.0828
-0.1158 -5.0118
1.1685 -2.9649
0.0891 -4.7483
4.5644 -0.8543
-0.0826 -6.2796
-0.1577 -4.6317
-9.8800 -9.2406
-4.1723 -10.3527
-10.2605 -4.1534
-1.1524 -10.7144
-4.2036 -9.1968
-10.9341 -1.5757
-9.5448 -0.1278
-0.6753 -5.2211
-5.7718 1.0612
-4.4912 -3.8766
-0.3140 -1.7035
-10.7314 -10.2736
-4.3501 -8.2763
-1.1133 -9.5017
-1.3367 -1.1193
-1.2463 -1.2738
-0.2515 0.6202
-4.2915 1.5460
-5.8733 -8.6605
-1.4927 -1.6247
-0.2751 -4.6552
-1.3482 -5.3742
0.0842 -6.0227
0.3958 -6.0853
1.0003 -4.0673
-4.2806 -0.9699
-8.5897 -5.7649
-1.4316 -5.9109
-10.6741 1.0321
-10.5163 -8.9077
-5.1807 -9.1420
-1.7392 -0.2980
-1.7242 -0.2690
-10.4487 1.7034
-8.4834 -5.5383
-9.8885 1.3933
0.4233 -10.7926
-9.2513 -3.5061
-4.4286 1.4849
0.9389 1.0782
-9.4764 0.2684
-10.2952 0.8975
-3.8975 -0.9299
-0.1417 -0.6401
1.8788 -2.3527
-8.5463 -4.7506
-3.9396 0.0670
1.0645 -1.4190
-5.3374 0.4472
-1.0484 -4.9153
-9.2059 -1.2852
1.0737 -9.4276
-0.4088 -6.1783
-10.2100 -8.6704
-0.9133 -4.7875
-1.0427 1.1528
-0.8358 -2.4827
-2.0538 -8.9994
-4.5016 -0.9986
-4.7691 -9.6125
-0.6545 -3.6763
-5.0627 -1.5033
-4.8209 -9.0679
-9.4010 -8.5533
-4.6958 -9.0734
0.9577 -9.4228
1.2844 -10.2465
-10.7339 0.6086
-0.2095 -0.0290
-10.4322 -4.8300
-0.4488 -8.3149
0.4083 -4.3130
0.5611 0.9020
-1.4641 -11.8404
0.8752 -0.9252
-10.2138 -5.1486
-9.5910 -9.0077
-9.1270 -4.9381
-9.0127 -5.0966
-4.1780 0.7725
-6.3779 -0.5849
-0.5619 -3.9373
-0.0322 -5.6577
0.6410 -8.3067
0.8539 -4.9640
-4.8666 -4.9806
-1.7204 -1.3546
-5.0956 -0.2601
-5.5044 -0.4319
-1.0907 0.4640
-0.5090 -5.2836
-0.5190 -3.6138
-4.9256 -4.1470
0.3333 0.7194
-5.2132 -1.2232
0.7154 -4.3522
-10.7076 -5.0463
-0.9063 -9.0735
0.3369 1.0596
-1.7503 -3.6105
-5.8568 -4.3432
-4.8466 -0.4555
1.4503 0.3870
2.1103 -1.2569
-8.2359 1.5923
-0.6006 -0.4898
0.1885 -0.5595
-9.3336 -0.7152
-7.7276 -4.3473
-0.1685 -5.2214
-4.9479 -1.8548
-5.0112 -9.9143
-6.3395 0.5512
1.6988 -8.1622
0.4505 -0.3060
0.9280 -1.1205
-4.9793 -5.3389
1.3293 -4.9088
-4.9097 -1.1385
-5.5852 -4.6576
-10.5674 0.7941
-4.0368 -5.2021
-1.4888 -4.9456
-4.7899 -10.7916
-4.2570 -9.5105
-4.8780 0.4852
-2.3277 0.7050
-4.5483 -4.4527
-8.6673 -1.6642
-10.1515 0.7723
-4.8406 -5.0865
-1.3068 -2.5564
-9.3886 -1.7970
-5.2831 -0.9557
-5.1482 -4.8394
-1.0024 -10.3441
-7.5970 -3.5364
1.2065 0.5404
-0.9571 0.4280
0.7559 -10.1465
-9.8132 -1.7310
-10.0196 -10.4668
-4.8305 0.2347
-3.7163 -4.6658
-0.5231 -4.9227
-4.4096 -1.7130
-5.2842 -0.2911
-5.6236 0.2053
-5.4152 -1.2347
-0.1878 0.6921
-5.0807 -5.7919
-3.6013 -1.0607
-3.2310 -4.9509
-9.3068 -5.8914
1.7339 -0.0651
0.4298 -3.9334
-10.3682 -4.2485
-1.8490 -10.0311
-1.2621 -1.0435
-7.6137 -0.3811
0.3710 -4.6839
-10.5515 0.5082
-5.6435 -1.0340
-7.6596 -9.6462
-5.3486 -4.6587
-0.4075 -2.3113
-5.7350 -8.6154
0.2447 -4.0991
-5.7769 -3.1832
-4.8141 -9.6534
-1.0342 -5.2554
-4.5026 -0.4406
-0.1865 -10.1671
-4.3277 -6.1636
-0.3627 -4.4452
-1.8578 -4.7970
0.2220 -1.4435
0.2268 -9.8140
-5.4724 0.3815
-9.0760 2.1102
-6.1284 -3.9697
-5.2452 -5.9725
-9.8150 -4.9065
-5.0300 -3.6812
-8.4944 -5.2084
-0.8422 -0.7216
-5.2229 -5.8066
-3.6465 0.6474
-0.9782 -10.5690
-9.8536 -1.6948
-4.7435 -4.7594
-0.8887 -1.2664
1.9098 0.9971
0.0926 -4.3368
-6.2987 -0.4908
-0.5669 -0.8212
0.4705 -9.9485
-10.7524 -4.2788
-2.2313 -0.2134
-0.0372 -6.1310
-5.6501 -5.0383
0.5383 -4.6175
-4.9448 -5.4174
0.4006 -1.4807
-0.0290 -8.8131
-4.4702 -5.0138
-3.8555 -0.4212
-0.2746 -10.5426
-3.9836 -9.5665
0.1247 -7.1996
-8.6095 -4.8729
-0.0857 -5.4567
1.1134 -8.3059
-1.1730 -4.3114
0.8747 -0.9901
-4.2002 -4.4591
-4.9123 -10.2676
-1.3545 0.4523
-5.8752 -0.6529
-5.5269 -4.9063
1.0548 -1.0374
-9.2565 -7.3757
0.1226 -9.3647
-10.2903 -9.8709
2.1877 -4.3582
-0.7064 -5.4482
-1.4426 -4.5344
-5.6653 -2.1176
-2.6135 -9.3827
-8.5037 -5.4587
-5.3723 -0.7561
1.0330 -0.5654
-0.7360 0.6461
-4.5737 -0.5878
-7.7046 -1.9263
-5.1695 -4.4545
1.9440 -4.3830
-6.0071 -0.0681
0.8979 -9.5516
-4.1980 -0.6973
-1.2365 -3.4123
-2.5597 -1.8052
-10.2540 -4.3163
-4.1878 -1.2814
0.4259 1.6114
-0.7960 -4.7551
-4.2252 -0.1653
-0.2511 -0.5271
-1.3111 -7.8160
-9.2005 -10.7886
-1.3165 -4.2130
-8.3904 -1.4086
-4.6088 -4.2610
0.9138 -5.5842
-9.6433 -5.4414
-9.9996 -4.2759
0.9217 0.0415
-4.8991 0.2802
-5.5116 -4.8436
-4.6288 1.4083
-10.0485 -1.5388
-4.1427 0.9867
-4.7091 -8.6443
-4.3999 -1.9189
-9.0878 -4.9482
-4.5696 -4.7395
1.8412 -4.6043
0.7224 0.7087
0.6703 -9.9065
-1.0107 -4.4929
-1.1166 -4.9197
-3.3871 -9.2805
-4.3255 1.9831
-1.6149 -4.6639
-12.1457 -4.9998
-5.1492 -8.9882
-0.3008 -5.1215
-9.1407 1.8803
-4.6460 -4.6753
0.8988 -0.9250
-10.0674 -10.9068
-5.1950 -1.0766
-10.8054 -0.1990
-8.4507 -1.9975
-4.4917 -8.8501
-5.3162 -0.1144
-4.7809 -10.0787
-4.0223 -10.1395
-0.2570 0.0152
1.0123 -3.9904
0.2031 -8.1787
-4.6016 -4.9115
-1.5597 -6.2151
-0.8144 -0.5904
-10.3427 2.1986
-0.0914 -1.7407
0.1822 -9.0176
-4.3718 -3.6969
-5.1697 -1.5027
-5.5415 -5.5828
-10.0713 -0.2049
0.8525 -5.2113
-0.4429 -1.3993
-0.5591 -4.5010
0.2099 -5.3282
-1.7137 -4.3778
1.3428 -10.0558
-0.4434 -9.4306
-5.2018 -4.1176
-0.6080 -4.7384
-9.5963 -4.7873
-9.9494 -4.6807
-4.8405 -1.3452
-9.1619 3.2232
-5.0887 -11.6601
-4.9363 1.1559
-0.4302 -5.3731
1.5997 -3.8394
-0.9083 -1.2270
-5.2614 -1.6723
-1.5823 -5.4602
-9.7887 -8.6325
0.7585 -4.3663
1.9334 -0.4965
-9.1249 -1.4895
0.8287 0.5450
0.2132 -0.2174
-9.6957 -0.2358
-4.2709 -9.3847
-4.4899 -0.5424
-3.8179 -2.6321
-4.8728 -4.0618
1.4702 1.3019
-3.3046 -3.7809
1.5815 -4.6177
-8.3038 -5.3866
-4.4368 -0.8903
1.2860 -9.9370
-5.1576 -3.1658
-6.1462 0.2674
2.3151 -4.1668
-9.2554 -0.8406
-0.8667 -4.7296
-4.1460 -4.7597
-11.0338 -10.3544
1.0031 -5.2257
-5.3800 -0.6276
-0.8618 -2.9967
0.0994 -0.0633
-5.0283 -0.1274
-4.1070 -5.2467
-10.1090 -4.3502
-4.6079 -3.7556
1.8752 -0.0903
1.5386 -9.5843
-5.4024 -0.7345
-4.9177 -8.8418
-0.2365 0.7255
-9.3421 -7.7196
-9.5530 -4.6116
-9.9249 0.1994
-5.7064 -4.3371
-0.7231 -4.4192
-9.6549 -3.9825
-5.6011 -3.8459
-3.2187 -4.8199
-5.5743 -8.8864
2.1004 -1.6998
-4.0327 -1.7275
0.4999 -4.7012
0.6594 -8.7143
0.4360 -0.2798
0.9550 -9.7176
0.9067 -10.5016
-8.6101 -0.4947
-5.5899 -4.8535
-4.6501 -0.2372
-4.8266 -2.1070
-5.6049 -1.2712
-4.5127 -8.9938
-0.1889 -5.5119
-4.9911 -0.3905
-5.1322 -0.1340
0.6842 -5.7314
-1.0460 -10.8886
0.0341 0.5046
-3.8816 -1.3099
-1.0935 -8.3172
0.3691 0.5432
-4.6931 -4.8951
-2.3763 -1.3140
-5.3710 -4.3065
-1.5356 -4.3463
-1.9860 -0.5143
0.9036 -4.3828
-1.3341 -4.0396
-5.3811 -1.5003
-1.4322 -2.5926
-4.6682 -1.0456
-0.4247 -8.5246
-4.4137 -3.7621
-1.6443 2.0336
0.1844 -3.8418
-4.9059 0.2223
-3.4673 -4.2644
-6.0260 -9.5048
2.0494 0.0186
-5.0973 1.5237
-6.1103 -1.2948
-5.2733 -4.0422
-9.3540 -5.5897
-2.2027 -4.6752
-1.3867 -8.8492
-4.6068 -4.5459
-10.7853 -0.8655
-1.3315 -10.3041
-1.6099 -5.5801
-4.7852 -0.5402
-1.8930 -8.6000
-4.5943 -9.3537
1.2700 0.5400
-9.3211 -0.8724
-4.5865 -4.2410
-3.5591 -9.4836
-6.3972 -4.9531
-1.8130 -2.0285
-5.7793 0.1883
-1.9390 1.2268
1.3249 -4.4571
-5.0672 -5.3118
-9.6654 -0.6936
-0.7826 -4.2812
-6.3347 -0.3942
-0.5235 0.6124
-7.3544 0.7994
-2.3470 -8.9187
-5.0002 -4.8030
-10.0022 -7.6973
-0.8124 -2.1319
-0.0003 -4.4718
-4.6545 -1.3862
-5.6752 -5.3597
1.4060 -9.5353
-0.9276 -8.0902
-10.8610 -4.7582
-9.5576 -5.6801
-10.0804 -1.4759
1.8440 -4.5491
-2.0245 -4.8772
-1.1320 -1.8083
-0.9005 -0.9943
-2.5282 -4.4043
-0.1102 1.8004
-0.3671 -3.5880
-9.2351 0.3348
-4.5628 -3.9447
-4.1732 -0.8832
0.4014 -0.3626
-0.9999 1.7145
-5.0900 -4.6740
-4.6526 -1.4024
-9.5126 -5.1728
0.1664 0.5244
0.5898 -3.9370
-0.0235 -5.5675
-4.6724 -9.4833
-0.8182 -0.7998
-0.7008 -9.5620
-9.4683 0.0561
-5.0587 -10.7084
-9.4840 -6.3950
1.3629 -4.4846
0.4260 -10.5673
-1.8834 -0.2127
-4.6560 -0.9631
0.3422 -10.5367
0.4702 -4.6414
-9.6144 -1.5720
0.0611 0.7164
-6.4121 -8.8272
-4.5827 -0.9362
-0.5885 -1.6262
-0.3331 0.5326
0.1583 0.7502
-5.1669 -4.7663
-5.6441 -1.4212
0.5664 -0.2544
-4.8163 -1.2719
-8.8999 -9.5097
-10.1798 -5.2364
-0.4929 -5.7047
-1.0262 -5.8028
1.1353 -0.8256
-7.7547 0.9436
1.7924 -5.4274
-4.7281 -1.5863
-5.7006 -5.1201
-10.3334 0.2581
0.5042 -5.1716
-6.0072 -1.9734
1.6347 -5.4498
-5.5523 -8.6576
-4.0653 -9.5843
0.1887 3.1135
-5.6485 -5.4604
-1.6353 -5.0566
0.7706 0.6490
0.5862 -9.3413
-8.2032 -1.1788
-10.9105 -5.5988
-8.9297 -9.5810
-10.7817 0.1832
0.4809 -1.6794
-6.0995 -5.0074
1.3595 -3.9116
-1.3960 0.2647
0.7059 0.2187
-3.7661 -0.0205
-1.2326 -5.6769
-8.3015 1.6825
-9.8854 -1.8787
-10.1408 -4.0952
-1.1855 -6.1161
-4.5403 -5.1477
-1.4554 0.2761
1.0715 -0.5555
-4.9023 -4.5818
-2.3210 -4.1340
-4.8912 1.7181
-0.2121 -3.6028
0.4042 -10.3738
-0.2811 -3.6344
-5.2514 -10.2136
-8.9096 -7.7630
-5.3703 -5.5359
-4.2226 -4.4679
-0.1087 -5.0366
0.5557 -5.5229
-5.1134 -1.1288
-5.1414 -5.0579
-1.1392 -4.2997
-1.2668 0.1666
-9.3673 -0.8817
0.8781 -9.8202
-1.9325 0.1951
-5.7083 -5.0304
-8.7958 -10.1550
1.5210 -1.7592
1.6555 -1.4548
-4.8340 -9.4000
-4.7758 -1.4571
1.0343 -4.9816
-4.7818 0.8326
-11.5221 -5.4063
-5.3552 -9.8011
-4.9802 -9.2264
-8.6253 -0.1908
-5.1985 -5.2326
-10.0084 3.2306
0.7217 -2.7479
-1.5154 -4.1586
-4.8577 -2.3495
-5.2118 -9.9705
-9.3200 -5.2992
-3.7320 -9.3200
-4.7717 -7.5262
-1.5305 -4.5364
-6.2712 1.3058
1.6655 -0.0912
-4.5365 -1.2912
-4.9208 -4.0979
1.4902 0.1379
-4.9191 -4.7673
-8.2700 -1.0082
0.5984 -4.9067
-4.7627 -8.6214
0.5229 -0.3454
-9.0046 -4.4214
-5.4608 -9.3936
-0.5708 0.0782
-9.8244 -1.6378
0.6369 -0.5793
-5.3043 -4.7518
-1.7462 -5.3745
-9.2311 -0.5732
-5.0873 -4.1654
-10.1845 -4.4165
-0.2805 -4.9014
-2.2394 -8.9434
-11.2646 -6.2430
-0.3507 -9.8003
-4.6033 -5.5872
-8.3680 -8.8698
-9.2221 0.3524
-3.4065 -1.3284
-9.6306 -1.9921
-4.7472 -6.0995
-5.6431 -5.8015
-5.3352 -5.7255
1.4683 -9.7649
-4.4550 -8.4824
-8.6761 -4.0314
-4.7689 -0.5400
-3.6866 -5.4630
0.9116 -4.6486
-1.0290 -5.1658
-0.3682 -4.8391
-0.6057 -4.8780
-5.4601 -5.3238
-1.8430 -0.1134
1.5515 -10.5288
-5.9787 -8.9910
-0.2809 -7.8075
0.1832 -1.5429
-5.8524 -1.1491
-1.0845 -9.5216
-9.5949 -5.3851
-0.4070 -10.4253
-1.8854 -1.1151
-3.6268 1.6288
-5.0513 -0.4768
-1.2917 -1.3053
-4.4560 1.8142
-3.7215 -3.9815
-4.5397 -10.7364
-8.6183 -3.7314
-10.5555 -9.7477
-10.0613 -4.1876
-9.3212 0.7885
-1.4207 -3.7487
-1.2721 -4.8307
-7.6335 -5.5903
-0.8430 -0.0921
0.3448 -1.5671
-0.1901 -2.2263
1.0690 -0.7985
-0.9877 2.0745
0.8789 -8.1669
-1.5622 -7.1816
0.4905 -4.2150
-8.7720 -4.0950
-5.0995 -1.0282
-0.5048 1.8240
-4.8189 0.3955
-9.6869 -0.9754
-0.6740 -1.1145
-5.1174 1.0928
-5.3064 -0.0768
-5.2669 -10.1077
-7.7465 0.9019
-4.5057 -1.8250
-5.3564 3.2037
-5.7161 -4.7943
-5.7808 -4.4636
-0.5655 -4.2345
-0.5084 -9.2421
-1.3107 1.1099
-4.1433 -10.1789
-0.8370 -4.0965
-10.3171 -3.6415
-2.3633 -4.4523
-9.2480 -10.9406
-6.8115 -8.7068
-5.4784 2.4298
-4.2011 0.3043
-9.3389 1.8218
-3.7422 -9.3599
-0.3426 -5.2734
-4.6256 2.3292
-9.3664 -10.5234
-5.0539 -1.8298
-10.5710 0.0804
-9.3304 0.7584
-5.6252 -9.8748
-0.2956 1.4976
-4.5718 -0.3990
-4.3887 1.9443
-8.0778 -0.1585
-7.9391 -3.2127
-5.5002 0.8740
-1.6733 -10.2103
0.3525 -5.2972
0.1186 -9.0018
2.0287 -0.5294
-1.1872 -3.1745
-2.3100 -4.2303
-9.2364 -8.6863
-1.6651 0.7139
-8.1894 -5.6804
-10.7419 -1.7582
1.8871 -4.6855
-0.6887 -1.9168
-9.0863 0.9858
-5.5957 0.3315
-0.2041 -4.8123
0.8544 0.7568
-5.0571 -9.8739
-3.4299 -4.4303
0.1420 1.4284
-2.0068 -0.0388
-4.9555 -5.4363
-4.9523 -1.6661
-9.4193 -1.4487
-4.3598 -9.6946
-1.4988 0.0056
-4.6518 -7.6895
-11.0657 -4.4561
-9.2600 -9.4168
-5.0037 0.7108
-2.1882 -9.5697
1.4341 -5.1076
-1.7529 -0.4564
-4.4408 -0.7086
-10.5274 -5.5199
-10.2333 -4.3213
0.0099 -2.5856
-4.9719 -5.9931
-4.8108 -0.3134
-4.0814 -4.0860
-9.0965 -10.6695
-4.7664 1.7745
-10.3748 -0.9546
-4.9095 -2.8172
0.6942 -4.9289
-0.4053 -4.9618
-3.7522 0.4019
-4.9861 -4.7421
-1.2664 -0.5137
0.1061 -5.0538
-5.2240 -9.3938
-0.9307 -9.0567
1.0916 -4.1021
-4.9314 -0.9383
-2.2507 -4.1458
-4.9970 -2.0626
-4.0869 -1.9522
-0.6127 0.2388
-2.1452 -4.4777
-9.1527 -11.2054
-4.0169 -4.7318
0.2552 -5.0754
0.0972 -4.3955
-3.8424 -0.1367
-9.7832 -1.0225
0.4574 -7.8720
-1.0755 1.6713
-0.8534 -4.9213
-9.9530 -3.8838
-9.4290 1.3264
-3.5385 0.7646
1.3598 -0.4182
-4.9644 -4.9148
-4.9529 -5.6643
-9.6413 -8.9911
-1.9721 -5.4557
-0.8900 -10.2661
-9.1217 -1.9493
1.3133 1.0361
-0.4210 -0.6568
-9.7877 -5.6749
-0.4105 0.7955
-9.3476 -10.9389
-5.1567 -5.2750
-4.9139 -5.7487
-1.8954 -4.1990
-5.4192 -5.2559
-0.9229 1.2277
-1.2749 2.0256
-2.5520 -9.4914
-8.6296 -5.2741
-1.9518 -1.3242
-3.8822 -8.8830
0.8878 2.1078
-10.4471 -4.9368
-10.2959 -4.5143
-6.4028 -0.9219
-0.3104 -0.9528
-1.5901 -5.9595
-1.0412 -6.0042
-7.6440 -4.4886
-5.5288 -5.2823
-4.7807 2.8003
-5.0299 -4.1211
3.4598 -1.2258
-4.4234 1.0294
1.1501 -3.9717
-4.5706 -3.7222
1.0705 -4.5593
-9.5669 1.6904
0.0232 -2.6117
-4.6641 -9.8013
-3.8485 1.6940
0.1771 -1.7464
-2.3639 -10.4078
0.8906 1.9221
1.9386 -9.5588
-0.3646 -5.2382
-8.3239 -5.0006
-5.2852 0.8295
-9.8964 -9.6224
-4.8155 1.3338
-5.2041 -5.6867
-0.6036 -4.4416
-0.5918 -3.1471
0.9237 -10.3997
-8.8373 -10.1955
-7.8290 0.3275
-5.0127 -9.7472
0.8871 0.0842
-4.0831 -4.3939
-9.8358 0.6022
-4.6453 0.7032
-8.9155 0.4598
-3.3033 -11.1301
-5.2992 -8.1446
1.6641 -5.1371
-4.6181 -4.3823
-4.5854 0.0471
-3.7374 -9.1869
-9.9082 -2.1312
-3.9808 -4.6690
-4.2073 -9.3706
-9.6544 -3.2379
-5.2361 0.6647
-4.8604 -9.8241
-0.9639 -10.0828
-5.9549 -10.1539
-0.4777 -1.7514
-4.9763 -8.7743
-10.3815 1.2203
2.4483 -0.4546
-4.9992 -1.3921
-9.1062 0.7631
-10.1736 -5.2212
-8.0021 -6.5677
1.4400 -6.2323
0.6613 -10.3788
0.4128 -5.8497
-10.2248 -5.1528
-9.4919 -10.3506
-5.6523 0.8363
-0.1674 -6.8567
-0.0645 -1.6344
-0.4176 -5.1863
-4.8174 -9.0612
-2.2333 -3.9959
-4.6689 -9.3907
-0.2669 0.1543
-4.2641 -4.4790
-5.4545 1.5809
-4.3493 0.8071
-4.9341 0.5973
-0.3632 -10.7675
-0.3958 -5.4893
-9.4888 -10.2368
-1.4146 -4.9221
2.2569 -4.6335
-5.4109 -7.2336
-5.0749 -9.6539
-0.3378 -9.8986
-1.6397 -5.1101
1.8525 -3.5528
-9.8014 1.0736
1.6839 1.8529
-10.2929 -5.6426
-4.5755 -8.2902
-7.2076 0.7355
-1.6303 -5.4919
-4.8464 0.8560
-2.3347 -8.8517
-11.1036 -10.8871
-5.0145 -6.1803
-4.6387 -0.5060
-0.8093 -4.6588
-11.1057 -9.5052
1.1278 -7.2786
-3.6746 -10.0773
-4.8643 0.8521
-4.7008 -0.4662
0.6702 3.4187
-8.1995 -4.8920
-5.0808 -5.5578
-8.3732 -5.6965
-5.4014 -0.9131
-0.4066 -5.4631
0.3590 -10.2544
-10.2980 -2.1164
-5.5884 0.7692
-1.0096 -4.1000
-10.5334 -2.6427
-5.1170 0.7082
-2.0089 -3.8278
-4.3947 0.1481
-0.7394 -2.2867
-9.0460 -4.4147
-9.7739 -9.0889
-8.1968 -4.7746
0.3516 1.1165
2.4745 -0.1570
-6.3787 0.3552
-5.1272 -5.3024
-1.5809 -9.1081
-7.9716 -4.9535
-5.2968 1.1738
-4.8405 -1.5334
-1.0153 -5.1457
-0.9487 1.8602
-4.3801 -2.1116
-7.5940 -2.0477
0.0580 0.5830
-1.0440 -10.0168
-5.0748 -5.4858
0.7546 0.8799
0.6384 -5.6837
-6.4036 -8.9545
-4.7901 -3.4937
0.5656 -0.5569
-0.8617 -1.2306
-0.8161 -5.3274
0.8093 -5.1230
-5.3278 -4.7243
-3.8475 -10.0803
-2.7103 1.2734
-9.6297 -0.3428
-0.4520 -10.0595
0.5590 -1.6572
1.6953 1.1082
-8.3564 -0.1169
1.1941 -10.6664
-0.9656 -8.2492
-8.7178 -5.2349
-4.0123 -0.5253
1.1687 -7.6062
-7.2537 -9.7905
0.4617 -0.5265
-8.0166 -9.8445
-10.2811 0.1300
1.3625 -4.6254
-3.9812 -4.8204
1.6271 -0.1200
-4.4490 1.0220
-4.8784 -5.1569
-9.5521 -5.5173
0.2613 -5.2809
-9.3570 -9.4275
-2.2418 -4.7773
0.7840 -0.1496
-0.1341 2.0535
0.4869 -10.1589
-0.5479 -5.4570
-10.5222 -3.6628
0.1754 -9.4497
0.3904 -8.0981
2.0126 -4.0833
-9.0797 -9.5489
3.4855 -0.5552
-10.1997 -0.5424
-4.2387 -9.8051
-9.0153 -0.6772
-4.8051 -4.7925
-1.2857 0.3084
-0.5620 -0.8578
0.2214 -8.7869
-9.2745 0.0865
-4.4773 -1.3805
-9.1750 -4.0069
1.6917 -9.5874
-1.3919 0.6306
-6.2269 -4.6120
-5.7100 -4.3659
-0.5938 -5.5111
-0.9532 -0.3358
-5.0577 -8.9979
-1.4084 1.7532
-4.5428 -10.1408
-8.7196 -8.9438
-2.6298 -9.9482
-9.9313 -1.4296
-0.7698 -9.4805
0.0431 -5.2056
-6.0406 2.8065
-6.3477 -2.6670
1.3879 -9.0186
-4.7771 -5.8777
-2.8485 -1.8166
-10.9572 -0.3584
1.0033 -0.3526
-9.7619 2.9676
-5.4832 1.7971
-0.6560 -1.5481
-10.3400 -0.5957
-5.8382 1.4430
-0.7869 2.4473
0.7240 -4.6856
0.6821 1.2674
-1.2437 -9.2985
3.3903 -9.1302
-5.3121 -1.0894
0.0250 -0.2886
-1.7836 -4.7756
-5.3309 -1.3883
-9.6218 -2.2975
-0.1685 -5.3971
-9.8967 -10.0378
-5.6096 1.1032
-9.3238 -9.7349
-0.1564 -0.2488
-4.9716 -0.8225
-4.8883 -9.5432
-4.6414 -0.0311
-8.8635 -10.1116
-10.3121 -4.5717
-0.8150 -8.5787
1.0106 -4.7530
-10.2360 -1.0573
0.5001 -2.4579
-4.7346 0.8764
0.7155 -9.1683
-4.5232 -4.3209
-8.3420 -10.3501
-5.6091 1.2466
-5.1658 -9.7918
-3.5329 -9.1581
0.2424 1.1851
0.0224 0.3683
2.2333 2.3340
-3.1981 -4.6682
0.5624 0.2654
-4.5038 -5.7500
-10.0703 -5.5540
0.6067 -1.4440
-1.7790 1.4266
-4.9023 -1.3295
-1.7496 -0.9925
-4.4764 -4.7516
-0.3505 -4.4733
-1.8498 -4.4520
-0.5271 -4.5578
-9.0619 -10.6061
-1.0278 1.9906
-5.2137 -0.1790
0.7534 -4.8768
0.1220 1.0755
1.0220 -0.1740
-5.5766 -4.3681
0.0440 1.2192
-5.6692 -4.7944
-1.4223 0.6801
-0.1460 -10.0607
0.0999 -8.6799
-3.6508 -3.6343
2.0551 -1.6880
-1.7834 -9.6114
-4.7809 -1.8506
-5.4141 -2.0542
0.1217 -5.1918
1.4876 -5.1439
0.7456 -1.2972
-4.1298 0.1359
-10.3830 -9.7592
-4.7511 -2.0905
-3.5300 -1.1102
-0.5557 -9.2283
0.5507 -4.5678
-5.0879 -4.3248
-10.3901 0.4329
-3.9836 -4.8938
-9.6424 -9.4441
-5.1824 0.1161
-4.6894 -0.7094
-1.5903 -10.0280
-4.3512 -1.5836
-4.6378 -9.5114
-5.1909 -4.7414
-0.6778 -4.6656
-0.4165 0.8791
-9.2779 -1.9609
-7.8521 -5.3587
-1.3332 -5.2410
-5.3319 -4.8910
-3.6574 -9.2593
-9.5240 -4.8720
-5.6662 -4.6517
-10.2898 1.6451
-9.5547 -10.9278
-8.5964 -9.2824
-9.4640 -1.4119
-4.8928 -1.7694
-4.2089 -1.8448
-5.3790 -3.1274
-9.5690 -5.4990
1.6371 -4.5933
-0.2928 -1.2319
-4.0617 -6.0808
-2.7714 -0.9307
-9.8039 -4.3378
-9.8447 -0.4553
-4.2691 -9.5371
0.3127 -9.8549
-9.6674 1.5067
0.0411 -5.7014
-11.0797 -9.5070
-3.3135 -0.2177
2.4592 -9.0847
-6.5083 -4.7848
-10.3098 -8.7601
-9.0617 -1.5946
0.7199 -3.7355
-1.4604 -0.8415
-4.1007 -5.8877
0.2516 -6.2829
-5.4436 -3.5061
-0.1934 -6.3790
-4.7664 -1.2572
-0.6945 -1.1227
-4.8995 0.5859
0.4180 -0.3976
-0.3006 -1.4451
1.8680 -5.0071
0.0618 -0.7766
-0.6991 -0.8313
-1.6544 -9.7825
-9.7293 -5.0335
-1.1354 -5.1675
-4.7004 -4.1948
-10.6116 -0.4395
-0.1150 -5.2294
-4.6345 -10.7082
-0.4361 -9.5316
-4.8660 -5.2971
-5.4478 -4.6553
-4.2913 -2.0516
-1.7194 0.2203
0.1388 -9.9670
-8.4690 -4.4769
-4.9185 -0.4736
-7.3683 -4.9311
1.1377 -0.2077
-4.8436 -4.5598
-2.8932 -4.9951
-4.7252 -5.0341
-1.4874 -1.5436
2.3928 -4.4577
0.5045 -3.6414
-0.5883 -1.7598
-0.1757 1.4517
-3.7036 -2.8788
-0.3134 -4.7665
0.7770 -1.2305
-5.5869 -5.8309
-4.4348 -0.5936
2.1487 -9.0688
-4.8471 0.0667
-1.1671 2.0143
-9.3376 -5.4036
-10.1133 -10.1193
-8.8163 1.6973
-0.5554 -0.4972
-0.7793 -8.3690
-0.4886 0.5586
-4.9100 -4.8055
-5.3005 -4.9646
0.6238 -9.1491
-0.2603 -4.5838
0.3118 -4.4162
-5.3108 -1.2320
-5.9125 -4.5073
0.4846 -9.7124
-9.9346 -6.0165
-9.8342 -5.4452
-4.7973 -9.1148
-8.6956 -9.3393
-4.3136 -8.7394
-4.3836 -2.4855
-10.2009 -0.1131
1.6133 1.5546
-1.8774 0.1216
2.0252 -0.1644
-0.3410 0.3364
-5.7192 -1.7659
2.3682 -5.6445
-9.7831 0.3276
-0.0558 0.5842
-0.7519 -5.3161
-5.7065 0.7098
-0.0550 -10.5296
0.0555 -1.7452
-9.3054 -0.3876
0.0917 -9.8103
-5.3208 1.3716
0.3369 -1.6541
-5.8033 -9.6395
0.0591 -9.8755
-9.5620 2.1783
-8.6382 -4.3560
-8.9692 -1.8549
-4.0160 1.3172
-0.4712 -5.4319
-1.5378 -4.8065
-1.3473 -5.2737
-1.0163 -5.3257
-0.6108 -0.9303
-5.0209 -4.2914
-0.2799 -0.1183
-5.2868 -5.1955
-5.0289 -5.4650
-5.3613 -4.3907
-9.5112 -5.8968
0.2640 -5.3381
1.8846 -4.7168
-0.1011 -5.9509
-5.9262 -0.2971
-8.9800 -8.7452
-8.9770 -4.6335
0.9640 -9.5402
-5.4709 -5.2266
-4.3759 -4.4009
-0.9587 -4.9271
-0.3059 2.1926
-0.4006 -1.4710
1.5636 -9.3198
-1.1359 0.8157
-4.5054 -9.7099
-1.3187 -5.8519
-0.5069 1.2394
0.0469 -0.1237
-8.4792 -3.3402
0.4014 -4.0824
-5.6427 -1.6363
-4.8633 -9.9476
-0.0928 -4.9820
-4.5693 -1.7985
-7.5884 -0.0095
0.2674 -9.9551
-9.9473 0.3826
0.9400 -10.0772
-0.1888 -5.5262
-5.3142 -5.4164
-5.7581 0.2827
-2.6455 -8.3046
-8.3489 -9.1276
-4.5146 -4.0701
-0.9040 2.1762
0.5223 0.7472
-8.8129 1.3085
-5.9858 -2.1697
-5.1131 -5.4448
-0.5762 -7.7246
-4.4403 -0.7411
-0.3034 -0.7444
-0.4627 -5.3456
-7.3649 -4.5529
-5.0564 -9.7783
-10.8615 -0.0488
-9.6513 -5.4818
3.6407 -1.4121
-5.1758 -0.4087
0.6800 -8.9439
-0.9898 -4.7411
-0.2498 1.6183
-9.3443 -0.9320
-0.6084 0.9632
-4.1642 -0.1785
-2.4021 -5.3508
1.8713 0.2840
-1.4170 -4.8694
1.8667 -4.4166
-0.6195 -2.1199
-1.4254 -3.9365
-0.0203 -1.6077
-0.0955 -0.8029
-9.7770 1.3205
-9.6951 -5.7455
0.4419 -1.4567
-8.5790 -8.8527
-0.6544 -6.0369
-0.2270 2.6453
0.6839 -4.4163
-10.7744 -1.1730
-6.4101 1.5585
-0.2038 -10.0850
0.7555 -2.0958
-6.1903 -9.1038
3.0190 2.2152
-1.6428 -3.9313
-3.9825 0.6260
-9.2940 -9.3547
-0.6107 -10.0078
-5.0350 -6.4153
-5.2683 -10.9883
-2.1312 -5.6605
-0.0427 -4.8828
-1.4015 -6.1538
-0.7413 -10.6902
0.9281 -2.2540
-4.9435 -4.2115
1.2763 -11.9762
-0.7698 -9.4537
1.3930 0.9999
-9.5628 -1.6078
-6.4147 0.8726
1.8382 -4.1285
2.0645 -4.4625
-0.5544 1.6903
-4.8903 1.6286
-1.3066 -0.0117
0.4524 -5.0622
-4.4615 0.2325
0.0991 -0.9141
-1.1659 -0.3022
-5.1336 -9.5234
-1.9255 -3.2095
-0.9589 -1.0385
-0.7540 -4.5589
-5.7173 -0.4820
-0.1132 -10.1459
-0.7921 -5.0312
1.9200 0.7179
-3.9146 -0.2376
-3.9931 -8.8855
-4.2042 -0.4855
-6.0763 -5.7923
1.8160 0.0375
-1.8718 -4.4889
0.1551 0.1721
-5.5919 -10.6566
-0.1400 -4.7041
-1.6351 0.5016
-4.4957 -9.0480
-4.4479 -4.8527
-5.3748 -4.7535
-8.4294 -10.9251
-5.5869 -5.0003
0.2984 -5.7351
0.0520 -9.8014
-1.6374 1.9299
-4.0473 -5.1657
-3.6879 0.0717
-1.1786 -5.2426
-8.7688 -5.5532
-1.6887 0.2741
-5.7486 -0.9767
-4.2929 -6.1564
-0.6774 -4.9887
-9.5300 0.9438
-10.4428 -9.7726
1.8244 -0.6790
-0.3677 1.6829
-2.5012 -0.3983
-9.2301 -8.7113
-5.6358 -4.1411
0.9889 -5.1887
-4.0831 -3.6281
-1.7157 -9.2186
-8.7316 0.2331
-9.6056 -0.6307
-9.9809 -9.6093
-0.9455 -5.0856
0.1284 -1.0595
-11.0535 -4.3820
0.6105 0.9472
-5.6758 -5.0717
-0.7020 -9.3565
0.3255 -6.0644
3.0496 -1.0830
-4.6139 -4.0573
-1.3400 -9.0003
-0.5076 -0.0483
1.5193 -4.9322
-1.5886 -1.5506
0.8398 -4.2709
-4.8454 -5.8491
-4.6352 -4.2337
-5.2657 -6.0928
-5.3029 -5.1556
-1.3519 -4.2103
0.3402 -3.7534
-9.1589 -5.7693
-0.9543 -2.2203
-0.1017 -0.4007
-4.4770 0.0747
-0.9959 0.7369
-2.5086 -5.8677
-10.4327 -5.0637
-9.1624 -4.0718
-8.6783 -7.1490
-4.8797 -9.6683
-0.8008 -0.8982
-4.7340 -7.9052
0.0777 -9.8269
-1.2779 1.4515
-3.2249 -0.0817
-9.2282 -4.9403
-4.8356 -2.0717
-9.6806 -9.1308
-4.1518 -10.0064
-4.2833 -5.6760
0.2896 -5.2924
-9.8349 0.7657
-0.3066 -1.3336
-4.7761 -5.5514
-1.2324 -9.8103
2.5440 -1.2287
-0.9579 -5.2075
-4.8429 -0.2903
-4.8873 -4.9092
-9.8858 -3.7474
-0.6559 -4.4272
-10.5817 0.5856
-9.9920 -1.5562
-8.0006 -1.4325
-0.4383 0.9561
-9.7891 -1.3723
-4.7155 -2.2234
-0.9396 -6.0407
0.6367 -1.5420
0.8817 -4.4583
0.9583 -1.1564
0.9441 -0.3016
-5.0737 -4.1566
1.9903 0.4000
-1.7281 0.5405
-4.5019 -7.8441
-1.4286 -9.7402
-0.4230 -10.3010
1.8036 -1.2570
1.2588 -10.1709
-1.4024 -1.4057
-9.8718 -4.3213
-8.8336 -0.6438
-5.0638 -2.0302
-6.5365 -11.0313
-4.7665 -4.5538
-8.0618 -2.0566
-0.2183 -4.9060
1.1536 -4.3527
-1.6783 0.0882
-4.0371 -1.5310
-4.8487 -3.8405
0.6385 0.8403
-4.1133 -8.9051
-5.0989 -4.3197
-10.5358 -4.4165
-4.7486 1.2335
3.4634 -1.2186
-4.0988 0.3650
-3.5360 -0.1673
-0.3334 0.0423
-9.2130 -9.6825
-9.1417 -3.4619
-5.0100 -5.4773
-4.3393 1.6454
-10.3423 -4.7914
-9.0032 -9.4122
-4.7813 -4.4278
-0.8903 -5.3538
-9.8242 -10.0695
-1.6616 -9.4159
-0.0969 -5.5608
-5.6507 -1.8094
-2.4973 -5.9655
-7.6507 -5.2104
1.0999 0.5253
-5.0475 -6.3002
0.5523 -5.8448
-4.5346 -4.7078
-1.1666 -5.3801
-10.3481 -5.3502
-5.4196 -0.7532
-1.7922 -9.5374
-0.2523 -0.3323
-9.4526 -4.5517
-9.3841 -0.4418
-4.3224 0.9975
-9.1016 -1.5720
-0.2882 -0.2761
-3.8353 -9.7172
-4.5122 -8.9462
-0.3289 -5.4227
1.8656 -6.4920
0.2677 -1.7339
-5.1302 0.1033
-9.5029 -0.0655
4.1620 -4.8482
-9.2708 -3.3816
0.1529 0.4058
-1.1079 -3.8037
-5.9638 -8.5856
1.7295 -10.4999
0.8348 -0.4408
1.3451 -0.8871
-8.3345 -5.8024
-0.5292 0.2054
-1.3983 -5.2529
-4.0176 -1.8786
0.9952 -4.8370
1.6937 -8.9668
-5.2591 -3.8714
-4.0759 -1.3300
-0.2525 -5.7767
-4.9944 -9.2305
-5.3931 -9.4171
-0.5455 -2.1754
-3.2814 -4.7903
-4.6610 -6.1452
-1.8444 -0.6295
0.3150 -6.1159
-8.7513 -6.1739
1.2232 -0.9346
-9.0203 -0.6076
-7.9982 -1.1929
-5.2567 -9.7235
-10.9607 1.8956
-10.0001 -0.7979
-1.2748 -5.8836
0.8263 -2.3775
1.5799 0.8395
-0.4839 -8.1637
-3.8889 -9.3327
-10.2277 -1.2151
-1.5222 0.8969
-9.1005 -5.0676
0.3367 -0.7078
0.8608 0.9616
-4.2380 -5.2837
-0.4973 3.1218
-1.3777 -9.9690
-5.7184 0.5969
-2.9616 -0.0745
-4.9850 -5.0673
-8.6510 -0.4254
-9.7783 -8.3241
-9.7639 -0.0058
-9.3923 -5.1019
-1.5877 -5.2852
0.6270 -5.1057
-10.0412 -10.0438
-0.5744 -4.6743
-5.5021 -4.7172
-10.3800 1.2260
0.6901 -1.1132
-0.3857 -4.9339
-5.0925 -10.2163
0.1139 -4.9518
-4.2395 -9.6478
-4.4149 -0.0554
0.9898 -0.8731
0.1641 -4.2128
-4.8784 0.1679
-5.3039 -8.2310
-4.5466 -3.4462
-5.9046 3.7744
-5.2879 0.5641
1.2158 1.6829
-4.7015 -1.3247
0.6086 -9.6381
0.4366 -10.2816
2.2729 -5.2063
-9.1841 0.1765
-6.0306 -10.3908
1.6104 1.3249
-5.4888 -0.9282
-1.5925 -2.7136
-0.0421 0.5392
-5.0052 -2.3535
-3.5355 1.9504
-10.2538 -7.4347
-1.1942 -0.0427
-3.3593 -9.0750
-5.0480 -0.5791
-9.1970 0.1203
-5.2959 -4.7729
0.6669 0.5428
-1.8185 -0.8126
-8.9892 -5.3319
-0.7732 2.6053
-5.2489 -8.7461
-5.0359 -5.6351
-9.2597 2.8630
-8.7591 -4.7863
2.1375 3.3969
-0.4002 -1.1858
-9.7264 1.2520
-5.1285 -8.3624
-10.2055 -9.2750
0.9372 -5.6546
-10.5338 -4.6036
-9.4099 2.7534
-10.6148 -0.6909
-3.6014 0.9579
-4.0760 -1.4118
-4.1448 0.8591
0.5481 2.3030
-4.8920 -1.6993
-0.1991 -5.5281
-5.3074 -4.6245
-4.8745 -5.5218
-6.4679 -4.8242
-5.0743 1.4631
-0.1896 -9.3662
-1.3831 1.4240
-5.5435 -4.0670
1.8094 -0.3519
-4.9944 -7.5780
1.0781 -4.9215
1.8139 -8.9767
-1.2083 -3.9708
-3.7527 1.1714
1.2235 -5.6891
-10.5574 -8.9159
-5.9842 -0.8409
-5.0517 -0.7716
-9.7612 -9.2504
0.3016 0.8245
-0.3993 2.8676
0.0590 -10.4696
0.0239 0.5420
0.1953 0.3600
0.9390 -10.2908
0.1389 -5.0952
-3.7379 -5.0808
-5.7074 -5.1149
-9.2566 -1.6586
-9.4328 -4.4308
-6.0651 -9.3621
-5.1009 -4.2680
-10.9452 -9.0555
-10.4786 -4.6110
-5.2491 -5.0580
-9.7420 -0.1973
0.0398 -4.9605
-4.6514 -0.5387
-9.7769 -9.8369
-1.8732 -4.9984
-1.8818 -0.8434
-9.8609 -4.2010
-5.4476 -4.3381
-1.1619 -5.0380
-9.7808 -1.0588
0.3170 -1.6074
-1.1407 -3.9465
-4.3430 -10.4554
-1.1967 -7.6070
-0.4801 -1.5709
-4.8097 -9.8812
-3.9805 -1.6238
1.3663 -8.7837
-5.2285 -10.2472
0.7480 -0.0847
-1.1532 2.1823
-0.5289 2.1820
-4.1559 -0.2478
-1.2086 0.6607
-9.7724 -5.6473
-0.0294 -8.1639
-0.1990 -9.8961
1.0720 -1.1383
-11.0822 -0.8043
-4.4999 -0.0938
0.7992 -1.3479
-0.6645 -4.6544
-9.6258 -4.7410
-0.6304 -4.2573
-4.2976 -4.8814
0.7158 -3.1682
0.0548 -5.4510
-0.9844 -0.1128
-10.5670 -0.6366
-4.0849 -0.7056
-1.8361 -10.8973
1.6854 -1.3003
-5.7309 0.4180
-4.9151 -9.9614
-5.0024 -1.0257
0.0483 -5.1280
0.6426 -9.4889
1.7615 -4.8296
-5.2859 -4.2500
-9.2319 -5.5406
-10.1506 -3.8233
-4.2204 -8.8210
-2.9914 -3.9410
1.9795 0.5830
-5.6393 -9.7814
-9.1515 -0.9456
0.4901 0.8785
-4.7513 0.8455
-9.2862 0.5948
-4.7660 -1.7625
-0.6361 -1.8780
-0.0420 -3.8422
-4.7308 -0.2221
1.0868 0.4509
0.3451 -2.4919
-0.7681 -11.3784
-0.1468 -7.6531
-6.7408 -0.1030
-0.4524 -10.2872
-4.9280 -5.8174
1.1429 -1.2581
2.5691 -4.7017
-8.6345 -0.2761
-1.0486 2.6243
-10.2779 -6.0828
2.4628 -1.6649
-9.2368 -4.3258
-9.3339 -0.9406
-5.9070 -5.7209
-9.7768 1.5130
0.4331 -5.8852
-0.1309 -4.1966
-9.1160 1.9175
-4.3588 -1.7213
-4.5329 -8.3934
-1.9925 -1.2900
-5.6412 -8.8785
1.0888 -4.9523
-4.7280 -9.3801
-8.0727 -0.7685
-0.4363 -5.4282
-1.4851 -10.5943
2.5669 -5.5471
0.9397 -11.5940
-4.4320 -0.5487
-5.1307 -0.4968
0.1993 -8.7071
1.2283 -3.9460
-5.6882 -5.8969
-8.1119 -4.8507
0.9389 -5.1272
1.5058 -0.3698
-8.9031 -5.9893
-3.1752 -4.9848
-4.5508 1.2449
-1.0098 -0.5773
-5.5217 -0.5586
-4.5511 -10.1746
-5.0399 -5.0435
-5.6799 2.4536
-1.2079 -0.6789
-4.7714 -1.6461
-0.9998 -0.9692
-4.5892 -0.7622
-4.3466 -8.4743
-9.4025 -0.9655
-4.5085 -5.3950
-0.7070 -1.1179
-0.3952 -4.8126
-4.4496 -4.7098
-4.3794 -0.0050
-3.4771 0.9326
-2.3723 -0.1553
-5.7294 -8.9591
0.5128 -8.5316
-5.7222 -1.8288
-8.9576 -9.7617
-4.4789 -1.5764
0.9921 1.9475
1.7757 -0.1633
-4.8569 -3.3856
0.5264 -9.4409
-9.9776 1.3995
0.9988 -0.3837
-4.3616 -8.9405
-1.1472 1.5433
-1.8634 -4.8537
-3.4813 -6.4991
0.1884 -10.1134
-9.2321 -4.7749
-1.5152 -10.9402
-5.2551 1.0599
0.1774 -1.2536
-8.9118 0.3415
1.7686 -9.3888
-0.2675 0.9069
0.3995 0.0357
-4.8656 0.1585
2.0230 0.1196
-5.4349 -0.9830
-8.3321 -4.3807
-10.6554 -9.3822
-5.1365 0.5704
-4.6626 -5.8180
-1.1416 -5.7320
-8.6642 -3.8061
-5.6681 2.4181
0.0061 0.7698
-1.2679 -4.7312
-8.0154 -0.2519
-10.0517 -5.2238
-3.8169 -0.5862
-4.9638 0.1194
-5.7416 -5.1429
-1.4950 0.5338
-9.3456 -8.8668
-1.7286 -9.4882
-1.3024 -5.2864
-11.5542 -4.4096
-7.3990 -11.2422
-4.6617 -1.7045
-10.5210 -0.7257
-4.7289 -5.2917
-5.2614 1.5277
-0.8622 -9.6505
-8.7332 1.8394
-6.1185 2.3856
-0.4471 -9.9373
2.0417 -3.7383
-1.0276 -4.8341
-8.8347 -4.3841
0.6795 -5.1767
-3.7524 -1.3070
-4.3939 -1.8665
1.1183 -4.8531
-5.8657 -4.9193
0.1176 -4.4793
1.8308 1.1480
-10.4189 0.4767
-2.3327 -5.8013
-10.5167 -5.1634
-1.4664 -5.3571
-5.3156 -9.3760
-5.1760 1.8450
-3.8588 -9.0948
-3.6820 -4.8121
-3.9495 -0.7907
-0.0701 1.3022
-0.3026 -4.3662
-0.5216 -4.7571
1.7998 -6.2104
-8.6221 -8.7127
-4.6215 2.4980
0.3781 0.2438
1.7916 -5.3058
-5.7818 -9.3442
-1.6869 0.1033
1.5782 -4.5189
2.5899 -1.0891
-4.7740 -4.4064
-1.7319 -3.6593
-9.3981 -1.3293
-1.4846 -9.3049
-8.8224 -5.0671
0.8681 0.0674
-2.7625 -4.7998
0.9992 -9.9011
-5.6067 0.8867
0.6276 -1.2032
-11.3374 -4.5288
-5.6198 -1.7628
-8.9206 -0.5342
-1.1029 -8.0394
-4.6969 1.0609
-4.7871 -4.1540
-3.7123 2.2094
-1.4669 -4.7599
-5.1506 -1.8560
0.9511 -8.1403
-1.5222 -0.3915
-1.8877 -5.2469
-5.1220 -1.5595
-4.8489 -5.1431
-5.4421 -1.5989
-1.4687 -9.5388
-0.8502 -4.0290
1.8684 1.5416
-10.3723 -5.1159
0.5168 -9.6378
0.4989 -5.5987
-2.1965 2.4652
0.5165 -1.3411
-9.6579 -0.0455
-1.4555 0.2180
-5.9343 -0.7166
-9.7208 -9.3017
-9.0287 0.1173
2.9056 -0.7214
-6.0780 -1.8461
-1.4407 0.7838
0.3421 -5.4222
-7.7734 -0.5036
-1.3529 -5.9387
-4.8046 -0.8655
-10.0003 -5.2538
-0.2274 -5.1468
-5.0388 -4.4430
1.5264 -0.7368
-1.1745 -5.7367
0.3319 -0.4728
-5.4706 -2.1536
-5.0846 -5.7408
-4.7703 -4.9668
-1.4943 -5.0722
-9.6057 -0.6484
-10.5044 -4.9513
-10.2045 -9.0065
-3.8873 0.5462
-5.5698 0.2715
-11.6242 -1.1889
1.7415 0.3960
-1.1281 -10.6067
-0.2950 -9.0781
-2.3990 0.6177
-6.0093 0.2921
-0.2277 -1.2304
0.7127 -4.2838
0.3257 -4.7581
-1.7035 -9.6992
-4.8493 -4.7554
-8.9671 1.6767
-1.5206 -5.1785
0.7035 1.4171
-4.1850 1.7592
-1.9018 -9.0591
0.4067 -5.2298
-5.5152 0.9359
-4.6242 -3.6992
-9.0712 -8.8173
0.3381 -5.0420
-4.8919 -1.2769
-5.2554 -5.5440
-4.1603 -4.6783
-10.4583 -5.1770
0.9159 -9.2114
-10.2481 -9.4083
-5.2219 -0.1317
-5.5935 -3.8517
-4.9488 -5.6252
-4.9915 0.7281
1.2021 -0.6364
-6.1099 -4.3646
-1.4765 -5.5110
0.8685 0.9284
-5.8695 0.6102
-3.1347 2.0870
-4.6218 0.5164
-4.6606 -1.4171
-0.4358 0.8683
-4.6288 -1.4018
1.5308 -8.5406
-8.4968 -3.2142
-0.3634 2.0212
-2.0176 -1.3229
-9.5833 -3.5726
-4.4899 -4.1427
-4.2776 -0.8847
0.3512 -9.5415
-7.6543 -4.1262
-9.8513 -0.6676
-3.6309 -10.4453
-5.3235 -3.7600
0.2965 -7.8951
-9.1038 1.6494
-4.1831 -9.6178
1.2175 1.0222
-1.2293 -9.1052
-9.6579 -3.3992
-0.7006 -4.5856
-5.4606 -1.5697
-5.0339 -5.9298
-0.5277 -1.4219
-5.3285 1.1818
-1.6755 0.2253
-0.3984 -5.0384
-4.9807 -5.2361
-0.3129 -1.1490
-0.1816 -5.3006
-10.3550 -9.7113
-4.7567 2.4005
-1.5121 -4.6379
-4.7274 -3.3761
-1.7669 -5.2407
-4.5905 -5.0174
0.4903 -9.5324
-9.6658 -5.0455
-3.5893 -0.1440
-4.2701 -10.0757
-1.4095 -6.0259
-0.7743 -10.8995
-4.7847 -2.8544
-1.0727 -2.3217
-5.1405 -12.3521
-2.3276 -1.8315
1.3448 -2.4747
-0.3842 -1.3368
-1.0361 -2.0188
-5.0520 -1.6127
-1.5394 -1.4464
-4.7125 -2.6102
-1.5858 -1.6033
-10.0897 -3.6648
-12.8401 -2.7870
-7.7823 -1.2520
-1.5319 -5.0152
-2.0602 -0.7325
-1.4384 0.1111
-8.9940 -2.2144
-2.2002 -1.7031
-3.0980 -8.9013
-3.4825 -1.7514
-3.8888 -1.4509
-4.2977 -1.2257
-1.1356 -0.7577
-1.8941 0.5300
-4.1338 -1.9871
-1.5785 -2.2349
-0.9635 -2.2120
-2.0384 -2.1305
-3.4786 -8.4158
-4.6908 -2.5936
-1.9154 -1.3034
-2.3666 -3.7409
-4.9602 -1.9920
-5.1353 -1.2017
-4.1515 -1.4937
-3.9408 -1.5517
-4.0694 -5.2149
-3.2601 -1.9109
-8.6661 0.3351
-1.7249 -3.0875
-2.7741 -1.7466
-1.6759 -1.4628
-1.6032 -2.1923
-1.9447 -1.8457
-4.8362 -2.9967
-4.7241 -1.7839
-1.4103 -2.8863
-1.9280 -2.1066
-1.8981 -3.3355
-1.6443 -3.4159
-2.5900 -1.5439
-2.5546 -0.8078
-1.6415 -6.2515
-3.2165 -6.3816
-1.9270 -0.0474
-1.9659 -4.3014
-0.9666 -3.5250
-1.7195 -4.5387
-1.6043 -2.3159
-0.7157 -4.1438
-1.5045 -3.1758
-10.2566 0.7175
-4.0589 -0.2882
-1.3853 -3.1691
-7.7493 -1.3533
-1.4760 -2.0498
-6.3263 1.8627
-2.1218 -1.8955
0.2758 -9.3979
-2.0472 -1.2783
-1.4083 -5.7602
-0.8345 -4.8494
-0.6537 -3.1268
-1.9294 -9.2183
-1.9067 -4.3678
-6.4171 -1.7016
-4.5736 -4.1348
-1.0474 -1.3847
-2.0337 -1.5139
-8.3109 -2.2426
-6.4298 -1.8780
-3.9473 1.7434
1.3098 -3.0503
-0.3060 -1.3963
-1.7482 -1.5823
-5.1451 -1.5170
-5.6254 -9.7744
-10.8723 1.1730
-4.4744 -10.6559
-1.7249 -2.3493
-1.2765 -3.0250
-2.5938 0.3486
-8.7145 0.0397
-3.4593 -3.6025
-1.5848 -9.8307
-0.9540 -0.6596
-0.8419 -2.5873
-1.7356 -1.4402
-1.5062 -0.8575
-2.0776 -1.8709
-2.5939 -2.1374
-1.9168 -0.8780
0.5170 -3.3269
-2.0152 -1.7029
-1.9514 -0.7805
-4.8620 -1.8939
-11.5377 -2.6441
-1.5801 -1.6488
-0.3539 -1.4502
-6.7010 -7.7054
-3.4126 -10.6100
-2.5540 -2.3024
-1.0186 -1.7513
-0.9856 -1.8123
-1.2208 -1.1307
2.6551 -6.0421
-7.2261 -2.3463
-5.9451 4.3086
-8.9346 -1.5745
-4.7361 0.2148
-3.7715 -3.7052
-4.2841 -1.2269
-3.8771 -1.6488
-2.4709 3.2769
1.6753 -1.0734
-1.8941 -1.1916
-2.3158 -1.4119
-2.2796 0.6826
-1.5127 -1.4644
-1.6489 -1.4706
0.9503 -11.4807
-1.9612 0.7038
-2.0636 -3.9264
-3.1893 -8.7830
-6.8550 -1.8530
-3.9052 1.8718
-1.8627 -0.1015
-3.2016 -5.1038
-3.6279 0.1728
-1.7421 -5.5383
-3.8396 -3.4940
-4.2164 -8.4148
-1.8540 -1.3060
-0.0465 -3.4448
-0.6361 -6.0960
-4.6284 -2.8809
-1.4940 -1.3249
-1.3480 -0.6285
-0.4078 -3.1871
-5.8025 -3.4711
-1.2729 -1.8009
-0.2249 -3.0724
2.5226 -1.3633
-5.3641 -3.4938
-1.5123 -7.9848
-2.5517 -0.6362
-6.7891 -3.8828
-1.9085 -13.2613
-9.4728 -1.9538
-1.6055 -0.1694
-1.5204 -5.4147
-1.6471 -1.6172
-6.1312 -1.5561
-0.7533 -0.9691
-11.5256 -0.5002
-2.1539 -1.0677
-1.2222 -1.9605
-7.5213 -8.0241
-3.6602 -1.8457
-5.2369 -2.6124
-1.9669 -4.9292
-5.3130 -9.2090
-4.1882 -1.6220
2.6707 -5.2490
-1.4712 -3.1834
-2.2368 -2.7742
-1.7338 -0.0281
-2.7662 -2.1584
-7.0379 -2.4149
1.5864 -10.7872
-2.6493 -6.9379
-3.2861 -7.8076
-1.9540 -6.4483
-1.5521 -2.1224
-5.0966 -1.4668
-1.8818 -1.3849
-1.4462 -2.9890
-1.6390 -3.6401
-1.1193 -3.8873
-1.0161 -1.6742
-2.1410 -2.8610
-3.8381 -2.3515
-3.7634 -1.6461
-2.7940 -1.6236
-0.6529 -2.3920
-1.7947 -3.5208
-1.7739 -1.4391
-1.1645 -2.2257
-1.6405 -2.0321
-2.9194 -2.4741
-0.6518 -5.9830
-0.9862 -1.6767
-8.8791 -4.7981
-1.5112 -2.3743
-0.9370 -1.5147
-1.6695 -1.5785
-0.9868 -3.2354
-1.7748 -5.0933
0.3975 -2.0432
-5.9087 -3.0596
-5.4510 -3.6246
-2.4213 -2.0688
-3.4099 1.4864
-1.9396 -1.3385
-1.7117 -1.4853
-1.6971 -2.4166
-8.1643 -1.9542
-3.3708 -2.1764
-1.5251 -2.2381
-3.6187 -4.3141
-0.4345 -1.2465
-1.8170 -3.1768
-2.1492 -2.3165
-0.9340 -1.9320
-1.8666 -4.6296
-4.4368 -1.5841
-1.8129 -0.7577
-1.7865 -1.0337
-8.8259 -0.8580
-7.1769 -2.2609
-3.4482 -2.7026
-4.9689 -1.8361
-1.4698 -9.8300
1.3230 -6.8924
-2.0885 -2.3544
-2.5134 -1.6365
-0.9627 -5.2318
-0.1711 -1.5645
-3.7217 -2.4420
-1.6291 -0.2169
-4.6535 1.2541
-1.2511 -1.4817
-1.2014 -4.3379
-0.7458 -6.0950
-7.9604 -7.4212
-3.2911 -6.6837
-7.6930 -1.9268
-4.0860 -1.5733
-1.1124 -3.2996
-1.4599 -1.3458
-4.2337 -2.1734
-3.4740 -2.0995
-1.5339 -2.0484
-3.7773 -3.7036
-2.0969 -1.9225
-1.2335 -2.0096
-2.0119 -2.3793
-2.0269 -3.9396
-1.8445 -2.7473
-2.5330 -2.6842
-1.7403 -1.9123
-1.7794 -0.2547
-6.8341 0.5362
0.5524 -7.8308
-3.1419 -3.1546
-1.0991 -7.7848
0.5451 -1.1474
-4.9626 -5.4286
-7.8871 -1.9802
-1.8758 -3.4427
3.6807 -1.9390
-8.3904 -3.5472
-1.7302 -1.2373
-1.3215 -2.4118
-8.1943 -1.3662
-1.2432 -2.0238
-2.8197 -2.9912
-5.7864 -1.5176
-1.8472 0.5710
-1.8282 -6.3462
-1.9489 -2.3979
-3.1205 -0.0523
-3.5810 -1.1502
-3.6421 -1.6608
-2.2478 -1.4913
-1.6729 -1.4672
-2.1698 -10.2447
-1.2677 -2.3203
-2.5480 -4.1022
-1.8234 -4.7900
-3.0723 -2.2862
-1.5113 -2.0124
-4.2754 -2.1228
-0.0117 -8.8946
-0.7859 -1.2045
-1.8654 -1.6605
-1.1114 -1.5482
-1.8334 -2.1829
-1.5690 -1.6391
0.0110 -4.8741
-4.6664 -3.0166
-5.1960 -5.4828
-2.3835 -2.0375
-1.2759 -6.7027
-1.5002 -1.8986
-1.8506 -4.0890
-2.1418 -1.5845
-1.9143 -5.4679
-3.2715 -0.3150
-1.9925 -1.6576
-1.4356 -1.2915
-2.8612 -1.4462
-4.9050 -1.6815
-9.1464 -4.8040
-3.5238 -4.1690
-1.0827 -1.4304
-2.1266 -4.9328
-7.0502 -2.1776
-2.0704 -1.1131
-0.0008 -1.8493
-1.4283 -1.9022
-4.3395 0.6832
-1.9985 -1.7056
-1.8584 -1.2225
-1.1446 -2.0204
-1.2839 -6.7282
0.3626 -2.9703
-8.3212 -9.7674
-6.4076 -0.6779
-2.0937 -1.9369
-2.1783 0.7799
-1.3314 -1.4375
-2.3175 0.0014
-4.8458 -3.3675
-1.6679 -1.3941
-1.3867 -5.1873
-0.5975 -2.3713
-3.4072 -2.0589
-1.2350 0.2591
0.9235 -2.0034
-1.6558 -1.2927
-2.1906 -1.6720
-5.1881 -4.4231
-2.9097 -1.5082
-0.1242 1.3568
-1.9894 0.2542
1.1588 -7.5115
-1.1339 -1.9221
-2.5289 -3.2417
-2.3782 -3.6287
-2.0512 -2.0932
-2.3345 -3.9214
-4.8329 -4.0661
-0.6562 -10.4567
-8.3890 -0.6343
-2.3388 -9.5030
-1.2618 -1.0530
-1.8103 -2.4033
-1.4210 -6.0607
-1.2005 -7.1933
-1.4550 -2.9795
-2.8173 -1.7659
-0.8635 -1.3229
-1.6469 -1.1429
0.1886 -3.8919
-3.9891 -2.1349
-3.0907 -2.4682
-5.7670 -1.6208
-1.8075 -3.3342
-2.1505 -1.7054
-1.5512 -2.9707
-2.2606 1.1953
-0.0749 -1.0787
-6.8194 -1.0507
-1.2502 -2.5362
-1.1902 -1.6237
-6.0766 -1.2948
-4.3980 -1.1696
-1.5465 -12.8464
-1.2179 -1.7815
-6.8357 -1.9812
-1.6947 -5.6840
-0.0971 -1.6357
-1.5585 -2.1772
-2.1284 -9.9930
-11.3122 -1.8117
1.6909 -10.3219
-0.8240 -14.7187
-4.0306 -2.0468
-8.8923 -1.7389
-1.2466 -1.6446
-5.2971 -2.0350
-8.1553 -3.1216
-5.1657 -2.2714
-1.6393 -4.8080
-0.0642 -1.9157
-1.4651 -6.7432
-1.9732 -0.8958
1.3630 -2.2999
-2.9527 -1.8511
-5.0528 -1.2964
-7.9930 -1.1596
-1.2151 -0.9205
1.5025 -1.8840
-1.5193 -9.2641
-5.1748 -1.5972
-1.6212 -2.4126
-5.0250 -1.0695
-2.1231 -3.5592
-2.0154 -1.2318
-1.6770 -1.4017
-2.5488 -4.1726
-7.1339 -1.3101
-1.9544 0.6643
-0.7072 -7.6156
-1.9450 -0.5886
-1.8056 -1.2839
-1.5922 -14.0754
-4.9966 -1.7007
-1.0099 -1.2943
-0.6896 -3.2756
-1.3969 -2.1030
-1.4228 -0.2327
-6.3119 -1.5383
-1.2356 -0.9037
-1.2233 -6.8430
-2.2950 -2.2694
-1.8891 -2.7065
-2.0947 -3.3362
-3.6479 -3.6751
-2.1835 -1.2314
1.4695 -11.8194
-2.4436 -1.4881
-0.8722 -1.4591
-2.6816 -1.9040
-0.4419 -2.2158
-1.3619 -3.9458
-3.2185 -1.1223
-1.5411 -2.6612
-1.8919 2.3622
-1.4442 -1.7823
-1.7679 -1.7206
-7.1421 -1.9692
-3.7430 -1.4934
-3.1280 -2.0741
-1.9031 -7.6397
-0.8420 -1.7238
-1.5590 -1.7194
-2.1136 -1.9717
-5.4825 -6.2173
-2.4412 -2.3521
-0.4103 -0.5703
-0.4504 -1.3251
-2.7257 -1.8452
-4.9336 -1.6367
-1.3224 -6.9228
-1.1389 -1.6536
-1.6881 -1.7916
-1.5770 -0.0562
-10.6366 -1.8095
-3.0600 -1.3820
-14.6865 -1.4780
-5.6118 -10.6988
-3.7189 -3.3902
-1.7976 -0.2965
-1.0591 -1.5249
-0.7966 -4.4887
-1.8717 -9.8866
-2.3560 -1.8710
-1.5569 -1.2296
-1.6213 -1.5883
-5.8968 -1.7057
-1.7610 -1.6536
-1.5769 -6.1757
-1.7073 -2.4117
-7.4382 -3.1529
-2.2076 -4.0126
-16.1737 -2.3001
-2.4110 -5.4805
-3.1647 -1.6839
-0.9321 -2.2119
-3.7863 -0.9550
1.1368 -1.2047
1.1240 -1.3596
-6.3543 -2.2596
-1.2081 -1.6295
-0.6974 -1.5113
0.1691 -1.7591
-1.3099 -3.1845
-5.0827 -3.4457
-0.8309 -1.9331
-4.4362 0.2013
0.4487 -3.5414
-3.5545 -2.0518
-1.3613 -4.6666
-3.3970 -1.9384
-1.2540 1.8473
-2.3818 -5.0340
-3.3474 -1.6611
-2.1599 -6.1716
-1.5063 -1.0944
-6.5143 -1.1324
-1.2275 -2.1334
-3.3601 -3.3038
-4.8485 -1.4174
-1.6663 -3.2047
0.3230 -2.6372
-1.5790 -1.9184
-1.8832 -0.7744
-2.2031 -1.6411
-4.4533 -1.7020
-2.7858 -1.4237
-3.3527 -1.1799
1.0055 -1.8935
-1.2654 -5.2816
-2.1800 -1.8102
-1.8152 -1.3152
-6.0085 -1.8932
-1.7517 -7.2611
-4.3405 -2.1259
-7.8096 0.6051
-1.2242 -1.9374
-3.3184 -3.0482
-4.0107 -1.9606
-7.0952 -3.2462
-3.2765 -9.5843
-3.1521 -1.9360
-1.3798 -0.9643
-8.2125 -1.5103
-1.1625 -2.2823
-2.1959 -1.7035
-3.0306 -3.3064
0.1587 -0.5559
-2.3327 -1.4618
-1.8446 -4.7477
-2.4061 -5.1686
-1.5753 -2.3403
-3.2741 -2.5769
-5.5737 -2.4610
-4.1109 -5.3620
-12.9637 -1.0007
-1.0904 0.2601
-2.1822 -4.5617
-2.7906 -0.9868
-1.9022 -1.9898
-0.2819 -1.4735
-2.1649 -3.5325
-5.3988 0.0586
-5.9296 -2.4601
-0.9977 -7.4016
-2.0485 -1.1113
-5.3352 -3.4342
-0.8717 -2.4131
-1.8573 -3.2006
-4.4693 -1.3390
-3.0811 -1.8834
-1.5769 -4.6233
-1.2848 1.1608
-1.7026 -1.5440
-1.9277 -1.9214
-2.3392 -1.1212
-3.3898 -1.0477
-2.0919 0.9425
-2.3603 -1.6829
-1.2818 -1.8361
-1.5934 -9.2571
-2.1490 -3.6213
-1.7656 0.4319
-1.4649 1.3065
-0.6466 -1.4329
-6.1998 -4.2541
-1.8084 -2.2143
-9.7816 -5.9838
-4.4095 -1.9956
0.3510 -5.0109
-2.4550 -3.5115
-1.6766 -3.7244
-3.0139 -0.9831
-4.0703 -1.8496
-3.1300 -2.1164
-10.0146 -3.5074
-1.7961 -8.2781
-0.4789 -2.7210
-3.4194 -1.7985
-11.3852 -1.6133
-2.1135 -4.9530
1.6595 -1.7074
-1.1585 -5.2654
-3.4784 -2.4136
-1.6652 -2.1054
-3.3478 1.0843
-1.9518 -1.9405
-3.3023 -11.9126
-9.8052 -2.2084
-1.3969 -2.2110
-1.8558 -3.8244
-1.5923 -4.7918
-6.4090 -1.7620
-4.1804 -2.9162
-1.7024 -2.5650
-2.9304 -2.1393
-2.2845 -2.7888
-2.8701 -4.0516
-1.4438 -1.5770
-0.8115 -2.3636
-2.0324 -1.7569
-8.9093 -1.9451
-6.9740 -1.5441
-5.0555 -1.7269
-1.7331 -0.6159
-1.3739 -3.1876
-1.0379 -3.4099
-9.9122 -0.9019
-2.9289 -7.0214
-2.3132 -8.5273
-6.7097 -9.3386
-0.9031 -3.5279
-2.5819 -1.5706
-1.8326 -1.5215
-2.5346 -2.3815
-1.3839 -1.2980
0.2859 -1.9861
3.0033 1.1621
-1.3613 -12.5782
-2.2614 -1.7722
-4.4324 -3.1031
-1.3795 -3.7198
-1.8292 -1.6669
-1.3570 -0.6783
-2.7704 0.4299
-0.9719 -1.7471
-1.8183 -2.4475
-1.1832 -1.4866
-3.9451 -0.0093
-1.0367 -2.4335
-9.0038 -4.9404
-1.4682 -1.8757
-5.4152 -0.9484
-7.0973 -2.1055
-1.6371 -1.4195
-1.5208 0.9610
-1.6327 -2.6942
-1.6626 -1.8317
0.9227 -2.0190
-1.3631 -1.7789
-1.6015 -1.6982
0.5747 -3.0037
-0.9378 -0.8927
-2.6796 -2.4302
-4.0906 -1.5261
-1.2426 0.5351
-7.1923 -2.3998
-3.3484 -4.1983
-0.7110 -1.6105
-3.6074 -1.0193
0.6832 -1.9001
-1.5428 -1.4445
-3.3403 -6.0479
-1.1808 -1.1540
-8.5898 -2.0998
0.3876 -5.9573
-0.7936 -1.8143
-0.7313 0.0393
0.9666 -0.2637
-5.2545 -3.0157
-2.1969 -2.2772
-3.0166 -0.7974
0.4884 -7.4232
-1.7501 -1.6801
-2.8291 -1.8356
2.4970 -2.0888
-2.1485 -2.3977
0.0524 -4.7985
-1.8008 -1.3919
-0.1150 -1.7895
-1.5730 -4.6957
-3.7330 -1.4949
-1.5798 1.8211
-0.5789 -2.5873
-1.6820 -1.5848
-9.1060 -2.1814
-2.6203 -0.3139
-1.6863 -2.1113
-4.8268 -3.8588
0.0719 -7.3420
-1.0183 -3.5794
-2.6383 -1.7614
-2.0127 -4.6150
-2.0566 -6.8782
-1.5661 -1.4242
-1.4212 -8.3567
-2.1755 -2.5163
-2.3146 -2.0665
-0.7265 -9.6230
-1.8205 0.1252
-2.3087 -1.7157
-1.3098 -3.6297
-1.0284 -3.4518
-3.6788 -2.2558
-1.0605 -10.4525
-3.1067 -2.1583
-2.1591 -1.1120
-2.1613 -1.8338
-1.3973 -1.7200
-4.7274 -1.7550
-2.4880 -10.2187
-1.5336 -1.8452
-0.1754 -1.3537
-1.7727 -2.9984
-1.3406 -2.3155
-1.7572 -3.8773
-1.0762 -1.2035
-2.6769 -2.1162
-1.7401 -3.1354
0.0375 0.1640
-4.3369 -1.9622
-8.8641 -1.9220
-8.4381 -2.4911
0.4279 -1.7695
1.7324 2.0798
-0.9172 -3.5314
-1.9501 -2.2538
-4.9923 -1.3834
-0.1761 -1.6305
1.0218 -1.9349
-0.3384 -2.3185
-2.2014 -1.4961
-0.3732 -1.4584
-1.6017 -1.9669
-7.4790 -8.9224
-2.0739 -11.8443
-5.4873 -3.5782
-1.9933 -6.4003
-0.1026 -2.2834
-1.8618 1.3478
-1.8267 -1.3939
-1.7720 -4.1835
-2.2433 -0.1116
-0.1149 -2.0868
0.9483 -3.9733
-1.5353 -0.5527
-3.9287 -4.0168
-2.8260 -0.8362
-1.9007 -2.2702
-1.9843 -8.0571
-2.3322 -1.2423
-0.0689 -2.6916
-1.3155 -1.5178
-3.0409 -7.8343
0.9143 -1.8688
0.0897 -1.8146
-1.2726 -1.9803
-2.2931 -1.1540
-5.2220 -3.2935
0.8529 -1.4132
-3.9574 -1.5758
-3.2538 -2.7930
-1.3254 -1.6014
-2.4211 -2.1903
-1.5921 -3.0286
-6.7524 -1.4095
-4.7161 -1.6919
-7.0625 -3.0194
-1.7365 -11.2570
-2.0355 0.3566
-1.4404 -7.7614
-6.6074 -1.7473
-7.6870 -1.8269
-2.9309 -1.3899
-1.1703 -5.7816
0.6905 -2.2098
-6.9258 -2.9938
-1.5873 -1.4961
-1.1070 -1.4407
-7.8620 -2.1742
-0.3101 -6.7760
-2.1782 -6.4123
-2.5111 -2.1582
-4.5993 -4.1215
-3.0558 -1.6482
-2.7697 -1.6112
-4.0764 -4.6605
-2.7467 -6.3611
-1.2186 -1.9455
-1.8785 -0.5458
4.4453 -2.8030
-1.6186 -2.6142
-4.5279 -1.5939
0.5475 2.7521
-1.7551 0.1938
-1.0751 -6.5306
-9.2866 -2.4842
-1.7368 0.4758
-1.5319 -6.6207
-1.8789 -0.0768
-1.6341 -3.0275
-0.1741 -3.4875
-1.6580 -1.7124
-1.4357 -4.6179
-1.6222 -5.7330
-3.5150 -1.7091
-1.6498 -1.6821
-1.5419 -3.9314
-3.2375 0.8725
-5.5580 -1.9707
-2.6729 -1.1042
-0.9841 -0.9263
2.3317 -1.6555
-6.9521 -1.1034
-1.3655 -1.1089
0.4203 -4.7350
-1.3168 -4.6537
-0.9837 -1.8335
-1.3610 -2.6185
-4.7434 -2.3922
-0.9915 0.6503
-3.9871 -2.0202
-1.3432 -4.1714
-0.8693 -8.8537
-1.3333 -3.4109
-5.3245 -1.7725
-1.3390 -2.2885
-3.5844 -2.0988
-2.6432 -9.1435
-4.6175 -1.5405
-3.4751 -8.1599
-0.3630 -2.2675
-0.7085 -1.8214
-1.8147 -2.9263
-1.5109 -1.9355
-2.3492 -2.1711
-2.2307 -0.3321
-2.9895 -4.5202
-1.7229 -1.6793
-10.6348 -4.7208
-4.7895 -5.4477
-1.7987 -2.0367
-0.3895 -2.1622
-2.5522 -0.7563
-1.5246 -1.8263
-2.1282 -3.1122
-3.9835 -1.0313
-1.4311 -6.0440
-1.7445 -2.2923
-1.3547 -2.3398
-1.3634 -4.3547
-1.4881 -1.2391
-3.6026 -9.5915
-1.0723 -2.2274
-1.6396 -2.4164
-2.8421 1.4897
-1.1188 -6.2060
-1.8272 -2.8535
-2.6576 -0.8885
-3.0516 -3.9344
-2.7095 -2.0817
-2.2222 -1.1839
-1.1713 -5.6612
-8.7722 0.8656
-1.8643 0.0376
-8.6426 -10.6066
-0.9222 -3.6319
1.2316 -2.1608
-0.9518 -1.7261
-2.0424 -2.1890
-2.1563 -3.0222
-2.7525 -1.2516
-1.7247 -1.9310
-2.0245 -3.5367
-1.4886 -0.9937
-1.4336 0.8040
-4.7544 -1.3367
-4.3409 1.7911
-9.4449 -5.1836
-1.5615 -0.2084
2.1582 -1.5470
-4.6325 -3.7623
-3.4896 -5.3351
-1.7466 -0.9891
-2.1025 -1.6354
1.2360 -1.1177
-0.9191 -0.1914
-2.5052 0.8603
-1.3122 -1.0360
-0.9895 -2.3112
-1.0448 -1.7370
-3.7780 -2.3076
-1.7542 0.4595
1.4309 -0.8779
-2.9645 -3.0486
-1.9446 -1.5560
-1.2391 -4.6219
-1.8214 -7.2474
-4.5309 -5.0764
-3.9692 -1.5136
-6.3916 -1.6802
-0.6519 -4.7819
-0.9961 2.2683
-8.7752 -3.9977
-5.2294 0.6032
-13.2099 -2.4623
-1.4905 -1.4635
-1.8273 -0.7458
-1.9275 -7.4575
-5.9690 -1.6068
-2.8701 -1.8941
-1.4813 -3.3468
-1.6227 -2.4244
-2.1762 -1.6739
-7.6997 -9.8128
-9.2357 -0.6453
-5.5371 -1.9148
-6.6786 -1.6639
-2.8251 -2.1550
-2.2430 -5.4815
-1.2516 -1.6602
-2.8148 -4.1780
-3.9386 -2.6455
-0.5043 -1.4317
-3.2291 -4.6892
-0.8409 -2.2132
-1.5226 -1.7830
-4.0173 -1.5937
-5.7056 -10.3501
-5.0266 -1.8937
-1.8842 -0.9643
-4.0184 -5.2683
-1.4975 -1.0930
-2.6824 -2.0009
2.1306 -0.3247
-3.9451 -1.5931
-10.3329 -5.0831
-0.3141 -1.9932
-10.0002 -6.1763
-5.6242 0.2514
-2.8689 -1.7301
-2.1167 -2.1536
0.5883 -4.9264
-1.4663 -2.2010
-2.0667 -4.4678
-1.2251 -1.4580
-9.2683 -5.0639
-1.2778 -1.9004
-1.1445 -0.1784
-2.7794 -1.4163
-2.2293 -1.0512
-1.8400 -3.2004
-5.0578 -3.6311
-1.7184 -1.8535
0.6924 -0.3192
-1.0730 -1.6970
-4.4771 -0.9461
-2.2229 -1.4945
-1.2816 -1.9399
-1.5858 -2.4921
-5.2434 -1.6600
-2.1473 -2.5130
-7.9658 0.4622
-1.8259 -8.4390
-7.2267 1.0215
-1.4684 -3.7834
-1.4522 -1.9752
-3.4848 -1.7471
-10.0545 -3.2949
-5.5197 0.8972
-1.9878 -2.6725
-1.5461 -8.5941
-4.4318 -5.6546
-3.1988 -6.9123
-2.3245 -1.3095
-2.5278 -3.2666
-2.4316 0.1256
-2.0038 -1.4532
-3.1511 2.2799
-7.2164 -8.8534
-7.6988 -1.6467
-1.9851 -2.0751
-1.0008 -2.6697
-2.0896 -9.7971
-8.4046 -0.0051
-5.4768 -2.2917
-0.8962 -1.9213
-0.8419 -1.8362
-5.9934 -2.1914
-0.1961 -2.5107
-1.8815 -1.7630
-2.3643 -2.2996
-1.8145 -2.0750
-4.9882 -1.8004
-2.0197 -3.7538
-4.5251 -9.8217
2.7659 -2.3318
-2.2728 -3.2854
-1.6826 -7.1547
-4.4725 -1.5519
-1.1349 0.3974
-1.6973 -2.3421
-3.5981 0.5505
0.9367 -7.5363
-2.0529 -7.9553
-9.9072 0.0421
-2.1064 -0.3081
-1.1757 -3.0887
-3.8390 -2.0189
-2.2034 -2.0253
-1.8307 2.5521
-6.9300 -9.5249
-2.5182 -1.0357
-5.3340 -1.9321
1.2550 -0.8331
-1.3235 -2.6387
-5.4176 -1.3468
-5.7361 -1.8946
-2.5236 -3.0606
-1.0539 -2.3521
-10.0885 -1.2845
-1.9326 -0.9314
-0.7038 -2.4100
-1.7183 -2.4129
-8.3768 -2.2271
-1.4762 -3.5572
1.2451 -0.9623
-6.3340 -1.0778
-1.7812 -1.5714
-1.1548 -1.4851
-1.6329 -1.6597
-5.2002 -3.2562
-1.9706 -0.4023
0.3581 -1.3454
-2.6839 0.5448
0.0931 -3.4284
-2.2023 -4.1039
-1.1680 -2.8504
-4.7866 1.0210
-5.2630 -4.5387
-1.8105 -1.2980
2.1093 -3.6300
-4.3214 -1.7200
-9.1260 -2.9499
-0.2631 -1.0798
-0.6521 -8.8550
-4.1642 -2.4619
-2.1127 -2.5049
-1.3850 -2.0256
0.9847 -2.4084
-4.0839 -1.4205
-2.3771 -4.0027
-1.7192 -3.9244
-2.3415 -3.5679
-9.5998 -1.6107
-1.9173 -1.6804
-2.2127 -1.7669
-1.5131 -2.9210
-8.2369 -5.7978
-1.5621 -5.7143
-1.7001 -2.5855
-3.2148 -4.5348
-7.4419 -4.5998
-1.3916 0.2313
-8.8795 -1.2136
-0.5558 -10.5700
-2.2709 -2.2063
-7.5858 -7.9379
1.4894 -1.9242
-1.6962 -6.1017
-1.4767 -2.2594
-3.7948 -2.5674
-3.1400 -4.2839
-2.6220 -2.0268
-0.1601 -5.2957
-1.5004 -3.4055
-9.9807 -2.0115
-1.5871 -1.1945
-1.1179 -1.6071
-1.6244 -2.6969
-1.2816 -2.6104
-0.5004 -1.2632
-9.0609 -3.0350
-2.6154 -1.7839
0.3541 0.3861
-3.7583 -0.7903
-1.7346 -8.7472
-2.7267 -1.3704
-3.2441 -2.4910
-1.5267 -2.5159
-1.3981 -1.4167
-1.7060 -1.7591
-8.0929 -2.5234
-1.8989 -2.0358
-3.2737 -8.3943
-3.2752 -2.9912
-2.2767 -8.4671
-0.5382 -2.0131
-2.5457 -2.6729
1.0698 -11.2487
-3.8194 -1.5268
-4.3881 -3.1592
-5.8492 -5.2249
-2.0688 0.4029
-3.9065 -4.0583
-1.7932 -4.6244
0.2427 -1.5832
-3.6366 -2.6416
0.4976 -3.1396
-1.3790 -2.2279
-1.3922 -4.3549
-0.7922 -2.5106
-1.9153 -2.8438
-12.4370 -2.3956
0.2791 -12.7044
-9.2583 -2.0547
-0.7120 -1.7757
-1.3054 -2.0083
-9.4510 -0.8316
-5.2156 -9.1984
-5.3910 -3.1054
-1.4944 -1.7589
-7.5826 -0.6446
-2.2810 -6.4731
-3.8529 -4.4666
-4.7609 -1.3702
-3.4473 -6.9210
-0.2581 -1.7178
-1.6224 -4.0749
-4.5941 -1.3900
-2.9099 -2.1010
-4.1072 -1.4002
-4.7741 -3.2617
-5.0312 -2.5613
0.2139 -2.3721
-4.9182 -2.0408
-2.2343 -3.8140
-6.4125 -1.9650
-1.1404 -6.4351
-1.4378 -3.8796
-4.9940 -0.4454
-1.9949 -1.0988
2.4376 -2.3539
-2.9420 -1.9074
-2.3970 -1.7550
-2.2698 0.3269
-1.4054 1.0646
-1.3949 -8.2445
-6.3452 -3.7757
-1.4065 -1.0205
-4.9691 -2.0661
-1.6132 -3.0601
-3.5598 -2.1610
-2.9805 -1.3777
-0.9963 -3.8659
-2.2356 -2.0322
-1.0128 0.0838
-3.4153 -1.8375
-10.5868 -3.7424
-4.0211 -1.6111
-1.1529 -4.9102
0.3299 1.7157
-8.6219 -2.2462
-0.4066 -2.0166
-5.4426 -3.2265
-1.5861 -3.3589
-2.3346 0.1729
-0.8134 -2.1411
-1.3146 -3.7297
-8.6152 -1.8029
1.4425 -1.4286
-0.2016 -0.7014
-9.6134 -2.5914
-1.8002 -1.4847
-1.4418 -2.7893
-2.3639 -1.7125
-2.1289 -2.4459
-7.6629 -1.2426
0.2634 -1.6422
-5.3976 -3.3079
-8.9518 -2.4686
-1.7051 -1.4014
-0.4802 -1.2477
-1.3395 0.3972
-1.6398 -0.5937
-3.5222 -2.0844
-0.6265 -1.6231
-1.9126 2.9498
-1.5970 -2.3523
-1.6813 -1.6171
-0.1959 -7.8833
-2.1089 -1.1712
-1.4092 -7.1429
-4.2338 -11.8151
-6.2970 0.7682
-12.4301 -4.5819
1.2017 -1.4374
-1.0681 -1.8159
-1.9225 -1.7898
-1.3260 -2.0143
-2.3537 -2.6934
-1.1069 -3.0411
-1.0092 -1.6796
-1.7814 -5.2124
-2.2684 -0.7318
-1.5510 -10.5339
-2.1291 -1.7089
0.3156 -2.8827
-5.7606 -5.2848
-2.1906 -1.5223
-1.5267 -4.5067
-6.6585 -1.3455
-0.9576 -1.4434
-9.3884 0.0604
-1.3951 -6.4496
-5.4295 -6.2809
3.3213 -2.7818
-1.1639 -0.7180
1.2605 -2.0872
-1.3493 -1.7494
-2.5688 -1.3430
-2.0077 -3.4341
-2.0076 -1.9263
-1.3260 -0.5572
-1.5166 -1.7797
0.1294 1.1691
-2.1240 -3.8789
-1.7221 -2.1572
-1.4218 -3.0605
-2.3398 -1.8628
-3.5379 -1.5871
-7.1672 -0.9894
-1.2658 -2.2664
-1.4677 -1.2023
-1.7256 0.1482
-1.1977 -2.9903
-1.8316 -1.1059
-9.9964 0.0161
-3.2249 -1.0637
-2.0067 -1.8027
-2.5077 -1.6366
0.5429 0.7244
-5.0562 -3.5675
-6.1635 -0.9728
-1.7380 -1.6185
-3.0550 -1.9715
-1.7456 -1.3724
-0.3796 -1.5561
-1.6427 -2.1917
-2.2190 -1.8430
-1.7612 0.9319
-0.5434 -1.4698
-1.6936 -2.6823
-1.6069 -0.4882
-4.0039 -2.3445
-2.5054 -1.8212
-2.1049 -1.2288
-1.9496 -2.9863
1.3410 -1.9352
-1.6896 -1.4293
-5.1000 -4.8327
-7.0340 -1.7056
-2.7416 -4.2144
-2.0667 -0.6705
-1.1563 -9.3793
-4.5603 -13.5129
-1.4151 -2.1898
-3.3781 -1.8679
-4.9205 -4.8425
-1.2714 -1.3844
-1.7492 -2.1018
-1.8736 -1.5232
-5.1899 -4.4603
-1.3086 -3.3111
-1.6493 -1.8954
-3.3505 -2.0988
-1.4640 -3.8036
-7.6417 -9.0206
-1.0627 -5.8338
-1.3749 -1.3053
-6.0839 -0.3069
-11.8839 -1.8402
-6.8695 -2.0712
-1.8067 -9.7653
-0.3420 -4.6347
-3.5991 -2.5342
-2.5667 -3.2342
-2.6164 -1.5463
-2.5970 -1.8399
-3.8930 -2.1024
-3.0436 -3.2057
-2.5569 -3.8302
-1.9843 -0.5709
-2.0033 -1.3366
-2.6219 -4.4987
-6.0023 -1.5930
-1.8531 -1.3855
-3.2218 -3.8198
-5.4520 -0.9321
-3.9193 1.9765
-2.5193 -1.2857
-9.9339 -4.7449
-3.7930 -5.2619
-2.6425 -3.2836
-1.6873 -9.3437
-1.6171 -2.5507
-0.7008 -1.0451
-1.9068 -0.4131
-2.1736 -2.5273
-1.7212 -3.5645
-1.8786 -1.6496
-1.3333 -1.9229
-1.8213 -4.0144
-4.7008 -1.6192
-1.4599 -1.8020
-1.2918 -1.6271
-1.8389 -5.7928
-1.5151 -1.0541
-2.1577 -1.4696
-1.4066 -1.9315
-1.5866 -2.3646
-1.4558 -7.2303
1.5185 -11.3684
-1.8611 -2.7611
-7.4963 -1.9861
-2.0815 -1.3461
-1.5812 0.6797
-1.2896 -0.9341
-4.2886 -5.2414
-0.3369 -2.9653
-7.3088 -1.8804
-2.1283 -1.9082
-7.3890 -4.6339
-1.5155 -2.8734
-4.6542 -3.3695
-3.7079 -4.2414
-1.5470 -3.2370
-1.8005 -2.1494
0.8032 -1.3785
-5.5384 -1.2850
-1.6217 -1.8229
-0.6990 -1.1466
-1.4865 -2.2571
-3.5693 -9.6191
-1.9332 -3.6109
-0.7008 -1.2111
-0.4511 -2.1076
-2.2255 -2.4960
0.3058 -2.1439
0.1709 -2.1272
-8.2422 -1.7044
-2.0903 -5.0255
-3.2751 -0.8103
-2.2861 -2.6890
-3.2173 -1.4059
0.9843 -1.5864
-1.8489 -0.1666
-6.1386 -1.8959
0.6337 -4.5238
-3.5385 -2.1628
-1.1195 -0.0767
-1.9405 -0.9385
-7.4827 -8.0125
-5.2781 -1.1985
-2.2090 -2.5761
-0.3324 -3.0195
-0.5098 -3.5168
-5.3385 -2.3805
-2.1302 -2.5537
-2.4889 -2.6014
-0.3302 0.8334
-3.2461 -1.0644
-6.7050 -0.3307
-1.3931 -3.1123
-4.3912 -1.5897
-1.9479 -0.4826
-0.9709 -2.0775
0.0926 1.7800
-1.0516 0.6200
-1.6804 -4.9196
-1.3421 -8.8457
-2.7574 -0.0721
-1.7114 -2.9374
-2.9842 1.1389
-5.4440 -4.4635
-1.7985 -2.9720
-2.1048 -1.5884
-1.7350 -2.0624
-1.0398 -4.5852
-3.9728 -1.5468
-5.2553 -6.0661
1.0842 -1.6101
-9.0399 -1.3538
-4.3712 0.0849
-1.9016 -1.9693
-1.8479 -5.4521
-10.1598 -5.1980
-7.4674 -1.7631
-1.3497 -1.5860
-9.8739 -4.3329
-1.4879 -0.3949
-1.7902 -1.9426
-1.7615 1.8318
-10.9462 -1.1597
-0.2992 -1.8118
-1.1883 -3.8258
-6.5261 -2.0780
-10.1416 -3.2407
-5.1364 -10.6570
0.1946 -1.6820
-2.8687 -4.2335
-1.3600 -2.0516
-1.9862 -1.0020
-0.5463 -1.2117
-4.1641 -0.4651
-1.6353 -3.0217
-1.8910 -2.1182
-2.3836 -4.4545
-0.0876 -4.8761
-5.1578 -1.8472
-6.5563 -2.7556
-2.2504 1.1476
-4.2880 -1.2718
-1.8438 -1.3426
-0.6449 -1.8090
-12.2514 -3.3010
-1.6402 -4.3160
-1.3999 -1.1466
-1.6006 -2.7297
-11.9910 -1.8692
-4.3068 -1.7528
-2.0388 -2.3175
-3.3186 -0.7798
-0.6658 -4.0639
-3.2941 -1.2674
-10.5431 -4.1306
-1.1105 -2.5513
-1.9396 -1.4242
-8.4198 -1.9705
-1.5219 -0.9645
-1.9800 -7.5247
-9.5228 -1.8387
-1.4578 -4.0824
-0.5881 -3.6832
-7.7776 -4.1520
-2.8120 -2.0507
-1.4734 -2.0065
-4.1392 -0.5764
-2.1973 1.1915
-2.1957 -1.8738
-2.0588 -1.8943
-2.1154 -1.6098
-1.8181 -1.3086
-1.6529 -7.4511
-3.0798 -7.4289
-4.7707 -3.5091
0.0281 0.7779
-5.4098 -0.6787
-1.0004 -9.2242
-11.4565 -1.8523
-1.5061 -1.5458
-0.9742 -1.9739
-1.8367 1.5799
-3.5984 -6.0802
-3.6264 -7.2845
-1.7285 -5.8433
-9.2554 -1.2025
-1.3802 -4.0234
0.0582 -10.5313
-1.9418 -2.8791
-2.5735 -1.4577
-2.3420 -4.3156
-4.7561 -1.8197
-1.8004 -2.5409
-3.0203 -1.3200
-1.5999 1.5578
-8.5482 -7.4836
-2.8339 -0.5298
-1.8810 -0.7562
-0.2939 -0.6353
-2.4349 -1.2958
-2.1696 -1.6163
-1.7121 -1.2708
-2.2427 -1.7724
-2.5057 -2.3102
-2.3255 -1.7439
-1.6620 -10.9879
-1.6322 -4.4639
-0.4490 -1.9850
-1.0550 -1.5369
-6.0684 -1.2027
-2.3884 -1.9278
-1.1972 -1.9358
-1.2695 -0.0834
-2.2936 -9.2090
-2.6737 -1.7698
-6.0801 -1.3596
1.2639 -1.6397
-0.8555 -4.1153
-15.1427 -2.4605
-2.4435 -1.7398
-3.8583 -1.9771
-1.6958 -1.4710
1.4253 -8.5413
-11.0829 -1.9045
-14.7196 -1.4592
-1.8128 -3.3625
-2.7983 -6.8228
-3.1663 -3.1369
-5.4586 -1.9077
-2.1387 -1.9613
0.7413 -4.0191
-3.7431 -0.4594
-1.8360 -1.5498
-6.6045 -2.2038
-1.4456 -3.8793
-1.8533 -1.3953
-1.6885 -1.6459
-1.4089 -1.0376
2.6732 -9.2575
1.2770 -1.4284
-2.9050 -8.6200
-0.9090 -1.8176
-2.1922 -1.9578
-1.3395 -3.7785
-3.2078 -2.4570
-1.8327 -0.7361
0.3765 -2.3781
-0.2753 -1.8456
-2.1615 -2.4143
-1.9899 1.1124
-3.6032 -2.2821
-0.9935 -3.3916
-7.1087 2.4087
-11.3777 -3.1498
-3.2541 1.1807
-5.4938 -1.0776
2.8875 -7.5734
-2.7544 -8.5087
-3.9701 -1.2875
-2.1556 -1.7179
-9.0729 -1.3503
-2.5859 -4.8516
-1.0146 -2.7101
-1.4734 -3.7477
-1.8739 0.2463
-0.5440 -1.3796
-2.2366 -1.9977
-1.6437 -2.2474
-1.3680 -0.9439
-6.5379 -1.8388
-1.7650 -5.2396
-1.3614 -0.8274
-0.5519 -0.4305
-2.1230 -1.3968
-3.3931 -2.2027
-3.7108 -2.5702
-2.9434 -6.2303
-15.2979 -4.9804
-1.5339 -2.1346
-1.5474 -0.3129
-4.3566 -9.0386
-2.2740 -4.5344
-7.0802 -1.6176
-1.3044 -2.2331
-0.8417 -9.7202
-0.9112 -2.7495
-1.5452 -1.4694
-1.0476 -1.5354
-2.0595 -5.7663
-1.8835 -1.8003
-2.1001 -2.4289
-4.9384 -1.2047
-1.0408 -0.2631
-1.9936 -1.7682
-1.8759 -2.1399
-1.6911 -9.3298
-1.6232 -2.3811
-0.1807 0.1574
-4.6568 0.4704
0.8511 -5.9524
-1.5899 -9.4913
-3.0765 -0.8087
-2.6573 -6.3276
-1.4403 -3.5030
0.0678 -1.6557
-8.3562 -1.8750
-7.9363 -2.6980
-1.5861 -3.5081
-1.8241 1.4450
1.4451 -1.5487
-3.5847 -12.2218
-2.8212 -0.9566
-1.8418 -11.5049
-1.7719 -2.9545
-3.3996 -0.8524
-1.9108 -1.9245
-4.9663 -4.3881
-3.9458 -2.2553
-4.9247 -3.6177
-4.2868 -10.1857
-2.5171 -2.2681
-2.0178 -3.5768
-1.9955 -1.9506
0.7820 -5.3875
-1.6753 -1.9741
-9.7179 -1.3457
-1.2819 -2.1478
2.5491 -4.1951
-1.2929 -1.8213
-4.9006 -1.3237
-4.7984 -1.8242
-2.3044 -1.4873
-2.2948 -1.5919
-2.0459 -1.4010
0.1214 -1.5637
-1.2860 -1.3741
-2.8433 -3.0216
-0.7649 -10.2693
-0.3988 -6.1369
-1.7951 -1.5480
-8.9959 -7.5706
-0.0890 -5.9930
-1.6686 1.9872
-1.5107 -4.3049
1.8942 -3.8637
-4.0371 -3.8039
-8.0893 -1.4983
-2.2402 -9.3095
-2.4981 -2.7375
-0.4872 -11.0290
-1.6425 -0.7709
-2.0003 -3.5067
-3.7402 -1.7408
-1.7651 -1.0911
-0.6511 0.9174
-5.5537 -2.1770
-3.6327 -1.4393
-2.8075 -2.2603
-1.4597 -3.3649
-0.7403 -7.4185
-8.2248 -3.1809
-6.9594 -12.7921
-1.5212 0.0734
-1.4140 -3.1766
-1.4457 -4.7857
-2.8450 -0.0627
-1.7360 -1.6438
-1.5673 -9.9242
-3.4556 -3.2157
2.7135 -3.2606
-2.1353 -0.7716
-11.9839 -0.1612
-1.5719 -1.6799
-7.9194 -2.2246
-4.0189 -3.4124
-2.5593 -4.1038
-1.7682 -1.6574
-4.1874 -1.9781
-9.3836 -1.5707
-1.8954 -2.4086
-2.5208 -1.5697
-2.7459 -1.3855
-4.7963 -2.0401
-1.8750 -0.9030
-3.7831 -4.5570
-2.8957 0.6088
-2.0082 -3.2962
-3.9119 -2.4502
-2.3833 -3.4059
-2.8406 -1.9367
-5.1127 -1.7303
-1.9127 -3.0516
-4.1720 -1.8580
0.3967 -1.4952
-4.4016 -6.1102
-1.9999 -5.4820
-3.3637 -2.3747
-6.4738 -1.5607
-2.7572 -3.2139
-3.2399 -2.3433
-0.9963 -1.6479
-5.6242 0.6312
1.4270 -9.2489
-1.0922 2.7132
-3.3551 -1.6849
-4.7276 -2.0971
-1.4542 -4.9636
-2.4460 -7.0204
-2.0439 -1.7243
-0.6933 -1.4256
0.1601 -9.2051
0.0389 -2.1534
-5.4723 -4.1166
-7.9779 -2.3860
-1.6486 -8.8431
-1.1721 -1.2560
-3.8076 -6.0160
-2.7755 -1.4879
-3.0917 -1.7591
-0.8322 -1.7322
-4.6458 -2.6550
-1.5265 -2.1911
-1.7406 -2.3909
-1.9575 -1.9353
-1.8379 -1.3725
-2.4746 -1.4850
-1.7924 -1.9276
-1.8999 -2.7165
-7.1797 -4.7894
-3.6748 -1.2728
-1.2182 -3.4514
-1.5727 -2.1247
-6.9180 -2.9090
-1.8398 0.4761
-5.6871 -2.3413
-1.4855 -1.4132
-3.7326 -4.6422
-1.7321 -9.9794
-3.0753 -1.6070
-4.0140 -1.7839
-3.7926 -8.5107
-2.1232 -1.7085
-3.1763 -1.6472
-1.0191 -6.0178
-3.6390 -5.2434
-4.3263 1.0538
-4.1897 -0.7282
-10.4371 0.0137
-1.3092 -1.7434
-1.4756 -1.6111
-1.5307 -3.4788
2.1499 -6.5380
-1.8745 -1.9885
-2.3194 -1.9515
-2.9537 -4.5388
-10.3679 -11.7833
-1.5109 -1.4193
-1.8057 -4.7566
-2.6993 -2.5647
-1.7434 -2.1607
-2.2822 -3.0037
-7.3949 -0.2793
-1.6755 0.7633
-2.4339 -5.7586
-1.3343 -2.3327
-2.1533 -2.7680
-2.2280 -11.6279
0.5070 -3.5264
-0.8550 0.7053
-1.8858 -2.2151
-4.6665 -5.3635
3.8355 -3.1511
3.2261 -1.7472
-3.7405 -1.5950
-1.4236 -4.4104
-4.2471 -1.4847
-5.8377 -2.5841
-2.8276 -3.8941
-2.2368 -3.0057
-2.1234 -1.5863
0.3640 -0.6220
1.5594 0.1278
-1.3634 -1.3068
-0.1666 -3.7867
-7.5902 -3.1531
-3.2703 -8.1841
-4.6269 -2.1142
-3.1618 -3.5929
-0.6690 0.1073
-1.1597 -11.1752
-1.6806 -5.7961
-1.7483 -1.4417
-1.9745 -2.2570
-1.1436 -5.0337
-1.9875 -1.8093
-1.4463 -4.9442
-3.4257 -1.2276
-4.4454 0.9353
-10.9184 -4.0409
-2.2071 -1.9208
-1.8579 -1.5908
-9.4185 -1.4417
-1.7663 -2.7743
-2.0279 -3.2646
-4.1794 -1.2423
-1.6281 -1.8977
-2.1253 -9.7937
-1.9534 -6.2413
-1.6846 -1.2116
-6.7262 -2.0437
-1.7918 -2.6082
-2.1572 -2.0080
-5.0414 -5.1569
-0.3654 1.5789
-3.2968 -1.2043
-4.4911 -11.4100
-3.8009 -1.4668
0.3653 -4.6220
-4.2506 -3.9054
-1.1885 -1.6462
-2.9283 -4.6836
-4.5790 -2.8613
0.9974 -0.3507
-5.1343 -3.6873
-2.7318 -1.9750
-3.5823 0.3187
-6.8208 -1.2876
-1.2405 -3.6168
-5.7100 -3.0946
-2.0429 -1.4289
-1.8714 -3.1157
-5.9433 -8.4125
-1.0866 -2.5282
-1.2585 -7.6151
-2.2291 -4.2909
-3.4655 -2.1886
-1.5391 -8.8727
-4.3230 -3.8081
-1.7452 -0.2507
-1.9531 -7.4140
-4.1474 -1.9112
0.7594 -1.3466
-4.2842 -0.7179
-0.9026 -1.7493
0.5204 -2.1797
-1.1762 -1.6003
-7.9335 -5.9991
0.5748 -2.7272
-1.7316 -2.1265
-7.3133 -6.5681
-2.0041 -5.0505
-7.4683 -1.5471
-1.4613 -1.4415
-1.9223 -0.1192
-8.0628 -4.5326
-1.7143 -2.0391
-2.4465 -4.5885
-1.5839 -6.9185
-1.6625 0.7036
-3.9761 -4.0164
-1.3396 0.4517
-1.5387 -2.0598
-4.2593 -0.3890
-0.6591 -1.2643
-0.3861 -2.0128
-5.5640 -1.8523
-2.5136 -1.7686
-2.3100 -0.9120
-4.9866 -1.9106
-0.3018 -1.1343
-0.1161 -1.8262
-3.9897 -1.6129
-0.3933 -1.6437
-1.7043 -1.7252
-1.9504 -2.9183
0.6873 -3.9358
-0.5581 -2.1236
-1.6870 -2.4214
-2.9461 -2.5487
-2.1779 -1.8521
-1.1231 -2.1765
-1.8796 -1.7843
-7.6364 -1.6492
-2.4247 -8.8632
-9.5888 -1.7534
-3.7314 -1.3025
-3.1018 -2.8337
-3.5352 -1.7983
-3.6062 -4.4056
-5.6952 -7.4874
-5.4195 -1.0481
-1.5999 -2.4113
-4.6366 0.3197
-2.5727 1.0767
-1.8257 -2.9345
-2.1542 -0.2992
-6.3649 -6.0520
-1.4988 -0.5821
-5.1155 -2.4106
-4.2589 -2.0143
-2.4833 -4.1612
-2.0802 -3.5411
-7.1775 -2.2262
-1.6211 -4.7093
-4.0247 -1.1939
-3.4919 -2.2310
-3.6157 -1.0348
-3.3746 -7.8087
-0.8820 -6.7180
-10.8815 -0.4641
-3.8775 -1.9425
-2.4193 -3.4042
-1.0693 0.7633
-2.3295 -1.7676
-4.9347 -4.2561
-2.3454 -2.0230
-1.0536 -1.8764
-3.2678 -6.8968
-1.0229 -1.7190
-2.4884 -1.5631
-2.8531 -2.0814
-1.3889 1.2985
-4.3475 -8.1638
-10.9807 -0.5192
-4.3412 2.1633
-1.6544 -3.5417
-1.4639 -0.6668
1.0720 -1.4296
-3.8094 -7.5883
-2.2550 -1.9465
-1.4260 -2.4629
-4.9654 -0.1600
-6.5601 -10.1770
-1.6060 -1.7099
-0.7757 -1.4980
-5.9950 -3.0281
-1.6623 -0.0409
-2.3148 -8.6576
-1.5050 -3.0400
-2.0193 -1.6560
-0.1425 -1.5268
-1.4079 -2.1709
-2.1106 -2.0744
-1.5764 -2.5241
-1.8975 -0.2363
-5.0954 -5.6298
-5.8013 -2.0760
-1.2593 -9.7785
-1.8771 -1.5735
-1.5301 -1.3763
-6.9714 -1.6545
-3.8356 -1.6938
-10.9881 -1.0651
-2.4539 -1.5483
-0.2526 -1.5591
-4.2528 -0.0982
-1.6072 -4.5610
-2.7271 -1.1086
-1.7324 -1.5903
-1.5610 -1.6064
-3.2380 -3.4634
-2.8366 -3.5033
-1.4513 -1.1057
-7.4317 -0.3220
-2.0673 -6.1108
-1.8044 -3.0385
-2.2932 -1.5544
-0.9252 0.3450
-1.2989 -6.0554
1.5796 -2.4370
-5.2446 -3.5016
-1.7716 -0.3123
-3.2291 -1.3073
-1.2702 0.5307
-2.8039 -1.3708
-1.9348 -0.4432
-0.3063 -9.1475
-2.2810 -1.4354
-0.6270 -3.9693
0.7998 -2.3050
-6.3544 -1.7641
-2.3741 -1.0552
-2.2788 -1.3664
-3.0763 -1.1481
-2.0349 -1.6584
1.0666 -4.2373
-1.8295 -2.2581
1.0847 -0.0366
-1.5921 -1.2380
-3.6904 -0.8672
-2.0971 -2.4894
-0.0457 -4.7358
-6.6104 -2.5494
-1.9063 -2.4598
-0.5536 -1.8702
-1.1657 -1.3276
-7.7217 -3.3237
-1.3359 -0.1257
-1.8685 -1.1029
-1.9342 -10.0429
-2.9755 -0.8123
-1.7009 -1.6475
-1.1660 -9.6096
-9.3025 -3.0100
-1.3215 -3.3303
-3.0799 -1.5351
-1.5232 0.3081
-1.6972 -1.3403
-0.9870 -1.6992
-1.6718 1.6887
-1.7856 -1.9588
-2.6128 -5.7054
-1.2526 -2.8470
-1.2974 -1.8956
-1.0647 -2.5204
-2.8767 -0.9453
-1.1608 -2.7335
-4.9362 -1.8921
-3.7709 -1.0671
-1.1693 -1.7032
-1.7749 -3.3542
-1.4930 -2.3610
-1.9079 -13.0367
-1.4798 -8.0689
-7.4709 -1.4439
-2.4996 -1.6797
0.0726 -10.7457
-1.7061 -3.3725
-4.5335 -0.4776
-1.7361 -2.3083
-6.0023 -5.3761
-0.0024 -1.6950
-4.0803 -3.0278
-3.8779 -2.1020
-1.1398 -1.2030
-1.8517 -0.8332
-11.7634 -1.9830
-1.9178 -2.8916
-2.6277 -3.1223
-1.7403 -4.8866
-2.1167 -2.6437
-3.6472 -3.4335
-6.1288 -0.1209
-1.2974 -1.4055
-3.0339 -1.9679
-2.4259 -5.3554
-0.5292 -2.8675
-1.2315 -1.5536
-2.7980 -2.4057
-1.3754 -0.6610
-1.1586 2.4489
-1.6575 -3.8750
-8.2133 -4.0215
-5.5539 -1.6599
-2.2082 -1.7030
-2.0025 -2.6389
-1.7556 -0.8371
-1.2733 -3.3989
-0.6704 -1.4006
-1.2610 -2.2355
-1.6911 -4.6972
-6.5004 -1.3519
-4.8350 -4.2729
-4.0447 -1.6711
-4.1302 -2.4472
2.8938 -0.4465
-3.3342 -1.1568
-0.1427 -1.0123
-8.0544 -6.8174
-1.6730 -4.9912
-1.5574 -1.2425
-1.0648 -9.8545
-1.5747 -1.5412
-1.6473 -1.6187
-2.3771 -2.9120
-9.5097 -4.1397
-1.8328 -4.3434
-0.3102 -1.9880
-9.4689 -1.6444
-2.5527 -3.3093
0.1837 2.1552
-2.4621 -1.5953
-0.7421 -3.4050
0.7278 -1.8967
-2.3435 -6.7934
-1.6423 -1.6028
-1.9200 -1.1506
1.1812 -1.8229
-1.8308 1.8079
-4.1192 -1.7881
-3.2863 -3.8461
-0.4339 -1.9910
-1.4676 -1.4776
-2.0620 -2.8675
0.5869 -1.7604
-1.5980 -10.4461
-7.8324 -1.3993
-3.9378 -2.3277
-1.3661 -0.8046
-1.2544 1.2961
-2.0852 -2.0855
-1.7490 0.2393
-0.5785 -4.0763
-2.0342 -1.5193
-5.2049 -1.6204
-2.8603 -3.4793
-2.3446 -3.0066
-13.0586 -1.5256
