5
-0.5578 2.4643
2.4670 -3.9766
-8.7080 -6.0821
-3.5677 1.5034
-0.7885 -6.3390
-11.7342 2.0851
-7.8588 2.6164
-5.8153 -2.2989
-10.2376 -4.7592
-3.8823 -0.0887
-2.0098 0.7743
-0.7165 0.4190
-11.1576 -7.3560
-4.8733 -4.2106
-2.4350 -1.8756
-2.0598 -3.9824
-1.5049 -2.3269
-2.8091 -9.9732
-8.5998 -10.2413
0.0520 -4.9657
4.1445 -3.3884
-6.2316 -2.9989
-0.6134 -11.0757
-3.9218 4.8385
-11.3072 -11.8437
1.6094 -2.8320
-5.6967 -1.4485
0.1653 -4.6013
-10.6297 -4.2402
-6.9971 6.0158
4.7819 -1.1544
-10.7641 -8.1861
-2.6794 2.6526
-4.7895 -1.8968
-9.9529 -8.6713
1.1008 -2.9708
-1.7951 -10.5991
3.9904 -3.8759
6.0347 -9.8355
-1.1687 3.1006
-5.6084 -9.6778
-12.0354 -4.9558
2.0214 -3.8657
-1.3453 -15.8720
-3.3091 -11.1598
-1.5568 -0.1509
-1.1032 -3.2082
-4.6225 -3.5895
-6.7476 -6.3136
0.1563 -3.3518
-8.9715 0.4771
1.8864 -6.4615
-4.8552 -10.6715
-9.1581 -0.8810
-0.3452 -1.8786
1.2568 -5.9123
-1.2515 -0.8268
-2.3447 -0.8724
0.2020 -12.4767
-0.5930 2.1149
-0.0230 -1.2064
-1.9720 -4.2921
2.5424 -3.8962
-14.3422 -3.3711
-12.4794 -3.8399
-8.9487 0.5850
-1.4415 -8.2945
-2.6153 -5.2814
-8.6031 -6.6444
-4.3446 -6.3049
-2.8660 3.6761
-1.7155 -3.9612
3.2818 -10.2417
-0.6931 -2.2873
-2.5685 -3.7786
-7.1152 -5.1821
0.8413 1.4205
-9.4437 -3.6555
0.0730 -3.1648
-2.8681 0.7558
-2.9309 1.6602
-3.6490 -4.3799
-4.5231 -4.4911
-2.4232 -2.9439
-1.7657 -1.7010
-1.8533 -1.6305
-6.2306 -3.0943
-8.4822 -8.3597
-6.0452 -6.4159
-1.3171 -5.8258
-0.5833 -9.0038
-9.7603 -8.0047
-1.4535 -4.6469
-5.1196 -0.7558
-6.9879 -2.6526
-3.8489 -7.3133
-11.8038 1.5355
-10.9330 -7.8923
-2.1460 3.9446
0.4274 1.9798
-3.4709 -0.6450
-6.0695 -7.7288
-2.3696 0.4866
-4.1544 -2.8594
0.2781 -9.4654
0.2403 -3.3357
-10.1642 1.4671
-4.0999 -6.6104
-3.9794 0.7211
-6.1086 -8.9778
-9.0756 -8.9985
-2.1392 -5.0709
-3.0939 -0.3058
-6.0944 -3.2768
-3.5905 -1.4420
-10.0501 -6.6099
-16.1488 -8.9317
-10.2357 4.0354
-1.8257 -6.3523
-4.2431 -1.6460
-3.5645 -8.9004
-8.8842 -3.2342
-10.0129 -9.7458
-3.6662 -2.4850
0.7140 -6.3101
3.7478 -2.6766
0.3127 -6.6446
0.2538 -8.5187
-0.6967 -0.6477
-3.2713 -0.0708
-8.0948 -8.1324
-2.6132 -1.3957
-1.0444 4.6960
-5.8545 -8.1904
0.0825 -9.9804
-10.0116 -4.5926
3.8204 -4.2848
2.5636 -1.5520
-12.2471 -8.5743
0.6249 -1.5624
-3.0804 -8.9316
-10.5299 -11.2849
1.5353 -9.5090
0.9542 -2.4064
-4.0753 -10.1980
-1.6408 -7.4674
2.1217 -3.6332
-0.9558 -5.8833
-2.3881 -11.3121
-7.5720 -0.8792
-8.6947 -2.8042
-2.1624 -1.7661
-3.7487 -9.4385
-0.3715 1.6888
-3.8418 0.4998
-0.9378 -0.7323
-4.6975 -9.5933
-11.3916 0.0733
-4.8157 -7.3062
-7.3747 -5.0579
-4.5710 -12.0334
-8.4820 -0.0457
0.9678 -5.2535
0.9057 0.1596
-7.2161 -3.8289
-7.0058 1.8921
3.9086 -11.6521
-3.0337 -7.3228
-9.2327 -4.7015
-11.6629 -7.3755
-6.6712 -2.3941
-2.1656 4.3762
-5.2431 -11.0980
-1.0960 0.7328
-8.8824 -5.0723
-4.5077 -10.6330
4.8927 -7.4084
-2.0329 -0.3332
-8.2462 2.5843
-3.9341 -8.8901
-1.8313 -2.4334
-0.5604 -5.4218
-1.1112 -5.6453
-4.7644 -3.7587
-4.0619 -4.1471
-4.5968 -2.9364
-0.7993 -4.7880
-9.5142 -8.9415
-2.1518 -6.1603
-8.2420 -6.4670
0.0425 -9.5017
-4.5944 -1.3446
-5.3211 -9.0608
1.0660 -4.7271
-9.3272 -3.3311
-11.3147 -2.1516
7.8992 -3.3168
-3.5510 -8.1024
-7.3866 -2.8592
-9.6608 -0.6601
0.3170 -6.1505
-9.3990 -5.2781
-10.9562 2.2963
6.2044 -7.9376
-1.4499 -3.1896
-9.4388 -0.7263
-1.9607 -7.7884
-2.8929 -2.2388
-13.5992 -2.5038
-13.2561 -6.8322
-5.8839 -6.7013
-2.2038 -2.4315
5.9055 -4.5424
-0.4458 -4.0551
0.2716 -6.0436
-11.2358 -4.9431
-8.7522 -8.4231
-11.5499 -2.1268
-3.6836 -4.0577
-5.9674 -3.4437
-4.8344 -0.6139
-6.5532 -2.1228
-11.5102 1.8080
-10.6575 -9.3271
-3.6577 -3.8462
-2.6335 -2.5068
-10.2628 -5.1043
-6.4523 -3.2826
-2.5871 -3.1036
-4.9922 -8.7187
-16.2782 -3.2501
-6.9492 -2.8603
-3.4102 -1.5625
-11.8629 -10.9357
-7.9348 -3.9109
-2.1138 -2.3594
-2.0270 -3.5827
-1.5295 -3.1669
-11.1111 -9.4411
-0.6960 5.1498
1.5212 -2.2781
-3.7009 -9.8169
3.2427 2.0072
-8.4244 -9.1732
-7.6346 -1.8373
7.2212 -3.2890
-6.1109 -0.5528
-4.2271 4.8516
-6.1969 -0.5795
-5.4788 -9.5218
-5.8888 -11.4717
-3.1952 3.7935
-2.6436 -1.2400
-7.3456 -6.3440
6.5383 -3.2634
-2.0477 -7.1305
-10.1176 -9.3968
-5.0221 -3.2839
-6.4606 -5.0226
0.0552 -0.6584
-7.3431 -9.7600
-5.3090 1.2477
-11.5783 -4.5626
-11.1653 6.4249
-4.0396 -4.6813
-10.5688 -5.0133
-2.1071 -4.4180
-2.4503 -4.5206
-0.4554 -3.1005
-1.4327 -2.9481
5.4720 -3.3093
-2.5528 -4.4443
-2.9494 -4.3000
-6.9431 -3.9571
-7.9887 -14.4471
-3.3506 -2.2020
-9.2794 -2.9155
-3.4033 -9.1770
-10.8318 -0.7132
-11.1540 -1.5648
-7.9835 0.1373
-5.3247 -4.3006
0.1398 -8.3036
-3.1435 -11.4180
-4.9189 -1.2567
1.7981 -9.5752
-1.8459 -3.7631
-10.5192 8.7995
-11.2793 -4.4738
1.1252 7.0472
3.0344 8.1085
-2.9416 -2.1495
-8.7546 -1.2247
-2.6009 -3.3874
-6.0863 -1.3441
-4.5593 -5.6824
-8.6656 3.5966
-3.9110 0.6100
-1.3843 3.0898
-5.4969 -3.4057
-9.0572 -0.2833
-8.8544 -4.0803
-9.7018 5.7277
-4.5299 -3.0363
-9.1448 -8.9900
-5.3961 4.1053
-7.0222 -2.2683
-2.2118 -3.1746
1.0041 2.5495
-10.3032 -7.5361
-4.9700 -8.7592
-3.3722 -6.3443
-5.9070 -3.8033
-0.9096 0.7237
-9.8145 -3.6938
-8.6797 -2.0459
-8.1721 -0.7433
-11.5645 -7.4815
-9.7121 -3.1820
-4.4978 0.7588
-7.9077 -3.6782
-8.2061 -0.3704
-3.6411 -6.4064
-3.9698 -8.5527
-5.2911 -5.2463
-5.0771 6.2639
4.2913 -1.7672
0.3148 -10.0595
3.6440 -4.3273
-0.0893 -10.8587
-3.4787 -10.5518
-0.3063 0.7527
-8.1696 -12.7714
-11.8169 -8.4924
-5.9713 -7.2075
0.8431 -2.7111
-4.7077 2.4951
1.5460 -1.5328
-8.7936 -10.1325
-0.0754 -3.2617
-6.9786 -5.9516
-4.3118 1.7785
-3.3950 0.9073
-0.2901 -5.5309
-1.7245 0.3682
-4.1271 -3.7270
-9.9232 -3.3772
-10.4456 -3.9842
-5.8669 -1.8277
-1.7775 -3.3430
-9.8367 -0.2526
-13.4864 -2.1516
1.3106 -3.6000
-5.0566 -9.3818
-3.7585 -8.1543
-7.3748 -7.8498
-3.5545 -10.5215
-6.8735 -3.1194
1.7281 -9.0529
-6.7885 6.1845
-3.4965 -6.7403
-3.5257 -1.5592
-2.3855 -3.1088
10.8180 -10.4541
3.0825 2.7525
-3.8288 -5.4985
-6.2566 -6.1043
-2.5776 -5.7779
-9.9220 -9.7330
1.4186 -6.2947
-3.2457 -4.5504
-1.0222 2.4765
-0.5914 -7.9557
-6.2525 -1.6554
-1.6006 -3.5522
-3.3768 -9.2495
-2.6457 -2.6831
2.2507 -1.9901
-7.1512 -1.2984
-4.0847 -7.3518
-1.5858 0.2678
-0.7704 -2.4439
-2.6780 -5.3818
-2.5046 -6.0704
11.2434 -3.3346
-5.7769 -2.1054
-0.3603 -2.4220
-6.7244 1.9548
-1.9076 -11.6793
3.7723 -4.9782
0.4633 -3.6327
-10.8340 -7.4208
-1.5798 -2.8554
-1.6192 -4.7205
-1.2455 -8.9038
2.5801 -8.4029
0.5008 -5.2164
-2.9637 -1.5753
-4.9579 -0.6878
-8.1630 -1.7211
-2.8686 -4.7101
-7.0950 -7.6643
-3.3568 -7.3435
-10.1110 -4.7960
-6.2474 -4.2136
-4.2296 -8.6562
-4.4945 -0.1778
-8.8007 -7.0975
-6.3084 -12.4409
-9.7187 1.0476
-4.5192 -11.8170
-3.3054 -2.1739
-6.4577 -3.5544
-11.4873 -9.3227
-1.7693 -4.2471
-3.6335 -1.3728
-0.6444 -4.7710
-2.6468 -1.6547
0.4094 -2.5068
-4.5673 -1.1068
-4.2567 -3.9332
-1.3818 -4.8280
3.1830 -4.4782
-11.0345 -12.3243
3.4722 -0.5175
-6.5171 -4.7548
-3.9348 -5.9571
-12.5385 0.1547
4.3336 -1.6767
-12.6606 -7.1021
-8.4356 -7.8466
-5.3558 -3.9162
-3.1136 -8.6082
-2.4293 -3.8991
-2.1041 -4.9220
-1.6814 -0.1728
-5.4537 5.2420
-3.5220 4.9515
-9.3444 1.1662
-4.4701 -1.2113
3.7984 -3.6275
-3.0937 0.5627
-3.4138 -2.6043
4.1573 -4.2217
-3.1441 -1.7276
-2.0839 -11.8786
-1.4317 -2.0808
-7.4641 -10.6598
0.0476 -10.3354
-7.1548 -7.2804
1.4858 -8.4919
-4.0787 -3.6284
-11.0667 -6.8354
0.8985 -5.8775
-2.3665 -3.2500
-2.8977 -5.1246
-3.3486 -1.9199
-0.7907 0.4393
-7.0338 -10.8976
-2.7315 -4.1358
-1.4404 -4.0861
-7.9785 -3.0190
0.1831 -4.3207
-5.0314 -0.2683
-2.1701 -11.1000
-2.0699 -1.0961
-0.5564 -6.5335
2.5085 -2.2906
2.3321 -0.6098
-2.3206 -7.5396
-3.1380 -2.0318
-6.1213 0.3413
2.1333 -2.1259
-1.6771 -6.0174
-1.6876 -12.2192
-5.0762 -3.3690
-8.3192 -5.6045
1.4515 -6.4840
-10.7696 2.5511
1.0789 -10.6703
5.8540 -2.8781
-6.3080 -0.5761
-5.1759 3.2477
-6.6983 -5.3167
-8.3973 -3.3576
-2.0715 -10.2977
-0.5165 -0.7747
-3.4322 -6.3740
-0.5318 -8.2024
-1.1183 -9.0807
-1.3792 -3.4386
-5.6311 -6.4833
-4.3047 -4.9290
-8.3547 -3.8617
-8.4932 -5.5029
-10.4528 -2.1229
-3.6333 -4.6553
-0.7187 3.6782
-1.7501 -3.8874
-4.0177 3.1636
-1.2183 -5.5171
-7.9029 -5.2314
-6.2096 -4.5575
-4.3100 -2.4496
-4.5841 -10.4254
-3.9589 -12.9415
-7.0805 -2.0281
-8.4979 -11.5574
-3.5273 -2.8792
3.0162 -1.7547
-3.1364 -6.0352
-0.6979 -9.0145
-3.8186 -3.7386
-4.8416 -2.4085
-7.7972 -4.0496
-5.1481 3.0137
-0.8699 -6.9262
-0.0464 -5.3740
-6.1316 -3.7184
4.8677 -5.2448
-11.1866 -3.4884
-3.7703 -2.9055
-9.3526 -2.3327
-3.0096 -3.6714
0.2846 -10.1796
-3.1959 -8.6544
0.4861 -3.1626
0.9593 -0.8173
-2.9611 -7.6587
-9.5320 -1.2118
-4.4960 1.2004
-4.0640 0.2313
-6.9608 -9.3556
-1.7892 -7.3733
-2.9318 -9.4641
-9.5957 -1.7757
-5.4711 -6.1921
0.0455 -8.4983
-5.1406 2.9452
-7.2677 -7.7687
-7.4681 -0.4536
-9.1537 -1.5592
4.6242 -1.4682
-10.5144 -1.3984
-7.9185 -10.1529
6.6161 -0.9975
-6.6428 -7.4312
-5.5741 -10.4645
2.4752 -4.6172
2.0555 -4.0265
-5.0324 -4.3578
-6.0256 -9.0733
-2.6510 -7.1412
-10.9943 -10.1569
-12.2402 -4.9559
-3.2154 -1.8746
-4.1049 -12.7167
-2.9134 -4.4474
-3.0590 -3.6998
-3.5965 -4.2823
-10.8681 -1.6503
-3.7403 -1.5915
-6.7773 0.2790
-1.6644 -8.8188
-4.3458 -3.5642
-10.9463 -10.9525
-1.9705 -10.1172
-13.9055 -5.2221
-10.9594 -6.7078
-2.0196 -0.8108
-6.0331 -5.4127
-0.7366 -10.7797
-5.6247 -1.6313
2.1150 1.1458
0.9893 -4.9813
-4.6324 -4.6243
-3.3172 -3.0500
-4.3576 -2.3282
-7.4260 -1.6303
-10.2825 4.2618
-1.8987 -0.8368
-6.4043 1.7979
-8.7366 -3.7713
-8.1059 -9.6931
-3.1888 -5.2208
-4.1435 1.3116
-5.7654 -5.7432
0.5734 -2.3819
5.2053 -1.9545
-1.1265 -4.9299
-3.7746 -6.7987
-7.9849 -6.3414
-3.9656 -3.6704
-11.0631 -4.0867
-7.6730 5.2880
4.9596 6.0113
-8.2140 -10.3198
-2.4734 -2.7658
-4.4205 0.1313
-11.2084 -10.6991
-4.5016 -3.5932
-0.0259 -10.9898
-0.2832 0.0717
-3.3584 -10.8300
-6.8756 -3.5583
-7.4758 -0.1541
-5.1190 -7.7067
-1.8405 -6.6436
-7.3757 -3.1036
-1.1293 -4.3484
-9.5187 -3.3584
-1.2203 -3.9122
-1.7391 -0.3352
-11.0272 -6.9846
-4.9786 -0.5303
-7.2478 -10.0305
1.2421 -6.8360
-1.6494 -2.7333
-2.1209 -1.1696
2.6774 -0.4714
-1.5407 -5.2996
-3.7915 -8.3955
-2.7635 -2.8833
-10.5735 -5.9068
-3.7808 -4.1353
-3.1938 -12.2604
-2.8958 1.4131
-11.2113 -10.6821
-2.2945 -2.4496
-7.1986 -0.8686
-8.4460 -9.6522
2.5378 -4.8932
-5.4249 -5.0121
-1.2466 -8.9975
-0.8973 0.3566
-7.4940 -3.6556
-3.7459 -3.2125
-9.0171 -1.7677
-7.7252 -9.9541
-8.4626 -4.1520
-0.9507 -2.2794
2.0267 -8.2865
-0.0055 -7.8047
1.8592 -4.7437
-7.4795 4.5157
-0.2856 -3.2897
-2.6197 -6.6223
2.4375 -11.2214
-0.5810 3.6558
-11.4760 -3.1294
-4.5174 -1.0279
-6.3722 -1.4953
-8.6317 -8.0763
-2.0630 -2.1129
-8.8510 5.1729
-4.6653 -2.1316
-2.0089 -5.8656
-9.0134 -7.3904
-7.8852 -10.3641
-1.2824 -4.7711
-1.1182 -8.5918
-1.8549 -3.8109
4.2387 2.9913
2.1620 1.3166
-4.9140 -7.8165
-13.4770 -2.7686
-2.3045 -5.5892
-4.7693 -7.2882
-8.1075 -0.4746
-5.1985 5.4881
-9.5900 -7.5436
-6.3814 -3.2346
-1.7493 -0.6191
-4.9407 -7.8891
-7.5409 -4.4184
4.8932 -13.2828
-7.9841 -10.4155
-2.0077 -5.6022
-8.0683 3.1756
-10.2287 -10.4894
-10.6211 -6.3209
-6.4533 -2.5215
-4.4022 -9.2614
0.1648 -6.1167
-3.3979 -3.7963
-2.6374 -2.0971
-1.7247 -2.2257
2.8076 1.5718
-5.8288 -10.8166
-2.7825 -6.8308
-1.3964 -3.9330
-6.9846 -5.0016
-10.9851 -3.7014
8.1623 -3.2587
-10.5512 -3.1540
-4.8287 -12.8809
-0.1470 -2.0934
-4.2258 -6.6307
-3.6331 -1.2808
-4.2220 -0.0875
-2.8667 -5.0967
-5.2144 -7.8127
-5.7376 -4.9954
-7.3078 -5.5855
-2.4447 1.5805
-1.9733 -3.5727
1.1561 -4.5026
-4.3964 -8.3432
-3.0098 -5.3653
-2.0225 -2.2853
-1.4491 -1.2862
-1.6028 -3.1189
-0.0154 -4.2970
-4.4684 -3.9196
-7.1353 -0.2624
-6.3592 7.6661
-9.0714 -2.3920
-1.8607 -8.9336
-1.6600 -8.9482
-5.8368 -1.3058
-8.8473 -2.4072
-3.2050 -8.2527
-0.5234 -4.0916
-5.8367 -13.9357
-0.7919 -9.5700
-1.1059 -3.3830
-8.0459 -3.1478
-12.0450 5.8040
-5.3556 -6.0528
-3.5024 -4.0024
-4.9230 -11.3399
-0.6601 -1.5358
-5.1532 7.7260
-5.7190 4.6410
-3.1007 -10.3298
0.0698 -6.9645
-3.9532 -0.5663
1.3183 -6.1976
-12.3598 -2.5076
-11.1576 -1.3508
-1.6194 -5.6078
-2.9734 3.0458
-3.3214 -4.5457
-8.1714 -5.3659
-3.7233 -14.6128
-7.0771 -4.5064
-6.6656 -3.8416
0.4460 -7.3169
2.1004 -8.8354
-0.0257 -4.0530
-4.1438 3.1580
1.7822 -5.2995
-8.7591 -4.8765
0.5479 -2.2950
-0.6686 -4.7704
-8.0009 -1.4521
-1.8961 -5.1894
-1.0855 -7.4880
-0.4467 -4.1911
-3.5768 -6.6434
-5.2837 -1.4314
-0.2704 -7.5112
-0.7326 -5.4335
-0.2768 -8.9415
-1.6122 -2.5768
-9.0423 -2.8857
3.3630 -5.9328
0.8969 -10.4592
-9.9398 -5.2074
-5.7717 -3.7670
0.6724 -4.7259
-2.2370 -11.1900
-1.8605 -1.0339
-2.5001 -3.9274
-1.9638 -3.5935
-2.6912 -12.9388
-4.3905 -1.4764
-5.5090 -0.0853
-3.2558 -8.0005
-10.0572 -9.5092
-1.6751 -7.3013
2.4271 -6.9616
2.3976 -8.6701
-4.0420 -6.4827
-11.1713 0.1934
-4.2315 -5.4397
-1.1827 -0.6780
-3.6139 -7.0973
-2.0785 -4.7515
-0.6000 -7.0607
-7.4228 2.5862
-9.8264 -4.2593
-4.1880 -2.0815
-1.6637 2.2465
-7.7503 -9.4942
1.3135 -8.9200
-1.9021 -9.9925
-1.9126 1.3800
6.9846 -9.6136
-10.6201 -2.3764
-11.3342 -2.0151
-2.0569 -1.6202
-3.4959 -9.5031
-4.3832 -6.1156
6.6181 -0.2984
-2.7271 1.6862
5.6824 -11.0483
-4.3596 -8.1869
-10.7353 2.0321
0.5404 -6.5677
0.5755 -4.0099
-7.2105 -3.7229
-2.8483 -1.4041
5.2522 0.5945
-0.6227 -7.2584
-3.5532 -3.3876
-2.8126 -3.3537
-4.4307 -2.7681
-14.3340 -6.2610
0.0936 -2.6265
-1.9092 -2.2598
-9.7105 -8.3857
-4.2656 -3.2848
-2.4759 7.2140
-2.4340 -7.3864
-5.0318 -7.5042
-8.8292 -6.6135
-8.6484 -3.5491
-12.3519 -8.9677
-7.9725 -4.3062
-6.3356 1.1271
-4.1010 -6.5699
-13.6217 -8.5430
-2.4329 -0.3623
-8.1205 -11.3024
-11.6026 -0.6909
3.8270 -8.0040
6.1719 -3.8608
-2.6635 2.9423
-10.9174 -4.1813
-0.5669 -2.8299
-3.6091 -9.2189
-4.4602 0.9267
-6.4753 -5.8980
-3.4503 -8.1936
-7.0809 5.4616
-2.6924 -9.3775
-8.8108 -4.2697
-10.5097 -7.2319
-3.4315 2.4323
-0.8704 -0.6345
-2.7612 -11.7484
-9.1819 4.2026
-10.8688 -0.2459
-1.6886 -2.5492
2.5255 -9.2214
4.9476 -6.9924
-10.0157 -4.2532
-3.6818 -4.8810
-2.7926 -12.0742
-10.7992 -9.5720
-4.0040 -1.6519
0.0567 -1.1473
-1.4106 -6.8055
-1.7850 0.0183
-8.6177 8.1255
-0.3669 -4.8167
-8.7656 -8.2979
-0.0075 -4.7659
-0.0341 -4.4819
-1.8826 -3.1613
-2.9223 -2.8279
0.7578 -8.8807
-3.5772 2.6747
2.7296 -0.7707
-8.0382 -2.9872
-2.5430 -2.0658
-0.9355 -2.0906
-3.5355 -2.9729
-3.2512 -6.9906
4.2958 -4.8979
-4.2421 -7.3076
3.9664 -1.7596
-2.1730 7.3653
-6.5206 0.3776
-0.1556 3.0671
-1.4085 -0.1192
-1.6954 -1.8267
-3.7267 -2.2255
-7.8616 -8.4960
-8.0623 -0.4255
0.8683 -5.9529
-1.0308 -6.0656
-3.1867 -8.4309
-4.7211 1.7774
-7.2508 1.6755
-11.8312 -7.8397
-4.1412 -6.9243
-7.9481 4.9052
-10.5140 -3.6719
1.1778 -5.8782
-3.7290 1.1634
-5.8478 6.3195
-4.6420 -10.0960
-2.1936 -0.4841
-4.5510 -7.3510
-0.2558 -2.8034
-5.2443 -9.0097
-1.8593 -11.0118
1.5361 -4.2202
-11.4297 -8.0587
-8.9043 -1.6341
-2.0924 0.7287
-1.4096 -10.6270
-5.2276 -7.5267
1.1391 -2.4087
-0.5899 -5.0442
-8.0115 -7.8030
-3.5353 -8.2324
0.8910 -5.7459
-4.2373 -5.0881
0.2911 -5.5455
9.5528 -3.8533
-9.3403 -4.9838
-2.4021 -2.9690
-10.2495 -7.6695
-6.8728 -5.9622
0.6672 -6.7987
-6.7783 1.6878
-3.9039 5.2235
-4.0295 -9.9679
2.6247 -3.5002
-0.6080 -3.5642
-3.2832 -8.7662
-9.8431 -13.7431
-3.0716 -11.1343
-8.6504 -12.6283
-3.7740 -5.3281
-3.3776 -0.4378
0.5137 -4.3501
3.6811 -5.5714
-7.6399 -3.2808
-0.5536 -1.2428
-9.2073 -2.7206
-6.5760 -6.9730
-1.1197 -4.8776
-3.4184 -3.4445
-10.0094 -7.9154
-12.4296 -4.1578
-3.6724 -3.2655
-4.4609 0.7947
-11.4049 -1.9266
-9.7043 -8.6446
-1.5576 -2.9959
-3.5372 -5.4930
-7.2027 -11.8249
1.4720 0.4205
-12.4273 -0.1844
-3.2386 2.7478
-1.7865 -6.2693
-3.4783 -7.5535
-7.6729 -10.9749
-9.7606 -3.9918
-10.9609 -2.3553
-4.6855 -11.6200
-4.7253 5.2172
-7.7099 -9.1478
-2.7524 -8.2531
-4.2527 -12.1656
-6.2324 -5.8437
-0.1217 -2.0706
-3.6908 -9.2649
0.0147 -7.2286
-9.5004 -4.2118
-11.2308 -15.8830
-8.9854 -1.9051
-4.3212 -9.0676
2.6547 -7.4079
-7.0922 -9.1780
-7.0197 -8.2325
-6.9724 -1.4434
-0.9707 -2.8066
-3.4072 -5.6349
-1.4868 -6.5150
-13.7642 -0.5567
-8.4714 3.7566
-5.2249 0.4476
-4.8893 -9.1755
-3.0476 -10.1400
-2.6994 -1.6185
-5.5276 -4.0282
-5.8745 -6.3244
-5.7963 -2.7407
-6.2238 -1.8549
-7.9720 -1.5561
-8.6514 -10.8325
-4.4305 0.2223
-2.2602 -2.5561
-3.9044 -7.7231
-2.5628 5.3669
-11.7848 -4.7362
4.5601 -3.4951
0.6240 -6.9177
-4.5476 -2.6023
3.6514 -5.6299
-2.2412 -0.2934
-2.3818 -3.1383
-10.1719 -12.9777
1.1013 -5.9049
-10.4725 -0.9928
-8.2381 -13.4357
-8.7627 -3.8100
-11.5700 -4.3246
-2.9374 -5.9003
-10.0262 -5.7156
-3.3228 -3.0880
-0.4985 1.4185
-2.2959 -9.8167
-2.9711 -2.0689
-0.3997 -4.7019
-4.5033 8.3062
-4.3738 -2.8202
-8.5917 -4.6058
-7.3677 -5.2578
-6.1173 -8.8454
-11.3410 -1.5206
4.4626 1.2360
-2.3400 -1.5063
-3.6782 -2.2645
-13.0505 -6.3735
-2.1168 -3.1600
-5.6412 -5.6943
-0.9057 -2.9145
-0.4971 -2.4709
-11.2514 -6.3587
-3.1608 -2.6180
-9.1635 -3.3154
2.4470 -8.9396
-1.9943 -11.6028
1.6222 -6.4090
-9.3856 -1.7273
-4.1486 -6.5010
-8.1708 -2.9880
-1.9275 3.7065
-1.3617 -9.3532
-1.0589 -13.1431
-4.0552 -2.1097
1.5695 -3.4892
-2.6764 -0.8831
-4.1753 -4.1305
2.5210 -1.2141
-2.2856 -11.0636
-0.1602 -5.5286
-0.5772 -1.3498
2.3726 1.7112
-2.4450 -9.3818
-7.2445 -4.6492
-6.1362 -4.7345
-2.1994 -8.6396
-5.7729 -4.7099
-7.0476 -2.4767
-10.1763 -0.6542
-0.2701 0.4073
-10.0890 -11.8023
-2.7676 -6.3444
-2.2892 -3.3059
-4.3828 -8.7091
-4.5035 -6.0661
-7.3917 -3.6670
-2.1740 -0.7176
-2.8296 -1.3644
-5.3687 -5.5254
-7.4517 -1.1352
0.6207 2.3526
-7.6743 -11.2031
-8.4707 -2.3978
5.7469 -4.9434
-12.4155 -0.5825
-13.5779 -2.4012
-11.2596 -6.9781
0.4480 -9.8192
0.5765 3.9085
-0.2329 -3.1712
-9.0459 -7.6857
-6.7126 -3.2017
-7.9665 -3.1608
1.3610 -3.9156
-3.2662 -2.6682
-2.9599 -3.8837
0.0494 -0.9051
-9.6549 -10.0376
-8.7505 -9.5449
-10.0658 -3.2253
-6.3735 -7.6084
-6.5495 -9.6476
-13.7377 -7.2449
-6.6413 -6.0688
-8.1033 -9.6691
-12.7546 -3.2268
-2.2892 -5.8795
-2.3460 -1.1750
-1.7782 -7.7387
5.9674 1.0170
-4.5574 -12.3190
-2.3569 -3.8307
-2.8026 -1.6907
-6.3879 -7.1320
-10.6610 -2.0374
-9.1769 -6.7740
-1.9111 -2.8986
-7.9089 -10.0115
-1.6660 -4.8215
-12.2620 -6.7068
4.3964 0.8794
-3.0260 3.3196
-2.5223 -0.6073
-6.7420 -0.6392
-3.8110 -5.6776
-12.0260 -4.1131
-0.4391 -11.0481
5.4119 -7.0429
-9.1376 -10.3497
-4.7277 -3.7679
-4.1126 -9.7049
-2.6946 -1.6623
-12.0587 -3.9976
-1.0577 -4.0360
-7.1506 -7.6410
-3.4647 1.0194
1.0005 -8.6819
-4.2197 -3.0023
-1.2367 -5.6510
-1.4303 -8.4834
-1.3647 -1.7481
-3.4029 -3.4653
-0.5857 -10.0048
-3.2463 4.0119
-4.8929 -2.7135
-0.0915 -2.1056
-3.3551 -1.3364
-3.9103 -7.8602
-5.4936 -3.5241
-8.7666 -10.1235
-6.3984 -6.8620
-4.6366 3.2696
-4.3723 -6.9795
-9.8736 -4.3196
-6.6888 -6.2853
-10.5511 -1.1564
-3.0660 -3.6456
-1.7973 -2.3151
-4.2556 -4.1235
-2.6647 -7.1267
-2.1621 -0.5183
-2.0928 -8.9301
-6.4565 -1.7748
-1.7332 -6.8250
-9.9589 -3.0445
-7.9974 5.7759
-2.0185 -5.6805
-3.2625 -7.1764
-0.4720 -2.7814
-11.8613 -1.5928
-9.3080 -5.0459
1.9308 -5.1791
-6.6554 2.2102
-3.7557 2.5648
-9.1571 -1.3852
-1.3773 -7.2289
6.6024 -8.7433
-7.2367 -10.4044
-1.9615 -3.7728
-6.0265 -1.5329
-8.1291 3.2736
-10.2682 -3.3720
-0.2919 -9.4968
-7.1649 -1.0664
-4.4743 -7.6714
0.1572 -3.2488
-0.6219 -8.8633
-3.2642 -9.7446
-4.5237 -4.3824
-4.5159 -2.9462
-0.2021 -12.4637
0.4705 -1.3171
-2.0082 -4.5829
-2.3403 4.1170
-5.0723 -5.1854
-5.9438 -1.8750
-4.9666 -3.7626
1.0721 -6.8731
-4.5727 -6.2270
-2.0246 -2.0872
-2.3543 -6.6056
-2.8303 -11.7532
2.1879 -10.9355
-10.5369 -8.4827
-5.7280 0.2203
1.1524 2.1162
-0.8529 -3.2956
-2.1952 -2.1498
-4.7607 -0.8398
-1.1859 -4.5620
-2.9698 4.5185
2.8818 -1.6531
-3.1323 -5.9489
-0.1740 -6.3823
-2.9506 -10.1365
-3.1551 -1.8841
-10.5598 -3.0528
-2.5523 -6.6387
-6.0558 -5.2645
-8.0411 -10.2717
-4.6530 -2.0964
-8.5173 -4.0902
-1.6001 -6.7184
-3.2210 -2.4877
-0.0180 -10.8265
-0.4716 -9.9143
-9.5251 -10.7869
-13.4603 -4.2057
-8.8398 -1.9784
-8.1716 -2.3576
-8.4355 -3.7171
4.9215 -6.0617
4.7719 -5.6583
-3.9805 -1.5051
-7.5568 -0.3926
6.4660 4.9651
-3.8333 -0.1622
-6.2436 -2.3725
-3.8532 -4.7431
-6.4100 0.3111
-4.5161 -6.5542
-2.4850 -9.1936
4.7171 -6.3881
-0.6018 -3.6976
-2.9475 -2.8396
-7.7912 -0.2169
-4.6545 -3.0170
-2.7241 -3.7692
-1.5897 -10.9612
4.1888 -4.3848
-3.3985 -3.6189
-4.1684 -5.3009
-7.6703 -7.3560
7.0721 -2.4219
-5.7952 -8.1183
-2.9933 -8.1058
4.3103 -9.0653
-5.8722 -0.9883
2.7269 -3.2243
-2.8992 -2.5211
5.7285 -1.6835
-3.2447 5.3455
-4.4442 -4.7980
0.0642 -3.1272
-6.8266 -9.5860
-1.5162 -6.1860
-5.8051 -11.0049
-6.8465 -0.1034
-6.4757 -8.7670
-5.1811 0.1537
-4.6034 0.6825
-3.0103 -7.7060
-4.8843 -0.8885
-1.1633 -3.9573
-9.1361 -4.6650
4.8410 -8.2332
-3.5852 1.7407
4.7214 -0.5630
-12.8797 -2.9729
-2.7801 4.9711
-1.2892 0.3945
-8.1880 -6.4703
-4.5287 -1.8186
-2.8532 -5.7552
-5.6195 4.4043
3.8939 -5.7752
-0.0017 2.6037
-3.9837 -3.4225
0.1243 -1.2662
2.6511 -1.5164
-3.9224 -1.8651
-9.7948 -8.7273
-9.6032 0.5352
0.3371 -0.8131
-4.2788 -3.9865
-4.0806 -5.3799
-3.6305 -3.7796
0.5846 -2.4079
-5.2938 -2.8018
-11.4827 -4.6725
0.6542 4.4918
-1.9528 -9.9392
-5.2216 -5.8818
-6.5038 -12.9705
5.0453 0.0159
-5.1870 5.8470
-2.6068 -2.6292
-9.0298 -9.5812
-7.7424 2.3671
-5.1341 -3.3769
-11.0123 -3.7011
-1.8257 -11.5554
-1.6341 -2.4486
-4.9722 2.4493
-3.8388 -1.3765
-7.0623 -13.6970
-1.3595 -0.9279
0.4672 -4.2376
-6.8635 -0.4118
-9.1279 -2.6894
-0.3152 3.8915
-7.8056 -3.4798
7.1979 2.2286
5.9823 6.3548
-7.1381 -2.5572
7.7800 9.2742
8.0243 8.2326
-6.7987 6.1271
-6.7036 8.0876
-6.8054 7.1644
-7.1812 -6.7384
-0.6412 0.3521
-1.1883 7.7873
9.1726 6.9703
-7.0829 -7.2492
-6.9865 -3.4486
-3.9468 -3.0035
8.8442 -2.3009
-4.7271 -2.4382
-3.9150 -7.1104
-6.8158 9.3114
6.9587 -1.4517
-1.2418 6.2770
-5.4032 6.3940
5.8953 -7.2471
-2.4736 -3.4984
-4.6392 -7.1306
8.4056 9.2248
5.6423 7.0927
9.7263 9.1942
-7.0436 -1.9503
-1.8929 -0.5772
0.0377 -2.6990
-6.9633 -7.3057
8.8005 -0.3265
11.0488 -2.0146
-7.1818 -6.9886
0.5444 -2.1408
-2.5751 -7.1849
0.0644 -3.4159
-1.6645 -7.0046
7.3607 -4.0815
6.5545 -7.0713
-7.2368 7.3743
7.5288 7.8053
-0.8094 -7.0780
7.2196 -7.0078
9.6682 7.0183
3.7759 -1.4058
8.2586 -3.7431
-4.5957 -6.9992
9.4899 -0.0494
-7.4314 7.6726
6.6298 -1.7497
11.7396 -7.0804
-7.2907 8.2377
6.2382 8.9065
-6.0644 -7.4697
9.2368 9.3852
8.0672 8.8275
6.9889 -7.0117
5.2795 -1.0497
5.8835 -3.0397
7.3293 8.0886
6.1824 9.4331
-7.0675 -0.9158
-7.0958 -2.8858
-6.6956 -2.0242
7.2256 -6.9150
7.8979 -0.9474
7.7303 6.5926
8.1108 -3.6731
6.9252 -3.6118
7.9309 9.0830
-5.5456 -6.9355
8.6164 12.1216
8.3141 9.3148
-7.1865 -2.2144
7.4279 8.8880
-7.1299 -5.2042
6.6847 -2.1336
8.6558 7.2536
-1.6778 9.6593
10.7705 9.0580
6.4780 7.6341
5.2715 10.1961
-3.1243 8.2274
-0.8490 -3.2588
-7.2630 5.0878
-6.9637 -7.0117
-6.9965 -4.7231
8.1639 9.4819
1.1676 -7.0516
-6.9144 -6.9205
8.7631 -2.4438
10.1176 7.1022
-7.1609 -1.5215
-1.8599 -7.1967
-7.1440 -3.9798
-7.1041 -7.2405
-0.7819 -2.5645
4.9622 6.2553
8.6444 11.1300
8.2780 -7.2893
-1.7472 -2.5351
8.8419 10.1294
8.3174 -7.2259
9.7229 -1.1208
-6.8337 8.2020
9.7570 -1.8675
-3.4900 8.5459
-7.0819 -7.3629
-7.1892 -7.6130
6.1908 -2.7072
7.6613 -1.9835
-6.7406 8.8661
6.1542 -1.8060
-7.2007 -6.9121
-6.9471 -4.7801
-6.7101 9.1664
7.7104 -2.4613
-2.9110 -2.2913
-0.7928 -7.2773
-7.2168 -2.7556
-7.1477 -6.9274
6.1900 -2.6520
-2.9674 -7.1847
-0.2577 -2.2322
-3.0274 5.2080
9.4153 -7.2580
10.9467 -1.9788
6.7314 5.7727
-7.0132 -6.8265
7.6747 -2.3425
4.8920 -4.3969
7.1594 -7.0794
-2.3653 -7.1210
-7.0539 6.0053
-1.0188 8.7347
6.5539 0.4642
-7.2015 -6.8984
7.3780 0.0499
6.5010 -7.0083
-7.1814 -6.8946
8.8425 -7.2450
7.4907 6.3236
0.8982 -6.6827
8.3061 -6.9938
-2.7675 10.0251
-1.8455 8.1272
-1.8343 -6.9252
-2.1108 -3.0018
-7.4495 -2.9781
-1.7845 9.2567
-1.7433 -7.1620
9.0493 6.5245
-1.7175 -2.6436
-2.9388 -1.5224
-2.9390 -7.2741
-7.1404 -3.3955
8.6708 -7.1432
8.1704 8.3601
6.5681 -7.0261
-6.9820 8.3691
7.0105 5.8173
9.7082 9.2908
-6.9636 11.4486
-2.5678 6.6195
-3.0178 -7.0454
5.7360 -2.2761
-7.4238 -2.1737
-7.0699 -2.2546
-7.2074 6.3415
-0.8462 -3.5156
9.2939 -6.9496
-1.8935 9.8704
-6.9864 -1.6609
7.3795 -6.7928
-0.1555 -7.2454
7.3880 9.3641
-7.0063 -0.3986
10.4705 -6.9874
6.0839 -1.4434
-2.3793 6.4022
8.6149 -3.7188
-1.7833 8.4832
7.8436 7.8001
-3.2589 11.4862
8.8914 6.8630
-7.2078 -6.9674
5.2122 -2.0115
-7.0267 -7.2794
-2.9921 -6.7688
-1.2145 -4.0491
7.9054 -7.0313
-4.8416 -2.0721
-7.1688 9.0258
-6.8177 6.2957
4.4434 -2.7878
-7.0359 6.3411
-6.5061 -3.7596
-7.3306 -1.3081
8.9743 -7.0650
-6.9225 6.7633
-6.9972 -6.5937
0.2229 -7.0656
4.4926 5.4532
-6.9645 6.6323
-2.2299 -5.5513
8.0390 8.5112
-6.9655 8.3371
-6.9910 -6.9747
-7.1806 -7.3825
-1.9563 -3.4749
2.0621 7.3948
9.4174 -3.0538
-3.5819 -7.1293
-7.0908 -2.5040
-6.9917 -7.2837
-7.2781 6.8216
10.6408 8.3634
8.0656 -3.2488
8.6968 7.4639
-6.9966 -3.2192
-7.1409 9.5067
-6.7394 -7.2424
-1.5625 7.9731
7.3414 8.0417
-7.0584 8.6574
-3.3078 9.3725
-2.2540 6.9650
-1.7149 -7.3026
-7.3112 -3.1502
-6.8645 9.1822
-2.7306 -3.7369
-7.0492 -6.9253
-7.3303 9.0796
8.2387 5.7765
-2.3884 -4.2411
-2.2168 -2.4495
-7.0030 -7.2253
8.9336 -8.9460
-2.2550 -1.6022
8.0210 -6.9792
8.1721 5.5682
-7.0767 -7.1961
-7.1686 -1.6963
-1.2468 -4.9083
-5.8820 6.3105
-3.4715 6.4883
-6.9933 4.1054
6.6692 -7.3649
6.9429 -7.0922
8.7240 -2.3554
-1.1900 -2.9700
-7.0833 6.5992
-4.0191 -2.9100
9.5749 -2.2480
-7.2418 -7.2963
6.3912 9.1350
-1.8400 -2.2274
-2.2090 6.4792
-6.8810 -4.3365
-6.9101 7.6235
-7.0534 9.5418
-7.4269 -0.5929
8.8670 -7.2279
-6.8810 -0.9094
8.6487 9.2164
7.9723 -2.5078
-4.4746 7.7158
-4.0319 6.8813
-0.6464 -2.8916
-3.1859 -4.7739
-1.6932 -3.3110
-6.9340 10.5973
-7.0214 -7.1930
7.2896 -4.9590
-6.8216 8.0628
-3.7734 -7.0357
-7.2172 6.3343
-7.0932 11.2173
-6.9539 0.5572
-7.1312 -1.2288
5.4444 -7.2055
8.3991 -7.2794
5.7513 -2.4802
3.2769 -7.2178
-1.2255 6.6861
-6.9581 1.8241
-6.9849 8.7214
6.0820 1.4228
-4.0264 -5.2833
-2.1688 -2.4670
-7.2981 7.6795
7.6876 5.4754
-1.5557 8.4451
9.2204 -7.2162
-7.2759 -2.3304
-3.1150 6.1306
5.0243 -1.9834
-6.9373 10.3563
-5.1068 7.0144
-7.1340 -1.4984
-6.9653 -2.5981
6.3332 -0.7106
-6.9975 -6.9693
6.3165 -5.5419
9.7053 9.5991
7.3861 -1.1903
8.1639 0.6405
-6.8693 -6.9221
-2.3424 -7.1344
7.0537 -6.8445
-7.0393 -3.6992
8.1399 7.9469
-7.0754 -2.1554
-7.3087 -1.4386
-7.0139 0.6545
-7.2927 -7.3107
-5.0877 7.0031
7.7201 -2.1258
-7.2521 5.4557
-7.2738 9.4698
-2.6584 -3.0634
-2.6324 -7.2142
-1.0096 -3.2604
8.2377 -3.8586
-5.6026 -3.4773
2.8504 -6.9654
8.2537 6.4974
9.0081 -6.9515
8.9726 -7.1129
7.3405 7.3541
-7.2182 -7.2427
-6.7566 -7.2036
7.3648 -7.0438
7.8677 7.0999
-2.5421 7.9331
7.6194 7.4449
-7.2007 -6.8654
7.7643 13.3333
-7.3389 -7.1016
-2.8881 9.6638
8.4551 -1.5960
-7.3560 7.9925
6.7160 8.3032
9.1017 7.6793
-7.1584 -0.6559
-6.9706 -1.4862
-2.6778 6.9935
-3.6636 7.7047
-6.8722 -2.4922
-7.1140 -2.1687
-0.1268 7.5882
-3.1775 -7.2387
12.0080 -6.7003
-7.1791 -7.2880
7.5437 -7.0260
-1.4579 -2.7972
-1.8967 -7.2947
-2.2817 0.6790
9.2927 9.5045
8.8100 8.2026
-1.4531 -2.0023
-1.0130 -7.3081
-0.6921 7.9127
-0.5831 7.5621
-7.2720 -0.9184
5.5517 -3.5162
-7.1376 -6.8883
8.7886 7.9445
-1.4104 -4.0767
9.3621 11.1195
9.5786 -6.9876
-6.5424 -2.0729
7.2645 7.8602
9.2905 -6.9869
-1.5661 8.6792
-2.8411 4.8183
-7.1828 8.2582
-2.5183 -7.1759
8.8575 9.7111
4.9335 -3.1690
-0.3770 -3.7707
-1.6107 -7.4103
3.7247 -1.8660
-1.4042 9.8150
10.8723 8.0847
7.8517 7.9303
8.1618 -7.3406
-4.7814 -6.8647
7.7787 -3.2527
-6.7906 -6.9160
8.6814 8.1069
9.6259 -2.6155
-0.3393 -7.0531
4.9799 -7.1957
8.1069 7.6043
-3.5872 6.4225
7.7236 -3.3512
-1.2066 5.0960
9.5305 -0.8451
-2.4034 -7.1054
-2.4258 -7.2287
-6.9291 -0.0240
-7.1118 8.0514
-0.8333 -6.9248
-0.9889 -4.1810
-6.9495 -7.5208
-7.1880 -6.9809
-7.1074 -2.5115
-1.1900 -6.9735
5.7710 -0.2837
-7.2589 7.9112
-7.0269 -7.1362
6.7847 -1.5251
6.8801 7.4304
8.3786 -4.6864
8.7195 9.1593
6.6395 7.1976
7.8714 6.5809
10.0586 -3.8458
6.9420 -2.3752
2.1757 -2.8979
-7.0430 -7.0234
6.5857 7.5519
-2.4033 7.1532
-1.5765 6.9159
-7.0731 8.2647
-0.3997 -0.6469
-7.0597 -6.9912
-7.4251 -6.9615
-7.1931 -2.6248
-2.6551 -7.1178
-1.9159 7.7355
9.2389 -2.5317
8.3234 6.8646
8.5240 0.8573
7.8472 3.3664
-6.7059 8.9574
-4.2607 9.8634
-1.2934 -2.9302
8.4179 11.0359
-3.6506 8.2045
-3.8933 -1.6504
0.2938 7.7708
9.3439 -7.5527
-3.2764 6.6416
-7.2932 -6.9118
6.8350 -7.2472
-7.1911 -7.1834
-1.7043 -6.7854
-3.1262 -3.2789
-7.1549 -7.1659
10.2218 -7.0898
10.2365 8.8395
6.8013 -2.8388
8.2740 6.2572
-0.9990 6.9140
-7.2042 -6.7489
10.1621 -1.1797
-3.2515 8.8432
-7.0500 -2.3054
-1.8478 10.7522
-7.1640 -3.0095
-4.1769 -6.8953
-4.3186 6.5511
8.2559 9.1928
10.5355 6.6459
8.4018 7.5869
6.9817 -7.2882
-2.3461 -2.6870
-1.7794 7.5083
0.4051 -3.7716
5.2701 7.0077
9.4092 -7.3399
10.7181 -1.7976
-1.6453 6.0813
7.1777 7.9345
-7.1493 -0.9595
6.7481 -7.2128
0.0151 8.1213
-7.0280 -0.5116
8.3299 -0.8631
-6.7770 -3.4065
-5.5860 11.2531
8.3983 -5.2056
9.1328 8.1414
-2.5712 7.1063
-3.1946 -4.3539
-4.3044 -6.9487
9.1870 9.4777
9.4474 -7.0326
6.6101 -5.1095
-7.1888 -4.1075
-6.9930 -6.8961
-7.2039 8.8928
8.9300 -4.2237
11.1001 6.8100
-0.9399 -2.7219
6.6996 -1.5860
7.8443 -2.9087
6.4876 7.5334
9.4226 6.5031
9.6805 7.2016
10.1793 -7.0120
8.9878 -7.1087
-1.3104 -2.9695
-6.9320 -7.1838
7.6057 -1.5381
9.0806 -2.0678
-2.8473 5.7971
7.4405 -7.3921
-2.9042 -1.6641
-2.5254 9.7240
-4.9723 8.1103
7.7822 7.2580
8.0885 8.1798
8.2873 8.5902
8.0366 -3.8754
0.3570 9.0951
-6.8707 9.6131
7.1692 -1.0105
-7.0638 6.6305
-3.1223 -4.2042
-2.7947 -7.3131
-0.7107 -7.1284
6.6767 8.3510
6.8416 7.0597
-1.8935 -7.1854
-5.4757 8.1689
6.5594 -2.9577
-3.1104 10.0836
-1.7038 -7.0734
-2.2572 -6.8701
6.7114 -7.0045
-5.1526 9.5280
-7.4456 9.5142
-3.3644 8.1798
5.6678 -5.5386
-3.1133 -6.8908
-7.0324 0.0163
-6.8504 7.0368
-4.8156 6.1010
-7.0640 4.6996
-6.9322 -6.9781
2.5137 8.9887
-7.1590 -2.6950
-6.9687 -7.1493
1.4958 8.4235
1.1222 -2.2907
9.5173 -6.7631
-4.8221 -6.9296
-3.4203 -2.3102
-7.2355 -7.1071
-7.1859 7.6795
7.8256 8.7380
8.5989 -7.2463
-2.4310 8.2861
6.0515 5.6462
-2.8741 -1.6953
-6.8566 9.5726
8.9535 -0.5731
-7.2439 -3.9551
10.2238 -2.8522
6.4565 -3.7117
-7.0397 -7.1350
8.2738 -7.2181
-7.0823 -1.5024
-4.4393 -5.2798
9.1506 -1.2236
-6.7380 -7.1306
6.5140 -7.0967
7.0675 -1.0134
2.3317 7.2627
7.2428 7.7865
-3.2477 -2.2307
6.9839 -2.8318
-0.9410 4.8560
-7.3318 -0.6782
-7.0295 -1.4817
5.3867 5.6240
10.4957 -5.8959
-7.2446 -1.2291
-7.1327 -7.0224
-1.7698 -5.1813
-2.0722 7.5410
7.2323 9.9485
-2.3567 6.1732
-2.6210 7.4357
9.5084 -3.4487
-3.4617 6.7552
-7.1303 -1.4588
9.0982 -1.8540
-7.3142 7.4686
-7.0453 -5.3291
-2.0700 0.4095
-6.9084 -6.7775
9.4338 5.3403
-2.7965 7.1230
-6.9669 -7.0968
8.1972 6.2356
8.3134 -7.4317
5.8149 -1.1599
7.6974 -5.4039
-6.9560 -2.2769
-1.3369 6.7791
-0.2588 -1.0277
9.1609 -7.0941
5.4255 5.7977
-2.2924 -1.8120
-7.0786 -2.2986
5.5990 -1.3110
-2.8159 8.8199
-5.4247 -7.2574
-2.3668 6.5509
-6.9885 -7.4204
3.4071 8.9559
6.8064 -2.5045
-1.6972 -1.9295
-0.8433 5.3301
-1.6539 6.9826
8.6210 -5.0661
4.9473 -2.9342
-7.0462 -6.9299
7.2761 -2.4713
9.0570 -7.1117
7.9865 8.1178
-5.2093 -7.2466
9.8207 7.9345
8.2162 -4.2788
-6.8928 -7.3482
7.2321 7.6208
-7.0318 9.3747
6.6965 -6.9470
-4.0692 5.0309
-6.8385 -3.6537
8.5883 6.3416
-7.0178 7.3702
4.8681 -7.0301
-7.1514 -2.2714
-1.1648 -2.5179
7.9058 -6.6350
9.1991 -7.0033
-5.5387 6.3104
-7.1600 -4.6897
5.5411 6.5748
8.1285 -7.1437
7.8508 -6.9520
-2.8191 -5.3859
-7.0149 -1.1925
0.5597 7.5275
-1.9428 7.9695
-7.2061 -7.2038
-3.0219 10.4251
-6.7814 -5.0910
8.1506 7.9571
-1.8735 -2.1668
-7.1852 8.1857
-7.0231 -7.0268
8.0110 6.0870
-3.7504 -7.0450
-2.4361 7.5278
2.8565 8.3170
-1.8222 7.0936
7.7971 -7.1410
-7.1014 9.6358
7.4183 -0.8502
8.7831 8.3246
-6.8067 9.5438
6.9620 -2.8870
-7.0717 -6.8590
10.1185 8.8163
8.3236 -1.3024
-2.2950 -7.0912
8.4841 6.0470
-4.5129 -4.4837
-7.1697 -7.2558
6.9901 -7.1814
-7.0870 -1.0735
-7.2589 -7.3672
-6.9852 -1.5535
-6.9303 9.7717
-2.5681 -7.2256
10.3564 -7.2979
-1.5004 8.7944
-1.4735 3.3534
-4.0968 -1.4505
2.4852 9.9037
6.3181 -7.0003
8.8573 -7.1698
9.2315 -0.7119
-7.1401 -7.0631
-6.9909 5.1109
2.3753 -3.7599
-7.0845 -1.1615
-3.8897 -7.0983
6.5955 8.4610
-0.6791 7.5253
-4.2782 8.4845
9.6347 4.0061
-3.4348 9.6722
8.4763 -6.8522
-7.0017 -3.8027
-7.0732 -1.5505
5.4980 8.4026
-1.5314 6.6057
7.9616 7.0714
-2.4795 -7.0445
4.6852 -4.7828
10.7979 4.3882
6.9416 7.0047
7.2932 5.1278
-1.3357 6.8986
9.3764 7.6104
-6.9942 8.3094
-1.9834 0.0496
-7.0963 9.0748
6.2356 -7.0814
-2.7122 -7.3410
6.0515 -1.4237
-7.0969 6.2533
7.0531 -7.2616
8.5744 -2.9950
6.9255 -7.0302
7.9929 -6.9379
-0.8936 -2.8475
-7.5435 -1.3605
-7.0941 -5.0447
6.7470 -6.8891
6.5718 -3.3763
-0.6138 -7.1155
-2.8773 -1.8922
-0.3280 -1.4272
-1.2559 -1.8870
8.5423 -7.1491
8.8449 -6.9404
-2.5090 -3.2777
-3.1487 6.2728
-7.3478 -1.5835
-7.0275 -1.1010
10.5305 -2.4927
7.0459 -3.3241
-1.5493 8.3488
-6.9536 6.8519
-1.8014 -7.1350
-6.9843 8.1353
8.3107 6.5137
8.4179 -6.6378
-4.5407 -7.3785
-1.9541 -3.5689
7.7215 0.4589
-0.3270 -7.2527
-7.0397 9.8471
3.2336 -2.8673
8.8573 -1.9371
-7.0051 -2.9149
7.6376 -3.0394
-2.1851 -7.0686
7.4583 -7.1061
-2.6120 7.8988
-0.9371 8.9060
-1.3655 -6.9722
9.3703 -2.8071
9.3610 -7.3597
7.1300 4.0442
-7.2098 6.6052
-2.6242 6.8251
6.7060 -6.8049
-4.8846 -2.3311
-1.9495 -2.9248
10.1113 -1.2561
6.7196 -5.2635
-1.4882 9.8022
9.1075 7.3663
-0.4714 6.0862
9.0978 -6.9487
-3.9131 8.7617
-1.6623 5.0940
9.0188 -1.4771
-7.0343 -6.8579
-3.1486 -7.1638
6.8272 9.8703
8.7288 -7.3064
8.0111 -7.1454
-7.1422 -1.9069
-7.1826 -7.0408
-3.6196 8.6001
7.3039 7.6502
5.6029 -6.9294
6.4638 -6.7751
-7.3638 -2.8393
-4.6371 -2.6241
-1.8194 5.5625
-3.0369 -1.1119
-4.1819 -7.2127
-1.9210 -7.0954
6.0658 -7.1317
-3.7561 7.0074
-0.2164 -7.3755
-7.2361 10.0203
-7.0039 -1.4241
10.0227 0.1054
7.3979 -6.9103
-2.0769 7.1951
-2.4316 8.3811
-2.0173 2.8561
-0.1380 -7.0823
-2.6280 8.9154
-7.2187 0.0326
-1.3587 -2.9421
-3.8311 -2.4298
-1.5783 -7.0067
-0.3785 -1.4574
9.9951 9.9943
8.9155 -6.7576
-4.1470 7.8712
-2.1937 10.3575
7.5729 7.1783
-7.2045 -2.3392
9.9458 -2.8269
8.3427 -1.0782
-7.0350 -6.8400
-1.5279 -7.4382
-2.1120 2.5947
-3.4570 -7.5764
3.8673 -6.9899
-4.8449 -7.1618
-7.3332 5.9429
-7.0917 -7.0658
-7.0100 0.0506
8.6988 -4.4317
-6.9662 6.5828
-7.0771 9.9345
-2.2065 0.3268
-6.9281 -7.3172
-6.8082 -2.1143
0.0820 -6.8241
-2.3172 8.0608
6.1923 9.6993
-6.9720 7.9138
9.8136 8.0529
6.6994 -7.2537
7.6993 5.3092
-6.9555 -2.1989
-1.6698 -7.4547
-6.8689 -6.9033
-0.6373 -6.9385
-7.3213 -4.1445
-6.9999 -7.2412
8.5960 9.7474
8.6172 8.6972
-3.1717 -7.0956
-6.9711 1.6911
-6.9764 9.8950
8.0587 8.4110
8.0414 -6.9715
-5.4209 7.0455
-7.0535 -1.9762
7.3649 -1.3526
6.8793 -7.0004
-6.9342 9.6387
-2.0916 0.1558
10.0258 8.1157
9.5497 9.5985
8.3620 7.5323
-7.2062 0.3600
-2.8225 7.4153
-6.8849 -7.0296
-1.8891 8.0456
-4.6073 8.6538
-0.7860 6.6076
-2.6756 -3.3887
8.8357 -7.4453
7.7949 9.5049
8.6908 -1.7879
-7.1276 5.9312
-5.2184 9.4365
7.3175 7.0096
6.6372 8.2831
8.9794 -7.0426
-1.2221 8.5926
-1.5983 -7.0765
-5.1771 -0.2084
7.2808 -3.2296
-3.3195 4.4541
8.6012 1.2022
10.7254 7.3051
8.1972 -1.0378
9.4886 7.6187
-6.8298 -6.8738
7.5865 9.5733
6.4149 -6.8735
4.6652 -2.7444
7.7282 -7.0209
5.9107 0.3803
8.4674 7.8277
-4.7824 6.1390
6.9649 8.0214
-6.9099 2.2187
-6.9785 6.6339
9.1487 -3.2443
-3.5019 9.4273
-2.4256 4.5295
-5.9473 -7.0678
7.3878 8.1334
7.4465 -7.1363
8.4756 6.4403
9.1694 -7.2474
0.3779 -7.1532
8.1083 7.5564
-7.2384 -7.0904
-6.9868 4.5083
9.6341 8.8526
7.3545 -7.0833
9.9853 9.8658
8.6955 9.0543
6.6686 -7.0348
-7.0837 9.9069
-2.2558 -7.0335
0.0579 5.7396
0.5316 0.1849
0.7828 5.5969
-4.1094 -3.9551
-7.0551 -7.1521
-5.4269 -2.5033
-6.9940 -6.9025
-2.7134 9.7612
9.7195 9.7683
-6.9911 9.0738
8.3757 1.9142
-5.3648 -7.4032
10.0464 -1.3858
8.6457 7.6693
7.5009 -6.9805
-7.1587 -6.7888
7.0088 -7.1935
-7.0331 -7.1385
8.0326 -2.2250
8.9433 8.4043
8.4529 -2.5307
-8.2256 -1.4835
-7.0688 10.0309
-1.9041 9.2422
-7.4083 7.8936
-7.2191 -7.0681
8.2170 6.0884
-1.9780 -1.7893
-7.2408 -7.1267
-7.0392 6.3386
-1.5794 9.1219
6.4483 9.2731
-6.9450 9.0910
-6.9708 -7.1485
-0.2061 7.7640
8.7469 -2.7765
-7.1067 -7.2617
-4.9604 -3.6993
-7.3478 8.6351
-2.1897 -1.2689
8.8319 12.4547
-3.8389 -7.3087
-2.2274 -6.9502
-6.9198 5.9889
-7.2555 -3.9854
6.3252 -7.3329
-2.7152 -6.2853
-4.8800 -7.4826
-2.8881 -6.8878
4.9829 -7.0605
8.6589 9.6639
-2.3700 -1.9741
4.2205 -7.2728
7.0139 7.3218
-7.0627 -0.2153
-7.1959 -7.1109
-7.1396 9.5950
9.3217 -7.2342
-2.5694 -5.1515
-6.8434 -6.9776
-7.0740 -5.5843
8.2317 8.7706
-2.1246 -1.4393
10.2580 -7.0354
-2.1539 -7.0682
-7.0115 -1.3794
-6.9959 -6.2767
7.1425 -3.2911
8.6882 -7.0256
-2.6864 -6.9445
7.1462 8.0448
-3.0912 -0.5971
-3.8638 -7.1232
-6.9924 -0.3864
-7.0321 5.3794
-6.9138 9.3787
-6.9228 -7.0046
7.0238 -2.1587
-3.1733 -2.4101
3.8852 -7.1541
8.1535 0.1692
-7.0419 -1.2328
1.9964 -1.9660
7.3806 -7.0837
-2.3460 -2.4705
1.6637 8.6062
7.4773 8.2086
-2.2386 -3.2963
-5.1993 -7.1696
9.8704 -5.4292
-7.2248 8.1019
-6.8650 -7.2323
-7.2777 -3.0433
-7.0552 -3.0324
10.6068 7.1138
-6.9830 -2.7709
7.1457 5.4411
5.5052 -1.6442
8.5496 -6.9209
-2.9124 7.9614
5.0230 5.9980
8.1405 -3.0873
9.6526 6.6548
-7.0039 -1.5579
-7.0762 -1.4526
-2.0766 -7.2980
-7.3335 -2.5222
-2.8534 9.1942
-2.1245 6.2559
9.4046 9.7702
-4.8809 -7.0897
-0.3947 -2.6255
-7.0249 7.7295
-2.6911 -1.6718
7.2918 7.0242
-7.0519 -6.9623
-2.3356 8.9904
-7.4529 -3.4146
-2.2470 -7.2067
6.9801 -7.2399
-2.9889 -2.6940
-7.0753 8.8414
7.8609 -6.8800
-5.0704 7.8999
4.5251 1.7295
7.3322 -5.3475
9.0508 -7.1412
4.6680 -3.6957
8.1384 7.5142
-1.3270 7.5960
8.3017 -3.7540
-2.0327 5.6182
-2.9281 -7.1752
-3.5407 -1.8124
9.4028 -5.3644
-3.9987 9.6870
9.2039 -7.2545
-2.8874 8.0452
6.9495 -1.1799
6.5454 -6.9948
-7.1509 -1.1540
-7.0149 10.0214
-6.8053 6.9288
-1.8146 4.7965
-6.8417 -6.7673
-3.3242 -7.2155
-2.1144 9.2130
6.2120 -6.9675
7.9542 -4.1837
-7.1648 -2.7790
-0.1982 7.9506
-2.8727 -0.3495
-4.7735 -3.4208
-6.9319 7.6462
8.5595 -1.0466
-7.1501 -7.2186
-7.1884 8.9646
-2.2105 7.1241
-6.9115 5.7760
-7.2964 9.0844
-7.0921 -5.0864
8.9899 -7.1655
-2.6540 -4.8428
10.3911 -2.5811
-6.9346 -2.9438
-7.1531 7.7847
-4.7464 9.5600
5.5690 -2.9567
8.0343 6.8760
10.8056 -4.2812
-1.3656 -1.4725
-4.8610 -7.0369
-6.9627 -6.8091
-6.9698 8.9357
6.1970 -7.3186
-6.9968 -7.2995
-7.1537 -7.2775
-2.5973 -4.2718
-7.0063 -6.7960
-7.2560 -1.8130
-3.0289 -7.1533
5.1753 -1.1124
5.9097 -4.8574
2.4215 5.8347
7.0418 -7.1165
-2.3757 9.1505
-3.5949 5.2820
-6.9341 -7.3510
-6.8581 10.4495
-6.9967 -6.8008
-1.9139 7.6188
-4.3828 -7.1187
-3.0418 -7.3114
-7.3710 -7.0118
-0.8786 7.3897
-1.4592 -2.2315
9.1137 7.3991
-7.5088 9.9083
-3.5885 8.0131
-7.1937 -0.9382
7.9223 -7.1228
-4.3468 -7.2638
-7.1834 -7.0590
9.0236 8.5387
9.9937 -7.2459
9.5879 -4.9419
-7.3207 -3.2626
6.6037 -3.3876
-7.0212 -7.5503
-2.4874 -3.5631
7.0776 -6.8331
-3.3633 3.9408
7.2582 -2.7119
-1.6477 -7.0265
6.8567 8.7237
-3.5017 -2.4317
-2.0453 -6.8857
7.3324 -3.0330
10.9230 6.7024
1.2206 9.1011
9.2244 -3.3111
-2.8573 -7.5445
10.7816 -1.2138
-6.9136 -7.2970
-0.1079 -6.9664
-0.1719 9.8386
7.5800 -7.2419
-7.4965 -2.0391
7.9987 -5.5951
-6.9511 8.5181
-1.7596 -1.1248
-1.2750 7.6927
-2.9392 -2.4871
10.3142 5.6399
-2.8891 -4.1661
-2.0211 -5.2633
-2.8068 8.6983
7.6500 -7.3286
-6.9633 6.6488
-6.9354 -5.7215
7.5088 -0.5662
6.3399 -7.3471
7.3591 -1.0124
-7.1081 -3.4639
-7.1728 -0.5688
-1.9636 5.4092
7.0315 10.9733
-4.9327 1.1324
-7.1443 8.7476
-1.7428 -2.1440
-4.4396 -3.0862
8.4394 -6.6177
-4.1990 7.8083
7.1965 8.0447
-6.9804 7.4956
-6.9011 -2.6305
-3.3671 -7.0293
-6.9932 -2.6789
9.3070 -5.0918
-3.7112 9.6818
7.9237 -7.2451
6.9349 -7.3901
8.7005 -1.6652
-2.6597 3.8185
-3.5183 -7.1189
7.9561 -1.6574
-2.3364 8.6764
8.4243 -7.3919
6.4361 8.9244
-2.9708 -2.2639
-3.5025 10.3778
-2.6759 -7.3343
-2.1427 -7.0354
9.2098 0.7624
-2.1829 8.6758
-2.5336 -6.9814
-2.9240 -6.8967
-4.4623 -7.1321
6.4060 10.2577
2.5806 8.8491
5.5575 7.1201
9.0233 -1.1962
10.8407 7.4796
7.3961 8.6401
6.0071 -1.9890
-1.5958 -2.7308
-1.8676 -6.8719
-2.1118 8.1230
7.8959 -7.0282
7.8665 -3.6723
-6.9623 -2.3771
7.6723 9.1729
-6.9192 8.1150
-7.3526 -7.0625
-1.8451 9.2311
9.3360 6.4722
-2.8380 7.3316
-2.0639 8.8275
6.1968 -7.2890
8.0127 -7.0372
-6.9720 -7.1818
-6.9600 6.5398
-6.9246 -3.0471
-7.2002 6.9602
-7.0718 8.5930
1.0351 -6.8739
-1.0607 7.1984
8.4985 9.9693
-6.9220 -2.9208
0.2404 -1.4522
6.0409 6.6492
9.8515 6.8187
7.0170 9.3895
-2.1021 8.9453
9.6694 -7.0777
8.8705 -7.1435
1.1095 -2.3498
9.8492 -3.6302
-2.4820 -4.3392
-6.9538 7.6924
8.3482 8.0262
8.5800 5.4673
-3.0581 -7.3590
-2.4853 -6.8679
-2.2619 6.2901
5.4213 -0.9174
-4.6703 4.4809
2.3945 7.4914
5.5673 -7.0833
9.2638 -3.0290
-1.9327 -7.0556
-2.2471 5.6956
-2.6096 -2.9974
-4.1572 -1.8941
-4.2679 6.2522
6.7630 -3.0993
-2.3499 -3.3540
8.8102 4.7180
-2.3027 -7.3693
-2.2321 -7.2154
-7.1043 -7.0750
-7.1153 5.3473
-7.1970 -7.0769
6.6204 -0.4253
8.5996 8.3302
-5.0398 -7.0626
-1.7883 -0.8564
7.2781 4.8022
-6.9199 -0.9937
-0.2237 -7.0354
5.8864 2.3858
6.5639 -2.7169
-7.0280 8.2995
6.1114 1.5132
-3.0806 8.2331
-7.6180 -2.8669
6.3312 8.4551
7.9555 -3.5290
8.2370 -1.5964
-3.6064 -1.8470
8.5148 -5.6897
10.1816 6.7625
7.2777 -2.4670
7.9683 10.6327
-7.3015 8.3799
-7.1113 -7.0357
-7.0228 9.4054
10.8345 -2.9925
-2.8669 -3.5355
6.6721 8.7534
8.0364 7.6232
6.9560 -0.8482
-6.9813 8.6127
-7.1511 -7.0175
7.9562 -1.1122
4.8616 -6.9053
-3.4567 8.3954
-6.8469 -7.1149
5.1678 8.9826
9.2283 2.1611
-0.6759 8.5460
-7.3793 -7.3073
-4.9198 7.6073
10.8984 8.7178
-6.9185 -2.0841
6.8061 -7.1985
5.3104 -0.9340
7.1561 10.2961
7.6646 8.9614
8.6252 -7.2506
-1.3118 7.6196
9.6999 5.7558
-6.9636 -2.0426
-7.1308 8.9018
9.8174 0.1368
-7.1463 6.8340
