5
-4.8717 4.2425
1.1260 0.4309
6.2977 -5.6372
4.6317 7.9935
1.2497 6.3547
-0.8139 8.9139
10.9028 10.9018
6.9716 6.1454
-3.8832 7.0346
9.2128 3.6639
7.1681 -6.7884
8.2987 4.3709
8.5541 4.7215
6.7536 10.7634
8.5084 6.3078
5.0721 -3.7098
4.1111 10.1314
7.0239 11.8417
6.8230 10.8956
-6.9912 12.6584
0.6819 5.0274
5.1570 11.0762
10.5238 6.8685
3.5621 7.1148
7.9990 8.6224
-0.3458 -10.2475
10.9228 7.6724
3.4617 2.7120
-7.2548 2.8335
6.7347 -9.6610
10.3786 2.5018
8.8609 6.5935
5.8705 5.2533
2.7280 -2.2644
0.6848 6.2384
-5.3587 2.5035
7.7457 8.3849
5.2076 -7.8956
7.4087 3.4681
2.7799 -0.9185
5.5318 9.7385
0.9298 10.2300
5.2444 5.2167
-0.3593 -5.5711
11.0240 9.2705
5.7155 4.6363
3.1389 6.3120
6.9546 4.9695
2.4858 4.0394
8.1526 6.0416
6.0760 7.8617
4.6552 4.3780
0.9567 -6.7574
-5.6984 3.8520
3.0041 5.1396
7.1863 -0.4720
9.2599 -7.8463
8.8820 5.9866
9.5807 -8.5577
10.4206 7.5967
3.8574 9.4761
8.5209 9.1596
6.4502 7.0564
11.4690 1.8768
9.5999 3.9494
7.2693 4.9641
6.2842 4.0600
6.0101 3.3276
6.9363 5.8362
7.2714 2.9071
2.3851 2.2269
1.5381 6.7038
-7.7910 6.7356
-10.5255 10.2281
7.2006 6.2427
4.0000 4.8099
10.4947 10.3164
4.2832 7.8180
9.6103 3.1536
6.5390 8.1148
7.1462 3.3493
8.8514 8.1449
-8.3031 9.0457
-6.9881 0.2278
7.0614 -9.2037
5.9630 8.7474
9.0716 -6.0101
1.4132 4.2912
9.1420 4.8710
-5.5414 6.2791
1.5432 4.7803
5.3493 5.9524
11.4161 -8.1375
9.2867 8.8598
-6.4363 8.6315
-0.0863 -9.0543
-4.8749 3.8852
3.0574 3.2256
5.7032 -4.8536
8.4042 2.2194
-2.0024 7.9326
6.6016 2.0291
6.9886 -1.0457
5.0098 8.6953
2.2626 3.8713
6.6961 5.3678
3.5594 5.8161
9.8411 7.3906
8.2871 9.3286
6.7600 4.3883
9.0740 10.2273
5.1031 4.9100
6.9555 8.3265
9.3288 4.0890
-8.0981 -7.4466
-7.4471 4.8382
9.5738 7.4380
8.1567 11.8921
9.1847 2.3905
-4.3335 9.3678
2.5185 2.7431
3.0889 7.6634
7.4465 4.9445
9.2544 5.8117
-9.6384 4.5255
10.4334 2.1876
5.7906 8.9700
7.7102 4.9210
10.6318 7.1026
5.9276 5.8186
6.4294 5.9216
5.2759 7.2858
-4.6489 -3.9620
-5.5631 1.0882
9.2008 -4.1987
9.2911 9.1369
3.2544 0.3088
-7.6738 8.8385
7.1972 3.8140
8.2721 3.0842
1.3170 4.0237
9.6598 12.7511
4.5379 5.4558
-6.2334 13.7981
-8.5607 1.3100
1.3946 13.0920
9.8853 2.3192
8.9869 4.5631
10.6630 4.5765
1.8427 7.2684
2.0683 -6.6379
4.7798 1.5171
6.4177 9.5323
10.5081 8.2902
7.7997 11.8452
1.6298 4.2051
6.2197 5.8886
8.9104 4.7678
3.7170 9.3590
5.0646 1.2233
0.5342 1.2104
9.1113 6.2628
7.0516 11.4537
10.0347 0.7749
7.9493 9.9049
9.3767 -3.3492
10.6976 8.1722
4.2842 0.7443
-9.2437 4.7515
-5.5299 8.4131
1.1510 6.3779
3.4494 1.6294
-3.4793 -4.2105
10.1449 2.5471
9.2198 10.7393
-8.5407 6.7149
2.8547 -7.0943
5.6971 4.9972
3.9799 -5.9133
10.6029 3.5800
-5.9482 4.4506
6.4340 4.9999
9.7535 2.0772
3.9418 -7.7011
9.0939 5.3827
-8.7634 7.5432
9.3875 -5.4515
-6.7714 1.0650
3.4790 -10.4466
7.1630 3.9572
4.3949 3.8000
-4.8190 6.5950
4.4189 8.1780
11.0999 0.9775
-6.0091 0.6750
8.6886 5.6226
-8.3217 2.1055
4.8879 1.5617
-1.4122 3.8981
10.4240 6.0890
3.4871 -2.6925
-4.0913 11.2687
9.3725 5.9688
-8.5034 1.6646
8.7630 -3.2791
6.4737 8.7488
-6.5378 6.3140
9.8837 11.2704
10.4621 6.9894
7.9175 -6.7467
8.1375 1.6842
-6.3318 8.5198
-6.8531 5.3101
-5.8030 3.8418
6.4902 4.8146
3.3160 4.9859
2.6402 10.3029
4.2436 10.1801
-6.7603 8.7380
5.7595 3.1185
6.5368 10.2486
9.8465 -6.7025
-10.4405 7.8985
-7.7075 -12.2069
9.0367 -9.6451
8.5554 8.2868
4.1145 7.0942
7.0738 5.9603
-4.4562 8.7260
1.4025 1.9660
5.5607 4.5274
0.4748 3.4389
8.5964 4.7318
4.4201 8.6402
5.2983 3.2446
5.9199 -3.3757
10.1963 1.2872
2.8311 -4.5298
-5.3309 6.7511
8.0158 9.1232
8.9632 3.8739
3.7295 1.3551
8.3196 2.1843
6.1310 3.9658
8.2517 8.9256
9.9015 3.0439
2.1720 10.3024
6.4058 0.1832
-0.0988 3.9550
5.7418 4.0540
-6.6011 4.0613
-3.9896 -6.5004
5.1702 7.6260
6.1003 5.9162
8.9018 2.9656
7.9180 9.2344
5.4064 6.2197
10.5041 6.2785
-1.3899 3.7070
-5.6024 8.3410
1.2075 1.9716
1.3449 9.5541
-9.6557 8.7612
9.2059 5.7719
11.2532 10.3502
4.6350 10.3829
5.2261 6.9056
5.8687 -5.7611
5.3715 -6.0342
0.4957 4.4216
4.8262 -1.4509
8.4237 5.2811
5.0475 8.0372
2.4247 11.9149
11.1394 0.9053
-8.5151 8.7389
7.4439 7.9987
6.4114 1.0663
-6.2915 -0.4238
-3.6221 6.3854
6.8796 10.2036
6.0027 5.1741
4.7028 9.1303
9.0712 5.2266
3.7822 6.2037
6.6870 6.7897
10.5498 8.9514
-11.8805 -5.3145
-1.7591 9.5705
5.4505 2.8033
7.7450 10.5913
-5.4692 7.4625
4.6975 7.4811
4.3944 8.2246
2.9404 4.0058
4.0855 8.4197
4.5450 -3.0260
3.2993 5.2076
-3.1260 9.7565
9.1905 2.3610
-9.7409 0.7779
5.7630 -4.7613
0.0289 5.7633
-0.1418 3.9836
10.5310 1.2683
6.7338 10.4034
-8.5116 5.4439
2.3196 0.1315
4.7889 10.2133
1.0811 3.7459
6.5068 3.6210
-2.9027 9.0502
-8.0287 5.0045
6.6847 5.8831
8.9599 -3.3926
1.4575 -0.5149
2.2941 1.4283
3.3025 4.5665
-10.8392 1.5437
8.9919 -6.6032
-5.8852 5.1974
3.6554 8.9145
5.8807 5.4934
2.0604 5.1715
-5.5976 8.1038
1.2241 7.0989
5.4948 9.4257
-8.0367 3.2852
0.8034 6.3342
11.0749 -2.9688
6.3996 7.5300
1.4195 3.5307
2.9519 8.5171
6.0968 10.4823
4.3271 8.3687
-3.9628 6.4940
9.2098 1.0186
7.0095 10.6498
1.2146 8.9026
-9.1198 3.3595
5.1184 4.2160
6.1359 3.0207
3.5599 11.4450
5.2526 10.2956
-0.2131 4.2712
4.2882 9.5622
8.5563 7.3019
-1.8088 10.6949
3.2404 8.6387
2.4074 4.8594
2.8345 -3.7768
1.6993 1.1705
6.8966 6.1247
3.1000 5.2397
1.5631 7.5628
5.3107 -9.2495
-0.7721 10.6979
8.8310 -11.2455
6.2007 9.3272
5.9939 1.1074
7.7821 1.9279
8.8034 4.6827
6.4900 8.2925
-5.9555 5.6657
9.6668 5.6512
1.8664 6.5500
11.6594 2.0298
-0.0139 4.2038
7.3029 6.7328
9.5274 -4.7606
6.0588 -0.3610
10.0156 9.5074
6.6254 3.6474
2.1757 1.6240
9.1049 6.1729
9.2809 3.0847
9.8700 -9.6264
9.4687 3.8375
3.9616 11.5192
13.1477 10.0149
7.1057 5.9444
-0.4989 -2.4468
-7.3860 3.5676
6.4958 9.6588
8.6852 6.1473
9.9328 -9.7581
13.0955 5.6121
9.6378 3.3869
2.6038 2.4267
1.7045 -4.5961
2.1846 9.5983
6.2789 6.7043
5.2074 5.6287
4.8103 10.1636
4.8069 7.3829
-6.4144 -5.8812
-5.9310 -3.9548
3.6682 -6.1773
0.3553 -6.9748
3.6372 8.2009
0.1585 -0.2075
2.3878 3.5432
6.9015 4.5948
8.0475 4.9041
5.4448 6.2910
5.8408 8.3616
7.9216 -2.8151
-5.9195 9.7903
8.3558 -1.9159
3.8372 6.3940
7.2961 1.0070
-2.3582 -8.3746
9.8052 5.3274
5.3885 -7.8238
-2.3555 14.4745
7.8291 -4.3929
-1.5013 4.8618
6.7021 3.5650
4.1824 7.3309
-6.1248 9.8983
2.4019 -0.8115
8.2315 7.6559
7.4930 10.2160
1.5819 2.6075
9.4254 2.4548
7.0601 -9.1490
2.3727 6.9601
5.9750 4.3514
1.0148 7.6202
-10.6870 -0.8721
3.2421 5.6743
0.4201 4.3675
1.3648 1.6614
-7.5572 9.2364
11.3437 3.9395
0.2393 2.6617
8.8345 5.0053
6.6052 9.3538
4.7684 -8.2630
4.7201 2.8728
4.6638 4.9471
-6.0555 5.9757
8.4715 -8.1790
3.6771 5.7612
-8.1383 6.3063
0.8608 -3.8299
10.6396 7.7619
-2.8249 2.2931
-1.7756 9.8038
3.4542 3.7009
8.5987 4.1206
11.0429 9.0912
5.9835 2.5629
4.5003 14.9474
-7.3560 2.4816
4.5576 -6.3999
-6.3866 13.4577
3.3192 9.6023
-3.6987 3.3803
7.8840 7.6668
5.1467 -6.0627
8.0486 7.5205
-6.7433 10.1135
-6.0615 4.5295
3.7903 -1.5524
7.2756 -12.4842
1.1155 10.1363
11.1808 -5.6378
5.3659 10.5174
7.5897 6.6551
5.1230 -8.3679
1.3786 2.1352
5.0779 8.5245
1.3330 4.3062
-1.7674 10.0764
9.6050 9.3593
0.8146 11.2620
6.4805 5.1947
-0.8462 4.6265
4.3757 8.5081
-3.9113 5.1898
9.8323 8.4767
4.1400 6.6938
1.4806 6.5775
6.0900 5.7412
8.8623 7.7206
9.2583 6.7426
6.1424 5.6678
7.6030 7.5410
-3.0391 9.2557
8.5335 7.0223
10.6559 -4.9487
8.6171 3.4846
4.8931 2.6302
7.3972 2.0928
9.4406 2.4637
-0.7475 11.6744
8.8656 3.0278
7.2964 9.7726
7.8034 10.5170
9.5933 5.7346
-5.3754 9.2974
5.9092 5.2367
10.2847 9.1414
8.6900 6.6140
6.2123 2.9180
1.4583 9.2584
-6.8674 5.4208
10.0917 8.1890
-7.7254 8.5197
10.3403 2.8941
2.2785 2.2303
4.3792 10.1025
3.0664 9.8815
4.2579 -1.0832
4.4008 -4.0173
7.6582 4.7777
11.2635 7.5812
-4.1045 2.4404
2.6705 -4.4349
0.6386 8.8655
9.4913 4.7505
3.6970 -9.6283
-1.1149 0.9779
4.1863 6.2348
8.7300 5.0390
0.9625 10.0377
7.9856 0.4373
8.4758 6.5275
6.2735 2.7522
3.7453 -8.8936
8.1109 8.3446
4.2006 5.5209
7.0956 5.3646
4.2421 9.4105
9.6872 4.1659
6.2684 -3.1519
6.0503 0.8102
2.2989 9.2009
10.9538 6.4786
2.0664 0.8098
1.1609 8.3265
8.1800 8.8388
5.5028 1.1613
3.3110 0.6664
5.9558 8.7473
3.3016 -3.2954
9.4884 8.8945
8.4732 -8.0821
2.2353 6.7854
-9.2956 3.6151
5.7530 2.0061
-3.9615 -5.4111
4.0471 7.0981
-2.2685 6.0550
6.6888 3.1493
0.1349 9.5766
10.4847 9.8339
-5.6087 5.0796
2.4890 -5.6239
4.0588 9.5318
0.7120 6.7056
8.4472 10.2003
7.9443 -9.4151
8.5321 -4.5104
10.7273 1.7674
7.5368 6.2423
-1.9036 9.4074
9.1891 7.8392
8.4595 9.7456
-2.7812 6.6065
-1.7171 -5.6278
8.4185 -6.5481
2.1023 7.6796
-4.2523 -7.3023
8.1470 11.3649
3.9111 -6.9708
5.0950 -1.6454
8.2874 6.9778
5.2658 -7.6750
0.2929 8.2542
-8.4896 -5.4086
10.9855 6.9177
8.1732 5.8417
-9.7536 -2.0503
3.1213 2.3738
4.2646 10.1551
7.2897 6.4885
13.7162 2.3109
10.9966 1.9718
9.2050 3.4376
5.0206 6.0892
1.3719 0.4267
10.8085 -5.3467
-9.0218 5.9750
3.8691 -5.9794
9.7007 4.3828
7.7815 1.9152
4.2077 11.7600
-2.5426 2.2363
9.9320 7.3114
5.6546 5.8474
5.6086 -8.4912
8.4265 4.0367
-3.2598 8.3253
7.6769 4.8291
10.9928 11.7584
6.2003 8.4497
10.0928 8.2452
7.2132 2.9996
4.7904 5.4533
9.5092 10.2457
4.3713 7.2846
5.3179 -2.6832
4.6916 0.7510
5.0318 8.5443
0.5947 5.0008
4.2760 -5.3685
8.8699 0.2813
9.3618 7.8242
5.2397 6.0290
8.2809 -7.8594
4.7265 8.0270
5.3661 -6.6346
5.3187 0.2992
11.8092 10.2146
8.2077 -7.0299
3.4173 -4.9731
2.4392 8.5887
7.6291 4.8582
7.4420 9.4950
7.2465 11.6167
5.1659 3.3625
7.9946 7.1208
4.3687 4.8437
11.0965 7.4014
1.1207 7.0281
6.1419 -11.6152
-9.2732 0.4273
7.4550 1.2134
-5.4759 6.2715
2.5607 4.3230
0.9661 -10.5175
12.0256 10.2096
8.6281 -0.6751
1.7272 5.4361
4.9457 8.7008
4.6398 -8.2199
2.5103 3.6355
6.0146 8.7400
5.1078 3.5248
6.8856 3.7043
-6.2285 8.4044
9.9117 8.6410
4.7891 8.9837
9.8080 12.4487
9.6519 2.3485
5.8181 6.3091
8.8383 10.1506
-5.4579 3.4945
4.9238 9.6471
3.5039 -7.1050
-2.4457 2.2483
7.6715 5.3844
4.0787 2.9456
4.7996 9.4396
1.8726 1.8545
2.1746 4.0423
3.4781 6.9946
6.6752 5.4461
9.1487 7.6379
11.3215 -7.6709
-8.7593 3.0147
9.1669 3.9534
2.6465 3.5778
9.4782 3.2254
9.0685 10.4926
5.8477 6.8509
4.3017 0.3883
7.9282 12.2336
5.0757 4.0651
3.3735 6.7741
-1.2073 -6.9002
6.3738 8.3786
7.8719 11.4408
-8.1736 4.1837
1.8128 3.0805
6.0510 -4.2286
-8.4683 0.4161
5.3828 8.4443
8.6458 2.2884
-7.0578 -5.0839
8.3676 4.1258
8.2811 2.9564
9.4453 6.9619
7.3570 7.6687
3.1497 7.8144
9.8032 4.7360
5.1833 9.3613
1.9276 -14.6274
9.2012 4.0536
5.2566 6.4804
-4.8473 6.7212
4.4752 3.7055
-6.9316 4.6976
6.9765 1.4550
-6.1376 7.6663
2.8878 9.3168
6.5828 4.3670
8.4098 4.7367
-5.4726 12.0408
-3.6061 3.2906
5.8782 -0.5206
6.8132 -4.8197
4.9101 7.9697
8.9747 -3.8706
2.6363 4.2424
-3.8770 1.8819
5.3399 8.8878
1.7291 9.8289
4.4458 3.2186
-6.0929 9.3693
6.0160 6.1355
8.6010 10.2373
1.4431 7.7485
9.9134 9.2835
6.9482 9.9652
3.4286 3.3157
9.3168 0.6251
6.9852 -6.0506
2.3242 2.0244
5.7262 9.2024
9.5037 -7.1501
4.3719 2.3374
3.2337 8.9062
6.9033 3.4053
-5.3717 10.8052
-0.7745 9.2222
5.7142 3.2851
3.0305 5.7018
-9.8427 9.2894
2.7272 4.8992
8.8453 4.8322
7.4927 5.6492
4.7207 3.0923
4.7693 3.2539
5.0736 -9.4271
3.9898 6.7273
-1.8228 3.3374
6.7204 8.9479
-6.9737 -1.9797
7.1745 11.0208
6.9856 11.2136
10.0443 9.5346
1.2957 4.1478
5.2025 4.6637
0.7837 8.1808
5.9433 7.8225
7.0641 5.3595
11.5271 14.1883
7.1784 9.2976
5.5156 5.5120
5.8582 2.7355
5.6849 3.5438
-7.1289 4.0316
10.3397 4.8277
4.2845 -3.1725
-10.4202 0.7968
6.5508 5.2075
2.9484 7.7618
-9.3617 -3.7298
5.4630 -10.4092
5.1348 6.1977
-1.5987 -7.2741
8.5286 -4.9512
1.1847 5.9631
10.1561 9.2287
6.8679 11.5571
-6.1869 -3.2067
7.5780 5.9168
5.4029 8.0308
10.0111 7.1245
3.2509 3.4705
9.1519 6.6379
9.7890 3.5776
5.3239 6.6586
4.9600 -6.4848
6.9140 10.7281
0.7408 4.6897
9.8333 11.1067
1.8917 -10.0890
-0.8770 4.5240
5.9000 10.6166
4.7233 5.2145
8.7391 9.9046
-6.1410 5.4778
-7.7971 6.1143
5.6335 5.8555
10.7087 5.6591
-10.7455 6.0614
5.5509 10.9318
3.9600 3.6019
10.9547 -7.9707
-6.8554 2.7147
3.8807 6.1484
7.6046 11.1418
7.2311 6.1244
11.4265 12.2901
7.5933 -3.1668
3.5637 -6.6042
9.3119 1.8114
8.2388 -4.4264
3.2129 -4.1258
-5.3619 2.1768
4.0936 10.8048
3.7970 2.0790
-6.0692 8.5297
-4.2732 -10.7665
2.1033 5.6330
7.9636 8.8311
3.1873 2.2665
4.6941 7.5244
0.5772 2.5733
-6.4962 4.8263
9.1528 1.6318
5.1027 4.1843
8.3661 5.5620
10.3084 3.9393
2.5719 6.7014
5.5265 -2.4478
-5.6226 6.5595
6.6929 3.9181
9.8193 9.3426
-6.0224 6.0542
11.3592 -4.7330
6.7131 2.5374
4.1018 -3.3410
8.2717 3.2070
9.4933 2.9471
5.7602 9.6536
10.9019 6.8961
7.6821 10.0781
2.7815 6.5460
2.1662 4.7900
12.3154 -1.9042
-10.1927 9.7185
7.9559 5.0692
4.0819 7.8006
5.7230 5.5104
10.8303 3.1329
2.5685 7.5803
6.4159 7.2606
4.3329 4.6460
-10.1460 1.1734
6.5643 0.4646
3.5372 3.3508
2.7563 1.1210
-5.4599 9.6244
10.1215 8.0062
7.8858 5.1090
9.6393 -7.0248
-5.4262 6.2095
7.6723 2.3093
8.6180 8.8073
3.8041 6.2676
6.2246 1.3658
6.7340 9.7216
5.2786 -0.6466
2.4978 2.9090
9.1811 4.9459
4.8575 -11.3179
5.3811 8.8768
4.6084 2.3822
4.4091 -7.9620
6.3625 -1.5888
3.8296 7.3378
7.0690 2.9107
7.9400 -0.3740
2.6739 2.0596
6.5808 -3.5885
-11.1877 8.7234
10.1002 10.5229
5.6987 0.5959
7.9591 -5.9252
0.8416 5.0773
2.1350 1.6499
-4.8879 6.2034
-9.7856 9.7894
6.8126 -0.8299
8.3052 7.4844
4.4362 3.6934
-3.8492 6.6408
8.4249 9.6004
2.6585 5.1488
7.4251 9.3824
4.8093 4.6696
-7.3601 6.0712
3.1397 -6.8429
6.7275 9.1832
8.7623 9.3449
6.5920 7.4702
8.4448 -11.7252
7.0985 -3.5645
3.1150 3.9537
7.4880 2.2977
6.6972 3.4459
5.2535 7.5816
8.2559 -9.5042
6.1758 4.5379
5.7300 5.2097
2.5642 0.3583
2.8676 0.7863
2.9989 3.8817
4.3503 5.7168
1.3332 6.1402
1.0742 7.9692
5.9427 4.9002
5.3596 3.8559
6.0101 1.4558
7.9662 0.0934
5.8716 11.4160
4.6671 3.8119
1.8833 10.3664
7.2024 9.2041
5.5935 -2.5052
-1.0586 1.4671
5.2954 2.1614
5.0927 3.5521
7.4759 -3.3901
9.0844 6.2221
-8.7925 -0.0903
7.3448 8.5398
10.2275 2.2095
7.4094 -9.1453
-4.0273 -4.4382
3.5707 11.2431
4.7385 3.2204
10.1770 8.9369
5.4349 5.7027
4.6410 2.6731
6.7282 6.2870
10.2853 -3.3598
0.4890 0.5876
12.3809 1.2003
6.3217 7.9518
9.2850 5.6867
0.9750 9.7070
10.5301 9.3728
4.6674 3.4896
9.5710 -10.0660
3.7913 -7.3519
2.3444 2.5438
5.0316 3.5468
-3.9036 4.8323
9.5721 5.4098
5.6370 3.4334
5.7958 7.2958
0.3959 3.6359
7.3542 4.5737
8.9476 8.9606
-3.0922 6.3180
7.5520 7.8060
1.2482 8.6552
-4.5793 9.7549
10.7875 11.4736
-7.6668 10.7574
-9.6779 7.5734
7.3663 7.2027
-1.0768 6.9898
7.5433 4.8618
5.4906 7.2037
6.7933 3.6853
4.5369 5.4273
5.4009 4.9055
4.4714 4.5895
1.7159 5.0282
4.5553 9.8608
6.9846 2.9292
9.9282 6.2717
-9.1702 3.1805
-3.9816 0.4145
7.2731 -5.4069
5.3292 7.2709
4.0298 8.1025
-1.9039 -2.1029
7.4430 9.5234
-0.0908 10.0376
-7.7590 0.8862
7.8513 8.3114
3.3593 5.4788
-1.5139 -7.8411
3.1842 -1.9164
5.5747 5.7482
2.1307 8.1674
7.6955 -6.5924
5.3396 2.6392
-3.9166 3.0074
8.9213 4.8052
-1.9991 9.4904
8.9336 -2.1061
4.2605 6.8610
-9.7771 9.4827
2.4521 8.7567
5.4845 1.5163
-4.2074 6.0758
-0.8443 2.2127
8.9563 5.0361
4.1484 3.5880
12.1590 2.8293
-13.8538 10.1112
0.2587 7.2399
0.9411 5.2501
5.2358 8.3686
6.3488 6.3756
6.9613 8.8494
2.5009 -3.6966
10.5963 6.7642
1.3662 1.3934
-1.8530 3.3429
1.8448 6.8661
5.5792 11.5964
3.2333 -7.1461
8.1241 7.7383
-5.9883 3.1747
9.4009 2.4494
8.7506 6.3407
2.6146 7.9890
8.5237 0.9233
8.6598 6.0979
5.6032 8.6486
4.1488 4.3204
7.0524 5.9829
2.4613 11.6068
-0.8884 -11.2422
5.6053 -2.7957
3.4853 7.2275
8.1964 -3.8224
7.3416 8.2770
4.9235 11.0584
-6.1296 10.2560
2.9991 11.4445
-5.2616 8.6293
7.0272 -2.3765
4.1738 9.4438
6.3171 -3.5748
6.3192 10.4383
1.0684 2.9189
-8.0563 3.4886
2.7599 10.3025
10.5463 5.0738
-3.5989 3.0201
6.3398 9.6353
8.0980 -7.9428
9.3394 6.9291
-9.0680 -6.9241
-4.3865 8.2470
5.4168 -2.9274
10.8390 -4.3748
-9.7646 1.0830
0.8926 11.4772
4.7197 4.4054
-3.8417 8.0787
9.1420 7.9413
4.3109 5.4496
7.3581 4.4514
-6.1207 9.1523
-1.0612 8.7179
5.3524 -5.0876
3.6637 0.3932
-6.9769 5.9164
8.1026 8.3372
6.5249 6.4546
4.4494 -7.3130
8.4698 0.6276
4.9580 -1.5202
9.8449 10.0487
7.2630 7.2182
4.9303 8.0296
9.8602 3.6269
-5.1142 9.0674
-3.6009 -4.1232
-4.0112 3.5641
8.7274 1.5366
0.7545 4.9188
2.8231 9.9109
0.4577 1.9153
2.1648 10.3371
4.0820 -5.5285
-4.6626 1.6884
6.0283 3.7933
8.5233 8.0297
6.2554 9.8072
8.7208 5.4541
3.9117 5.6679
9.8398 7.2642
10.3784 0.5268
7.1028 8.9198
3.5367 3.8837
10.3344 10.4125
7.4757 10.1321
5.9257 7.6100
2.5528 5.6670
6.0563 5.3049
-7.0983 5.9200
1.1044 -4.5762
6.7902 9.3357
1.5460 4.9936
3.1693 -4.4491
-7.4269 -4.1842
5.3012 9.8740
10.3807 8.7868
9.5077 2.4346
8.3743 2.1237
1.4863 8.5380
13.7050 -7.1630
-0.7001 -7.0498
7.0001 7.2324
4.5729 -3.2337
1.9088 8.9219
10.0038 3.2020
2.7858 8.2435
4.4027 1.1856
1.5643 5.6607
7.9044 4.0894
3.9209 3.5456
9.2482 6.6030
-6.2956 8.3793
8.5103 -5.3312
5.7736 7.1519
7.9627 -7.9224
2.8914 9.7773
0.7206 -3.7271
5.5671 -6.0790
12.2813 3.0613
2.3995 10.2510
1.6422 -4.7499
-1.9779 1.1576
2.7029 5.3585
3.1413 9.5735
10.3591 8.4469
10.0142 -9.7789
8.6373 5.3772
4.3956 10.7534
5.0447 10.0651
4.7892 8.6220
1.6302 2.2995
5.1006 5.5863
-3.2202 10.4712
8.4822 6.3714
5.5258 -6.3234
5.8544 11.5610
3.5025 1.4174
-0.1475 8.1329
5.0398 6.9954
2.7434 9.7636
9.7560 6.8625
6.4903 6.7490
10.3913 4.7115
2.3010 9.3026
6.8348 -4.9662
-5.1365 11.2942
7.0995 1.3893
4.6360 5.9461
7.2998 1.1820
-0.9260 -3.9504
5.8230 4.6599
8.4673 9.3929
6.1371 9.7913
5.4370 5.6758
2.3119 6.2338
0.7992 3.5277
-12.1267 5.1685
1.2493 9.5847
-6.3196 10.5302
8.1303 3.7833
0.9571 7.8064
7.9182 6.9734
2.8590 3.8315
12.8840 4.7516
8.1872 -1.0689
6.0803 11.9505
5.5382 5.6390
4.9977 2.3470
9.4688 10.5343
10.2460 7.8863
8.3238 7.0099
-6.9208 4.2124
-3.4962 5.9505
0.9218 -0.3340
3.8805 0.4487
8.8121 10.7209
9.3929 3.7181
2.9803 10.3113
0.7073 3.3099
2.9696 5.8000
-2.1948 11.0204
-5.2461 4.6489
3.2441 9.3837
6.3284 8.6271
3.2487 2.4594
8.7115 4.9492
11.0630 3.4518
-7.1416 9.3401
3.7027 0.6980
2.3682 -6.2709
5.3373 3.9322
4.6157 9.5705
5.3586 9.4606
5.0768 3.3758
-4.2657 -3.7788
10.4502 7.4327
5.7439 5.6559
-10.3798 8.0561
2.1766 2.7639
2.5146 7.6792
6.3485 2.7573
7.5350 9.1556
7.4204 -5.3279
10.7380 6.9557
9.6600 1.0749
1.6125 6.4316
6.3407 6.6641
5.4746 1.9366
8.2893 9.7706
2.8999 8.8235
5.9838 8.2087
3.3109 6.1785
1.8634 6.2133
9.0124 -6.1638
6.4543 -5.1561
7.8696 -1.3124
9.0121 8.9295
5.8292 2.0142
4.8687 9.5532
3.0149 7.4765
8.2759 1.9434
5.4532 7.3823
9.8353 4.6521
10.4770 -5.3445
4.7211 0.1498
3.0240 8.0680
1.7390 -1.6511
9.9228 4.4027
2.4001 7.9993
0.3557 1.9263
11.1687 9.1862
8.6449 8.0346
4.9285 -10.6769
-6.1647 1.9378
3.1817 6.8980
-6.6648 4.5995
10.5472 5.7650
8.4076 -6.4973
1.6890 10.2068
9.3941 7.4768
9.2109 8.5799
5.9029 10.2742
9.7873 3.6770
4.3063 6.5105
5.5381 9.4784
6.4923 -2.1242
8.3853 6.7686
6.0390 7.9702
-5.6991 11.2902
6.4824 10.0189
4.2285 9.4317
3.7554 3.7948
7.5094 7.7616
6.5282 8.3667
9.4419 2.8966
3.6270 5.3528
11.5731 7.5837
5.3293 -5.1884
7.4859 5.3632
1.2183 1.4325
2.6554 7.9550
9.9566 0.3317
5.6684 5.4744
-9.8660 -11.2814
0.4798 10.3760
7.7886 2.0396
7.5636 9.9857
10.1886 4.4983
-5.2173 -5.3838
12.2267 9.2847
12.4785 8.5342
10.3724 2.4966
-1.7672 9.7093
6.0331 5.8679
10.4188 10.9326
-7.5795 -6.2958
4.2020 6.7653
4.6054 -0.6454
1.5018 2.8305
7.7559 2.4164
3.1007 4.8438
8.6472 9.1071
6.8641 -4.9446
5.0012 -10.7279
6.2124 1.3141
-5.9175 5.4895
-1.0515 10.9848
1.7438 2.7297
1.2837 -8.1659
9.1822 5.7450
9.9935 4.0020
5.6313 4.1990
11.3036 3.0566
4.8966 7.8045
-0.6135 -4.7841
9.8875 8.7311
-3.5908 -7.0394
2.2902 5.1284
10.8749 6.8203
-7.7719 6.5467
8.9789 8.3322
11.3951 9.1611
9.4211 5.5399
6.1614 5.4827
5.9996 2.6062
2.6608 6.3243
5.8080 3.2256
1.0317 4.4866
7.9287 4.4759
4.6247 10.0112
-5.5960 5.6226
9.3500 6.4115
3.1508 4.2411
1.8202 8.6144
5.1667 -8.2127
4.8999 11.2872
4.5884 1.1402
7.1204 9.3993
6.6212 9.8945
8.7768 8.9450
6.0883 11.1670
3.8569 4.6723
2.5314 3.2479
10.5986 5.1024
7.8499 10.2522
2.1363 9.4054
8.9350 2.2241
2.6951 4.9128
-6.6390 0.4087
10.4435 5.6159
10.8590 2.9865
6.4403 4.6169
8.0212 8.2821
9.8926 2.2804
2.3626 4.9630
5.2563 5.4559
6.2093 4.6473
-4.3482 8.2638
3.3528 0.8081
5.3438 9.0325
5.5296 1.7911
-3.8634 3.5149
8.5207 1.4880
12.6180 8.7349
7.9929 6.6235
9.0769 -5.6428
6.5344 -8.8458
9.2585 9.5327
-2.1060 2.2971
-0.1664 5.8721
9.7851 10.0497
4.6704 5.1087
13.2489 0.6843
1.6411 6.6567
-5.1121 -1.5708
5.1798 6.8564
-4.1094 8.5950
5.4534 9.3487
7.1316 2.1023
5.2111 1.8413
5.6205 3.4972
5.3218 4.3768
5.5106 10.6964
1.4578 7.2172
-9.1985 4.4172
6.0040 6.2342
-3.6593 8.8338
-3.9858 4.5529
-7.8798 5.9225
6.5886 5.8850
9.4425 5.3709
5.8271 8.1297
9.1094 3.3336
9.2585 10.7429
7.4145 11.3603
3.8501 2.6518
9.0461 7.0926
9.2159 -0.4380
8.2192 7.4758
5.8478 4.5951
5.6140 5.3094
7.5545 3.9091
8.9139 4.3776
-5.1938 8.0017
3.0545 4.7681
8.2615 9.1903
-2.5339 5.1859
6.3573 -8.6305
10.8119 1.1528
-0.8729 -3.1404
4.7576 4.6741
1.1505 -3.4879
-3.7859 9.0451
4.3176 3.1375
5.2632 6.0061
8.5091 0.6524
1.1176 1.6348
9.2225 3.3231
4.8189 6.3383
9.2481 -5.6462
6.2805 8.6949
5.3153 7.2538
4.9748 5.4308
0.0267 6.7443
9.6789 1.7454
1.8209 7.4200
1.1628 5.2552
10.5606 3.0378
3.8357 1.0672
-7.1942 6.4111
6.7879 3.5019
6.4499 10.5100
7.9995 3.4782
5.5296 5.8446
0.6270 5.1313
3.0452 5.8533
5.5236 4.3313
9.7423 6.9574
5.4220 9.1374
9.6950 -7.0321
2.9653 5.9350
-0.5689 9.2185
10.2114 5.6808
-0.7854 -6.4978
0.6513 -6.4190
5.3869 8.4656
11.3708 4.8331
5.0678 -1.8616
6.1062 10.1632
1.1064 3.2538
4.4671 9.9283
7.8060 6.0331
0.8339 7.8306
3.0241 1.0960
10.5799 3.4804
-4.6263 3.8625
-7.3968 5.4673
6.4669 5.6091
5.3020 11.2108
1.2328 3.6148
0.6435 8.2742
8.0583 7.3083
-4.3463 11.3975
5.0167 4.1988
-1.5256 6.3232
-7.1685 6.4981
6.4620 4.9450
3.7282 2.0039
-0.1626 1.7761
5.9463 1.3470
7.2702 5.2450
-6.2574 -5.7851
10.1985 5.7002
9.8981 -1.9866
-6.7494 2.0612
1.5287 8.5037
4.2811 7.6954
5.9292 5.5362
10.9088 9.9691
11.3390 1.7263
10.1124 -4.8850
8.0984 9.5054
4.5687 7.8589
6.3952 8.5605
12.4237 10.4222
4.0390 5.5842
11.0785 1.0787
5.7375 4.2418
3.7316 8.8957
1.3744 3.1579
10.7261 2.2062
7.0217 -7.4315
8.3897 2.4357
-5.6472 9.4036
-6.7096 7.5687
7.0106 -0.9944
5.6695 11.3309
9.0700 2.3607
5.7446 7.8691
3.9166 4.5152
4.2040 3.3465
-8.6102 8.1659
5.1190 3.4552
10.5475 8.6520
6.6276 9.5780
8.4424 5.4501
3.3957 1.8004
6.4980 3.9042
4.7277 6.8364
3.9300 9.3495
7.8071 6.5323
2.9947 2.7452
2.3275 6.2425
3.9293 -5.7774
2.0582 1.8791
10.1395 8.6362
-1.2587 9.6649
3.5745 8.3554
1.3637 11.3375
4.5637 4.0177
7.4832 2.9691
2.6642 8.8266
7.2976 5.8773
4.9029 9.9629
-5.9169 7.0043
5.8142 7.0807
-4.7377 9.3152
3.0357 6.4632
6.8819 1.6056
9.1754 10.2745
7.8723 6.2708
6.1122 0.9985
8.1202 0.7752
3.5698 7.1881
4.4222 6.3424
-6.8712 8.3174
8.1829 -3.8560
5.8668 9.5208
-7.3554 3.8455
4.9540 6.3491
1.0539 6.1423
4.5213 6.2695
7.3222 5.1110
2.6892 5.3576
7.1716 9.0351
-13.0967 8.5579
7.6534 5.0150
-6.9022 9.2711
5.3876 -6.6799
7.0492 7.5123
5.3785 11.8145
-5.7622 5.1991
6.9903 5.6902
-5.7617 6.3922
3.0396 11.0468
6.0887 8.1588
5.3004 4.4581
7.8126 7.3150
6.3077 1.8414
4.6979 5.2759
9.1889 4.8962
3.9587 8.4061
-9.1825 8.5598
4.9528 6.9757
3.8106 6.7882
0.2915 5.4414
1.7385 9.9999
0.1856 6.3813
-7.5456 -9.8477
2.3160 1.4947
-5.9139 4.5251
5.3177 3.3632
8.4453 5.2043
6.3412 3.6362
7.5964 -6.7869
8.0803 0.8461
4.5235 9.1451
3.9542 5.0524
3.0543 3.6606
3.8385 6.4162
1.7023 3.6226
-6.8668 3.8525
7.0115 8.5687
5.7129 -7.0655
2.2476 9.7039
-10.6164 2.0255
0.1114 6.7166
-4.2868 6.0409
-3.5845 10.1730
6.1666 3.0783
7.2567 9.8055
2.7491 7.3833
-1.6189 -8.8744
2.6906 5.6774
-0.3597 11.7200
8.5339 11.1399
12.8662 5.1017
0.8910 8.7848
8.0669 2.1909
1.4958 10.7514
3.4329 9.3033
0.9984 -4.1878
7.4813 10.2722
2.6514 5.9475
-6.2784 -6.6312
2.9428 8.6808
4.1129 5.9481
-6.3516 -5.5512
-2.5205 -1.1276
4.8816 -4.2339
-9.2878 4.6609
4.7664 3.2770
10.8956 10.3413
-6.3314 5.0059
3.0959 5.5266
8.6952 8.7133
3.0880 -5.3394
5.5814 4.9565
-3.4661 4.2424
2.1738 3.4818
1.1076 3.7966
-4.7535 7.7837
5.6765 7.9848
-3.2578 3.9097
11.2994 8.0197
9.5846 -6.9344
6.2848 -8.4680
7.8971 10.4443
3.1151 8.4884
-1.3492 1.6350
-0.4503 9.4319
11.4224 1.3808
-11.4110 1.5612
-2.5976 8.7898
6.4856 4.3630
3.2875 9.4677
-5.1277 5.3321
2.9416 10.3698
8.2376 9.4003
3.2396 7.1955
3.9534 2.4395
9.7101 7.3749
7.0876 5.9568
7.5837 6.1939
0.7882 -14.2919
-5.5811 7.0588
2.0820 -0.2678
2.5369 5.0404
3.5034 5.5268
-9.1408 -5.8919
8.4280 10.2242
6.6606 3.9302
10.7229 5.8877
8.7512 9.2882
10.6197 6.0849
-3.5457 2.6790
8.4184 9.1534
4.4082 7.7590
-11.2461 -6.5481
6.7622 5.1545
7.5319 5.7214
6.6623 7.7557
3.0753 3.5201
1.8653 7.0230
8.8099 8.2259
-0.9652 -3.6868
8.4919 4.5859
5.6945 7.6860
7.7829 8.0811
4.4657 7.7553
9.2605 -1.6602
2.5860 -7.3087
5.1278 9.5651
3.5170 -4.3509
-3.8180 5.3089
4.3319 5.2419
5.2984 10.6021
10.2690 7.4555
5.4805 11.3630
5.4492 4.7125
6.4489 10.7390
7.3851 -4.2573
7.2176 2.7378
5.1255 8.8669
9.3780 3.8463
9.6351 0.1920
0.7094 5.1885
5.2396 2.3361
-8.0264 8.2649
8.2186 6.8024
3.6814 -3.4139
2.6561 9.2857
9.8409 3.9442
11.7991 8.9033
7.0568 9.8894
2.7782 -3.9281
0.4488 10.5699
2.7890 -7.4697
11.1639 3.5605
5.4357 5.3775
13.1761 2.1687
9.3919 5.9758
8.3986 6.3406
4.2596 10.5677
9.0522 2.0553
10.2918 3.4181
4.2160 7.6735
8.6290 3.5318
8.8539 3.9743
4.4360 0.5180
10.9576 7.3015
3.8301 6.4261
7.6195 -7.8673
3.5000 4.2087
5.3205 -1.9172
3.9992 4.2223
-5.5497 6.2862
5.6488 5.8658
-6.3457 0.5592
1.7524 8.8510
6.9509 3.9876
11.8811 6.8946
13.0924 6.1679
7.2365 4.2897
4.5752 8.1450
5.4054 9.6297
9.8848 6.8070
1.4766 4.9537
-3.3504 3.8918
0.4796 -4.1131
9.9747 2.6399
8.8608 5.6871
4.1578 4.1005
4.4167 1.3607
-8.1167 6.2645
-3.9856 10.1374
1.9621 -7.5590
5.5738 -8.2461
4.1917 3.4902
2.5354 6.6608
4.4596 8.1145
9.7601 1.5561
5.3866 6.3683
2.8635 2.2987
8.5732 6.0859
-3.7325 9.0936
5.4332 -5.6102
2.5418 2.9151
1.1963 2.0650
7.4001 5.4573
-0.0484 9.6282
9.3392 9.6622
3.2145 -3.8027
8.1824 4.9497
-1.9721 1.0766
3.0847 10.4235
-1.1220 -7.0717
3.3144 3.1794
-6.8372 10.6089
4.6076 1.8419
2.8505 6.7399
11.2234 5.4006
8.9445 13.2572
0.5637 4.1051
3.8400 5.7077
9.2998 1.7411
8.7750 2.7962
5.8736 5.5741
12.0467 0.7569
6.5922 5.2967
8.7348 7.3356
6.8954 9.2103
9.1115 10.0400
7.8990 1.5499
9.4800 0.4140
11.8267 10.8532
10.4219 4.0539
-8.8427 3.0740
10.2401 3.1014
2.4137 8.8535
2.7816 -6.5070
-7.3717 5.3645
0.5682 4.1500
10.5375 8.3983
2.1026 1.7344
3.0941 8.6176
-5.7187 -0.2765
2.7365 9.3234
-0.0664 2.1087
9.8432 1.7206
-0.3839 2.7711
1.6838 10.0018
2.4400 7.6370
4.7083 6.2893
8.6846 0.5594
6.0142 3.9868
-5.9709 9.0502
3.8655 10.8788
0.1868 2.7137
1.2573 4.6121
6.3177 9.8181
6.6709 0.3328
-10.2802 3.5654
9.6459 8.8884
7.0032 4.5528
-4.6721 6.1524
3.0900 -7.0154
7.9641 -6.8511
7.4856 3.8325
-4.9312 4.1646
6.6367 2.7272
6.6543 -2.6361
10.2797 -8.0994
5.0508 2.9637
1.3256 11.4754
3.8320 -8.9274
9.1454 0.9759
2.7746 9.3561
4.2967 9.2345
9.4779 1.7237
1.2433 8.5958
5.3926 3.8235
-6.2928 6.3291
-7.0626 -5.6177
6.6856 7.8934
4.0631 6.3707
3.4656 11.7577
-5.2050 5.4897
9.7917 -5.3463
5.0302 10.6391
4.8859 5.9908
-6.3523 -8.4365
4.0921 5.1052
4.9825 9.0251
-4.2786 0.9776
5.6324 8.5358
6.6983 4.8873
8.4253 -9.3210
5.6596 4.3105
10.2651 7.9703
1.7323 6.6123
5.6254 5.8872
-0.9425 -4.0544
-4.5639 3.8366
7.8348 -5.8173
8.1920 0.5532
9.6126 0.1768
7.4301 10.4203
3.7537 -13.3842
11.3901 1.5220
5.7584 9.0583
6.7556 -4.7334
3.4873 13.2130
5.5214 4.0462
11.9704 7.0411
3.6113 8.6664
8.6225 4.7795
8.9201 9.0559
-2.7413 3.4133
8.9014 -4.6461
-7.3746 9.7048
-0.7108 6.8139
-7.6090 5.1543
1.1326 3.9878
-8.0519 8.9956
6.5422 0.6005
7.8769 8.0702
10.1752 5.7615
5.9982 -6.5262
2.1932 8.4408
0.5022 8.0196
6.0239 2.2515
9.2618 2.4530
1.5624 2.4712
8.0369 1.6952
2.5928 6.4011
1.0887 8.0771
9.3711 2.0804
5.1165 9.6958
6.5729 9.6147
6.9469 4.5393
10.3479 10.1059
4.1046 11.0245
9.4156 8.6980
11.0019 6.9034
-3.8712 -5.3249
7.1248 9.5046
4.9337 9.0384
9.3872 8.4895
1.5267 5.5736
-1.3498 7.3590
9.4305 4.2640
3.0267 -3.0896
8.4044 2.4236
9.0161 5.7642
4.5056 3.8653
-1.3918 7.7264
10.1935 -7.6291
2.3916 -7.6320
3.6299 7.4566
6.3308 8.9575
-8.0097 9.2134
-6.8422 10.6716
5.4576 9.7800
2.1675 5.0324
-10.7836 2.3205
-1.7354 -7.2431
1.4542 5.8617
8.2916 10.9255
7.2330 2.6952
6.6657 2.5999
8.8851 2.6450
4.3319 6.9668
5.0010 3.1210
3.7741 4.8974
-9.1372 5.0421
5.8897 9.0410
1.6396 2.5087
2.1778 2.2485
9.3554 7.0694
5.6177 0.3293
8.3032 2.0199
0.4574 6.2177
9.7368 5.7836
7.7961 2.7788
6.6225 7.7815
2.0687 5.7678
7.4957 8.7092
2.7847 5.9398
2.8178 9.1837
6.9013 2.2931
6.0103 6.1952
-3.2486 4.8159
7.5202 6.7274
8.1015 -6.1524
8.7810 9.6409
5.7240 2.4424
1.7468 -6.1004
2.6262 4.6584
4.9746 6.2796
4.1652 5.5943
7.0864 -4.3569
6.6377 7.1031
4.2941 3.7271
4.6505 1.2362
-9.5377 6.3701
0.7277 7.7646
4.0303 3.9522
9.4134 9.7019
10.0837 4.6769
2.1582 5.3424
2.2271 -7.0359
-5.7704 8.9823
5.0481 9.2521
9.1815 9.3830
-7.9356 -6.5843
3.7929 -5.0740
7.4111 8.9032
6.4824 6.7263
6.3849 6.7970
3.3078 -5.5532
2.3835 8.0537
6.1962 6.8711
2.6184 4.7837
5.2917 6.0283
4.7038 5.2324
6.4338 8.7531
-4.1653 2.5767
-6.8693 5.3517
-3.6846 5.2143
9.8332 4.3670
0.2225 9.0004
4.3900 -0.2759
-5.5314 2.7188
-4.8333 3.5151
-2.5509 3.2602
7.9242 -9.1886
11.4962 9.4390
1.1817 5.6454
5.6146 8.2597
4.9928 -4.7376
2.3937 6.5477
-8.4716 8.2831
6.8436 10.2952
11.3157 -1.5062
3.6799 6.1454
7.0063 3.5810
3.7531 3.0542
5.6612 6.8686
-7.4607 7.9189
-4.9050 8.1981
8.0759 -0.8384
6.3937 4.9327
3.1314 6.6680
-4.5983 4.0435
8.3978 7.8357
2.7885 -3.3445
7.8350 10.3538
9.0228 6.6242
8.7777 10.8085
-4.6553 3.4693
-3.6836 -3.1549
-9.3743 -1.1349
-7.6648 4.4532
9.0268 11.5984
11.6953 4.6409
-1.7634 1.5065
7.6254 4.8045
3.6405 3.5119
-2.5805 5.3270
-5.2843 9.4136
1.2094 -5.8302
0.6599 9.9060
4.2425 -8.9628
1.6932 5.8643
8.7486 5.0602
4.3081 3.7678
5.9392 4.2630
13.5490 4.8398
3.4744 6.3645
7.3958 3.2423
-4.0785 11.0981
1.4717 5.8872
9.2918 4.5081
3.0941 9.1766
1.1860 10.3378
0.4699 4.9826
7.4249 4.7613
5.3706 3.8431
4.6379 4.5979
7.7058 5.2069
3.4689 9.7339
11.1726 3.0460
9.0278 3.4957
-0.1929 8.6716
3.6277 6.3518
5.7273 2.3885
5.1182 8.5833
4.8698 6.1056
5.1599 10.3864
6.6456 2.0020
8.9999 -7.7588
9.3332 4.1917
9.5582 -12.5219
-4.2026 -6.4446
4.6372 9.1828
5.3668 -5.9813
10.5443 4.7379
3.9658 -4.7773
11.6183 11.4512
10.1546 2.8499
3.9775 -9.4097
10.9018 8.1725
-5.0513 6.2515
-3.6136 5.8689
10.0256 7.1219
5.0377 -7.5050
-2.0467 5.1706
6.4710 -9.8238
3.2664 1.9242
6.6072 -5.0530
-0.3277 8.3952
4.0274 1.1937
3.5457 7.4597
12.5480 8.2079
-5.7800 5.2643
2.5726 3.3539
-0.1369 0.0041
9.1564 6.1559
7.6866 10.0738
10.8404 9.0630
9.8685 5.1993
7.9477 -9.6314
5.2853 8.2356
-0.9116 -6.5852
10.1171 5.3436
-0.7445 4.7036
9.4228 8.1262
-7.6228 2.9535
10.0573 4.4750
0.7159 10.3441
6.3239 7.9125
-5.1862 3.1738
5.1908 3.7323
-10.2660 -8.2414
8.4567 4.8154
5.6928 7.7730
-8.1227 3.0538
-0.1231 8.7252
6.1945 -8.4775
10.5496 0.6281
6.7220 11.0250
7.7551 4.9859
2.7323 6.6770
7.3088 -7.2412
9.3183 5.9283
10.3040 1.8795
1.0230 1.8362
1.8864 2.9729
12.7827 9.1028
9.4775 9.2011
2.2369 3.2741
2.6126 9.8260
3.9678 -11.4339
6.9921 5.9726
5.8332 5.4680
6.5561 -6.4470
4.2218 5.9832
8.6412 7.7985
-7.8068 8.2421
10.4336 7.2897
2.0227 8.8696
4.7139 -11.7449
8.1104 0.0523
8.7021 6.0324
8.6098 7.8375
1.7495 -2.1088
7.7126 4.7025
2.7643 4.4584
6.7192 -4.4300
-0.8087 -5.8127
9.0849 6.5253
6.0733 5.4036
-3.6838 5.3251
8.1515 9.9422
7.2653 8.4656
5.8391 4.3763
2.8574 0.1164
9.5539 -9.0211
7.7452 10.0219
9.3357 12.2319
4.1152 9.4734
3.3973 8.7276
-2.7196 4.6349
-9.6445 12.7343
7.1457 4.6139
9.7266 -4.6197
0.2478 3.6096
5.2103 -10.0185
10.3457 9.0596
9.1427 1.9410
8.5286 5.7084
-4.3582 2.4986
1.1942 6.0002
4.4997 -8.7380
4.2233 11.3726
9.7226 -3.7828
3.3687 7.2062
9.6972 9.6833
8.9000 5.2824
5.2818 8.4808
-0.8862 -6.2134
8.8355 3.1524
-3.2467 -3.6226
4.9612 0.6574
6.9210 8.7289
4.9340 5.1985
8.5478 4.8052
10.6623 5.8369
0.4914 -2.5977
5.2291 0.8471
5.4578 5.7089
-6.5822 -8.6878
2.9460 6.0572
8.2216 7.9458
5.9463 -4.0824
6.6367 -7.0771
6.9704 3.0565
7.4959 0.7666
1.3084 -10.8943
7.6822 8.3736
7.2096 7.8427
3.0772 6.4357
6.3395 7.2223
2.1497 8.4372
6.7520 -0.1951
7.8937 6.0355
-2.8153 -6.4633
-4.2492 -8.4780
3.7026 8.1869
10.6640 9.8621
6.2136 -8.1870
10.3155 1.1417
2.7416 5.6972
2.6235 5.8938
9.0806 2.7459
5.6449 2.4569
3.2171 2.0258
1.2936 8.5565
-8.4315 3.1237
4.8506 1.1494
-7.6713 -0.3063
1.9319 6.6145
6.2646 6.3609
4.2256 8.9579
11.4630 6.3125
6.9635 3.9776
8.2391 8.4377
1.2193 8.8482
8.2033 10.3497
5.2967 1.3304
-3.9194 12.6704
3.2776 2.5519
10.2358 1.2559
5.4380 9.1420
-4.9741 9.0607
9.8749 5.3927
3.3833 6.7033
0.8422 8.3663
7.4381 6.0902
4.0743 1.2672
6.3788 10.1115
2.6719 4.8936
4.1420 3.3732
-2.1519 6.9280
5.4063 8.4733
-0.7285 6.6751
6.1091 -9.2726
5.5917 9.4726
9.7389 8.8117
7.4585 8.5980
-6.1908 5.9512
7.9264 -3.2304
8.8885 9.8670
-2.8793 9.6349
8.2985 -5.7859
3.9211 2.8263
8.9950 -3.2414
7.9420 6.3149
4.1475 0.1119
6.3709 -3.9475
-8.4164 11.8831
6.4001 6.0432
1.6459 5.7240
10.0449 3.4393
4.7180 5.3215
2.8766 7.4820
-9.1363 -5.5054
7.0031 10.1417
7.5598 -7.4734
-2.9612 3.2696
3.3206 3.5106
10.6403 4.6769
-3.1569 -0.1221
9.8142 -4.9231
2.0929 8.9485
6.9526 3.7317
6.4449 2.5811
2.6884 1.9067
1.9721 -5.4173
-6.2198 5.8514
9.8035 -2.1607
1.8554 10.8401
10.5679 10.6296
9.5128 10.5625
3.2015 8.5235
5.4669 5.4576
9.7182 7.6730
2.6979 5.7138
-4.7650 8.1704
5.5351 9.9991
7.5326 3.3616
4.6873 5.1778
8.3342 7.9735
2.3821 10.0442
6.1488 6.0822
5.3660 -4.5568
4.7112 4.1628
-7.7627 6.3193
4.5452 -6.0050
6.2899 4.4485
9.4657 6.0224
-8.8657 2.9271
5.3449 5.5779
-0.9437 8.0787
1.6855 -1.4414
5.5882 3.9667
3.2497 8.0661
7.7012 5.3389
-4.4488 7.1769
8.7719 -7.2050
-6.2156 5.4213
5.5927 9.0589
8.1448 4.0881
-4.2121 9.8768
5.8977 5.8460
-2.5763 0.0790
4.3481 8.8426
5.8232 4.7927
4.1296 8.7446
3.7990 9.3035
5.8928 9.2240
7.7021 1.7891
7.2685 7.1891
3.2839 3.5080
-6.6810 2.8942
9.8982 -7.4396
3.0214 10.4412
1.4565 -4.6615
2.5639 6.6285
2.8216 6.0409
6.1194 -2.1874
10.7809 6.3560
4.9907 4.8996
3.0242 -1.0374
10.3730 10.2534
4.2862 10.2168
6.5616 -5.3244
3.9774 11.5265
7.7321 8.8870
8.7758 5.0801
10.7390 8.5034
0.9874 7.8241
5.2493 6.2426
8.8504 -3.2366
1.7425 5.3088
9.3741 1.2217
9.6872 6.1865
-8.1752 4.1332
-7.1885 1.4838
4.4930 6.7305
4.7354 10.3130
-7.5072 7.7391
9.6533 -2.8661
5.3554 1.4034
0.6578 8.8775
1.3105 4.9284
7.7093 8.6315
10.8767 2.3178
4.4819 6.6510
8.6258 -6.3056
4.4550 10.5502
7.6896 -11.5659
-8.8189 4.3921
2.0594 8.3653
2.7625 9.9309
1.7742 1.7192
7.9213 5.4191
-3.6608 4.9287
8.6096 0.5703
-8.5493 10.2206
6.3745 5.9289
10.5777 2.2419
11.6311 9.2574
4.2930 4.2324
7.4763 8.4066
8.4839 8.7996
1.3610 6.7433
11.8351 3.7961
1.9354 -8.5490
0.8745 4.2297
0.1893 -4.4019
3.2624 0.6199
8.9927 8.0407
-6.5848 4.8835
1.6790 7.4513
8.3215 -3.1873
2.6616 8.8001
2.6519 7.8397
9.2114 7.2803
8.4010 10.8928
3.5353 11.1160
2.9703 8.9734
8.9079 5.3508
4.2551 5.7972
7.7187 -0.2361
-4.0722 8.7668
-4.5959 1.7129
3.0294 7.5972
8.3059 11.1186
7.2374 -3.7906
5.7614 -11.1827
8.7631 5.2154
2.4119 4.5615
6.8820 -3.1578
0.0239 4.8344
3.4681 2.7847
1.1784 6.2249
-4.0954 7.9872
5.2946 6.4639
10.0479 4.3609
1.4352 9.7471
4.3029 -8.7614
10.3691 8.8134
3.3930 1.1145
-1.4624 3.8587
5.6508 6.7370
8.5330 9.1275
10.4510 2.7219
5.9557 3.8813
9.8141 4.8557
0.8785 4.0009
1.6232 7.3819
-5.7894 6.7302
8.8357 1.9501
3.7022 8.8648
5.7757 8.7825
3.3002 3.6194
9.4390 2.3357
1.2485 5.3198
-1.3815 8.0401
5.4044 9.3860
12.2931 3.0584
-3.9216 4.5263
-3.3660 6.1318
3.3804 4.7842
6.6251 -6.1275
9.4787 4.9216
7.3250 3.5864
3.8793 0.3726
2.1632 9.4555
5.1431 -4.9769
1.9191 9.0713
10.5845 8.6247
5.0215 6.1287
8.8129 8.9648
5.9761 10.8602
6.6561 -6.8890
7.6468 6.0434
9.9355 -0.6604
7.7022 4.5177
8.7677 4.6093
4.0006 7.4023
6.5259 9.0929
4.8750 1.7745
-8.0140 0.4913
6.1759 4.4882
8.3653 4.5920
2.0572 3.6692
11.8668 5.4364
6.5223 -6.6954
3.9316 2.3292
2.4006 7.9381
-2.9038 2.1368
7.9604 5.3030
3.8122 8.0058
2.6336 4.2338
-3.8221 0.5558
9.2206 -0.8088
7.1882 9.8080
2.6450 2.9312
8.5113 8.3981
8.1343 4.6283
8.4963 -9.3410
5.9176 11.0830
6.8018 -1.1573
-2.0821 7.6414
-3.9645 3.0308
7.7768 -9.1539
9.9902 6.8126
7.3427 -8.2693
4.8276 -7.7142
3.9512 3.6890
8.4290 3.3117
3.2129 8.5421
7.5917 6.5551
-4.7563 3.0082
4.0368 -6.2927
6.2200 4.4814
3.1445 -6.0840
4.0822 5.7197
8.6177 -0.7498
2.9649 5.5497
9.8196 8.8450
6.3964 10.7640
-0.6651 -3.0763
4.0679 4.0096
2.7234 5.3275
1.9592 2.6028
5.5222 -9.3739
-4.2747 3.0916
6.5630 7.8519
7.2953 7.1715
7.0603 9.4823
-8.0717 11.2952
5.8730 6.0158
3.3219 3.2926
0.9059 3.2974
10.2399 4.2475
9.4447 -6.8509
-9.1781 5.6316
10.1894 -2.1566
3.4084 4.1035
3.7639 10.1522
5.4215 6.1003
3.5348 -3.7377
5.5699 12.9831
5.9431 0.0772
1.6944 5.6133
5.0919 2.6117
5.6470 4.0374
3.2743 7.7444
10.6914 0.6990
2.2553 -6.3274
3.9419 3.1690
5.6890 3.4919
8.7371 6.3495
8.3826 -2.9535
3.5889 -0.0204
10.2648 -1.7413
4.5248 8.1431
6.1188 -1.0064
-6.3190 -0.9862
2.5445 -8.4773
8.1561 2.6032
2.0146 3.3573
5.6593 4.9839
6.6620 3.2531
7.9860 -6.1117
4.6889 7.7135
-4.6571 -6.3999
7.2566 4.3280
4.5290 10.0600
6.2987 9.5750
5.2481 7.1720
1.6615 10.4946
11.6496 -9.2676
1.0691 3.4138
7.8374 4.3937
3.6189 -8.4446
-4.5253 5.6988
6.8122 9.9590
7.9631 2.4770
8.5833 8.5730
3.6725 5.2966
8.5160 5.9780
6.8951 2.5129
5.1849 3.5928
6.4438 7.1084
-0.2177 9.5295
5.2621 8.5842
4.0461 6.9994
9.5268 4.9853
6.1469 2.2582
3.1651 2.0371
9.4737 3.9286
3.0743 10.2780
10.1186 11.1018
8.3754 -0.5255
8.4894 6.4514
4.0783 -9.2570
-4.5026 1.8335
2.3202 1.5801
-10.7985 3.4802
13.0844 2.0460
-2.6394 -9.9013
8.9178 9.0064
-6.4161 4.8040
4.1420 -10.5378
-4.6452 -9.2293
2.6407 9.7101
-8.8339 5.0795
1.0465 11.9246
1.9668 11.9472
9.3244 8.6350
1.5843 -1.2095
-11.6016 1.9175
5.6502 7.2516
14.5229 11.9787
11.0443 -10.9684
8.8818 1.7812
2.0165 -3.2436
8.1548 -8.0167
3.0786 1.3173
3.0977 8.4060
13.6459 2.2105
-8.7115 8.7043
-5.4133 3.6820
1.4669 -10.0441
2.1628 2.4939
-10.5111 13.6183
2.8150 8.7125
14.7891 11.2535
0.8323 0.2519
-10.0184 0.8918
7.3836 -10.1711
3.0304 8.8158
-7.7171 1.8167
-8.8567 2.3427
0.2951 1.2856
-9.1015 1.3477
7.9488 3.3580
-7.0509 9.0633
10.7857 1.8510
-8.4274 6.7920
-7.2027 1.6230
8.2379 1.7394
1.9243 -6.5494
-2.1073 2.1109
2.9170 10.1061
11.1770 -7.8623
9.4193 2.2959
14.5119 2.8396
-7.3551 -10.2333
3.0493 1.3176
2.1179 10.8459
0.5538 9.3086
-12.0942 9.3646
-2.0444 -6.9297
-9.0165 -7.6206
-6.9054 1.4165
14.6752 8.8326
12.6057 -5.3442
6.4868 -8.1559
2.3560 11.6298
4.0206 2.1384
2.1089 13.1516
2.7497 8.2229
3.8333 12.1024
2.8452 6.4922
0.6624 1.1035
1.9264 2.8143
2.2924 -9.6452
10.3504 -10.2184
10.9307 2.3537
5.6656 2.5509
9.9015 12.1979
9.6996 2.7578
8.1039 8.3514
1.7143 5.7406
6.0135 8.0883
2.7956 11.5314
9.5047 -9.5571
9.0736 -7.7612
2.2778 8.9050
-11.6454 7.3954
8.5454 -9.7854
-10.6601 3.1954
1.3385 -7.3013
-2.3514 -9.6139
-4.3110 4.0470
3.0056 10.5247
2.5249 9.3686
-7.5907 1.9711
8.6704 -8.7935
-6.0390 -10.8759
-7.0042 -9.4704
-0.1023 2.4416
10.6201 -7.7095
-9.4264 1.7491
1.5685 -9.3343
13.0907 0.8511
2.4489 2.1211
-7.0052 8.0586
10.7381 0.0274
2.0595 3.0360
0.7060 3.3901
10.0360 -6.9905
8.7726 -7.5202
-6.5198 12.1691
-5.5431 6.3623
10.9395 2.0089
10.3291 6.0364
10.1183 -6.0631
-0.3165 -10.2450
-9.0575 -11.3200
1.0185 -7.8737
7.1964 13.9892
-5.1440 3.7727
3.1877 -8.2373
8.3006 3.3775
2.4121 3.2789
-7.7944 -7.3349
3.3699 -9.1581
-5.2657 -9.2236
9.4002 9.8818
3.9086 3.8137
7.8040 10.2106
0.7476 7.5547
6.7981 -4.1722
6.4856 3.5611
-3.2333 2.2865
8.5790 -9.7801
-9.3847 -8.6121
1.0709 11.2680
-9.1274 4.7685
-6.8323 2.0392
3.8755 -9.6904
10.2439 6.0321
12.5640 10.3801
3.2777 2.2874
10.0109 -8.4760
9.8213 3.2791
2.6156 -10.8408
10.4471 -10.5220
1.2836 1.8168
7.9095 -7.0077
-0.2088 12.7232
1.4007 10.4531
-5.0067 0.0507
10.4037 2.1286
-9.5624 -3.2898
1.4504 8.3975
11.1695 14.0819
8.6860 10.3663
6.9407 2.7355
1.7039 11.0143
5.9298 8.5576
3.7817 1.0572
-6.0475 3.3488
-10.6816 2.1828
2.9007 6.7289
9.4935 14.5658
10.8670 -6.2339
-9.2638 6.2486
8.2742 13.5534
-8.3101 -7.3855
8.7539 2.4642
2.5233 -9.5975
3.3209 -9.6406
9.7984 -9.0519
10.7089 3.9540
1.5318 -10.0691
-10.1914 -7.6525
1.1286 -5.1538
9.0813 -10.5590
-0.0287 2.8210
-7.4684 -1.2038
3.2688 1.8487
-8.3342 11.5103
1.7675 -9.3320
-3.5184 12.9182
-0.5906 9.9331
0.7371 2.6617
-11.6214 8.7487
6.5793 -8.3434
6.8426 7.8103
-8.7487 -10.9137
3.7270 1.9658
-8.2531 5.7901
2.1648 3.0734
2.2657 -10.9827
0.0764 -0.9161
10.3992 11.7444
1.8395 -9.0968
1.5708 -6.5428
-0.1396 -10.6661
1.3310 11.4377
2.0924 3.0316
3.1851 9.6915
-7.0258 1.2064
-8.0959 -7.5738
-5.9073 -7.0710
-3.5016 -11.6361
2.2772 11.2788
-9.4560 11.6391
8.9713 -9.4052
14.6096 -7.5334
13.9997 9.2380
2.7231 -6.6745
-7.7337 10.7070
2.1135 -12.0581
9.0356 -9.5323
-3.7098 -9.2254
2.5451 -2.4750
2.6929 1.5691
-6.4902 3.3993
9.7465 1.8824
-8.0227 -9.5196
8.8877 -0.4444
1.5554 10.3563
7.6835 -6.9899
-11.4103 -8.1285
-7.4189 -7.6773
-9.9883 9.6685
-9.7833 2.5814
11.8101 4.7439
8.6182 7.1443
5.6376 -9.2734
10.0165 1.7035
2.8852 2.2556
2.8087 2.8968
0.6208 -6.8074
3.8563 1.9937
-7.1728 11.5227
1.4262 2.8732
-9.3569 9.1429
1.3903 3.2375
-12.0579 -9.1792
2.6488 6.3484
6.2446 -7.5039
0.2520 2.5918
1.4025 8.9078
2.9856 2.7246
3.6847 1.6302
7.4145 -6.9868
4.2750 2.5318
-8.1925 8.4356
1.5124 2.5881
2.7391 3.1535
12.1828 -10.2018
0.9312 -11.3096
-8.7660 1.5687
7.0433 -3.7544
2.6677 9.3576
2.6776 9.3820
-9.4379 -3.4318
8.2058 10.4976
9.0289 -9.2222
2.1796 -10.1347
5.6561 1.9480
3.0279 2.0704
6.6843 -9.5906
9.8269 7.1656
5.5623 10.1282
12.4103 -4.8639
10.9790 -6.2819
11.7603 -3.2764
-12.9772 -3.9859
-9.4925 2.3989
-1.2819 1.1405
2.0211 9.6386
1.8419 2.3874
9.2292 0.7553
14.2205 9.1590
1.7844 -9.4965
-7.6271 12.1175
9.3245 -2.6288
3.3187 -11.0627
3.3061 -11.2296
10.2974 8.1328
9.1511 2.1907
2.0680 2.7667
11.2727 7.6728
10.3052 2.6078
-5.1885 -1.7495
11.4714 8.9101
12.3976 -9.8665
-9.8025 -9.2987
-7.8764 3.3559
-0.0000 7.9222
10.1395 -9.9399
-6.2271 1.3073
10.0296 0.9178
6.5995 2.9906
8.9430 2.0188
12.5048 2.8945
-8.9772 4.2439
2.1606 -9.7657
13.0897 13.0671
2.6136 -10.1924
1.8539 -5.9661
-9.8970 1.3576
3.5457 1.3803
9.7610 11.7918
2.8751 7.5823
11.6341 -9.9623
-4.5355 2.3270
0.3612 2.3433
-8.4136 3.0695
1.0005 -8.0968
2.3103 -10.5949
10.1118 -10.3461
-0.0145 4.8957
-5.4077 13.7180
-6.5650 10.8395
0.4002 1.4484
2.6322 3.2267
0.1188 -11.5512
3.1876 12.1888
-9.3136 -9.6051
12.5243 -4.8574
5.0817 10.6870
7.8329 2.8752
-6.5143 -9.8688
-7.8977 2.7675
2.9050 2.8879
-5.3890 -10.5945
1.9168 0.9854
11.2401 8.8127
-9.0730 7.5876
-4.0172 2.6317
9.9392 12.9313
6.4641 -5.5564
6.3827 8.4498
10.8655 -11.9676
12.3169 6.9956
2.1315 3.0809
7.8787 1.9383
-6.5087 -9.1207
4.0062 1.9919
0.6902 10.8197
4.6071 3.6859
11.0556 1.3551
9.5821 0.9086
1.6186 1.6200
-5.7856 7.8196
3.0180 -9.2658
9.1285 0.6746
9.8073 1.9468
0.9292 1.5727
-8.2978 2.0860
2.4457 11.5084
-4.7431 3.1012
-6.2952 2.8434
0.3742 3.0148
-7.6139 -11.1875
-7.2374 -9.1067
-9.3748 -3.2653
12.0627 -2.6328
2.3019 8.1163
2.2571 9.9450
5.4621 -2.1673
8.5459 -9.7679
2.3989 -5.5408
1.7880 2.2900
14.3539 -6.2821
1.3302 -8.0706
3.5250 11.9930
11.7970 -5.7972
-8.4022 6.5028
1.6244 -6.6823
11.2600 4.9197
3.7592 1.4470
0.2418 5.4310
2.8127 8.4141
1.3393 10.4641
-10.6421 14.0101
2.8195 3.4611
13.1568 3.4653
-7.4070 8.8614
6.3571 -8.8401
-8.5480 -10.1542
4.6567 4.2236
-7.5487 -7.3658
1.6430 7.3280
-8.6275 14.4010
1.9815 -8.1197
0.7369 0.8875
10.1689 1.8455
-10.4977 1.6713
-6.8372 -7.8412
11.0855 2.8936
12.7762 4.6485
9.1844 1.6156
10.1784 -8.5597
-9.3455 -8.6983
-8.5516 1.4035
-9.4188 2.3233
-9.0504 1.6383
3.4857 0.8752
1.2358 0.9112
0.9119 6.9518
3.7495 8.6610
-2.2630 2.3745
0.5244 7.9552
5.8614 -7.1728
-9.0788 -9.0874
7.7195 -7.1401
-8.8489 1.5263
1.5037 9.6932
1.7414 -8.9561
-7.4532 10.7181
-5.7153 3.3709
-9.0645 -9.5805
10.9072 8.5756
-10.6847 -12.0484
2.3426 11.4323
2.1786 3.1191
8.4253 -10.3080
-5.6235 1.8754
2.3803 4.5121
12.3841 -7.4154
-7.3104 2.1948
2.1692 -7.2557
2.1137 11.0438
-10.9945 1.6128
7.6192 2.1748
8.3082 1.9643
8.2209 -10.2398
-7.2887 2.1780
3.7811 3.3293
3.7379 2.8967
2.3441 -9.9587
13.1153 -6.3808
1.1155 1.9520
1.6023 9.6491
1.8259 13.8123
12.8901 1.4129
-9.8673 2.7311
1.9607 2.1874
2.9297 -7.1157
-2.1566 8.5545
-11.8496 3.0216
5.4968 -10.8729
10.0696 0.4452
-9.0078 4.7908
0.9066 -7.4350
3.9898 -9.0804
-7.6203 1.4524
1.8284 5.6876
2.6746 -7.9542
-6.7944 11.2989
1.6468 2.1126
9.2199 -10.2162
1.9340 4.8996
-10.6263 -11.3178
11.1369 3.4824
-6.8884 -7.7851
1.7934 2.3306
6.5454 0.7372
-8.7248 -7.4930
12.2862 -6.9874
11.0025 -10.3212
2.5062 1.3918
-8.1989 10.9427
-8.6648 2.7107
8.8752 9.9572
-8.7000 -2.7970
8.7538 12.0922
15.3391 -4.0897
-8.4582 4.8469
2.1747 1.5842
9.9623 1.7941
1.0007 2.8473
8.7751 9.4638
-7.9558 0.7329
9.4832 9.3582
1.5675 0.8908
11.2891 1.6363
9.0054 -10.0633
0.8378 7.8753
6.7263 1.7898
12.5712 2.0348
0.0982 -0.2522
7.7528 6.3141
8.6109 -7.2122
11.9621 9.4017
9.6057 8.6157
2.7503 -8.3910
-6.8816 -7.4106
12.0283 8.0201
-9.5492 10.7385
0.4491 0.2933
2.9925 10.4406
2.5196 13.1692
2.5363 1.6217
9.7615 10.3644
1.1585 3.0982
10.3530 12.7934
13.2880 9.3179
1.3207 -8.8327
10.5216 9.0335
9.6604 9.6322
-8.1254 1.7029
10.7607 8.1970
2.3813 3.0691
9.9542 -10.4924
1.8016 -8.2253
8.5293 -12.1509
6.9413 8.7577
0.7823 2.4815
2.9087 8.3623
10.7613 2.4946
7.2294 3.4051
1.2432 1.1146
-10.0517 3.7514
1.5771 8.3508
9.6949 -9.9096
2.3725 1.4480
-11.3579 3.8427
12.9063 8.2866
1.0793 1.3152
-9.2953 -8.5537
2.7912 3.6391
8.0417 -6.9770
2.0397 1.8091
10.4220 11.6545
1.3557 8.9148
12.0774 -6.4209
3.2361 1.2796
-9.6942 9.0717
14.1564 2.1816
3.0173 12.4189
6.2675 1.9438
11.0797 8.0641
3.3869 11.6528
-9.1994 -3.9191
2.2295 1.9446
13.1200 -6.6304
10.3985 2.4266
1.5747 2.1805
8.2206 -7.2866
12.1921 -5.5850
2.9655 1.4216
0.4654 13.9107
-7.4880 9.8022
-7.8448 8.4158
-6.5796 8.1833
-8.7955 -9.2654
5.9546 -9.8685
1.7727 8.5575
2.6036 -11.0410
-10.1415 1.2822
-0.0230 -11.2039
0.0511 10.6482
0.9760 -8.9488
9.1296 9.5831
9.6430 -9.6737
10.3553 1.6120
-10.5949 2.3548
-6.3303 3.8714
12.4716 -6.1763
9.1411 8.3526
-8.7255 7.7171
-10.1891 -6.9881
0.9543 -6.2358
-4.5535 -10.7991
-8.0344 9.1326
7.2678 10.8836
8.4024 -9.8876
11.3121 -10.2020
-8.6078 -6.2655
-11.2084 3.0052
2.3021 -8.6859
-9.7220 1.1388
12.1224 2.8419
-10.8401 2.0811
-10.2505 7.0899
1.3944 -2.9006
-7.8288 0.7820
10.4726 -8.4453
-11.3029 8.5691
2.4417 -5.3543
1.5833 -11.4317
-5.6730 0.6772
2.2337 3.5059
5.1764 2.1917
10.0869 8.8186
0.1150 8.9101
1.1376 -6.1523
2.6459 -2.6479
1.2059 3.1986
1.1743 -8.0634
-7.8783 -7.2071
-3.3926 3.2901
-11.4390 11.3973
-1.8307 8.2253
3.3704 0.8805
7.2083 -7.7801
1.0536 9.8862
12.7001 -2.9396
2.4799 1.1719
-8.0297 8.3277
3.3918 -8.7802
11.6498 8.5124
-6.8604 -6.2877
-7.1833 2.0005
12.0706 8.2372
17.1668 10.4654
1.6898 0.6611
9.5178 -7.8250
6.7375 2.2336
-5.7317 1.7038
-7.6978 1.0678
2.2248 8.7612
5.7675 1.3868
-0.2335 2.3473
-9.9792 7.4599
3.2544 6.4055
8.5241 2.4329
6.3754 9.6890
-8.3051 0.9005
9.5163 -3.4540
-12.3660 9.4277
-10.6390 10.9898
-7.2729 7.9029
-8.4352 1.2411
-7.3407 0.1597
11.9780 7.6608
-4.5793 8.5799
10.1162 11.1974
-5.8797 3.4132
2.5536 -6.7205
7.9383 0.9783
2.6057 -7.8280
15.6331 1.4850
9.1595 1.2254
-10.0776 -8.1532
2.3582 15.2816
3.9556 -8.8972
-6.3299 1.5764
2.3661 3.0633
-9.7189 -5.8945
-5.0364 8.7019
2.5506 0.6150
3.0576 3.3591
-7.6733 11.6725
-11.2849 1.8857
1.2774 11.5297
9.0741 5.4494
4.9977 8.5997
1.9638 -6.9003
5.7213 12.7034
10.9694 9.9052
-7.4123 9.9912
8.3273 -6.1730
0.6665 0.0772
9.1656 10.1905
-8.5747 -9.2206
1.0713 3.0945
9.5088 3.0752
-10.3804 -8.4949
-10.1144 8.4257
6.8398 1.3847
4.0557 1.7751
9.0226 1.7615
1.4649 3.4304
9.4004 2.7305
9.8796 11.3390
1.9099 -4.7830
8.4133 -6.6276
-9.0495 -10.9235
2.8126 6.9404
2.4003 1.5230
3.1776 8.7614
2.9060 12.1960
-8.0836 3.9591
11.6625 1.7284
1.9863 13.5127
12.0359 9.9274
-2.6782 1.4360
10.4783 -10.3219
-8.3690 2.6607
8.9896 14.1320
11.6426 -8.5090
0.0897 1.9249
2.3908 10.1201
-8.0619 -9.6840
1.9846 -1.7672
11.8397 8.0707
0.3592 -9.5389
-8.5661 8.0306
2.9947 5.8087
5.0116 14.0558
9.2243 13.9601
10.3236 4.1475
10.6130 6.1345
0.9305 1.7103
-9.1571 1.8855
-10.9006 7.0666
3.6973 0.4713
3.0545 -11.3447
12.0401 1.3264
3.2213 -8.2912
4.5430 8.6635
2.4370 -9.7515
6.5025 1.7644
6.5200 -5.8385
1.2967 12.5191
1.4839 -10.6451
11.4734 -10.0123
1.7274 10.7073
-8.8420 11.4770
-9.7871 2.6774
9.7544 1.6389
-10.7436 1.6338
2.1254 -9.1904
1.1663 2.4997
-7.1773 1.9815
9.6362 2.8423
0.9667 -11.0655
-6.3388 12.1999
-6.2867 9.6302
12.6030 1.1221
0.2515 7.3301
9.0158 11.2186
-7.1338 1.2668
2.6510 -5.9309
2.5550 12.5758
-10.4722 0.7384
2.7475 8.4840
1.7344 11.2362
-9.0576 2.6498
2.6323 3.0916
-6.2937 6.7433
1.8743 -9.7024
6.3536 3.3943
-6.0551 -6.1690
2.0151 0.0238
13.8302 -7.7804
-6.0284 7.7562
2.2879 8.7569
1.6263 11.8763
10.2250 3.2433
0.8177 11.5024
2.9163 3.5608
-9.2680 1.5646
13.0989 1.0230
3.0528 10.6726
8.7440 -10.6156
-8.4370 0.9191
10.3304 1.5061
5.5097 -7.4570
9.6632 3.0972
1.8584 1.5379
1.3881 1.9178
-5.5960 11.3007
-6.2403 15.4264
8.0544 -7.1475
8.8014 6.7496
-7.3110 8.7691
-2.9498 2.4834
11.6979 2.7069
2.2921 -9.3984
2.9205 14.2617
1.6866 1.5388
-9.8045 -9.3754
3.0553 8.1255
-5.7702 2.9598
11.0729 -11.4175
-8.6442 2.7636
-8.7635 8.3834
11.7832 -10.2649
-11.4822 8.7457
-9.4741 2.1271
11.0444 -7.5149
-5.4432 12.8502
-6.3096 -10.8540
-8.8271 10.2178
1.5349 1.4633
9.6453 9.1813
0.1054 2.1287
3.0518 11.4554
6.9195 -6.5776
3.8794 5.6964
8.1473 2.9598
-9.7783 10.2314
-6.6784 1.8828
3.5048 12.8799
13.5036 3.2017
-11.9511 1.8883
-2.8925 -4.6023
-7.1708 1.0816
-5.8198 10.6518
5.9757 -9.6854
2.6518 -12.2767
10.6397 -1.0716
0.7960 7.8811
-5.7333 -10.6488
1.0978 -3.1808
7.2405 3.0697
2.1016 10.3973
-10.1487 -9.2034
4.0846 3.6769
1.9654 4.9760
9.4136 11.5999
2.5018 9.6801
7.8339 0.7355
-8.7067 0.7720
-6.6939 -7.5348
1.6426 4.1702
-8.4781 2.8561
-8.8640 -8.1642
2.7187 -4.9572
6.4909 1.9179
2.5077 -9.2898
11.0571 -8.9346
-11.3618 0.7279
0.8176 7.2424
11.1601 0.8815
0.5919 9.6875
11.8348 1.7835
3.2028 -9.0236
2.3549 -8.3425
1.8484 -3.2444
2.4573 -6.4228
11.2356 8.2628
2.7652 1.7041
7.6786 2.7423
-11.5003 -10.3681
6.0349 10.0321
3.1243 9.3564
7.0970 -9.8017
-4.1172 12.2970
-9.7855 9.1912
10.4370 3.1754
-11.1773 6.6222
2.4662 6.7707
1.4284 -3.8533
7.1497 -5.3773
11.7396 -7.2898
9.2828 1.4271
9.5586 3.0901
-8.0880 11.1136
1.0376 -12.2803
9.1901 12.6186
2.4208 1.7308
11.6510 -8.0590
-5.9977 -7.0459
2.1893 1.5867
9.6704 11.9813
8.4239 2.3816
2.1281 -10.8634
4.1688 2.7808
-12.7158 1.1546
1.4594 2.8875
1.2822 -9.9216
8.9631 8.9198
9.3033 6.4684
-6.4641 2.9585
-5.8745 -7.0314
10.6287 7.5151
1.2785 -7.0104
9.4275 0.5693
6.3365 1.6826
1.7447 1.1575
-8.1390 -4.1329
2.5803 1.5443
1.3545 11.8977
2.3023 -7.5244
-9.0545 -8.2245
11.1780 3.6972
2.9952 3.5864
-9.1983 0.9306
1.3591 2.2530
13.5884 9.1004
0.9855 8.5790
-9.7525 1.9573
0.3451 14.0030
-8.8438 -11.1776
7.5655 -6.8085
-6.6671 7.4583
1.1639 9.2346
-10.4507 0.1757
-5.2178 3.0985
2.5925 -9.7471
-2.4305 -9.4885
9.5644 6.7229
-8.9233 6.6488
12.8592 8.9376
8.7094 -8.9873
0.6565 8.6408
-6.1111 1.8319
1.2640 9.5195
-6.9866 11.6248
4.0422 -10.0732
12.4875 3.1550
-7.7857 3.7286
11.4560 6.3571
14.8839 -4.6958
1.7789 9.1709
-10.1502 13.1962
-11.4087 1.4221
0.7766 7.3331
0.7431 10.6571
1.8613 10.4124
5.0877 9.3172
-9.4488 7.3105
9.9783 -6.8242
-3.2899 2.8497
0.6871 0.4831
2.2638 2.9379
2.5636 2.3451
2.3133 4.7507
-3.2212 1.2630
12.2775 12.5826
2.4640 0.8993
1.5502 11.0908
2.0461 8.1398
3.3773 1.5067
12.4225 1.1953
1.6833 1.6700
14.7601 7.7844
-7.0260 0.9229
-10.0505 -7.4205
2.9147 3.2285
1.4009 3.4852
1.6525 1.6045
-8.8840 9.6249
11.7688 -9.4935
-9.0736 0.9535
0.5340 -5.7658
3.2545 8.7137
-10.9043 -10.8416
-10.9783 0.6515
10.8694 10.1279
4.5976 -6.5758
11.7884 2.6919
-6.9562 1.9860
1.6334 7.1980
-1.7104 12.1912
-10.6743 2.9151
2.0907 7.0291
1.2148 1.8281
-8.1010 5.5745
-7.1230 0.0533
-7.1893 -6.5287
11.2319 3.2651
2.2177 -9.1861
-8.5208 1.8551
-11.7814 2.7407
1.5837 9.2217
0.9526 -10.6267
-6.6797 9.2494
-5.3966 8.2694
2.0152 1.8880
8.2499 2.2487
14.4951 10.5465
6.1563 9.8429
-6.8897 -11.8451
12.0461 8.4236
12.3291 2.8830
10.1372 -8.4937
-7.4074 -7.5128
12.3316 -9.8393
-7.3067 -8.2889
12.3273 7.3898
6.4023 -10.4184
9.9883 -4.9675
3.2835 2.4791
2.8328 8.7300
0.5872 2.2553
7.3585 9.3125
3.1928 -6.2634
3.0851 3.5283
2.4452 2.1942
7.3650 10.1428
1.3761 10.9763
12.3408 -10.1343
4.0458 -7.7978
-11.1818 12.7794
-11.6215 7.9375
13.1140 2.3593
7.4600 -10.6576
-9.1298 8.8683
8.4962 0.8214
7.4644 -9.2497
3.7981 8.7070
8.1242 2.4255
2.6416 -7.6809
-10.3424 0.7906
-12.0589 -5.4417
11.5008 1.6205
12.8902 8.2164
-8.6217 2.2150
1.9135 -8.0402
0.8456 -10.2800
1.9928 -11.6077
-5.8668 -6.7697
3.8157 -0.1159
-7.5914 -8.7220
11.5057 1.9073
-7.5991 14.9639
2.0506 -8.9628
12.7139 -8.1993
4.1063 -7.9136
2.3548 0.9317
0.6190 7.1900
3.2139 -9.8932
10.7301 -0.8708
10.2532 3.5516
0.9017 2.3947
9.9329 2.4627
-6.6551 9.0817
10.6260 1.8500
-9.2307 -6.3492
1.8707 2.3335
4.0195 -10.5570
0.4242 3.6152
11.0571 6.6295
11.1958 2.3507
-9.9553 13.9395
6.4408 -10.8517
1.1854 -5.9417
1.7837 8.5102
7.4914 0.9194
10.8543 10.9338
1.9668 -6.3274
-7.5619 3.0174
11.6181 11.0531
11.3157 11.9141
2.3128 2.0006
9.7738 -0.0835
-10.0487 7.6792
-12.3253 2.8016
10.7011 9.1374
-9.2596 2.3001
13.7914 9.4586
9.2583 -11.2638
12.7399 4.0568
5.1668 -11.3115
8.4523 2.4475
-7.4534 3.1881
-6.1948 -4.2098
-8.1965 9.4326
-3.7267 3.6788
1.3278 -9.3548
4.0278 4.5861
11.6690 -6.9081
3.2639 -11.0572
3.1112 4.4249
9.3489 -6.0315
-10.2010 10.5695
6.5834 -8.4923
-8.4559 -7.2132
9.4576 -6.5357
-9.6618 -5.9592
-8.9887 -7.5995
1.1359 1.9242
13.1985 8.8736
2.4813 -8.8210
6.8748 -6.7782
5.2445 1.6790
-4.3485 -8.7151
0.9337 -7.1065
-7.0878 1.9478
14.7268 -1.4865
-10.7738 0.7771
3.2181 -9.9966
3.5844 11.5349
12.6946 3.4366
2.6586 1.6014
-10.4139 11.9789
3.0414 -3.6144
-11.9611 -7.0697
9.2450 10.9377
12.2393 2.4915
-8.0024 9.7676
3.5608 -8.3499
-7.7295 -11.0884
-8.8547 -7.1620
3.3025 9.5875
0.8635 2.4354
3.5147 2.5323
-5.9334 1.6648
3.0032 3.4490
-7.9758 1.9856
-10.5866 -8.1335
2.6627 -5.4283
10.6931 -7.9174
5.6054 2.8446
7.9425 11.8051
0.7668 2.0386
3.9971 6.5582
1.1909 -6.5595
0.9900 8.9286
11.9431 2.3181
2.9194 6.6492
-5.9581 9.5006
6.1110 -8.0792
15.2922 3.9254
8.8323 9.5821
7.1835 -9.5877
2.4898 1.5880
-7.2467 1.4129
13.1168 2.9813
-0.2191 0.9724
-8.5035 -10.7706
-12.0754 2.8328
11.2275 12.7447
12.2545 12.2914
1.7289 9.5712
2.1666 3.6280
9.6918 10.3837
-10.4610 -10.2933
-7.3279 5.8756
-6.6959 2.6053
-11.5262 2.2832
11.8997 3.7951
2.3877 3.5942
3.6428 2.1412
3.6187 -0.0820
-5.1035 10.5382
1.0479 2.4422
2.6393 -6.6914
-5.3058 -10.2575
8.5263 5.0058
-8.9681 2.2204
10.3630 9.9724
-8.9003 3.6952
8.2655 3.9463
-10.0342 10.1062
-10.4547 8.0654
1.6025 1.1001
-6.3467 -0.0121
-9.1843 2.1473
1.6448 1.9286
1.9311 3.1955
13.5186 11.2833
9.7155 -6.3206
-8.0559 9.7981
8.5802 0.7251
9.4585 2.4110
10.4327 1.5271
-6.7114 1.5642
2.9378 2.1718
9.1245 -7.8758
-7.2059 8.4269
12.4145 12.8056
-9.9412 12.0643
8.3438 2.2026
0.9718 2.6099
8.2166 1.7914
-0.4908 2.3724
11.5509 9.4905
11.3900 -7.0583
10.5407 11.7562
9.2449 1.2994
9.9237 12.6015
-9.4355 -8.2161
10.5805 10.9274
0.3383 3.1597
-6.6463 3.1893
0.5588 -9.1563
-10.0396 9.9770
1.6435 -7.9168
7.6115 7.6614
-7.9533 3.9813
2.3633 1.4994
10.6368 1.4545
3.4204 -9.2209
3.2511 2.0790
8.8635 -9.9333
12.1285 11.2672
1.6571 2.4060
10.1007 -5.7524
-3.5172 2.1392
3.0218 9.8661
2.1091 13.6822
-9.7506 9.4980
-6.0092 9.3570
8.9394 2.1021
1.9964 11.7986
9.0168 8.5671
11.2226 8.3294
8.6676 -7.9798
1.7327 -8.2029
3.8914 0.9098
-10.9514 2.5620
2.3155 11.8961
10.3667 -6.8854
4.0642 4.0029
-8.3146 2.8779
2.2456 4.5363
3.2239 -10.2870
-6.3867 -11.1996
8.9853 12.2776
12.8285 0.9870
9.7006 1.2947
3.3038 10.5376
-2.9413 -7.3239
2.6337 -10.0030
10.9394 11.3528
2.2760 2.4868
-9.0737 2.9358
3.1429 6.3694
12.0274 3.1326
8.9036 13.6088
0.5591 -11.2134
-9.0777 -6.4480
14.1265 13.1104
2.9900 -10.4126
9.3309 1.9244
3.3884 2.1329
7.7816 2.9228
3.9545 5.3370
10.1280 10.1120
-8.8825 12.4669
7.9702 -7.3755
0.2923 2.0682
2.0026 9.4831
1.7432 -2.1914
2.6689 -6.4909
6.7704 1.4580
-8.6475 11.2555
9.4355 10.6148
-7.5133 2.3179
2.1105 8.3332
-10.2247 11.4197
-7.8477 9.8063
1.8933 9.7998
-8.5792 1.7889
0.8163 2.5526
-8.0343 3.3470
13.0972 5.8693
1.3502 -6.5251
13.1230 5.8325
13.4025 12.5859
-6.0579 12.4400
2.7968 1.6548
7.8320 2.1864
-9.7638 -7.3297
-7.1140 2.6354
8.4818 2.3689
3.4550 10.9658
9.2039 -6.5666
7.6520 7.9658
-10.8485 -11.1030
1.5108 1.3781
10.4240 -10.5206
4.4201 -6.7339
-0.6094 13.8486
-11.8459 -10.3488
-6.9869 -7.8083
8.7190 8.9401
-7.1692 -3.5272
-5.9911 10.6277
0.8331 2.5575
12.9306 10.1293
10.3837 9.0078
1.2537 8.8191
-6.5749 9.3726
9.7393 -11.3928
8.1732 -6.5245
8.2255 0.4339
-7.1700 3.0886
-0.6728 1.3793
-6.1852 9.9305
14.4399 9.1281
3.9404 2.4172
7.2903 9.5659
13.0782 1.8738
-11.2358 11.1585
0.8504 3.6251
4.0137 1.2726
9.7750 -6.4599
-7.9036 6.1111
5.9894 -9.5670
-10.0758 0.4123
8.5215 12.7855
0.4349 7.6506
10.8305 -6.9772
-3.0349 -10.0307
-9.6674 9.9509
8.7501 7.3839
-6.9705 9.5362
2.7835 -8.8759
10.2643 10.0617
0.6434 -4.9298
8.4300 -11.2066
-10.4310 3.9617
6.4945 10.5884
-10.0820 3.5968
1.5212 11.5381
3.2159 2.1901
-0.2060 -7.5719
10.6233 12.8133
-8.4740 1.7930
-8.6891 7.9499
1.3498 -9.2296
-1.6185 3.3699
9.9634 0.7241
2.0462 0.6015
-8.9059 -7.1660
1.6647 -8.0022
0.1909 -2.3182
0.9788 -5.7152
2.1455 0.9026
8.3289 1.2655
-10.9441 11.9261
13.1865 -9.9932
-8.8815 3.0878
11.9971 -7.3281
8.7506 -8.3239
-2.3901 9.9909
7.1231 -6.2982
10.2303 -6.2187
1.5075 1.8369
9.9796 1.2592
2.8600 2.3802
1.8969 1.7550
1.6277 1.1637
-1.7390 3.3021
1.8510 3.2602
-7.3448 -8.7942
-1.9642 -7.2270
7.1741 3.6365
3.6763 1.3131
8.7541 2.9165
-9.4503 1.0531
-5.8083 0.9225
0.3448 2.2108
-6.2250 12.3451
11.7291 12.5424
12.0437 11.1233
9.4166 -5.0791
3.5947 2.0884
2.9287 10.5838
6.1579 -7.0382
2.4658 1.1598
-7.2229 -7.3383
3.3125 2.1509
9.5755 -10.8897
1.6911 11.9737
1.3967 8.1782
4.5679 1.9544
2.7129 7.9864
11.6816 11.5061
-0.2287 0.9740
-5.7764 1.8129
2.6447 8.6058
2.5968 -12.2165
8.2007 2.3304
2.5466 -0.3981
8.3811 3.0239
-0.2585 -8.7483
1.5651 -7.8443
3.5383 6.2289
11.5329 10.4477
14.4462 -7.2598
-9.4227 1.8164
-12.6117 9.2489
9.7758 -8.1503
3.3145 2.0013
1.4790 -7.9043
1.7361 -1.5349
2.4097 8.9866
2.7488 2.2104
7.9655 -8.6649
-7.7711 -4.5423
9.1153 -9.3811
10.7036 2.4974
-6.8421 2.1785
2.5993 2.6823
2.0783 10.3724
1.8703 -2.7339
1.3814 2.3504
-7.7308 2.4186
11.9113 -8.4775
12.0885 8.7583
-3.2912 -8.0268
-7.7549 -9.6077
3.2632 -10.4748
-2.9374 2.5768
-0.3925 -6.6721
-6.0907 9.2703
8.4982 -9.4531
2.2680 8.7667
5.7400 8.5418
9.1027 10.4560
1.3246 8.1659
6.1580 9.3256
-9.3562 10.0476
14.0351 3.3359
7.3744 -4.6124
4.0782 6.6258
2.5750 7.9691
0.1775 -8.0824
8.2406 2.7234
10.3746 5.7512
9.9498 -9.1065
-8.2674 8.2384
-11.1765 8.2963
2.6577 2.2287
-10.0470 1.6746
0.5475 2.6084
-7.6876 -9.5444
11.9562 2.6499
3.1457 -4.7109
0.4765 7.7275
2.1854 3.2081
1.4817 -5.4230
3.3607 15.8973
4.2092 9.4142
-9.3550 8.7292
8.3972 6.3330
7.3414 11.3345
1.9835 3.8792
2.0881 6.2317
3.2673 4.7219
6.6073 2.8797
9.2036 -8.0117
0.4955 1.1595
2.8239 -9.3675
7.8741 2.2964
3.0218 -0.3217
8.9644 5.7991
1.7383 1.6633
9.6303 0.6208
-4.4507 1.7647
10.7283 1.7746
2.5790 -5.7994
5.4474 2.3290
8.7507 -5.7535
-10.9369 3.6562
6.2362 -10.3097
-8.1521 8.8378
12.5411 2.0132
-8.4854 2.3808
-8.5033 1.5806
13.6022 7.4167
-3.8964 3.3154
-8.9539 7.3077
-7.0849 1.7704
2.6415 2.4684
-6.0324 -8.1896
2.3453 1.4562
6.9752 -8.2785
1.6488 11.8202
2.6183 -7.6124
2.7746 -7.2736
0.1386 -3.2512
2.4969 -5.6026
6.2917 2.1874
2.3235 0.2418
14.1779 9.2905
9.0305 -9.3475
9.2676 1.7149
2.7120 -10.9635
10.4536 -9.4530
8.2270 9.0297
-7.9645 1.0133
0.8606 2.4231
3.1795 7.2460
2.1440 7.5472
-2.1872 -11.9850
-7.9982 8.4031
-1.2349 13.1614
-10.8018 -10.2246
3.5977 2.5417
-6.4597 0.9489
13.1307 12.3279
-3.8733 -5.2778
-7.0183 -6.7491
1.7013 9.6966
-10.6301 9.1561
13.4403 -4.1687
10.6118 -4.4677
4.0613 7.3015
-6.5851 1.7622
-3.4678 10.6221
2.5693 12.0043
2.2093 0.8924
9.4790 2.3764
2.3716 -6.9832
2.0264 12.6532
-8.0833 8.4451
1.0448 -7.3951
10.5335 -10.3352
11.7546 11.7783
2.3424 -6.9458
7.4868 -5.2790
2.0065 -3.0534
12.2635 0.1190
12.4727 3.2047
3.5727 -9.7747
9.9781 -1.5392
2.8264 -6.2798
10.5412 1.5015
7.3229 7.3436
-8.1101 2.9510
3.0006 -2.3973
3.0829 3.1363
13.4606 2.5479
6.8257 6.9499
7.9697 1.3877
3.0382 1.5708
6.9015 1.8243
-9.4821 1.5813
2.7744 -6.5674
11.7068 3.0056
-7.8304 0.9919
10.4321 2.7874
8.6201 2.6555
0.8387 13.3788
0.7746 1.6595
12.7822 1.5628
8.2644 5.5769
-6.9756 -11.7631
12.8358 2.8938
-6.4007 -9.4311
9.8879 2.5389
-5.2694 2.1367
2.4193 -7.0597
-5.7330 7.8713
-3.4007 3.7094
1.2904 9.7787
1.2406 13.4826
12.0969 2.3044
13.8782 -9.7720
-7.1507 7.5634
-8.8629 -3.3204
-6.2891 -8.6602
3.6862 2.7163
9.1200 3.8693
1.9208 -9.0795
11.1081 5.1116
3.1129 3.1222
10.6282 14.2148
8.4348 -8.9759
12.8646 11.5246
0.6522 -9.3116
6.9412 2.4942
-7.7097 3.2419
8.5645 1.2915
11.4560 -8.3389
0.7824 8.2665
3.7158 -11.5091
2.1681 2.3083
11.0789 -3.5162
7.7691 8.4995
2.5827 6.3194
12.7875 12.6323
4.2400 7.6744
2.7425 9.2231
3.7815 2.6427
11.9946 -9.4367
5.6506 0.7899
9.4697 -0.6772
8.9704 1.6102
1.1941 2.6887
-6.5244 2.0381
14.2508 -10.7331
-8.6663 3.4509
1.8672 -10.6944
-1.6651 -3.4957
2.5016 9.8117
2.3218 9.0525
1.1452 8.4048
-10.7892 3.0173
1.1946 1.0142
-6.7726 0.1742
5.5966 2.2246
0.4923 2.6797
-1.7333 -0.0502
6.7676 -9.1596
3.3000 -5.4272
11.2149 2.2528
-10.0754 2.0204
8.9990 -10.6702
1.5088 3.5596
-6.2727 -9.1429
-3.0181 -8.3021
-6.5848 8.3800
1.7557 6.1465
3.8571 1.4251
9.1618 -9.7915
-9.3131 0.6680
1.7037 2.7751
14.8992 10.2688
-7.7943 10.3855
-1.1334 2.1076
-6.1648 -8.0275
2.8488 3.0749
-6.2538 2.7797
8.4840 1.0069
-10.9598 7.4226
-9.0919 2.8502
1.8208 -11.2698
-11.0585 0.5728
11.7206 1.1443
-0.9089 -9.5120
-8.0040 -8.8975
-9.2791 1.4823
-9.7759 -8.6704
8.3775 12.7960
1.6691 -7.9738
-7.4169 -10.9655
1.6622 1.3418
7.9446 10.0133
6.8927 4.2004
-10.5406 2.6654
3.1438 -8.5688
-0.0504 2.7155
2.2795 1.0111
6.3504 -10.0654
12.1244 1.7416
6.8180 -8.2110
1.0036 -6.6726
11.2935 -7.9187
-11.0667 13.4540
-9.9485 9.6523
6.4240 3.1275
9.0536 -10.1214
1.5983 2.8671
8.6249 12.2164
2.5807 -9.7299
3.7672 -10.8799
9.7226 2.2412
8.1502 1.6088
7.6422 -11.4762
10.3201 2.0859
6.4014 13.4058
-7.2238 2.7032
11.0696 2.1134
2.7905 8.0912
7.2542 9.3480
0.8199 9.0951
-7.3822 1.7691
-9.6295 -10.8962
0.3792 3.6973
2.6882 1.5788
2.4641 3.6975
-3.8044 -9.8200
-11.2698 8.4804
11.0641 3.0952
1.8286 7.6199
2.5931 12.6129
-6.4251 9.8625
11.8625 -11.4779
0.6149 -6.8968
-6.5592 2.3871
5.9173 -11.0592
-7.4784 9.0261
2.0611 8.1205
3.4473 -4.3826
8.8817 3.5869
3.0925 3.5470
7.9029 -5.8888
6.3968 2.4547
-11.0382 10.6725
1.4055 10.0021
-5.8010 9.1332
-6.3961 3.3046
10.7713 6.8848
1.0706 8.7081
-8.5875 10.4845
9.5437 2.4158
-11.2183 -10.3656
2.5352 9.5034
6.8214 -6.3151
10.1783 13.5235
6.1492 10.0483
9.3619 -2.7986
1.3779 2.6438
-7.0782 10.2765
-9.3179 4.0980
1.1836 -1.4519
10.4076 10.3176
3.4094 -9.1556
3.1477 3.0581
1.1847 10.3073
2.4470 -9.2316
7.1852 6.3936
6.2621 1.1405
-9.4369 1.8362
-7.8702 -6.8892
3.2360 7.2125
8.5202 9.0423
-5.5384 2.9974
-10.2957 0.3278
8.3539 1.7936
-8.7617 7.1824
2.9066 1.5575
-3.0635 13.0802
4.2569 9.0841
-4.4937 7.9159
11.7214 6.7606
12.5444 -6.9489
2.9522 11.6060
2.7115 1.6463
8.2750 11.2524
3.4176 -6.7086
2.5628 9.0847
-8.9499 8.5740
10.6286 1.0826
6.2917 -7.5034
-10.6736 4.7804
2.1698 9.8140
-7.3733 2.3307
2.2449 -9.5725
6.8777 8.3757
14.3185 -11.3515
1.0818 1.6952
9.4317 9.7893
1.4167 7.9913
10.4670 10.0970
1.9180 10.2070
1.0666 0.8655
10.1191 -3.4124
7.5820 9.0208
7.2338 -6.8582
-9.6085 -10.1947
2.0464 1.8526
-11.7811 10.4787
2.1503 10.7833
5.0496 5.4292
0.8586 2.9023
2.3340 -7.8511
-3.3228 -10.5567
8.3631 1.1128
-10.1912 9.6983
-8.2314 0.9592
3.5114 1.7471
2.4540 10.1102
-6.1323 6.2791
1.0009 1.7373
-5.3134 4.0375
1.6333 9.7346
1.5006 -8.8231
-6.0502 8.6371
-9.2122 1.9881
0.9423 1.5286
3.6368 4.9054
2.4717 0.4540
9.4824 8.2996
6.8616 1.6670
-9.5165 7.0835
3.0887 -10.4166
3.5007 1.9681
12.5151 -9.6118
-10.5607 2.6156
3.2140 -9.2350
-7.5607 11.5091
1.6891 9.4198
11.7905 -5.1821
-4.5298 11.6049
9.6112 1.0073
0.7064 0.4892
7.9139 8.1460
3.0959 10.4028
3.9080 0.5662
-1.6203 -6.0562
1.3290 7.2667
10.6705 -7.2572
10.5528 10.5896
9.2181 11.2183
9.0865 11.7496
1.6266 -8.6089
2.2305 9.1697
9.1278 -6.8517
5.9139 -7.8183
3.5027 -7.6134
2.5144 1.0595
6.5209 1.5154
-7.8239 -8.3518
0.1865 1.4633
2.6494 -6.6428
8.3846 2.0982
2.4656 2.3916
-6.1115 -10.9795
1.0962 1.8608
-6.4937 -9.3984
2.6083 12.2839
-0.3654 0.7285
5.1273 4.1719
5.6985 0.3783
5.9959 4.0204
13.1209 8.3454
2.3359 10.0112
-4.6938 -11.8291
-8.7556 2.3519
9.7505 2.4720
3.2058 1.7022
4.4717 7.0715
9.9175 10.2969
1.8755 -8.6113
6.9036 -9.1731
11.7169 11.4056
3.1842 -8.7877
11.1514 2.6018
-11.4021 6.3420
-8.2067 13.0208
1.1856 -9.2967
3.0529 11.5244
2.4310 5.0947
-10.7287 -6.4161
-9.2421 1.3506
3.6037 2.2063
-6.6530 3.0371
-11.0762 -6.2903
3.2106 3.1749
-6.9173 11.0728
8.7099 8.2496
0.8192 0.5844
10.0602 -3.7238
2.8547 -8.6686
11.6376 -8.7437
-10.3220 -1.1152
9.3562 -6.3371
4.0103 3.3759
13.2842 -10.8214
-2.3616 8.0287
-9.6668 -6.4035
12.6175 9.1018
10.2132 -6.7094
-11.1513 3.1599
-4.3090 8.3502
8.0198 -9.2082
1.8142 0.5311
10.7319 2.3866
1.5929 9.1660
-9.0702 -3.0194
2.1243 8.8230
12.8431 2.2585
1.7393 8.4183
10.0133 3.3550
-10.2384 -10.9139
2.2308 10.6238
-6.6742 5.7353
2.9373 -7.1137
2.0408 -7.1718
10.6843 4.6285
-11.1476 -4.7357
0.4157 6.5278
7.8610 2.6443
-9.3353 4.6366
12.5391 -0.7079
1.1268 5.2491
7.9841 1.6382
10.9782 -6.8684
6.6312 9.8016
10.5085 -8.6558
2.7877 7.8084
-8.4069 -11.8853
9.9110 -8.9894
2.0761 -8.9883
1.0818 3.1616
1.3369 -10.2931
9.7688 -2.1761
1.6077 10.3073
2.0289 -7.8295
8.1579 8.2874
-8.8351 2.9658
-8.0635 3.3233
8.1242 -1.3295
1.6476 -6.6872
2.8467 2.0724
0.9243 -5.5025
3.1805 3.5052
-2.4678 2.1364
10.1841 -7.5265
1.3024 -4.4127
2.4328 6.6673
-8.2063 13.1242
0.1754 9.6627
12.2158 3.1679
7.3388 -0.6517
10.8091 -6.2915
1.2546 -9.4690
-9.8238 10.5143
10.0217 2.5983
9.1293 11.6958
8.4455 2.5693
-8.9606 3.4237
9.4892 -6.7068
4.5999 1.2520
2.8832 10.1524
0.3881 -6.4690
8.8522 3.0354
2.6712 -9.5762
8.6560 -7.5713
-9.1269 3.3157
-9.0332 3.3049
11.1242 -4.8818
12.0203 -8.1979
8.9905 -10.3369
-5.2153 1.8410
-7.7089 0.6655
12.8737 -9.1155
3.9594 -10.7407
-11.7138 1.6295
7.6668 10.6372
8.3659 11.1059
3.0711 3.3991
1.8632 11.1110
0.5677 2.4501
8.9034 3.7009
0.0163 3.8990
3.4643 -8.0774
3.2275 -6.7505
-5.5593 2.7848
2.0549 1.8391
-0.3055 -8.6696
10.6493 -3.4756
-7.3376 8.0590
2.8462 2.0634
11.3142 8.7804
10.8044 10.8223
3.0248 10.5277
-0.1066 0.8282
-2.2942 2.4424
10.3739 2.4543
7.2858 2.6145
-6.4165 13.3831
1.6158 2.8912
9.7850 -8.1027
2.1892 9.6376
-4.4732 -6.1495
-10.0599 -8.3363
8.3842 3.2810
2.7717 0.5368
-10.3820 1.6044
-4.6585 0.4677
9.6592 1.6515
10.4976 10.1079
-8.7273 -4.5079
8.9538 2.7824
2.1299 9.9635
0.8797 -9.5329
-9.9663 2.2829
-8.6036 1.9385
4.0039 8.8305
-6.8283 -7.7408
-4.2598 -10.5799
0.8540 0.0504
-9.6531 -7.8027
1.1812 -6.3229
5.4594 -5.9124
-8.2246 -9.6256
-10.3518 2.0633
-11.2089 12.2463
-8.0298 14.0874
6.9090 8.3999
9.1572 -0.2105
-8.9686 3.8141
6.2946 1.8226
11.3818 2.8264
2.1081 -1.0689
-6.7012 1.2498
-5.2331 2.8777
9.9405 -8.1067
2.1159 -9.9100
2.4295 -7.0361
2.7613 9.4596
2.0774 3.6494
3.2002 -0.3371
-8.9117 -9.5221
2.8988 -11.5086
0.4846 -7.7212
2.9865 2.2608
-9.2786 9.1303
-6.8014 2.4293
2.5861 2.0197
8.3650 10.4337
-10.0617 3.3922
7.9041 -9.6876
6.0129 8.8293
10.3177 -8.2311
-11.5391 3.4511
8.2696 10.3368
2.1468 3.9119
1.9441 -5.4684
12.3961 -8.1610
13.9208 -8.7175
8.4398 9.1025
-8.0348 7.6532
-0.4225 3.9440
10.1127 -8.8660
1.2990 8.5708
7.8857 2.3903
-9.7941 14.6570
-7.8458 -7.2598
11.4854 8.6878
5.7655 -8.3004
0.4630 -7.6806
-11.8915 -8.0973
1.6685 -8.6779
1.9254 10.3982
8.6682 11.8815
0.2804 3.1295
1.3821 6.7673
-3.1135 2.1599
2.9894 -9.7698
11.8987 -9.5647
-6.2371 0.6579
-9.2974 2.3788
-6.5943 1.0037
-7.1918 2.7346
-1.6847 14.5539
-5.5210 2.3309
3.0655 0.9655
10.5750 14.8758
3.3305 -0.0960
-3.0701 8.7116
4.1195 -8.5898
14.0170 1.1684
12.7811 8.5249
0.4820 2.5035
-5.6150 1.0759
-7.0375 1.1870
6.1859 14.8782
-5.6244 2.0894
1.2236 0.9875
2.7451 6.4168
1.4311 2.4151
-7.7077 -6.9929
-0.2499 12.7276
2.5007 -12.0896
10.8991 4.0594
7.6288 -3.0018
2.8831 13.7818
-7.6844 2.0698
11.5969 -1.9730
7.0717 5.5074
3.3605 8.2745
-8.2870 11.6627
2.5288 -6.7394
-7.2834 -8.7238
-9.5933 0.8841
-5.5499 2.4817
-12.9573 -7.3368
3.2663 10.4236
-9.7363 13.9905
6.9498 12.1564
3.8099 3.8616
-8.8835 -5.9260
9.5290 -11.3329
1.9342 -10.6775
-2.6522 -7.1712
7.3342 8.9537
-10.7051 -9.3491
8.8845 -8.1177
-9.5722 4.2779
-0.6561 3.8505
-10.3856 -9.5655
-6.6150 3.1641
2.8137 2.7885
-7.2641 12.8040
10.4313 -11.7374
3.5637 2.3894
2.3064 2.0954
2.3088 8.2002
-7.5903 8.9423
-6.4476 -8.2097
-6.6439 8.2641
-0.5856 -7.5935
-8.0851 1.2966
13.5159 0.7381
-10.2550 -6.6627
10.4101 2.5330
8.8560 -5.7576
6.8016 -10.5801
1.2302 9.0177
2.0553 0.6216
-5.6373 8.3712
10.3910 -10.6729
1.2852 -3.1747
1.9027 -10.1506
-7.9830 11.3711
3.2241 1.5020
7.0817 -9.7375
0.6752 -7.5817
12.0744 2.9162
-9.1352 9.6215
2.8604 9.5828
-8.6059 8.9974
3.0095 3.1603
8.3552 9.6732
-10.9670 -6.2892
9.3846 -8.1823
2.6303 1.7280
2.2570 1.9043
1.2052 10.1080
-6.4970 7.3131
-7.8024 4.1650
3.4544 5.1298
10.3103 3.7400
-10.0876 12.8350
10.8542 10.4320
10.0407 2.5454
-11.4369 2.2333
9.1951 -7.1163
12.3319 -8.2307
12.3865 6.4683
8.2704 3.6874
-7.5629 0.3110
-9.2485 11.7675
1.7301 8.3494
14.0139 12.3495
13.0460 1.1490
-10.5204 7.8682
12.2726 0.5373
1.5408 11.3356
-10.9015 -7.8826
-7.5877 7.3148
-3.0471 13.3764
-0.9734 -9.9731
-8.6566 13.5884
7.1930 6.4871
8.4848 2.1755
1.7487 1.2970
2.5452 -6.8288
-10.0365 -8.0404
-6.4837 14.4744
8.9181 3.9194
9.3236 4.0808
9.5977 2.0057
-5.5686 -8.5783
7.2993 7.1474
-2.2396 -5.8342
-8.9196 -0.4719
2.5558 2.8710
-8.8197 9.1333
-7.5525 -8.4985
1.7736 12.1838
-6.1145 -10.9992
2.7638 2.2285
-3.5924 3.0570
-8.4368 10.9028
7.8402 8.8860
-10.6915 1.9324
9.0300 9.6893
9.4528 12.8763
7.5778 3.3043
11.7934 2.8904
-8.6068 0.5286
3.9028 -10.0190
-10.3526 1.7091
2.8781 7.8089
6.8053 2.2167
-2.3724 1.1774
-2.9600 -6.4203
4.6087 2.7102
-8.2202 -4.1010
1.3087 0.4200
12.1502 -9.9820
-10.0776 0.7706
2.6188 -6.5414
8.7846 3.0408
-10.5179 9.4430
-8.7619 8.3460
1.3760 11.3360
3.4787 3.9424
-10.8561 12.1512
1.5000 2.2898
4.3450 4.9802
3.8156 3.0346
14.0724 2.3158
8.9949 15.1957
1.2772 7.2161
8.9358 -12.6016
-9.3583 -10.7425
-10.1128 1.6547
-5.1781 10.8223
10.4948 -3.3847
-9.5623 -6.4945
2.4467 2.6162
-2.2965 1.7296
-1.4783 10.0756
3.1880 1.1897
2.0421 2.5563
3.3336 0.1048
14.5879 -11.2882
1.7571 -8.0461
0.3176 -6.9688
3.2005 0.1471
1.7958 7.0387
3.9828 1.6699
-7.6824 7.2817
4.0027 6.8201
2.2012 10.6320
7.2398 2.6490
-5.3834 11.4057
-6.1869 3.2204
0.7367 -10.1173
8.0012 1.3227
1.6608 11.3032
3.4049 3.0646
9.4020 -10.0943
12.5306 -7.4162
10.8664 1.3201
8.4332 1.3436
6.9815 9.2132
11.1731 3.0931
0.5401 3.5890
6.5426 3.1225
2.4707 1.4345
2.3279 -9.1195
-5.5218 -5.6123
10.0995 2.0587
8.4721 9.5713
-10.8096 2.0008
7.8853 7.1840
-8.0973 7.5294
-7.8029 -12.1662
7.0001 10.0928
-9.3131 11.0622
7.8473 -9.5251
12.0849 9.9786
-11.7810 3.7437
3.7119 -7.5761
-7.0534 8.1308
9.5099 12.1507
-9.5637 -6.2237
-9.6660 -12.0758
14.9625 0.6291
0.0431 0.7442
11.6885 10.9853
0.6599 5.7035
7.5798 1.2064
7.8066 -11.0551
-10.1364 9.4848
9.2530 6.7822
-9.1650 -9.9308
4.9114 3.0633
-0.1589 -7.0327
1.6907 -9.7533
3.1780 6.4136
-9.0699 2.1881
3.7109 1.9423
3.6477 5.4383
2.1793 2.8264
2.9241 1.8149
-6.5876 -9.7066
-4.1837 13.3897
-9.0039 2.5790
-4.9721 -6.2362
-6.9702 7.0347
-7.1499 -0.1708
11.9838 2.1396
12.4114 5.8196
10.1627 2.1263
11.5093 -8.4400
3.9132 2.0334
-8.4271 9.2005
0.6153 1.0596
10.8987 7.6232
7.9357 3.8272
9.0071 14.4008
10.3412 -3.7036
-8.6526 -4.5418
7.0035 -10.1358
2.6556 3.0089
-8.4570 7.2982
2.2843 8.1522
7.5330 -7.7440
7.3988 10.5508
5.6303 2.6495
10.6041 1.8644
0.6590 2.4743
1.7148 1.8366
8.2129 9.6138
1.4693 -9.4595
9.9834 -6.2480
-8.9976 -8.4645
-4.2597 -3.8540
0.7049 8.9779
2.2879 -10.0048
-7.8531 -1.2418
-1.9742 -6.4670
1.6089 1.1662
7.7469 8.1979
1.5246 2.9483
-6.2974 3.6847
-6.9595 9.5616
-8.6483 10.6136
3.7279 11.3567
13.3592 0.7488
1.1350 -10.7216
1.4368 -6.4801
-8.6636 7.4520
8.1306 1.7045
-9.3938 2.9853
11.8690 1.8259
3.5324 0.7681
-10.4394 13.6375
-7.7951 -3.0400
1.8078 2.3622
0.6606 15.5562
-5.5779 1.4589
-6.4501 10.0452
-11.6894 -2.9660
-6.8926 12.3538
-6.2173 12.0609
3.4147 -7.6966
8.0379 1.9831
7.0709 11.6662
7.3474 1.6600
-9.1107 -0.4554
2.0793 11.1521
2.9711 8.9558
2.6759 -8.2225
1.3755 -9.8941
1.1164 2.5427
11.3309 7.5662
11.0847 -11.0332
3.4530 7.3809
-8.6752 -8.3297
0.7123 1.2058
-6.6074 2.7204
7.9409 7.7650
6.3646 7.6577
5.1693 2.2242
10.3428 10.6267
-8.7988 7.0298
10.3568 9.8716
-11.7840 -9.6272
0.9924 1.6104
9.6817 1.7530
-8.1457 3.2721
0.5879 8.2069
0.9976 -8.6742
-4.8991 10.8020
1.9782 -7.6966
-7.6621 -7.7389
9.3311 9.3194
1.4294 10.9018
8.3344 2.8038
-2.2770 10.8523
9.6430 6.4121
-7.9710 1.5701
10.3992 9.0337
3.3653 2.5761
-12.7085 2.0243
2.2465 2.1079
-10.3041 2.7402
3.9538 9.1775
11.5425 -8.5018
-2.9213 0.9311
3.1041 11.7585
-8.5191 8.8197
10.8292 3.0271
3.2491 12.2811
9.9186 -7.2476
-6.0522 2.5740
-5.9147 0.8158
10.1969 12.6537
-7.3866 2.4686
7.5787 15.1787
2.4496 -8.3675
6.4079 -10.4122
3.2542 1.7358
6.0449 8.9298
-8.0807 7.4618
-10.2445 6.8097
-11.4731 -7.2806
2.4591 2.6579
1.3626 8.6162
-10.0146 3.1680
8.5559 1.6895
4.2473 0.7417
0.1685 -10.4164
7.7988 2.5055
-7.4578 -7.4623
1.0612 2.4757
10.6324 2.8682
-9.3141 8.3448
10.3235 0.4281
0.1538 2.4406
1.5117 12.1893
11.3097 8.8090
-6.1575 -6.8639
1.7780 2.0510
0.6835 9.5874
2.3396 1.2413
3.8204 2.4888
9.5523 -9.3703
9.6212 10.9861
0.9878 -0.0685
9.3242 9.0258
8.4264 2.6397
2.3018 4.4158
2.1751 1.4198
-4.7848 -8.8336
8.6066 10.8440
8.4430 11.0631
2.2239 -9.2229
3.5854 -10.0110
2.6295 2.4557
3.5066 7.6690
-8.6503 11.1098
1.4367 0.8269
3.4510 10.8628
3.9455 0.8855
8.6636 0.3356
-8.6955 2.7496
2.7047 6.7900
-6.6767 3.6426
11.5051 6.7945
-5.6363 -3.1020
9.7283 1.9389
-8.7545 11.2943
9.7663 11.6318
1.2641 9.2865
0.4571 11.1683
2.1550 2.5428
8.0711 2.2486
4.1633 2.4056
3.2708 -9.6727
3.2577 9.9027
1.2650 7.8778
1.3447 1.2221
2.0929 12.1328
0.9376 9.1172
-11.9025 2.9489
4.0608 3.3169
7.7532 1.7819
3.4817 -6.3240
2.2980 1.1427
11.4801 1.8299
2.4543 -8.8154
-0.1423 -6.2314
-9.6615 2.2745
12.6042 1.9853
2.2464 8.9032
11.3805 8.5724
11.2726 10.5107
-8.1517 3.2499
11.5204 6.3149
-8.3656 -8.9428
3.8973 -8.6761
1.8560 1.3884
-9.1949 6.8729
7.2028 8.0281
-10.1747 -1.3497
-6.6062 1.5277
3.0367 7.7689
3.6226 2.0552
-7.1129 9.0487
-6.7722 -8.4018
3.3338 3.5901
-9.4457 8.1356
2.5862 -0.4432
-10.3880 2.5439
1.7853 6.3579
1.1877 1.9674
11.2498 10.5701
12.9423 -5.2617
0.5735 -9.3774
-10.7574 -4.4735
2.6545 1.3142
10.5895 1.6804
2.1554 1.3382
-7.5945 -10.4590
2.2711 11.3751
8.4448 2.4593
8.5969 1.9196
7.3212 -9.8710
5.1020 1.5519
1.4230 2.7246
3.2808 -8.9344
1.0791 9.7188
2.1141 -6.9693
-8.7405 -9.8126
1.8128 11.8978
-10.8391 1.8081
3.9919 0.9142
10.7334 -0.8477
2.0958 11.4724
-9.0918 10.0639
8.9203 2.3462
2.8678 3.5351
-4.2181 2.8862
2.1741 7.9403
0.5211 1.4049
11.1244 -6.1086
0.9651 1.2895
-7.4699 2.8805
1.0574 2.1343
3.5372 -5.8531
1.2823 9.0972
-7.6476 1.2006
2.0392 14.6131
-8.9816 10.9846
10.8485 5.5942
1.9756 -7.3459
-9.1284 1.9857
-8.9524 8.0211
1.1841 3.3313
8.5865 2.0956
9.5253 0.9956
3.4265 0.8450
-8.9870 1.4293
11.0777 -11.6669
-9.3227 10.0110
0.8879 7.0878
12.2356 1.0639
7.9857 2.3438
2.0165 2.6935
11.5821 11.8089
-8.6155 2.2552
1.6420 11.2513
12.1964 2.3446
-11.5387 -9.3775
0.7705 -4.8202
11.6008 9.6136
0.7798 14.0432
7.3517 2.7190
8.3620 8.4695
2.7272 10.1908
2.5144 1.3727
2.9348 1.5455
10.7172 2.9614
-6.6157 3.6250
2.4779 2.3572
2.6729 -9.4122
2.4444 0.9869
3.4557 3.7866
0.2048 -6.8518
2.8104 0.4615
-7.4157 -7.3865
-7.1370 10.8585
-11.0816 8.6301
1.9599 2.1509
