5
2.5735 -9.2582
-11.7945 -10.1106
-9.2926 -3.9403
-4.3670 -4.6809
-9.0453 -11.8483
-11.0559 -3.0134
-11.0008 4.0337
4.2811 -9.7979
-2.4124 -9.5328
-3.5205 -10.7891
-2.5519 -9.6245
3.2776 -10.5912
-10.9680 1.0981
-9.1165 -10.7857
-3.3082 2.5473
-8.4467 -2.3987
-11.2198 -9.1189
-9.6460 -9.7106
-8.1441 -12.7722
-10.7815 -9.2140
3.3711 -12.6127
-10.0736 -9.5988
-10.6131 -9.7958
-8.5384 1.1818
-12.3853 -3.2537
-11.1881 -11.6700
-9.1259 -11.3638
2.4018 -8.2986
5.0586 -11.4663
-9.4659 5.5682
-10.8454 -2.7080
-8.5544 5.2498
3.3970 -11.0389
-12.1550 -9.7418
-3.1206 -7.7698
-10.2930 -10.4476
-9.4616 -9.7552
-0.6859 -2.5016
-8.7076 -2.1347
-10.3001 -8.4669
-8.9286 -10.4743
-12.8805 -9.4182
-2.6466 -9.0173
-9.7896 -9.5248
1.3191 -10.2119
-8.0978 -2.9760
1.6631 -2.2131
-12.7261 -10.6140
-4.0078 -3.3374
-13.7161 -7.2240
-11.3938 -8.0306
-12.1198 -3.4936
-9.5131 0.8612
3.1525 -10.4822
-10.6813 -10.3241
-11.2669 -9.1463
-10.8086 -9.5406
-9.0516 -11.0652
-11.6387 -3.4582
-10.2363 -9.8184
2.8878 -10.1686
-2.3920 -10.3178
-11.0423 -3.3418
-10.4605 -13.0335
-9.7780 -12.1518
-11.1899 -9.8113
-4.1401 -11.1978
-1.2591 5.8114
-10.6370 -8.4427
-9.4921 -9.8715
3.7568 -9.6272
-10.3463 -7.8588
-12.4982 6.0441
-9.4638 -10.4256
-9.2946 -10.8149
-9.2206 3.1193
-8.8470 -3.2848
-8.3474 -9.4336
-7.8833 -11.1597
-10.8753 -9.3201
-9.7049 -10.5946
-9.3072 -11.1886
-3.0550 -9.6132
-11.4517 -12.1301
-10.7588 4.0932
-4.0703 -9.7893
-7.9940 -2.9450
-9.4673 -2.6165
-6.9107 -9.8913
-9.5303 -9.5571
-7.6205 -2.7345
-2.5376 -9.7670
-3.3082 -10.1881
-7.9964 -8.6135
-8.6949 5.4096
0.8394 -6.8055
-8.1753 -7.8839
-7.8182 -9.5774
-10.1804 -10.8230
-8.2444 -7.5148
4.7457 -7.7213
-4.0360 -9.9768
-7.8028 -11.3246
-9.6717 -11.7614
-8.0925 -2.7030
-12.1293 -10.8875
-11.6964 -6.7097
-9.2161 -9.4943
-10.5221 -8.3569
1.2330 -9.8414
-10.7849 -3.1058
-8.6214 -2.9287
3.4778 -6.5499
-9.2597 -11.3558
-10.0589 -10.1438
-10.4485 -8.8216
4.9845 -12.6234
-2.4981 -8.3945
-11.2654 -10.3027
-9.8531 -3.1655
-9.6388 -3.0529
-2.0599 -2.9495
-6.9503 -9.0387
-9.2211 -9.4141
-5.1758 -8.7193
-5.9796 3.0352
-8.6149 -9.5860
-10.6123 0.6356
-6.2379 -3.1003
-7.3132 -11.7878
-9.8020 -9.6132
-11.0624 -7.9892
-3.0170 2.4807
-3.0804 -3.7130
-11.6480 -11.2193
-6.3564 3.8886
-10.2925 -3.9617
-9.2801 -11.2247
-10.6673 -2.8681
-9.6598 2.0166
-8.6157 -2.3444
-9.9062 -7.2718
-9.1084 -3.0231
-10.9975 -10.0725
3.8102 -8.6208
-12.0982 -8.6862
-10.8084 3.2196
-9.9348 -10.8631
4.7349 -8.9115
-9.8245 -10.4731
-8.2265 -9.8554
-10.0959 -3.4150
-8.3114 -9.8507
-10.8064 -11.9007
-8.3120 3.4494
-11.5571 -10.8935
-7.5750 -3.8873
-10.3833 -7.7394
-2.8427 -3.5973
-9.8372 -3.4643
-12.6952 -2.8669
-14.0991 -12.7897
1.8415 -10.4590
-9.2979 5.4026
4.5315 -7.4801
-5.5015 -2.7265
-1.8396 -11.7263
-9.1170 -7.2655
-9.5623 -10.4913
-8.9744 -12.2772
-7.7930 -11.4439
3.8927 -8.5526
-9.7731 -10.6485
-10.7311 -8.2897
-7.1897 -9.6801
-10.4746 -12.4365
-8.7553 -13.1160
-4.6573 -9.7445
-8.7112 0.2401
-12.4695 -10.5827
-9.1797 -11.7945
-9.8602 -11.0883
-6.6099 -10.4524
-12.6961 -10.1621
-2.3369 -7.7612
-3.9380 -9.7749
-9.4955 -7.7247
-9.1676 -10.5982
3.0713 -10.7240
-10.7498 2.9420
-7.9114 -9.4401
2.9125 2.3782
-9.4257 -9.4583
-8.5629 -9.1566
-9.4903 -9.6747
-3.8784 -10.3972
-9.5537 -2.8027
-3.4644 -9.9245
-11.1820 -7.7392
-3.1230 -3.5216
4.2548 -3.2587
-9.9367 5.2179
-7.9026 -9.4274
-11.6141 -11.5698
-8.7240 4.6105
-11.8048 -10.4737
-7.6525 3.6025
-12.4087 -8.3064
-0.1195 -8.6569
-11.0845 -11.9762
-12.2167 -11.4376
2.2467 -2.6523
-10.1374 -10.8677
-2.9152 -11.6130
-10.2744 -10.6708
-12.7237 -9.8334
-11.5131 -8.1697
-10.6617 -10.9937
-7.7262 -7.6376
-12.0755 -9.0981
-9.5387 -3.8562
1.1103 -9.2980
-6.3249 -11.6263
-5.9294 -11.2632
-10.6532 -11.1834
-10.2863 -11.9567
-10.2904 -9.7247
-9.8150 -9.5436
-3.2502 -8.7740
-8.5508 -10.3165
-1.9173 -2.5578
-2.7939 -3.9195
-2.1008 -6.6744
-9.3348 -9.4603
1.5634 4.3933
2.1694 -7.9118
-8.4955 -2.0831
-7.3701 -10.8639
-7.3736 -8.7763
-8.4824 -10.1706
-11.5555 -10.2875
-6.6512 -4.2093
-10.3250 3.4895
-6.7071 -2.9613
-10.2758 2.6975
-10.4482 -8.4183
-2.2757 -10.7722
-8.1256 -11.0270
-9.2418 -8.3031
-12.2638 2.6475
-9.5934 -9.5763
-9.7461 -2.8832
-7.7717 0.7270
-10.0633 -1.7246
-12.3745 -8.6523
-7.1747 -11.2553
-4.8139 -9.8675
-3.6894 -9.9354
-9.9444 -8.5052
-3.4145 -12.0721
-9.3553 -3.3214
3.4281 -8.1179
-11.4847 -13.5306
3.8247 -9.2113
-11.2619 -8.6682
-9.5407 -11.2234
-10.0537 -9.7279
-10.1965 -10.7006
-12.5488 4.9543
-9.9562 -10.5020
-2.7966 2.0894
-8.2528 -9.9428
-11.4953 -11.5570
-9.4187 -11.0466
-7.7983 -10.2348
-8.9154 -10.0608
-9.6014 -10.7099
-8.1185 -9.5823
4.2549 -3.1604
-11.5769 -8.3373
4.8709 -7.9049
-6.7248 4.0211
-9.0167 -9.5073
-7.7979 2.7875
-9.2503 -10.4317
-8.8681 -8.2438
-10.5657 -4.6119
-9.8986 -9.8899
-9.4948 -10.8150
-7.7614 -11.8352
-7.0245 -1.6059
-4.2181 4.5238
-7.7169 -10.4169
-5.1474 -2.9571
-3.2662 -2.3839
4.2121 4.5573
-2.3665 -8.7784
-10.3803 -9.8150
-7.5814 -9.5714
-2.2283 -7.3345
-9.1541 -8.7425
-11.8874 -8.8562
1.7139 -9.1710
-8.3758 -8.8020
-10.5467 -10.0429
-8.4174 -6.5673
-7.6266 -9.5755
2.7604 -10.1899
-3.3371 -12.0783
1.9717 -10.7874
-7.3521 -12.1797
4.0132 1.5580
-7.1667 -3.0818
4.9511 -10.6214
-9.1861 -10.0973
-8.0051 -8.4171
-9.0767 -9.2838
-9.4350 5.2649
1.3429 -8.6630
-9.2790 4.7493
-8.4236 -10.9091
-11.3951 -11.1606
3.0377 -9.8078
-8.5954 4.1152
2.9124 -9.3168
-9.0806 -9.1975
-9.7250 -8.7149
-7.1967 -5.2824
-8.6365 -2.6819
-8.1303 -8.3864
-11.4456 3.8856
-13.0598 4.1130
-8.8567 -9.0551
-8.7991 -8.9222
-6.9503 -1.2505
-9.7337 6.1808
-11.9934 -11.1350
-10.9496 -2.9807
-9.8589 1.6778
-9.9082 5.2587
1.1182 0.8330
-10.2959 -2.8746
3.3206 -11.3378
-11.6449 -12.0556
1.2432 2.2606
-9.2924 -12.7999
-12.3534 -8.4939
3.5475 -2.8163
-9.0606 -7.9783
-3.1980 1.0843
2.4138 -3.0078
-8.8323 -1.6350
-9.5174 -12.0391
-9.6739 -10.9867
-8.0302 -7.7375
-10.5575 -9.0195
-2.1930 -10.2345
-6.3367 3.4126
-1.6435 -9.6513
-8.6551 -2.2056
-9.1132 -10.3549
-2.4315 -9.1450
-10.6341 -7.8748
-10.2706 -6.6206
-2.4133 -8.5648
-12.2662 1.4508
-8.9813 -2.2223
-7.1666 -11.3129
-11.7835 -6.5520
-11.3307 -3.0523
-2.7015 1.9044
-10.7633 6.0284
-11.4975 -8.7495
-8.5464 -11.7148
5.1845 -10.0143
-10.5741 5.9713
2.9727 -10.0922
-9.2366 -9.0640
-7.3019 -9.0575
-8.7886 2.0642
-2.0234 -6.9598
-11.3397 3.8816
-7.6261 -10.0793
-10.2933 -10.7523
-7.2866 -10.9988
-3.6186 -8.3069
-1.7673 -10.5073
-11.3451 6.1833
-10.7984 -9.0574
-7.0426 -8.8062
-7.8266 -7.8746
-8.1855 -9.9917
-5.6110 -9.3570
-10.0138 -10.6150
5.4775 -8.1442
-5.9979 -11.4020
-8.2021 -8.8463
-11.0588 -7.6184
-2.8063 5.9233
-13.5492 -9.2656
1.5880 -10.0968
-7.7116 -9.6763
-2.8627 -9.1553
-9.3871 -7.4062
1.0165 -9.9945
-12.4052 -9.5124
-2.2831 -9.5405
-7.3201 -2.1695
-8.5567 -11.4850
-3.8895 -8.5207
2.2545 -11.2519
-3.7355 -10.4981
-10.0491 -9.1708
1.0014 -10.1138
-1.9876 5.9174
-10.2537 -10.9072
5.5384 -6.4943
-9.8783 -7.8261
-8.2193 -2.8726
-9.2491 7.2543
-3.1689 -9.9878
-8.9863 -8.4309
-10.9825 -12.8105
5.6606 -12.4231
-1.5986 -6.4918
-7.9090 2.6566
-1.8144 -2.8465
-9.4251 -3.5126
-9.7659 -8.1319
-8.9263 -10.3162
-8.8496 -10.3117
-11.0637 -11.1669
-8.1133 -10.7567
-9.1896 -8.5931
1.8838 -11.2777
-9.6567 -7.6373
-9.6759 -11.7808
-10.2763 -8.7077
-10.1621 -10.0306
-10.4551 -3.1235
-5.5171 -11.4294
-9.4307 -9.7134
-2.7377 -6.4141
-11.2386 -8.3710
-10.1098 -9.3026
-3.9178 -11.0741
-11.1501 -7.6960
-10.0147 -12.0066
-9.5695 -8.5477
-0.6715 -9.5532
2.1869 -10.7505
-12.6396 -7.5568
-12.9626 -12.3817
-8.7764 -11.7638
-7.1249 -2.7087
-11.5211 -9.1615
-9.7840 -13.2897
-11.1239 -8.0624
-10.6848 -1.5912
-2.2621 -9.4212
-3.0363 -13.5359
-9.7096 -9.7072
-9.2649 -8.1901
-3.1149 -3.5047
-10.3971 -2.2855
-9.9173 -10.9416
-10.8732 -14.0789
-10.7855 -9.5344
-8.4046 -9.1556
-9.7892 -3.2968
-10.4694 -11.7049
-6.8250 3.9716
3.7121 3.7093
-3.8048 -6.5128
-0.9579 -8.8945
-10.8417 -2.6195
-8.9969 -8.4855
6.1097 -8.7790
-9.9010 -7.3832
-9.2053 -2.0341
-8.4129 -10.3871
-6.8299 -10.2414
-9.8971 -10.9923
-9.4115 -8.0904
-7.2425 -8.4333
1.4716 -11.2921
-9.6105 -9.9641
-9.8068 -14.0083
-11.6144 -11.5876
5.1389 -9.1924
-6.8298 -8.7469
-10.1164 -9.9961
-11.2360 -8.9223
-2.5968 -9.4765
-8.4910 -11.7868
-9.9870 -9.4171
-0.4968 -9.7584
-8.9147 -9.5979
-11.3853 -3.7078
-10.0469 -7.9869
0.9946 -11.0729
-3.0815 -11.4785
-2.0538 -7.4322
-8.7839 -8.9615
-10.8019 -8.8448
-8.0414 -10.1109
-10.6644 -7.9777
-9.6950 -11.3457
-8.7804 -10.4166
-8.0444 -10.6766
-10.9235 -12.2049
-9.4545 -11.7149
-11.1079 -2.3155
-7.9851 -8.5220
-11.2823 -12.2790
-11.5931 -9.5029
-11.2260 -9.5316
-10.7313 -9.8264
-11.3036 -8.9358
-10.4570 -9.9658
-10.2468 -9.3570
-10.9096 3.6351
3.4292 -11.8204
0.9474 -7.5230
-9.7293 -1.7447
-8.8451 -10.8998
-11.6215 -9.5705
-3.5549 -8.4490
-9.0218 -9.4358
-11.8826 -12.5063
-13.4637 -3.4981
-9.4988 -13.1301
-3.0807 -10.9833
5.8426 -9.6172
-3.5264 -8.2642
-2.9462 -2.7923
-2.1305 -10.0658
-8.9200 2.8502
-0.9696 -9.7588
-11.4993 -10.4500
-10.9562 -7.1447
-9.9059 -10.0560
4.2558 -10.0867
-8.2776 -6.7601
-10.2947 -1.9500
-8.8505 3.4929
-9.8745 -3.2441
-9.3751 -3.4636
-10.2233 -8.2751
-7.2286 -8.7500
-3.1499 -7.0829
4.2759 -10.4747
3.4720 -11.5373
-8.7749 -10.2682
-0.5449 -10.1010
-12.5404 -8.0890
-9.1202 -11.4452
-9.2738 -9.1719
-10.6383 -11.3075
-10.1357 -2.5924
4.4822 -10.0113
-11.2970 3.1057
-7.6639 -11.1583
-8.4145 -9.8225
-10.3757 -8.8543
-4.4445 -9.1392
-10.4604 -11.4699
-10.1865 -2.3820
-10.3207 -10.6840
-9.7153 -11.2553
-10.5315 -8.9131
5.1884 -9.0987
6.4507 -11.2006
-9.6582 -7.3874
-2.0570 2.9298
-11.3853 -2.6923
-8.2887 -10.3557
2.1938 -8.1807
-10.0912 -10.3533
-10.4846 -8.5953
-0.2164 -11.7098
-9.5978 -8.9618
-10.8550 -7.9171
-6.6297 -11.5632
-8.7569 -10.7186
-2.5845 -7.5471
-7.5401 -2.0525
-4.1765 -7.4998
3.3952 -7.9356
-2.8886 -6.3843
-8.4521 -2.4212
-10.6676 2.2183
5.6125 -8.3418
-10.6480 -10.3908
-10.8515 -7.4421
-10.6159 -10.4127
-8.7890 -10.7458
-10.3120 -8.7279
-9.3309 -3.8994
-9.2691 -10.0628
-0.8393 -11.3027
-9.3968 -3.9696
-8.2660 -10.7932
-10.5678 -11.2819
-9.0015 -11.4133
-8.8899 -12.6403
-6.4966 -11.3673
-8.1630 -10.4228
2.9112 -2.2811
4.4998 -10.4786
-7.6885 -9.3678
-3.0941 -7.6319
-9.2955 -9.3538
3.7407 -13.4608
-6.8438 -1.2862
-9.7071 -10.2906
-10.5217 -8.3414
-8.9012 -10.5707
-9.4359 -11.2893
-10.1495 -9.7149
-9.2335 -11.4868
4.9222 -10.2414
-10.1883 -11.4026
-8.6471 0.9445
-3.4397 -5.2139
2.1276 -3.1543
-7.8278 -10.3276
0.1177 -6.1318
-9.5861 -2.4285
-10.6684 -9.1124
4.6692 -0.5555
-12.7105 -5.6683
-10.4632 -9.5119
-8.1863 -12.0882
-8.7267 -10.9968
1.7366 5.5643
-7.9437 -8.7876
-10.8524 -6.4683
-8.5937 -10.0554
6.7898 -3.7105
-7.4575 3.1623
-10.4577 -10.4667
-10.6141 -7.2855
-11.9952 -9.1825
-12.4539 -7.9631
-7.5242 -3.7130
-8.6670 -9.5016
-5.4660 -11.7709
-7.7456 -11.0761
-1.7355 -10.4160
-12.2124 -9.5852
-9.9240 -10.4929
-9.3760 -10.2770
-11.7410 -2.5901
-9.5461 -6.9929
-3.3662 2.7764
-10.7920 -10.5117
-10.7742 -11.3016
2.7129 -9.3327
-10.3349 -3.6831
-8.4055 -10.4823
-2.9485 -8.2807
2.6872 0.9003
-10.7503 -11.4779
-3.0753 -10.0920
-13.0023 -9.4060
-8.6925 -9.2810
5.0561 -11.7903
-9.8663 -8.7789
-3.1009 -9.0422
-8.3515 -7.2557
-8.3805 -7.8054
-7.4512 -8.8504
-10.1325 -8.1822
-3.2404 -12.6258
-9.1706 -9.4572
-10.8818 -12.6986
-10.3521 -2.6458
-11.5480 -8.6253
-11.6856 -7.2701
-8.9479 -10.4409
-6.6198 -3.1448
4.1575 -9.3632
-10.4440 -1.4692
-12.4867 -7.3559
-10.8735 -9.7605
-7.5130 -8.8067
-7.0665 -7.0117
-10.0788 -7.3186
-9.2043 -9.2716
-6.6861 -12.0266
-11.2672 -9.8293
-3.5443 -8.4461
-8.6481 -1.7825
-11.8632 -3.4415
3.6080 -9.3301
-11.5259 -9.7630
-10.0517 2.8354
-9.7546 -9.2104
-8.0721 6.2339
-11.9956 -8.2023
4.1673 -8.0372
-8.0046 -0.7641
3.5874 -6.8365
-13.1270 -10.2597
-7.9867 -3.2547
5.8749 -10.7540
6.5686 -7.3350
-10.7811 -8.9946
-11.2237 2.1722
-11.0613 -10.4314
-2.4159 -7.0533
-7.6906 -11.2204
-9.7155 -10.5460
-10.4207 -10.1116
-9.0871 -11.3834
-10.7977 -10.6999
-11.6495 -1.9735
4.1430 -2.9727
-10.4221 -7.8856
-9.8998 -7.9641
-3.2474 -8.7050
1.7861 -10.2404
-9.7959 -10.1726
1.8050 -11.9833
-8.9736 2.9648
-10.8643 -11.4755
-11.9714 -8.8889
-8.8937 -10.0383
-9.2550 0.1457
-9.3446 -10.7193
-9.8132 2.3577
-10.0506 0.8323
-10.6115 -1.0826
-8.5945 -10.8061
-10.2513 -8.3030
-8.2671 3.3139
-10.4843 -7.8094
-7.8669 9.6665
-9.1895 -8.3017
4.5263 -12.1282
-9.4219 -10.9843
3.3266 -6.2181
-12.0562 -1.7198
-10.7472 -9.4427
-9.7962 -11.1267
-10.5244 -9.9728
-10.8439 -10.9355
-11.5688 -10.8302
-10.5729 -11.5987
-6.7568 3.1192
-9.8227 -3.1265
-8.4101 -3.0660
-6.3418 -9.7872
-2.1461 -9.9176
-10.3928 -10.3904
-11.7907 -12.8384
-7.6892 3.0170
-1.8159 -8.9934
5.1650 -8.5702
1.9446 -11.7713
-8.2335 4.2059
-2.5285 -9.6044
-11.2569 -1.6290
-9.6847 -9.8427
2.1571 -3.0999
-10.9380 -10.9149
-10.3434 -9.8597
-8.1996 -11.1875
-2.3772 -8.8222
-7.4778 -11.9573
-10.6355 -10.3755
-7.7628 -11.1709
-3.7479 -9.5148
-8.1175 -9.9866
-0.1176 -11.0288
-9.3211 -2.7652
-10.9218 -11.8259
-8.9082 4.1383
-11.0368 -12.5913
-9.1391 -6.2272
-8.5129 -9.8046
-4.2170 -8.5295
-9.6277 -11.4861
-6.9202 -7.7399
-11.4784 -3.2223
-8.1145 -9.0989
-2.2298 -1.2981
2.1071 -1.5321
-9.6371 -8.2966
-11.7224 -9.4888
3.8646 -8.6267
2.3577 -1.9277
-11.7063 -2.2638
-2.3986 -11.1078
-13.5453 2.9524
-8.3646 -8.2574
-10.0792 -9.8994
-9.2765 4.5812
-7.1052 -12.1560
-9.6973 -10.7501
-9.7592 -12.4847
-8.0266 -8.2283
-9.5980 -10.2337
-2.3903 -11.0875
2.4472 -8.4157
-13.3965 -10.2072
-7.8124 -8.8158
-1.7752 -5.4047
-10.5751 -9.0165
-9.6342 1.5772
-10.7020 -11.5987
-9.1313 -3.4489
2.5948 -10.7391
-11.4752 -9.3618
-10.0282 -10.5728
-10.4543 -11.2645
-9.7455 -10.8494
-3.0884 -2.2990
5.5587 1.4187
-8.9731 -11.3024
-10.9457 -7.2473
-9.5676 -9.1964
-7.5028 -10.7892
-8.5821 -8.0104
-1.5773 -9.6995
-11.1765 -3.2632
-11.6531 -2.2079
4.4678 -12.4248
-6.6604 -10.1376
-11.7389 -8.0863
-11.9889 -9.6734
-9.9218 -11.2722
-9.0954 -9.0841
-7.6676 -7.3781
-7.8077 -11.3275
-2.6856 -9.9627
-8.9009 -9.7018
-9.8772 -10.1551
-7.7038 -9.5451
-8.5472 -5.9767
-11.3429 1.8988
-8.9994 -10.7995
-6.3849 -10.4137
-1.9080 -8.4905
4.2238 -8.3541
2.2555 -8.1326
2.4385 -10.1785
-8.6593 2.4138
-6.5583 -1.6789
6.4435 5.4269
5.4744 -10.3320
-8.6931 -13.1445
-4.3476 -10.7374
-3.5989 -12.7247
-9.1215 -11.2256
2.1454 1.5652
-8.7029 -11.8416
-11.9559 -9.2502
-3.5778 -2.8944
-4.2815 -7.5360
-8.5456 -0.6851
3.7938 -8.3397
-10.0253 -8.6644
-10.3372 -6.7783
-9.9925 -10.8174
-9.9662 -7.3586
-6.1202 2.0932
-1.8441 -2.1347
-8.1436 -10.7894
-7.3427 -8.1303
-9.3160 -11.5108
-8.4257 -9.9707
-10.7351 -8.3745
-11.2175 -8.5228
-7.5204 -9.6484
-9.8079 -10.3877
-2.0176 -12.1695
-8.2358 -10.8249
-7.3053 3.1386
2.1121 -9.0236
-2.9781 1.3104
2.9790 4.1575
-10.5223 -11.1435
-3.0111 -6.0579
-9.7913 -12.2484
-7.9109 -10.3241
-10.2336 -1.9549
-12.4487 -9.3150
2.4616 -10.8536
-8.7361 -9.0718
-9.9301 -11.6233
-7.2014 -2.5356
-8.1432 4.8917
-8.1023 -11.8356
-6.0158 -11.1346
-3.9901 -9.9565
-9.1498 -8.4977
-6.4032 -7.8326
-8.5807 -12.3677
-8.3124 3.8493
-3.3014 6.0049
-10.8739 -10.4806
-9.9348 -11.3617
-11.4324 -11.3419
3.6128 -10.1144
-8.8966 -10.2428
-4.3828 -9.3471
-8.2978 -11.1838
-7.0251 -9.4952
-9.6570 -2.8938
-10.0107 -8.5790
-7.3752 -13.5595
-10.1424 2.1200
-9.5042 -3.5598
-12.6119 -10.9938
-10.5625 -10.3626
-9.7122 -9.8452
-11.1990 -3.4363
-10.9795 -3.7927
-5.3749 -11.3965
-11.2914 -10.2364
2.3982 -9.1834
-9.3161 -13.3844
-11.4043 4.6949
-11.9692 -9.0444
4.7145 -4.2331
-9.4351 -9.8474
-10.9372 1.4276
-3.2211 -10.1161
-3.2135 -10.0721
-9.8771 -10.4020
-9.0432 -6.9050
-9.8829 -7.2547
-9.0039 -10.9253
-9.2967 -11.3936
-10.6586 -10.3105
-10.9549 -10.4677
-10.2056 -10.7017
-11.3526 -10.0860
-9.1822 -12.7141
-1.5511 5.4183
-9.0172 -10.8300
0.5982 2.0973
-10.0718 -11.5389
-3.7214 -3.8985
-8.8426 -4.3350
-10.2882 -9.6390
-10.0802 -11.1943
-8.1458 -12.7268
-8.1036 -8.1100
-9.8215 -8.1559
-11.3618 -3.4272
-7.2627 -9.4869
2.9443 -9.4963
-8.6081 -12.9740
-3.4273 -8.1127
-11.7146 -1.4788
-8.2459 1.2159
-9.1569 -11.5149
-7.9360 -7.2717
-9.4175 -8.0767
-2.0107 -11.1635
-10.1261 1.6387
-10.8737 -7.8490
-9.3626 -2.1952
3.6334 -6.3756
-2.0480 -8.9410
-9.1307 -8.8205
-11.5869 -10.0164
-8.8188 -11.2848
-10.5482 -9.3797
2.4744 -9.5380
-7.2925 -7.5879
-8.7450 -9.8994
-11.4930 -9.3566
-9.8648 -10.4141
-8.1965 -2.5998
-9.1796 -11.6832
-8.3183 -9.5924
-7.8110 -8.8039
-10.2414 3.0523
-12.4836 -7.4821
-4.1350 1.8365
-8.6342 2.2128
-9.6148 -2.5022
0.5108 -10.8667
0.6198 -9.6040
-8.3155 -8.5143
-11.8630 -4.0177
-6.4107 -2.6894
-8.1105 -3.5799
-8.4506 -6.2403
-10.6978 -9.1055
-9.7607 -2.4277
-9.4012 -9.9741
-1.8623 -8.2742
-10.2166 -9.4499
-9.1254 -10.5170
2.4380 -9.2212
-9.0411 -10.5465
3.6687 -10.1568
-10.7931 -8.8103
-3.1457 -9.5102
-7.7761 -8.2447
-8.4177 -8.8514
-10.0773 -9.3398
-7.5639 -8.4478
-10.4616 6.1215
-13.0569 -8.5253
-11.7980 -2.2220
-10.8822 -9.2641
-10.6098 4.7166
-7.5375 -8.6164
-11.5839 -3.0722
2.3026 -8.8699
1.5941 -5.8125
-10.6635 -8.6910
-10.0811 -8.8047
-7.1516 -7.9472
-11.7474 -8.1235
2.8133 -7.7702
-11.0176 -6.6275
-10.2711 -11.3167
-7.6569 3.3806
-7.6645 -7.4939
-8.1577 -5.4005
3.8647 -7.1052
4.6429 -8.0722
-10.3758 -12.3641
-10.6367 -11.0647
-13.0003 -11.7882
-10.0928 -9.7569
3.6545 -6.7376
-11.7034 -9.9707
-9.8245 -9.0022
-9.8493 -1.3271
4.1711 -11.1191
-8.4131 -4.0147
-3.2841 4.1435
-7.5862 -10.0740
-2.8796 4.3297
-9.4903 -11.0780
-9.3321 -3.5763
-10.9438 -9.6450
-11.5626 -11.8889
-10.3571 0.1081
-10.7174 -9.6141
-10.8809 -9.4795
3.1330 -7.2469
-10.2874 6.1030
2.3027 -8.7688
-13.4031 -10.0205
-7.4612 2.5838
-8.3660 -11.0641
-9.3935 -10.1972
-9.9332 -10.6855
-10.8326 -9.4532
-13.1075 2.8978
-9.6814 0.9795
-9.9041 -10.7336
-11.5724 -1.6911
-8.3835 -2.3640
2.3491 -2.6236
-6.7581 5.6609
-8.9198 -10.0618
-8.1560 -11.8554
-12.3072 -10.2262
7.3123 -7.3472
-10.5795 -3.8372
2.7644 -9.2324
-2.7232 -2.5957
-10.9269 -4.2714
4.2534 -9.2092
6.0281 -3.6277
-8.2609 -9.1179
-4.8225 -9.2474
-8.5499 -12.0296
5.1446 -12.0692
-10.7430 -7.0693
-10.0524 -11.5137
-11.6221 -10.5006
-9.8471 -9.7043
-11.4589 -7.4536
-12.6051 -9.5632
-4.9125 -10.6495
-8.1478 -8.3261
-13.2875 -10.8819
-10.3511 -9.7363
-10.3051 -6.8924
-7.8615 3.2763
-7.1326 -11.0647
-10.5804 -9.9728
-11.8686 -9.9298
-9.0366 -11.5174
-11.8003 -10.6116
-7.3792 -8.7748
1.8285 -2.3755
1.6962 -9.5541
1.7368 -10.3471
6.0861 -8.6328
-11.1065 6.3432
-10.3210 5.5974
-10.1594 -9.3676
3.6323 -3.1964
-8.4569 -8.5867
-11.1515 -7.6883
-9.1255 -0.4998
-7.5970 -9.8405
-13.1491 -9.9458
-10.7104 -12.6445
-8.2112 -1.1163
-10.5815 -11.7227
-7.7777 -9.1761
-9.9436 -10.5129
-11.2464 3.4524
-10.0479 2.0365
-3.2478 -7.7701
-9.3000 -7.9931
-6.6941 -4.1740
-3.1427 -3.2142
-8.7094 -8.7416
-6.4872 -9.3169
-8.8239 3.7304
-11.1720 -1.8729
-9.6939 -8.6987
-1.0644 -10.6779
-9.1174 -7.0875
-3.0597 2.6284
-10.6956 -11.1360
-8.3333 -8.8470
-9.7301 3.6899
-13.4404 -12.4062
-12.6577 -2.6940
2.9114 -8.2818
-3.6327 -11.1088
-11.2995 -10.0428
-10.3215 5.0566
-7.5285 -9.2775
-8.3015 -9.3640
-12.0222 -9.1551
-10.5673 -7.9434
-10.8709 -1.2498
-3.7999 -8.5735
-11.2699 -11.0003
-10.3273 -2.6464
-10.4597 -12.2176
-3.6856 -10.1274
-2.7681 -11.0938
-11.3676 -2.4109
-8.6211 -10.0562
-10.9835 -9.5644
-12.7737 -11.0852
3.4252 -9.3863
-7.5748 -11.6442
-8.4275 -9.1627
-9.3341 -10.7130
-3.0935 -3.9682
-9.7886 -7.5952
-8.1695 -8.8301
-10.5596 5.7062
8.1886 2.0626
-11.0187 -10.3854
-9.6162 -7.5424
-8.3563 -8.1380
-8.9575 3.5846
-10.1231 -10.4092
-7.4120 -6.5228
2.3962 -9.9300
-9.0794 5.3558
3.4547 -10.0003
-11.7144 -10.0358
7.6119 -2.6699
-11.0087 -3.2533
7.7778 -10.7634
1.9998 -11.6276
-9.7616 -4.6138
-10.5816 -9.7457
-7.3962 -9.9635
-7.3025 -10.7229
-10.4137 -12.1015
-2.2111 -12.0350
-9.2538 -11.2489
-12.3332 -3.7899
-8.0704 4.2560
7.0545 2.4254
-10.6800 -8.8871
-11.0732 -0.4630
-3.5278 -11.2008
7.1653 -12.6846
-9.3050 -4.2581
-8.9939 -1.5067
2.5122 -10.4792
-9.6126 -10.7946
-11.6930 -10.6307
-9.7127 -9.5879
-7.8009 -9.2506
5.9581 -3.2971
-8.8773 3.0007
-7.2527 -14.1826
-10.9152 3.4884
6.2190 -10.3903
-7.0169 4.4747
-8.0838 -10.8223
4.8917 -9.8232
-10.9083 -11.0836
-1.8279 -10.1302
5.7615 -3.1152
-10.3767 -2.7047
-9.8425 -11.6314
-11.8605 -11.4645
-10.5763 1.8568
-11.5265 -8.4663
-7.5708 -9.4477
-11.5837 1.7792
-10.4394 -11.6504
-10.1842 -8.9117
-9.3281 -6.8908
-7.0908 -4.6684
-11.1929 -11.3311
-9.8039 -12.0480
-2.6275 -9.5037
-8.4435 -10.6929
-4.4178 -7.5820
-2.9495 2.8637
-11.7026 2.1081
0.8175 0.3642
-11.0914 -11.2017
-9.9863 -11.9392
-10.3556 -10.0487
3.2060 -9.9469
2.9615 -10.5105
-7.7834 -12.2910
-9.5600 -10.8039
-9.7996 -9.5468
-2.3844 -8.8277
6.6307 -9.0320
-12.4222 -8.2476
-10.8609 -8.6808
-8.4330 4.0158
-11.8851 -9.4997
-10.5401 -9.0823
-7.3213 -10.5002
-10.8204 -7.5237
-11.0900 -4.0079
-7.6671 -7.7842
-3.2357 2.8223
-10.3127 -2.3114
-10.3720 -11.0795
-11.7229 -9.8059
-2.8328 -10.0760
-8.3633 8.3351
-3.4445 -8.8043
-9.2628 -10.2338
-10.3832 -10.9755
-9.2136 -10.2920
-11.1107 -9.8844
-3.6891 -11.4872
-8.4771 -8.7008
-12.7054 -2.8760
-7.1909 2.8983
-4.1969 -12.5705
-11.9181 -10.4907
-0.9479 -7.7609
-8.7365 3.1414
-11.7077 -11.2842
3.4082 6.0157
-8.8255 -12.3472
-10.3326 2.1782
-7.6269 -4.0499
-8.0872 -12.4645
-11.2340 -8.9824
-2.7755 -1.9157
-9.6718 2.2998
2.6714 -10.4626
3.7286 -10.5957
-9.2503 -11.5179
-9.9061 -9.1270
-8.7833 -6.9487
-10.0441 5.0851
-10.4806 -11.4207
-4.0809 1.8121
-10.8923 -10.9367
-2.3975 -6.2155
-7.5942 -3.3610
-8.9988 -2.3864
-11.3808 -10.0919
-9.8784 -10.4467
-4.8066 -13.3687
7.1476 -7.1768
-9.3870 -11.8707
-8.6109 4.0533
-3.1149 -9.6090
-9.1142 -8.7045
-3.6635 -12.0355
-12.1868 -10.0913
-8.3242 -7.3885
-8.9193 -7.8820
-8.3419 -2.7461
-9.4977 -10.9006
-3.2165 -9.9257
-9.8514 -8.3625
-9.8969 -11.6717
-9.6416 -6.5514
-8.0451 -9.1466
-8.1369 -8.7039
-4.0035 -10.2253
-9.9080 -9.8854
1.9351 -9.3500
-9.5013 -10.8781
-11.2640 -9.8185
-12.2328 -8.3967
-13.6789 -8.7489
-2.5376 -8.5047
-9.2613 -11.4843
-10.1458 -10.0054
-8.6082 -6.8019
-9.4253 -9.5286
-11.6553 -8.7335
-7.1541 -7.5818
-11.2175 -9.7386
0.1770 -9.1716
0.8622 -7.3859
2.3928 -8.5564
-8.9830 -7.8878
-1.8767 4.4990
-8.8964 -7.9597
-11.3417 -3.9677
-10.9053 -9.4042
-7.2525 -10.0334
-10.4637 -11.1216
-0.6498 -8.9047
-7.4112 -11.7785
-0.9323 -7.8309
-9.3147 -9.4600
-11.4384 -10.1641
-11.9551 -7.2000
-11.9046 -9.7379
3.7643 -8.0462
-2.1929 -2.9259
4.3655 -10.7928
-10.4394 -9.6940
-9.7398 -8.4699
-9.1560 -9.2100
-7.6093 -2.6493
-9.1111 -10.9351
-10.2507 -12.8959
-10.4989 -8.2420
-4.4398 -13.5307
-12.1645 -8.0150
-10.5783 -4.5833
5.9111 -11.1205
-10.6435 -9.9996
-9.4944 -8.3610
-10.2964 -9.6746
-11.3110 -7.8812
-9.4053 -10.0802
-2.9060 -14.3561
2.9311 -8.9994
-8.7760 -11.3558
-9.5921 -7.8108
-10.9443 -2.7066
-9.4257 -8.4490
-10.1128 -11.5361
-11.9538 -8.1466
-9.6781 -7.8645
-9.8299 -7.9163
-9.2110 -1.4320
-9.9107 -11.6868
-3.9060 -2.9002
-5.2159 -6.9884
-7.7058 2.9941
-10.5189 -9.8069
-3.7333 2.5977
-8.7296 -12.7933
-14.4883 -10.9241
-9.6987 -12.4210
-2.3228 -10.6512
-3.7017 -8.6844
-13.5016 -9.4214
-8.4818 -3.4617
-12.3486 -3.7995
-2.4077 -9.8457
-12.2918 -3.1186
-2.5486 1.5418
-8.3263 -10.4151
-10.1205 -9.5974
-3.3024 -11.9234
-9.9176 -4.1604
-2.5959 -9.2863
-9.1318 3.7537
-1.8129 -9.4276
-8.8123 -7.2205
-2.0763 -11.4152
-10.3034 -10.6524
-9.6431 -6.8239
-1.1890 -3.3592
-10.4784 -8.2968
-9.1566 -9.9582
-8.0765 -11.9033
-10.5282 3.5549
5.0786 -3.1868
-9.5470 -11.8723
-11.0467 -11.7314
-9.5580 -2.9653
-9.8373 -8.3641
-3.8715 -12.2170
-9.3294 -9.2521
-11.4936 -10.2566
-9.1245 -10.1270
2.4544 -2.5032
-11.6092 -12.4262
-9.9437 -10.3153
-8.0349 -10.7531
-10.2169 -9.4632
-9.0198 -8.7861
-9.9749 -8.1279
-11.5062 -7.9215
-9.9121 -8.9887
-8.2592 -10.0225
-12.7110 -9.3844
-13.0171 -2.7482
-11.1169 -3.7031
-6.7042 -9.0489
-6.6438 -9.2426
-9.4702 -7.7310
-3.9312 -8.7386
-8.3894 -2.4265
-7.2671 -10.0802
-2.6104 -10.0710
-4.3271 -10.1214
-2.7416 -7.6964
-11.5421 -2.4178
2.8804 1.1412
-2.1279 3.4598
-11.6131 -11.6427
3.4005 -9.2212
-10.3867 -2.4893
-9.7683 -8.8372
-2.8352 -9.3696
-8.4521 -3.3172
-5.4688 -7.0543
-3.2874 3.3028
-4.3326 2.3209
7.0858 -4.2773
-9.3791 -2.7367
-9.8372 -10.7572
-3.5001 -8.9593
-2.5996 -9.4091
-9.9254 2.6692
-9.8612 -11.7370
-8.2685 -9.0284
-2.0649 -5.9840
-12.1707 -12.0066
-8.9077 -2.5025
2.0514 -6.9047
3.0755 -11.8153
-8.1499 -8.2310
-12.0272 -6.7629
-8.7723 -2.9680
-12.7505 -1.9236
-11.4589 -11.0668
-9.0930 -8.2288
-10.0209 -11.2802
-9.7143 -10.4814
-9.5158 4.0155
-11.2442 -8.2841
-9.1814 -9.2219
-9.7479 -7.3232
-10.6700 -2.1964
-8.6446 -6.4869
-2.9408 -9.9342
-7.8296 -11.7914
-10.3809 -6.8478
-8.9901 -9.2112
-9.5094 -2.2843
-2.1318 -10.1941
1.5517 -7.9780
-2.5181 -3.8088
-9.7004 -11.8088
-8.4465 3.5712
-11.6989 5.9842
-9.6305 -11.6689
-2.8473 -2.8538
-9.0189 0.6647
-11.3478 -4.2217
-13.0876 -11.0905
-10.7451 -10.1002
-7.6526 -4.1744
-10.8632 -1.7739
-6.8969 2.6039
-8.0051 -11.3744
-1.8301 -10.5350
-9.4563 0.1082
3.4163 -1.9038
-12.5715 -10.0719
-9.6640 -10.5715
-1.2089 -10.5270
-11.4752 -10.9838
-8.4658 -9.5514
3.9451 -7.5769
-3.5125 3.0645
-9.2455 -13.6124
-5.9999 0.8580
-7.5228 -12.5841
-9.7244 -11.6872
-8.8092 -9.5099
2.7325 -8.4671
-6.9571 -1.9768
-8.2132 -2.9269
-2.9413 -11.5975
-3.0533 -8.6869
-13.0796 -4.1615
2.7151 2.1329
1.3680 -8.3102
-3.2315 2.7506
-3.7342 -12.9583
0.6610 -2.5871
-9.7357 -10.5943
-10.9636 -10.7026
-8.1673 -11.3608
-9.7440 -9.6632
-8.3048 -12.7389
-12.0896 -6.5346
-8.5004 -10.2801
-3.7756 -11.1266
-8.9674 -12.1951
-9.5754 -10.2528
-3.8499 -8.9133
-6.6685 -8.8165
-13.3837 -11.5758
-10.6188 -7.6240
-8.8777 -11.7075
2.2843 -10.7518
-3.5459 -2.8779
3.9363 -13.2924
-11.8259 1.7182
-10.1558 -10.5585
-7.6541 1.2422
3.5627 -9.4786
-10.2677 -10.4596
-9.6084 -7.1391
-11.5359 -10.3025
-8.3122 -10.3160
-11.2049 -10.8309
-8.7595 -9.3377
-2.8866 -11.9990
-7.9159 -9.4946
-8.2716 -8.4670
-10.1587 -10.8677
-11.3957 -10.9409
-11.1019 0.3240
-2.9035 -7.3821
-8.5217 -8.0745
-9.6195 -10.4038
-9.6193 -11.1325
-9.9337 2.7781
2.4805 -9.6400
-11.8498 -13.2244
-10.6226 -10.3390
2.2855 0.6328
-11.6247 -9.5906
5.9035 -10.4060
-8.8648 -9.1336
-12.0569 -12.8613
-9.3680 -8.5952
-11.2856 -13.0426
-9.4971 -9.1428
-8.8687 -13.0467
-5.5931 4.3823
-12.5266 -8.3873
-9.7081 -9.9067
-9.0881 -9.0009
-3.1296 -11.0308
-9.5537 -7.1136
-11.5881 -8.5835
-3.0469 -8.0904
-8.7162 5.4268
-8.9079 -10.1145
-9.0785 -14.0013
-6.2127 -7.2750
-10.7289 -7.3443
4.5572 3.9539
-8.5007 -3.1233
-9.9366 -8.1897
-9.2931 -11.9067
-8.8115 -11.1022
-8.6257 -11.6753
-9.1992 -11.5173
-10.2051 -11.5662
-8.9799 -6.2913
-10.7179 -3.0024
-7.2524 -2.0836
-11.1215 -1.8195
-2.2021 -11.2952
5.9205 -10.0253
-10.3588 -9.7356
-9.2286 -11.2850
-3.6332 -3.1353
1.9830 -7.5191
-9.9644 -11.4853
3.1301 -9.7003
-8.5555 -7.1766
-10.8174 -8.8007
-2.6357 -7.7320
-2.8856 -9.3174
-6.8138 -10.4027
-12.3174 3.2165
-12.3887 -10.1420
-2.8685 -10.8018
-10.2523 -12.2414
-10.6147 -6.5583
-9.3403 -8.3109
-1.9276 -3.9544
-8.4072 -8.8897
-10.2738 -9.7364
-12.9781 -7.2718
-8.4328 2.0489
-11.2462 -6.8339
-0.8402 -10.9667
-8.8903 -10.9273
-9.5130 -9.2471
-10.6530 2.7126
-9.7970 -7.4363
-3.1547 -10.5666
-8.6866 -11.0602
-8.4790 -10.7894
-8.0318 2.5562
4.3495 -11.8358
-11.1490 -11.8689
-8.2141 -11.4118
-10.2313 -3.1910
-2.3863 -8.8029
-9.3786 -9.2652
-4.9486 -7.8456
1.6238 -9.9664
-10.8464 -7.1860
-8.6361 -2.9724
2.9261 -10.4338
-10.6211 -9.5457
3.1779 -9.3299
-5.0899 -7.6306
-7.9811 -2.7925
2.5727 -10.6254
-8.8499 -10.0139
-8.3124 1.7257
-12.7981 -2.5764
-9.2518 -11.4314
-10.2887 -3.4381
-8.8484 -10.0727
2.9053 -10.7371
-2.7316 2.9748
-9.1838 2.6393
-10.0604 -8.2522
-10.9779 -3.3210
-3.2816 -10.2542
-10.2356 -6.3893
-4.8130 -9.5450
-11.5480 -7.7260
-10.3229 -11.2927
-10.0044 -3.4011
-8.8414 -10.3026
2.5207 -8.1901
4.8647 -10.3961
-9.2006 -8.4592
-5.9389 -10.4483
-2.9537 -9.4911
-8.7154 -10.4791
-13.2535 -8.1896
-9.1033 -10.8723
-8.7515 -9.3553
-9.4382 -10.3463
-8.1812 -8.5817
-11.8192 -10.5010
-10.4509 -10.6164
-8.2239 -8.1161
-3.7846 -8.9765
-10.9088 -10.9468
4.4848 -10.7739
-11.9945 -9.2828
-10.0034 -11.6372
-7.9700 -8.8024
-9.8582 -3.9051
-10.1562 -10.1005
-11.2283 -2.6812
-9.4806 4.9929
-10.2743 -10.6076
-10.9914 2.5640
-9.4101 -13.1556
0.2860 -10.4316
-9.1302 -8.2864
-2.6355 -11.7416
-3.1064 -11.1377
-12.4286 -2.3839
-10.5959 -10.2244
4.5175 -10.6227
-7.8631 -8.6526
-8.5348 -13.0303
-9.3994 -10.0772
-10.3335 1.0479
-7.0297 -11.2921
-2.6228 -9.6896
4.7735 -10.3026
-2.9334 -2.8208
-6.7984 -9.4820
0.8823 -11.0891
-10.4870 -9.5862
-12.3214 -11.1161
-8.3850 -7.9152
-13.3050 -8.6698
-11.1518 -9.9505
-8.8571 -11.1531
-2.8526 -7.5743
-12.6458 1.6755
-9.0399 3.6262
-7.5486 -7.7240
-9.2554 -2.4076
-3.3098 -9.3740
-9.7734 -9.9997
-8.9082 -10.3216
-4.1883 -8.1622
-11.9435 -2.0923
-7.3630 -11.9974
-10.3504 -11.1355
-9.5560 -9.7522
-8.8564 6.3705
-4.6471 -9.2883
-3.6338 -10.4473
-3.9489 -8.5600
-9.1282 -10.7453
-11.2808 -7.2653
-10.3313 -12.0503
-12.3095 -7.6831
-2.3998 -3.4862
-1.9368 -3.2997
-9.3782 -7.2771
-9.1150 -7.6624
-9.7324 -9.7922
-9.3644 -6.9739
-10.4780 -7.7880
-10.2357 -10.0495
-11.3119 -11.5820
-7.7912 1.7472
0.7781 -9.6412
-10.1299 3.2218
3.8684 -10.1519
-10.1959 2.9888
-8.7341 -10.1533
-9.5417 5.9075
-10.2510 -9.9276
-7.5988 3.5855
2.0645 -11.0639
-11.7301 -8.2627
0.9420 -11.0478
-11.7220 -7.4206
-11.5885 -8.6974
-7.8674 -7.3425
-11.3469 -14.2694
-2.5768 -11.5237
-10.0143 -7.6510
-2.8874 -8.9440
-10.1168 -9.2929
-8.9445 -10.6385
-12.8689 -11.1048
-8.7595 -2.9433
-9.6651 -6.9312
-8.5531 -8.7746
-8.5924 -11.2277
-10.2227 4.2454
-11.4092 -8.0527
-10.8502 1.8418
5.3764 -10.6379
-10.9428 -0.8146
-10.8730 -12.9529
-0.7703 -11.2746
-10.4970 -12.7896
-11.3788 -3.2774
-12.5360 3.2729
-6.7704 -9.7481
0.1437 -11.0779
-10.4176 -11.4231
-10.0010 -8.5178
-3.5362 -10.8833
-10.8203 -10.1086
-9.6802 -11.3952
-8.9402 -9.3186
-12.4738 -9.6316
-11.3180 -9.6323
-2.7547 -7.8913
-11.1768 -3.7464
-3.4823 3.2140
-10.3672 -7.5520
-12.3051 -8.6559
-11.5087 -10.6387
-11.7424 5.2448
4.4599 -11.0654
-8.3572 2.5565
-8.3895 -11.5264
-8.7931 -9.2319
-12.6942 -10.3253
-7.4700 4.8773
4.1632 -7.7209
-13.4628 -9.3921
-10.2915 4.5604
-3.1416 -13.2828
-9.5215 5.7619
-3.5511 -3.4560
-10.9761 -10.1618
-8.7466 -8.8012
-12.4528 3.3107
-9.1607 -8.5642
-10.4878 -9.7596
-8.9856 -2.3263
-11.0805 -7.9324
-10.3660 -9.8758
-11.1805 -6.1528
-2.7511 -10.0048
6.1081 -12.0487
-2.2807 -3.5395
-9.2680 -9.7980
-9.1651 2.6512
-7.8833 4.6716
-8.8658 -9.4033
-8.8247 6.7214
-10.3621 -7.5808
-2.9061 -2.3243
-10.4448 -3.6719
4.4537 -7.3772
-10.5820 -9.8146
-12.7856 -9.3997
-9.3823 -12.7648
-10.4744 -7.3619
-2.9342 4.5352
-8.1613 -10.1931
-8.3469 -3.1951
-9.3865 3.9549
-9.2302 3.6097
3.5936 -11.7684
1.2413 -11.5328
-7.8483 -11.8540
-8.6673 -11.2089
-9.0944 -9.9347
-2.1932 -9.2082
-11.0396 -7.4565
-2.0742 -9.3976
-7.9792 -8.4009
-9.9582 -13.7433
-10.4192 -10.1059
-8.9123 3.1621
-8.0659 -11.4025
-8.7058 -11.2645
-2.9531 -9.5509
-14.1788 -12.4670
-9.7942 -10.8716
-8.1895 -9.8558
-13.0354 -8.0428
-7.2379 -9.0060
-8.8004 -10.1227
-5.1236 -10.4043
-7.7282 -9.4090
-7.4509 -7.6678
-7.2755 -1.3602
-6.8273 -8.1090
-9.2985 4.9021
-9.8801 -9.8223
-5.9411 -5.6063
-9.3830 -5.7881
-12.0613 -10.2373
-12.2522 -11.4109
-12.1291 3.7692
-8.2215 -6.9419
-9.9006 -3.3486
-11.5146 -10.2088
-11.5008 3.1167
-12.0123 -1.7505
-8.1059 -10.2324
-11.5606 2.6446
-2.4833 -10.6764
2.2512 -9.4024
-9.3047 -8.8251
-7.8309 -3.4918
-10.8139 -3.5645
-12.1930 -11.9676
-11.4706 -10.8088
-7.0676 -11.2637
-7.2514 -10.0617
-9.3882 -8.3958
4.7345 -9.5098
-10.0041 -11.4414
-11.1021 3.7629
-9.1710 4.9916
-14.6663 4.5690
-10.0933 -10.5923
-11.6446 -3.0191
-8.4681 -10.4549
-9.6385 -2.2958
-11.4906 5.9894
-7.5397 -11.0450
3.7835 -11.7559
-3.8509 -9.5724
-9.2323 -11.7549
-7.1844 -2.8637
-9.2551 -9.8329
-10.0829 -10.4377
5.1075 -11.9799
-11.2897 -9.1271
-7.2248 -8.7283
-9.7134 3.9020
-8.1378 -9.2609
-12.4448 -9.3368
-10.1778 -10.1758
-10.0471 -7.8347
-8.2628 -8.8195
1.2800 -3.2198
-9.2010 -11.0361
-8.4056 -9.4873
-5.2786 -8.5897
-9.7514 -10.8004
-9.4845 3.2936
3.9799 -10.0739
-9.3847 -7.4584
-8.5711 -3.1476
-12.8813 -4.7238
-2.3126 -8.2969
2.2485 -9.9529
-14.5289 -10.4336
-5.1931 -8.5267
-10.3055 -10.1696
-8.6142 4.5894
2.8566 -9.8868
-11.4452 -9.5549
6.1908 -8.8834
-7.8277 -11.1809
-6.8517 -9.5180
-9.8435 -8.7807
-3.3591 2.8326
-10.8039 -12.7978
-10.2838 -11.4226
-10.9036 -3.3332
-1.0282 -2.2485
-10.0763 -9.0506
-10.6414 -11.5271
4.8471 -9.2981
-3.1556 -7.3850
-8.6796 -7.3291
-9.7789 -13.6510
-9.1197 -8.7368
-9.5251 -8.4882
-12.4006 -6.5263
-8.2191 -13.4690
-10.0981 -1.9633
-7.1016 -9.1512
-10.8964 4.5062
-7.8724 -3.1729
-8.4237 -9.5253
-8.6177 -8.3824
-8.5995 -9.1699
-8.4897 -3.8605
-9.4445 -3.1652
3.6770 -9.6831
-9.3244 -13.2147
-9.2988 -8.8395
-9.0880 -9.6733
-7.9846 -7.2742
-11.3735 -1.7744
1.9295 -8.9198
-3.4225 -10.8183
-2.3948 -9.9544
-9.4844 3.9690
1.9203 -10.5527
-9.5595 5.6706
-11.1702 -9.3689
4.5904 3.0442
-10.3104 -10.4305
-4.4119 -7.9359
-10.6406 -10.1116
4.5272 5.5308
-10.8454 -9.2417
-7.8952 -11.3232
-10.4928 -10.2284
-8.8322 -9.7902
-1.9347 -7.2961
-3.2335 -8.8693
1.4134 2.3714
-11.9647 -10.6694
4.4379 -10.5753
-9.0071 -2.7852
-12.1947 -8.6000
-11.5660 -9.6257
-10.8625 -9.5286
3.8585 2.0636
-11.4229 1.0167
-7.3225 -14.0041
5.9787 -10.4890
-9.7960 4.1616
-7.5037 -9.2136
-11.0159 -11.5397
-2.6727 -9.4588
1.0865 0.3530
1.1376 -11.5887
-9.4396 -10.5826
-11.0549 -7.3649
-10.7375 -8.6953
-12.6458 -9.5198
-7.6149 -11.8372
-11.5009 3.1345
-11.2266 -11.7194
-9.0008 -11.2468
6.3476 5.6331
-10.4867 -7.6203
-8.0034 -12.2071
3.5709 -7.9845
-10.0581 -10.2654
0.4336 -10.2979
-3.3058 -7.9145
-2.9047 -6.8939
-3.5901 -10.0748
-7.4549 -8.1535
-2.6146 -7.1787
-9.7997 -9.4098
-9.5385 -8.4730
-8.5315 -5.8137
-9.0276 -8.9780
-9.9901 -6.9011
-9.5845 -3.0031
-9.0911 -10.1561
-11.1251 -13.7837
-10.7669 -6.7734
7.3970 -9.2539
-8.8542 -11.4592
-9.9666 -10.2708
-4.1895 -9.2115
-4.7864 -10.2625
-7.3549 -9.7065
-10.9088 -2.6923
-12.2160 -7.4072
-9.7858 -11.1744
1.8925 -11.6198
-7.3477 -7.1770
-1.4282 -9.8477
-4.9604 -7.3275
-12.9117 3.8006
-9.8484 -9.9646
1.5491 3.5611
-7.9069 -10.2198
-10.7742 -9.3573
-9.6058 -1.5624
-11.1207 -8.0249
-11.3896 -11.2090
-11.3815 1.9073
-11.1327 -7.2305
-9.1918 -7.8870
-9.7304 -12.1527
-9.5255 -11.2117
-9.3447 -9.9105
-10.3086 -9.6750
-7.8974 -8.4177
-9.1571 3.8697
-8.6171 -11.6952
-8.8774 -10.5406
-9.5689 -9.8193
-8.6860 -7.6367
-2.7723 -11.7128
-9.9245 3.2559
-2.5403 -10.5036
-10.0746 -8.4155
-9.9039 -11.2870
-2.5913 -3.4359
-10.1607 -8.4489
-10.3369 1.9323
0.6755 -12.4591
-8.4906 -11.2834
2.4407 -9.1420
-9.2398 1.1994
-11.1556 2.9187
-6.7855 -10.5749
5.1241 -8.8991
-8.8168 -10.5953
-9.0344 -12.0532
-9.9508 -10.4054
-9.7049 -13.0668
-5.5341 3.5596
-7.9673 -9.9112
-10.5617 -9.9569
-10.4468 -10.1803
-9.8411 2.2868
-10.8145 -6.4742
-2.9846 -10.1225
-7.6816 -10.7063
-2.1969 -9.8716
-10.6660 -8.5105
-3.2290 0.9320
-9.5542 -10.7513
-8.7106 2.9531
-9.2313 -3.9142
-2.6702 -9.9149
-3.4616 0.9138
-8.4320 3.5037
-9.9806 -8.6959
4.5599 -10.6129
-10.1105 -3.1475
-2.7127 -9.8967
-10.2264 -10.6722
1.8084 4.0614
-9.4203 -10.6887
-10.5134 -2.6936
-11.0812 -9.9326
4.0665 1.7156
-10.3057 -8.5965
-9.9171 -7.6577
-11.2558 -8.3367
3.3489 -8.8389
-9.2144 -11.4534
-12.7120 -11.9295
-10.3177 4.7719
-10.4950 -10.6785
-4.0002 2.4916
-9.3316 -9.7873
-12.3852 -2.7599
5.4974 0.4588
-11.1480 6.1863
-11.7773 -9.3978
-8.2882 8.7058
9.4999 3.7894
7.3279 6.4862
-1.7276 -2.7249
-1.1623 6.2947
3.8434 6.7621
-2.4231 7.5414
8.6218 8.4846
2.6149 -4.0667
5.5512 0.3985
9.7158 -5.1635
9.8926 8.6276
7.5607 7.0445
9.3045 9.4159
9.5355 -2.8990
9.3510 9.1868
0.6735 3.8550
5.0446 4.0925
5.2811 12.4440
7.5309 5.3575
5.8752 8.6058
5.2170 2.4904
6.7746 6.7396
8.7191 6.8932
9.0004 3.9958
-2.9090 2.2943
6.8902 7.3009
3.9404 8.7103
4.4150 9.4354
1.6364 7.6722
9.2726 2.9430
-7.3490 5.0648
8.5265 8.9482
6.8996 6.9240
6.8626 0.6995
5.3709 4.5875
9.9162 7.9362
9.5606 8.8611
-4.5113 7.2099
-1.2159 7.2586
4.8021 6.2680
3.5802 5.3891
8.4049 -2.2046
8.4412 4.6449
3.1740 8.7353
8.5853 5.8738
-3.0455 8.9138
-2.9407 4.2996
9.3780 -2.3263
-5.4630 9.9035
6.9473 6.9021
8.5310 5.8776
-6.3347 6.4551
8.8847 8.4751
7.0773 9.8257
2.5430 2.4213
5.4207 6.6102
5.9539 7.6514
6.0694 7.3679
-2.8185 6.9318
10.2486 8.3786
8.5710 -3.9834
6.6713 7.5840
-7.9714 9.9385
5.6641 1.3689
9.7087 7.3504
5.4235 -0.8499
5.6227 -6.7005
8.4274 7.7163
3.7760 8.7978
5.5595 8.9661
11.1302 4.9755
6.3287 6.4718
9.0065 10.9811
10.6164 10.4117
7.9240 8.2974
8.6388 7.0636
-5.4874 6.0895
5.7272 4.0995
7.0567 5.6199
9.2473 2.4585
7.1387 8.9177
1.7451 -2.3646
8.8802 2.4925
12.1536 6.3276
9.1660 -8.5919
8.7921 11.4067
-4.7489 8.8119
-3.7182 3.7969
9.6933 6.7433
5.2154 6.0444
0.1776 -3.0751
8.2749 -3.8538
5.9536 5.5140
1.4855 4.3516
9.2725 9.5344
2.7701 7.2347
7.4657 3.8694
9.5911 6.4210
7.7345 7.4681
7.1674 9.1626
7.9304 -4.3513
4.0825 5.8722
1.5751 9.1756
13.2716 6.3431
-1.7807 1.6679
2.8076 10.4016
5.2272 3.3353
3.0740 9.2929
4.8338 8.4875
4.9644 3.4626
-1.1911 6.1275
-5.9018 9.2465
2.3853 9.5350
7.8426 4.9870
4.4674 7.3138
9.6959 8.1943
3.2232 -3.1367
7.1074 7.0887
4.8593 5.5703
-4.0249 4.9487
-2.6415 -2.1793
-1.4984 9.5277
4.6625 2.8049
4.7067 -7.5335
10.7939 -0.5645
8.7812 6.2673
4.2714 13.8792
8.2943 3.9607
-3.1114 7.6584
3.6379 11.9464
5.4308 8.9658
2.8389 -5.8555
8.7107 -2.2920
-2.4543 8.8003
12.0950 7.6396
9.6219 9.6681
-1.5711 2.3160
6.3994 1.0847
-1.8258 3.5768
8.9158 4.6435
-1.7192 7.3696
2.7970 10.2060
-3.5320 6.9838
5.3246 8.7174
4.2821 1.2636
8.3436 6.8428
8.9534 8.5512
5.2742 9.2480
5.2937 3.4672
6.1263 5.6096
5.9178 3.1937
-5.6779 5.9517
5.3577 5.2966
6.2486 14.1695
9.6394 7.4390
3.1232 3.9268
-5.7521 7.8292
9.4053 -3.2420
-5.0764 5.2860
-4.8876 6.8552
-0.1912 7.2274
6.0893 8.9239
6.5559 6.3312
8.5089 9.0400
5.6090 4.7193
8.9802 -4.8274
6.2977 5.4320
5.7008 0.3832
8.7358 5.5928
4.9937 11.6806
5.5627 8.3136
3.9311 5.1009
4.4673 2.1164
6.0993 7.5348
10.2943 6.9916
10.9031 7.9518
5.4304 -4.6828
9.4701 2.6809
8.9212 6.9769
3.5674 1.7544
3.1710 2.6279
2.2522 10.7461
6.3425 5.5106
4.9293 -3.6096
5.4811 -4.2201
2.4116 7.0567
6.2176 4.2138
16.3476 8.8865
7.4582 2.5489
8.5304 10.0376
8.2804 9.5565
8.9774 12.2735
3.9449 9.3059
5.7246 3.3628
3.1324 -3.5081
8.7067 8.4694
-4.4349 -5.1343
1.2471 6.0732
6.2847 -1.9426
-7.4385 9.9112
-2.1103 8.8478
8.5775 12.0373
4.2408 6.8990
2.4854 4.4190
8.2976 2.2123
5.9716 3.5350
8.5364 7.1394
7.3746 9.0895
4.3740 6.0099
5.3549 8.4599
7.7122 8.8934
0.6142 3.7559
5.3756 0.2120
4.0740 0.6383
9.1907 0.4662
7.5384 5.7376
7.8991 2.4134
0.5608 7.4854
4.6644 5.4171
4.6566 2.7507
-8.6317 8.5537
1.8486 5.2264
4.2940 5.0811
5.9011 3.7356
4.6924 6.3730
5.2369 4.7751
8.5353 9.3543
9.2727 -5.3168
10.1067 5.9335
5.9457 -4.4337
0.7685 -0.9366
-4.7468 -6.2661
7.9870 1.5223
4.8835 9.4014
8.4329 9.1937
14.2254 5.6918
-3.8498 1.3163
5.6675 6.2155
5.7715 8.8275
1.7472 8.9154
10.5572 6.8726
-0.7368 4.8539
8.5150 3.8135
-2.6324 6.2310
8.6514 7.6349
7.2639 -5.9400
3.3559 11.5168
6.2158 6.7971
9.9460 11.3547
8.7444 6.2162
5.3720 6.9057
-4.5316 6.0235
8.7955 3.5719
-6.5422 5.0517
9.6082 7.5759
4.6087 -3.7406
4.4216 -2.6557
4.4579 4.9239
4.6352 -0.7949
9.1663 4.7279
-2.5745 9.2739
7.2404 5.3202
6.0648 8.4782
4.9886 6.1667
5.7328 7.5119
11.6980 6.0159
4.5812 9.1001
3.3506 4.4757
8.8031 4.8272
4.1007 0.0549
8.0672 12.5694
7.0925 5.5798
6.7435 7.8131
3.1391 6.5166
4.3860 4.6308
1.4195 6.2040
3.3846 5.6267
3.0639 8.5119
-4.7192 2.9684
10.7528 8.7396
9.1673 8.9351
8.3926 0.7766
-0.5011 10.3232
8.5016 5.2966
7.1226 3.6147
3.4482 7.7420
-2.9049 -1.0846
6.5380 6.8497
7.8872 9.0386
7.7434 8.3763
0.2672 -1.4876
8.5163 8.3075
7.4204 -4.5648
-7.5218 -2.2999
-4.8563 8.7506
8.5491 -4.2519
10.9768 6.3310
3.6699 8.0528
5.0968 -3.1217
3.6107 6.3588
11.0302 7.0592
6.8614 8.9176
4.8881 6.1096
4.9248 6.9838
6.1819 10.7335
3.4368 5.8922
3.0604 9.4106
13.4249 -0.7337
5.2811 8.5906
5.9256 4.9513
7.4387 9.0097
8.8151 4.1846
-5.1521 8.7973
1.7884 6.9619
7.8752 9.6383
7.5763 7.0021
4.7876 2.8448
8.3560 8.3262
8.1669 5.2090
8.9059 3.0906
4.3787 6.1745
5.2047 9.1184
7.0820 8.5054
8.3828 8.6128
10.1889 5.1779
7.3570 8.1396
8.2540 7.1896
6.9561 -0.0105
-2.8823 3.7459
2.5815 7.2272
9.1131 1.8444
8.1819 7.8191
5.4094 5.2887
1.4871 9.7059
-3.2445 1.1751
-13.4296 6.9314
10.1058 7.3986
-0.9211 5.4182
9.1675 8.7045
9.1469 8.8139
8.5326 1.9616
-6.2820 8.7768
8.0595 7.0058
7.5004 8.8811
8.9998 15.5661
8.7974 4.1553
9.0263 8.9522
-4.6790 8.1665
4.9231 -3.2615
8.5410 8.2144
-2.6144 8.7538
-2.1215 6.8446
4.8788 0.3647
5.8892 2.1776
6.1869 7.8545
9.4902 -1.9422
5.6571 7.8927
8.8294 -5.2085
5.9772 8.8743
-0.0058 2.9305
12.7026 -3.6039
3.5087 10.3104
3.1285 7.3361
7.3515 -2.8716
7.0949 6.7327
8.9181 7.3380
-1.3381 0.6648
9.7278 2.0939
8.5122 10.8639
-2.3155 -7.0209
8.4384 6.7810
8.0422 6.1593
6.3539 2.3810
4.9320 8.6931
3.7193 6.0925
8.6100 9.0792
4.4362 -0.5469
8.5972 3.4841
7.0716 8.1446
8.9520 -2.3458
6.6431 2.9983
9.2397 6.8729
0.9121 9.9231
11.6335 6.0296
4.9136 -2.7054
4.0253 -4.2978
5.8586 2.9857
8.6516 7.2332
5.8249 8.8574
8.6078 9.6180
7.6718 4.7211
5.6234 5.6624
3.3736 1.9283
4.6653 -9.4180
8.9853 3.0699
6.9227 3.9862
8.8358 7.8016
7.3031 0.0556
8.7427 3.7246
5.7714 8.5974
8.4993 8.7158
5.8512 -4.9354
4.7612 6.7401
3.7833 8.5714
7.2172 6.3432
9.7320 -10.1019
7.8211 6.8037
-3.1227 7.7997
8.8862 -2.6584
7.9877 9.0312
1.8965 -1.8189
8.7110 4.8156
4.3986 8.8025
6.6584 -2.5182
8.4439 3.5386
10.3232 9.2387
8.5214 8.8112
6.8720 3.9796
-6.2408 6.2683
-7.9491 -6.3343
6.3149 8.6856
6.6530 12.3802
8.1762 8.6263
6.9506 0.5799
8.5358 8.8596
8.9155 8.9730
-2.6384 3.7497
-4.6875 9.2485
7.3926 14.4219
4.4458 8.8822
4.0589 2.0748
4.9500 3.8416
5.8429 2.6748
3.6959 8.4024
5.9265 6.1193
7.1605 9.9211
8.8804 7.4884
3.2496 4.4997
7.1386 8.8807
-4.1298 2.9991
5.7969 3.7353
5.8180 -7.1795
5.8413 9.7334
6.4152 2.8625
8.6564 -7.1122
5.1513 7.0633
7.5624 7.2324
5.6262 8.8015
5.8406 -0.8378
4.4756 8.6033
7.2141 3.6082
8.7730 3.4015
5.2053 6.2558
5.7192 7.7278
-3.7728 6.3331
8.6027 6.0571
7.3159 4.5722
8.8017 8.2969
-1.4552 2.0205
3.6705 -3.7725
1.3852 5.3108
11.8063 8.4081
2.9359 -5.9458
-3.5713 3.7828
-2.6561 5.4837
6.7676 10.6838
6.1341 13.2107
2.9374 7.1920
10.4919 7.0684
-5.8037 4.5056
7.5146 6.3719
8.5865 9.3031
8.9787 -3.8997
8.5061 9.5025
11.4155 2.9731
-2.4927 10.6720
1.7104 8.5004
6.8854 0.3875
3.3979 3.5318
-5.5017 8.6424
10.2854 3.7117
0.2459 7.9025
5.4346 9.3196
6.4322 7.0580
4.7588 8.4716
8.9900 7.6066
1.9518 10.1046
6.3993 10.5479
6.7503 8.3291
8.5209 1.2730
6.1872 6.8204
5.0280 7.1964
6.9178 -5.0163
2.1475 8.5836
5.8026 4.0161
7.7166 -3.3028
6.4033 3.1705
7.2683 2.1125
-3.0537 5.1641
7.5539 8.2104
9.2967 -3.5810
3.3854 -4.6982
5.9150 0.9467
7.2798 10.9471
3.5812 8.2413
2.2783 8.8039
4.5164 2.3652
7.5972 9.4864
3.6628 6.6926
4.5977 7.0606
10.7800 5.5887
9.5743 7.7752
-2.3733 6.6274
7.5901 1.6940
6.8431 4.5753
8.5447 6.9713
9.6527 7.9071
6.8187 5.2022
1.8035 4.2599
2.4174 4.0322
4.0594 13.5210
8.7962 9.5780
5.7411 8.5485
5.2499 4.7316
-0.6227 5.9551
9.0991 3.6911
4.4746 -3.7692
6.8852 6.1641
11.4869 6.2459
5.0077 7.2409
-3.4108 4.8026
7.2838 -1.8547
9.1133 8.8381
5.6613 -5.3707
12.0672 -2.4846
-6.0830 -2.6916
3.3086 7.1236
8.0716 -4.4407
5.9765 5.9852
6.1692 6.3094
8.7501 4.1441
8.2885 9.0952
8.2293 9.1010
9.0678 6.4019
-3.9529 4.8403
8.8111 5.5506
0.5721 9.2597
-3.2206 5.8464
6.6718 1.8794
7.6126 -1.9264
5.0979 8.9744
10.1675 8.5342
9.6601 8.8667
9.8093 -4.6463
6.0344 1.4945
5.6036 12.6213
9.1589 5.9452
7.6365 6.7741
3.9739 5.6642
-4.1312 9.0099
5.3169 7.8153
8.8047 3.6837
2.7914 7.2704
4.1664 7.0464
5.9940 -3.1249
9.1730 7.8921
6.3609 2.2916
-3.7192 10.0104
7.9168 6.9844
7.1410 11.3969
8.2397 8.7051
4.9460 9.1218
11.1236 5.3510
8.4114 -2.7359
8.2551 7.0535
-1.6764 5.5887
7.3851 8.5707
9.3253 8.8407
5.8283 12.3253
7.9100 8.0285
9.2775 5.5291
9.2214 7.2247
4.3331 12.2377
2.6284 9.1402
3.4501 -8.2917
8.0947 7.7985
-9.2737 -6.8852
7.5435 9.1208
10.3513 -1.0479
8.0056 8.7221
-5.0458 6.1157
8.6005 8.7216
3.8288 3.8923
8.0570 8.2122
9.0928 4.3341
7.0481 6.5300
7.0482 4.7570
5.5696 6.9115
0.2387 1.2056
4.9809 -3.7261
7.0389 7.7627
-6.3544 9.4560
8.8712 9.2222
3.8754 7.3500
6.2485 7.0902
3.6877 6.7486
4.0487 7.8903
5.0079 8.6634
-5.8239 9.4195
4.2846 7.0467
7.4882 -4.5031
7.7815 6.0697
9.3368 9.4379
6.4913 4.3110
-5.6121 7.0970
6.6565 8.6082
4.0960 9.3434
8.0991 7.1886
5.8364 12.0138
9.4722 9.4573
3.0399 8.9119
8.1527 5.9760
3.2578 8.2792
9.0815 -3.0324
8.7091 8.4879
-5.9351 5.0757
7.2719 8.1439
4.6654 7.1250
-1.3387 5.0295
7.9388 8.5388
8.5124 5.2576
7.0300 6.6753
3.1997 4.7290
4.7172 2.6254
12.5870 -11.4112
9.0930 4.2134
9.0210 5.6189
4.0095 6.3199
4.8565 9.0190
-4.9874 4.9767
9.0466 3.3178
5.8739 5.1531
3.0850 0.4766
8.7561 4.6401
3.2236 1.4385
1.0472 6.0838
8.3470 5.8199
2.7707 6.9710
8.4419 -6.6172
6.3277 6.9835
8.3777 7.9230
6.9535 5.5305
1.9100 1.8397
-5.2965 12.7316
10.2762 -0.1613
9.3374 7.3957
1.0282 2.7161
6.8697 8.7427
7.3797 11.8115
-4.4646 5.2961
3.3762 0.2234
9.7890 8.1586
8.6413 7.1455
9.3939 -3.4183
8.8732 2.0981
4.3445 4.7306
3.8268 8.9268
8.0186 5.4403
3.3829 -4.3763
4.1643 1.7600
4.6474 5.6702
4.4935 6.3633
11.3066 1.0185
12.0479 -3.3448
4.6338 11.8972
6.5571 5.6698
5.3382 6.2191
-8.6231 6.6448
3.8495 1.9294
2.0851 5.1113
4.9763 7.9684
-3.5594 8.4198
6.7796 2.2981
-2.3653 5.4110
6.2959 5.9788
5.7673 8.8183
10.6462 5.5544
5.2567 6.1860
8.3161 6.3386
5.0099 8.9808
7.8817 4.8269
5.3279 -5.0806
8.8019 8.9580
-5.0080 6.8556
-3.2179 8.8228
7.9593 9.9201
13.6361 5.8667
9.4506 5.0699
6.3885 3.9164
8.7060 12.4742
13.3107 8.9824
7.1893 4.6575
-1.6132 8.5615
9.7680 4.7891
6.0478 4.1732
-5.8353 8.4183
2.3030 8.3431
3.3978 6.1044
7.8770 7.7564
8.4790 4.4918
4.7929 -4.0517
7.8956 1.5558
11.7495 6.5500
11.5053 5.3638
9.2401 12.5974
6.1173 9.5569
7.5994 5.7667
-6.8031 9.0390
-0.9695 5.4631
3.2376 7.7047
3.9375 -0.9648
6.2174 9.0925
10.3144 7.3654
8.2902 8.6144
2.5668 5.7141
9.2331 5.9294
7.7571 8.6927
3.9909 4.1706
9.3560 5.9391
9.0675 9.0641
7.7654 8.7068
9.7256 6.1353
8.8941 6.2406
-6.4327 10.6239
9.5872 4.1606
5.9581 9.6613
8.2299 8.5631
5.6484 8.0364
-8.2468 10.5758
8.0919 8.5959
7.3813 0.3525
7.1430 9.4260
10.4918 9.5526
-5.5830 6.4575
6.2077 7.1647
6.3968 6.1525
5.0993 9.6928
3.8915 7.1884
10.1477 2.9925
7.5139 0.9034
8.7548 5.8678
-5.8965 2.6442
-5.1591 5.3071
2.5162 0.0750
8.1309 9.0170
6.2548 2.8979
4.7230 5.6031
8.8918 -4.4122
11.5953 9.2973
5.1986 9.0506
2.9692 3.2684
8.3523 -2.8489
1.2908 3.6353
-5.7952 4.7018
8.5209 8.8437
-2.6287 1.8049
6.4971 6.1558
3.3224 7.3587
10.5088 -3.9508
5.9395 7.5393
7.0012 1.6437
1.3641 9.8776
8.4665 -3.9536
9.2700 8.2100
5.8323 8.7409
5.0479 6.9981
-1.2981 5.3798
2.5295 7.1040
8.3164 5.8039
8.6520 7.8418
8.1622 9.4871
3.8598 -5.5766
2.7729 1.5147
7.1092 5.3005
8.3081 8.1018
-6.9733 6.5151
9.5569 -1.6067
-4.6973 8.2620
8.9153 2.2536
5.6427 2.6152
4.2576 8.7328
2.8828 8.3820
-5.6756 7.9296
-8.0239 -0.7005
11.0444 12.0308
-12.8940 2.9141
2.1256 10.4608
4.0678 5.2433
8.7485 5.5860
5.7114 6.5718
5.2161 3.3224
3.3208 11.3447
0.9433 5.8950
1.1333 -8.3866
6.3052 8.4229
3.2987 8.1029
6.9981 8.6374
3.6505 -0.1957
10.4391 2.1985
3.8118 8.1615
8.9645 5.2509
3.2496 8.9139
-3.6103 8.6408
4.6444 4.7871
6.4044 7.2879
2.3698 4.4286
8.7624 7.0334
5.1629 -4.7432
-0.8534 8.8969
10.1540 7.3997
1.3007 2.9699
6.2761 9.9846
3.5701 5.2443
3.4149 6.2228
6.1091 -6.3066
9.6283 9.5342
-4.2884 7.6530
-2.1906 8.5428
6.8658 4.3019
8.1265 2.9734
8.5618 11.0206
5.8533 10.6813
9.9800 10.3508
5.6217 5.8471
9.1423 4.0918
5.7487 -8.7675
8.4143 4.4531
5.3833 4.4222
5.1395 5.3873
7.7979 5.0223
5.3890 5.2512
-13.1899 7.8605
3.5118 8.6902
1.8616 -3.7753
3.9242 7.9353
4.5211 9.3816
9.4790 8.5005
2.9708 2.6521
8.3072 9.2145
-5.3064 8.8784
9.1218 8.4331
7.1050 8.1948
1.9645 -1.8680
4.2378 -2.3030
6.1165 9.2866
8.7627 8.4061
8.5021 6.3965
6.4906 8.0336
0.3899 -6.1161
-1.2769 0.3172
11.5305 6.3681
9.3139 7.9433
5.7664 5.9492
2.2878 8.2510
8.3352 3.5397
7.7577 4.5920
1.4686 7.8449
8.3962 -4.0768
-0.8769 3.3059
2.5808 5.9677
2.8911 7.7499
9.8143 9.4781
10.1446 4.4461
5.6155 5.3693
7.5047 11.6134
8.2939 6.1545
7.3630 -1.1383
9.1237 12.0220
3.8528 8.4851
9.5491 8.9737
3.5495 -2.6872
8.8449 9.9454
8.4941 5.9349
0.9472 -5.6010
7.9705 6.8928
8.8401 6.4565
6.6672 9.6709
-1.8205 7.6529
2.8001 8.7603
8.7647 8.0272
13.0099 4.6449
8.5845 6.5564
-4.2679 3.6072
8.8149 10.7544
10.1312 12.0329
7.4865 6.8044
4.8422 4.7560
6.1468 6.2674
5.5182 9.4425
6.3757 8.3837
8.6291 -2.8782
-13.4976 2.1780
7.6651 1.7850
7.4429 2.4445
3.5100 8.5902
10.4859 5.5377
5.7500 -3.6128
6.6512 7.2816
4.4843 3.7751
3.6956 8.5839
-3.5125 9.2857
7.0988 6.1331
5.7738 12.9256
9.2218 1.8573
-2.2441 10.8249
8.1610 11.3646
1.2510 3.4079
7.9008 6.4787
-5.5598 3.6126
-1.9369 6.8930
8.6887 7.5401
7.2166 8.8760
7.3743 6.7321
6.6466 8.9903
8.7086 4.5363
2.1957 8.9718
-2.5724 7.7024
7.4918 9.7441
9.1527 -6.9357
7.7739 -1.5805
2.4880 2.8155
6.6708 6.8524
6.6524 2.4145
6.8598 6.0927
2.7918 4.9948
12.6248 4.9082
8.2251 3.7241
4.3733 7.0969
7.6337 10.8790
5.1516 4.0778
7.6975 -7.0422
9.3549 10.1503
2.6115 9.1872
9.3102 6.8804
5.5349 -4.3101
-1.4960 6.2568
-4.4423 6.9385
6.1332 9.3051
4.4232 5.9983
2.6258 11.1532
-1.6037 7.6410
8.5436 6.3642
-4.8364 7.5124
-2.2707 9.7164
10.3382 4.0303
7.8658 -1.4341
5.7382 11.5971
-4.6059 7.2407
9.2467 8.7125
12.8458 9.5001
5.8652 4.8990
8.5533 -0.3263
14.3178 3.5733
8.8479 8.2155
8.2860 2.5690
-2.3426 9.0893
2.9007 -4.8164
7.8504 6.8129
6.1138 5.0357
7.6163 6.6831
6.6455 3.3383
5.5996 9.5542
5.3493 4.4130
3.9252 4.2583
13.3424 5.6320
8.0876 7.5710
5.0317 6.1678
-8.9833 4.9585
0.7169 4.5010
7.4528 5.0468
-0.3543 7.0236
8.6936 6.0023
12.2295 0.8786
8.9679 4.8437
9.1073 8.9971
-3.0502 9.1445
7.2786 8.4378
8.5462 2.4805
7.2174 4.6876
-2.8812 5.7651
-6.2340 3.0474
-3.8736 3.2632
11.9775 9.7911
7.6826 8.9566
-3.6851 8.0519
6.2725 -3.4473
7.4739 6.8498
6.4605 8.1584
9.0042 8.7832
6.3134 6.1638
4.4816 9.1457
4.4413 10.8953
6.5826 -0.8862
7.6205 6.6063
5.6839 5.6620
3.5429 6.5789
8.5303 6.7702
10.1793 10.3154
8.8360 7.9914
12.6246 7.3255
-6.0305 2.9617
3.2482 8.8065
8.9762 5.2501
3.3531 9.0933
-1.3577 9.1864
8.9141 9.2310
9.6876 4.4585
6.2591 11.7541
7.4524 7.3133
6.5037 8.2231
6.2411 8.7345
7.4108 11.4335
7.9008 4.2392
6.2071 11.8002
8.7483 8.3215
4.7583 6.1757
2.2418 9.1932
-0.5360 9.4442
4.9390 7.0094
7.0698 5.8857
6.8745 8.5819
4.0625 6.1054
10.3400 8.6615
2.5014 3.3519
2.1085 5.6042
4.4073 4.8078
-3.9953 8.9531
6.2529 5.0634
-4.8035 -0.7145
8.7298 8.0440
1.1392 -2.6203
9.4398 4.7541
5.0268 5.5757
-1.7848 7.7329
1.7489 3.9973
8.0199 5.6664
9.0731 6.5768
2.2664 7.2470
4.2549 8.7346
10.0988 6.2219
7.9878 8.9527
7.4690 4.0694
2.5125 6.9225
9.1949 7.7392
8.0340 5.0631
6.7149 3.7202
5.2953 11.9030
11.6888 7.9833
8.4956 11.2873
8.4656 5.8809
12.3577 10.2766
-4.9190 3.8166
1.2953 9.1076
-1.5878 4.6542
9.3011 3.1934
2.1492 9.5172
4.1738 6.1576
4.1838 8.6313
11.6533 6.9517
-3.8593 8.4101
9.6913 -4.2975
-7.4532 9.6982
-1.5273 9.0784
7.2405 8.7177
-2.8786 3.3571
12.6577 -4.7784
8.7868 4.2833
8.1319 8.8990
3.0817 5.5174
5.2966 4.1753
3.4117 5.3470
6.1187 4.0047
5.8406 5.8526
7.3886 6.9184
2.1398 -4.2231
4.7442 1.6929
3.2509 3.0180
5.7295 4.5315
0.2832 8.9416
3.7981 5.9356
9.4748 9.1116
7.2340 1.3890
9.1645 1.6144
1.9482 7.5123
7.0012 5.0859
7.7142 9.8083
8.0504 9.4274
-1.3054 8.7335
8.9685 9.5840
13.2014 9.6076
7.9235 4.8971
8.1089 7.4578
8.9473 4.0188
7.7753 8.3050
-6.2649 7.4692
5.8430 3.9875
7.5234 2.6358
8.6115 6.0443
3.6992 9.2296
4.5150 7.3063
10.9947 7.8535
-4.6467 6.9433
10.4636 2.8163
6.1530 6.0632
8.7413 5.1501
8.4307 7.8775
8.5807 -3.5463
6.1710 8.6619
3.6771 1.9700
-6.2427 -8.0141
-1.3006 4.8959
7.6801 3.9120
8.2246 4.5678
9.0560 5.9550
-4.5463 3.1686
8.9588 -5.1764
5.2095 4.9036
9.3987 -3.1764
9.0978 8.2724
14.2179 5.9243
1.1903 8.5710
8.7721 5.4188
4.7354 0.3617
-9.2482 8.8791
4.6878 0.2294
5.6113 2.7884
8.9098 6.3003
8.6057 3.4692
8.2096 5.6708
8.2800 6.4681
7.2024 10.8616
6.4660 8.6011
-6.6975 -2.2698
5.4168 6.6389
7.6556 7.8385
-5.4545 4.8349
10.5309 0.3158
4.0105 -5.3780
4.3261 0.0959
-3.1241 8.3375
4.1999 5.1473
12.5570 9.3643
5.7865 7.8953
4.3098 6.8486
6.2624 6.5315
5.2381 6.5873
4.7177 -6.9924
-5.9463 7.5948
9.1526 5.9777
4.3691 6.8852
9.2266 9.0693
8.9373 4.1022
8.3286 3.4356
2.5101 10.7946
4.3791 6.3880
8.6847 7.2089
5.1325 5.9950
6.2833 8.6152
6.9204 7.7274
8.8115 8.6482
6.6649 3.6623
8.9941 9.4823
-2.1336 9.6831
-0.4999 8.9049
3.6318 8.7927
4.7920 4.9323
4.1894 -1.4842
3.1070 7.6485
8.3111 7.8866
0.0520 5.7688
2.0970 -7.3004
8.4081 8.7786
6.7839 5.5035
-0.0548 6.9273
9.0838 8.2883
9.2785 3.0858
3.2578 8.4663
-3.9994 -6.7965
10.0880 8.4239
9.6721 2.2417
-7.7867 3.0649
-3.7167 9.2003
3.6960 6.0390
12.3100 7.2176
14.9292 5.8950
4.5028 7.0299
2.5164 -12.3495
-6.4102 5.1973
9.2319 7.1755
4.4828 4.1260
9.3199 8.6143
10.4999 5.1706
8.6215 3.4984
4.1847 9.6394
6.5277 6.8364
5.6485 -2.6622
9.6036 8.5596
-1.9414 5.9315
-3.6921 3.9503
2.6497 7.3571
4.3738 4.1592
9.2495 8.7558
6.8088 6.0398
2.6131 4.8793
9.5310 8.6209
1.7660 0.1343
2.6636 8.5345
10.5823 7.3213
-5.0420 4.6154
5.3670 7.1169
4.3053 -3.5207
5.2095 2.9298
7.3083 -3.6322
8.6700 -5.8458
8.4676 6.7225
8.9449 9.0118
8.3372 11.5010
11.6149 6.2233
2.7655 5.6714
1.0844 9.1243
2.4070 8.9698
6.3976 8.4960
8.5883 7.0786
3.5994 3.7374
2.9776 -5.0269
4.7721 8.4840
3.8948 5.5010
7.0728 5.4201
3.8558 7.5088
9.0940 6.5084
3.9550 7.4337
5.7208 10.5286
6.2868 4.9282
4.0838 8.9096
-3.1062 4.5537
9.9938 -2.8581
9.0294 3.9726
-4.9514 7.1883
3.0869 6.4038
3.3149 -6.2298
10.8494 7.3366
8.4183 -3.9399
8.1096 6.3456
5.0522 6.8555
3.3797 5.5656
3.5137 7.2366
3.8288 -4.9260
3.8453 5.5677
5.9902 7.2946
-7.6634 9.4154
8.7545 -4.3562
4.5335 4.9941
4.8619 8.1835
4.9864 3.5538
8.7402 7.7888
4.5353 8.9895
9.3365 6.8453
6.4665 4.2446
9.0618 10.0921
-6.3546 3.0091
3.3247 8.0953
4.7553 -3.9120
-3.7671 10.2489
8.8621 8.8412
2.5154 8.9084
3.8157 5.0234
5.6622 8.2353
6.7338 5.9190
1.2298 4.4836
8.4703 9.6720
3.9465 -4.8182
9.9345 5.1833
4.1953 -5.9244
4.9464 3.9879
-3.8543 6.7857
-3.7543 3.6957
8.8873 5.9964
6.7428 5.2904
1.9047 9.3801
2.4514 11.0031
9.5695 7.9890
9.0550 -1.6785
3.3053 5.6909
7.5848 -2.6758
1.2797 5.9566
9.2852 5.4645
3.5309 6.9566
6.3854 7.8835
-2.2872 7.9683
5.4550 -4.5166
9.3965 0.9827
5.1340 12.9075
6.0204 9.0567
8.7172 5.3989
8.7580 10.2927
5.5343 -7.8089
6.7057 11.7807
1.1569 7.9790
5.1109 5.6102
6.5395 9.0246
1.7646 6.2304
4.1779 6.5942
4.8710 1.2523
8.4228 10.5506
5.9393 4.9127
5.4792 7.9151
6.2292 3.7502
2.1999 3.7544
9.9285 9.2906
7.1281 6.5277
3.7885 9.1502
3.3193 8.4920
8.8736 8.4731
2.5221 0.9138
3.2226 -9.3972
8.7435 0.9856
2.8674 2.6115
-4.0439 9.3460
7.0238 6.8524
7.2623 8.8295
10.3646 8.6215
5.3498 3.7119
5.2132 8.0201
7.0588 7.0330
4.4171 -0.1604
6.4557 9.2955
5.2276 8.7679
8.8899 8.9640
4.3642 -3.0085
-4.1547 9.1084
2.2652 7.6480
4.9802 7.0541
5.3553 8.4739
8.0351 4.5085
-5.8264 7.1581
9.7827 9.1747
5.2321 2.5440
9.7689 -3.6181
-0.3143 5.4938
8.5698 5.2825
-3.8231 9.6451
7.4363 10.5351
10.3963 6.1402
13.2871 9.4523
10.5103 4.4202
3.6152 2.9791
10.1817 -3.6983
2.2281 -11.7224
8.2763 5.9668
5.1995 0.4522
3.6734 6.1443
-4.4320 6.8398
2.2961 8.6425
3.1682 7.6955
5.2431 6.7980
7.5163 7.5174
7.5462 10.3888
-1.2832 6.8462
5.9147 -5.1935
0.6511 -7.2790
3.8239 6.6483
9.1097 3.4073
3.5281 0.2485
8.5667 5.4808
8.1567 5.0733
4.0644 7.0640
4.8971 -6.5187
5.9276 -0.3521
4.7223 3.9412
10.0957 9.7183
-2.2756 9.7628
-7.2623 -3.9807
6.1346 4.5606
-5.1337 -1.0291
8.8711 3.7993
3.9288 6.2735
4.0180 -4.1992
-1.3061 4.1245
0.5238 -3.0665
6.6815 5.1197
9.2039 -3.6540
4.4340 4.8737
7.8410 -1.7865
7.8373 6.3967
4.8224 11.3396
5.1465 -3.4088
-6.9106 5.1583
3.9559 4.0938
7.8457 4.9239
7.9318 6.6798
9.0511 8.6004
-3.9040 3.9242
11.2227 -0.7783
4.5003 10.1682
-4.8532 10.1475
6.6909 -7.8746
7.2818 3.6773
7.7914 2.2819
3.4832 4.2070
9.1127 8.5080
-6.9391 9.0325
4.1675 7.5224
5.5185 5.9359
5.7396 -0.1513
6.4302 7.4469
1.0760 6.1869
9.1044 4.6024
9.0011 9.1748
9.5641 6.3734
4.7417 8.3484
5.7632 7.5837
-4.2294 4.9832
-3.6923 8.7736
5.7620 10.2934
6.5859 8.2910
2.7628 -2.6229
9.3608 2.9991
-2.9222 3.7764
7.0199 -3.5019
5.0772 -6.2789
8.6364 -4.4406
7.9746 9.4584
-5.1576 8.0869
8.6665 -2.5719
9.3459 10.6480
6.7917 8.8369
4.6771 3.5767
-4.9675 8.7374
4.0706 -2.5806
3.7513 13.1358
-2.0816 7.6457
7.4510 0.5362
8.3527 4.6333
8.3326 8.8079
-4.5024 5.3133
-1.9523 6.3562
3.1137 -7.5110
5.3083 -3.4375
7.1922 7.4432
8.6643 5.1226
1.8027 11.0100
8.4092 -5.3377
8.7875 8.9586
2.8232 3.5297
-3.0832 8.6738
5.4784 9.2332
3.8687 10.4532
5.5033 8.4130
3.5305 2.8022
-9.7675 8.1664
-3.7954 5.3687
4.1102 6.4760
1.6673 6.8406
5.2831 8.7586
4.5887 4.7009
9.3443 5.0543
7.0166 6.5280
13.5325 5.1171
4.8419 6.1762
-0.8466 4.5031
4.1431 -7.6661
2.4552 2.0007
5.9324 10.3884
6.7815 6.7956
2.4956 5.0415
-3.7928 -3.4204
9.2460 8.6175
9.3379 -6.1239
2.6932 10.4916
1.2122 14.0968
9.0644 5.5853
8.7061 5.7649
6.3260 -2.7486
-3.9158 10.4669
8.5009 6.9804
-4.8055 5.0551
7.4641 11.0165
8.6359 4.5610
-4.4223 5.3483
-2.6260 4.8996
8.5674 9.1843
5.4196 -1.4575
5.9641 4.5614
8.6554 8.4754
-1.9978 9.1616
2.3714 1.6330
7.6372 -4.5042
8.0705 5.5210
9.3606 4.7253
5.1264 8.5753
12.0622 -1.6384
8.4462 6.5275
8.0028 9.3387
8.7368 7.5988
5.6458 0.0951
7.7603 6.6624
3.0396 8.6643
8.2112 9.7747
-2.8341 7.0812
0.0470 -2.9189
11.2761 -4.8368
7.9077 5.7537
-0.7857 9.0955
8.8838 8.3088
8.9416 -0.9725
9.1377 -3.7783
3.8807 8.9011
-0.0031 6.3000
8.4628 6.7457
7.9189 9.6180
10.0561 2.3441
4.4315 4.0480
4.5738 6.6528
5.5430 5.7617
8.1748 -6.1629
11.3089 5.5347
4.7017 6.7445
3.9506 -4.4119
2.2999 4.0564
3.6692 4.7650
7.7984 7.0224
8.1273 9.3485
3.5449 8.7246
4.3313 -3.6307
-5.5662 9.3771
8.9363 7.5592
8.0934 5.4561
7.3092 2.7139
7.8915 8.3072
9.9940 5.4330
12.0159 5.3272
6.4706 1.7592
7.6395 3.1488
2.6226 5.7685
8.0054 -0.0093
4.3923 -4.2786
6.2499 4.9301
4.8309 10.4768
8.9813 4.5854
7.7090 6.1729
5.0527 8.3149
9.2173 -1.1118
6.9089 10.6470
1.8152 4.5742
2.2452 8.7610
6.6147 7.4376
8.8192 9.3350
0.3217 3.3142
7.0319 7.1509
3.7175 8.8258
8.7635 9.1913
2.9818 9.3110
7.8739 3.2226
9.4046 11.1234
9.2227 7.7594
3.7124 7.6848
7.8530 5.0819
5.6349 3.9453
6.6224 -2.0653
8.6109 6.2092
9.0935 12.0140
4.7129 6.3398
10.0897 -4.9544
7.8724 8.7480
3.7007 8.2337
4.1773 -5.0292
3.6424 3.3500
8.8413 9.3603
8.4039 6.2323
9.1790 2.2751
4.4596 5.5954
5.0025 9.2950
9.3044 4.6640
-4.6099 9.4048
4.6104 2.7200
9.5428 2.0642
3.0356 5.4885
9.5827 8.1969
4.9417 3.0751
4.1033 9.0496
11.7227 3.7662
-3.4720 8.4965
0.1474 9.2915
-2.4073 -2.1698
8.7110 8.6760
9.4698 4.4274
5.3713 2.1163
7.2241 -2.3623
0.2419 8.8577
9.9783 6.8910
5.9454 8.0884
5.6271 6.2660
7.8303 6.9147
2.3128 -2.0540
5.7841 -4.9181
8.0892 12.4352
0.7191 2.1496
8.7354 3.4864
4.8836 -2.6832
10.1234 5.2022
8.3716 10.3031
7.4450 7.6596
6.2223 -3.0469
-2.9403 2.5977
12.8536 8.7586
8.6273 8.2711
7.8547 7.2891
9.9073 3.4320
6.2363 8.9437
9.5935 6.9081
4.7278 3.4788
7.2120 9.5911
9.0275 4.7005
8.6556 -5.6949
6.2345 5.1335
10.5352 5.7071
5.6959 7.3693
8.8382 7.8487
9.2481 6.4731
4.4913 4.4942
8.8258 9.5434
-1.5591 -7.3641
2.1487 5.6331
8.9281 -0.9646
4.7262 8.6890
6.6080 8.7679
0.6185 7.2442
-6.1289 9.1888
3.4268 6.2761
5.1859 8.1875
7.7257 -1.6563
10.9037 6.7125
2.0028 8.8318
9.8336 5.5431
7.0542 7.5557
8.8283 1.0816
-8.2740 9.3835
5.9158 6.9771
-2.4765 4.3426
8.9003 9.1229
5.6243 -0.6938
8.7308 2.0676
9.0840 3.1383
6.0387 3.3227
-5.0058 -4.3178
4.8668 5.0926
6.5879 5.4460
4.2185 7.3187
5.0681 9.1102
0.8967 6.4898
-6.0488 3.9527
1.4638 8.8637
4.7443 8.5573
10.7311 7.5290
8.1911 2.8838
9.0515 -2.2864
9.7064 4.1969
2.8565 6.3744
3.5062 3.9665
7.7411 6.4129
6.2711 5.6374
5.0609 5.7800
8.3153 5.9882
5.1148 5.8453
5.0507 6.7702
7.5564 -4.5455
8.8738 6.7200
7.9414 8.6997
4.2830 7.4148
0.6275 3.3549
9.6874 8.2261
8.3144 13.5500
-6.6911 8.1841
3.8971 5.0092
-3.5134 7.4938
8.7348 2.0524
2.5797 8.7806
8.4844 3.8316
7.3221 8.9506
10.1191 6.8715
5.4406 -1.5443
6.9264 -4.0735
11.4440 1.5501
-2.6879 2.9509
9.3820 8.7379
5.4921 7.3959
11.3113 6.0024
6.1660 4.6427
7.4232 5.3585
8.9830 5.2561
10.2275 -2.3614
9.4299 8.7598
4.0757 -4.0030
-3.5223 2.5689
2.4878 8.9443
4.5206 9.8195
8.3692 4.3437
4.8815 8.4774
9.5426 12.5823
6.1126 9.0977
4.0562 5.4735
7.7720 -1.5127
7.9553 7.8859
9.2960 3.7784
9.3646 5.5423
6.1191 4.9548
-3.3581 -4.6422
5.0932 10.5736
3.3637 4.3579
9.7956 -0.9435
5.2937 9.0697
-4.7239 6.6464
2.2720 5.6156
2.9811 1.2158
4.9711 7.9604
9.0269 -5.2470
8.4124 -4.6614
8.0628 -2.7120
2.9549 8.2096
7.3990 8.1943
5.5709 2.0695
7.0575 6.4553
8.0161 -5.8297
-7.9284 -6.6179
-2.0598 5.9801
11.3347 2.5219
10.0607 8.8335
7.1126 8.0487
7.5597 7.7054
6.1177 3.2720
5.7281 7.9229
2.8497 8.7493
8.6050 8.7453
4.7562 4.2996
8.4765 8.8553
9.3783 6.1113
8.9434 5.0375
5.2706 8.8788
8.9531 3.6149
3.0999 6.7574
8.3849 8.6854
7.4960 5.0814
6.8991 9.2968
5.3394 10.5810
2.1945 13.8254
6.4492 5.7286
10.3556 6.8730
5.5190 -1.8626
4.6920 5.4533
7.1272 -5.0990
6.6261 8.8077
4.5758 9.6180
1.7321 10.0029
4.7607 5.4387
-5.5957 8.4874
8.1517 8.3253
7.4446 3.7420
10.7639 6.5052
8.3971 9.1096
7.2344 7.7250
8.4463 9.2108
5.6654 9.6124
-2.7912 3.8553
4.3658 8.6124
3.7425 7.9631
7.0588 5.1339
-0.7646 8.0665
9.1743 3.0949
5.7880 8.5987
6.0747 6.1608
5.9668 1.1947
3.3188 -4.6754
7.6014 3.6354
6.9850 8.9938
6.2399 3.2447
7.3474 5.4890
1.9338 8.5485
4.5159 -7.8429
5.2900 8.0605
-4.8369 -6.1073
8.7493 4.9328
8.4740 9.0888
1.2546 5.5645
3.6518 8.0122
8.7517 8.6007
1.2269 5.0481
8.9495 4.3405
7.8373 5.0805
5.8006 7.8183
5.1217 2.3438
8.8719 -10.4767
5.4897 6.5156
4.5426 2.9142
8.9091 -1.0275
6.2133 5.2906
8.6150 -3.1170
-1.3524 4.1293
8.2504 4.6729
4.3211 9.5781
9.0489 9.3289
4.3806 3.8553
7.6385 5.4747
-0.6846 3.4391
4.1829 9.1594
0.9264 8.3746
3.4922 -1.3880
6.9391 9.1711
5.8819 -2.7757
-3.6981 4.9857
10.4069 8.3489
9.4380 4.5150
-7.3992 8.2240
3.8418 5.8961
9.2161 4.7931
10.6823 -4.4500
-4.0389 6.7516
-1.8359 8.4210
5.4025 9.8448
7.4427 6.8751
8.0418 1.4938
8.8306 2.7859
9.1083 -6.9309
8.4291 9.3507
5.5641 4.5982
-3.5145 6.9258
8.9172 3.4986
8.4581 8.5556
4.1610 8.5768
2.7974 3.7160
5.2695 7.0274
4.0170 3.5857
9.7258 1.2864
7.0015 4.5023
4.6999 -3.1679
2.3285 9.1714
4.5599 5.9885
2.8973 4.1658
6.8126 10.6476
8.5019 8.2588
6.0740 3.4309
3.3202 -1.9614
4.7882 2.9189
5.2021 4.2911
9.1203 6.0690
5.1537 5.0629
9.3747 5.9130
8.7515 6.5498
8.0097 -3.0509
5.2688 10.9716
6.0422 8.8357
7.2926 5.1364
-3.2102 2.9653
5.6788 4.5958
8.4628 6.5162
13.8742 12.2309
8.0500 7.1291
8.5468 3.8114
7.0194 8.1026
7.0422 2.5473
9.3090 4.4366
3.9245 5.1125
-4.8673 10.0631
7.1097 7.5118
8.1930 5.5305
-6.8471 3.9742
8.8126 7.7190
9.2221 -0.5241
4.9772 8.6096
6.1311 3.7120
11.4765 10.2268
-3.2701 4.9486
-0.3764 3.5180
9.0375 10.4054
8.2700 6.0345
8.9203 6.9887
1.9637 0.9411
7.1008 9.0829
4.3840 5.3144
3.5805 6.7067
9.0940 7.1705
8.0609 4.7812
8.9574 1.7443
7.2697 3.1851
-1.6234 6.5608
9.1317 6.0559
-2.3209 11.8788
8.9001 9.1669
5.2353 9.0835
5.6934 -5.5197
0.0097 5.4623
8.1004 0.6831
-2.8154 3.8637
4.5369 3.5518
3.5787 8.7573
13.3188 3.1181
3.3808 8.8098
5.1805 4.0859
9.0077 3.5750
6.4873 7.1392
3.2290 7.5610
7.1214 6.5568
4.9724 4.7265
4.8482 8.3753
-4.4688 5.2098
6.8429 6.5053
4.9327 4.1410
7.8980 9.5759
7.3704 7.8107
8.5371 9.0236
9.9784 6.8612
4.0173 7.4791
-4.9435 9.0130
-5.5210 -1.5901
10.9357 9.1452
3.3932 4.9085
9.8432 6.3688
11.2220 10.5195
3.1667 5.7078
9.0645 7.8289
3.9526 10.5017
5.0517 -11.6098
3.8304 3.9981
1.7065 11.4090
4.8423 5.4762
3.6044 -3.5821
8.8420 9.2080
5.2654 3.1968
2.9649 4.7542
-3.6744 -0.9849
-3.5121 7.1786
7.7599 7.5928
6.7560 8.8943
11.6129 -3.7912
12.3366 6.6721
10.5058 5.5053
7.8743 4.7665
7.3739 5.1188
5.9200 3.6025
3.6550 6.0398
6.0609 2.9862
0.1475 7.7897
6.9382 7.4200
8.6290 8.9027
-6.9378 8.2022
10.6167 7.9769
2.7626 10.4910
5.4272 6.5015
-4.4149 4.7264
-6.7216 8.8571
3.7637 7.5625
3.2237 4.2101
5.8860 6.2123
10.0712 9.2588
4.7912 7.0289
-6.2107 8.7042
11.8730 -6.9848
5.9230 -1.8179
4.1032 10.0722
8.7733 9.3168
2.7474 6.9898
9.4198 5.7911
2.7126 9.3526
9.3734 9.3445
5.9322 -2.0662
5.4445 7.0302
3.3835 8.8564
8.6276 8.9810
9.5204 8.8358
4.8994 6.6839
5.6457 5.5182
4.9651 -4.0578
8.6572 -0.0713
7.2579 9.3194
-8.8128 7.7701
5.7608 -7.6402
2.5950 2.5338
-3.5871 0.1558
7.4084 9.5350
3.2946 8.6404
1.5778 8.3128
9.0733 2.8612
9.2494 6.7263
7.8802 8.6647
8.7738 8.0933
8.7635 4.8866
2.0551 6.8906
-0.9817 -6.0144
3.0252 9.5856
9.0188 8.4433
1.0892 7.9189
7.4249 3.3807
4.6198 3.4928
0.6475 5.8091
10.3698 4.1041
5.5530 8.1324
8.8468 7.5637
10.4663 3.4269
6.8065 8.4638
8.3088 2.3946
6.7298 7.4413
5.2170 8.0321
5.0336 7.5878
8.1965 9.0934
5.3283 -3.6602
5.3687 -2.8955
8.0133 -4.1295
3.2098 0.1262
6.0621 -7.0667
7.4519 6.1701
3.1333 6.9851
-0.1489 6.4973
4.8277 4.1392
3.1652 9.3955
3.3302 4.4705
-3.2622 5.9846
4.4584 2.6378
6.6598 1.6850
7.7959 8.8543
9.2204 5.4329
3.8364 4.8520
2.6330 -3.0136
8.4867 5.0482
8.2290 7.3207
5.9715 6.8476
-2.9687 8.1022
3.4385 5.7192
3.6151 8.2261
4.5765 9.8647
12.6423 -0.2839
3.5979 -4.7729
5.7511 11.9134
8.6831 3.6244
-1.1865 8.8805
9.5307 8.6192
7.5868 9.4186
14.9470 5.1564
-7.4636 9.8019
7.7165 3.0363
6.9046 5.5797
8.9849 2.6814
8.9149 5.3741
2.8043 2.3073
1.2052 7.8911
6.1189 7.7238
11.7426 3.6529
3.7569 11.3869
0.5644 6.3524
8.7687 5.2279
4.2561 5.0438
6.1601 8.6642
6.9941 4.1646
7.9821 -4.6507
5.9120 3.3691
9.1132 0.3954
1.5609 8.1403
8.0332 4.2594
10.3318 -5.2388
-2.7558 4.7169
4.2104 8.1623
8.4607 9.3035
4.9163 8.2511
10.3401 8.7270
6.9840 6.8026
8.2614 9.3915
8.7985 5.7650
8.6339 8.5151
5.9874 6.5835
5.0112 4.0472
4.4829 6.4479
5.7275 6.3332
3.3050 9.3199
8.8285 3.5184
3.8578 3.2677
8.9913 6.7933
1.5737 5.7754
9.1928 5.4573
6.1367 -5.0685
2.2619 6.3303
9.4094 -2.6755
6.2079 8.8834
6.2924 -3.6590
8.8258 3.6787
6.0113 8.5643
8.7045 4.5898
-0.9938 -9.1936
10.1744 -6.1391
8.4565 7.8632
9.0959 4.5960
8.0246 8.9566
3.6815 4.7561
2.4287 -3.9440
9.3549 2.3191
7.0545 9.1499
8.8197 4.9003
7.0181 2.6878
-0.7770 6.2453
4.2470 9.3127
8.7250 5.7807
7.9642 3.5019
3.4731 7.1540
6.1626 8.5953
6.2620 8.8298
7.5680 9.2884
8.8860 7.1434
8.9944 0.4146
8.9568 -7.2943
8.5805 3.1715
4.1876 1.6699
-7.5500 8.8121
9.0011 8.9817
-11.9647 8.7055
0.9646 2.4401
