5
-4.1508 -10.6840
-4.3365 -5.2697
2.0226 -7.1734
0.5826 -8.8750
-7.4532 0.8584
-0.1370 -9.5751
-10.0956 -3.8671
-10.6540 -4.6425
-9.5651 -4.2269
-4.4640 0.6492
1.7248 -9.0489
-1.4489 2.1819
-4.3397 -8.3703
-4.7401 2.7204
1.9986 -10.4237
-9.8919 -3.9791
-9.5614 -4.2364
-4.5490 -11.0061
-1.1093 -0.6292
-3.8828 -9.6842
1.9978 -8.8737
-4.6336 -9.5886
-9.9837 -0.0847
-4.1238 -9.7488
-11.8953 -6.4080
-8.3967 -8.1113
-10.7755 -6.9974
-10.9234 -4.1801
-4.3095 -5.3417
-8.5931 -10.2607
-4.0819 1.2099
-4.0618 -9.4290
-4.6945 -11.9337
-10.2666 -2.2326
-0.2636 -4.2387
1.8900 -10.6041
-5.3046 -10.5771
-10.7501 -8.1223
-7.0815 -4.4851
-8.9356 0.7218
-6.3959 -8.5284
-2.6510 -9.6595
-4.0161 3.5313
-2.3107 -6.2619
-5.0377 -4.8535
-10.3895 -4.7847
-10.0587 5.3732
-4.3386 -9.6117
-9.5578 -4.4618
-9.6548 1.3502
-2.5930 -9.7565
-9.7016 1.8076
0.6039 -0.5198
-4.6248 1.7564
-4.5059 -9.9712
-11.5962 -9.8033
-10.3968 -10.0064
-8.6858 -8.4952
-8.6601 -10.0227
-10.5815 -8.2391
-1.1782 -3.8722
-4.0037 -5.2821
-4.4489 -8.7202
-9.0630 -4.0537
-4.4421 3.8733
-8.5312 -3.6658
-9.8480 -4.1304
2.7625 -8.0798
-10.4603 2.3537
-7.6330 -7.6953
-7.9184 5.1918
2.7467 -9.3883
0.2327 -4.6811
-4.2671 -4.4852
-10.0465 -3.2214
-9.8919 -4.4000
-11.5831 -8.1971
-3.9771 -5.4666
-8.0583 -0.8916
-8.4306 -7.7607
-4.6016 -3.7853
-9.6916 -9.4210
-4.6699 -3.6285
-4.3771 -8.8700
-4.7277 -4.9095
-4.7001 -9.7082
-10.0557 -3.8734
-8.4911 -8.0188
-8.1646 -4.0923
-9.3544 -4.1519
-4.5258 -3.9300
-5.9802 -3.7635
-9.4154 -4.6352
-9.8539 -4.4659
-11.6111 -4.3243
-8.7802 -4.1749
-4.2848 -9.8371
-0.9358 -10.4288
-11.4751 -5.0526
-4.9014 -7.9850
-4.4689 -11.4146
-0.4414 -9.6031
1.3760 -4.4023
-9.1300 -10.3441
-9.7754 4.4226
-9.6599 -4.1451
-5.1221 -4.0224
-8.9049 1.4547
-9.2767 -1.0575
-4.6131 2.2591
-5.0284 -4.6825
-9.2035 -11.5385
-4.6401 -8.4751
-4.4066 -9.5315
-9.3807 -7.3011
-5.4992 -5.9267
-5.0060 -9.5541
-2.2217 -10.1639
-2.8288 -9.2023
-3.5408 -6.8076
-7.4395 3.2808
-8.8780 -7.9894
-7.9781 -8.7018
-8.9907 -8.6587
-0.8351 -4.1766
-4.8379 -7.6492
-5.3507 -4.2195
-9.8225 4.0156
-9.4643 -7.7697
-10.1672 -3.1635
-9.7913 6.7366
0.9406 0.6109
-3.7732 2.1777
-9.5427 -4.3372
-10.1628 -3.9841
-8.2698 -4.6329
-8.7583 -4.8196
3.1657 -4.5863
-9.6072 1.5990
-10.1047 3.3718
-4.3448 -9.1180
-8.1217 -5.2120
-4.0714 -4.4888
-9.8669 -1.0487
3.2507 -9.9927
-10.0353 -9.6949
-0.5503 -8.7840
-4.6684 -9.5990
0.6039 -4.1192
-6.7948 -9.9428
-8.3177 -0.8667
-8.1102 -0.6502
-2.0414 -4.2731
-2.3974 -4.5050
-8.8012 -4.4933
-4.9453 -7.2883
-4.2745 3.0232
-4.3565 -4.2702
-9.7134 -4.2287
4.1569 -4.5018
-1.3729 2.0687
-10.1454 -7.4338
3.4343 1.1384
-6.0441 -8.7261
-10.5334 -10.1513
-4.5784 -4.8179
-8.5687 -9.8380
-9.6583 -4.2149
-4.0738 -9.6637
-8.8503 -10.0784
-0.5571 -1.7387
-6.7378 -1.7622
2.0781 -2.1266
-4.1266 2.4344
-7.8773 -4.4803
-10.4728 -8.9419
-10.1436 -0.8077
-4.5649 -1.1468
-4.8179 -12.7785
-4.6856 2.6475
0.8110 -1.7659
-10.4435 -8.1509
-7.2512 -3.8440
-8.4232 -0.5129
-8.2630 -4.8299
-10.8312 -4.7439
-5.8963 -3.0451
1.9153 -7.4339
3.3942 -6.5207
-4.3788 -4.6409
-9.1123 -9.4876
-9.6796 -4.3941
2.4504 -4.0865
-0.3835 -0.1133
-3.0758 -8.9721
-9.8653 -1.1494
-9.8854 -1.5609
-8.2136 2.4643
-3.9349 -4.0917
-8.0710 -9.5458
-8.7403 -3.0235
-4.6795 -9.0023
-8.0018 -9.3395
-10.3960 -0.4814
-2.0694 1.8980
-5.3933 -10.6318
-4.5155 -8.1400
-9.2369 -4.5512
0.5522 -4.4455
1.7491 -8.2217
-4.6176 -10.1516
-1.1428 -4.6311
-8.6575 -9.9772
-9.5482 -10.0914
-3.4016 -4.0041
-4.3655 -4.4947
-4.4924 -4.4873
3.2727 3.4992
-0.3292 -4.5928
-4.3837 -4.2571
-0.8525 -9.4629
-8.1761 -4.4765
-4.0688 -4.3140
0.6851 -4.5668
-4.5858 -9.8310
-10.3194 -0.6877
-3.9115 -4.6390
0.7992 -0.8041
1.2862 -12.7645
-10.6967 -8.9677
-2.9484 -8.1495
-9.3274 -4.6997
-4.5154 -10.6775
-7.2829 -4.2945
-9.9093 -11.1318
-4.1292 -8.8313
-9.7456 -4.2981
1.3653 -4.7565
-10.5866 -9.1843
-9.5909 -0.3496
-4.9208 -10.0176
-9.1618 5.3487
-4.5204 -9.4853
-7.8665 -9.8755
-0.3809 -6.3028
-10.4519 -4.5809
-5.0073 0.1611
-6.8767 -1.7606
1.7411 -3.3244
-0.5769 -7.7806
1.9277 -1.1647
-6.0114 -8.9920
-4.7094 -4.0974
-5.0895 1.8390
4.6775 -11.0302
-4.5791 -3.8679
-9.7693 -9.7204
-8.5308 -4.9252
-9.5906 -9.3661
-7.8672 -10.4829
-4.1680 -4.4795
-8.2602 -10.1904
-9.6480 1.9126
-10.5751 -3.5157
0.5706 -7.7639
-3.1705 -10.4141
-9.5475 -7.7712
-10.3687 -4.5482
2.7955 1.1092
-9.8780 1.0615
-4.6842 -4.4552
-0.8742 -9.3630
-10.6046 0.1781
1.5124 -4.2387
-5.2938 -8.6408
-9.1500 3.0890
-9.2687 -0.2126
1.5857 -12.4501
-8.9874 -4.0392
-8.2950 -6.8350
-10.0319 -1.7801
-2.6716 -8.2117
-4.1952 -7.6139
-8.9227 3.3237
-1.6805 -4.8052
-10.3077 -4.5366
-8.2003 -9.9523
-0.5677 -4.5701
-4.3466 -4.4612
-4.3993 -0.9698
-4.2283 -4.8140
-4.0561 -10.5158
-4.1967 -4.3106
-4.8069 -9.7723
-9.2919 0.6540
-8.7639 0.5738
-9.2426 1.9827
-5.0064 -12.4244
-9.6258 -7.6509
-0.4387 -8.3406
-11.4265 -4.4414
-10.2753 -9.9611
2.2221 -4.4619
3.6262 -10.4356
5.9366 -10.3807
-9.3577 -8.0444
-9.9244 -8.6545
-8.3403 -4.8748
-4.6005 0.1873
0.6752 -5.8854
-9.8741 -4.3585
-5.6065 -8.5528
-4.9125 -4.9036
-4.4065 -4.0908
-4.5898 -8.2571
-7.6886 -4.8603
-5.3738 -3.4950
-2.0581 -7.8797
-0.2742 -10.4506
-8.9521 0.1726
2.3473 -4.1357
-9.8498 -9.0080
-0.7216 -2.7149
-3.8736 -8.4935
-8.7822 -13.6246
-8.9530 -4.9586
-4.3935 0.0580
-4.0112 -1.9286
-4.0539 -9.0012
-2.8939 0.1194
-3.9781 -4.3807
4.4862 -3.6351
-5.8432 -11.4734
-0.0164 0.4130
0.4330 -9.8918
1.6499 -6.1286
-3.5189 -8.8061
-9.8761 -6.9002
-4.5437 0.2056
-7.5840 3.7929
-4.7090 -4.1514
-10.2965 -10.7791
-4.7355 -9.1036
-1.6851 -4.0743
1.3083 -4.9086
-9.7491 -6.6421
-7.3546 1.8306
-7.8438 -10.9584
-4.3900 2.2045
-10.3168 -7.9827
-9.1351 -4.4124
-2.4703 -8.9181
-8.4141 -4.6298
-7.8043 0.1242
-9.1442 -3.9462
-9.6601 -4.1263
-10.5014 -8.6642
-2.4941 -4.2865
-4.1306 -10.3792
-4.6552 -8.9321
3.1964 -8.5721
-4.1523 -9.2196
-5.5302 -10.0111
-10.5869 -4.0717
-8.0860 -6.4459
-10.1648 0.9241
-8.6632 -9.3384
-8.6342 -4.2478
-7.9693 3.5268
1.9263 -4.6071
-10.0775 -4.4670
-10.0026 2.3326
-9.2009 -4.7799
-7.6288 -9.2750
-8.9366 -8.1962
-4.2858 0.3788
-7.7628 -7.9398
-5.1718 -10.4878
-8.7963 -4.5449
-4.7517 -10.2546
-10.3597 2.6052
0.8874 -8.7040
-8.3690 -8.4206
-4.0869 -4.2522
-11.3050 -9.7803
-8.5439 -4.2979
-4.3395 -4.3280
-9.1191 -4.4374
-0.7208 -10.4415
-4.6559 2.6735
-4.6964 -9.6029
-9.5674 -2.4901
-0.8173 -9.2290
-9.8022 -3.9950
-0.4139 -4.5589
0.5866 -6.1736
-3.9217 -9.0667
-8.9957 -11.4308
-4.7454 -8.7803
-1.7648 -11.8002
-4.0851 0.3816
-4.2467 -4.0790
-5.0864 -8.2115
-4.3525 -9.8254
2.1217 -11.2682
-4.7876 -8.9692
-3.8647 -4.7827
-9.8298 -10.1957
0.0658 -7.5457
0.7152 -4.1240
3.0968 -9.3115
1.4317 -9.2941
-8.7079 -1.1474
-4.5299 -5.8543
-4.5943 -3.0612
-10.6801 -4.7267
-7.2068 -4.2405
-10.7036 -10.7858
-8.5517 -0.5343
-9.2328 -4.6919
-4.5824 -10.5930
-4.2029 -4.0517
-4.5100 -3.7975
1.9064 -0.4473
-7.9984 2.3730
-4.6675 -5.0659
-1.4555 -11.2199
3.3477 -4.6619
-10.7430 -5.4100
-8.9531 1.3455
-9.4899 -4.5177
-4.5581 -9.7805
-8.7572 -5.9275
-4.8961 -3.0868
-8.5027 0.3027
0.3592 -8.0594
-4.4891 -4.6113
-10.4268 2.2154
1.2345 2.2204
-10.2993 -8.2430
-11.1376 -8.1462
-9.7283 -9.1268
-8.9873 -7.6656
-4.6854 -9.6271
-9.3886 -10.8081
-9.3213 -9.3274
-4.5037 -4.5410
-10.3558 -9.2308
-3.9978 -9.6016
-4.7976 -4.1323
-4.0054 3.0483
-8.7810 -5.3515
-4.2328 -4.0037
-4.6877 -7.4729
-4.0416 0.5590
-4.5820 -4.7357
-4.4277 -4.9716
-4.1990 3.9393
-2.0469 -1.2022
2.6323 -4.4568
-4.2646 -10.0066
-4.2559 -3.9818
-4.3940 -10.5169
-4.8341 -9.0309
-4.5056 -4.7337
-7.5163 -4.5899
-4.0497 -4.5401
-11.0120 -4.0504
-1.8664 -11.4630
-4.8423 -10.4514
-7.3120 -10.0493
-0.6035 -0.5467
-4.0904 -4.2830
-7.2919 -9.2834
-4.5248 -4.5769
3.5253 -7.5480
-8.9002 -11.1002
-8.6857 -4.1965
-5.0932 -4.4108
-3.9833 -4.6407
-7.7647 -9.7873
-4.5148 -1.2929
-2.5334 -4.4515
-10.7154 1.5902
-1.6211 -4.2119
-10.1837 1.2498
-9.2329 1.8189
-8.3518 -4.5349
-11.2985 -9.5468
-4.4494 -8.9476
-9.2537 -4.1317
-9.4899 -6.5585
1.1474 -4.6685
-10.5743 -11.0883
-4.0055 -9.3325
3.3731 -8.4364
-10.2357 -9.2690
-9.8655 -8.1737
-8.9226 -1.3556
-4.3931 -2.8233
-8.3521 -4.5125
-4.5693 -10.2009
1.6138 -6.5984
-8.4569 -10.0373
-8.3002 -10.4745
4.4151 -9.5575
-2.9834 -4.1733
-0.0380 0.9832
-8.3715 -4.9328
1.0088 -8.9275
2.4606 5.4260
2.9973 -8.9141
-8.0637 -9.3787
5.5862 4.1929
3.6666 -4.1933
-3.9473 -6.0092
-4.7342 -4.1405
-5.0564 -4.1244
-4.7278 -8.8889
-10.0023 -7.3004
-4.8464 -9.9459
-9.3696 -3.9551
-2.3112 -4.2961
-10.3994 -9.6641
-4.5174 -9.5357
-9.9947 -9.2420
-10.7708 -10.4330
-4.5246 -8.3463
-4.4059 -9.2232
-9.5205 -4.8107
-4.2391 -9.8430
-8.7348 -8.3527
-9.2976 -0.0203
-8.9840 -4.1143
-9.0533 -4.1707
-10.4959 -3.6241
-4.2748 0.1428
-8.5463 -4.5453
-4.3071 -9.6062
-4.1993 -4.9532
-8.9434 -4.6905
-4.3303 -9.4854
-0.3412 -10.2198
-8.1304 2.3866
-8.3921 -10.5279
-9.1173 -4.0009
9.7511 -3.8594
2.1085 -6.2776
-2.3705 -4.5939
-4.1399 -1.0960
-4.4208 -9.5953
-1.0493 -7.8977
-4.4364 -8.9772
-9.7827 -1.6418
-4.1064 -4.6041
-4.5721 3.1009
-4.4824 -7.3847
-9.3036 -4.9421
-4.0935 1.6551
-7.0526 -5.1081
-10.6051 -11.2298
-4.4731 -8.9583
-9.0039 -5.2571
-10.1313 -1.8741
-4.3419 -4.5424
-7.7323 -4.2594
-3.8758 2.3736
-0.1968 4.5569
-0.8675 -4.3510
-4.5262 -4.7580
-9.9459 -8.0687
-10.9493 0.4635
-9.0090 6.0704
-11.6202 -4.0156
-9.6024 -4.6003
-5.0315 1.5532
-4.3770 -9.4050
-4.6027 0.3263
-4.7551 -4.4823
-9.7202 -4.6337
-5.9204 -9.3909
-4.3136 -4.3918
-7.7138 3.2608
-9.7333 -10.3885
-4.0242 -7.7983
-10.2171 -4.7334
-8.9503 -4.6136
-8.9067 -6.3507
4.2590 -0.6084
-4.8295 -0.3917
-4.6790 -8.2524
1.2583 -9.3841
-4.5345 -9.7837
-9.3052 2.1393
-9.9858 0.8084
1.7113 -1.1480
-0.2489 -4.8488
-10.4017 -8.6872
-8.7798 -4.4268
0.2837 -4.4886
-9.2024 -4.0724
-4.2507 -6.4360
-4.6734 -9.5716
-4.1491 -10.0367
-10.1384 -7.9359
-9.4620 -13.8470
-11.0757 -4.1850
-4.9699 -4.2482
-9.3566 -9.1414
-4.3808 -10.9111
-9.5176 -7.8002
-9.3525 3.9039
0.0070 -4.4582
-6.5033 -11.9442
-4.1403 -8.4181
-9.1771 -5.3936
-10.5133 -3.7997
-10.6983 -10.6190
-3.6717 -4.3452
-9.4159 -10.1604
4.9511 -4.5705
-9.5943 -4.6001
-4.3082 -4.8306
-4.3528 -7.4676
-4.3630 3.2287
-8.2353 -6.2866
-10.1688 -4.7568
-5.3307 -4.9145
-10.5984 -4.1166
-4.0207 -6.1979
-11.2693 -4.0030
-4.6217 -8.1952
-9.9336 -7.6990
-11.0421 0.9743
-8.9581 3.8104
-6.6164 -9.8650
-4.2474 3.2997
-4.2460 -4.4003
1.5633 -3.7803
-7.8801 -9.6226
-4.1231 1.3435
4.6004 -4.6236
-4.1589 -1.0931
-0.0755 -4.1292
-8.6294 -4.3100
-5.7694 3.2062
-9.2131 1.0786
-10.5010 -4.6410
-9.0148 -4.1159
-4.4620 2.3592
-6.5521 -5.1225
1.1738 -7.1548
-3.9915 2.9998
-3.9907 -3.7887
-8.4803 -9.8579
-6.7865 -10.4430
-4.4022 -4.7097
-10.3969 -3.9760
-4.0071 -9.9878
-3.9142 -0.6278
-9.6128 -9.5851
-10.7082 -9.1043
-4.5118 -4.4618
-8.6603 -7.5575
-4.2843 -9.5947
-1.2527 -9.1400
-9.1889 -3.9125
-8.9552 0.0717
-4.2800 -7.7544
-9.8494 -10.8656
-9.8676 -9.5662
-4.5138 -1.6260
-7.6373 4.5380
-8.7782 -8.6237
1.0108 -10.1419
-0.8430 -4.6241
-11.1626 -2.7613
-4.7367 -4.2843
-2.3758 -7.0816
-4.6878 -11.9195
-1.2238 2.0431
-9.3666 -4.5063
-2.0146 -4.3486
-9.5518 -9.0076
-4.0365 -8.1433
-7.7039 -9.2821
-9.9100 0.5931
-4.7645 -4.7180
-10.2408 -9.4790
-8.1096 -10.0200
-9.8559 0.5278
-4.7020 -2.8940
3.7424 -4.4120
-4.7317 -6.1315
1.2936 -9.7329
-11.2843 -8.4926
-9.2436 -3.8247
-2.1776 -9.5796
-10.9111 -9.9460
-4.5002 4.5835
-4.7074 -4.4934
-9.8353 -4.6882
-0.5573 -10.0752
-10.7241 -4.5662
-4.5369 -11.3899
0.7050 0.3416
-7.0753 -10.6300
-7.7127 -9.1011
-7.3995 -4.8489
-12.0849 -6.0997
-5.2623 -9.4785
-4.5768 1.9390
-4.2881 -10.3524
-4.1169 -8.4593
-4.7158 1.9524
-4.3526 -7.3855
-0.1480 -4.6954
2.0101 0.3607
3.1564 -9.4177
-9.3387 -3.7951
3.8874 -8.8005
-5.4325 -10.2083
-7.9344 0.5591
-4.4128 -0.6608
-1.5068 -10.2069
-9.3507 -4.5088
-9.9063 -9.0481
-10.9625 -4.5592
-11.8564 -0.1971
-4.2467 -9.6647
1.4710 -0.9685
-3.0679 0.1666
-9.1994 -0.9783
-5.0466 -10.9559
-8.4191 -0.5708
-4.6141 -3.9136
0.9970 -3.8863
-5.0670 -4.0370
-4.3451 -0.6713
0.9251 2.8032
3.7822 -4.8828
-10.9112 -4.4056
-11.0126 -4.4356
-5.3010 1.4249
-8.8274 3.0890
-3.7967 -9.7626
-4.2282 0.8109
-8.7409 -1.0353
-9.4161 -9.4941
-9.8332 -4.3312
-1.5840 -4.0259
-8.6331 1.7246
-0.0403 -7.9059
-8.8969 -3.9953
-4.0791 -3.9770
-10.8750 -8.1316
3.3774 0.0531
-4.6992 -4.7825
-8.6799 -4.5932
-5.1265 -9.5873
-10.8807 -2.2780
-5.1438 -11.2135
-4.8626 -8.5923
-12.1051 -4.1794
-4.6661 -3.7446
0.0048 -5.9777
-0.5858 -4.3424
-8.9065 -3.4546
-3.7455 -4.9406
-6.7967 2.0648
5.5819 -9.9169
0.5603 -4.5002
-8.7935 -7.0615
-3.9658 0.3759
-3.8206 -0.1929
-9.5411 1.4826
-7.6931 -4.3716
-4.2707 -9.5936
-4.5667 -9.3271
-5.0020 -4.4376
-4.2336 2.3402
-11.8996 -6.9133
-7.3377 -9.4762
-9.3816 3.3220
0.9034 -9.8681
-4.1256 -4.3774
-9.7639 -9.8173
-6.1805 -9.6748
-7.4574 -10.2675
-9.8040 -7.5004
-5.1117 -5.0087
-9.4609 -3.4860
-4.5064 -4.5598
-2.5564 -4.0697
-10.7414 -6.7033
-5.1081 -8.8321
-4.8047 -8.9867
-0.6456 5.9008
2.0758 0.1942
-9.0690 -8.5407
-9.3057 -8.1736
0.4332 -4.6324
-0.6074 -9.3142
-4.3500 -8.6280
-4.4130 -4.2686
-7.1561 -9.0744
-8.7790 -10.5324
-4.9848 1.9488
1.0180 -8.1283
-8.8651 -9.6925
0.7128 -9.2612
-9.7621 -9.4060
-9.9404 -10.2043
-4.9644 -5.8284
-4.3248 -4.8487
-1.9413 -9.1826
-4.4431 -9.5937
-10.8241 0.3808
2.6458 -7.9593
-0.6076 1.5396
-10.2485 -4.8447
-11.2385 -10.0605
-7.7532 1.9510
-10.7918 -7.5824
-9.6505 -10.7620
0.1396 1.5941
-10.8330 -7.8274
2.0817 -0.3915
-11.1624 -0.7262
-2.1502 -10.3509
-9.8586 0.1219
-8.9506 -4.5647
-8.2611 -4.8476
-4.3000 -4.5798
4.8134 -9.5652
-0.4107 -3.2065
-4.6280 -3.4476
3.2057 3.7973
-9.0962 -8.2777
-5.1598 -3.9722
-7.7782 -4.6317
1.3900 0.8413
-10.0597 -8.8818
-9.6997 -3.9571
1.4556 -9.0242
-9.2279 -1.6133
-9.7729 -10.1421
-0.0660 -10.7408
-4.4543 -10.7266
-4.6210 -7.2257
-8.8686 -3.7063
-4.3932 -4.4740
-10.0769 -9.2340
-4.1550 -6.4544
-4.6578 -4.2594
-4.9253 -9.7808
1.1036 -9.2030
0.7265 -0.9490
-9.4236 0.0442
-4.1496 -3.9915
-6.2638 -9.2570
-4.2598 5.3876
-4.5741 -5.9904
-4.5540 -9.6620
-9.2172 3.7498
-8.6094 -0.5081
-7.7973 -4.7205
-6.1876 -4.4933
-4.8297 -4.5969
5.2698 -6.4113
-4.2510 4.3625
-4.2812 -10.1363
-4.4272 1.1120
-4.9409 1.1975
-4.7540 -3.9592
-5.4257 -4.5840
-9.9919 -9.2061
-9.7082 -2.2940
-8.9828 -7.6754
-1.0200 1.2756
1.3110 4.4014
-3.1561 -9.8996
-8.0271 -0.5575
-0.6218 -9.0676
-4.6121 -6.9224
-7.4804 -9.5943
1.5581 -5.0558
0.1065 -8.2629
1.2980 -9.7065
-5.5038 -4.5879
-3.9278 -7.6729
-9.3366 -8.8987
-9.5490 -3.9189
-4.6695 2.5974
1.8461 -4.6288
4.1958 -9.7390
-8.1719 -8.2288
-4.1738 -10.5777
-10.9120 -10.1823
-0.8186 -4.4002
-4.5748 -9.9602
-7.5577 -0.8779
2.8566 -9.5905
-4.0204 -7.5950
-5.0004 -10.1474
-10.7686 0.2720
-8.1794 -2.1395
-4.6189 -4.7148
-10.5640 -10.1548
-3.7991 -4.7689
-4.0020 -4.7691
-4.2699 -9.8792
-4.1186 -4.6830
2.2685 -9.4922
-4.7838 -4.0094
-4.4896 3.4801
-4.6784 -8.9043
-10.6869 -7.7584
-4.1838 -4.6745
-2.3060 -7.0149
-8.8360 -7.7721
-9.3309 -13.5250
-0.1626 0.3521
-9.8660 -4.6234
-10.2507 1.9443
-10.7338 -5.6424
-9.8246 -0.5828
-9.0684 -9.3924
-7.8727 1.0797
-7.1127 1.2910
2.1597 3.0944
-3.8722 3.1233
-4.3492 -4.9692
-6.3571 0.0180
-4.6010 -9.2357
0.2127 -3.9686
-4.5572 -10.4193
1.3307 -8.8475
-10.7003 -9.9565
-9.0019 -2.3844
-4.1958 -1.6747
-10.1120 3.8573
-3.9899 -10.0927
-8.5395 -4.3020
-4.1256 -4.7157
-10.1870 -5.1619
-12.2014 -0.8218
-9.9858 -8.5233
-8.4998 -5.2467
-8.7891 -4.7710
0.4285 -4.5009
-9.0459 -4.8913
-8.5013 -8.9164
-1.1268 1.7546
1.8512 -4.9024
1.1488 -8.3518
-11.1181 1.9353
-4.9383 -5.2607
-9.7974 -7.4668
-0.8958 -8.4258
-6.7423 -8.5710
0.6194 -8.3990
-9.6257 -9.6902
-9.4224 -8.6357
-4.0849 3.2830
-9.7227 -10.0363
-9.6810 -4.0923
2.1342 -7.8846
-10.3113 2.2837
-4.5508 -9.9461
-4.0153 -10.4235
-8.7293 -7.9992
1.4557 -5.0649
-9.8710 -5.1722
-10.8718 -8.7727
-10.6613 -4.5004
-1.9263 -10.3126
-9.0333 -4.5518
-9.2629 -5.4625
-9.9897 0.9864
-9.4540 -5.0280
-9.7987 -11.2725
-4.4447 -2.4207
-9.6279 -0.9642
-4.5305 -9.2451
2.2912 -5.1875
-4.3321 -4.1913
-9.0170 -4.1224
-10.6617 1.4271
-1.2126 2.3620
1.4535 -9.4943
-10.7743 -5.7673
-4.1559 5.5226
-4.3665 -7.9112
-9.3410 -7.3544
-9.7971 -11.0627
-4.5130 -10.1173
-10.1002 -5.2796
-3.9224 0.7043
-4.7962 -10.3102
-8.8703 -1.8983
-11.5768 -8.0989
-9.2308 -4.2123
-4.7220 3.0296
-4.9798 -9.9106
-4.7744 -10.1470
-7.9548 -9.5806
-4.4017 1.0862
-1.3472 -4.2351
1.0551 -9.8185
-9.3666 -4.2510
-9.3124 -2.1369
-6.1786 -7.7234
-8.7025 -4.3264
-11.3935 1.0861
2.0161 -2.2764
-4.8524 -8.9853
-4.4093 -9.7685
-7.9657 -4.5832
-4.0467 0.6347
-8.5289 -4.6051
0.3517 -0.6562
-4.2088 -9.4364
-9.5009 -8.7660
-10.4247 -10.4657
-1.1450 -4.6228
-9.2526 -4.1610
-9.0510 -5.5695
-4.2763 -4.8293
-8.4919 -7.4493
-4.7521 -7.4306
-0.6828 0.3250
-2.4126 -4.9263
-9.0633 -10.7721
-10.1459 -8.8522
1.2796 -3.7806
-9.4605 -4.5720
-5.1805 -4.7309
-9.3024 -8.1047
-4.5904 -4.5319
-5.2473 -3.9459
-4.0063 -8.2272
-3.7004 -8.2193
-8.2535 -1.0891
-0.2591 -9.5850
3.2850 2.1687
-1.0441 -0.7914
-9.6887 -4.7808
-4.1170 -8.5422
-8.7175 1.3775
-4.0987 -9.1615
-8.9374 -9.3139
-8.0561 -4.4295
-10.3645 -10.1569
-4.3768 -5.6552
-4.1613 -3.6469
3.4212 -4.2720
-3.9351 -9.8742
-0.9762 -8.4877
-9.2089 -4.1173
-10.4530 -9.2591
-8.4480 -4.9012
-9.0547 -8.4790
2.1002 -10.6855
-4.3225 -10.1943
-9.9845 -3.9842
-4.2650 -4.8027
-10.3340 -4.2069
-4.1633 -7.5170
5.3367 2.4251
-7.7904 -8.7455
-9.1676 -7.8459
-9.8335 -9.8875
-4.5294 -9.7935
-4.8996 -9.1676
-10.0674 -8.3760
-9.3815 4.8600
-11.2467 -4.5618
1.6846 -4.4258
-9.6878 -9.0100
-10.8681 -1.0033
-9.3418 -4.0662
3.2686 -4.2983
-7.3460 -11.4695
-10.2703 -9.1219
-10.3511 -4.1836
-10.5176 -4.5870
-10.2019 -2.0893
-10.6829 2.1217
-3.9815 -7.6981
-7.4188 3.5998
-12.2148 -4.5580
-9.7607 -7.1781
-8.5623 -4.3507
-9.3526 -4.8843
-1.7548 -8.6025
-4.7961 -5.3233
-8.3385 -4.6041
1.5058 -8.2788
-10.2682 -0.7933
-10.5663 0.7614
0.2663 -1.6584
-9.6096 -8.8381
1.4670 -3.4993
2.4647 -8.8926
4.2148 -8.4897
-9.7562 -4.8120
-6.7045 -8.5555
2.5116 -4.6331
-9.4487 -0.3437
-4.8116 -9.2842
4.4242 -4.5278
-4.7842 -8.3491
-1.9648 0.2916
-0.6201 -7.4410
-4.8879 -9.9191
-7.9561 -10.8303
-4.8825 -9.9477
2.3595 -4.3211
-8.2143 0.8463
-4.6521 -9.0150
-8.8359 -4.3701
-11.1408 -2.5434
-9.4246 -4.3618
-9.5415 -7.5720
-4.8066 -9.8346
-9.8819 -9.5088
-1.7423 -8.4610
-9.3935 -2.6218
-5.3145 -6.9910
-5.0484 -9.4254
-4.5006 -7.5150
-10.0954 1.3062
-10.5747 -12.4514
-9.1845 -2.4026
-9.6502 -4.2687
-10.1181 -10.1808
-6.7572 -3.8693
-11.3759 -8.6179
0.4255 0.0870
-4.6115 -4.3746
-4.7846 -9.7833
-0.1978 -4.5898
-4.3211 -4.3838
-10.9973 -4.3965
-9.8045 0.7662
3.2840 -8.3490
-0.5633 -10.0313
-9.5271 -4.6656
4.1049 2.7393
-3.8942 -4.1995
-8.7854 2.0302
-8.8666 -4.6473
-10.4983 -4.4627
-8.6092 1.0258
-4.8147 -0.8446
-2.5078 -10.0185
-4.5110 -9.5863
-4.6000 -7.5421
-4.0378 0.4654
-4.3938 -4.9501
4.5734 -7.7065
3.3604 -9.5622
-1.2717 -4.2919
-5.7069 -4.4911
-9.3264 0.3357
-4.2628 -8.5304
-8.6538 -10.7895
-10.5419 -9.9750
-4.4663 -2.1522
0.9240 -9.1844
-4.2002 -10.2368
-4.5496 -9.6425
-7.7062 -2.6587
-9.6390 -0.0835
-0.1691 -4.7771
-9.4030 -6.2734
-8.1656 -9.2616
-10.1098 0.8949
-4.7827 -0.7208
0.9390 -5.7541
-10.5430 -10.2656
-8.7195 -4.3915
-9.8578 -3.7175
-10.6801 -0.1549
-9.3925 -4.5354
-8.2810 -4.1062
-8.9759 -4.2476
-8.4934 -7.9805
-10.1098 -14.0289
-5.0951 0.6865
-4.4303 -3.8433
-4.2158 1.6848
-4.7750 -7.2882
-8.1210 -8.5862
0.0696 -2.7626
-4.3500 -4.1012
-9.2733 -10.7447
1.8596 -10.2404
1.6090 5.7770
-9.7083 -4.1241
-4.4088 0.4168
-4.4762 -8.5584
-10.5214 -4.8637
-8.9891 -4.8258
-1.9982 -4.5892
4.1014 0.1672
-5.1863 -10.1001
-0.3522 -3.6755
-7.6522 0.0946
-6.7321 -10.0810
-13.9250 -4.4720
-4.5283 -8.7044
-4.5181 -8.5545
0.9262 -4.7698
-4.5475 -8.1693
3.3413 -10.3585
-4.1416 -9.4318
-4.0542 -9.5098
-5.0662 -4.2640
-4.1896 -1.1443
-11.2574 -1.3787
-11.5492 -3.9027
-1.0487 -4.3651
-4.3306 -4.9210
-11.1747 -4.5643
-8.8375 -7.1728
4.1256 -10.3141
-4.3057 -7.0385
-10.6290 -4.4292
4.0290 1.1830
-9.2403 -8.7578
1.5030 1.9295
-7.9272 -4.1423
-4.6098 -9.6630
-4.5496 -8.5106
-4.4029 -4.4130
-9.4999 -3.8760
-1.0004 -4.0230
-2.8174 -2.2373
-3.9306 0.6843
-4.0052 -4.3042
-4.5036 -4.1781
-8.8276 0.9199
-4.3130 -9.1033
2.7939 -8.7952
-4.2816 -2.4022
-4.1185 -10.7451
-9.9604 -9.9841
-10.4416 -9.9792
-4.1199 -4.1874
-1.6537 -9.5542
-4.9632 -4.5549
-12.0449 -4.5512
1.5910 -9.6040
-9.2561 0.2820
-9.9002 -9.7507
-3.6671 -4.3506
3.2045 -4.3524
-8.7099 -10.7556
-5.2018 -9.5518
-4.0538 -9.3605
-4.6968 -10.5888
-4.2342 -4.8120
3.1883 -8.4083
-10.9317 -4.2996
-0.2186 1.3795
-4.7116 -7.9087
-5.1318 -8.4213
-11.3967 -8.4171
-4.3443 -2.2196
-0.8955 -8.9883
-10.3246 0.0348
2.5035 -4.3483
-3.0372 -4.4469
-4.6340 -9.5210
1.4029 -9.6229
-9.7745 -10.3975
-9.0748 -4.9169
-4.4012 2.2135
-8.6866 -8.9752
-4.4113 1.0871
0.6031 6.2895
3.1080 1.9471
0.5792 -9.1455
-7.5545 -9.8901
-7.7722 -9.3883
-4.6197 -9.5488
-4.0415 -11.3541
-8.4624 0.7236
-4.5269 0.7682
-0.1048 -9.1363
-4.5478 -4.5010
-9.8313 -4.1585
-7.4759 2.3178
-8.7888 -9.7430
-9.2246 -4.6104
-8.8647 -11.3164
-4.4075 -4.9151
-4.0104 -9.7837
4.0362 -9.7312
-3.8635 -4.5258
2.5180 -4.8057
-9.2521 0.4999
-7.7022 -0.6714
-9.0384 -7.7047
-8.9293 -9.6800
-3.4647 -4.5201
-4.4502 -1.0000
-8.1046 -4.0062
-4.4710 -3.8321
-11.5764 -10.7823
-8.8113 2.9941
-5.5563 -11.7805
-4.5094 -10.6208
-9.8754 -4.7372
-8.9449 -4.6801
-4.6362 -4.0772
-9.9792 -8.0718
-13.3537 -4.6419
-0.9839 2.6930
-4.9780 0.8175
-10.7815 -10.4528
-9.9133 0.9537
-10.8578 -4.6569
-8.7475 -8.4889
-4.9573 -7.9509
-9.6428 -5.0803
-4.5295 -3.7576
-11.0548 -3.8652
-3.0520 -9.0630
-7.9365 -2.7376
-9.2320 -4.2929
1.6806 2.5526
-8.7227 -9.3150
-7.2701 -8.5870
-7.7081 -8.4715
-4.7360 -10.7472
-10.4064 -10.0009
0.7275 0.9022
-9.0549 0.1103
-4.1750 -10.0440
-1.4054 -10.2950
-0.9433 0.9130
-3.9644 -4.2054
-4.4721 -2.7673
0.0846 -10.6762
-10.4682 -8.8802
-5.0774 1.9898
-10.5215 -2.8161
2.9211 -4.4732
0.6048 -4.1408
-9.7922 -9.9801
-9.2374 -0.1710
-10.9262 0.5481
-3.8912 -2.5727
-8.2479 -0.1468
-4.4213 -4.3007
0.2783 -8.4364
-4.3163 -4.4077
-9.4495 -7.5639
-10.2843 -4.7995
-5.0340 -4.2624
-4.9056 -5.3310
0.2865 3.2030
-4.0247 -0.6651
-8.0358 -4.5388
-6.8539 -4.1380
-0.8741 -4.6566
-4.4630 -9.0376
-4.3904 -10.1832
-9.8348 -4.0108
-10.7012 -1.8612
-0.0782 -4.6189
-4.6821 -4.6652
-9.5384 -10.7476
-4.3884 0.8672
1.3643 2.6739
-10.6895 -7.3445
-3.9392 -8.7549
-4.1969 -1.7106
-1.9130 -4.2764
-4.1900 -4.6636
-8.2875 -7.7699
-4.1891 -2.4455
-8.0090 -9.7069
-10.2653 2.4979
-11.4616 0.2664
-4.3338 -4.0697
-4.6354 4.4622
-5.1833 -9.1825
-9.8218 3.0484
-11.1622 -1.7994
-10.0920 -4.2297
-4.6755 -8.9407
-9.3538 -3.9021
-4.7217 2.6626
-9.5721 -7.7947
-10.4550 -4.4305
-4.6616 -11.6753
-4.8252 -8.9937
-4.6294 -3.8052
0.7530 -10.5835
-4.2562 -8.5957
-6.5177 -12.8460
-4.5070 -12.1699
4.2052 -8.7273
-11.4948 -4.0811
-1.2193 -4.6567
-10.9727 -9.2135
-4.2534 -10.5251
-7.3943 -9.3560
-4.3688 2.3230
-4.4601 -9.6342
-9.3997 2.3434
-10.2418 1.8245
-8.1935 -4.5315
-1.2835 -10.3641
-0.1695 0.8860
-4.2007 -9.2434
-4.7423 -9.7599
-8.7718 -7.7935
-0.2424 -0.8424
-0.3863 0.7619
-0.7852 3.5325
-5.5060 -0.6659
0.9655 -4.0971
-1.4496 3.3127
-8.6614 -3.8585
-4.6731 0.3176
-7.3630 -9.5396
-13.6770 0.8487
-9.4341 -5.5099
-10.0759 2.3670
-3.3744 -8.8962
-4.7907 -8.2474
-4.2849 5.9186
-8.1076 2.0362
-4.1645 -9.9984
-10.1698 -4.8520
-10.6315 -9.3726
-9.6259 -8.1103
0.0323 -0.3587
0.8922 -4.7749
0.8343 -5.2480
3.3366 -8.6493
-4.4480 -0.2285
-7.3011 -10.3502
6.1496 -7.8190
-0.8494 0.0549
-8.0504 -4.1031
-5.4336 -8.7588
-4.6348 -4.0452
-4.1136 -4.2215
-2.2566 -11.3801
-4.6836 -4.6911
-4.8873 -8.7889
-4.7234 -5.7547
-11.3429 -4.7954
-0.4642 -9.9141
-1.9406 1.4464
-6.9509 -0.7883
-8.4082 6.0953
-11.4879 -10.1393
-10.8697 -8.0845
-4.2260 -9.7387
-10.3833 -8.2889
-4.4268 -0.2496
-4.1512 -4.5663
1.0128 -10.3809
-8.7648 -10.2659
-4.3454 -10.3030
-4.3137 -1.6989
-10.1466 -0.4459
-10.7887 -7.0377
2.4868 -0.7089
-8.1437 -12.2914
3.8014 -1.7046
-8.4614 -7.9862
0.8288 -9.7276
-13.5310 -8.6751
-9.3224 -8.9424
-10.1876 3.4638
-9.1554 -4.4499
3.2819 0.5519
-8.0488 -9.1510
-10.0508 -4.3331
1.7686 -9.9309
-8.6349 -8.7313
2.2502 -8.7243
-10.8428 -4.4737
-4.5426 -9.9262
0.5385 -9.8763
-3.7815 -0.5737
-4.2167 -9.3295
-9.7211 -10.3894
0.6009 -9.1649
3.0143 -7.4213
-2.2542 2.6233
-4.6512 -5.9191
-4.6884 -4.0840
-4.8691 -4.4243
-4.2371 -3.8546
-4.4084 -6.5343
1.7845 -4.3309
-9.1434 -5.1056
2.9739 -10.7457
2.5705 -4.4901
-8.4379 -10.0395
-7.3683 -10.2778
-4.6430 -10.3936
-8.5846 -4.6922
1.5550 1.8356
0.2909 -7.8279
-8.0620 -4.1263
-8.4057 -9.1126
1.2196 -4.5881
-1.7488 -4.7197
-9.2547 -9.2111
-8.0095 -9.7525
-4.3966 -1.0702
-4.8987 -3.1901
-4.3831 -4.3375
-4.0483 -4.4270
-4.7483 -3.9571
-4.6474 -7.3784
-4.3908 6.3592
-9.3129 -8.0413
3.4038 -10.4003
-4.3241 -4.6467
4.2692 -3.6224
2.2269 -9.0348
-4.4532 -10.2416
-4.6330 -8.8965
-9.2012 -4.9089
-4.7219 -9.6409
5.0149 -6.6723
-11.3376 -10.3968
-10.3264 -10.8265
-11.1497 -3.8649
-4.6042 0.4568
-4.0826 3.4945
-10.3535 -6.3211
-10.2314 -4.6018
-4.3292 0.6524
-8.1991 -4.5596
-9.2942 -4.6411
-10.2777 -9.8950
-11.5304 -10.4371
0.6597 -7.2223
-7.3939 -9.1892
-5.1799 -4.8620
-4.6969 -4.9363
-4.2143 0.9314
-8.5222 -4.7900
-10.0104 -10.7830
-10.7525 -10.9793
-6.8878 -4.8371
-7.5799 -4.1248
-1.2387 -7.0852
-4.3668 -7.3857
-8.2655 -9.1798
-4.5911 -8.1850
-7.1463 -4.6474
-4.3093 -5.6509
-7.3580 -4.8767
-5.0917 -4.5205
-6.0809 -9.3340
-8.8141 -8.5388
-9.6554 -1.2522
-10.4269 -9.9373
-5.1285 2.6589
-9.9112 -9.2085
-4.8779 -4.8471
-11.2992 3.5508
-3.9174 -4.4752
-9.2686 -9.6917
-5.9916 5.1428
-4.5912 -7.7869
-8.6857 -9.4811
-4.1823 -9.2632
0.5363 -10.7799
-10.1405 -9.1043
-11.0492 -4.4209
-3.4154 -7.6750
1.1493 -12.6781
1.5223 -8.8716
-9.4174 -4.6967
-9.7869 -9.7016
-11.2761 -9.3986
-5.3195 -13.1242
-4.1636 -3.2770
-7.9635 -10.1618
-3.9394 -9.1074
-4.9541 1.8541
-4.7464 -8.7000
-9.6714 -6.5932
-8.7010 -7.0782
-0.3079 -4.2768
-1.5000 -2.2688
-10.1273 -4.3410
0.0990 -7.8175
-10.8122 -4.4247
-7.8085 -10.0273
-11.1913 -4.7668
0.3182 -0.7473
-9.8720 -4.9839
-4.3471 -7.0213
-3.5854 -1.6928
1.1994 -4.7321
-0.0014 -4.4556
-8.4106 -4.8724
1.3904 -4.5568
-9.2787 -6.3191
1.9291 -4.3146
-4.7603 -4.3904
-3.8034 -4.1766
-4.2473 -4.8129
-0.8771 -9.6431
0.7994 -9.1068
-11.1067 0.9859
-2.1841 2.6126
-10.7058 -4.8475
-4.6742 -4.1385
1.9356 -4.7551
-0.5297 -3.9233
-9.5082 -4.3945
-4.8288 -10.0514
-8.4858 -4.4915
0.5103 -9.8709
0.8129 1.2136
-8.5983 -3.8486
-0.2542 -4.1802
-7.7798 -4.3433
0.8960 -10.0221
-9.2474 -4.1743
-8.5336 -11.5192
-4.5020 -8.4512
-9.8192 -9.8629
-10.0170 -10.3668
-7.3004 -4.3965
-4.8178 -4.8297
-9.9092 -4.1314
1.3748 3.2906
-10.4661 -4.5763
-11.5519 1.4309
2.2029 0.1206
-10.0076 -10.2056
-7.1701 -7.6607
-11.1396 -10.8362
-4.1986 -8.5259
-8.2705 -14.8601
-8.7346 -5.2015
-4.2289 -4.7941
-5.1862 -9.6713
-2.3795 1.7190
-4.0727 -5.0244
-9.9601 -4.6406
-8.3403 -9.9930
1.4299 0.6938
1.4339 -4.3111
-4.2405 -5.0048
2.0458 -1.7715
-4.5368 -11.2925
-1.6580 -9.6600
0.6197 -10.1295
-8.7172 -10.0361
-10.4250 1.6555
-6.5302 -8.1365
-10.1391 -3.9799
-1.1406 -8.9166
-0.3137 -4.5250
-3.0615 2.6633
3.0786 -4.3071
-8.1205 -9.1603
-9.7385 4.1738
-7.0242 -3.9636
-9.6586 -4.5883
-4.8731 -4.3802
-4.3363 -4.5370
-10.4890 -1.1207
1.0893 -9.4811
-10.9371 -8.4674
-3.9790 -8.1438
-10.2896 -4.4219
-4.4692 -2.3468
-11.6570 -4.6281
-9.5574 -3.9338
3.5755 -10.3500
-10.6613 -4.7394
-11.0630 -8.6235
-4.5776 -4.1281
-5.0729 -10.1130
-10.9568 -4.3054
1.0727 2.9967
-3.3727 -11.4932
-10.2354 -12.0734
-9.9765 -9.9420
-9.2750 -8.6022
-9.1052 2.4956
-4.5100 -8.6953
-10.1535 -4.3021
-4.8747 -5.2021
-4.0673 2.0944
-11.6534 -4.6476
-4.4457 0.8079
-8.9432 -5.0464
2.4254 -2.3736
-3.0636 -7.1495
-4.7780 -9.7441
-0.3159 -5.0501
-8.8768 -12.0950
-6.5065 -6.8858
-9.9623 -5.6708
-8.7433 -9.4480
-7.5360 1.3612
-9.9574 -4.4375
-3.9238 -8.7133
-4.5871 -0.2913
-0.4737 -8.1208
-9.5661 2.4773
-10.4759 -0.1916
-4.8078 -4.4883
0.6243 -9.2221
-9.6813 -0.5151
-4.5121 1.3435
-3.9716 0.7592
-4.2742 -9.6353
-8.2596 -8.1367
-4.5964 -8.7776
-8.2116 1.4497
-5.1685 4.9879
-3.7532 -9.2898
4.2154 -10.2316
-4.3876 -9.6980
-4.1705 -9.1103
-4.5158 -10.4396
-9.5974 3.2357
0.0949 -4.0732
-10.7827 -1.2493
-5.0919 -4.1592
0.8080 -9.9271
-9.0672 -8.7677
-4.0898 -0.1909
-8.7476 -4.6685
-4.6082 -7.3824
-4.2323 -11.7099
-1.6828 -5.0459
-4.3621 -4.7096
-3.9021 -2.4970
-4.6796 -4.2963
-8.9231 -4.0221
-5.5558 2.1044
-3.9814 -4.7554
-9.1859 -4.1582
-11.6652 -4.1117
1.9124 -9.4284
3.4571 -9.1359
-4.5949 -7.0549
1.5057 -3.9156
-10.9090 -9.4744
-9.1414 0.7961
-4.6402 -9.7327
-4.5490 -8.5853
-10.7190 -9.9194
1.0292 -4.5718
-9.6945 -9.5298
-4.4115 -9.2832
-0.7824 -8.7623
-4.6302 2.8858
0.8809 -4.3791
-6.3156 -9.8525
-0.6701 -9.7795
1.2742 -4.8100
-9.6087 -7.6669
-4.3089 -6.7457
0.7810 -4.2265
-9.6008 -4.3427
0.6774 -4.0587
-4.5151 -4.4855
-8.6602 0.5755
-4.3106 -9.9922
-1.0096 -8.9860
-10.0134 -4.0596
0.6062 -9.3311
-10.4755 -5.3999
0.1290 -4.6239
-8.0266 1.6514
-3.8274 1.5204
0.9164 0.0652
4.6828 -8.9948
-10.2830 -4.8981
0.4218 -4.2918
-8.2366 1.1762
-9.9313 -4.2901
-4.5737 -0.3156
-4.6920 -9.8466
-7.6368 -4.6724
-4.0649 -5.2139
-4.2038 -9.1732
-10.4620 -4.4096
-9.5879 -0.1908
-4.2984 -5.7842
-4.3012 -4.7509
2.3100 -2.0081
-5.4045 -8.7845
-9.5831 -4.1799
-9.4913 -4.9167
-10.2525 -8.5771
-4.3145 2.4243
-4.3961 -4.2633
1.9217 -9.8373
-9.4816 -4.8373
0.9296 -5.1186
0.3835 -3.4773
-9.2911 2.5505
-9.1631 -10.2354
-9.2093 3.7954
-4.5891 -0.3103
-10.6322 0.2664
-4.2277 -9.0873
-10.4049 -4.2650
-7.3285 -3.4585
-4.1714 -8.4733
-4.6926 -10.8702
-3.4959 -9.2461
-10.6625 -0.2627
-4.0008 -5.0035
3.2412 -4.2840
1.2108 1.5640
2.0282 -7.5643
-4.1576 -4.4551
-4.6256 -4.7287
-4.5305 -0.8013
-9.6391 -4.6796
2.6125 4.5983
-3.9186 -9.4469
-10.4081 -9.8789
-0.4719 -3.5586
-8.7505 -4.0656
-6.1485 -8.2544
-4.4822 1.1840
-4.3589 -10.0992
1.5661 -1.4793
-4.3452 -9.1779
-10.0148 -4.5275
-4.6531 -4.4586
-9.3119 -1.1794
0.7270 -4.5683
-2.8841 -4.6633
-4.8048 -4.5170
-9.7524 -0.4604
-4.5012 -9.5961
-4.8143 -7.1287
-4.2325 -8.8656
-2.9273 -4.7083
-9.2944 -1.0743
-1.4303 -10.9721
4.6760 -0.2801
-5.8371 -8.7082
-4.7150 -9.7904
-10.6876 -8.7739
2.5892 5.3185
-4.5921 1.4713
-0.5405 2.3021
-6.6476 -7.4161
-9.3920 2.3416
-0.0315 0.1907
-4.7232 -10.3794
-8.8000 1.6618
-0.4589 2.2556
-8.6226 -8.7024
-4.6659 -8.9113
-4.1058 -3.5455
-9.1381 -4.2035
1.9259 1.4903
-4.5571 -7.8963
-4.6213 2.6407
-10.6766 -4.7865
-4.6108 -10.0153
-10.3159 -9.6442
-0.7993 -4.5107
1.3934 -8.7997
-9.6780 -7.9011
-4.5689 -4.9942
-4.9052 -2.0802
0.4179 -7.6151
-4.1701 -8.1411
-10.5700 -5.0012
-0.4978 -9.5960
-10.1428 -0.3363
-7.7451 -4.7898
-9.2190 -1.2397
-4.0809 -5.4915
-4.8930 -9.8878
-9.5164 0.0437
-4.3114 -10.0409
-9.4055 -7.2268
-9.0192 -4.5410
-4.5344 -8.1355
-4.5849 -11.2753
-8.5476 -9.0038
-11.0721 -10.0224
-10.6694 -7.8346
-4.3555 2.2319
-4.2613 2.2156
-4.3078 -3.9825
-1.6834 0.7157
-1.3707 -9.2896
-0.6278 -8.4068
-4.5025 -10.5812
-10.3823 -8.9440
-9.7109 -10.5288
2.6547 -4.0168
-4.3959 -8.8899
-9.0186 -4.4912
-8.1364 -4.5557
-4.1659 -11.1396
-11.9894 0.2645
-4.2041 -1.4507
-4.3592 -10.2208
-0.4499 -9.5076
0.7736 1.2213
-4.4879 -8.5001
-8.2055 3.2615
-10.1570 -4.0216
-2.0919 -11.0481
4.7406 0.6074
-10.0959 -9.6104
-9.3475 -3.5411
3.3049 2.0142
-9.0953 -1.0045
-4.1819 -4.7344
-0.8854 -7.8587
-1.1506 -9.0525
-2.6507 -4.5319
-9.3921 -6.9872
-4.4110 -3.6699
-9.5227 -10.7747
-0.9228 -7.7503
-4.7005 -4.2063
-4.6835 -4.6484
0.3142 -4.9948
-6.9564 -4.1809
1.0468 -4.7951
-0.1488 -0.4172
-8.7928 -8.2478
-3.8785 -5.2628
-4.0972 -0.0188
-4.2223 -8.7685
-11.0624 -6.7838
-10.1187 -9.3567
-5.9021 0.8681
2.3398 -4.2384
-8.4655 -5.1378
-9.7413 -4.5853
-8.0777 -4.3101
1.7025 4.4998
3.1995 0.4097
-4.8485 -7.7506
-4.1189 -4.6831
-4.6879 -4.2163
-9.6001 -14.0992
-4.0495 -10.1257
-3.9033 -5.6394
-10.4110 -4.1320
2.8342 -8.7287
-4.3238 -2.3023
-9.7195 -4.3296
-4.2551 0.3910
-4.7802 -7.9692
3.0431 -4.6672
-8.9434 -4.3859
-6.2389 -7.6489
-9.6244 -8.6058
-7.6605 -3.7901
-9.7276 -4.0645
-2.4902 1.4448
-4.6136 -3.7146
-9.6848 -3.9436
0.7301 -4.3026
-4.4237 -11.1764
-4.7118 -13.1172
-4.9903 -9.5493
-2.4202 -10.5020
-9.9518 -11.9298
-4.6543 -0.9381
-4.5983 -6.1876
-4.2280 2.0553
-4.5175 -4.6560
-4.7997 -9.4908
-4.6811 -5.1989
-4.3340 -4.1226
-11.3888 -9.5346
-6.1066 -6.6398
-4.3831 -9.0710
-6.4818 -10.0124
-1.1848 -9.6487
-8.1343 -7.4185
-4.5122 -6.3684
-9.9877 -4.5058
-4.3667 -5.2140
-8.9600 -9.8624
-6.8346 -1.0651
-6.0839 -7.8068
-8.4422 -4.0787
-10.4525 -7.0629
-9.3040 -9.0907
-4.6503 -6.2347
-4.9746 1.3408
3.9446 -0.4762
-6.9775 -1.0963
-4.9586 -4.9750
-8.9543 -2.4029
-10.9949 -4.7015
-4.3275 -10.1806
-7.4166 -8.4659
-10.9872 -9.0404
1.1680 -9.2082
-9.9188 -4.6385
-4.4286 -13.2984
0.8342 -7.2545
-1.4025 -8.0291
-10.2976 -4.0533
-8.1255 -4.1506
-4.6380 -9.4435
-4.5686 -0.2497
-4.8125 -4.7241
-8.8748 -4.9202
1.3638 -0.8581
-9.4510 -9.4793
-9.0693 1.5884
2.8696 -8.6721
-10.9216 -9.9586
-7.9577 -2.9531
-6.5307 -4.6486
-4.4435 -9.6828
-3.9071 -4.0818
-1.1237 -7.7472
-4.4942 -4.0042
-2.2306 -5.1216
-9.6921 -9.9710
-6.6464 -10.1550
-8.4445 -10.1317
-4.1057 -3.8582
2.0935 -4.9283
3.7660 -9.2367
-9.5968 -4.4717
-4.4862 -11.9727
-4.4495 1.8669
-11.7923 -10.4713
-10.1561 6.3267
-4.7064 -4.6902
-5.2352 -4.4412
-9.5628 -4.9699
-9.0651 -7.4511
0.2210 -9.1022
-12.0738 -8.8277
-4.0564 -4.2432
-4.8822 1.0385
-8.3982 -4.4430
-9.1673 -9.0551
-9.6881 -8.3846
-7.2335 -4.4245
-4.7013 -9.6711
-9.6214 1.0272
-3.5603 -9.6928
-4.1432 -8.8206
-10.3068 -9.6656
-10.3592 -9.5950
-4.3315 1.7783
-4.2971 -3.8048
-7.9769 1.1302
-10.5439 -4.8094
-4.6104 -8.4969
2.2458 -9.9590
-9.5726 2.2582
-10.0390 -0.6089
-9.0084 -8.0313
-6.8295 -4.3030
-2.3488 -9.8840
-8.8352 -2.7601
-4.7829 -9.0071
-9.3931 -4.9743
-8.9518 -8.8697
-1.3843 -0.5094
-10.1284 -4.3070
-8.7041 -9.9215
-10.5225 -8.6964
-1.6026 -11.8959
-7.6194 -12.3166
-4.7145 -7.6855
-4.9292 -4.7510
-10.4083 -4.6340
-4.2082 -4.6180
-4.2756 -7.0841
-11.0960 -10.0303
-4.7111 0.6589
-4.0714 -4.7511
-8.6225 -5.0197
-11.6245 1.0039
-4.2428 -8.3405
-9.4947 -4.5931
0.2606 1.2095
-6.6781 -11.1976
-2.6927 -4.5358
-4.3911 -4.1746
-6.3872 -4.6066
2.5925 -11.1491
-3.8378 -10.6623
-10.3085 -3.1324
-9.3364 -4.3991
-4.7096 -8.4713
1.6076 -0.2025
-10.3016 -3.8940
-0.0609 -1.1106
-4.8395 -4.1077
-5.4419 -9.6349
-4.8325 2.3095
-8.1525 -8.2572
-7.4957 -9.9530
-8.7326 2.6528
0.4591 1.8175
-0.8487 -4.9962
-10.6372 -9.4255
-9.9304 -8.6020
-3.9904 -4.4218
-7.9480 -3.4907
-9.5494 -3.4412
0.9647 -0.3159
-4.1141 0.4728
-4.2493 -0.5117
2.4054 -9.3139
-3.9783 -4.3074
-4.6342 -2.7354
-4.5395 -10.4719
-9.3432 -9.1779
3.5180 -8.7735
-4.4813 -9.5476
-4.3683 -2.5790
-8.3046 -4.3754
-9.6680 -9.5538
0.9041 3.8507
-4.7512 -5.0202
-9.7321 0.8058
-10.0831 -4.0094
-4.5478 1.4629
-10.2392 -4.2157
-9.0957 0.3136
1.1034 -9.8596
-4.4841 0.8214
-7.3060 -11.7211
0.9330 -0.2381
-9.3041 -7.1506
-9.3123 -0.4418
-8.0190 -0.1482
-8.6657 -8.1793
-10.9733 -4.7990
-9.1572 -9.4703
-10.8256 2.6261
5.2440 0.2766
-7.0286 -4.2176
-11.3512 -8.0411
-7.1824 -12.3177
-9.0123 -5.0196
0.3999 -9.5438
-4.6084 -8.9733
-9.5117 -4.5541
-3.7332 3.5960
-2.4740 -4.8469
3.0560 -9.1364
1.1522 -11.0878
-8.9578 -8.8432
-10.7255 -4.5858
-4.3384 -4.1281
-9.9085 -2.4900
-4.0043 -4.5539
3.8503 -2.3065
-9.1476 -0.1074
-5.2436 -8.0325
-11.2057 -10.7286
-5.0252 -8.1608
-7.8022 -11.0596
-4.4914 -10.1589
-10.4551 2.3710
-4.0546 -0.1133
-9.9653 -4.2822
-4.5127 -8.8655
-8.8855 -4.8040
-4.4156 -9.6659
3.4715 -9.5559
-4.6794 -4.7811
-10.1322 0.5283
-1.3512 -8.9134
-2.7267 -4.7089
-4.1214 3.2672
-9.7343 -4.2649
2.1336 -4.9991
5.4440 -4.9343
-4.1582 1.1185
-5.0840 -3.0543
3.1962 -4.1415
-10.3260 -8.4254
-10.6832 -4.8773
-10.8528 -0.2569
-9.7631 -8.1388
-4.1708 -10.2680
1.7661 -7.9673
-9.4035 -4.6407
-10.3795 2.7793
-4.6546 1.7771
-4.5225 -4.7523
-4.1069 -10.2113
-8.8538 -4.7287
-4.4559 -8.0771
-11.1317 -8.3458
-8.3679 -1.5823
-10.4508 -12.8222
-0.8779 -4.7407
-10.0176 -5.0500
0.2551 -10.4260
0.0142 -12.3532
-10.1617 -9.5609
4.8355 1.3657
-9.9927 -4.9741
-7.9354 -7.7284
-9.3592 -8.2352
-8.3284 -4.5263
-9.0509 -8.9826
-1.8995 -3.7371
-4.6081 -10.2973
-9.6088 2.1395
1.9963 -3.9193
-4.1651 -4.3597
-4.6981 -2.4745
-4.4707 -4.3598
-10.9079 4.1865
-9.7362 2.2504
-9.2026 -3.8644
-9.6641 -7.6701
-0.7325 -5.5911
-8.8559 -4.7198
-4.8667 0.0138
-10.4659 -8.9581
-4.0368 0.3761
-9.0427 -4.5970
-9.9294 3.7320
-4.1308 -0.3826
-4.4897 -8.8867
-8.2855 -9.2154
-9.7898 -9.6176
-9.1480 -8.9614
-4.1742 -10.9008
-9.1773 -11.7145
-9.2538 -4.0718
-4.5623 -4.5091
-4.7098 -4.7008
-4.3654 -10.1820
-6.2986 -3.9888
-3.9949 -0.1660
-6.2186 -9.6018
3.7991 1.7328
-9.6171 0.7395
-1.2023 -9.7974
-9.8806 1.0089
-9.5814 -4.5104
0.1592 -5.1028
0.1534 -8.9931
-7.9625 -10.1419
-9.3725 0.4025
-4.7526 -9.3374
-4.3441 -4.0706
-9.1074 0.1433
-1.7876 -8.3979
-9.9774 -5.3906
-10.4411 -8.8685
-7.5159 -0.6978
-4.3099 -4.8760
-4.2408 1.1561
-8.0386 -10.3182
-4.5101 -9.3536
-4.6949 -4.8085
-4.3838 -4.1761
-4.3258 2.2177
-8.9976 -9.6629
-9.3371 -10.0166
-1.4986 -4.2288
-4.5563 -3.7807
2.2450 -7.4449
2.0700 -3.9776
5.7770 -9.2773
-4.7045 -10.5374
-11.1780 -9.3725
-4.3217 -9.3664
-10.8015 0.6786
0.4308 -8.6410
-9.3469 2.0435
0.3030 -6.6696
-3.5012 -5.0125
-2.3193 -10.3571
-9.1825 -3.9680
1.4545 0.9102
4.6489 -4.5438
-8.6774 0.3452
-0.4343 -9.1059
-6.4543 -1.1556
-7.1094 -4.3316
-11.0275 -9.3600
-9.0255 -4.3952
3.4370 -7.7475
-0.2868 -4.5196
-0.4964 2.4776
-8.5909 -9.5981
1.3445 -4.9442
-4.4310 -9.6747
-4.1296 -9.1125
-3.9961 -9.2780
-0.8851 -4.7352
-8.9758 -4.6594
-7.3981 -0.1905
-10.6103 -9.1483
-4.7234 -6.9670
-4.4138 -4.6506
1.3471 -10.0326
-5.1956 0.9428
-8.9042 -4.5087
-4.9712 -5.0317
-4.4470 -0.0461
-9.9092 -2.9396
-0.1602 -4.1952
-7.6635 -9.3939
-2.6704 -11.2594
-5.2781 -3.8570
0.9183 -4.6885
-4.8915 -9.5115
-4.1181 2.9260
-9.7861 -9.6235
-8.0996 -2.6278
-4.6470 -0.1093
-4.7283 -9.7490
-8.7149 -4.3249
-10.0529 -4.6774
-4.6507 -10.7889
-9.4700 -10.5678
1.6758 -4.0846
-3.9844 -12.3057
-5.0556 -2.2377
-9.1238 -11.5727
-4.5368 -4.5126
-8.9238 -0.2259
-10.3141 -4.5463
-9.5504 -10.7846
-8.9268 -11.2090
-8.8710 -5.4889
-4.2506 0.8519
-0.4342 -3.5385
-7.3886 -4.5655
-4.5120 -4.4502
3.2608 -4.7819
-4.3575 0.7965
-7.2445 -10.5868
4.3802 -4.4799
-4.8607 -3.7907
-4.1792 -7.4244
-2.7353 -0.2844
-9.1854 -1.7115
-4.7558 -3.6866
-11.5601 -5.7681
-9.1189 -4.2530
-11.3730 -4.6480
-4.3864 -8.3923
-4.3390 -8.5865
-10.3020 -10.5436
-7.6441 -3.8249
0.6918 -4.4874
-0.8588 -4.5530
0.0781 -0.2808
-4.3533 -5.0838
-11.7803 0.6436
-9.4108 -0.6112
-10.5020 -4.5899
-10.0164 -7.7341
-5.4221 -4.0318
-9.8479 -4.0521
-4.9999 -4.5374
-6.6243 -8.4897
-6.3105 -10.2447
1.7029 -4.7774
-4.1711 0.6428
-4.2289 -1.3479
-9.1868 -4.9260
-9.8705 -4.0349
1.7380 -9.5383
-4.7162 -4.4456
-9.1430 -4.5523
0.9383 0.9332
-7.3232 2.3310
2.9134 -0.1711
-9.7643 -4.2211
-8.6791 -4.5261
-4.0484 -4.3605
-8.2175 -11.1742
-5.0512 -3.8456
-10.1076 -4.2150
-8.7406 -5.1739
-4.2330 -0.8592
-0.4350 -9.2600
-4.3974 -10.8694
4.0988 4.0326
0.9409 -10.4826
-1.2966 -11.0184
-4.5175 3.2813
1.3491 -8.5304
-8.4430 -9.7383
0.4618 -3.9798
-9.8751 -10.0278
-4.5365 -4.8652
-4.2119 -9.6176
0.6369 -10.2156
-4.4875 -10.0355
-7.9647 2.7985
-4.5379 3.9401
-4.5112 -11.6854
-8.6762 -4.6026
0.7954 -0.7011
-9.5478 -9.4892
-8.3090 -9.0577
4.9453 3.5268
-4.3691 -4.1412
-8.5379 -7.8265
-4.5944 -4.3234
-4.6771 -8.2763
-10.8408 -4.7598
-9.8099 -10.0964
-8.5460 -4.3662
0.2956 -9.7713
1.4536 -4.4789
-10.2034 2.2288
-4.7672 -9.0914
-6.5031 4.0628
-4.8061 -4.3566
-5.6247 -3.8442
4.2413 -4.5960
-8.7636 -4.9015
-4.6280 -8.0673
2.5657 -4.7203
-5.2335 -4.4965
-9.8624 -4.9423
-4.7108 -10.2814
-0.7448 -9.4977
-7.5702 -9.1140
-8.9506 -4.7534
1.1660 -10.2502
3.6587 -8.6717
2.7484 -7.9193
-7.9731 -4.3113
-4.7837 -8.4721
-8.6262 -5.6491
-10.4839 -4.5454
2.0949 -9.8737
-10.2361 -11.2060
3.4837 -4.4640
-4.7299 -4.3223
-10.4429 1.7818
-1.7827 0.6809
-9.5920 -3.9814
-8.3337 -8.9080
-10.0069 -15.1653
1.3282 -8.5529
2.6863 -9.4333
1.7590 3.4818
-4.9195 -4.1166
2.3235 -9.8007
-4.4357 -4.7705
2.0751 -4.6801
-4.5721 -4.0791
-9.2892 1.1435
-5.8814 -8.7550
-9.3551 -7.3536
-3.6148 -9.4558
-4.7486 -4.3698
0.0188 -8.6390
-4.8197 -4.5113
-4.7543 -9.2306
-8.0678 1.2072
-4.9113 -2.1630
-10.7706 -4.8074
2.9545 0.6673
-7.8945 -4.4037
-10.6495 1.0318
-4.9706 -7.2392
-4.2547 -4.2858
-8.5054 -5.7305
-8.8184 -4.5120
-7.0096 -3.7052
3.1802 -4.7714
-9.6491 -4.6580
-4.3058 -10.2058
4.7276 -3.6622
-6.2847 -4.6717
0.4666 -3.7256
-4.2797 -0.8591
-5.6405 0.8047
-5.3827 -8.1352
-8.3094 -7.7867
0.1650 -9.5290
1.9617 -1.3644
-9.9892 -7.5559
-3.9833 -2.3855
-4.4066 -0.6531
-4.1116 -4.9945
1.2635 -4.0235
-4.9363 -3.9866
-9.8518 -2.1132
-4.2300 1.2922
-9.6751 -9.8583
-4.5410 -10.6897
-8.5576 2.8721
-4.5166 -1.1309
-9.0323 0.5451
-7.5659 -1.3299
-9.4660 -4.4044
-7.2575 -10.0179
-5.4408 -0.4043
4.1900 -4.1226
0.7089 -6.9451
-9.9447 -5.0135
-3.4358 -8.0336
-11.1596 2.9446
-4.8534 -8.7218
-4.7923 -3.8123
-8.7833 -9.2854
2.7920 -10.3410
-0.0651 -4.7515
-6.2515 -7.5380
-1.3583 -4.3159
-4.6419 -4.8910
-7.0916 -3.6882
-4.3837 -6.6713
-4.5214 -10.1795
-9.8576 -4.6575
-9.8409 -8.8472
-4.4602 2.0855
-4.3328 -7.7001
-8.7265 -1.0482
-6.6400 4.3836
-3.9036 -4.6081
0.6433 -8.4177
1.2899 -8.5513
3.8501 -5.8097
-8.1319 0.9930
-4.4478 -4.2462
-10.7350 -8.9929
-1.5615 -8.3019
0.8005 -8.4505
-4.9491 0.2027
2.8825 -9.5671
-4.2015 -6.1521
-4.6820 -4.4407
-4.4264 -4.6692
-4.0977 -8.8705
-8.3287 -4.4421
-3.9059 -10.8670
-4.8477 -9.2312
3.7231 -9.5442
3.4693 -8.8896
2.7396 -9.2072
-8.6948 -4.5270
-8.5930 1.0726
-4.8154 -4.3032
-5.9754 -9.7647
-9.5498 -0.0368
-4.4749 -7.2654
-4.5251 -9.3410
-3.8054 2.7587
-4.8819 -7.6295
0.8180 -4.4231
-9.4314 -4.8590
2.3696 3.0021
0.4621 -1.2793
3.0336 1.6236
-4.3050 -7.4866
-4.5781 -9.5528
-5.0455 -4.3474
-0.9722 0.9077
-8.0571 2.7116
-8.0139 -8.9811
-4.6629 -9.9958
-7.1977 -4.4193
0.7331 -5.0183
-4.2958 -4.2796
-6.8905 -4.5491
-9.7702 -9.1164
-4.6579 1.8974
2.0630 -7.5811
3.4960 1.1573
3.0222 -4.8973
-6.8359 -8.7248
-9.2107 -3.9277
-6.3246 -8.3470
-8.7425 -8.9084
-9.6650 -4.4379
-7.5142 -8.5575
-9.7842 -4.1445
-6.2126 -5.0554
-11.1759 -0.8837
-11.1208 -8.1730
-5.9789 -4.4731
-5.0652 -5.0593
-9.9406 2.7529
-9.1526 -2.5368
-4.4312 -10.1072
-4.9636 -4.0150
-4.5998 -4.5625
-11.0925 -4.0489
-8.5374 -3.8531
4.6039 -7.8705
1.8324 -8.7115
-4.0489 -4.9261
-8.5255 -10.5170
1.9559 3.5001
-4.3013 -9.1317
-3.9062 -4.5911
-2.8871 -9.5954
-4.5463 -7.2918
-9.5990 1.4482
-4.8795 -9.3723
-7.1289 -10.0924
-4.8278 -4.2699
0.3409 -9.5154
-4.4909 -8.2231
-7.8982 -4.6337
-11.6065 -8.8521
-4.4740 -8.5877
-5.6334 -8.1777
-7.6594 -4.5990
-4.1953 -9.5351
1.7718 -1.4789
-5.1061 -9.1437
-8.5625 -4.2307
-10.1735 -5.4269
-8.6655 -7.7134
-9.4042 -10.0269
0.3779 -5.7987
-10.3912 -10.6853
-3.7233 -7.3280
-11.9297 -4.5693
6.5267 -4.9032
-0.9710 -8.1098
-4.5352 -9.2086
-3.6963 4.4902
-10.0507 -8.7297
-1.1055 -4.7077
-9.4941 -8.5794
-0.2392 -4.1389
-11.2501 -4.8711
-4.3746 -4.0581
1.5262 -4.1792
-9.1795 -9.8303
-9.3834 -2.4983
-9.9297 -5.1634
-4.6644 -6.8483
-8.3273 -10.1075
0.1760 -5.0520
-10.1994 2.8102
-8.9731 -4.6433
-4.6213 -9.3467
2.3154 -4.2992
-4.2261 0.0235
-8.5839 1.3379
-9.2147 -2.7605
-4.4155 0.1314
-4.3134 -4.6269
-9.3123 1.4341
1.4018 -9.5479
2.7901 -8.3970
0.0056 -8.2115
-8.3520 -10.3932
-3.2475 -4.1986
-4.8560 -1.1535
0.6144 -4.6026
-0.0441 -7.2688
3.3875 -2.4925
2.1804 -8.2341
-0.8074 -4.1461
-7.5833 -3.8306
0.1785 -5.9030
-9.5615 3.2221
-5.0539 -11.4375
-8.8115 -0.9231
-4.2091 -9.1574
-7.4516 -9.2156
-10.1856 2.9162
-7.8461 -8.3827
-10.0768 -9.6299
-9.6934 -2.3949
-4.6850 -2.8983
0.0698 2.5542
-10.4591 -2.0655
-4.1752 -9.6144
1.9632 -4.1136
-8.2845 -5.0422
-7.7045 -3.9164
-4.3804 -7.9593
1.3022 -6.4613
1.1647 -4.6031
-3.9874 -7.5919
-8.8631 -9.2750
-4.4078 -4.4681
-8.6176 -7.2119
-4.3237 -9.2810
-4.5586 -1.5436
-9.5447 -0.6123
-10.9249 1.5125
-8.3525 -10.2898
5.7497 -12.7970
-5.1677 -4.4746
-4.9857 -4.1381
-10.7616 -2.1904
-9.4968 -4.5223
-4.2295 -4.5570
-0.7217 -9.7773
-8.5399 -10.4397
-1.8334 -1.2940
-4.7910 -4.8556
-9.6922 0.0816
-4.8560 -0.4689
1.7888 -4.1822
-8.0863 -4.1073
-4.3173 -8.1003
-3.0228 -4.7667
0.2190 -9.5967
-8.8800 -9.6918
-9.0993 -0.6778
-4.3716 -3.8769
-4.4858 -4.9393
-3.8458 3.2243
-8.6533 -4.0020
-10.2703 -4.5438
-3.1388 -5.8489
-5.0782 1.4642
2.2562 -1.3057
-5.2150 -4.1459
-4.1028 0.4988
1.6507 -8.5255
-4.0293 -1.4666
-10.5628 -9.5506
-4.4253 -9.6289
-4.7795 3.6791
-5.3657 -10.1662
-4.4782 -9.3609
-0.2348 1.8747
0.0911 -10.6671
-4.2507 -4.4661
4.1378 -10.3733
3.1408 -7.5520
-3.4616 -7.3025
-5.0357 1.3207
-6.3425 -7.6135
-4.0589 -4.9619
-4.9267 -8.5544
-4.3580 -8.5301
-4.4070 -5.0462
-4.0589 2.6585
-4.4941 -4.6813
-10.1442 -0.3833
-9.1005 1.2195
4.2320 -9.2434
5.3890 -4.1253
-10.0700 -4.2638
-0.9167 -4.1486
-10.0624 -4.3790
-9.5930 -7.0979
2.7341 -4.3833
-4.7394 -4.9362
-7.7130 -8.4978
-4.2185 3.2100
-4.4138 0.2443
-10.0776 -4.7725
-4.9373 -10.7577
0.7729 -4.4975
-10.0541 -4.3251
-3.7305 1.4528
-9.7968 -9.4436
-9.2156 -10.4564
-7.1752 -12.6929
-10.6322 -9.0310
-7.8009 2.7952
-4.6306 -5.4560
-5.9902 -9.4210
-9.0118 -9.5916
-4.2108 -8.7572
-0.7709 -8.3626
-8.7650 -4.7139
-7.5248 -3.6310
-4.8104 3.2497
-4.2251 -9.2977
-4.7751 -4.3752
-10.9786 -4.2768
2.0868 -4.6327
-10.3305 -3.9229
1.4696 -0.4747
-8.6548 1.1308
-4.3913 -6.8272
-0.3205 -8.4432
-4.3837 -8.0058
-7.7420 -9.2624
-8.6411 -10.1084
-9.9576 1.1799
-5.1804 1.3103
-5.6070 3.4836
-10.3256 0.1605
-4.7363 -4.1156
-8.4037 -4.5344
1.1327 -4.4391
-8.7383 -4.9715
-4.4780 -4.5133
-0.4171 -4.4204
-3.7114 -4.6578
2.9799 -4.4302
-9.3096 -4.3458
2.1742 -4.7873
-7.7593 -4.6406
-4.4173 -0.7944
0.7131 1.4447
-7.5052 -4.7035
1.0060 -8.2542
-10.1127 -9.6630
-4.5261 1.5209
-8.4747 -9.6087
-1.1374 -4.4679
-3.9988 -10.4833
-4.1999 1.4976
-9.7500 -9.7491
-7.2169 1.5718
-3.9911 -10.2546
1.4370 -3.7846
3.5034 -0.9948
-12.5460 -5.2086
3.1993 -7.8458
6.3524 1.3967
1.1567 -4.5113
-8.5896 -4.6313
-4.5455 -9.4467
4.8614 -4.1487
-1.0490 -4.6006
-3.9202 -0.5334
-10.0503 -4.5529
-5.0057 -4.1915
-6.6155 -9.6591
-10.0631 2.2005
-4.6566 -10.0982
-3.9463 0.2799
-4.1129 -4.1995
-3.6746 -8.3276
-4.0656 -8.6300
-0.6411 -3.8213
-10.8534 -4.9339
-3.7610 -4.2257
-4.7247 -4.9501
-4.1301 -4.3701
-3.6706 -4.8532
-10.4872 -7.5843
-10.8190 -9.1714
-4.3497 -10.7829
-4.4686 0.5691
-10.8446 -1.3719
0.7066 -4.4015
-4.4623 -9.7299
-10.3998 -9.3213
-9.5097 -4.3933
-5.3775 1.3761
-5.3764 -4.2344
-8.7979 2.8628
-9.9697 -4.1985
-4.3903 -4.2422
-4.6073 -4.7720
-10.7420 -4.0568
-7.3109 -4.5318
-9.1497 1.0711
0.9871 -8.8257
-8.0103 -9.6408
-9.1535 -3.8407
-3.9634 -0.3743
-9.9421 -9.9253
-0.0945 4.0470
-4.1363 -4.5001
-8.5648 0.4970
1.8732 -8.8895
2.9920 -8.0554
-8.1964 -4.0925
-10.4242 -7.1622
0.1145 -4.4254
1.6063 -4.5454
2.4893 3.5141
-10.1208 -9.5236
2.1797 -6.4385
1.5499 0.8402
-10.6849 -8.4684
0.6481 2.4614
-7.7543 -4.0232
-9.1659 -3.9525
1.4672 -9.1160
-3.7057 -4.6927
-4.9528 -10.1582
-4.9016 -7.6746
-9.8108 -9.8712
-9.6665 -2.9689
-12.3700 -8.7325
-4.9144 -8.8824
5.2742 -5.4336
-9.3596 -11.0799
-1.3755 -4.3036
0.3692 -8.6881
-4.9566 -4.4802
-10.3849 -4.7603
-3.8198 -9.0455
-4.7830 -9.9854
-4.9170 -7.2515
-4.6494 2.4776
-4.3124 -0.3547
-11.5789 -10.4608
-4.0988 -10.9800
-4.1260 -4.1969
-10.1274 -10.7596
-10.9287 -8.5237
-3.4832 -4.4367
-4.1557 -9.2074
-5.0553 -9.5479
-0.3626 1.7722
-3.9700 -1.1817
-3.4714 -7.8924
-9.6153 -4.4551
-8.7001 -8.1238
-9.6511 -0.4377
-9.8690 -9.6252
-0.2523 -8.0612
-4.4242 -4.2771
-4.2837 -0.2719
-3.6225 -5.0947
2.8008 -11.1690
-11.0453 -4.6249
-10.8095 -3.6394
-8.7190 -4.4810
3.2538 -4.4686
-9.5585 -4.5144
-4.5081 -4.3609
-6.6504 -8.9071
1.0460 -4.7396
-9.0704 -9.7027
-8.7977 -4.6873
-5.0068 5.0100
-10.0406 -10.5708
-4.6688 -11.3301
-4.6210 -9.3012
0.9273 -4.7777
-4.7731 -7.9811
-4.4713 1.7739
-4.3775 0.3183
-4.2032 -4.3728
-7.7743 -0.1715
-2.9542 -4.4044
-8.6748 -8.3397
-8.7193 0.2542
-5.6712 2.5467
-0.9158 -4.5349
-2.2410 -4.8338
-4.6154 -5.1712
-9.1453 -8.3456
-9.6047 -9.2220
-1.5209 4.4412
-4.4522 -10.8909
2.9606 -1.6124
-7.8572 -9.1902
-9.0720 -4.3304
-4.3058 0.6328
-4.8488 -8.5098
1.3365 -9.2007
-4.5201 -6.2806
-9.0836 -0.8772
-4.1445 -4.7023
-9.2974 -4.9125
-8.4849 -9.6367
-9.6700 -10.2100
-3.8098 -0.9960
-9.7719 -3.7114
-4.7371 -4.3814
-4.5386 -4.7072
3.3211 -11.4472
-4.2826 -4.7898
-4.3104 -4.0197
1.8105 -4.0382
-6.8946 1.2398
-9.1268 -4.6579
-4.9357 -7.1992
-9.2573 -4.6337
-9.5307 -9.1697
-0.1500 -9.9223
-4.8370 -12.2151
-9.4786 0.1729
-5.2672 -4.7961
2.2756 -4.6523
-8.1828 -4.8315
-4.4488 -4.3695
-7.2965 -1.1662
-4.6979 -4.3345
-8.6748 -7.0391
-4.3602 -8.0005
-1.1295 -4.4890
-4.8828 0.7178
0.3484 0.8358
-4.7617 -4.6175
-4.6245 3.0680
-8.3418 -4.6677
-9.2055 -5.5548
4.0320 -4.6844
0.7570 -8.3232
-7.9258 -9.8924
-8.7583 0.6576
-4.4604 -4.6496
-10.1232 -0.1014
-4.5254 -4.5049
-9.4834 -2.2490
-4.3031 -1.2340
-9.3458 2.2843
-4.5007 -11.0808
-9.1573 3.3234
3.3546 -10.1885
-0.4235 -4.8111
1.7989 -9.7801
-11.8405 -2.4187
-1.6946 0.3642
1.7606 0.2576
-9.7363 -8.4149
0.8438 -8.3498
-4.6513 -9.4025
-8.3579 -10.0939
-4.1890 -0.4334
-7.2846 -4.5909
0.0798 1.2492
-5.0600 -4.4168
-4.4057 1.1942
-7.4244 -14.2846
-4.1560 -8.3312
-0.1427 -2.4541
-4.7026 -4.3855
-4.6263 3.5938
-9.3208 -4.3106
-4.4791 -4.8570
-4.4663 2.6147
-10.7716 -4.5890
-8.9186 -11.3464
-4.4402 1.1194
-9.9273 -9.5295
-9.0373 -6.9088
-4.8500 -4.7004
-4.5920 -7.6447
-8.6007 -7.4127
-4.6288 2.0647
-3.8118 -2.1594
-9.6119 0.3351
-9.3167 -9.3635
-9.9558 -10.3679
-1.3807 3.0989
-9.1776 -14.2343
2.6242 -4.8359
-5.0594 -4.4702
-9.3241 -9.3564
-2.6301 -4.0642
-4.5055 -4.7723
-4.8396 -10.2307
-8.0033 -8.8725
4.2257 -4.5042
-4.1961 -4.4184
-8.1556 -5.9682
-6.9188 -4.9650
-4.3368 -8.9582
-7.7330 -1.1240
-4.1579 -9.9975
-8.9355 0.0489
-3.9392 -8.1399
-8.5950 2.6641
-6.8868 -8.6340
-3.0952 -9.0101
-2.2451 -8.5523
-9.5135 -4.1495
-4.1650 -7.7072
-1.3540 -4.4635
-10.0073 -4.9350
0.6990 -7.9282
-4.3412 -0.9512
-9.9099 -0.3930
-3.6532 -4.1809
-4.5810 -4.0640
-9.5811 -4.0320
-0.4059 -8.7622
-10.9458 -9.8991
-4.9804 3.3124
-6.9272 2.6127
-6.4473 -4.0468
-10.8890 -10.4754
-4.2429 -9.7646
3.5665 -8.5284
1.8208 1.8983
-10.9353 2.1298
-9.3694 4.7110
-4.7224 -7.2988
-4.3651 -9.2378
1.7344 -8.1372
3.0597 -10.0281
0.4919 -10.2143
-8.5463 -4.5836
0.3111 5.6328
4.1487 -3.6779
-9.2871 -4.4451
-5.4977 -10.7136
-4.7714 -4.3312
-8.9040 -6.7324
-3.6799 -5.1863
-10.0739 -11.4216
-3.9646 -10.5513
1.1455 0.3221
-7.6765 -8.1718
-4.6059 2.1348
-9.9698 -4.1674
-4.8745 2.1216
-8.0115 -9.2702
1.3294 -9.5452
0.0894 -3.9905
-3.9333 -10.2345
-4.2620 -8.0566
1.4028 3.2632
-4.3278 -8.8998
-9.6764 -4.5710
-9.3525 -8.5519
-4.7624 -4.8292
-3.8389 -3.9511
-4.5612 -9.7119
-4.9674 -9.9022
-4.3113 -8.8490
-0.3216 -4.2802
-4.2854 4.5127
-3.9450 -12.0015
-9.0529 -4.8832
-4.2862 -7.6701
0.7559 0.2073
3.0831 2.0498
-5.6970 -4.1255
-4.4906 -8.7725
-6.0074 -7.7313
-10.1876 -5.2621
-7.3518 -9.2085
-10.7503 -4.7099
-11.5692 -9.5480
-3.7727 -8.4068
0.2501 -4.6867
-10.4763 -9.8156
-4.5866 -4.4939
-3.8473 -9.7351
-11.7425 -4.2497
-2.0841 -5.4891
-9.9674 -4.4863
-4.8225 -4.1218
-7.9875 -1.0851
-9.8881 -8.7886
-9.7749 -8.7506
-12.4407 -4.1139
-9.3866 -3.6021
-9.4937 1.1494
-10.2418 -0.3160
-0.2958 2.1050
0.6425 -9.2547
-9.7946 0.8824
-4.2143 -10.7022
-4.6237 -0.2766
-9.3553 -3.9662
-10.4885 -4.3670
2.3284 -9.6605
-4.6481 -4.6547
0.3174 2.3923
-11.5564 -4.3922
0.7777 -7.0539
-10.2045 -10.5827
0.1160 -8.9903
-10.1923 -10.0105
-10.0026 -1.7096
-8.4323 -4.4118
-10.3823 -6.9146
-4.6572 -4.6545
-4.4863 -10.4055
-3.3331 -9.2037
2.6231 -9.5650
4.3710 -9.8341
-9.1766 -12.3584
-10.4066 -4.0873
-4.0384 -9.4396
-8.7144 -4.7693
-10.7533 4.4732
-9.0096 -8.8885
-8.0646 -9.3557
-10.7983 -4.3255
-7.9822 -4.3443
-7.1536 -10.3726
-8.7991 -7.5340
-0.3895 -4.2649
-11.5977 -8.0949
-10.4899 -7.2170
-11.0235 -1.0026
-3.7657 -7.7917
-4.6047 -4.9733
-3.7703 -9.7428
-9.9199 -4.7038
-4.4960 -9.4408
8.4985 -5.0563
8.6409 -4.7265
2.1648 -4.6874
3.6663 -6.1080
-4.7650 4.6391
4.0401 -5.6790
-7.5117 10.7825
-6.1626 9.4510
4.4944 8.9665
12.4520 3.9772
5.1379 -5.4339
2.6736 2.4715
7.4945 -1.9307
9.1854 3.2280
2.4836 -2.9035
-6.8987 10.2416
-3.8037 -5.8950
9.3728 -6.0142
4.2140 3.9767
11.1895 -3.7025
4.6314 -4.6789
8.2522 -4.2178
-5.7672 3.0720
9.3363 -3.0810
-6.2813 2.8041
-0.7803 -8.2156
-0.6393 0.0119
-5.0070 13.4185
10.6013 6.6249
-9.5236 -2.4078
7.9463 2.0614
10.6648 -3.7904
9.1434 6.0568
-2.2193 2.4339
3.2627 10.1389
3.1182 -6.3479
-6.2968 -6.6394
-6.5416 -5.6242
-5.0002 10.2370
-7.7357 1.3914
-6.0763 -6.3451
3.1429 -3.5588
5.7779 2.9007
3.1387 -6.8627
8.8258 12.0893
-3.1160 9.4681
-1.8917 1.4241
9.1230 0.5341
-6.6898 12.0559
-2.7945 -0.0422
3.6958 -3.2825
-5.1625 3.3327
3.2601 4.4380
7.2744 1.5158
5.6753 -4.6438
-7.0637 -8.8314
-6.4447 -1.5458
-8.7068 -5.1622
-4.2646 -6.3116
-4.4428 -4.2040
2.1054 6.7256
11.5355 10.8562
12.0874 -7.9245
-2.7947 9.0539
9.3114 3.7584
-8.6392 9.2648
-5.5692 10.9719
0.7215 -4.5394
-0.5556 2.4045
-3.8575 -4.5539
-5.2358 2.1248
3.1684 -4.6132
2.8801 10.6203
7.9348 8.8461
-8.4474 4.2762
-6.3744 9.6559
-2.6984 -6.3520
8.7584 -2.1002
-5.9208 2.4549
-3.9477 -2.1320
9.5264 13.9692
-0.1542 -5.3602
12.4402 8.5842
10.5445 -6.9268
11.1128 8.9418
8.5839 -0.4933
-2.1968 8.9605
-6.5860 -3.5727
-3.2255 8.3862
-5.9567 8.8853
11.1932 10.3849
6.8278 4.6593
-5.9142 9.2836
-1.0849 10.2008
-1.2309 7.9917
-6.3625 11.8685
7.0111 -11.4891
2.4633 -4.5443
-3.7863 8.5203
5.4190 -4.8901
9.0267 -5.3076
0.9316 -4.3614
3.8424 12.2388
-7.6502 -8.4232
-0.1954 2.1138
-7.7002 8.0645
9.5432 8.6365
-8.2835 3.6641
-1.7462 -6.9617
8.2977 3.4164
8.7791 9.0220
-7.7337 -2.2337
8.7401 -5.5423
8.9615 -6.1075
-3.2931 -7.2553
-2.7529 -5.1971
3.9798 1.1252
1.8542 -8.5856
1.2011 -7.0839
9.5528 5.3806
-3.0329 1.9329
-6.5735 -4.0325
-3.4427 -6.2340
-4.3674 -8.2280
3.5903 9.4352
10.8470 -5.1794
10.5071 7.8084
-7.5710 4.9297
-6.2907 -4.0556
-9.2960 2.8774
-3.3690 3.8890
1.3155 3.0573
8.2481 1.8099
-3.3215 11.5526
-4.6816 6.8110
3.3387 7.6873
-6.3358 9.6793
3.2669 9.7770
-6.0153 2.3227
-3.5104 1.8802
9.0213 -2.1050
-8.2251 -8.7585
11.3735 10.0374
-7.4838 3.6089
4.3509 7.1082
-2.8378 -4.7482
2.0761 -6.4484
8.6614 4.0528
2.1789 10.0744
-3.1911 -4.5932
-3.2151 1.5922
-5.2535 4.2794
2.1270 10.8877
3.9644 12.2620
-2.2211 6.3476
8.6790 -5.8696
12.4205 2.9091
12.7992 11.5778
-5.7867 7.3182
0.8733 10.1715
1.2317 3.3895
-8.9311 -0.5142
1.1810 4.7496
-1.7274 -6.3686
-6.6107 -6.6904
10.6892 7.6973
-7.7399 -4.9478
-6.5217 11.2507
10.0432 -2.7040
-7.3831 -4.1482
-5.2232 3.8217
-4.2218 2.7515
3.7281 5.4730
9.2032 3.6721
-1.8570 11.2569
-5.3959 -3.7063
-1.6038 1.4204
10.8270 3.7482
10.4165 -4.3988
9.5816 2.2400
2.6282 3.4938
-3.5032 -4.5200
-5.0400 -4.9283
-4.1597 5.4581
-3.4202 10.9437
-3.2594 10.8417
6.6523 2.4388
4.0049 -7.8085
1.8664 3.9957
7.3099 11.7336
-9.0738 -5.5914
-4.3708 11.4245
0.7586 6.1722
1.5059 1.7082
-6.4617 -5.3825
-6.1219 1.8953
-6.1067 4.5805
-3.9078 2.6711
8.6055 7.8534
0.2097 -3.6073
-2.4517 2.5630
10.9145 -5.6932
-3.3194 -8.3644
-3.7770 2.7352
2.9704 3.1294
-7.3563 -1.7813
8.5423 -4.6790
-6.6966 10.6770
4.2274 10.4801
2.9253 -6.4970
10.0791 -4.4482
2.8091 6.8675
-4.4668 -1.4048
2.3029 -3.4823
4.6275 10.5379
12.5208 8.2741
10.0164 8.7398
3.3835 4.7872
1.0484 7.0030
10.1657 10.0969
2.5125 -6.5987
-7.7566 10.2674
12.9747 10.5181
2.3195 11.6393
9.3896 -7.6406
-5.8496 0.7198
10.3960 7.9089
2.8013 2.8389
2.8455 -6.2820
-5.2751 -6.7240
2.4551 4.1355
-2.4670 10.4311
9.6332 -5.2097
-3.3712 8.3137
-8.2186 -8.6174
9.3494 -8.1232
-5.6993 9.8709
3.8459 10.9643
-6.5914 -3.1720
-8.2760 1.8538
9.0240 -8.6431
-2.3631 3.4011
7.6187 -3.8870
4.2472 -6.7998
3.0956 -4.9437
-9.5706 9.9398
12.6066 3.9020
-4.8649 2.5345
1.6398 9.7285
1.5516 -7.7456
4.9627 1.9684
-5.9852 -1.8677
7.8521 7.8588
11.6278 2.9771
3.7455 -8.3348
10.2305 10.3441
-2.0584 -2.1469
-5.7113 7.0086
-4.6380 -2.0821
-2.1678 -5.3120
11.6107 11.6075
-7.6979 0.9247
-4.3933 4.3523
-8.2195 6.0869
2.3632 -5.4410
-7.5813 -9.2773
-3.6252 -6.4635
-3.1859 12.2013
0.7610 3.0472
-7.5879 2.0044
9.5250 8.1432
3.1953 -4.3486
-4.4074 2.4278
2.1423 5.6820
8.4068 -7.1481
-9.9418 3.0459
-6.4075 2.3033
2.7904 -4.9747
-8.8457 10.9672
-4.4476 5.8566
-6.2615 3.9859
3.5891 -8.7891
5.2804 -6.0971
-2.9963 1.9385
3.2800 10.8770
-2.8450 11.7318
-2.8063 -5.8066
0.9291 11.3942
10.6778 5.2842
9.5671 3.6439
12.1384 9.8371
8.8303 -5.3280
11.0830 9.2330
10.5730 -2.8572
-4.7830 2.6176
-7.2388 2.3750
-1.9739 2.3117
6.3451 -3.5957
-5.1552 -2.2893
2.9855 -4.3559
-4.6090 9.4632
-8.3791 -3.6968
4.5321 9.2855
3.9109 -3.2819
1.8185 -5.2807
-1.4484 -1.4362
-6.5704 -6.8267
-6.2960 7.8787
11.8556 4.9925
3.1906 -5.1662
-2.9700 9.1005
-8.7143 -6.8472
15.2476 8.2852
10.8692 8.9719
9.0247 -0.9215
-5.4748 8.5715
9.8029 3.7114
-2.5876 -5.5119
2.3971 -5.5172
-9.2971 3.0553
3.7149 6.5374
-4.9107 -3.0681
2.4747 1.5847
10.0292 -2.5885
-8.5649 -6.6808
-4.0453 8.3523
7.4275 2.6813
6.8441 2.0792
8.2327 -3.8257
2.4534 2.9582
7.4764 11.2948
1.9813 8.8113
-4.4463 3.3389
3.7134 4.1805
1.8505 -0.4569
4.2194 -8.4097
2.0970 -10.4943
-5.9777 -3.7865
9.7044 3.3398
-5.3260 1.3337
10.4552 10.1734
-4.7773 -6.9117
12.0929 -4.2745
2.8756 9.1295
2.8401 11.7968
-4.0226 -9.4547
-3.6984 2.8992
-1.3107 -5.2565
8.4349 3.2375
-4.7124 -10.9795
-4.5091 10.7644
4.5607 5.4337
-3.8113 4.6829
-5.0094 3.2803
-4.1596 9.2696
-7.5779 12.2272
-6.4467 -4.5176
3.0064 7.5770
9.6766 -3.2551
11.3356 -7.4889
2.8026 -4.2320
7.9573 -7.7453
-4.9363 -5.2168
-0.0530 10.5107
-2.4633 -7.2321
-6.1975 -6.8323
-5.5886 -6.5806
-2.7140 7.8112
4.9719 2.1502
2.4491 10.2581
-3.3732 10.5996
-8.6631 4.0480
-3.3228 12.5032
-4.0130 -5.5849
-7.7607 -5.6113
13.9836 4.4111
-3.9346 -7.2959
7.0393 -2.8214
-5.4837 7.4462
7.9264 -4.7735
-5.6205 3.5662
2.3607 -6.8890
-2.3422 -6.9732
9.9163 7.2057
-5.7695 -8.1763
-3.4442 8.7238
11.5493 10.8373
-3.6469 11.5136
1.3950 4.9976
11.3447 2.1285
9.8289 -2.6703
-4.3989 2.5876
2.4160 -7.4454
-7.6451 6.6119
2.5641 8.9686
0.4768 -7.3696
12.0741 -5.3032
-1.6090 -2.7057
7.8335 -1.9618
2.6402 -3.5981
10.4909 1.7339
7.7099 11.0374
7.4000 -8.2561
9.6008 -4.3572
2.5677 -3.4891
9.5880 -1.4776
7.6383 7.6880
-4.8551 -5.5039
3.8356 -10.5456
4.3800 12.0661
2.6082 -8.3770
3.4166 -4.0416
-10.9147 3.2782
7.9109 -6.0446
10.1257 2.1274
-6.0749 8.7674
-3.0903 10.4649
-7.7369 -1.6749
-4.8220 2.9264
-3.5370 9.0539
10.6731 -6.0257
9.0485 11.6461
-6.4392 10.3322
3.4918 5.0577
-4.5000 3.3944
6.9044 10.7684
2.6007 -7.3341
2.5241 5.7158
-7.9713 -6.2096
-4.5126 3.5703
-6.4915 9.0857
9.5600 -8.2189
-2.4621 -6.4084
8.8726 2.2712
-3.7578 3.3863
3.5914 -4.5713
8.1581 8.5856
-7.9192 4.0710
2.5265 2.2095
-5.0613 -2.1893
-6.5177 -3.0023
-5.9491 -4.5043
-7.8673 -6.7519
11.1530 -5.6193
-3.4738 -3.1476
-0.9654 -2.9154
10.3495 9.2352
-2.4465 -7.4653
9.8560 -7.6840
11.0104 8.5147
8.7935 2.4205
-4.0004 7.8187
10.5861 9.8159
10.6065 -5.4316
11.5181 1.6628
10.7722 12.7066
13.2921 7.3238
3.9365 2.7110
4.0119 1.7875
3.8948 8.4309
10.6664 -6.5195
6.2768 9.2039
9.3051 -5.6481
10.3235 -4.9388
9.1801 9.0031
-7.0981 9.8613
10.2910 8.2114
-8.6818 9.9874
0.7652 -7.7849
8.8416 -8.1404
-6.3123 -5.2409
3.1178 3.2505
7.4904 10.3006
-2.2582 -4.6072
8.5817 7.5525
2.7736 -5.1898
-2.2347 -5.3451
-3.1611 9.2794
11.2817 14.5042
11.5750 10.6623
-6.7863 -0.3451
6.8245 3.8125
2.9320 5.2930
-8.1102 2.1804
2.7938 8.5712
-6.4061 2.5249
-5.2211 0.6057
-2.3012 8.7531
-5.5884 -6.1034
6.1986 -5.3294
-3.5046 9.2704
-5.4170 -1.6695
2.9502 8.6501
-3.3964 -7.9695
8.8534 -6.6674
2.4301 -8.3671
-7.5764 -4.3650
-5.1806 -5.0049
-1.3657 2.4052
7.3872 2.6470
-3.6622 9.1454
12.2773 -7.5091
4.1074 -4.5120
-2.9265 -1.8269
-4.8425 -5.3091
2.5504 -3.3147
2.1809 11.9433
1.7574 1.6714
-7.5187 9.1587
3.7135 -5.3339
2.7444 2.3753
3.7267 -7.8149
-8.2462 -6.8056
2.4640 3.5279
1.7964 10.4297
6.8912 2.7019
8.7162 11.1144
11.6889 10.9376
11.4252 -5.4468
-5.2732 -2.7586
12.7672 -4.7447
-7.1681 8.1896
1.1507 11.6149
-2.6564 -2.4813
8.2218 -3.2429
-6.8669 -1.5078
-3.5696 -5.2469
11.3636 -7.6197
10.5916 -4.4318
-7.6939 7.9689
6.2710 -3.1389
-7.9248 -6.8212
-6.7716 2.8495
-2.3947 8.1927
-3.3858 10.6806
-3.5175 9.1611
10.5181 2.1689
-4.6597 6.1097
-8.7894 -1.9111
10.3730 10.4154
-4.9048 9.7026
-3.6422 -6.9547
2.0163 2.8205
-3.5220 2.0440
-3.7811 -7.0391
-8.8166 10.1283
3.3944 8.3985
1.0119 5.1233
3.5222 10.3891
13.0125 1.5627
10.4748 -4.1238
1.2607 -5.8241
7.7835 -4.8751
-3.9647 2.4490
13.9667 6.7895
10.4376 1.7182
12.0115 -1.8710
-7.1367 10.4093
9.5224 2.9561
-5.5863 8.4567
-6.9061 -3.4025
9.6688 -6.6644
-2.3371 8.9463
-6.8031 1.9779
8.7257 8.1033
-4.7648 10.2105
9.6635 0.2987
3.2683 0.9927
4.1161 9.4359
11.0094 9.8561
-3.3658 -6.5988
-4.9419 2.9723
-4.2580 3.0340
5.0187 10.2674
-7.1421 9.0685
13.3442 2.7523
7.5315 -4.8301
6.7262 0.9890
9.2924 9.1303
-7.9879 10.3296
-8.5051 -6.3429
4.1078 8.2827
-3.3749 3.9916
-2.5358 -1.3087
9.7120 0.4389
-4.4402 8.3192
-6.5775 9.8867
-5.2822 -2.5443
3.2280 1.8201
9.4165 3.2239
12.8405 -5.0563
2.3082 -4.6224
9.0854 -5.9059
-6.2013 3.2843
-3.7667 2.4517
2.4070 2.0132
2.6875 11.9080
-9.9889 -6.4729
-2.0493 11.6972
2.6902 9.4920
-7.5537 9.6492
10.7200 -2.3815
8.9895 -4.2067
7.4058 -2.6874
-6.5635 2.3212
-6.0488 -4.2080
-6.8616 7.2638
8.6263 11.9595
-9.5442 -5.5735
11.0762 -6.1583
-5.6494 -3.5462
-1.3304 2.6897
3.4948 9.5794
-7.0788 -4.7390
9.5666 -5.8293
-5.2259 -3.4001
-5.1605 8.1946
-6.2836 -3.1372
9.9329 6.9228
-7.8983 -3.2399
1.5947 10.3417
-6.9534 10.3841
8.1363 12.1145
7.0139 -3.9109
9.8697 3.9850
-4.7162 -1.9462
-0.0404 -0.8875
10.3131 -7.6628
-4.7083 9.4916
7.0936 3.4420
-6.7152 9.9738
8.8979 -2.0075
-3.0727 -4.4475
-6.7432 4.3408
-10.2650 3.0926
-5.6537 -8.2822
12.6487 2.6327
11.6124 8.7031
2.8877 7.0082
-1.0616 -4.6561
10.2907 2.9445
2.2017 11.1276
9.6682 4.3622
4.3581 9.7991
-6.4915 7.8176
5.9037 2.4092
-4.9084 1.7116
-4.3307 7.8941
-5.8388 -3.9451
5.9986 3.9310
-5.3193 10.0551
2.7108 -3.2990
9.2395 2.8481
9.6536 -4.5374
-4.7407 -3.0561
-4.1982 -0.7597
10.5006 8.7134
-10.3994 8.6750
8.5445 -5.7231
12.0324 2.4150
-3.4305 -7.2698
-6.9164 -3.5166
9.0667 7.4197
4.4080 -5.5470
11.2939 -0.9895
3.3701 -8.3703
-3.0575 -7.4791
-5.6083 1.8494
8.7319 -3.2050
-2.2425 -4.9467
-6.4148 -6.5548
10.0944 2.4088
4.1979 3.5696
-8.6174 -4.1922
2.1540 -2.7770
1.9620 9.9346
-6.5407 2.6184
8.7444 7.0865
1.5459 -10.2034
10.7509 -4.4288
3.7054 1.7121
-8.3628 11.8306
3.9254 9.0625
2.5523 -5.5209
7.6441 -7.4888
-5.5491 -9.4749
-2.7938 1.9693
9.4156 8.9733
-3.0153 -4.4386
-4.4522 -3.4525
-4.9604 3.7338
13.2804 1.6454
2.1463 9.2343
10.5797 -6.0848
3.1795 -7.0335
-7.0974 -2.7265
-5.9194 10.6896
2.6556 -1.2254
-6.2325 -6.0455
9.6887 4.4873
7.8492 9.6219
-6.0429 6.5181
0.8715 -1.3540
-6.6165 9.6141
-8.9306 -6.4194
1.2515 2.7860
-5.3366 -1.6874
-2.4897 -0.8040
-5.2784 7.6389
-4.1857 -4.3976
8.6674 -2.7306
2.0734 3.8278
10.8269 -6.3808
7.8614 -5.6683
9.8591 2.0783
6.7346 5.5707
2.4142 8.1106
3.0809 2.2849
1.6007 -10.5370
-5.2106 13.3760
2.0279 -5.6538
-4.5928 -5.4707
-4.6273 1.2100
13.3508 3.3793
2.0737 -7.6319
-1.0755 10.5596
-5.2855 -5.3649
-8.4397 8.9325
-5.0889 1.4095
9.8312 -6.9997
1.8927 2.6014
-6.1751 4.3403
-4.4970 3.0167
6.8931 -5.0399
-5.6402 3.5183
9.7075 11.3272
2.0351 11.0817
11.3584 9.1024
6.8408 2.0125
5.8464 2.7201
3.3689 8.2983
-1.8327 9.4296
-5.3808 8.1308
-5.6090 3.2307
-4.2633 3.6321
7.6214 -2.4613
10.7515 2.2498
-3.3458 2.9668
-3.4531 -3.7376
-1.9074 8.1308
2.5867 10.7534
-2.5615 2.3000
3.0926 -1.4616
-8.0963 10.2210
11.8101 -5.8234
-6.4780 -5.9359
1.8053 2.1435
10.8333 10.8751
-4.3957 8.2275
11.5142 -4.8387
-6.1601 -7.1900
-5.6432 -3.5367
10.2969 -5.3376
-3.5318 -6.2726
8.1991 10.6879
2.0589 -4.9745
1.8349 10.0633
-0.2217 3.6209
9.8824 9.3546
-8.8472 1.9386
3.9934 -5.2194
2.9979 9.8631
-5.6531 -7.6528
3.0761 1.6496
6.0574 1.9160
-6.1506 2.1263
-2.0145 10.1051
13.4329 -7.1897
10.9504 -6.2903
10.8528 9.3233
8.8173 3.0311
6.2083 -4.2104
-5.2368 -6.2208
-3.0063 3.2011
3.4998 -3.9037
9.3520 8.6132
-8.8589 -5.8266
-8.3396 -2.3660
-3.5123 -7.6448
-5.0778 -4.1673
-6.5627 10.7034
-2.7267 -2.6975
9.6938 11.6945
3.7216 11.3917
-9.6150 -5.5650
10.0733 -7.0739
8.1941 -3.7026
3.6132 2.5368
3.7095 2.9435
-4.4500 -3.0087
-7.1567 -0.3716
3.1018 11.7956
3.9771 -7.0685
8.8244 -3.9486
7.7728 8.9858
-7.3959 -7.9550
-6.6973 -8.2103
9.2162 2.3969
4.6793 -2.6389
-5.8958 -4.5209
3.0826 -8.5311
-5.0387 -4.5259
-4.8095 -7.4398
-3.9829 -5.5738
9.6007 10.7974
1.7866 -3.2372
10.2513 -7.1445
-6.7826 2.5583
3.2485 -6.8443
3.6990 2.5718
-6.2968 6.2364
-5.3977 -6.6293
-6.3271 1.1041
-5.5630 -6.3702
-3.7096 -4.7322
4.4521 4.6502
-2.4984 -5.9215
2.0926 1.6143
-5.0477 2.2026
-0.0780 1.9044
2.8573 3.5762
5.2605 9.5851
-6.5686 8.6463
9.3737 9.6324
3.2041 4.1302
2.8537 -5.4718
11.3240 2.7622
2.8971 1.9794
-4.8139 -8.0154
7.9698 12.4341
-7.1826 10.9744
3.5509 2.0461
-6.4163 -2.4460
-2.0732 11.6659
6.0215 -1.7373
-5.1015 2.8780
-4.3756 -6.9359
4.9056 -8.3896
8.1312 -8.2743
8.9000 -3.9533
-3.8151 12.1412
10.3501 9.0513
-2.9142 -6.0368
8.8048 -7.4786
13.1678 8.3760
9.2604 -2.4126
2.8184 -4.4057
5.0895 0.8949
-3.5171 2.1958
8.4829 9.5747
1.4231 -3.5933
10.7686 2.7311
12.0764 -6.3724
9.4242 -5.4754
-5.6128 2.7267
-6.0288 2.7201
-4.9644 8.5691
-5.6942 10.8766
9.6206 7.0452
2.9144 3.1676
8.5754 2.6314
8.8981 -6.1651
10.6178 2.1197
9.9301 3.8081
12.5786 5.1875
-1.5968 8.6697
-0.7440 -6.0074
2.1664 2.6825
-5.0448 -1.4980
2.0881 1.9087
2.9597 2.3192
3.6864 -5.5525
-5.1741 3.6351
2.7607 -7.4662
9.4027 -7.5893
-7.4531 -3.6250
3.6542 7.6449
3.3521 -4.3744
3.5416 -4.3833
-4.8640 12.1528
8.8418 1.9089
0.0977 -4.9681
-3.5918 8.4630
10.1493 2.9058
4.0683 11.0836
1.0135 -4.3312
-6.1195 -4.4882
6.9013 -3.4447
-5.3092 -1.6747
2.0524 7.4425
10.3909 -6.9320
-5.6448 1.5723
4.1180 -4.6106
8.1052 1.3818
10.3156 -5.4962
-3.8392 4.6347
-4.9142 3.5242
9.3663 7.8902
-3.3138 -8.3070
10.3288 10.0686
8.2743 8.7440
7.0554 0.5528
11.6875 9.3050
4.2378 -4.6148
7.2248 12.7811
10.5019 3.1571
9.1574 -6.7425
-7.5774 -5.5236
8.4869 8.2415
1.6380 -9.2948
-3.5226 -2.8484
-3.2518 3.3466
3.3419 4.2575
0.9415 6.9357
-2.4574 2.6704
-4.1438 -4.0217
-4.9329 3.1042
-7.3243 -8.1811
-5.2281 2.0310
-8.8653 2.0110
3.0006 4.0161
8.2213 2.0224
10.0557 -5.6376
-4.7142 2.4404
7.0981 -4.5680
3.9148 9.8422
9.4886 -6.4672
1.4111 -4.3791
-4.9409 -7.7984
-5.9431 3.6140
8.5065 4.6362
-9.7360 4.1624
11.7002 -6.6851
-9.6620 10.1039
10.2058 10.2651
-2.3994 -6.1993
-5.9937 3.1940
-3.0136 -4.7075
-8.3529 10.4746
-7.4425 8.8053
2.6329 11.5980
-2.4715 10.1176
-4.8353 -3.2261
1.9610 1.1766
5.2578 9.3356
2.8521 5.0118
-4.9069 3.5561
8.9588 -4.0337
-1.9641 -3.3042
-6.4041 -4.1218
-5.4080 -3.2282
2.4405 -5.9409
0.5662 -5.3384
-8.2644 -6.6996
7.5821 4.0230
-5.3133 -4.8061
-6.9576 10.9908
1.2471 -7.1894
-4.7380 1.6127
6.6957 -2.7182
10.7936 -3.1778
-5.7927 -6.1835
3.1962 9.4061
-4.3167 12.7615
-5.6447 -2.1921
-3.3742 9.7958
2.8024 -5.0969
-5.1556 10.1857
-6.7527 4.5185
-5.2624 1.4187
-3.1299 11.8619
-6.7914 -5.5797
8.9378 1.7143
-3.2964 2.7009
9.2728 -4.8044
2.2367 2.6858
-2.4693 9.1016
-1.5964 9.5358
-5.0128 0.3321
4.4713 2.4862
3.0272 -4.4337
-5.1960 -3.9816
7.9461 3.1545
13.0245 -3.1720
-3.2122 -6.1486
-3.6078 -5.8416
8.3051 -7.0717
-5.7094 -6.6635
8.6491 1.0704
7.9606 -4.9614
-7.2776 2.6814
-6.7828 -8.1648
-3.6871 10.6239
11.1325 2.6911
10.5429 -6.9421
7.8252 -4.4597
-8.5609 -3.5825
11.6411 2.2939
4.0952 9.2745
4.9056 -11.0842
-3.9964 7.7987
-3.6236 3.6418
-6.7962 -3.7692
-2.7958 9.1561
-6.1929 3.9217
1.7213 1.4892
11.6399 -6.5538
8.1089 -3.0820
-0.2452 8.0807
9.6208 4.1962
-0.1619 10.2434
2.5446 2.0745
9.7875 -6.0545
-6.2444 -2.6168
-6.4167 -3.7328
3.0343 11.3092
-7.4989 10.5370
-10.7790 -3.6774
10.3797 11.4454
-1.9862 -5.0533
6.5194 -3.2347
3.5567 2.0430
3.9401 11.5975
-2.3553 -2.8885
-1.6841 -6.7985
4.3095 9.8513
-3.5851 6.1808
-4.4141 9.6215
-7.2339 -4.9281
8.2956 10.7934
10.9402 9.6681
8.6282 -2.1302
9.3256 -0.0402
-5.0842 2.6723
4.8563 -2.7111
3.0701 1.7231
3.3739 3.2846
-6.8712 8.0361
-4.4704 -2.2515
-9.1567 2.5522
8.1269 -3.7462
-5.0731 -5.6818
-1.3525 7.8650
-2.4858 -4.6572
10.5510 5.2709
8.1213 9.3736
2.3194 6.5315
11.4271 -4.8358
3.6204 3.8293
-3.7648 13.0261
-8.3595 -1.8061
-8.8747 6.4141
-8.2866 -3.4800
3.2687 -6.0628
9.1607 -2.7820
-2.9616 7.5410
10.5632 7.4642
-6.7116 6.5504
10.5204 -5.1037
3.8416 2.6023
-1.6958 -5.7077
-5.2051 -5.3164
-4.5258 -6.2128
8.4440 -2.8786
10.8698 -1.9216
-5.5918 -8.1594
-3.3167 1.2277
-3.5537 10.7653
2.6123 10.7679
-2.0715 -6.5452
-1.4822 4.3703
-6.3892 11.3623
2.7734 7.9585
-8.1315 -3.7858
-4.9147 -8.2774
-9.8692 10.4521
-5.4167 11.8549
-2.9932 3.4001
-4.3367 1.9323
9.3956 -7.4503
-7.9301 2.0965
-10.1767 8.1303
-2.8093 -6.2691
-2.6955 10.0411
-8.5839 10.7355
3.4173 -5.3349
3.1021 10.0846
4.1610 10.1028
4.0872 -7.3144
-4.8722 3.5045
-9.0687 2.3087
2.2849 4.0009
-3.4771 -6.1411
2.3751 3.4949
2.4134 -5.8099
0.4994 -7.5814
-6.6975 9.0907
3.1753 -6.4199
4.0187 9.7307
-4.4936 3.2554
8.7852 -7.3770
2.2753 -5.2041
8.2630 -0.4284
4.2252 2.7803
2.9957 -0.5849
11.7303 -7.5252
-5.2125 -6.6323
10.5009 5.4294
3.6767 8.9447
-1.1495 2.7597
7.0833 -5.8597
-3.3201 11.1374
-4.0791 1.9559
-8.3938 6.6708
-4.5722 -7.9201
12.9687 -5.9359
-6.2492 -7.6567
3.1258 -3.3268
-5.4268 -5.7696
9.8498 -8.6949
11.1933 -8.3686
10.6670 -6.2447
-8.8439 1.2269
6.1911 -7.2872
-6.3100 2.1912
-7.8298 8.1855
-5.3758 -6.3220
-4.8467 7.7973
-6.1435 -8.0479
2.9788 2.4313
10.4359 7.4961
8.9926 -4.6807
2.0813 7.5581
12.9699 10.5279
-4.4505 10.4809
-5.2860 3.3971
2.8338 -1.8803
2.3380 -8.1816
-4.6465 10.9261
1.8249 1.5795
7.2112 9.1317
-6.8844 2.0886
-5.0155 10.4681
-0.9691 10.0665
-6.5866 0.7678
4.8369 2.9117
-4.0202 -6.3015
9.3257 -6.7955
10.6351 -9.3115
11.3308 2.7316
11.2713 9.6829
1.5306 -6.2285
2.0636 -5.4108
3.2171 14.7171
-3.5535 9.1155
-4.9619 3.9044
3.3610 -4.7439
-8.6324 -4.4188
1.0019 -3.5996
8.9036 3.8672
1.5985 -3.7675
13.1881 -7.2689
7.7556 -4.9013
-8.6179 -3.9339
-4.6655 2.6578
2.5019 8.6034
-3.4535 -4.1246
-4.4013 0.3373
-4.7459 2.5097
11.5137 1.9866
3.2530 9.8733
-7.4853 3.0105
-5.5643 11.0059
-5.1425 -4.5653
-6.5775 2.6698
-11.0917 8.5123
-4.7503 6.0114
-3.0456 9.1327
-7.7568 -2.6774
-4.8354 2.5455
10.6901 2.9664
10.0235 12.8369
12.7934 3.4931
10.5791 -4.0489
-6.1179 -2.9658
3.8916 -4.8048
9.5929 8.5328
-8.0779 -5.0921
1.4209 -5.5304
3.2293 1.9547
-7.6735 8.5108
8.1342 2.1880
9.0319 -2.5714
-7.5974 10.5916
-4.1945 9.3958
2.2206 10.7177
2.6991 2.2670
-4.0690 -4.5079
3.0854 6.0665
-8.5960 3.3209
-4.8175 -4.1895
-6.4388 8.7183
6.8349 -11.4238
11.5245 -4.8218
3.3241 8.2271
10.9305 -5.2188
4.2891 -4.1174
11.7768 -7.7937
1.6641 -7.6651
9.3186 6.8836
11.2796 2.3292
-2.1627 1.0860
-5.6637 10.6341
2.7304 11.4580
10.4621 6.1860
-7.9980 10.5029
-1.9013 -3.9388
2.9493 -6.5955
9.5066 -5.7751
-2.3007 8.2292
3.3352 2.2573
-6.1266 -2.3299
1.6817 2.1722
-3.6748 6.3494
8.9133 -6.8092
7.7653 -7.6030
7.6513 11.5394
-3.0026 8.4789
4.6437 7.1131
2.4324 3.5302
6.5065 3.3748
9.7430 11.4754
13.2747 11.9642
-5.1481 1.6947
8.7957 -2.2505
3.1964 -5.8168
7.3883 3.6479
7.1854 -5.2217
-4.6507 -4.0081
0.5885 -0.5915
10.7393 13.7657
4.7926 -6.7665
8.6706 9.4258
1.9342 9.4365
1.0295 -4.7210
-6.5943 3.7134
-4.9164 -7.0666
9.7754 9.7632
3.5119 11.2437
3.3398 -1.8116
-5.8300 -3.4211
9.4303 -9.7986
10.7301 -7.8399
9.0161 8.0177
3.5975 -7.4043
-6.3900 9.0536
1.5671 3.5955
9.5403 -6.1271
-6.4329 -10.0190
-1.2760 -2.3862
10.2527 2.4152
1.0025 -4.4214
-3.8382 1.9759
2.1541 8.9091
-4.3446 -2.4417
11.6111 -2.0092
3.6314 -4.1727
-7.1135 -4.3697
0.5770 8.3808
8.5482 1.8875
-1.8242 -2.7929
7.5319 3.4376
3.3956 1.8451
2.5937 3.2464
2.4998 -7.9640
-6.8926 -1.3232
-5.4956 -4.6697
5.8393 -0.9006
7.9814 -2.1131
-3.4153 2.3364
2.3132 3.0756
4.6879 -3.4716
8.8050 10.7340
-4.8949 8.3998
-4.7521 2.4518
-9.5341 -5.7490
-2.0343 10.0677
-3.1286 -1.8993
7.8402 10.8683
9.6962 -4.3051
2.5669 -3.4458
10.1556 10.4389
0.6872 9.0108
-5.9299 1.1973
-0.9393 1.8170
-5.6291 -4.4202
-3.7912 -4.0179
8.4306 7.4096
9.5291 0.7304
-4.6992 8.7100
9.6473 3.5102
-4.7028 -5.9271
-4.0436 1.4413
6.4002 -1.8783
8.8612 -8.5609
-1.5910 9.2948
-5.0818 6.8467
8.6829 -6.8947
-4.1344 -4.5932
-7.5745 12.5027
2.7528 5.5100
7.4374 1.9578
-4.8384 -2.5618
-6.8553 3.5445
-4.7906 7.1221
-7.9570 -9.3350
6.0891 -5.0308
-4.9581 13.2123
11.0768 -4.2100
-0.9384 7.2174
2.9357 -3.7246
-7.1439 -4.5112
-3.8537 10.2382
3.4555 1.8905
-6.8478 -3.3509
-6.6515 -7.9455
-3.6354 -6.2656
9.1448 -5.0205
-4.6440 -2.7671
3.7750 1.1869
-1.1663 0.8515
11.3223 -7.9040
2.4984 0.1880
2.7406 2.7846
9.7754 7.6715
9.1252 3.5654
0.9988 -6.9189
-5.8526 -1.3684
11.8359 5.7423
-5.2970 1.8723
3.0290 9.2320
3.1093 13.7993
-8.0621 -11.4614
-0.1420 2.8408
-8.5189 2.7470
9.1125 2.6853
-8.1241 1.5356
8.8370 12.1687
2.8334 -4.3150
12.8026 6.3828
-4.5473 -6.4734
-6.8500 11.7210
8.0835 9.2390
10.1693 -5.6543
2.8860 2.8189
9.2436 3.9287
-5.2558 7.5948
-5.7818 9.0060
2.3307 9.5066
10.7053 -5.5273
10.2612 -5.7820
-3.7904 9.1890
2.8210 2.4120
2.3344 10.2930
8.2850 7.8708
-1.9703 -5.2354
6.8463 1.9140
2.1930 4.2371
-6.0339 -9.5323
11.3939 -4.2540
8.7477 1.5626
3.0661 10.8252
8.3309 6.5976
-5.6865 -4.8984
9.8650 3.1538
-7.1900 -4.4884
3.9004 4.1183
-2.4672 1.3548
12.2859 8.4397
9.3426 3.0115
12.0391 -4.7987
-9.9030 3.6979
-5.3833 1.2824
-5.6171 9.1544
9.9286 -5.6303
-3.2397 -10.2343
10.8536 4.1247
-5.3045 -7.5580
-9.0971 10.6101
8.9852 -3.4887
10.2022 -9.1751
10.8824 10.7013
2.7829 -5.0237
8.9910 -7.3919
-3.8475 -4.2570
9.9970 -7.8195
5.4890 -3.8614
-5.7049 10.8305
3.2404 9.2276
-5.0745 -7.3773
10.1525 -4.6910
4.8941 -3.9797
9.1353 3.3416
10.8772 -1.0340
-5.0556 2.6879
-5.4276 3.2487
-4.2232 10.1289
2.3943 -6.7055
1.2951 1.0846
10.4102 -8.1207
-4.4769 -5.4456
-4.3915 -6.7315
4.3297 1.5911
3.5428 2.0807
1.4468 2.0135
2.9564 5.4116
2.5735 7.8399
2.4836 2.7950
-6.0482 9.0737
7.0157 1.8355
-0.3315 -4.1456
2.9253 3.0896
-2.0461 -7.0121
-3.5461 2.7534
-2.1972 -4.5395
11.9424 -4.5732
8.8322 1.8351
-6.3771 3.1298
8.5791 -5.7961
-4.1305 7.1600
-8.1277 -5.2246
-5.0710 -5.7524
2.8236 1.6955
1.3119 9.2054
2.8956 -3.7200
2.2643 -4.9093
10.2470 3.1452
-0.2732 2.7292
2.8114 -3.6937
2.2100 2.5365
-6.8339 11.5409
-2.1467 -6.4921
10.8446 8.3318
9.4467 8.5929
3.7877 -8.3446
8.5242 11.2636
7.9546 -7.4140
6.9874 -6.0032
3.8601 9.7153
1.6351 -3.4965
2.2024 1.2404
-5.8711 4.0722
-5.8536 1.8050
-5.0536 -6.0406
-6.0501 -2.2510
7.1882 -8.2475
-5.7842 -5.0308
7.5836 1.6655
9.2829 8.5157
4.6336 -7.1396
-5.8107 -4.5844
9.2562 -2.6352
10.4682 4.5220
-4.3345 3.6907
-6.2013 -6.3078
2.3176 2.9326
-5.0227 -1.0821
1.9868 3.7219
-3.0272 -7.0389
1.7396 -4.5703
-9.2763 4.9802
-5.5852 -6.3469
-6.0698 1.9194
-5.4676 8.8405
2.8970 2.8266
-7.7167 -7.6619
-5.7603 10.1465
1.2012 -4.8071
-3.6455 -7.3320
2.5707 1.3354
-11.3145 8.6561
8.6736 -6.8289
1.6033 -6.0296
9.8030 3.0707
9.8075 1.0808
-1.6115 3.7992
3.7210 -1.5780
1.5293 -5.1272
2.4333 0.9725
9.0378 -5.6772
-2.9713 11.4511
10.0759 11.2304
8.7506 10.3211
8.5071 -4.9876
3.8322 9.8000
-5.6513 11.6995
2.5152 -6.5576
0.7616 8.5261
-6.8264 -8.4963
-8.3439 -3.8140
11.0225 -4.4932
-2.3063 11.2557
3.1465 2.6859
3.7936 -1.3750
-8.2768 11.4772
-2.2641 -7.1631
2.8681 10.9339
4.5798 8.0233
-5.8824 -6.7732
-9.7363 -2.4279
8.1999 1.4403
12.7780 1.9213
9.4693 9.6175
12.2075 11.9659
8.9956 9.4587
9.6336 -4.2460
7.0242 3.0592
-1.7102 -4.1720
0.9422 -7.5439
9.0038 7.1543
1.7486 12.0914
1.9955 -4.4906
8.5971 -4.2384
10.6029 -3.9939
-3.1920 6.8345
9.7996 -4.4268
2.7264 -2.8049
-10.2718 -5.7369
-3.0987 -6.5552
-2.8736 9.5479
9.1335 3.8048
9.9481 2.9760
-7.2918 -4.6709
-3.5860 9.0211
9.9891 2.2700
-7.0181 7.9907
-9.1738 11.3787
-7.6607 -5.5872
-4.2600 -4.1913
3.3376 -3.3786
-3.1232 -7.5819
6.0111 8.3199
13.5123 10.9981
10.4969 3.3895
-9.2571 2.7795
-4.3240 -1.5985
-7.9421 -3.1847
-6.7953 8.6221
-5.1493 10.2518
2.5211 -3.8539
10.4045 -8.4180
-3.5900 -4.9153
10.5995 -3.9950
-3.0675 3.9447
6.7146 -5.5660
-4.2135 11.5864
-4.9544 8.6872
-5.9875 -5.8223
-5.3552 -7.7684
-5.3623 5.1620
-10.2023 -5.9688
11.7355 1.9689
-3.9311 -3.4169
-4.6430 12.3482
-5.7692 1.4740
11.5410 11.8513
-8.0025 3.1623
-5.3348 2.9510
8.5958 -8.0962
-4.4976 -6.9836
12.4845 -6.5438
2.9887 -7.9929
-6.0593 -4.4751
-5.0528 8.7591
11.4079 -7.9753
3.1664 -8.7671
4.0098 -3.0539
0.2207 7.9477
-8.2400 -6.6770
-5.9918 -9.2241
-2.7187 -5.8448
8.1461 3.2409
-6.5563 -3.6696
10.7862 -3.0911
9.8114 3.5712
8.8559 -4.7328
-4.4362 -5.1148
-3.7431 -2.6604
3.3269 9.2128
4.8303 -5.1510
-6.0748 9.3246
3.5067 -5.0760
-0.7777 9.3932
-6.3865 -6.0498
-3.2225 9.2895
3.6942 2.7194
-3.4466 9.3695
7.7692 -1.1435
1.9507 2.2615
3.9336 6.0774
0.4228 11.2603
-5.2511 12.1592
3.9490 7.8921
-2.5095 -2.4004
0.4636 10.8295
11.0189 8.9914
8.0603 10.7722
-2.6304 9.7944
4.1826 -4.0021
4.4301 -6.7212
-2.2794 3.2938
2.8637 2.5460
-7.2261 10.1315
8.6169 8.2875
2.9060 10.7007
2.4971 10.9454
-5.8573 10.0677
5.9100 -6.7710
-5.6166 9.2742
1.2618 -4.4979
2.7257 3.6791
-3.6457 8.0077
0.5239 10.3797
-5.0749 9.6032
2.4852 -4.7377
-2.2391 8.7850
-4.9811 -3.4492
11.6096 4.1793
-0.6301 -4.2988
-1.1554 -4.0186
-7.4806 10.8418
10.3285 10.7974
-6.9838 6.5894
3.0913 3.0328
0.6145 8.7681
-1.5124 4.2594
2.9227 3.7227
-3.5610 -9.3645
-5.1005 -7.8488
-2.9309 -6.0496
8.3523 -6.0093
-6.4128 -4.3366
-7.0378 8.8477
10.6235 10.8359
9.3335 -6.9265
-4.7276 3.6416
8.2738 7.0384
-6.1651 8.5291
-7.6534 -2.2652
3.0023 3.9068
2.9499 9.7261
9.2709 11.6679
2.6057 3.6826
9.2228 -6.5470
3.2896 -4.5306
0.5964 -6.7318
-2.1122 -0.5568
-0.9625 2.3223
-6.9952 -4.3326
-5.8779 8.2225
1.9173 -6.7029
1.7600 9.1618
4.0871 3.6439
3.5589 10.6501
-6.8326 -6.9795
-6.1451 2.9317
-7.7416 10.9228
-7.9171 10.2386
9.3448 10.6022
8.6206 3.5730
-4.1397 3.0376
2.6032 -5.7426
-4.1982 -4.5590
8.9991 -4.3060
-9.7600 9.7850
8.9579 3.3419
-4.7197 9.3971
-1.7892 9.0874
1.4168 -7.6930
-5.3138 7.0186
-5.6204 -7.6351
7.6219 9.1919
8.9027 -2.1799
-4.9054 7.8374
3.5073 0.8499
3.8251 -4.3301
-5.4850 -1.3914
-2.6086 -2.6177
-4.1224 -2.5977
-4.3646 3.0533
10.2516 -5.6102
3.4091 7.9012
7.6248 10.1203
11.1039 3.1263
-5.5646 8.1616
10.0312 1.3479
-4.9368 -6.8654
1.6028 3.1709
2.8603 -3.4207
12.7597 -4.0551
0.4955 11.9592
-4.8345 -6.7486
-3.4250 -2.9005
-4.9696 -6.1211
-6.4910 -6.4867
-5.0405 1.2088
-6.2931 8.7417
9.7647 -5.5382
11.4112 2.5427
2.4105 -5.2147
-4.5689 4.2126
-4.7805 1.2373
5.4333 9.7024
2.2354 -2.9810
-4.9838 1.7531
10.3655 2.4061
10.1786 3.6739
-3.3779 -7.5485
-3.7961 -2.0957
9.1283 -6.4697
-4.3681 4.4594
8.8586 5.4339
10.6311 -7.6024
2.9247 -3.5728
8.0893 -4.9373
9.9002 -3.4807
10.9416 -5.0347
-3.3781 3.2528
3.6373 12.2900
-4.4342 2.1136
8.6535 8.1228
4.3782 -6.1480
-4.5998 -7.8635
10.3122 2.5783
-3.7793 7.8029
7.6606 -8.9326
9.2199 -3.9461
4.3515 -5.6337
10.9447 10.3617
9.0586 3.9975
10.9714 7.7919
-7.9232 9.9022
-1.5318 3.0433
8.9308 9.4879
-7.8070 12.8047
-6.2242 9.0946
3.7114 -3.3009
3.4008 -5.7423
9.5367 5.3792
3.5409 11.2502
-0.8608 -0.7645
-6.2741 1.6584
11.2476 -5.2576
7.7714 -5.5536
-4.7472 -5.8674
2.6818 9.3912
-4.7941 -1.4724
9.3177 -8.0933
1.0328 -3.9179
11.6286 4.1392
2.3041 8.6605
-4.8908 -3.6211
2.6447 -5.0566
2.8218 11.1839
-9.2905 -8.7057
9.9502 -2.8483
1.0906 9.2152
-4.8727 9.7048
1.7707 10.6245
9.0922 8.8570
-4.0893 0.3660
8.7648 -3.6994
2.4713 -1.5081
-6.2520 11.6360
4.2221 -7.6743
-4.3592 -4.5795
2.0243 11.6685
-6.2413 -0.2625
8.7972 3.2249
0.8911 2.0858
3.3571 -4.7827
-7.1018 9.5609
2.2924 9.5301
-3.2627 2.8315
-5.9815 8.7742
10.4233 3.4072
11.1715 -6.1061
-8.6369 8.3982
10.0907 7.9731
7.0687 -5.3123
-6.2462 9.0954
-1.7105 3.8971
10.3088 -8.4990
8.3148 10.2376
2.4730 4.4456
7.3127 -2.9992
-3.1407 9.7255
-6.0060 10.7636
-1.0672 -1.3268
8.2238 0.0242
12.0049 8.4500
2.8274 -1.9111
-6.6058 11.0002
2.2138 8.4844
1.8956 -5.9763
-5.9992 1.3035
-5.4006 -2.9960
0.6798 3.7923
12.5216 2.4386
-10.0450 3.8303
10.1992 -5.8206
-5.0737 9.4843
-4.1032 7.3309
9.0423 -5.3163
11.2431 -3.8153
9.2035 -4.1421
-3.2309 3.6506
10.4335 10.8742
4.3626 8.9499
3.3213 3.0437
2.4616 -7.7734
12.1514 9.4992
11.7169 9.8800
9.4519 2.8790
-7.2972 8.4392
3.1622 1.2638
9.0705 -2.2260
-2.4184 -8.5164
4.1581 5.9304
-3.1616 6.0753
-2.7287 -5.0244
-6.3853 2.0485
7.1623 -1.6606
2.2034 2.6128
8.2329 1.4840
-3.9021 7.8185
9.7786 6.0464
-4.1524 3.8123
2.1516 9.5037
2.2313 6.9478
6.7322 11.3815
-3.0400 4.1193
8.4256 -5.3251
7.9829 -5.3378
8.2429 -5.9609
3.1001 9.1230
-3.5459 2.2222
3.6240 -9.4755
3.8083 4.8494
-4.0496 -10.3707
6.8751 -8.3976
-1.0862 -1.7496
3.4087 2.9840
9.1318 2.0443
1.8976 3.0667
-6.6489 5.7000
-8.3052 1.8301
2.7062 4.0139
10.8641 -4.5167
-9.3346 3.9646
2.8925 0.6423
-5.8003 -5.1294
9.0200 -3.9348
3.7698 -2.9164
-7.9471 7.8992
3.4770 3.8752
10.7751 -4.6544
7.8454 2.7417
-5.8674 7.8794
10.5740 -4.1056
-9.1002 -2.5946
3.7815 7.5010
3.3977 -5.7883
-5.1883 -5.6754
8.3045 9.4266
-6.9079 -7.7834
1.8028 -5.6551
10.7455 -4.7338
-7.0562 7.6093
3.3206 -7.0682
-1.8397 3.0773
-0.1699 8.7123
0.2663 4.4948
9.9120 9.6577
11.3813 -3.6968
-5.9259 2.6512
9.9930 -3.2427
-6.0354 -5.7377
-2.1475 8.5677
9.4122 -6.7036
12.4864 -8.0688
-1.1986 -2.8624
-7.3382 -2.3600
-5.0261 -6.0177
15.2937 5.6482
9.1170 3.2033
7.8227 9.7971
3.1352 2.5290
2.8355 -10.0626
4.3234 -4.7919
6.6527 -5.9457
-3.1131 -5.4248
-4.3110 -4.9349
3.7837 11.1501
8.7787 -8.1667
-6.1963 4.7034
-1.4525 10.3834
8.9729 -5.9430
1.0869 3.3550
9.7665 1.6239
10.1295 -2.8728
2.5195 -7.1600
2.7049 0.2108
7.5871 -5.1602
-2.8907 1.8132
-6.5507 9.8907
3.3777 -3.9785
2.1106 2.8169
-6.2158 -2.1398
-2.4612 5.9233
3.1811 1.4555
2.1307 1.6881
10.6625 8.7096
2.9142 -6.5974
2.9996 -4.0650
-4.3504 9.9165
-5.4505 -3.3119
8.4890 10.1601
-1.5203 -3.6001
4.8092 -6.4735
7.6820 -4.3957
6.3480 8.0959
3.3543 9.0055
-4.6416 8.0268
3.2178 7.6919
1.6500 2.6217
-1.1914 5.0547
7.2528 8.7962
9.0273 2.2934
11.1351 -3.5283
-1.4825 -8.6369
-3.0191 -3.8696
-3.1407 3.2451
3.8966 9.3262
-2.9934 6.9051
-2.6085 9.6041
-6.6129 7.3420
3.5324 3.5171
3.0675 2.1795
12.4922 -4.2970
8.9049 11.2098
7.2838 12.6449
-2.9733 -5.1320
8.7637 -4.4554
8.3947 -4.6743
-5.1938 10.3898
1.9422 -5.4596
8.1074 4.6399
6.6338 10.9658
9.4372 2.8318
10.8932 -5.2594
2.2129 7.6255
-2.3920 6.7112
-4.4813 -7.8296
-3.9244 -5.6005
-4.8125 9.9405
-1.8639 7.7438
4.2942 0.7779
7.3297 11.6712
-3.7204 11.9493
2.2806 6.3162
8.1765 -4.7731
9.9865 -2.2100
7.0015 -6.7749
0.8923 -6.7064
-6.5440 -4.0109
10.5287 3.9415
11.2347 3.3824
8.9181 2.8166
9.0583 9.3922
9.5531 -3.5105
10.9286 11.3007
7.0517 9.5294
-3.8057 -4.3347
-3.6956 -3.5716
5.7836 -7.8124
-6.2150 -6.3645
2.7582 -0.8188
-4.9716 -7.8145
6.5028 -2.5310
-4.7396 8.7969
8.2800 7.9380
-5.6909 -2.9205
-5.1102 2.6343
-5.4124 -5.9488
-4.9209 10.7926
-1.1803 -7.5586
-2.6301 -9.5058
7.4476 -7.9057
-9.2028 2.4439
2.5190 2.9012
-6.0013 1.7888
9.1107 10.7466
-2.1957 1.5670
-5.7783 8.2248
10.3335 -5.5674
4.6105 -2.2888
-3.8918 -9.8717
5.4339 -5.7632
-4.0776 7.8706
10.2933 4.6656
3.2963 -6.9939
3.9691 -5.8575
-3.6073 7.6841
-1.6378 8.8336
11.2297 -4.5379
10.8675 2.8890
11.2200 9.0057
-4.6931 8.2257
3.0831 1.5717
-1.4004 -3.2583
-4.5776 1.7906
1.4393 -8.2698
-1.5906 -5.7637
-5.2919 2.3391
-4.3786 8.1636
6.6093 0.1041
8.0499 8.8015
3.6718 -1.9299
8.9926 10.5507
2.2723 8.5275
-4.9595 -3.8225
-6.3762 -4.7705
-5.6972 -8.0448
9.7829 9.2484
3.6587 -7.2467
2.7267 -4.5314
-5.3665 11.5657
9.8198 -8.2129
10.6950 1.3804
-6.0997 -5.6401
-8.6778 1.5646
8.1777 10.9447
9.2951 7.5776
-3.4604 7.3692
-5.5878 -4.5414
3.7093 -6.0770
-4.4945 -1.1776
7.0568 8.2177
11.5467 2.7789
-3.9953 9.9349
-2.7392 -5.9414
-3.4786 -2.1944
-3.5884 7.7149
11.1329 -7.5384
-4.6544 4.4507
-6.8356 -3.2857
9.8969 -4.0861
-6.6999 -5.1305
-4.4103 -8.5123
8.2430 5.0703
-4.1545 9.1631
-3.4312 3.2186
-5.0782 8.8194
8.9262 -7.7799
4.6293 -5.3395
-1.1769 3.6577
-7.3044 3.4137
-7.7189 -3.0068
-8.9162 9.3584
2.5846 -3.0704
-2.8758 -6.1140
6.0531 -5.2789
-4.0111 12.3231
-7.4554 -7.0976
3.0213 2.9938
-9.8861 10.2257
-6.6289 -6.2924
-6.1295 1.9153
4.3094 -4.8952
-6.5783 -3.8413
-4.4946 -5.6453
11.0154 9.7257
-5.3117 9.5724
10.3592 10.8976
9.9158 -6.4857
-4.7817 -6.1688
7.6408 3.6174
7.9713 9.9734
-13.3707 10.9015
-5.5103 3.4489
10.0131 -7.2993
-4.4054 10.9403
2.5375 4.5893
-5.7968 -5.3577
2.6718 6.9090
10.0701 9.8029
-4.7472 9.4678
4.5543 -3.6521
6.8891 -3.7463
-6.7114 0.8054
-5.1617 10.7758
8.0703 -3.8625
2.1775 2.2596
-8.8225 11.8138
1.8384 1.8781
7.6861 9.0816
-4.9419 -6.3401
8.4415 1.9030
-2.2169 3.5193
-7.5193 -3.8200
-0.2207 4.9766
3.0950 3.5845
2.2036 10.2668
-6.8760 -5.6049
-5.0032 -3.9746
9.0449 9.4135
-5.8620 8.9116
-5.8698 -5.8512
3.4488 4.4097
10.1666 0.8677
10.6676 2.9022
3.5768 -5.7786
10.3411 9.2564
-4.6565 2.9146
11.3730 5.3791
-2.5790 -3.1183
4.5964 -6.1248
10.0522 -9.8378
7.7985 -2.8015
-5.4739 9.9877
-1.1132 -5.2421
2.4036 2.8833
11.2171 9.5324
-7.4854 4.5017
-3.5968 9.9076
11.2210 2.6763
-4.2222 8.1532
-4.7315 4.3277
2.5450 -5.5897
9.1463 1.2567
-4.1659 6.2364
2.3700 1.8346
-1.0668 -4.8727
-7.6217 2.8589
-3.4388 2.4764
-8.1698 -3.9113
-5.1950 8.0465
-4.4299 -3.1292
-4.3201 3.7284
1.7032 0.9651
-3.8809 8.7103
-5.0804 -4.5107
-8.6746 -5.3588
-8.5664 9.2110
1.7177 -6.1557
11.8954 -4.3002
-1.9212 11.2655
9.3245 3.2223
4.6617 -4.8179
2.1893 -2.6360
4.0450 -9.6593
-3.3380 -5.9565
-9.2497 5.1001
10.0206 10.8802
-4.7492 2.7968
10.7216 9.5001
4.9355 2.4378
-7.5482 2.1682
-6.0217 -5.7627
-4.8295 -6.5552
9.1451 -8.5032
-0.5544 -4.1276
9.8725 -4.3221
-4.3972 2.9446
8.3499 1.8376
-7.0502 10.4881
11.1693 -1.0158
-5.5473 8.4588
9.4753 -8.5583
3.5158 -6.9163
7.7652 10.6845
-0.4277 2.5217
2.2936 -4.9406
3.5673 10.7863
10.3955 2.7674
-6.8791 12.2756
1.8293 12.0858
0.9502 -5.7267
9.6266 4.5268
8.7509 -3.8663
4.6923 10.5817
-1.9318 -2.6797
0.2914 8.7166
-5.1432 2.3258
-3.6426 -2.7932
9.3237 -4.0472
2.9602 -9.7782
-5.5050 7.2780
-2.7151 3.3790
9.5146 2.1184
9.1759 5.7397
7.3842 -4.5291
-4.9685 8.2237
10.7739 -6.4992
2.7458 -10.0854
-6.7589 4.1366
-11.1125 -5.4446
3.0727 8.0921
-8.0784 11.5592
3.5779 -3.0606
1.9613 -2.6227
-6.7334 -3.6422
3.2333 3.0587
-0.8796 9.9373
-7.1305 2.0975
-7.9539 -4.6795
-0.0375 10.6037
-4.4731 -1.9419
2.8561 10.8409
10.2098 -6.5179
-8.6845 4.1319
1.8424 9.1534
9.0442 11.6415
8.1255 2.2152
12.2334 9.0955
-5.4547 5.0678
-5.1829 4.7456
-7.7256 12.6636
-5.2361 -7.3552
2.2030 -6.1657
-5.8116 10.5361
6.6606 1.8479
-3.0847 -2.7395
7.6034 3.3595
-6.2180 8.1954
-1.6695 1.9964
8.3350 2.7359
11.7880 -3.1565
-5.6600 -4.1086
-6.6202 -8.1017
-0.9830 -5.3697
5.3469 -6.5894
-3.3526 -3.7383
-1.5531 7.4088
8.5588 12.1270
9.2879 9.5590
12.4880 -9.1901
-1.4615 9.5848
7.5844 4.0935
-4.8047 -7.0387
3.9116 4.1562
-4.8544 4.3209
0.3348 -6.9696
-4.8625 4.0235
-5.5753 10.4450
3.4756 10.3823
2.9356 -3.0108
-2.1005 -6.4568
-1.5348 1.5683
10.5900 2.8502
8.0176 11.2417
-8.4516 3.0622
2.5396 -9.9042
-5.9253 -9.5634
-2.2130 -3.7637
-7.5380 1.9085
10.7910 8.7434
5.4665 2.6789
-1.7994 -4.2903
10.8606 -7.7847
7.9345 10.8512
10.2363 9.1357
11.7080 3.2328
-2.2942 -5.5101
-2.6613 -6.1876
2.3159 11.9232
10.7355 8.6583
3.4097 -3.0850
3.3878 9.7436
3.5741 -9.5169
8.7399 -6.4094
-4.5901 -7.0120
8.9989 1.2569
-3.3038 3.3215
3.4655 -7.9182
-1.9816 5.2121
1.7464 -5.1816
2.2239 8.7062
0.9139 -7.1001
-8.7585 9.4414
4.1387 4.4807
3.8455 7.4138
-9.2430 2.1305
1.5274 -6.8068
-4.7295 4.6192
-3.4032 8.6918
-5.2342 -1.9005
-7.6129 13.3414
1.4601 -7.2171
2.6827 11.6886
2.0204 3.6132
-3.4577 -3.3814
3.7329 10.4485
11.8170 -6.4730
9.2102 -5.6341
10.4847 -5.8753
2.8485 10.0408
-2.9350 9.0155
-6.3687 1.2172
-5.6063 -7.7830
11.7167 -1.7916
9.0408 9.8444
2.3395 -4.0847
9.5889 4.1510
-5.3936 11.2180
10.2615 12.7700
5.2893 3.3980
-4.6730 -6.6830
3.2896 9.7254
-6.6864 -7.3540
3.1682 -7.2797
9.5779 10.0170
2.1842 10.6959
11.4470 -3.2000
12.5485 1.3345
-3.2127 -5.2787
-8.5717 1.9678
10.7001 1.5841
8.3335 -1.1868
-10.0907 10.4779
-4.8356 11.3800
8.1964 -5.6431
-5.0529 -3.2309
2.8903 -4.6537
10.7180 -5.0970
8.4637 2.1273
-8.0969 6.9546
9.1377 9.3392
-8.1508 3.9557
-2.1698 11.2811
-1.9419 -8.1609
-3.1083 -5.5839
-5.1896 -9.0824
9.6808 2.6006
3.8976 3.2337
-7.1278 12.4150
9.4750 11.3176
1.4994 9.8705
10.6643 2.5045
-5.0847 -3.9472
1.4095 9.0948
9.7473 -3.4020
11.7688 -4.4501
3.4906 3.6106
-7.2148 2.6934
8.7444 9.4346
-5.6675 -4.8525
-1.9580 10.1759
-2.6670 8.4968
8.9156 -7.8327
9.5808 -2.7529
-5.4597 -3.6027
-2.0005 8.7925
2.2389 8.9690
2.7819 9.5338
2.8340 4.3961
9.7380 9.3897
-5.5329 2.7924
-6.4821 2.4127
-6.7884 9.3484
-8.0027 -6.6950
-5.7691 8.5328
-1.1409 11.1690
8.7885 10.1569
-4.7162 -7.2000
-7.6143 1.6094
1.2204 9.2693
10.7408 4.3799
9.0597 1.2469
-7.9219 8.7278
-3.4683 7.2400
1.9814 2.5089
11.4044 -2.4136
-6.0753 11.1673
1.8766 2.2033
-4.7694 1.8478
1.2926 4.2373
-1.9855 8.5217
-5.2716 6.3990
10.4206 10.9602
-6.2026 -7.7666
7.1656 10.3853
-6.2513 9.3872
-5.4964 -3.3022
10.1591 1.2473
1.6894 -5.2820
8.4491 -5.8644
3.4037 3.6168
1.4228 -5.1730
2.4129 -6.2098
7.0271 0.3786
2.2977 -6.5858
-1.6196 -3.8381
2.7920 8.5053
-10.1487 -6.0365
12.7397 10.1868
13.1983 -4.7279
2.6208 -3.9185
12.5003 -5.2607
-6.1746 4.0917
11.9290 2.5017
8.5063 -3.0630
-3.4481 11.1859
2.7258 3.0153
-4.4639 -8.6365
-2.9943 -1.9948
3.1445 1.2524
8.3511 10.3642
-2.7040 -7.5722
4.4646 9.1060
7.5650 -5.5841
-6.4424 11.3480
-3.6338 3.2531
-8.6934 10.3014
2.1851 -6.1032
3.9408 9.2426
-1.8646 2.3544
7.0395 -1.5439
2.8759 2.1334
11.1619 11.2525
-6.9993 7.5828
3.6804 10.9560
-1.1084 11.1044
11.1332 -4.9096
4.5465 11.1192
10.0175 10.8048
-5.2729 11.2048
10.6629 -3.6298
2.0845 -4.7532
0.0270 -4.2300
-5.4399 7.5888
2.0231 -8.2942
3.6676 -2.2360
2.7065 -5.1425
-9.0268 7.1129
10.2087 -3.0226
-5.3797 -3.3558
-6.1067 7.7582
3.2831 -7.3344
-1.8964 -5.0317
4.2559 9.1701
11.8555 7.7310
-7.3468 3.0402
2.8136 2.7212
-9.4043 8.3836
-5.7489 -3.9383
-7.2806 -7.2919
3.5059 -7.1732
2.1890 -9.8669
3.8954 1.3033
8.9363 11.4048
2.8579 -5.7270
12.4435 11.0354
3.2863 9.3058
9.3734 11.1912
-3.8246 3.0449
-6.7966 -4.6140
-8.0286 -5.0094
6.8014 -3.8863
10.6273 6.9778
3.4183 -2.6474
9.6594 8.6892
11.6302 -3.7906
-6.3510 1.9433
8.0774 4.4581
-3.5141 11.6382
1.7103 2.1043
-7.5513 9.8948
-2.9521 3.1931
11.2230 -1.5711
10.6922 8.7303
-2.9440 -5.4923
-3.5647 12.3522
-3.3983 7.1234
2.3250 8.1087
-5.0494 10.7395
9.0401 -5.3607
2.9976 -5.7381
-5.5544 9.3549
0.9028 2.6735
12.8876 2.5232
-7.7558 4.1707
11.7139 -4.1995
-3.3224 -2.1928
2.1461 -0.7345
4.6922 1.7848
0.2263 -2.4921
6.1636 -2.8776
10.1470 2.0782
6.9270 -5.5654
3.4856 10.9666
6.0797 10.2089
-7.0625 3.7696
12.9599 2.9384
-4.2707 -5.4105
11.8293 -4.6869
-6.3763 1.5803
-8.4368 2.7877
-3.7111 2.7526
-7.1684 4.0440
-5.7905 7.7871
-2.5377 -8.7943
-3.6071 2.5277
2.3712 8.9210
2.9463 -3.4531
-3.8293 10.9874
10.1140 -3.3921
-3.4571 3.8934
11.8608 -5.0708
9.9595 12.9631
-4.5522 -4.6074
2.7157 -8.0966
2.1924 11.3482
-7.7796 -5.2131
4.0466 9.6078
7.9822 9.4825
-7.2176 10.8941
9.9437 -4.4457
11.3670 -4.9272
-6.5344 7.7903
-5.8648 -7.2587
9.6929 4.0604
8.2991 -8.8542
-2.6705 4.0722
-6.4384 3.4939
9.7305 9.3854
1.3561 -7.5528
3.0802 -6.1563
2.5059 -5.3111
-3.4582 4.0883
9.7681 10.1765
-2.1241 -2.6724
3.3587 -3.6724
1.6896 -4.9784
10.3611 1.8207
3.5711 -5.4710
8.8854 -6.5063
8.3055 8.4256
9.2129 5.3060
8.8326 -4.5736
-7.2975 11.9466
8.6929 -1.3870
9.6700 -3.8056
3.6887 -1.1030
1.9734 -3.0417
1.7331 -0.2666
-4.2180 9.8995
0.2627 3.8739
9.1867 8.1810
2.5282 -4.6125
-3.1122 1.3837
8.9057 -4.9036
7.7599 -5.7158
10.9015 1.8677
7.9329 -5.4763
3.6799 10.2542
-5.4708 8.3883
2.8487 2.0957
5.0900 3.5007
2.9098 2.7573
12.5326 -3.1661
10.4486 -8.7881
9.5564 9.3654
3.3956 2.6788
-4.5203 0.2348
-4.1746 -2.5810
8.5754 -10.5480
-7.9000 9.6716
3.1650 9.4718
10.9425 7.9353
-7.5739 9.5862
-1.9360 -4.0838
7.0796 1.4192
2.9155 -5.7304
0.2499 5.4017
4.2228 8.9721
-8.9733 -3.2250
-2.2558 0.9063
-4.4235 -2.1633
-3.6398 -4.0476
-2.8953 10.6655
-3.6324 -5.9493
-2.9959 8.0459
-4.9160 11.9239
-3.0911 2.2928
-3.8429 -6.1250
-4.6054 9.5720
4.4266 4.7892
-1.7913 0.3831
-6.7560 4.4189
6.3209 -3.3831
9.2518 -7.9978
10.0331 10.9892
-7.5093 7.0409
-5.0607 9.7035
3.3237 -4.4435
3.2161 -4.1825
12.6447 10.6640
-2.2374 -3.6460
2.4296 3.3664
7.5691 -6.3724
9.3903 12.2186
1.9775 -8.6807
10.4810 -8.2803
-6.8381 3.0364
8.7906 -10.1337
6.5194 -1.9936
8.1788 8.6596
2.1907 -7.7020
6.8990 -4.8804
-4.5527 11.7749
-1.8547 -7.2114
10.3853 -4.7004
-6.5939 -6.2290
-4.2672 8.8739
9.6062 -4.3035
4.6763 0.6133
8.2252 -7.9170
-5.6989 10.0666
-5.3319 9.8885
-4.6069 -4.3336
-6.7162 -4.6661
2.6433 -5.0893
-2.5035 -3.3937
9.2515 -4.2815
-5.4269 7.9315
3.6171 11.2915
2.4819 -9.4302
8.4929 -5.4521
11.4269 2.6542
-7.3210 -6.5682
1.6707 11.3273
-3.5867 -1.0045
2.0484 10.6151
-6.6590 12.0624
11.4917 -2.9523
4.7043 -3.5892
-1.7469 -3.4302
-4.0049 3.3084
-2.1596 9.3716
10.9203 -1.7198
-0.4834 -8.8883
4.6956 9.5591
-6.4319 3.8900
-5.8537 9.0744
10.0323 -4.6419
3.5543 10.5517
9.1378 0.5885
-7.4140 3.5819
-3.2217 1.9381
5.5103 4.3904
7.2875 6.8330
-5.3051 4.2247
1.5179 -8.0427
2.4088 -6.3971
3.5702 -6.4245
-4.1473 -4.0096
-3.5603 9.6007
10.8895 1.5703
3.7557 9.1740
2.8748 -4.6593
2.3042 2.0215
2.8418 -7.5875
4.2439 9.1877
-8.3555 10.9170
2.9308 -5.3676
-6.9584 2.6228
9.4258 -8.6850
-5.2140 3.1113
7.8457 -1.7008
-5.3037 -6.4793
-6.7671 1.1565
-3.2412 -4.3969
-5.7379 -3.9387
-6.5489 -7.9681
9.8733 -8.8076
3.9582 3.9985
-2.3034 3.2845
9.1317 -8.6843
1.4516 7.9704
-4.7473 13.0078
-4.0070 9.6095
8.3609 -7.2616
1.3156 -6.8079
4.4490 12.0698
7.8958 -5.4262
-6.7295 -2.0117
9.4713 12.0057
-5.1217 -5.4520
10.3991 -4.9103
8.9841 3.6577
-3.2771 0.6634
-4.6606 2.3173
-6.2312 -3.2760
2.4744 -8.7016
9.5596 5.4403
10.1569 7.5998
-4.2000 2.5606
-4.3622 8.6129
12.5287 -7.6367
1.7116 -5.5278
-2.9840 -5.7042
2.8282 3.9528
11.1466 8.2912
-5.5286 1.7241
10.7568 2.5596
2.9119 11.4214
-2.2773 9.8981
12.0511 -4.7512
2.1445 9.6159
3.7475 -3.4032
-6.4236 -2.6611
-5.6949 1.9521
9.7405 8.8947
11.3273 11.3307
10.7311 2.9819
-2.9753 8.1977
-3.6197 10.1602
-5.6028 -2.8606
-5.7656 3.2445
3.5624 3.9668
10.5836 8.5064
7.2405 3.6573
3.7414 -5.3787
12.2788 0.8348
-3.8166 -6.7357
11.3253 -6.9046
-5.3730 3.4645
-5.4431 -1.9283
-6.3610 -0.8212
2.4089 3.8279
0.3813 -4.7044
9.5515 10.8041
2.3185 -5.9691
2.1709 -6.0689
13.0574 -5.9722
10.3376 2.2252
-5.1608 -4.2947
9.7402 9.5876
4.7786 -5.8726
8.9177 -3.0304
12.9599 9.1393
9.0910 1.6435
7.7222 10.1032
-6.5209 1.7945
-3.6005 2.9902
1.0667 -1.6952
3.4574 8.9956
-7.8704 10.8194
4.1720 8.5799
-2.3256 8.9863
-3.0888 -6.4700
3.5137 9.7333
12.1559 11.6908
-1.8850 -2.8522
12.8230 2.6601
9.5193 2.9347
-3.1903 8.1162
8.1564 -1.9212
4.7093 10.7271
-7.2246 8.4808
9.0496 1.8185
-5.8131 -4.2174
-2.9796 -6.2747
-3.2121 -1.1819
-3.0452 -2.5619
-7.5128 3.3909
12.3226 9.7407
-6.4025 -5.7734
-6.1974 -4.9354
10.2933 -5.9707
2.9319 -2.6474
-5.3179 11.7457
-7.8150 1.7897
9.5077 2.4926
8.8131 -2.6301
10.3888 10.8731
-4.6992 12.7937
3.2060 7.8144
-2.3196 13.8894
1.2582 2.5760
-6.3046 0.0680
10.3579 -5.5858
3.1519 -3.6837
11.6090 -4.2305
-4.5568 -6.0486
-3.9197 -4.7222
-6.1266 3.0230
8.9492 3.6925
-7.7117 3.5713
-4.0479 3.2543
12.2110 11.3309
-8.6651 9.1532
3.4590 7.6715
-4.6291 9.7485
11.0880 8.9070
3.9758 7.6961
8.2504 9.9118
1.1972 11.4250
-7.2220 8.2037
1.7231 7.8796
-3.7290 10.1885
10.1582 1.9686
2.4260 3.3858
-6.3057 8.0896
5.0469 -2.9722
-2.9613 0.7878
8.8003 3.0083
-4.3979 -5.2663
2.9808 9.3852
7.7017 -6.5067
12.0335 2.8305
-9.9318 -8.1544
-4.7407 3.5119
11.2112 -3.5000
1.7307 6.6822
2.7610 3.2183
-6.6692 7.5335
2.3655 -6.3335
0.9881 3.3703
3.4646 6.5749
-8.8936 7.2345
11.4303 -4.2737
2.4318 10.6111
1.6608 10.4670
8.3549 3.3014
-5.4575 12.4061
9.4499 8.1628
-4.9142 -2.7810
-7.4073 5.2353
6.2403 -3.7360
8.3854 4.6585
9.6441 8.2754
8.4665 -6.5543
11.6824 -5.1751
4.3551 6.6564
-4.5342 6.8058
10.1667 7.5146
8.0650 10.9446
3.8832 7.8093
9.8032 9.0432
3.9803 -5.8669
-1.2950 -5.0767
8.8531 -7.7750
11.8610 1.9693
3.5767 2.9197
2.9989 7.4720
6.8447 -4.4914
-5.0568 -5.3950
-5.1718 5.9479
9.7866 4.2453
-5.8402 6.7676
-0.3713 1.4020
-3.3476 8.6197
9.2730 9.9407
13.5722 11.5976
-8.0172 -2.5118
-5.7555 8.4389
-7.3598 0.9835
1.7400 -5.5583
-3.4798 -6.7071
-5.1778 9.5888
11.8901 2.6064
-2.6780 -6.1232
2.6164 3.8275
8.3813 10.8315
-5.1694 3.9397
2.3564 -4.7037
1.5715 -4.8358
-7.4436 11.5610
-11.4602 -4.6171
4.7598 5.4455
3.2880 10.6679
2.1500 3.4211
-4.9902 0.2210
2.1878 -6.2307
2.2498 4.1303
-6.0226 -6.3025
1.2682 3.3564
-1.3513 9.8981
-4.5174 9.8998
4.1060 -3.2233
9.3950 9.0238
12.5911 -3.4789
7.5105 -5.0696
-3.1920 -2.8417
-2.2997 -6.0933
-5.4531 -2.5687
-7.7267 -3.0833
4.3560 9.1712
-10.0282 -2.0377
2.7174 11.0329
3.5163 -5.5216
8.6927 9.6033
-4.5161 7.4805
9.9216 -4.6098
8.6632 -0.3955
6.5604 -6.6339
-2.8404 2.7049
7.9664 4.4052
-6.8346 -6.5907
9.8778 -7.9103
9.9573 8.9347
-4.6752 -8.0545
-5.3641 -2.7254
8.9627 6.4931
10.1372 -1.3262
10.5697 -7.3328
0.1346 3.5738
9.9295 3.1150
-4.5204 -4.1717
-3.6390 10.1359
-6.1618 -0.6189
-6.3672 2.9725
-1.6533 -2.3552
1.7750 -5.6161
11.5433 9.0812
9.2656 2.6594
-3.4352 6.1212
3.5183 -6.1122
-6.4880 9.1085
-7.3162 9.9415
-5.9181 9.2481
1.9165 11.9754
-8.4903 7.5898
8.8445 9.8867
-4.2889 -5.5573
2.9828 13.4035
-6.0546 -4.4757
0.4552 7.4113
11.1026 1.6776
-5.1414 -6.1632
11.2180 -1.6902
6.0655 -0.9341
4.9364 9.9735
9.8702 -4.9882
8.9043 3.5280
7.2513 4.1219
12.0006 8.0680
-7.8900 2.9504
-6.1747 7.7212
-6.7878 -2.8239
-5.9611 2.5636
-7.3770 2.8705
1.8820 8.7652
1.6166 11.0062
8.9871 11.9646
-7.8402 -2.7628
-4.6937 -3.4527
1.4859 2.1860
11.9788 -6.9802
1.7533 1.4540
-4.5420 -5.6890
-5.7211 7.9579
9.6207 3.1287
7.1577 -4.2174
-0.1779 -6.1051
9.8228 -3.3922
-6.9580 2.6712
10.1706 11.4784
-5.8497 9.3182
-5.2726 -7.2671
-6.7663 -2.1481
5.6149 3.5093
-4.9722 11.8538
9.6316 9.5993
9.7022 7.8521
2.5823 -6.1230
10.2798 7.2215
8.3044 12.6660
2.3068 11.6998
-4.3073 2.5105
-2.0571 11.8957
9.7841 -1.8144
-4.3094 8.5625
-3.6190 -4.5628
3.0358 -3.6414
12.8316 -2.1804
-6.7235 4.2722
9.6954 8.8163
4.7823 9.6096
-7.1264 11.5141
8.4173 11.0247
-5.1536 2.4715
-7.8506 11.9365
-1.1363 -5.9258
6.6911 -7.1296
2.3479 12.0293
10.9284 4.3877
3.0586 2.4551
11.8028 10.5542
10.1272 3.6952
-3.9629 7.3037
-3.3029 -7.0158
3.5044 8.9845
3.0203 -5.5845
-7.6532 -3.2788
-2.4890 2.2330
7.4832 10.1088
-2.6293 3.5002
10.5980 10.9726
-3.2022 2.0243
7.3524 2.5867
-4.1280 1.9143
10.7840 -4.4001
-6.1930 0.7998
4.7460 -4.9563
4.0782 9.3037
1.9792 -6.0081
-5.2392 2.8400
3.0223 2.8913
2.1277 2.1340
-4.8263 0.0460
3.7380 -4.9467
10.0525 -3.9058
-2.8413 -8.4592
10.8899 2.5512
-4.2890 8.3049
2.7869 2.2886
8.6139 9.7760
9.9392 3.1868
-3.7867 -8.5050
7.6298 -3.1578
3.6524 -0.1900
8.2964 10.7268
10.1865 2.2004
0.0037 9.2956
10.9304 10.4688
-8.4097 2.0019
-3.8243 7.0764
-1.1742 -2.5172
7.8507 2.7275
-1.2940 -3.2934
-3.4021 -4.1578
7.6830 11.1371
10.6990 -1.5306
-2.9737 -6.3723
11.0005 1.6416
8.4702 1.3240
-5.7812 3.6122
-4.9823 -4.4045
-1.8284 -1.0271
0.9584 3.6623
-1.1456 -7.3273
4.0242 11.2590
11.3336 11.1924
-9.3565 -3.5636
2.5767 8.1538
11.4800 10.5433
7.3916 -3.9014
-2.4378 -6.7274
3.0039 10.2913
8.0217 10.7757
-5.1931 -4.4487
3.7341 11.2883
11.0185 -5.7426
-4.6135 3.1860
5.6013 -3.5687
-5.8241 3.7295
5.3188 -6.9378
-5.5544 3.3188
-2.9453 -2.7726
-4.6126 -8.1409
3.2174 -5.3389
-3.4407 8.9012
8.5342 -2.1749
3.2101 11.8294
-2.7048 9.0322
0.8251 -5.3665
9.3545 1.8871
-4.5365 3.3493
7.7959 13.2037
12.3537 8.1861
-5.3386 6.4926
2.1057 -9.4404
-5.3611 -4.6158
8.7207 2.9975
-8.6526 3.6457
-8.0858 7.0347
-4.9212 -3.5378
-2.1314 -7.1159
1.4787 -6.9771
2.9198 2.3645
-6.4748 4.4164
-2.7429 3.8050
11.4990 -4.4274
8.3130 -2.7132
3.3498 -4.5446
1.6830 -5.7002
2.8728 -3.8669
-5.9038 10.7330
1.9845 3.5957
1.9543 -6.7278
-2.6527 10.2148
2.9855 -2.3364
8.0276 6.9198
-1.4414 -3.8810
11.7306 7.2510
-2.7014 -8.3566
10.9886 -3.7482
1.9848 3.3398
-5.2544 -6.9371
9.5650 3.2424
-4.5866 9.4351
8.5508 3.0814
-7.9997 -9.8362
1.4814 -5.5183
1.5678 11.5964
8.9819 -6.4225
9.8582 -5.7052
3.3778 1.3637
8.0584 -5.4245
-6.6248 10.2075
-11.1796 -5.2870
9.0372 -2.4304
8.3813 9.2022
10.1590 -8.2171
12.7311 -3.4318
9.1212 -3.3079
4.8164 7.2986
6.2461 1.3542
10.4377 -5.9469
-3.5407 9.9499
10.6243 -5.0391
2.6128 2.7903
0.7666 2.1413
7.8453 10.8060
6.3712 -6.1730
-2.6601 -3.7255
-8.3100 -5.2588
-5.1026 3.0256
-6.0653 11.0383
-4.0714 -1.5183
10.0579 -6.9839
3.4313 6.9176
-5.7617 -5.7837
8.2739 9.0300
11.3690 -8.2269
-4.1197 8.0737
1.9602 -3.6407
-6.2310 7.5573
11.0731 7.4526
-7.5373 2.7059
-4.9077 -3.4581
-2.8681 -1.2121
-3.7157 5.8224
-2.6693 8.5883
2.9288 4.4318
-4.4529 2.0828
3.4467 2.8853
1.8259 -6.9282
-3.8086 3.2310
9.6787 -6.8612
9.0768 3.4260
-3.6682 10.7076
-3.3986 11.4940
3.0694 -3.7413
10.7497 7.9860
3.5141 2.3565
-1.3645 7.0817
1.6279 -1.9895
-3.7620 -7.6243
2.1173 -2.6788
-6.6364 -5.0398
-1.9554 1.7126
5.5646 10.1652
-6.8272 -6.3571
7.1103 9.9217
9.4546 -6.5337
-4.6541 -8.1235
2.1559 -2.7964
3.3324 -7.5756
-3.7117 -9.5140
-4.8576 5.7817
9.5870 -5.9734
-3.4762 11.7168
-2.3128 1.6758
-8.3802 -6.9180
-5.3188 -5.7855
-1.2148 7.8032
-6.2589 9.3409
-6.6578 -8.5185
-9.9662 -6.3397
4.6787 12.3126
-8.6729 -7.2948
-7.4980 -3.5834
-2.0407 2.7447
9.8382 -5.6141
6.9906 9.4321
10.0690 -2.5997
-2.5978 8.8288
10.1627 -5.1891
