5
1.2646 0.3073
4.5174 5.5969
1.9479 8.1951
1.0501 -0.5690
0.7810 6.2111
0.3246 6.9061
0.7018 2.3741
1.0785 -0.4255
5.5908 -2.6877
5.1151 3.9993
5.2981 5.5707
4.9330 0.5657
0.1237 1.7301
-0.0719 3.9953
-0.4546 4.3768
3.9665 8.5800
0.3067 5.6679
2.2513 2.6076
4.6543 -0.7762
4.3832 0.2508
4.1426 4.6864
4.0452 2.1174
4.6769 8.6691
0.9141 5.2784
5.1036 1.4069
-1.8785 -2.7059
5.1970 1.9766
0.6721 1.4560
7.9818 5.0296
4.5191 4.7670
2.3021 0.0315
6.8572 1.3001
1.8831 -0.2212
6.1586 5.0331
5.1250 6.8543
7.0369 5.2877
8.8529 1.2980
4.2587 6.6487
5.5601 1.5155
1.2484 0.4229
4.7119 0.9249
5.2292 4.6365
-1.7444 0.9898
0.5891 5.4042
6.0285 5.2963
5.3950 5.0043
4.9836 4.7648
-2.7071 0.3342
1.1275 7.3952
0.4352 10.7090
-0.2194 5.3844
-2.4080 5.8739
-1.5034 5.1891
0.6145 -2.5930
4.3967 5.4898
3.5922 9.5235
-1.3718 1.2408
0.0699 0.6857
6.3396 6.8961
4.9960 4.7029
6.5958 10.8091
0.4873 2.4999
2.5103 2.7191
6.1072 7.0067
-1.3064 -1.6750
3.9005 2.4029
-0.7117 4.6834
1.6645 0.2619
9.1827 4.5544
1.0189 -0.1019
-0.4868 6.3717
5.3508 5.4447
4.2133 6.2854
5.7137 2.9317
0.2502 5.0809
10.0974 -0.0713
-1.1149 4.9791
-0.4130 -0.4116
4.9359 -0.4349
5.7038 4.3038
-2.2055 5.4709
-4.7267 -2.9696
2.7967 1.2767
-0.2357 7.2375
3.4211 5.8084
0.2617 5.4022
8.0457 1.3588
-0.2589 -1.5169
8.1701 0.1174
6.9808 3.7609
6.6191 4.3098
7.6185 2.4946
0.2775 0.9330
0.3219 -1.1528
7.3026 5.2065
4.3527 6.1013
1.0530 2.4681
4.0910 6.4426
0.4135 5.8535
4.7864 6.4893
4.4708 -0.8185
5.8084 4.8811
-1.8894 -0.4778
4.2883 1.1066
4.9502 1.5115
12.7808 4.9630
10.0033 -0.4430
1.7375 -0.9048
4.8948 -0.4924
-0.9204 0.9860
5.9918 6.3722
3.4144 0.8705
4.7289 0.3617
5.0509 9.7725
0.4059 0.8248
5.1625 3.5353
4.0660 1.3468
0.2711 5.9072
4.4576 2.0057
5.3292 4.6858
0.4170 6.4004
-2.4763 0.2531
9.0108 0.4498
11.7292 7.5612
7.0407 1.9849
6.1502 6.0491
4.8443 5.3811
0.9605 -0.9119
4.7456 3.4711
1.6711 6.9795
-0.5949 4.7849
-0.1589 -2.7792
5.3197 3.7361
5.8837 6.2787
4.6677 5.7623
3.8978 2.0044
5.4519 2.4135
-2.5048 8.0636
-0.4839 0.4690
-2.2326 5.1536
4.7906 -2.3727
-2.1737 5.6658
7.2607 4.4839
0.8273 5.8319
-1.6813 11.1903
7.9149 -0.5410
4.9225 0.5716
10.2297 5.3207
2.7268 5.5805
5.9756 5.3614
4.9355 4.6843
-1.6895 -0.4511
5.5786 7.2819
4.5614 0.0563
3.2858 -0.1064
6.8150 -1.3323
0.4241 -0.2379
-1.2836 0.8792
1.4553 -2.1368
4.5672 4.0504
1.7607 7.1061
4.3740 3.6573
2.0056 4.9320
0.4405 2.6298
0.9971 6.3341
-0.1472 0.5258
1.2608 -1.6573
-1.0876 12.2435
5.8861 8.8090
5.4019 5.5323
3.1340 1.7621
0.8345 12.9837
5.4373 6.2214
2.4930 1.3320
2.0432 -0.0438
1.6442 9.5093
1.5985 6.6788
-1.3788 1.0100
2.9657 8.0619
4.4888 0.4047
2.6054 4.9757
3.1544 5.4660
5.3519 5.3274
0.6622 0.0958
-1.2013 10.2389
5.5016 3.5799
-1.0855 7.0972
9.1006 4.3907
-0.5052 -3.0866
5.6920 2.3393
8.0940 9.5383
4.5271 6.5863
5.6727 9.4204
1.9705 1.4215
0.6429 0.0493
1.1183 4.1954
2.1852 0.3100
1.4249 2.3418
4.7355 4.1374
1.8198 1.7990
0.2337 5.3117
6.1445 -2.1108
-2.2214 -1.2693
4.4877 6.8113
-1.3108 0.3341
0.7131 5.4594
0.4316 -0.3078
-0.6626 0.5815
3.7163 2.6322
5.6202 5.6960
12.1925 3.7998
0.6895 4.1897
6.5314 9.3001
4.4374 6.4116
3.6097 0.0903
3.9707 1.7322
2.2260 3.9492
-3.7945 -0.5244
1.9403 4.8039
0.3892 -1.9637
4.3082 0.3478
0.4295 5.2657
5.3095 1.2831
-0.2981 5.4346
9.5815 -0.3000
5.2939 5.1996
5.7210 5.6152
2.0666 4.9843
5.1626 5.4424
1.1470 1.2004
9.4840 5.3992
5.2836 6.4806
4.9128 1.1009
0.8038 9.0614
1.2922 5.8556
6.3773 5.5526
0.2285 3.3100
6.5790 -2.4586
5.2238 5.3091
5.0732 0.8754
5.4271 0.5206
4.3330 5.1938
1.5291 4.9525
2.0619 4.9157
8.7948 -2.0698
4.4209 -0.7844
4.7566 6.0939
1.0029 1.5752
-0.8736 10.0851
0.0464 -2.5084
6.6572 4.2482
-1.4057 0.3170
1.1651 1.7990
0.1570 4.7704
6.2249 4.4354
-3.5015 0.4430
0.9157 3.9327
1.2557 6.5207
1.8836 -2.4643
-1.9755 4.8975
3.6947 -0.1466
4.2357 -1.1201
6.0436 -1.6041
-0.1821 -1.5931
0.3430 11.5283
5.9697 9.9478
4.4870 -0.2662
5.2828 6.2136
0.0200 5.5545
5.0627 6.2732
9.1977 -0.0102
-6.5121 0.8455
5.2727 0.6359
3.5858 5.5582
4.3850 5.8893
2.0035 5.4744
0.0774 2.9941
4.6800 -0.1554
5.7073 -3.0249
4.6802 5.5633
2.2826 0.3615
0.8735 -0.0992
-4.0147 0.2280
1.2550 -1.4656
-0.1646 6.3568
0.3710 4.6657
5.2565 6.9481
4.9158 6.9043
7.8678 6.5138
2.0981 2.1440
2.6349 4.6680
4.8693 5.3575
2.4519 4.7352
5.2809 5.3393
5.5702 -1.0002
5.0394 0.2458
4.0710 -0.6518
-2.5289 3.9487
-1.7348 -1.5357
4.3415 1.4754
5.6697 -1.5273
8.3869 5.5293
9.1282 5.3456
1.3494 6.1100
3.4947 -0.5080
3.8562 2.5342
1.4824 1.2213
8.1529 7.6386
6.7024 5.2084
6.2078 5.3038
3.6991 4.6932
4.6228 0.2885
4.5465 2.4826
11.6155 10.7205
7.1938 4.6999
3.7523 4.9458
4.2490 5.6526
0.6411 10.1820
3.7397 5.7772
-0.2544 5.2789
4.8200 4.4131
-0.6536 -1.8842
4.5195 1.3085
1.2489 4.9935
2.3960 2.0687
5.1732 2.2734
10.9368 -1.7936
6.0418 2.5045
8.8910 -3.7934
5.5828 4.9311
11.2474 6.4251
5.3340 5.1559
0.7628 5.1488
9.1940 -0.7766
4.7702 1.3075
0.4644 -6.3398
-2.2524 3.5375
1.6552 -0.9068
4.9260 2.4295
0.1811 -1.9071
6.1644 5.0792
7.3704 4.7891
4.8996 -1.0996
0.3922 8.9545
-1.4148 4.9371
-1.3877 7.6735
8.3980 0.5120
-1.5829 4.3147
0.1831 4.3088
0.6557 -0.8754
6.8284 5.2126
-0.4521 6.5724
2.3912 5.3430
5.8306 1.5561
6.4617 2.3939
5.9156 5.3771
3.4533 4.7501
5.3482 4.3490
4.6105 -4.0572
0.2622 0.6846
5.9672 6.1370
3.8894 4.5443
5.3159 1.6076
5.3796 -0.3018
5.8721 4.4181
5.3387 -0.5758
1.3984 8.7831
2.5386 5.5498
7.5273 5.5419
5.0940 1.2912
-0.7313 -0.6466
-0.4581 4.2387
5.7336 5.9002
10.7374 0.8710
1.0752 5.2715
0.0808 5.8436
5.5142 7.0634
1.8908 0.2389
-0.2573 5.8471
4.9563 -3.2663
11.7693 0.7393
4.0369 9.3437
2.4475 6.2068
5.0195 3.8534
-0.2616 4.1216
3.2359 -0.0999
-0.2388 -1.0032
1.2645 4.5637
0.0141 -2.6908
-0.2885 3.6642
1.9173 -1.3310
6.1080 -0.9215
4.2140 4.9454
2.4668 4.1180
1.4550 -1.7408
0.9794 7.0584
4.3095 2.5681
4.4698 -0.5731
1.3764 -0.7472
6.2988 5.0941
-2.4134 3.7565
-0.0739 4.8859
1.1392 0.9312
3.7411 8.8502
0.5487 0.6699
4.4563 5.8296
1.1603 6.1391
6.2948 -1.8237
6.1398 1.3848
5.2583 2.8794
5.3812 2.2280
3.7812 3.4226
-1.3165 1.6428
5.0233 -2.4625
12.5846 5.8018
4.7466 0.4741
1.0901 -0.4912
-4.9135 1.9020
5.2076 1.6625
0.9425 6.1702
0.2191 -0.6812
5.4831 3.2347
6.2828 6.5416
0.2007 2.3281
6.5697 0.7136
1.2076 0.4163
1.6343 9.9756
4.2983 6.4078
1.4711 5.8091
-1.0028 1.0442
1.4825 3.4684
-2.3074 5.4916
0.8462 0.4139
4.7787 6.5117
10.5806 4.7703
4.1974 3.4387
6.9768 0.6724
4.6778 7.9971
1.1955 3.8676
5.8055 -1.3240
0.0517 5.0909
-1.7763 6.9037
-0.5791 1.5376
4.7586 5.5853
-0.9147 4.5558
1.2378 6.2116
2.2962 2.7191
1.1255 -0.7128
2.4757 5.2916
1.3094 -1.4628
1.4580 5.2188
0.3168 6.0179
1.4086 6.2346
-2.4134 -1.8190
5.2612 5.0507
7.4319 -0.1818
4.3274 9.3487
8.0059 4.8342
2.4019 1.9854
6.1054 -1.3420
0.5901 -1.4643
1.4263 5.4199
4.3597 1.1656
5.3037 5.4776
-0.2044 -0.3585
3.0799 5.1898
0.2230 1.8277
1.4324 0.3230
2.0161 10.1020
4.0834 6.0368
2.9486 0.5054
2.1125 -1.0258
4.9579 1.0946
1.2152 5.2900
5.1922 5.2395
2.6496 4.6660
0.9092 6.6653
0.0442 4.6907
2.8598 3.8095
1.6243 2.8552
3.6260 0.7189
3.2809 1.9365
0.6139 0.0938
6.3552 4.7765
4.6050 6.0491
4.8048 5.6867
1.4879 6.2068
4.9659 0.4683
0.9066 4.8516
6.5980 5.0647
0.7468 4.1826
0.3475 5.3184
-0.3637 1.8281
9.7436 7.9203
4.4848 1.9913
-0.9111 9.0680
4.6783 3.7769
3.4657 6.5605
-2.9143 4.9398
5.3142 0.0819
5.0913 5.9518
5.7410 2.1228
0.7143 9.5859
0.0084 6.1559
-0.4122 -0.0420
-2.6263 4.8995
2.6540 -1.4104
-0.9147 -0.3391
-0.5559 -0.3160
-0.2539 4.4654
4.3147 6.0772
-0.5578 4.4474
2.9382 5.2320
4.2491 1.4125
-0.5639 -0.6464
3.1809 4.3956
3.3588 3.6388
-0.1729 0.8596
1.4167 -2.6865
-0.4597 0.8535
-0.2336 -1.2271
1.7246 6.0505
-2.8629 2.2735
5.0831 -1.7989
0.5122 2.6643
-1.5122 5.8408
4.4959 2.4401
6.0839 3.1672
5.5953 4.2647
-0.9649 -2.2394
10.8364 -0.6107
-3.7378 5.4735
0.3270 1.6664
4.6682 1.3889
4.5221 4.1357
0.5637 5.4778
5.1807 2.5360
6.5122 -0.2085
6.3753 4.4610
1.4026 2.5320
2.1307 6.5878
5.0565 -1.2607
4.7685 2.0402
6.2244 1.4194
5.9393 5.8892
0.4944 -0.5413
-1.3382 -2.1746
11.2677 0.6944
-0.2357 7.8798
6.2148 3.6178
6.4592 1.4259
2.4190 4.4975
0.3619 7.3690
6.1653 5.3108
6.8571 8.6293
-1.0950 0.6910
10.4709 5.0676
-0.1884 6.2427
4.7830 0.4985
-1.1049 2.9866
2.5264 0.1672
5.0836 3.1003
1.7805 -1.5491
-1.0744 1.4181
-0.8585 4.3309
0.6763 3.6365
3.9490 4.4005
-0.2002 2.0530
8.9339 -0.4095
5.0413 2.2304
-0.4712 1.6543
2.4536 1.2099
0.0390 4.1062
-2.6411 3.8965
1.2480 -0.2864
5.7026 2.0211
-2.8667 6.5633
-0.5481 5.8308
4.7163 4.9684
4.8619 2.8662
4.8715 -0.7987
8.9977 4.9303
0.6285 1.5001
-2.1326 0.8109
8.4097 6.1284
0.3634 5.5250
9.9880 1.0339
2.0038 6.9922
5.0133 2.1858
6.2721 7.3486
1.7331 4.0515
1.5498 9.7567
4.7624 5.2141
1.8833 1.2628
-0.9037 5.0524
-0.8878 -1.0428
2.4444 0.9088
5.0651 1.4216
5.4555 5.2126
5.9104 -0.5981
4.9760 2.9925
1.4782 5.8490
1.6245 11.5965
0.3430 5.3616
1.2321 0.0199
6.0079 -0.5130
1.6010 5.0973
0.5605 3.9055
4.2720 1.7503
-1.9301 2.8061
-4.1055 3.8420
4.8641 -0.3363
-1.4398 8.6924
10.1335 1.2365
0.3613 0.8748
6.1781 0.7675
-0.8664 -1.0876
5.5749 8.5259
5.3988 -2.6289
5.2668 0.8886
4.1282 9.4162
3.3492 5.1470
5.4098 0.0094
4.2299 4.7888
5.8950 7.9761
-1.4470 0.6163
0.1287 -0.0358
12.0641 1.0280
1.0876 13.3247
4.7910 1.1791
5.8806 -0.1829
1.0859 0.2799
5.0733 -0.8725
6.5414 2.6144
5.5354 4.6718
4.8778 2.6842
3.4070 0.2886
5.6567 4.1165
0.3826 2.0684
-0.5610 4.7224
7.4159 1.9187
5.0676 0.5450
3.8220 7.9290
-2.5567 2.6137
4.4132 -2.3184
-1.9111 4.8820
-0.7244 4.8590
1.1035 5.0662
2.4074 1.3085
5.1327 2.3854
5.0203 7.9391
4.1545 4.6226
-0.3744 3.4985
-0.7219 -0.5477
3.4947 2.2816
2.1041 6.6226
2.2077 -0.7971
4.7481 6.2721
1.9092 2.2966
5.8724 6.6767
9.2974 1.4509
0.5477 3.6536
0.3822 7.0057
6.0489 4.5664
2.4562 2.0702
1.6691 3.4409
5.8718 7.0422
4.7014 1.2721
1.9815 5.0873
4.3056 6.3599
2.4725 -2.6619
1.5328 8.4860
-0.1749 -3.0102
1.4792 -2.0081
5.7890 5.1366
-0.1166 2.8061
4.7222 -2.6390
-0.2395 6.0253
0.8538 5.9530
-1.2327 5.4425
7.0251 3.6626
1.1787 2.6296
5.4044 -0.2052
-1.3256 0.2414
7.6197 5.2177
6.2531 1.7079
7.9058 5.1569
6.4005 6.5357
0.7596 4.6882
5.7930 4.1886
2.4147 4.3817
5.0842 5.4996
1.4000 6.2625
1.6963 11.3107
2.4214 3.2803
1.3756 1.4122
3.3430 1.3335
0.9022 3.2678
5.4816 2.2653
-0.9801 -0.0010
6.1193 4.8878
5.4893 3.9575
3.2571 -2.1526
-0.4302 0.1759
3.3699 4.5453
-0.8139 0.8102
1.2598 4.6286
4.7197 4.9928
3.9613 1.4236
3.0575 5.1739
5.0908 3.4537
5.4441 0.2781
0.7495 0.9186
1.2782 0.8154
7.2872 -0.6838
5.8290 -2.1180
4.1975 5.1974
5.8538 1.7144
8.2479 5.9255
0.9857 8.8527
1.0635 2.0733
-0.6742 0.4725
3.6853 2.6270
1.7458 1.0540
5.7583 0.5910
5.3115 6.2088
-1.0583 5.7083
5.2819 -0.4588
1.6475 7.6213
2.1122 1.2521
4.2188 4.4299
5.4002 0.0222
-2.6299 3.8330
4.8493 4.2586
0.9689 3.9930
5.4804 0.4237
8.8266 -1.1976
5.6344 1.9791
9.2464 5.7661
2.7522 4.4727
10.0460 6.5693
4.6686 1.5490
0.3029 1.6547
-1.3687 6.5857
-0.5608 5.2520
2.2224 4.3262
5.1150 -5.2640
9.7034 -2.6863
1.4124 -0.6845
0.3119 4.7092
1.3470 0.7480
-1.6481 4.8409
5.7447 -2.7924
8.6176 6.5777
5.8439 9.0560
4.8753 5.7741
3.6526 6.1824
5.3184 -2.1131
5.9508 4.9399
-2.9636 4.5298
-0.2951 5.4757
-1.0940 5.7958
0.7139 5.8235
3.2562 4.8476
0.1646 -0.7472
5.2184 6.9986
-0.9537 5.6728
1.0788 6.1520
1.3768 4.6355
-0.5351 0.9515
5.8881 5.2218
0.8798 12.2090
1.4944 5.5463
5.8380 6.0779
3.4004 1.6035
9.4068 0.7571
0.3673 0.4888
-0.0726 7.0867
-1.1991 1.0650
6.4813 0.9838
5.6000 6.2013
4.7709 -4.0276
0.9366 2.1772
4.5654 5.8367
1.6359 1.0780
1.7802 4.8966
4.4253 -0.3192
-0.1160 3.4986
4.5964 4.0639
8.3986 1.2324
0.3349 5.1333
2.1087 -2.6602
-2.0025 9.2481
-1.3513 8.5950
5.4495 6.2617
0.4765 4.9139
0.0842 5.3568
14.8390 13.4654
0.3776 5.3265
-0.5100 5.0847
2.9957 7.4826
5.7793 4.5058
5.1229 -3.8122
6.6234 1.9629
4.1180 12.8230
9.5946 0.4632
5.0385 4.9510
-0.0377 1.1123
-1.8028 10.0872
5.6571 5.2732
8.3679 2.9699
2.1950 -1.9748
7.9484 7.2502
5.2895 2.7496
5.2421 0.1146
3.6763 -0.1141
4.5998 5.9087
6.1952 -0.5774
0.6268 5.1195
6.0116 6.0742
5.4707 2.9762
2.9278 3.6726
0.5701 0.3487
-0.6254 2.8698
-2.5940 4.9240
0.3741 5.2188
-0.7850 4.3524
-1.3444 3.2509
-0.0318 -0.0388
2.0954 4.4488
2.0675 5.3292
3.4141 5.2323
6.0702 -0.2692
-1.2725 6.1720
4.6703 7.0163
-0.2847 8.5952
-0.3573 4.2423
8.0526 4.6613
6.0537 3.7755
-0.3722 5.8014
3.7561 3.9357
1.1550 7.1750
4.5953 0.0007
5.9367 2.0013
6.0836 0.6653
11.0681 -0.7707
4.5897 6.3025
6.6863 5.0979
6.0289 1.2681
3.9201 1.3423
1.1827 5.9921
1.9958 4.5807
6.2142 5.0410
0.0732 0.2105
1.5625 6.6055
2.8806 1.3934
8.5965 4.3203
-4.2899 -3.2521
1.5945 4.0773
8.5841 4.5913
1.6502 7.5110
1.9972 4.7455
-0.9146 4.5160
-0.2765 6.7596
6.1901 5.5779
-0.1884 2.7107
2.9623 7.0856
1.7850 0.2298
5.2520 4.7031
3.7383 1.1770
-1.2582 5.0215
1.6926 1.0283
8.9787 4.9520
0.1653 5.5962
10.1999 4.4281
6.0200 0.0270
1.1120 12.0611
5.2087 3.8338
4.8252 1.2499
0.2782 1.2044
6.4387 0.4769
3.7585 3.5491
0.9039 9.7558
5.6714 6.2158
5.2550 6.3701
5.4906 3.6433
4.6639 6.4021
-0.2784 5.9162
-1.2416 0.0692
1.7738 -0.2315
4.6971 2.0193
0.8526 -0.1302
-3.0937 4.8290
3.3402 0.6949
3.6998 8.0245
3.8675 0.9646
4.4067 -3.6213
6.3888 5.2105
1.1290 4.7934
4.8514 -0.2213
5.2304 -1.5914
1.9217 11.8032
-0.0706 0.6115
6.1396 6.4540
0.6522 9.0408
5.8204 6.1109
1.2622 3.4793
2.7160 5.1812
0.7563 6.9769
3.6933 6.2255
5.3969 5.4408
5.5591 5.8816
-0.7854 3.9306
4.7951 8.1209
5.3316 3.2745
4.2673 -1.7307
10.2673 0.1942
-1.2907 1.6531
-1.1226 2.1089
4.0754 4.7315
1.2102 -0.9956
4.4123 0.0336
4.5210 4.5105
0.6649 -1.6440
6.0649 3.2982
4.5815 -0.0283
3.1108 4.7932
5.0886 4.8139
5.7575 9.8970
4.5699 4.9460
5.4012 1.1567
-1.2986 -4.0221
2.1387 -1.5803
5.3364 5.9348
7.6468 4.8218
3.8756 3.8315
-0.7854 0.6389
5.6417 0.1536
5.2348 -4.2221
6.7564 4.3817
-0.0625 6.7666
5.4033 7.6729
-3.2476 0.8405
6.1758 5.1102
5.0769 0.1496
0.1682 4.6665
0.1461 5.4376
-0.5230 -1.2282
5.6561 4.2191
5.4365 4.1583
0.8730 6.0555
1.0614 1.2358
4.6519 3.8921
5.1701 4.9196
4.2923 3.0000
6.1564 -0.4436
1.1142 6.9432
0.0771 1.7306
5.9701 5.3906
0.2171 0.0403
3.6888 4.3583
-0.1501 8.5811
6.2661 6.3391
4.8951 6.5059
-1.7638 4.3330
0.8425 5.3450
1.0652 5.0463
1.0137 -2.1611
4.2187 0.1012
1.4033 9.1360
2.2824 -0.9949
1.3378 6.5631
0.5991 1.0808
5.1024 -0.6185
0.7063 -0.0930
-2.4098 6.6196
-1.4359 7.4400
8.2949 4.9855
4.5935 6.6493
4.8187 -0.0712
5.3848 2.3352
-0.2121 4.0163
4.1790 -2.1900
0.3186 -0.2022
5.1326 1.6463
4.1087 0.5713
4.6981 0.2793
10.9180 4.3470
4.4635 4.7030
5.2507 2.7252
0.5956 5.3850
3.3952 0.5861
6.1744 5.2243
0.5865 -0.4612
0.7865 10.2427
2.9067 0.5236
-0.9321 5.6157
-1.5406 7.1910
6.4722 6.1997
6.7298 3.4696
-0.0501 0.1334
1.4854 4.2865
5.5566 10.7931
4.8347 6.8238
4.9067 5.1969
4.0519 3.7632
3.7113 7.7121
4.2500 5.1872
2.6547 -1.1788
6.0975 5.1352
4.5013 -0.6087
5.7333 -2.1610
5.9470 -0.4273
2.5632 0.0815
4.8865 -0.2083
5.1201 -0.8470
4.0685 5.9167
0.1291 1.2565
2.3370 5.3605
0.0835 -0.4418
6.4700 -0.4323
5.6597 1.8219
3.2350 5.1106
7.3554 4.6746
2.6041 5.8785
-0.0316 6.2271
9.6854 -2.9230
1.9106 -0.3153
5.1948 8.5964
5.7268 5.0385
1.2724 7.4770
1.5206 5.3621
2.5906 1.8241
9.1349 0.8447
9.2101 0.0893
2.7323 4.5289
4.8647 4.9596
5.6875 5.4470
0.3705 5.5708
1.7534 8.6857
-2.5083 7.4787
5.8357 4.5764
5.5011 0.4445
5.0980 -0.3338
0.2410 6.8082
5.3003 0.6231
9.1285 -2.7444
0.4652 7.0313
-2.9850 -3.5128
9.4967 0.9275
1.7527 0.0087
3.4057 3.7464
7.6691 0.1971
-2.9104 6.2314
4.3961 0.8440
-4.5829 4.2946
5.9814 -0.6216
-0.4024 6.4678
0.4343 1.8579
0.0671 1.0742
4.5732 8.3200
0.7454 4.7769
1.2574 5.0892
4.6081 -1.1912
3.3353 2.0169
1.3129 0.7100
-1.2031 4.5059
2.3080 2.2513
-1.0592 0.5560
4.9674 -2.7343
12.0788 1.5009
1.5713 2.8513
3.7367 3.1658
-0.2676 4.8709
4.9136 4.6238
1.5520 4.9438
1.1730 -0.4514
-3.4114 1.2836
5.8872 0.3584
2.4221 -2.0282
1.1861 9.1816
-1.2330 0.9720
2.0712 0.9236
9.2038 3.4877
-1.3070 3.0532
1.7610 6.2843
-4.0008 4.3024
6.0924 3.0448
-0.0791 7.1448
2.5851 -2.0003
9.2979 3.5638
2.3901 1.3445
1.4384 7.1452
1.9148 0.2880
9.2475 -0.4482
-1.3710 5.6764
1.2211 4.3206
5.4062 -0.1178
1.6474 4.7136
5.0270 11.8062
-0.2737 7.1442
6.6838 4.2252
5.8028 2.9680
0.1440 6.8688
0.8388 5.4960
2.0122 8.6768
-0.3825 0.9572
8.2519 3.6319
1.8624 6.1351
1.3748 7.1546
0.2894 2.9320
4.5090 1.2906
0.5351 1.7332
7.3290 7.0594
5.2742 2.0369
0.4578 4.4502
10.2016 4.2424
5.9585 3.9873
0.7171 2.3341
4.8869 6.3946
1.6605 5.6822
5.8084 1.3061
6.7602 5.0343
1.7402 8.8566
0.3331 -1.4868
4.5303 2.0857
5.2338 10.4408
2.1278 6.5256
5.1139 7.5791
5.9277 1.1707
4.0628 -1.0999
4.2298 6.7501
5.9262 0.7864
-0.6821 0.2230
-3.8757 7.6543
5.6304 5.6041
6.8926 1.2007
0.1022 4.2997
-0.2279 0.4559
5.4815 4.9689
-1.5087 0.1616
4.7934 3.6844
5.9501 -0.0414
0.9716 4.2739
1.2484 5.9049
4.6127 -0.0287
-3.8078 6.9274
6.2824 4.0345
0.5366 -0.0469
4.5269 9.2167
5.2831 -1.7146
-2.5536 -1.9006
1.5088 0.8349
2.3163 -0.0469
1.6206 6.0902
2.6549 6.0151
0.9597 -2.4249
1.9026 2.8495
-0.1031 1.2597
5.9557 5.6214
1.0740 1.0282
1.0478 -0.9033
7.4285 1.6962
2.0415 4.9803
0.6985 3.0796
3.3342 3.6560
0.8837 6.4329
2.0927 5.0864
0.1169 6.5373
-1.3151 -0.0358
-0.0336 4.8974
4.3930 5.4531
0.5247 6.3841
4.6741 -0.6836
-0.8064 5.0404
5.2862 7.0902
5.2209 -0.0980
5.0889 0.6227
5.3424 11.3095
5.3366 6.1555
-1.0402 9.8072
-0.2684 2.8099
3.3229 1.9105
5.3361 7.2460
3.6610 -2.9548
11.7917 5.5319
0.6409 4.3511
6.5777 0.8689
2.8365 -1.2362
5.3334 3.3939
9.2156 6.0535
9.6923 -2.9144
-4.0086 1.7748
5.6207 3.2810
0.0060 4.8695
2.7882 0.3431
-2.0726 -0.1057
3.3119 2.2807
6.1981 -0.5375
1.2911 -0.0322
5.4677 2.7989
5.6010 5.3661
10.7592 6.1480
5.7022 0.2099
-1.5552 1.3366
5.2208 0.8595
-0.0065 -1.1029
5.9898 5.5920
-0.6461 6.4913
1.8699 5.2334
10.7167 9.3296
-0.2017 0.5228
0.4974 1.0409
4.5514 5.4061
-1.6353 4.8036
0.0097 9.1366
1.3885 5.5601
6.0931 2.9357
6.3204 -1.1439
4.8786 4.9513
3.8242 5.2749
7.1521 -0.6460
5.0398 -0.2059
3.0552 0.0954
0.3072 4.6636
-0.2570 -0.2912
2.2538 4.5464
0.3221 0.0554
5.1480 5.6388
-3.9187 4.7604
1.2644 2.9147
1.2803 5.6861
1.2332 6.5324
5.1727 4.9239
-2.5525 6.5786
-0.6407 1.7418
9.4230 0.8192
0.5076 1.1499
6.1780 4.2441
2.9027 2.5397
0.1874 8.2725
6.1106 4.2028
-0.5606 4.0923
1.5879 6.6042
-1.6308 6.4203
5.0292 -0.5802
5.0173 -0.1702
0.4106 0.9898
4.8022 1.9686
6.3015 1.5306
0.6595 -0.9027
6.0600 -0.9594
0.1335 0.8380
0.1764 8.7901
5.9810 7.2034
5.3454 6.6052
7.6318 6.5069
0.1800 6.2986
5.3976 -2.4561
4.4898 6.1157
0.5240 5.4559
3.6913 5.1169
2.5395 4.6523
7.2425 5.1686
0.8409 5.6302
1.8034 0.3802
9.9748 -0.5130
6.9756 2.5361
-0.7857 3.6214
8.2325 5.5790
0.5597 6.8839
-0.7448 6.0988
4.6706 2.4463
0.3318 5.0231
-0.5371 5.9707
-0.3961 -0.7244
5.7489 -0.9660
0.5518 4.5275
4.7641 3.0721
1.0816 6.5008
5.1358 8.2562
0.5795 -0.2527
0.1290 -0.1476
1.3641 6.3930
-2.7654 -1.7279
4.4459 6.0457
4.5196 0.3623
1.5932 9.6019
5.8744 6.5221
4.9806 4.6761
0.1934 -2.5328
-2.4917 -0.3355
4.6093 5.4909
1.9509 4.9747
7.0999 4.4392
-0.2714 1.3761
5.7013 2.4679
11.0940 0.3173
6.2000 6.0466
-2.2623 3.3102
1.6957 4.4688
-2.6080 6.2186
7.4657 -1.3750
3.5777 -2.0802
-2.0502 5.5512
-1.1646 3.7433
-1.6709 4.8392
5.2118 5.5280
4.9639 1.1021
9.5387 12.1144
1.3649 2.3397
-0.6596 0.8253
4.9804 7.3300
3.8312 0.4178
8.3738 4.6392
5.0813 1.8248
0.5721 1.0260
1.4092 6.3290
-0.2047 4.4888
6.4406 5.5824
-0.9427 -1.0208
5.9812 6.8810
8.7839 5.8813
4.9632 5.5038
4.9337 0.4124
3.1904 4.7651
6.4236 5.0557
0.3630 0.8647
6.1656 -1.3391
9.3582 4.2655
0.4939 1.6619
-1.5333 0.6486
9.6111 0.2486
0.1979 9.6382
5.2163 5.6784
6.3144 6.4354
0.4051 -1.0346
10.1338 2.8453
-0.3488 0.7982
7.6566 1.6153
4.9385 0.5897
-1.6276 -0.3341
-1.4049 -0.5730
7.9792 6.3660
7.7881 6.9277
0.3668 -0.1337
5.2403 1.1926
-0.4923 5.4464
4.3276 6.7528
5.2057 -0.4730
2.0230 5.5752
0.4824 5.0593
6.8641 2.8191
3.6955 1.2803
5.7748 -0.2578
0.8078 5.5958
5.2408 -0.4141
0.2509 5.6226
12.7479 3.6700
1.0008 -0.8144
0.5894 0.9433
4.9350 5.7384
-0.1428 0.5672
-1.6593 8.7439
5.9058 1.8537
5.2897 9.8126
0.4579 -1.9038
1.6909 5.4345
-0.1845 2.9363
5.4833 5.3933
3.1526 2.5401
1.5728 -2.2707
0.8330 0.1010
6.4945 -0.3465
9.3626 2.9908
0.5801 0.9821
5.6193 -1.9074
4.7378 -2.4997
3.6050 3.7247
4.9616 -1.1309
-1.6016 6.1909
0.4837 5.8323
3.4444 4.6067
-0.6111 0.0669
5.1285 0.1651
5.4373 6.1659
6.4389 3.7849
0.2471 3.6970
-3.6102 1.1935
0.4010 3.8476
-0.7744 6.3226
5.5587 3.5994
0.2056 0.2296
-2.8075 1.5288
5.9012 5.1229
4.8167 0.4012
-3.0143 5.4340
-0.8026 1.6814
5.0290 3.9762
1.0329 8.1337
-0.1901 2.2063
-1.4769 6.6610
-0.4384 3.9900
10.1169 5.2406
10.1949 4.1694
4.4365 -0.3358
5.6604 0.1167
4.4515 -0.6759
-0.8957 1.9543
1.4857 1.9478
5.8890 4.3953
5.4544 6.3754
2.0018 2.1998
4.8267 4.9771
1.7650 5.8155
0.8832 -2.4377
4.2586 6.5060
4.0644 5.4265
4.9612 7.4398
4.9105 5.6331
5.4305 1.6393
5.7081 2.8516
2.3118 7.1022
4.2422 9.9178
2.6118 5.6189
3.3096 4.7741
-3.2059 4.8993
-0.6502 5.5029
-1.5349 6.8253
2.2210 2.6834
2.8750 0.8943
6.1976 2.0381
-0.4102 -0.8521
0.2610 5.9235
1.1364 0.1288
0.2232 6.6381
1.2455 -0.2453
2.9906 1.5434
5.5442 3.9304
1.0253 -0.1446
4.5600 5.3785
5.8236 8.6443
6.8165 6.4780
3.3449 3.8777
-2.6063 5.4430
6.0230 -0.0196
3.9358 -0.7893
6.1692 6.4161
4.2543 2.0624
0.7613 5.3628
2.6547 7.2827
-2.0591 -0.5626
2.2732 3.2135
4.6625 9.7031
7.0436 -1.0364
10.5678 6.5889
-0.3095 0.2672
5.1962 0.8867
-4.2246 3.3578
8.5530 5.2238
0.1933 4.0854
4.3910 4.1878
5.1241 1.0190
4.0297 -0.3469
4.7989 6.0589
5.8573 -1.7733
6.4943 4.2243
6.1092 6.2101
4.6143 1.9798
5.8427 5.4841
0.0611 0.2303
5.3768 4.0602
-0.2344 5.9849
1.4356 4.5244
2.1100 6.1265
5.6645 3.0685
3.7817 1.0933
4.6046 5.6288
2.0060 5.2329
6.2456 2.6711
-1.1621 3.8592
5.5526 6.0002
6.5330 2.1361
0.0081 5.1772
7.1414 1.9940
2.7697 6.5740
8.3783 0.7030
1.6503 2.0830
5.1123 7.0714
-0.7996 5.2910
5.2025 9.4505
1.5786 5.9870
-1.3171 2.9262
2.5342 -0.1629
1.4989 0.5219
0.7701 -1.3720
1.9591 6.3892
6.0856 4.3054
1.2721 -1.6834
4.6039 0.9027
-1.2315 5.2787
6.1310 6.3829
-1.1162 4.7977
5.5445 8.0535
2.5325 3.8651
-3.2804 5.9500
0.3178 4.5808
1.2560 -0.5826
2.2509 5.2383
1.4595 4.7050
0.5196 2.7313
0.8145 -0.9266
0.1557 7.5609
5.5102 4.0424
2.0109 5.3473
4.4061 6.4963
5.0041 4.6457
6.0325 -2.0586
3.1900 0.4872
5.5194 1.1484
5.5603 0.3787
1.4631 6.1590
5.6554 5.9237
0.0099 -0.6872
-0.5732 0.1453
5.2856 -0.7609
-1.3737 5.9394
6.2899 1.8320
2.6642 4.6018
1.2404 5.8116
0.1937 3.8112
0.8213 0.4742
-0.2068 -0.2722
3.6402 0.1229
3.5897 -0.0751
-1.1370 6.2137
3.1298 1.5350
3.5602 6.3059
5.4562 -0.3662
5.2338 5.7521
0.2753 -4.0311
-0.6959 1.7843
4.3576 -1.8762
0.6959 0.2447
0.6773 -0.1806
-4.0692 1.1867
4.0693 -0.1405
-2.7094 0.9469
2.6449 2.9304
5.1355 1.4824
0.5042 11.2079
-0.1748 1.5540
3.0416 -0.7482
6.2040 4.6256
-0.4258 1.3898
0.4715 5.2133
6.0881 2.0435
3.7392 1.3112
5.3159 2.4131
10.0904 1.7669
5.1443 1.1199
13.0651 1.6054
-0.7945 -0.8902
6.2444 0.8122
5.2450 8.4259
5.7158 4.0753
6.0281 4.4905
0.8241 -0.7988
5.4822 4.3929
1.5398 2.7871
3.2266 1.7425
1.3959 -0.8675
8.5503 11.1315
-1.6953 -2.8674
5.5252 3.0717
6.2467 0.0211
5.9096 -0.2164
0.3987 4.9365
5.4645 2.3611
0.5460 5.3635
0.2033 2.9621
2.8692 1.4272
-0.6424 6.1286
4.7531 1.1051
7.8031 0.0300
6.1855 5.3431
5.9487 6.5074
5.0029 7.0990
5.3070 2.9412
5.4918 -2.0188
-2.9784 5.7825
1.9453 -2.4354
1.5535 4.6876
-0.2486 4.0437
2.1670 1.1562
5.9594 2.3991
-1.2335 4.3534
-0.8529 4.8665
2.1650 -0.3139
10.9445 4.9539
5.4658 6.7017
5.0074 4.9983
1.0343 0.7094
-4.3182 0.8934
4.9922 4.3820
0.0335 2.4169
4.6355 5.9716
6.4207 0.9081
4.0698 4.8023
-0.9399 -1.8331
4.1976 0.7568
1.8682 5.8230
3.2068 4.4179
4.2609 1.1141
4.7833 4.7720
0.6029 7.2207
-1.5330 5.2608
0.6130 5.0085
-0.1285 5.0214
5.5796 0.3753
1.7973 6.3699
5.1965 5.5069
1.1129 1.8833
0.4984 4.3973
0.3373 1.0492
10.5074 9.9839
4.7163 -0.2730
1.9727 -0.9196
2.1145 5.5665
3.9393 9.7612
0.8725 7.2121
5.0980 10.1883
5.8584 8.0398
8.0171 5.7916
4.3281 3.6340
2.3991 1.7491
5.9895 1.2778
1.3286 6.1835
0.6887 1.2865
0.3466 5.2749
-1.3686 5.2445
6.3965 4.0971
5.1487 0.3544
-1.9485 6.7596
6.0847 -2.6628
7.8522 -1.4055
0.8356 4.9571
1.0525 4.2606
12.8980 -1.5965
6.0157 -2.7939
6.4004 0.3954
4.7591 0.4337
5.1237 4.4672
-1.4461 4.7330
2.5187 0.7044
4.8724 2.7037
4.3451 5.6229
4.0530 0.2846
5.7227 -0.2611
0.8278 -0.5586
-0.4785 4.7176
2.9899 5.5832
0.1916 0.1863
9.0433 7.1843
3.4012 5.4521
4.6617 -1.0403
-1.7612 0.0908
5.8883 4.0757
11.2054 0.7138
5.0155 6.0201
5.4360 0.2133
4.5881 4.2763
-0.1342 -2.5077
0.1906 3.9472
-0.0517 5.0631
0.1418 0.3310
5.7149 7.0118
3.4123 -0.3634
11.0378 0.3569
5.7922 -2.2875
5.0093 0.6777
-3.2022 5.6548
6.9096 3.5468
5.8447 5.0294
5.0821 5.9431
0.6625 8.8715
1.8355 1.0909
0.6508 1.8573
0.4742 4.6762
2.7795 4.7251
5.3578 4.3249
0.1640 1.2596
1.0506 0.4534
1.8862 5.9313
4.8899 0.4059
0.0482 6.5839
1.3072 4.6080
-2.8648 3.5650
6.5127 3.3343
0.4340 0.5741
5.8927 2.4246
-0.3220 1.3330
-0.1178 6.5878
2.9727 0.9961
0.5790 5.8241
5.5964 6.2830
5.2804 8.3122
1.8559 8.7752
1.4400 2.1572
0.2447 0.5819
2.6726 6.0217
0.7751 5.4433
0.8743 -1.8597
4.4445 0.6222
9.7029 -0.7514
5.9066 5.2194
-1.2220 0.8137
0.1618 5.1442
-1.9101 5.1999
0.6897 4.3590
4.3983 0.8216
1.3457 0.2110
5.8025 1.8012
1.6980 4.3125
-1.5658 4.7668
5.2648 7.2464
1.4036 1.8009
1.2117 6.0052
5.5713 -2.3924
-0.7721 4.1782
0.0698 4.3336
0.2555 4.5185
-0.9872 7.5546
0.1594 -1.4663
4.6377 0.0128
8.1281 6.4698
-1.0983 0.1416
3.7023 6.0710
1.6469 -0.5278
2.6778 1.2270
4.9366 8.5071
1.1086 5.3940
2.4407 1.4971
5.3867 6.4240
10.4498 0.3271
4.9056 4.5573
5.9554 1.2465
5.3552 4.4006
0.8062 4.5837
5.6040 5.9156
5.2587 4.8103
1.1791 8.6937
3.1464 2.2863
12.1009 4.9807
1.0668 0.5722
4.7934 7.6370
9.6616 -0.3124
3.2057 0.9326
-2.4846 0.0785
0.8152 0.2401
-1.3771 5.7659
-1.2152 2.4127
0.7818 5.6443
4.9864 6.5882
-0.2310 7.5095
3.5993 6.1316
-0.3300 5.0038
-1.5095 0.2924
5.7905 5.1355
7.5977 -0.7654
5.0750 0.6365
-1.6714 5.7808
6.0176 0.7406
-1.6768 5.6949
-0.4185 15.0249
3.3289 16.1472
1.9096 -0.3959
0.5096 5.5217
3.4603 11.4075
3.0382 -1.1824
0.5118 4.6113
5.2124 3.8510
0.1344 1.1862
6.3215 5.0810
-1.6805 4.5100
8.4726 6.0605
4.3142 5.2170
1.3261 -2.9985
0.3927 -1.7361
5.7451 0.5762
2.0921 4.3289
5.8265 5.8269
0.4184 1.2684
7.4096 7.1782
5.5220 12.7583
-1.1963 0.5516
5.2062 3.8260
-1.6298 9.4816
7.8418 5.3776
6.2018 3.0378
3.3288 5.3616
4.7721 1.1910
3.2221 9.1319
5.7116 6.3474
-1.6159 4.6427
6.3885 6.0701
1.4871 3.6741
4.8903 3.4707
5.5739 0.2601
6.1803 5.2087
9.4109 4.8603
4.3204 5.2422
-0.3957 5.3237
4.4585 0.8126
-0.7117 9.2276
4.7452 -2.3115
1.0236 1.0432
6.3166 -0.6352
12.4846 4.1951
-0.2100 4.5807
1.7297 5.8241
11.9468 -4.3729
1.0804 4.9835
1.1825 -0.0343
9.7486 0.3155
4.2335 10.4856
0.2308 4.6109
0.5085 0.3767
5.5542 5.3570
13.0798 5.6713
4.4969 5.4117
-0.1577 4.6469
7.0630 -0.4473
5.9980 4.5342
3.9228 6.4958
-1.2848 5.1700
7.1654 -0.7335
-2.3979 -1.4634
5.9234 6.1353
4.8072 1.4167
5.4229 5.3613
-0.9370 4.7106
-2.5534 5.6480
8.8111 -1.2454
6.0618 6.2145
-2.2287 5.2852
-0.7074 2.4439
4.8116 6.0623
7.7103 0.8554
0.6133 0.2822
1.5428 -0.5946
2.0552 -1.0828
5.1042 0.9011
5.3050 4.5342
-1.3495 -1.3439
-1.0233 6.5341
5.8612 0.1300
6.1419 3.9977
5.3354 0.9109
11.5606 6.1962
6.0462 4.6999
5.7364 4.8588
5.7715 9.9496
1.1405 5.2709
14.9600 5.3902
11.2381 5.7473
-0.3681 5.3214
0.1151 5.1700
5.8939 9.6233
-1.6079 4.5069
7.0325 0.8607
4.4096 0.5299
-0.5578 -0.0454
1.1846 -0.0665
3.6487 1.4856
9.1842 6.8416
5.8775 7.6896
4.5855 5.1162
7.8570 5.9447
3.9329 1.4528
-0.7788 4.6054
-2.2424 -1.9369
5.8606 7.8017
-3.6694 4.7407
-0.0081 -0.8646
5.7761 4.7227
5.3173 -1.3057
4.3925 -3.4354
3.7739 9.6090
1.7709 9.2637
4.5796 4.9946
1.2391 -3.3609
6.5606 1.0378
1.6608 9.1091
3.2972 4.7737
4.4398 4.3511
5.0790 1.3339
6.3247 7.7968
0.1897 -0.7174
6.7409 1.0253
1.0952 3.0091
1.6376 9.9055
7.4706 0.6988
8.5657 3.3739
5.9153 1.8137
-0.6148 -0.2889
5.3151 4.4950
0.4019 4.9759
-0.1182 1.8539
0.0638 -0.8970
2.6203 4.6117
-0.0715 0.3520
-2.4998 9.3511
2.4257 -0.2914
4.8735 0.4838
-1.8545 2.8271
4.0670 5.6519
4.7886 5.6466
-0.9769 1.0049
1.0607 4.5318
7.5233 8.2701
5.2649 0.6528
1.6602 4.4178
4.5684 -2.5888
3.9044 5.9091
9.5421 1.7332
-0.4100 8.1131
4.6694 6.4656
3.5174 -0.1558
5.7470 0.3485
4.2337 0.2674
4.1889 0.3469
-1.4921 0.1051
0.7854 3.2072
5.0510 0.2901
6.6332 0.2744
5.4978 0.1452
0.9821 5.8471
-2.9980 1.4121
8.5295 6.0694
0.1030 0.3331
-0.0576 12.3689
8.2897 5.4719
3.9075 0.7096
1.4614 0.9535
2.2480 1.4947
-4.2445 4.3760
4.7581 -0.3891
1.4772 0.2964
3.3602 5.8575
-1.4243 0.9707
5.8070 7.8447
2.9682 5.2609
3.2991 3.0711
1.6081 11.1234
0.4251 7.1616
4.4796 5.6037
5.7625 1.0707
-0.6620 2.4622
-2.2629 -1.4396
8.3583 0.9751
5.8081 6.6911
-2.5935 0.8349
-0.7673 2.9389
0.9034 1.9102
5.6366 5.4544
4.1136 7.0328
5.3745 1.1939
0.3208 4.7085
2.7018 -0.4950
0.3424 3.4316
5.7842 5.2050
5.8945 -2.0037
0.9791 -0.2475
1.5113 9.8966
1.4902 0.2904
2.9559 4.8095
8.9493 -2.0982
3.7776 5.3491
-1.5857 6.5978
-3.4357 6.2970
-1.4788 2.2629
0.9788 5.5873
6.7026 6.4812
0.3804 5.4247
5.3092 4.4169
0.9021 5.8025
7.9537 5.4038
6.8287 -2.5591
7.4957 2.6771
4.0037 -0.1028
0.2312 1.1634
-0.0281 0.4746
-1.9394 -1.0172
4.5853 -1.6517
5.9550 0.3593
1.6161 5.8207
5.3452 7.9937
6.6257 1.4334
2.9622 6.1501
5.5623 6.7772
7.8257 -1.3540
4.8206 5.4702
4.2267 5.0036
5.7225 6.1007
1.0435 4.2436
8.5423 4.3272
7.0939 -1.0063
5.4200 5.4787
4.7343 -1.0442
-0.3016 4.5757
1.3360 2.2351
0.0367 2.1871
5.2843 6.4501
5.1290 5.0097
6.3177 2.2657
1.4709 5.4615
-0.1039 5.9523
-5.1456 3.3313
6.3603 1.4658
7.2671 -1.7885
6.9461 5.5911
7.7900 -1.3715
2.4209 8.8517
5.3888 5.2151
8.6282 -2.4935
6.7176 -0.0988
4.7830 3.1400
-1.8339 5.9938
5.4526 6.9432
6.9633 4.6756
1.3109 -1.2527
4.0434 -2.1647
0.4300 2.6584
5.7534 -0.4407
3.5426 3.9524
6.9590 4.8816
6.8442 -1.7393
6.3132 0.7923
4.6486 3.8871
3.5578 9.6944
3.9180 1.9283
1.9840 11.7744
0.0634 1.2469
4.4811 0.0104
1.3833 0.7323
9.4248 7.3436
1.6404 6.1005
5.1869 3.4996
0.0651 3.9599
5.6811 5.5409
1.7019 10.6263
-0.8412 9.2792
1.7606 4.2481
4.7290 4.6884
-0.5873 -1.5269
4.8219 0.1882
0.0351 1.0521
-1.3657 4.5796
3.2792 6.0723
1.2864 0.2785
0.4078 0.8272
2.2849 4.3978
4.9488 0.2943
-2.3190 4.8806
0.6200 5.1557
0.8057 -0.4528
5.1259 5.6950
5.3393 1.1420
1.4008 11.0943
1.8396 3.8308
2.4275 11.5086
1.8230 5.7359
-1.2337 4.1852
1.6244 -1.9322
6.7862 2.1723
0.2717 4.8880
7.1268 5.7394
3.7532 5.3454
4.7924 0.5682
2.1526 4.2726
9.2656 7.5215
4.0911 0.2358
5.2813 9.7827
4.3466 2.5090
-0.3026 5.7915
1.0266 5.0648
-1.5318 -0.3603
4.8431 -0.4756
4.5379 -0.4380
1.3051 2.2063
0.5577 1.4546
-0.2964 5.7817
6.9140 5.0795
0.4678 -1.9740
2.2805 4.6860
0.6867 -1.2311
4.2788 5.2207
2.3243 5.4461
-0.0726 -0.4866
-0.7477 0.3792
3.8408 4.4396
5.2999 5.6907
1.3629 0.4352
2.2396 -0.3852
1.2070 0.7033
4.1917 -1.8886
2.1255 4.6767
6.0364 3.2532
6.6021 2.4184
5.1802 5.3892
0.8285 4.7069
3.5615 -1.5587
1.5032 -1.3580
6.8400 10.6511
4.1204 2.9248
0.6309 6.2699
8.3100 4.4101
1.6906 -1.6514
6.4296 2.5316
5.7839 5.3326
0.8319 5.4658
7.4679 5.5785
1.1092 4.9973
5.0983 10.1088
5.1137 5.7879
4.6845 4.7495
2.7746 -2.0808
4.3734 0.4511
3.6615 -0.6815
4.4578 2.4776
4.9478 1.1215
5.8229 0.6882
5.2799 2.4147
5.4339 3.1431
-0.6499 5.4610
0.7642 0.4615
2.8253 4.0344
8.8167 5.2960
-0.3974 1.9140
-1.8747 3.0337
4.6683 -0.4342
2.1691 5.7854
3.3579 2.3066
0.5993 4.1337
4.6705 4.5927
3.4745 6.3482
1.3935 4.2112
6.7454 -1.2247
-0.9582 4.8053
0.6992 5.1955
5.4285 5.4386
5.9111 5.3780
-1.8261 -2.8861
6.8353 4.7554
4.2587 6.6406
4.9284 4.7323
-2.7694 4.6704
0.8369 4.7494
11.7774 0.2028
6.3048 -3.7714
4.6167 9.4769
3.9721 2.7745
5.0881 4.1782
3.9876 6.3974
4.6124 6.5261
5.0777 0.5743
4.9610 -0.5512
4.7832 6.9179
4.8288 4.4456
4.4398 8.4977
0.9391 5.6487
-1.8501 -0.1275
4.8451 5.6660
5.5765 1.1801
5.1355 6.0675
1.1998 5.0843
6.6492 2.8422
7.3049 6.5096
0.3718 -0.1430
0.1014 5.1386
1.5438 8.3637
-2.7400 -3.9631
3.1103 4.3155
-0.4812 4.3409
5.0340 5.1248
5.9853 3.6432
4.7617 12.4946
0.0331 5.6333
5.1087 -2.2572
1.1455 1.7364
4.8872 2.7881
4.5155 -0.0196
-5.5114 -0.0646
2.9474 4.0827
0.2064 4.6658
6.0296 1.7467
1.0948 0.0227
6.0417 5.5246
1.0754 -0.8284
4.6374 0.6208
-1.9309 6.1599
0.7879 -2.9730
5.6322 3.7452
2.6521 0.3192
3.7267 4.8270
2.4586 -1.1055
5.3068 5.3206
4.8462 6.0634
-0.6471 -0.5945
10.4090 -1.1490
1.5289 5.1308
0.6186 1.5673
9.4591 5.3230
5.2479 4.0058
1.0800 1.0567
2.6453 6.4166
4.8688 5.0698
4.4190 -2.5941
0.7938 0.3491
-3.5838 1.3014
5.1410 2.6573
5.0311 5.9175
0.2080 0.4594
-0.0354 5.7769
10.5068 5.5591
5.1069 1.3449
5.3360 -0.8897
5.8649 1.9939
2.7509 -0.1422
6.8983 3.4550
2.0258 7.4421
0.4355 5.6655
0.6408 5.4297
4.6560 4.6274
6.4315 4.5613
5.9414 8.3472
-0.8438 4.6472
4.0141 1.2865
3.0529 10.1196
2.8190 5.5714
5.4566 6.0268
5.5431 6.0413
-5.8867 6.5077
4.5686 3.4214
5.6961 5.0940
4.8458 -0.8588
8.3534 6.7462
2.1020 4.9623
0.9416 1.8400
8.9365 0.9961
2.0304 7.6922
-1.4497 0.4097
-1.0370 2.5168
5.4346 -1.0721
-0.6319 5.7676
5.1795 5.7356
5.8714 -0.1173
-0.3091 5.0116
0.1178 5.3759
-2.8978 0.4989
3.9946 4.6509
-1.1389 9.5251
5.7342 1.5025
-0.9989 4.8129
4.3264 2.4449
-2.5027 4.5272
6.4170 3.0231
4.4881 4.5149
1.2374 4.7857
0.3532 0.7563
-0.5553 2.6659
-0.8204 4.2134
3.0216 1.6212
-0.6507 4.6137
-1.3146 6.5438
6.1197 1.8229
7.1219 3.5768
-0.7241 5.2185
1.2572 10.7668
8.1585 4.6668
0.5263 0.2961
8.9634 0.2646
4.9872 3.8673
-0.3415 -0.8118
4.9825 5.0198
5.1089 5.5576
5.4644 1.3770
1.2033 4.3266
1.9078 5.9877
10.6155 -0.5829
2.1926 5.9479
0.8845 4.2853
0.0943 1.2115
0.5858 5.0683
1.1487 0.8180
9.5656 4.2908
0.6327 0.4860
7.9391 -0.5089
-2.0993 -0.3532
0.2604 1.3739
2.0263 1.1148
0.8551 0.2225
0.4243 3.5313
5.8641 -1.7281
3.4479 4.6549
4.5899 2.5964
-0.0772 5.2056
1.0172 4.6242
2.2955 6.8713
3.4178 -2.2961
5.3577 3.8450
0.7236 5.2138
3.5157 3.2681
0.9800 4.8415
0.8284 6.8060
3.7335 0.6603
4.7056 5.6963
0.1373 0.0716
4.2846 1.2532
2.1049 6.5718
3.0363 5.0170
6.2066 5.6286
5.8245 -1.2748
-1.3080 4.3614
-0.3782 -1.9349
0.6498 4.7099
0.8530 10.6040
0.2428 5.7848
-0.0811 4.5117
1.5151 1.6703
4.7017 3.7073
5.5598 -0.3565
3.1706 4.9018
0.3012 0.0830
2.7672 10.2105
4.7254 4.8682
1.4207 7.0037
0.0410 0.4775
2.7618 1.4027
5.7084 0.6160
1.2981 5.7077
1.7551 0.8127
-0.4274 -1.6524
7.4714 2.5790
4.6796 4.8357
-0.6303 4.3853
5.1379 0.9973
-0.5454 4.4769
5.3016 6.0355
4.1166 5.9311
0.7569 -0.3912
0.7992 5.3188
5.4494 -0.3239
5.4352 5.0986
6.1696 0.8294
0.0996 5.5502
0.5752 5.3876
1.5374 1.3270
1.2673 8.3990
0.6561 0.2227
1.3264 5.7597
13.0049 4.9545
4.5015 3.8523
4.3220 4.4603
1.6124 5.9425
-1.2236 5.7817
2.2673 5.9022
-2.6603 -0.5111
7.4174 2.1654
4.3913 5.2957
5.5660 -0.9526
11.0971 1.6527
6.8952 1.7637
-1.7974 5.1410
5.5837 4.0996
1.4444 0.9517
5.2467 7.0796
3.3195 6.4593
4.9320 9.4570
0.9579 1.2615
-1.4062 -0.4875
6.8868 -0.5738
4.0533 7.3867
8.3400 5.5467
-0.5516 0.8795
-1.6835 2.3318
12.2684 1.0307
6.5247 2.2742
4.8380 4.4110
7.2203 0.1632
1.3020 -2.1999
-0.1593 6.0081
7.4390 6.0852
5.6082 6.6371
0.5839 7.6104
0.7410 10.2461
2.4763 3.7757
5.7564 -1.4138
9.0846 9.1075
6.8261 4.6716
2.5240 4.1172
1.1738 5.1947
-0.8050 3.9682
6.6112 1.8745
0.2801 0.8408
9.2556 3.5085
-1.1704 4.6799
4.4754 5.2415
-0.4535 1.5755
6.3192 1.8500
0.0876 -1.4247
-0.8675 4.9346
-2.1523 1.1567
6.0838 7.6452
0.2205 4.6752
1.1410 5.5585
-3.1303 5.3907
5.6424 -0.5331
0.2212 4.6272
6.5052 -0.0384
-1.1759 -0.2137
1.7554 3.4278
5.4772 5.1416
1.6584 1.8199
7.0925 3.6194
0.0882 -1.4432
4.6347 5.9516
4.8203 8.5818
3.2337 4.9456
5.8556 6.4540
0.6167 0.7643
4.2266 9.8846
0.9103 6.0458
2.0922 8.4233
7.1547 1.0557
0.1950 6.3158
6.5105 3.7412
-0.0756 -1.5779
1.7311 4.2585
4.3398 13.5351
4.8604 0.3067
0.6792 1.5737
-0.2204 5.6106
4.9138 1.7961
2.6006 -0.3726
-0.5765 0.6713
2.2188 -1.8504
4.7972 2.4813
3.4368 5.4604
0.0787 11.5193
7.4203 4.6688
4.9294 4.6451
0.5030 0.2243
0.9701 -1.6897
2.2017 5.4976
-0.2902 5.0197
4.8397 5.3973
4.7125 1.0937
5.0747 3.3456
5.3274 -0.0754
5.8684 9.8810
1.2041 0.0406
4.7047 2.4010
3.4717 -1.8685
-0.2136 0.4022
-1.7037 0.3271
2.1420 4.2996
0.0760 3.0934
2.7709 2.9235
3.7061 -1.4531
-0.3262 5.6652
-2.9993 1.5271
1.8818 4.6248
1.3441 6.0309
-1.1493 0.6121
4.4921 1.7713
1.8910 -2.0738
5.0542 5.3415
4.8222 7.6994
0.3342 -0.8264
-0.2625 5.7276
-1.9746 0.2455
4.9287 7.3756
5.1844 4.4262
4.5677 5.2601
4.4225 1.3216
2.4506 1.8031
3.6809 4.6768
5.4795 -1.0749
6.5919 6.6950
-0.3753 9.4202
1.5242 -0.4312
6.7918 4.7216
5.2540 -3.5000
5.1944 0.4337
0.4722 7.5168
0.9660 6.2105
2.1547 1.9426
6.4545 5.8606
0.3752 2.8600
3.5746 6.9571
-0.3503 1.7349
0.9682 0.7150
-0.4387 5.3490
5.9527 -1.6385
0.0488 5.5841
-4.0551 8.9999
5.5802 4.6268
1.0429 0.9023
1.0287 0.0628
0.9685 4.9324
5.1885 6.6593
5.7580 2.2968
1.3428 4.2584
1.7292 4.0134
1.6865 0.5941
1.2873 3.9204
1.0658 1.1198
5.1207 1.0422
1.7492 2.5266
1.4971 0.0160
1.3909 6.7178
4.4826 5.6132
5.2416 4.1873
4.6074 0.1088
5.6059 -1.1242
4.0947 -1.8844
8.9273 5.2115
8.1194 9.9545
-0.4401 4.5786
2.4788 0.1053
-0.4538 4.2927
0.1619 2.7883
-0.3207 10.2926
2.0490 3.0057
5.0733 1.1824
3.3395 4.9439
0.5427 6.3751
4.3490 4.7613
4.5316 3.4292
0.6910 0.0512
4.7180 5.2040
8.8557 4.9127
-1.8763 3.0866
6.5832 -0.1376
4.4816 5.3874
5.5469 0.9106
-1.0823 5.9568
2.1180 -0.6049
6.2690 6.0289
-1.4563 0.0363
-2.5252 -0.1153
-0.3332 3.5254
8.0713 2.0321
2.0405 3.6931
6.1210 1.8248
-1.4437 0.3798
2.5780 0.3131
-0.4547 0.6170
0.5383 4.2553
5.7140 -1.5205
-0.4105 0.1408
-0.1384 9.6774
5.6093 -0.1580
0.7903 0.0227
6.5530 5.7738
3.0134 -0.2066
5.5747 6.0638
5.4454 4.4276
7.6324 4.5092
5.0708 -0.0021
6.6635 3.0944
5.1546 5.0826
0.3223 5.2805
5.7515 3.8749
5.0170 -1.7992
1.1979 4.9217
-1.2363 0.1142
5.5990 7.3307
6.1439 5.8305
0.7454 -1.2129
1.9031 0.3698
0.9050 1.2052
-2.4157 4.5484
1.5231 0.6957
-0.8278 6.5753
-5.3090 0.5233
6.7572 -1.2760
6.9758 0.0265
0.4581 0.2989
6.0036 7.8303
-1.5984 0.2731
7.4022 5.9434
2.8564 4.8112
-1.6003 6.3348
0.7694 1.7442
-0.1732 2.1626
6.3253 4.9470
0.9979 -0.2617
3.3234 4.7074
7.2808 5.2002
0.6707 3.1375
4.5286 4.2955
0.7047 7.5787
6.6159 -1.0342
5.1506 9.7414
1.1209 4.0875
4.2535 6.5781
2.7017 1.3196
2.9888 9.8854
12.6058 3.8809
5.8757 1.8013
4.4037 5.0178
0.3491 8.4014
4.4183 4.2923
1.0252 0.7846
1.4072 0.4414
4.8697 2.6710
1.2031 1.9860
4.2685 2.1021
5.0558 0.0550
5.5316 1.5498
5.6324 5.5190
5.6375 5.3201
5.7712 1.1587
0.6038 10.4666
4.4730 0.6799
9.1444 1.5084
0.8586 0.4843
5.8458 -0.3382
1.4488 0.8012
6.1624 4.3224
0.2727 5.6713
-0.4338 2.9781
1.1354 -1.9837
5.7004 6.2923
-1.3477 4.8024
1.9725 3.6606
-0.2136 4.6881
4.2145 4.7717
1.9925 2.6760
5.4913 0.2089
4.8111 3.9950
-2.6863 -0.8737
5.6919 8.9620
5.4521 6.9142
0.0970 0.5290
0.3500 -0.4915
5.5088 8.6689
7.4641 1.0100
5.3344 5.0294
0.1680 0.8180
5.7895 4.5016
5.8417 1.6323
9.0350 5.9639
4.7063 5.8056
1.0675 5.3335
9.3130 5.2136
9.5636 3.3453
5.4841 4.6576
5.8528 5.9497
1.1652 5.4103
7.1217 4.7715
5.6249 -0.9489
1.1962 -2.2134
-3.7250 5.2682
0.2469 1.2955
3.8333 5.6924
-1.2107 4.0132
4.3145 6.0378
3.1092 1.0830
4.9503 6.9697
1.8514 8.7231
-0.0637 6.8157
2.5572 5.3123
8.0078 0.1683
4.9951 1.5329
7.5681 0.4788
5.3802 4.3788
0.3784 12.1565
8.6150 0.8305
4.3994 0.2120
5.8344 0.6005
2.0185 -1.1820
-1.4639 0.8962
4.4089 3.7789
0.6305 0.2835
0.4421 4.6925
6.7197 2.1451
5.4388 -5.0828
4.9765 11.2207
3.0731 4.3731
1.5047 4.1446
5.3912 3.2585
8.1893 3.2043
0.8618 1.0467
0.4244 8.5421
0.9326 1.9205
5.7329 13.5868
4.2281 -1.4609
5.3316 0.5372
4.1446 3.7234
-0.8515 3.6168
-1.0923 0.9976
6.4748 -1.6893
0.6929 2.9992
1.7286 4.4497
1.9906 5.1871
2.3589 1.5704
3.4768 11.4100
1.4240 -2.7438
4.3389 -0.0808
1.4883 -0.0775
2.9096 4.4098
0.1184 3.0376
4.8367 6.6743
2.2955 8.3965
4.3538 8.5912
4.9694 2.5725
4.3239 5.2971
4.6532 0.3587
-1.0721 4.1234
0.3459 2.9602
2.8583 12.4706
-2.4410 9.4345
-2.2040 1.5744
-2.1599 1.8254
1.1204 1.6249
-0.4660 5.8666
0.3317 8.2261
3.0518 -1.7388
2.5821 -0.6838
1.0614 1.0846
8.1500 7.2115
1.8645 5.4069
4.9567 -1.0867
0.2493 0.7555
-1.0079 4.0805
1.6487 1.3176
7.9921 4.3655
9.1720 -0.2536
0.8470 5.0848
0.1173 -1.6420
4.7480 5.8202
7.4104 0.1458
1.2128 -0.0232
1.6464 0.4747
6.1028 -1.8874
5.7466 1.1065
3.1976 4.3634
8.9759 5.3623
1.9462 5.0309
7.0710 4.5652
3.4749 6.1144
0.1509 11.3904
6.2116 0.6595
5.2053 5.7366
4.3897 10.3473
4.5737 4.7930
6.6401 0.9353
10.0250 5.5917
-0.0913 5.5083
-1.1222 6.4925
-1.7980 0.9958
3.7749 1.1642
-1.4054 0.4393
5.5952 4.1001
-2.4977 1.1811
6.7494 5.0774
3.5505 2.9553
5.0391 4.6337
5.3744 3.6510
7.5638 4.0881
4.7575 5.5425
3.3467 0.2837
0.2905 5.1936
2.0854 4.4636
5.0523 0.1388
5.3990 0.4705
3.0531 4.9424
8.8766 -0.2807
6.0203 3.5130
5.0144 13.0770
4.7534 2.8086
4.5171 -0.6423
-0.0675 5.0050
-1.1663 4.1527
3.9629 4.1845
4.6968 4.9367
-0.6178 -1.6511
3.9827 4.3223
-0.2951 1.8015
3.9396 3.3320
0.6348 -0.1973
3.5529 6.0097
1.5320 6.0099
6.5574 8.2840
0.6107 2.1226
7.0474 5.7282
0.8954 5.8877
-0.9088 0.8829
0.4686 -0.2011
2.5624 -0.0450
2.0404 9.7955
2.3798 5.5764
1.2914 5.3993
7.1656 3.6162
2.6160 2.2778
6.7908 7.5503
-1.6945 4.5509
4.8151 0.8252
6.7047 5.4541
1.8991 -2.6463
5.8534 -3.7960
2.2552 0.3701
0.4049 0.2874
5.5538 4.9800
-0.0554 6.0615
-0.4120 5.2770
5.6521 5.8246
-1.8892 12.3351
0.2533 5.2475
6.0299 2.4512
6.0675 2.5598
5.2183 6.2404
0.8796 -0.8951
6.4687 4.0946
5.8269 0.0333
2.9022 7.7731
1.1195 6.2553
6.4493 5.2405
1.2606 5.6048
0.1927 6.6009
4.5077 4.4229
6.7432 5.6633
2.3674 0.5931
6.7645 -0.8108
-3.0915 0.5734
7.0718 5.7363
5.2549 13.3194
4.9500 0.5865
1.7582 8.2363
4.7764 2.9456
-1.5272 2.0737
5.8444 1.1319
0.7030 10.4162
5.3843 0.2931
-0.3262 6.4246
0.2622 4.9199
4.8012 5.8834
3.3627 1.1969
4.4467 5.3751
5.6407 0.0532
-2.0463 4.3859
-0.4359 0.6533
0.7070 5.4309
5.9974 -3.1018
4.9916 2.2219
8.0578 -1.8193
9.6631 9.5674
6.0918 1.0268
6.5866 4.9223
6.3918 4.3601
6.3627 6.0043
4.7128 0.0318
3.8342 8.3643
-0.6336 1.3027
3.9647 0.9468
6.0595 0.7016
5.4338 6.3006
5.5592 1.2834
0.6066 -6.3660
0.2624 3.4095
-1.7440 1.2313
4.4363 0.7310
1.4274 -1.7007
-0.9626 4.7299
4.9747 3.7767
1.2489 5.1669
0.0991 2.7649
1.2300 3.4010
5.6498 6.8173
-0.5196 5.1819
3.6944 -0.3820
1.4056 4.9489
4.6791 5.4872
-1.2897 -1.0254
5.9004 8.1227
2.0924 3.5483
-2.2297 1.7985
-2.3827 7.8682
5.0786 2.3537
6.4599 0.0199
0.4615 0.1560
4.1529 7.2202
-0.4884 6.1467
1.7707 3.2102
10.2859 0.6919
-0.5039 1.1243
4.6299 1.7654
7.4259 4.6360
3.3110 1.6490
8.1849 1.1176
0.9218 -1.1641
4.5429 5.4782
1.0540 6.2369
5.5806 5.9057
4.6504 5.9843
-0.7381 3.9790
0.4956 5.7960
4.2305 5.0236
-1.1021 1.0569
4.9978 -0.0611
-3.7244 1.7789
8.0519 0.3229
9.3822 5.3565
9.1698 2.9956
-0.3195 11.4453
-0.3625 8.6047
5.7014 4.0997
10.0485 4.3409
4.8622 -1.9292
12.6148 4.6150
-2.0772 2.7886
4.9882 4.5824
11.3538 2.0512
4.1137 1.3076
4.0346 5.7201
4.5314 3.5059
0.0091 5.3953
8.7735 -1.0922
7.5193 6.8644
10.3675 0.3582
1.2850 -0.0491
9.7752 4.9313
6.2276 4.1256
1.1850 -2.1848
3.9818 2.2443
5.2431 2.9302
0.1534 0.7979
0.5498 4.7013
5.3084 6.2294
0.0024 -0.1151
5.7193 1.4329
-2.4880 0.6966
1.3563 -1.2448
4.0838 5.0452
-1.7664 4.4733
9.9105 5.0330
4.5104 3.4743
5.5989 4.5001
6.9338 0.8219
1.7211 0.1884
4.2716 0.3197
6.0126 8.0627
7.3982 4.3542
7.8835 3.9467
-0.6033 0.3312
5.6026 4.0730
6.2643 0.1722
-4.6362 1.8411
4.6024 3.9653
4.2445 -3.6823
7.7071 4.2722
0.3643 9.1652
1.3176 5.5475
2.0280 4.5767
2.6952 0.4619
-0.7704 2.3348
5.8198 5.0226
-3.4371 6.2373
2.2090 0.1115
0.6791 -1.4813
2.7950 1.2596
0.7441 8.8703
1.8615 5.8773
1.7808 1.1035
4.5691 -0.5019
0.3435 4.4916
5.1985 5.3000
1.1278 -1.2032
4.9332 5.2443
6.6305 4.4459
4.5816 6.7249
3.5777 -1.2819
2.0630 8.8656
0.4039 -1.7569
-0.8003 5.6658
0.9793 3.2478
6.5052 3.0738
10.6642 0.6350
7.6056 5.3336
4.6252 -0.4224
6.5700 0.2523
5.0067 7.9048
3.1269 8.7524
4.6832 0.1186
4.4199 -0.6762
0.4921 5.2375
-0.9777 -1.8575
-0.1742 -2.5517
2.1366 3.9055
11.1912 1.3609
-0.5354 4.2780
5.7950 5.9103
0.9744 5.7243
9.4042 6.0848
4.9706 2.5632
-0.2272 1.5945
4.8082 2.7734
1.5256 -0.5559
1.7050 -1.5349
1.0493 -0.5594
6.0092 0.6498
3.0168 0.6896
8.1103 8.2334
5.1837 -0.9379
0.9742 6.4755
1.0970 4.8309
5.2880 8.9523
4.0846 -6.3660
-4.6661 6.4556
6.0248 -4.5591
-2.6794 8.2731
8.0684 -5.2787
6.7132 -3.1994
-0.1441 -5.3476
-5.0181 -5.9306
-3.2702 5.9939
9.8481 6.1288
6.3196 5.4894
6.2453 5.5910
-4.7029 -6.7622
7.8395 -3.4862
6.2414 5.3025
6.1850 5.7761
0.4155 8.6866
-0.1019 -4.9431
6.4642 -0.8426
8.1285 6.0454
-5.8917 0.1541
6.9484 5.8539
0.8909 2.3951
1.8972 -5.5242
6.0099 6.6324
-6.0188 -6.2977
10.7898 5.6765
7.7277 -3.5222
7.1958 0.0912
6.3811 -0.5533
6.0982 -0.4061
9.8956 1.0381
9.3198 7.0181
-5.0788 6.9043
5.3509 1.7260
3.6698 2.1630
5.9439 1.7304
-4.3865 6.2129
4.9908 7.0327
-2.7096 -4.7909
-6.5894 6.4490
8.7257 6.3809
6.3493 -4.4066
-4.3273 -5.0258
5.8968 5.9839
5.7732 5.6938
-1.7010 4.2171
6.1314 8.2087
7.9222 -2.9179
1.9604 7.9413
0.0505 -3.7843
6.1267 8.7191
6.6492 -5.1747
0.0190 -5.2219
10.7893 6.1292
6.3294 0.8063
2.2120 -6.3625
6.6202 8.4622
-4.8509 -1.2203
-0.9304 8.8874
6.3125 6.4160
0.9790 -4.2752
8.0909 7.1407
2.8454 5.5633
2.5864 8.3305
7.9346 6.2392
-7.1369 -2.5106
8.1522 -3.6529
9.6031 1.1133
8.9859 -6.3626
-6.9017 -6.2039
6.0154 6.1109
5.7461 5.9643
6.4027 6.4274
9.3114 7.9282
6.4356 -2.5404
-4.9557 -7.2620
6.6347 5.9255
-4.5642 6.1723
-5.8644 6.2434
6.2980 6.9120
6.3670 8.6476
8.3410 9.7930
-4.3671 8.2920
2.8024 8.6783
5.6197 -3.8483
6.5840 -1.2205
-4.7655 -6.7905
7.4972 0.9151
-4.0129 1.9136
5.6015 5.4787
6.3224 0.4580
9.8088 -5.0135
-3.5290 -6.0708
8.1133 -0.9212
5.4281 6.4510
2.2157 8.8183
7.4455 6.0112
-0.0754 -3.5112
6.7315 5.8170
6.9899 6.0418
-5.5373 6.7772
2.2302 8.4088
6.5251 5.9939
-6.6758 10.4018
-5.6717 0.2078
6.2595 0.5338
-6.0083 8.4484
-4.6515 6.0178
-5.1146 -4.5134
9.3330 6.0073
6.5704 9.5557
8.0183 6.7337
-4.6682 5.9774
3.8772 6.5910
-4.6365 -0.6308
6.8571 6.0765
-4.4840 -4.8024
-0.1069 5.9815
10.9808 6.0706
6.0315 7.1511
5.9686 7.6443
-6.0917 1.9114
-4.9293 4.3565
1.6715 -1.0692
-6.0572 6.5208
6.0384 -0.0849
6.6478 -4.7218
-5.3060 5.2469
-0.1782 9.6016
6.2093 -5.1051
5.8386 -7.3873
-3.8499 8.8557
5.2684 6.2240
6.4752 2.1874
5.5505 6.1364
5.7844 6.3429
-0.6525 10.9813
-0.3433 8.1734
-2.6674 9.9315
6.0232 0.5348
6.7713 8.8767
6.5820 -1.8853
6.6998 -4.6695
6.7242 8.7627
3.5354 0.8007
9.8695 6.0349
11.9556 2.1915
6.3686 8.6107
6.6378 7.2715
5.4416 2.8032
-0.5828 8.4425
-5.3477 6.7747
3.8796 -0.5630
-5.8522 6.3275
-4.8267 2.4755
7.0785 -5.5261
-5.5232 7.3396
-5.5062 7.7535
5.9712 6.5212
6.1494 -4.2625
2.2286 7.3983
6.4663 -4.6941
1.5342 -3.1163
-2.4442 -2.9552
6.7094 9.7716
-5.3821 -2.8938
-3.8868 6.7284
1.0994 5.7199
1.5609 5.9377
6.7583 2.5756
9.2377 5.2580
-1.0508 5.8315
5.6769 9.5302
6.8298 10.3210
9.9486 -5.7228
0.1909 -5.9121
0.8077 8.5989
9.2025 -0.7869
2.4189 5.5623
-3.3346 9.0059
3.3451 0.9276
5.9555 6.3420
6.5407 -4.8561
-2.5149 9.6195
1.4208 6.1946
6.1670 9.6073
2.7344 -1.4189
6.0590 -4.5089
7.9719 6.2982
9.7874 0.3721
0.2371 5.6003
-0.9924 6.5501
3.1715 -3.3693
-4.6832 -6.0935
-4.6005 8.5258
6.7186 0.3625
-3.8659 -5.3442
-1.6216 6.4416
6.3203 -4.1930
8.3456 -4.8532
5.9999 7.2175
6.6576 7.4028
-5.2848 1.8454
1.1009 7.9195
-4.3494 -5.1414
6.4168 -5.7603
-3.7456 -2.9782
-6.2329 6.8821
2.4398 5.1307
5.9839 2.3122
8.9561 9.8911
1.8097 2.9000
2.0571 6.7198
1.6863 6.5895
-5.8338 5.7143
-4.9709 8.4538
1.2574 9.2525
-5.7722 3.3070
6.3420 8.6866
9.2807 1.7989
-3.3174 -4.9938
5.8348 5.4606
9.2794 -4.3366
2.9245 3.1443
9.6889 6.1564
6.2343 6.1544
7.2022 -4.8539
6.3981 5.5933
5.7395 -4.4456
8.4088 -0.4186
6.5190 5.1325
5.4765 6.6802
-5.1238 -5.9984
1.6466 -5.2734
6.6191 5.7847
5.8854 7.1755
1.1239 5.9339
9.1445 6.2049
6.2228 5.5802
1.8320 6.2741
0.6817 0.7549
2.4110 6.9098
6.9090 2.0698
3.0163 3.0666
8.1668 6.8264
-5.5420 6.2706
7.0734 -6.0163
8.9076 8.8529
1.4128 -6.4273
7.3721 1.0835
1.2228 -5.4749
-5.5627 -5.4028
9.0776 -3.4157
6.5597 0.0610
5.6016 9.9378
-3.2975 -5.0949
0.7206 8.4434
6.5375 -4.3866
7.8394 -4.3511
5.9203 1.2994
-4.3434 6.5948
8.0043 0.8117
-5.6170 -6.3826
7.4850 -4.3900
-1.4802 6.5181
0.6165 7.7739
-3.6009 8.3653
5.9782 -5.3994
5.7942 6.2940
6.3991 3.0584
-4.9394 9.6744
-4.3652 6.1799
-3.9256 2.8486
6.4752 6.5739
6.4962 -5.2346
-1.3573 -4.1903
-0.4936 6.2528
-5.8983 6.2618
8.9413 6.7941
6.1445 2.0699
-4.6261 -4.3510
-3.8222 7.3922
-4.2311 -6.6383
7.8793 8.1213
6.0027 -5.2772
6.3163 3.5884
0.9665 -0.9163
5.6886 2.5640
0.7120 -5.3187
-4.1983 6.3608
6.4784 6.5143
6.4534 2.3320
5.9466 5.3040
2.3406 0.8963
8.8660 6.1875
7.7377 5.8929
-6.9458 8.7861
6.2679 10.2951
8.8221 6.5476
-5.6198 5.5289
-4.9539 1.8783
5.4467 2.2866
2.1538 8.0723
5.4473 0.8175
-6.5599 6.0568
10.4012 -3.1216
-3.0480 4.2642
0.8891 6.6900
6.2706 3.1404
6.5552 6.2425
1.9025 6.1950
-4.0129 -1.8268
3.3291 -0.3126
2.7660 -0.5475
5.4555 6.6785
7.1391 5.1827
6.8107 -5.7746
2.0404 6.1195
1.3384 -4.8526
-1.3912 6.6475
2.3413 7.5731
8.1559 6.7910
-5.4847 1.6665
7.3246 0.5137
-5.1640 6.4122
7.4818 1.0893
7.4769 5.6515
1.8225 1.0266
8.8284 6.5554
6.2810 2.3803
5.4707 2.5339
5.5521 -5.9740
6.0175 -0.3298
-6.1674 6.2483
9.8483 2.5042
11.3003 9.5739
3.7081 -3.6642
7.9053 5.6738
3.3940 -5.9221
7.2165 2.2511
6.2026 2.7795
6.0525 5.8916
8.2287 -5.2239
-1.0162 9.4069
2.1241 8.4903
0.3370 0.5488
9.6904 9.4047
5.5137 9.2076
5.5525 -4.5597
-5.3601 -0.3623
1.3949 -3.4848
1.4104 1.7923
5.8171 5.9505
5.3154 -0.2409
-4.5940 5.7091
5.4022 6.3433
6.0682 6.1281
0.4990 6.1998
8.5620 1.8050
-5.5000 3.4636
-0.2726 6.7621
5.4126 6.2965
-4.3427 6.2545
9.0721 1.6461
5.9324 6.4531
8.1710 -5.0515
0.6830 -5.3217
3.4155 0.9134
5.3794 6.4951
-4.3743 8.8515
9.1551 -3.3947
7.0155 5.8503
6.5723 -1.1999
-6.3637 -4.5499
5.8303 -4.5101
0.9191 -0.2212
2.1504 7.9148
6.6547 7.9494
2.6638 -0.4037
10.9199 3.4732
-5.4957 7.9097
1.0557 7.5275
0.6566 5.9668
6.7419 9.4308
5.4052 5.9761
-5.1731 -4.7827
9.7669 0.1194
6.0211 -6.1796
6.9637 -5.5810
9.9450 -4.7407
-4.1782 -0.3746
9.3857 4.7902
5.5117 7.8605
2.1653 -4.2216
7.1123 -6.8498
6.5148 6.1908
9.3353 6.0332
10.3229 7.4040
10.0535 5.8514
6.7277 7.3964
6.4251 -5.0887
2.1921 -5.0517
8.8388 1.2531
1.1961 8.7644
-5.3556 5.5077
6.3551 -3.9593
6.1632 -1.2125
9.5185 5.2937
-3.2967 5.8791
-7.4667 5.9913
3.1234 6.0053
-0.9021 7.8497
-2.4127 6.3332
9.0307 0.8646
6.5787 5.8684
-4.4948 -4.7518
-3.4245 7.1078
1.9297 6.0754
6.7087 -5.4930
6.2352 -6.9985
9.5953 6.0671
0.9396 6.4775
5.9867 -7.6085
9.4535 -0.2600
-4.1795 9.8798
9.1009 6.6569
-0.4555 6.2743
6.8192 -5.9478
1.5498 -5.7166
8.6678 -4.7607
3.7179 9.0511
5.9931 -4.0177
1.7845 6.5905
5.7495 0.2503
6.2982 2.0764
-4.3193 0.9527
-6.0219 6.0314
0.5411 -7.2737
6.0548 6.0475
8.1745 -4.5411
6.7008 -4.4195
6.0187 -3.7714
-5.5509 5.9029
5.9554 -7.6893
-0.3809 8.0205
3.1984 2.4758
7.5248 -3.9540
8.9657 10.0057
6.4551 -4.1745
9.8869 -3.7555
6.7529 -5.8704
6.6149 -5.2947
6.0412 8.0544
8.5131 6.9685
6.6571 -0.4147
-3.5135 6.2680
1.1650 0.1481
5.9104 -6.3081
7.5288 -0.4742
7.0015 -5.6295
9.1985 9.0093
5.9763 5.3783
-3.7206 6.6639
1.6588 -4.9804
-4.3553 9.1220
5.5267 -4.9306
-4.5476 -4.7349
6.2867 1.3377
2.2984 2.3775
6.2494 1.6382
9.2560 -6.1121
7.5592 6.2963
-4.3747 9.4754
6.2941 5.9843
6.0756 9.1008
6.4743 -3.6876
6.3462 -6.1033
6.1602 1.8492
10.2888 8.4210
2.2510 6.5997
7.1676 8.2650
7.9794 -3.3008
-6.3547 6.6487
2.9668 6.1992
6.6596 -0.4236
6.4490 7.5850
6.7115 5.7503
7.0787 -5.1681
6.4829 6.1074
5.8627 10.4465
1.4037 7.4240
5.4809 -5.4508
-6.0029 -0.2515
2.3890 5.6885
-7.5497 -4.9462
0.4215 5.4877
6.5909 -0.1347
5.9645 9.4902
6.3771 5.7184
9.6200 5.2991
1.0092 6.4930
-4.1265 8.3325
0.7171 8.0025
5.6906 -3.7643
-4.8052 7.7324
5.2438 8.4359
9.5329 8.8825
7.6672 -4.3796
-3.4844 -5.5690
6.1253 5.4215
6.7715 -3.3035
6.1816 0.6658
6.8067 6.1144
-5.3054 -6.8566
-4.8390 -0.0962
6.2291 6.3959
5.3714 9.6568
6.9104 -5.3710
9.5975 8.7864
-5.1810 8.0758
-6.6055 -3.4931
7.1498 8.1020
7.3732 6.0658
-5.7574 -4.0404
0.6912 8.1131
6.8760 9.2872
-1.7451 5.7788
6.9115 1.0033
1.4723 -3.4344
8.5370 0.6992
-5.9120 7.8146
5.5946 10.2549
-1.8665 5.2397
2.9108 5.9494
6.1972 -5.5235
6.6271 0.1664
0.1579 6.2472
-3.9909 6.4177
6.4234 -5.6900
3.2616 -4.4244
5.3017 6.3378
-2.1610 6.5989
8.0853 0.4883
-4.3468 1.3360
6.6531 -7.7599
-5.4732 3.9529
8.7969 -0.5278
8.4646 7.9904
2.0650 6.1164
3.0211 2.1795
-0.4827 0.5634
5.8154 9.5322
0.6520 1.0945
5.4779 2.7212
0.1641 7.0399
9.3791 0.5096
6.2359 -5.2849
-0.2882 6.1238
-5.9752 -5.0058
10.4287 4.9952
-3.1669 6.5835
0.8635 9.2102
-5.7958 -5.3013
-6.6747 8.6339
5.4844 6.8060
5.8636 4.8535
6.5613 9.7552
8.9838 1.7606
-4.7627 6.2104
-5.2488 7.8403
9.8632 -4.5758
-3.4330 -4.8581
5.7175 7.9716
1.3350 -7.8944
-6.1332 6.1766
7.8794 9.4194
1.2271 8.6348
6.6763 6.0326
5.6601 5.0419
-5.3784 5.9538
6.8883 -0.1635
5.3416 -4.8884
6.4951 8.4733
-4.3277 -0.2557
5.8235 -4.5299
5.6688 -1.3993
-4.6936 -5.7665
6.7944 6.3747
1.8918 6.1019
0.7478 8.3584
-0.3451 -4.5359
2.9780 6.4639
5.8893 -4.1276
-6.5577 -3.4269
5.9377 8.2609
7.5405 8.6321
6.0816 5.3357
-6.0717 5.9166
6.3159 5.6304
-4.4299 5.7494
3.4777 -4.2892
6.3253 -4.6442
0.2321 -4.8905
5.4316 -3.8147
-6.2767 1.2584
-5.9028 8.0792
1.7898 9.4817
8.0824 1.6133
-4.4749 -6.2016
5.6980 6.7932
6.0524 5.5180
-2.9786 7.8743
0.7703 1.9918
8.7758 -4.5056
8.8234 6.4012
-6.0930 10.4875
9.6020 5.8738
0.8039 6.0888
6.7702 4.4487
-5.5134 5.7399
1.7289 2.8318
5.8850 6.2315
-4.1122 6.5875
6.4691 6.6220
0.2176 -4.6080
-4.9262 -3.2162
-6.1740 2.7049
-7.0691 -5.9573
0.6153 6.0849
-3.1033 6.2996
-6.3503 -6.3434
-5.8171 5.9894
-4.6170 5.9725
2.6430 6.4809
6.1276 6.1867
0.7802 8.4683
-3.6069 5.4743
5.8121 7.1279
-3.6858 -5.7766
6.1260 1.4878
0.7324 5.6901
-4.6027 10.4714
1.0913 8.4540
1.6898 6.1915
8.6390 9.4206
10.4039 -3.9260
5.7663 8.2956
6.8523 5.9491
2.5790 6.5525
-4.3033 6.4294
0.0412 5.5734
5.8787 -4.2758
9.5944 7.4799
10.0132 0.5295
-3.0127 6.9094
1.7387 1.4204
-5.0169 6.0655
5.9867 -5.7452
2.4915 7.0206
6.4789 0.2293
7.8806 -5.3495
8.8519 -6.5999
-0.9457 7.2052
8.6068 10.2057
10.2119 -4.6739
9.4695 6.4326
2.1719 6.8382
-3.8935 0.7766
6.1688 -1.0274
6.1367 6.4372
9.0207 9.8039
2.0707 -4.0691
8.3412 7.0141
8.9794 5.7046
6.2736 -5.2297
7.8194 9.4889
6.1901 -4.5092
6.1641 10.4101
5.5132 6.9467
6.5557 6.0207
7.3179 -2.5027
-6.8166 5.7169
7.7632 10.3233
-5.1844 2.0165
5.4370 -1.9568
-2.7041 0.3572
6.0128 -0.8077
5.4399 -3.9718
6.0854 5.8828
6.0873 -5.7344
6.6581 6.1154
-0.7707 -6.5587
0.4016 -3.4060
0.2070 9.9010
6.4528 -5.6751
-4.1961 7.0963
-4.2673 -4.5608
0.2647 5.7412
-5.3356 -3.5263
8.8746 5.4809
5.8064 5.9496
8.6863 1.4085
8.5275 -4.7389
7.0050 7.7106
6.8437 -6.2310
5.9788 -3.4371
6.0671 6.4217
6.4559 6.1948
10.1363 -2.4518
6.3410 5.6439
5.7902 5.4518
-4.4587 9.6279
-4.1969 -0.0599
12.1376 1.6403
1.0497 5.4840
8.8896 6.2767
-0.2246 6.3242
-4.8084 0.3890
6.2664 -3.8394
1.5695 -3.6350
1.0101 8.5191
1.6724 -1.5183
-5.7574 -2.2697
-5.8336 5.8565
8.2340 6.3988
6.0020 10.2147
-0.6676 2.4809
-4.4389 -4.0623
0.8546 -5.2456
-3.0910 5.8057
6.1071 -0.1823
10.7713 10.8323
9.9804 6.5457
6.8095 -5.4449
5.9782 6.7940
-6.7688 2.7005
8.8284 1.3100
-5.3767 2.6076
5.7337 1.2027
5.9122 0.8702
1.4718 6.0338
7.6506 -5.7335
8.5627 9.1603
5.8543 9.6724
1.5363 8.5279
6.0180 -1.1206
8.0176 2.5781
8.6099 8.4735
-4.4049 7.4166
6.2155 9.5842
0.8110 8.0310
6.7493 5.1447
8.3167 2.4477
5.8847 6.3605
0.4072 6.8844
6.3880 8.5833
6.0907 6.4124
-5.6019 5.9516
6.7806 7.6621
5.3927 5.0327
6.0857 -5.4178
0.6701 9.8768
1.7262 8.4872
6.1352 -4.8915
-6.0260 6.1758
-0.2115 7.8826
6.0604 -5.5432
6.0305 -6.4017
6.8328 -5.9872
-4.4481 6.7883
2.1501 9.8283
1.1422 7.8173
0.1502 6.1918
-1.0483 -3.5661
9.6573 1.2634
-7.2010 -5.8626
9.3949 -4.1136
0.1101 9.3169
0.2091 6.0315
-5.3125 3.6960
6.5180 1.1462
9.1690 -5.7711
1.9385 8.2228
6.1351 8.5065
-4.1178 -5.9410
5.7979 5.7943
8.2448 -5.6544
3.2967 5.9606
6.5158 -0.4430
7.4823 -2.6969
6.0886 -6.0918
8.3884 6.3960
1.0417 9.4052
2.0637 6.5536
6.2300 7.0803
6.3124 -6.0247
5.4520 0.0421
0.6891 -6.1377
6.2583 -5.6137
6.7014 3.9354
3.8892 3.5053
6.6021 6.7308
8.1678 6.1577
3.0771 5.7150
-0.5930 2.6413
-5.6102 6.8466
7.0423 9.7343
-4.2910 -4.9276
-0.8706 5.7044
2.1192 2.1649
1.8516 -5.4894
7.5507 -0.0938
1.4831 5.7243
1.3518 6.7787
-7.1850 7.6098
8.7779 -0.0568
5.4590 6.5581
8.0542 -5.0075
6.1506 5.9356
6.5678 6.3949
8.7442 -6.5292
6.1460 -7.8109
-6.1627 -4.5115
-6.7767 8.0576
5.9805 3.6525
6.7379 -6.8564
6.2175 -5.9440
8.6595 -2.1565
-4.3259 -4.4795
-0.5746 -3.3848
6.0573 6.2669
6.2426 6.8598
8.6104 7.1147
-1.2697 6.0164
6.4769 -5.6568
3.4813 -5.0171
3.3294 3.3425
9.9681 6.3562
2.5058 -4.1292
5.8684 0.6988
-5.3321 7.6242
1.3568 1.0560
-5.2192 6.7901
-5.0608 5.6084
-3.4001 1.4858
9.8890 6.6099
5.9715 -2.3117
1.3186 8.3950
-5.8021 -0.8242
-4.0863 -3.7468
5.9289 -6.0135
6.4064 6.4796
-0.2202 6.1243
-1.7749 10.9972
6.2282 -0.0922
-3.5297 -0.3381
6.4372 9.8104
8.5300 -0.2256
5.3727 1.4391
6.2443 -4.5580
5.9521 -4.6842
6.0621 10.3969
0.0368 9.6493
6.5585 4.5124
1.3642 -4.0246
8.4494 4.8102
0.0750 -4.7003
8.7706 5.8653
5.9519 0.7362
-3.3831 7.9525
6.5589 -4.1049
-5.3863 0.6713
6.0722 6.3610
6.0580 2.3638
6.3553 5.3152
8.0301 9.2653
2.2725 6.0089
6.3320 6.1163
-4.0992 -5.4847
-5.3447 1.9530
7.7933 6.3263
5.5446 -6.0794
0.8767 7.1262
6.0531 6.2490
2.6561 6.4084
5.7193 6.8043
6.4732 -5.8800
7.0510 8.5822
-4.4508 -6.1200
-3.5088 5.9253
2.6069 -5.3986
9.7840 8.5208
1.1482 3.8185
-3.1104 5.0060
0.8667 10.7580
-5.3392 6.6581
7.2870 6.3095
-0.8131 7.2848
6.1506 6.2093
9.4787 5.7132
9.2552 -2.7381
-0.0075 -3.1192
-4.5024 6.8989
5.2604 -4.3820
2.0311 6.0361
0.7867 -5.6258
2.3499 -3.7193
6.1732 -5.3969
2.5080 6.2400
1.2889 6.1918
6.7500 5.6338
0.7623 -4.8555
6.5491 6.0214
-0.7271 6.2188
6.0105 5.7569
-3.9848 -0.4101
-4.9432 9.1613
-5.6142 7.7170
9.7083 6.7082
6.1366 9.3462
-4.6836 5.8484
-2.5792 5.3142
5.3742 -4.2222
7.6347 6.4245
1.5300 5.6419
-4.8526 2.0182
5.9219 6.0270
5.9100 5.9741
-1.0932 -2.4602
6.0191 -0.6691
9.2592 9.7677
7.4348 7.9168
9.0760 5.6575
6.4953 0.3942
6.0146 5.7441
6.8852 -4.7537
-6.1612 6.0110
-4.2297 6.5468
10.1107 -0.9454
6.2831 -4.2745
6.3001 6.0831
5.8979 6.7585
9.9836 6.5195
6.3391 6.3593
-5.1096 -4.5147
6.5039 -3.8197
6.5011 -4.1195
9.4011 6.4242
5.8969 6.6801
6.6997 -4.1066
6.2620 -3.7837
-3.8424 6.2694
6.6196 6.4151
6.3863 6.0697
3.8640 6.6029
-6.7667 -4.7658
5.5776 -3.8535
0.5327 -2.3657
6.1076 -4.1108
-4.8029 1.2699
5.3457 9.8959
3.3705 6.1745
0.2060 6.4639
1.6531 7.8916
6.3357 11.6717
6.1671 -4.1119
9.1109 10.9325
9.6546 0.3075
-3.2106 9.4117
2.3344 -5.6421
8.9807 -3.9677
6.6024 -3.6783
10.3622 6.5276
-3.9796 -6.1962
-4.1095 9.0418
2.6241 6.4163
1.0277 0.8054
6.1988 7.0611
6.0230 6.4804
-5.3304 6.0061
1.8830 6.3521
2.1925 5.9595
8.5715 0.7656
-4.0496 6.0389
9.2161 6.3527
-5.1227 5.8735
12.1860 -0.4649
5.9674 5.6185
5.9853 6.4579
2.5540 -5.5236
5.5332 11.0006
0.6036 5.8566
-0.6975 -2.9202
-5.5171 -6.1703
1.1702 0.9359
-4.9989 -3.8722
6.9588 9.5020
0.8025 2.3374
6.0995 0.5957
6.2754 -5.5503
-3.5705 -3.7955
9.2340 5.8206
2.6273 5.7193
6.0979 5.7028
5.7840 6.4017
5.9345 8.0343
2.8231 6.6584
6.2994 2.3249
-4.3949 5.4434
6.3696 5.9762
7.7857 6.4821
9.4087 3.5831
-4.8682 2.1924
-4.7908 6.5595
-5.3898 7.0290
7.9071 7.4554
6.8846 -4.5646
-5.5338 -4.8899
5.7941 6.4906
8.8100 6.0278
-6.1580 6.7608
-3.5775 2.5562
6.2629 3.5031
5.9398 -4.2388
7.4139 5.7362
6.3802 1.2953
6.3044 -5.6434
-4.1474 5.3077
1.0856 7.0928
5.6806 6.7074
1.5477 -3.5896
5.8865 -4.7869
-3.7455 -1.4265
-5.6474 2.5929
-5.0974 -5.7215
6.3170 5.5884
1.7105 5.6647
6.4184 -4.2225
6.2327 5.5736
1.6569 8.0372
2.9039 6.3650
6.2279 5.8770
-4.5149 6.5161
-4.5505 -4.7882
5.8258 5.3357
-2.2624 1.4165
8.1718 7.9088
2.4045 10.2472
5.9319 1.4634
-4.0427 -5.0904
1.4847 -3.9881
6.1654 0.8715
8.0080 7.1016
2.0248 6.4506
-3.1398 8.6749
5.9100 6.4574
-4.3694 -3.6363
5.1540 -5.6376
-0.5793 -6.1394
-5.9580 5.0645
1.8797 -4.1733
5.6601 7.8060
5.6916 6.5856
7.5327 -0.7593
-6.1588 -6.4296
-4.9305 8.0550
6.3577 7.6786
7.5886 -5.9244
3.0625 6.3527
9.8884 1.6067
-3.5238 -5.9583
0.8794 5.6793
4.6470 -5.3781
5.1836 1.9756
5.1695 -3.9333
7.2290 -5.3291
7.3822 8.4128
-5.1750 6.2054
-6.1010 -4.9581
-2.7889 8.5840
-1.5526 -5.0927
-3.2529 8.2715
8.5003 1.0720
8.4012 -7.4552
2.8699 -3.9543
6.8667 7.3219
5.7793 6.0613
-0.6485 -3.5934
1.2259 3.1147
8.9700 1.9204
0.8694 3.5041
-5.1657 11.7915
0.1434 -5.5284
7.2396 0.4117
-4.9705 2.6114
6.2319 7.6407
6.6431 6.1162
0.8827 7.7843
6.5462 6.1727
0.2322 -5.6476
-0.4583 6.0522
6.2753 5.8705
2.8940 8.4919
0.3933 -4.8913
5.8118 -0.7129
-0.3671 -5.1210
7.8265 9.4456
1.9951 9.7825
9.7797 -4.5732
1.1229 10.9433
-5.0644 6.4491
-3.2425 -5.7729
-4.3774 1.5438
6.2907 5.5039
3.0128 -5.5312
6.6629 1.4505
5.7331 5.7591
2.1906 7.6899
3.2457 6.3709
1.7790 -4.2007
5.9629 5.7165
-2.5540 6.1651
0.5351 -5.7838
1.5490 -4.7545
9.6916 5.8291
0.9430 0.0961
1.8273 -4.0724
6.0086 6.0056
1.7500 6.6117
9.2924 8.4515
11.0271 5.5630
6.7712 -0.8689
-6.7943 -4.6577
-5.8940 8.0560
1.2131 5.6304
6.8855 1.3653
-4.9588 8.5820
5.9191 -3.2543
-2.9169 6.0653
0.0230 9.6014
9.0710 5.5888
2.1113 6.7002
-5.0074 -4.7421
1.8518 -4.6483
6.3282 6.2332
-5.1119 7.7467
1.6375 6.1812
6.3054 -5.1818
-4.8982 6.1138
0.8463 5.8597
7.7601 8.4244
-4.3281 -4.9621
-5.8723 8.8063
9.1218 -7.1466
6.8407 1.0052
6.9556 -4.4805
8.4498 6.3997
6.8325 -5.1807
10.8027 5.7578
6.0441 -3.9306
9.0947 -6.1764
8.9369 2.0652
3.9039 1.7050
5.9172 6.3367
2.3295 1.9192
3.7239 -4.4227
5.8144 2.9311
5.9515 -6.4170
1.4840 9.5651
-5.6037 -4.1071
6.0739 6.4555
6.5078 8.7203
5.3785 0.5879
-1.7194 -3.5252
5.8541 -0.5699
-0.8040 5.3141
-5.0073 6.2613
8.9624 -0.1497
1.5961 6.0563
-0.2829 -5.4782
4.5683 9.2794
7.0151 -3.0995
-5.0608 5.8093
1.7578 0.9851
8.1671 -0.6780
6.3655 -4.1154
6.4807 7.0606
-5.1821 0.0711
-5.7671 5.2849
6.0120 0.7081
6.2076 2.1480
-4.2252 5.8864
-2.8435 -2.1473
3.3514 -4.2910
6.7617 -0.4465
-6.2278 10.4463
6.5635 6.1493
6.9706 6.6017
-6.3659 1.0303
7.2475 6.4067
0.9562 3.5730
7.1961 1.5720
1.2808 5.5289
-4.1663 10.2834
-4.3923 6.4253
7.3981 -3.5892
10.3938 6.1291
6.8672 8.2604
5.9943 -3.9622
5.8496 2.9617
1.2155 -3.6288
2.5499 -4.6263
-5.4124 2.3755
6.3190 7.4008
6.1204 -4.7896
2.1840 8.1220
6.0264 -1.5887
1.6950 6.2241
11.2496 6.2243
5.1300 6.7387
6.5652 6.3536
-4.8925 6.5941
-5.4235 0.9901
-4.7163 9.5381
6.1307 -5.3729
-2.7601 8.1417
1.9033 7.6896
-6.2453 6.5981
6.1861 7.0667
2.7716 -3.3623
-0.3704 -5.5702
6.9637 -4.3331
6.4513 6.7796
6.1830 8.0450
5.7642 9.2670
-4.6731 1.6860
-8.2386 11.7738
-5.7961 7.3457
6.0485 8.4127
-0.8257 -5.7474
0.1011 5.1716
9.3204 8.1580
6.9531 -5.6395
1.1325 8.6844
5.9509 6.4399
8.1572 0.7082
-7.7394 7.9282
-4.4007 1.6603
10.5787 2.3736
-7.5226 8.7434
-5.2297 6.6981
8.7901 -3.9819
8.9916 -3.8185
0.9672 -0.2365
0.5303 6.3379
7.1796 -1.7230
7.1943 -5.2801
5.7654 1.5870
8.3769 6.0055
1.4017 -4.5751
5.6559 6.6228
5.9029 -0.1778
0.4266 1.9301
5.6626 -4.8726
1.1112 -5.6321
-4.4439 0.3258
8.3889 6.4398
8.9893 6.4782
2.8351 2.6040
6.6207 10.9806
1.8577 -5.5442
5.4982 3.6135
8.1285 -5.7435
6.0752 8.9742
6.5643 11.0762
-4.3371 6.3164
-3.7496 -2.4768
5.6286 7.3624
7.0352 -4.5725
6.7614 0.9688
0.2647 -5.6161
6.2340 -0.4150
7.8448 9.9964
7.1056 8.0891
9.6641 5.5985
5.7307 6.0675
-1.9154 -4.2841
-0.9090 5.7495
6.2342 5.6649
6.4024 -3.2142
7.8145 9.8511
8.5491 6.4137
6.3373 7.9865
6.3665 5.6146
1.7243 -4.6302
-4.0485 0.3050
10.1399 -0.8978
-3.9387 -0.2395
0.2477 9.3796
5.9953 -3.6294
-3.6533 9.3449
2.6451 1.0384
-4.1415 7.5783
7.4967 11.7145
6.3804 10.0179
5.1492 6.9645
6.3392 6.3037
7.0590 6.8190
-3.4521 2.8904
0.3528 7.3697
0.8331 8.0928
-4.7518 6.5048
-1.7744 0.7281
-5.1725 0.2241
6.7066 6.8844
-6.6638 -5.2757
-7.2860 -4.0636
7.1823 -3.9639
5.9281 0.3048
5.5246 9.0168
8.4444 1.1677
2.3683 0.4496
5.6875 6.5163
-0.2937 5.3862
-4.0939 2.5286
6.9847 6.1140
0.0787 -3.9238
-4.4977 6.3523
-4.8030 0.4410
6.0951 -6.2938
-5.2180 6.6562
-5.2345 0.9907
7.5027 -6.6711
2.1721 6.3216
6.5107 1.3857
7.1201 -3.5639
8.2190 2.2765
3.5058 -2.8133
8.1305 6.2157
-4.9189 5.5880
9.5073 9.1916
9.1536 -4.5336
-6.4178 -0.0484
6.2893 1.9703
5.8384 -4.0758
-5.5064 6.7298
0.2893 1.2550
6.2767 6.0861
-0.9336 5.9124
6.4284 4.0882
6.5661 8.7396
5.8898 2.1755
7.3854 1.5258
7.3262 6.7884
-4.9396 10.1942
5.9697 6.8572
-3.9653 -4.1303
-0.5704 -0.4974
1.4762 9.7840
8.0873 -4.2634
-4.8691 2.4226
5.8765 11.1655
-5.7895 -4.4242
0.5905 0.3268
0.2698 5.9654
1.6698 6.7849
-4.8369 -2.6545
6.5116 8.7681
2.5983 6.6755
6.0719 -3.8742
6.1382 -5.3199
8.1171 -2.5575
-4.8504 5.7345
8.9187 -2.3201
2.6060 -3.5844
-5.3109 1.8017
8.9516 6.0409
9.5774 6.0292
6.2205 6.2378
8.5652 7.4760
5.9786 6.4511
6.5471 5.3754
6.5073 8.8036
-5.0318 6.2845
-6.0072 0.3552
6.6232 2.4181
-0.2128 -5.2010
5.5673 6.2034
-6.6532 -4.3575
6.5249 -6.1270
0.8376 6.4311
2.4926 -5.1929
0.6407 1.2230
-4.0608 5.9199
7.3504 6.0172
7.8318 7.9492
7.6322 -5.6168
6.4046 6.6045
5.9330 -5.0791
2.0980 -2.5353
7.5874 10.3428
2.1844 10.1820
3.0058 1.6051
7.3570 2.0479
-1.0211 5.6604
-5.0320 5.9608
-7.7741 1.7704
-1.2105 7.6426
-5.4172 8.8959
7.5514 5.8024
5.8883 5.8463
6.8606 -5.4805
5.9962 6.7089
5.4390 -6.4406
5.9584 -5.2861
8.1489 6.3389
2.3087 6.6159
0.2920 5.5223
2.0293 6.2360
6.2449 6.4627
-4.4562 5.5293
1.3810 -4.9291
1.4409 3.4649
3.3308 7.2114
7.0853 6.3174
5.4724 9.6054
1.1645 -4.4162
6.3762 8.9874
6.1116 0.8550
-7.4619 -4.9890
-5.3054 6.2467
8.5028 -6.7976
7.6084 -6.4085
5.8480 -4.4545
7.8209 -3.7696
0.5890 -5.2065
-5.4081 -5.6516
2.7418 6.1694
1.0320 -7.4745
0.0840 6.5837
5.7767 1.0790
-0.2080 6.3820
6.0630 5.3980
-1.7448 7.7904
5.7975 1.3976
10.0859 3.3412
-4.9668 5.9262
5.5970 6.7345
8.6388 -5.5234
5.9527 -2.6613
1.7193 8.9281
-5.7003 6.9816
1.7774 -0.6291
1.7888 -0.1130
7.9769 1.7531
0.4128 8.0121
-4.0365 6.6148
-3.6923 8.1271
1.8361 0.5031
5.6955 -5.5199
2.5297 5.8095
6.1271 5.4986
-4.0186 6.8453
8.4625 3.1895
6.9752 6.4000
6.7480 2.6349
8.4356 7.0420
1.1572 6.2236
-5.4976 0.2169
2.7177 -5.1125
7.4323 0.9356
7.0744 -3.7852
6.5134 9.0365
6.6063 9.9877
5.9979 6.5965
2.9292 0.1247
9.7384 6.1594
6.7822 -5.6880
6.0224 6.0126
-0.0839 -6.6978
10.0405 6.6229
6.5790 6.6545
7.1142 8.9031
6.1561 6.2533
0.1474 7.8448
5.8359 1.0768
-5.3492 -5.8030
-4.6831 6.2697
3.3510 -4.7790
6.3899 6.1394
0.4717 -5.4897
-0.0184 8.6697
2.9796 5.6181
-3.5292 8.4696
-5.1424 7.9641
7.6634 1.8649
6.8480 5.9063
0.1200 8.3091
7.6803 6.2581
-5.9938 -3.5940
5.5549 5.9506
6.2309 7.7756
5.8457 6.5916
2.4896 8.3633
5.8036 8.4098
1.9905 9.5202
6.2364 -5.3392
7.8986 7.8958
5.6868 7.7376
0.0922 6.6800
-3.8963 7.9728
10.4068 -6.2092
0.3697 6.8959
11.2531 6.2234
6.5191 5.7465
1.3974 -0.2634
2.6068 6.9337
10.5889 5.9970
8.0652 5.9629
-5.0380 6.9049
-5.3302 -3.2297
1.3816 6.8144
6.3519 1.2478
-4.6061 9.8095
8.3165 5.6875
-5.2938 6.2473
6.9681 0.8626
3.3178 0.4211
5.7473 -4.3554
-1.1885 -5.9896
0.6261 -5.7480
-6.3332 -4.6807
6.8676 6.0758
-5.4959 6.6180
8.5610 -5.1495
1.7970 8.1672
-3.2335 0.1571
1.5795 7.0793
5.3283 5.9385
6.2260 10.8787
7.4643 -6.7217
-3.9002 6.1608
7.8562 -4.2648
6.7501 7.9500
-5.8419 7.0933
-4.6557 2.7125
7.5119 8.4761
-5.6615 8.2680
1.6721 6.4027
2.9805 11.3861
2.2477 -4.7457
-4.7792 2.6849
8.6506 0.6671
-0.5762 9.5286
10.2915 9.1409
6.5594 5.8259
-6.0340 5.8286
-6.2842 5.9871
-0.7055 0.6241
8.3832 6.5908
-4.3694 1.6111
-3.6664 -8.1078
-5.7957 1.5120
-4.1478 0.1421
1.7308 6.0996
5.8259 6.4238
5.3976 -5.7907
-6.1147 5.9883
6.5547 -4.4623
-0.0553 2.5111
0.5018 -5.8816
-5.7810 0.1398
-0.8977 10.8060
10.1730 6.0003
4.3124 6.2469
-6.2477 6.5831
-6.5776 -4.6515
6.3349 5.8053
0.7605 6.5670
5.5686 -4.5690
6.8619 -3.9965
6.8729 -7.0540
7.0815 6.7010
-4.6847 0.3375
9.3114 6.5225
6.5401 6.7353
5.8774 1.0848
1.5234 6.6667
5.6745 6.1388
9.8901 9.8015
6.0076 9.6392
9.4116 8.9961
6.7876 8.1907
6.3163 -5.3294
-4.2037 6.8333
2.3674 10.2554
6.4777 -5.4171
5.4116 6.9878
9.0924 0.4705
5.6676 6.0072
6.5096 1.3774
5.8933 -3.6520
-5.2118 5.5287
8.4531 5.3599
6.3317 -5.4691
-4.5319 6.3077
7.6118 6.8805
-3.2110 6.2877
6.5859 -4.5700
-5.0086 2.5673
-6.0925 8.4378
6.1448 8.1852
5.8773 5.9115
-5.3235 6.5389
6.5169 8.2150
0.1980 9.8984
6.3556 -4.4045
6.4742 6.5493
0.8659 6.4770
-4.2133 8.4422
6.2639 5.6629
7.0504 -0.0173
-5.0804 -3.3456
5.9205 -6.6730
7.8646 2.7445
1.5042 6.2075
-5.3512 -5.0462
9.6300 -4.8095
5.6950 2.9122
1.3974 -4.5647
0.6444 1.1745
2.5961 3.5201
0.6575 1.3112
6.4039 6.2445
8.8302 8.0752
8.0129 0.5095
-3.7267 -6.5035
7.1087 -4.4003
-4.5999 9.5487
6.0177 8.4152
6.1362 6.0215
5.3135 6.2501
1.2792 9.3458
2.0137 4.5163
9.7574 2.3945
-3.8297 -5.3947
6.4542 6.3577
-0.0637 0.2027
-5.3494 5.4778
7.3046 5.9321
9.2692 5.0130
-4.2623 6.2726
2.0554 -8.2701
7.1062 4.1401
-4.0140 5.2206
9.8821 6.1552
6.0533 3.5836
9.4183 0.5551
-6.1506 9.1668
9.5276 -3.4486
6.6556 -1.3451
6.3098 7.8979
8.9902 1.7902
1.4679 0.5237
6.2172 6.0471
8.5754 5.8278
-4.5788 5.0933
3.8928 0.9330
-4.7260 5.1116
0.8097 6.3706
-4.4053 6.3941
1.0910 12.0083
7.4027 -4.7184
6.6046 -4.5137
6.2580 -3.6950
-5.4950 6.6561
-0.0368 7.6951
-4.6512 -0.2964
-6.7156 5.6355
8.3960 6.1755
-5.1165 10.2588
1.3523 -1.1418
1.5589 0.3182
6.5301 6.7941
6.0003 -4.3448
2.9264 9.3605
0.3920 -4.4924
10.1278 9.9419
6.4063 -3.4267
6.5451 6.7604
-0.1442 -3.6508
9.4206 8.1707
-5.1650 -6.0458
6.7402 0.1847
-5.0850 -4.7351
0.7129 -4.7547
6.4490 10.4046
6.7448 5.3993
5.5677 -5.8248
-4.1490 6.2848
7.1824 8.0580
8.8213 -4.3964
5.3444 9.3445
-4.1891 -2.4939
5.5039 6.2148
6.7110 6.8686
-0.4762 -5.5676
1.3773 -4.6897
-5.1923 -3.8294
-5.6092 -0.0876
6.4431 -5.6922
5.9707 -5.6915
8.1274 0.6021
-4.2407 1.7335
-6.2729 6.0498
5.5927 -5.8641
-5.7358 7.4139
1.3106 -3.6610
6.9645 -5.1612
6.2751 6.3713
-4.0851 -4.2249
-3.9281 5.9629
-4.7076 -4.4930
6.1419 8.1796
6.3284 2.6101
1.1176 -5.0485
-4.9231 -5.5155
6.6930 6.8132
9.4811 -4.3104
6.3051 8.9357
3.0425 -3.9005
6.0467 9.2890
1.0104 -4.6943
6.3499 6.5635
10.4651 1.7573
1.5618 4.2587
-3.9851 8.7606
5.6140 -4.1257
8.2787 11.4102
8.9714 5.8960
2.2902 6.8690
5.7385 11.3173
7.2315 -0.5108
6.2700 -2.3209
2.8226 5.2572
6.7442 5.7888
-3.6802 6.0663
4.1342 -4.1404
6.1576 5.9374
6.0856 5.4802
6.8537 -4.0473
-0.1280 3.0434
8.8949 0.9716
6.0678 -5.0045
-5.2485 6.5885
2.6632 4.5767
-3.1971 8.0927
-4.8559 8.0283
-4.6508 8.4398
-6.3551 8.4913
6.3931 -4.8878
-1.0089 -2.7664
6.1264 5.6510
6.0508 -4.1520
0.3881 0.7975
-0.8109 -4.2315
5.8699 7.6897
-6.3910 1.9697
6.4592 1.3011
7.6587 5.5755
-6.2079 7.5551
6.3717 6.5822
-2.9706 -3.7061
6.0716 6.9295
2.5008 8.0895
-0.2475 -5.0871
-4.2221 -4.0447
0.5244 7.7480
4.1933 6.8173
-3.2087 -6.0095
6.7633 5.6429
5.8057 -4.6209
-6.1406 5.6090
6.3580 9.8213
0.2040 2.4253
1.8859 6.6695
6.0546 -7.3696
9.0068 -4.0382
10.2251 5.9445
-5.0070 -4.4777
0.2591 6.2161
2.6244 -4.2109
-3.5473 0.2333
5.8368 6.8043
1.4617 6.1409
7.1326 6.4575
5.3533 7.9317
-1.0128 -0.6367
5.4424 5.4947
1.4465 6.1445
6.4006 5.9457
-3.2772 10.9924
1.7495 6.8729
3.1530 7.8279
6.5626 0.6575
6.1747 5.8950
6.6304 5.7995
-0.9487 6.5006
2.1398 5.7371
-0.3961 -0.4291
5.8415 6.5765
6.6885 10.3934
6.1236 6.2933
-3.7794 -4.6230
2.8326 -0.2389
8.7993 8.6611
-4.6145 6.6943
8.9951 0.3941
6.5269 -6.0996
5.7679 -0.5908
5.6118 4.5715
9.0436 -6.6283
6.4338 8.2089
8.5259 0.0526
-4.7362 6.3854
4.3506 -6.0502
7.8186 -4.1350
1.2199 6.3351
5.3849 0.8811
6.8641 7.9355
8.5032 -3.8183
6.4726 0.9357
7.8209 6.4651
6.3384 5.5771
5.9044 -3.4669
5.9635 2.1910
9.9467 7.4481
-5.1726 5.9777
6.0169 2.1008
9.1446 6.4458
5.4993 -5.1276
1.4246 9.1275
6.3548 -0.2380
-5.2482 6.1581
7.0374 9.6630
6.0426 -4.6873
2.5580 6.6508
6.1045 5.8349
-5.3682 -4.3481
-3.5901 -2.7530
-3.3959 -3.9675
7.3072 6.5173
-3.6113 6.6607
6.3755 7.5400
11.6804 8.7165
1.7658 5.5164
-4.7849 6.1029
7.7061 2.4634
6.4870 -1.4511
6.3794 6.3785
6.8281 -0.3584
5.7384 5.9131
1.2494 -6.9071
6.3662 2.4580
6.2100 0.7465
-1.5627 -3.5511
6.8179 -5.1709
5.8954 6.0375
1.2827 10.1351
7.6061 2.5585
-4.3946 6.1745
5.8469 7.4591
8.9060 2.5408
7.4678 8.7524
-5.4553 1.2805
1.0006 6.4454
1.4393 5.5397
5.8355 3.3572
6.3063 5.8485
-4.6738 -5.9868
5.6206 9.5759
7.1733 1.2156
-0.0100 9.5551
5.0161 7.2245
-5.2383 6.3240
6.6593 2.1331
8.0480 6.3995
8.6967 6.7805
1.6319 -4.9160
1.1474 5.5705
6.0026 -4.0482
7.0545 5.6604
-5.3454 8.6468
1.6382 -5.3018
6.3353 6.3357
6.4826 6.3686
-6.0291 6.7781
-1.7241 -6.2823
8.2934 3.8613
-3.5693 -4.0077
10.7554 -6.2601
2.1036 -0.6510
-7.5797 2.6790
3.2164 5.8057
9.8890 10.1333
8.4627 1.6594
5.6693 -5.4377
5.8540 -4.4106
-5.0151 9.0321
9.7631 7.3641
6.3484 -6.1262
-4.9618 11.0774
3.7235 9.1653
8.4597 6.4329
-5.4476 8.3101
-5.1127 6.2344
5.8168 6.4337
6.7803 -6.0603
12.5619 8.1074
1.4232 2.4640
1.5762 6.5128
-5.4055 -6.2115
2.7351 1.1975
7.7934 6.0329
6.7729 2.4679
-4.8557 8.2032
1.2578 5.6496
2.7160 1.7189
-5.5439 -0.1947
-2.9747 0.7942
0.5194 5.8058
7.0414 -6.7657
-3.6484 -4.1276
7.4743 6.1678
-3.0255 6.4632
0.8961 5.5118
7.4388 -5.1675
5.8172 9.2606
-5.9154 2.2186
5.6525 9.2054
0.7518 -5.0663
1.4376 3.6875
7.0340 -0.3741
-6.3101 -2.4963
-5.9095 -4.8224
10.0135 8.1610
6.2413 5.2475
7.8091 7.5177
-4.4972 6.5182
5.9276 7.0854
-5.7379 7.0082
0.2641 3.2214
6.8004 9.5403
6.0592 -2.9244
3.3060 -7.5879
5.7556 7.8318
6.4031 5.6240
-5.3817 9.5746
1.3988 7.4787
-5.0511 1.0451
8.0545 0.1905
3.7912 7.0486
7.7599 -4.6731
-4.1681 8.4960
8.7997 6.0277
1.4276 6.1504
5.7209 5.9003
-4.4123 -4.7362
6.0866 1.1280
6.2614 8.0556
-0.1478 6.1376
6.3431 2.5900
7.3233 -2.2039
7.7432 -5.1872
0.5084 -4.5769
-6.7165 -3.1290
6.4386 0.1648
8.7905 -0.7021
5.7623 6.6002
6.1974 6.9962
6.7608 8.9009
-5.1170 -5.8186
6.9288 2.6432
6.6783 -5.1958
5.7778 5.8800
6.1878 7.4586
1.4096 -0.4385
5.4063 6.6574
9.2529 2.1199
8.0224 1.7166
-6.8979 7.5484
-4.8434 -5.1023
-6.1463 -4.5653
-5.5388 6.2313
7.7253 5.3943
-6.0560 7.9539
0.5083 0.4403
0.4385 6.4156
7.4786 3.2074
6.3064 1.6381
2.0292 2.7488
-4.9544 5.1510
6.3972 6.1821
6.5599 5.9109
2.1771 -6.2882
6.6229 -1.1665
5.2668 7.1082
8.9198 1.7495
5.5123 5.6213
7.0930 -3.3905
5.5446 -3.1159
9.1403 -4.2108
-0.0322 6.3147
6.4564 6.6807
6.6025 6.5031
-4.1689 0.9479
-0.7846 -2.5015
6.1102 6.6368
2.7582 5.9127
-6.2903 -0.9182
9.5841 5.8342
6.0976 2.0730
8.6371 7.2223
0.0963 5.9564
5.9760 0.2112
-4.6543 1.6478
-4.1624 -0.1104
6.8051 -6.2393
2.7402 6.0965
6.1137 1.9478
6.0080 7.8492
-4.4770 5.8889
8.0416 7.3471
-5.6573 5.8158
7.7849 0.6789
3.1598 3.6558
1.8570 1.7682
-5.6422 6.1675
7.4050 5.7039
6.2698 6.2849
-0.0453 8.8305
8.3267 0.4303
-2.0234 -4.0624
8.4765 6.5170
8.8552 8.5050
-4.3501 0.0874
1.6112 9.7246
5.8576 6.1001
6.0751 7.5222
3.0739 -0.8558
6.1578 8.5563
-0.8287 9.2509
0.1940 -6.0157
-0.5712 6.0962
0.9603 8.6553
8.6305 7.4012
0.0793 -5.1702
2.2341 9.1862
6.0264 6.1302
2.8159 -2.8600
10.3237 -3.8398
-4.6427 4.6950
6.8338 5.4498
-5.3081 8.7598
6.2141 6.5418
5.7336 -5.7102
-4.8863 -0.7864
5.8868 6.1173
-4.7941 -7.4251
1.2721 -4.8362
6.1228 8.2796
1.8741 -4.0294
6.1733 6.0954
6.0217 1.1120
8.7524 2.4704
2.7667 9.9228
5.9139 2.5326
6.0244 1.9869
5.8845 5.6363
-2.9747 10.1597
6.0170 0.0290
0.9767 5.6724
-5.4237 6.0272
-0.9278 6.2458
-4.7055 6.8689
5.7208 7.9695
5.9076 9.1236
7.7566 6.1407
9.0596 5.0488
7.6988 8.3980
-5.1147 -5.2921
1.4826 -5.9804
0.6365 2.8359
5.4275 -5.7906
6.1039 8.7598
5.8712 -4.3998
-5.0966 1.7089
5.9194 -4.8162
6.0743 2.9510
7.1068 -6.1509
-4.7298 -0.3667
6.1784 6.3932
6.0960 -3.4304
8.1168 1.2216
-4.7521 10.2655
-6.0708 6.2948
9.6228 1.1572
6.0690 1.2657
5.5655 3.5258
-5.6359 5.5376
5.7484 9.0233
5.9122 5.5152
10.0908 3.4143
-5.7809 6.1649
1.4711 2.1436
9.1579 -6.9280
5.9053 -0.1778
6.1550 8.2398
-4.9004 0.8571
2.4012 3.5196
6.0950 -3.9596
6.1961 0.5240
6.5946 -5.2483
0.4867 6.0281
2.1012 6.2166
-0.2865 -1.0089
6.4292 -0.6786
8.2416 5.4811
9.8335 6.1220
9.8260 6.1188
4.6833 6.6214
-4.2011 2.7826
-4.3671 6.8080
-5.4924 6.0916
1.9137 8.9609
6.4711 -4.4521
-7.4794 1.1797
6.2895 -0.9537
5.1563 9.3262
9.9136 5.4103
-0.2573 6.1410
-6.6152 9.0496
0.0139 0.1952
-4.5641 -7.0505
7.1633 6.9393
5.9165 2.2335
2.1597 -3.9457
5.6120 1.6333
9.9084 -4.0155
0.8997 -5.4714
6.1793 5.9250
5.8497 -0.4162
6.2437 9.2630
8.4806 -0.4691
2.9752 6.3742
0.0536 6.3168
5.9532 7.1280
6.6418 -5.1616
0.6968 2.7248
8.5529 5.4775
7.7557 6.5522
1.6116 1.5887
1.9892 6.2370
6.8420 6.7368
5.9175 6.7428
5.9386 5.7677
-3.8135 5.9434
9.4094 3.0071
6.5655 6.2026
1.0195 5.8299
2.1862 -4.5993
5.2687 7.7227
-5.2041 5.4913
6.8264 6.6652
-1.1737 0.8921
5.8550 -0.0285
5.5913 -0.0067
1.0890 2.7514
0.0275 6.2467
-5.7045 -5.8462
5.5899 -5.7853
2.7973 8.2150
9.0766 10.2195
6.7041 -2.7907
5.8786 6.1263
6.7774 6.4547
1.3689 6.4589
1.0300 -3.9052
6.2043 6.0384
-5.5695 2.3793
3.8409 6.5845
6.2732 6.6059
0.8275 7.3927
-4.4528 -1.2317
1.3678 -5.2481
7.2128 1.4258
-5.0866 9.3057
10.2722 5.3981
5.2014 8.2648
9.4781 6.2219
-4.3190 7.6010
0.8499 -4.2391
9.1607 5.8747
8.8374 -0.6975
-5.3512 5.7621
6.3090 -3.6333
-4.9996 0.9266
6.9330 6.3792
-1.2965 7.9781
6.9433 -1.2618
7.7411 -5.4404
6.1715 -5.5452
-5.0750 0.0568
5.7475 6.5418
6.0001 -4.1089
-3.3906 6.5042
5.9918 6.4162
6.1307 6.0625
7.2387 -5.0831
-5.0332 9.4887
8.3082 5.9770
1.8898 6.5055
2.1445 8.9076
-5.0830 11.0079
5.8629 2.0487
6.0258 6.3229
6.8924 6.7490
-5.7483 6.2008
-4.0601 -6.5909
7.4637 6.0364
1.7906 -5.2887
2.6859 8.7449
6.0063 -5.4660
5.9052 5.6898
6.5130 -0.7805
-0.3259 6.5691
2.4758 10.5246
6.8400 5.6233
-5.6672 10.3038
0.6742 3.9890
6.0152 6.0015
6.5387 6.6892
-0.4859 8.2394
6.0688 2.5341
1.2733 1.6398
6.3399 5.7028
7.0284 -0.4746
2.6040 -2.2064
2.0860 7.4319
-6.2181 1.9586
-4.9737 -4.6219
2.2327 7.0843
-4.3402 9.3569
3.6052 0.1393
-4.1472 -3.6680
7.0823 6.6700
5.8062 6.7607
-4.2507 9.3152
6.1497 -5.7648
5.5309 6.8566
-7.2337 9.7683
6.9165 -4.9804
2.6833 5.8645
1.2670 -3.9753
5.8664 6.5798
-3.4208 8.3587
5.5540 6.8249
2.0062 5.8395
6.6043 9.1857
1.0310 -2.1658
-6.6142 7.6631
-4.8313 -3.6275
6.6073 1.5033
6.3697 -6.0673
6.5347 -5.1143
5.7721 5.8158
8.5929 3.7728
-0.2466 -3.8912
7.0962 8.4143
0.8762 2.2069
6.5869 8.9909
9.0870 3.9350
-3.7155 6.8489
2.7089 -5.2766
-5.5421 5.9366
0.8985 6.3940
6.4864 5.8670
9.9282 -6.7822
5.9604 10.1250
6.0240 1.2959
-6.0628 9.6645
5.9326 -5.1463
5.6142 -4.6446
-3.2920 -3.5616
6.7853 -5.9905
-5.5604 1.0777
6.5857 -4.8719
-3.6952 0.8379
-5.4909 -5.2935
-5.2666 10.2698
7.6983 7.8889
8.6510 1.0745
-4.4634 7.9220
9.1690 5.8871
7.1318 0.5492
6.6106 6.4879
-0.9164 9.0036
6.0836 6.0764
5.6054 1.3025
6.9599 6.7527
6.2323 6.0011
5.8693 -3.5895
6.4389 0.9342
-0.5049 -8.4335
5.8759 -4.0108
6.3518 6.0126
-6.5701 5.7506
5.9767 -6.4399
-5.5567 6.2910
-5.1799 -4.7064
6.4040 5.2703
5.8003 5.1175
0.3267 5.5549
-6.2526 7.2286
6.6508 -4.9706
6.7819 -5.3137
5.9747 -4.0772
0.0501 -4.0839
5.8002 -3.9037
6.4829 -3.8008
0.9014 5.9322
9.1668 6.3574
-3.3579 6.0307
6.2066 8.4740
-2.7861 -5.4410
1.8705 2.1967
8.1215 -4.0280
6.3890 -4.0957
-4.7783 8.0582
-4.2987 6.0641
-5.3748 6.3191
5.8414 -4.9807
5.6946 -5.0881
-5.0402 1.9274
1.3494 5.9723
6.7447 9.5133
6.5716 6.2562
2.1419 -4.6173
6.1131 6.2653
5.7440 9.0944
5.7792 -4.5449
9.2625 -4.4126
7.0084 5.9360
-5.7607 5.8207
6.7642 6.2147
-3.6612 -4.8935
5.7070 -4.0737
5.1514 11.1871
-1.5103 -5.3859
-0.3800 -4.5269
7.8037 -4.5208
5.8153 1.6918
6.3413 5.9961
6.6669 6.4577
6.1444 -3.7354
6.1354 -5.5547
6.5881 -5.1417
6.3144 8.8710
-3.5145 1.3801
7.2445 6.8383
6.2958 0.0491
-3.6128 1.2412
-6.1925 5.9960
9.7999 7.9940
6.3053 6.1217
6.6498 -5.8531
-4.4036 6.2466
1.2406 0.3521
1.6783 7.1530
1.9813 -4.9074
-4.4634 10.2616
8.1717 -0.0429
-5.8350 6.3539
2.1499 -0.9503
6.0373 9.3810
-3.4710 8.9868
0.0284 1.4026
-4.5563 2.7580
1.7908 -0.3474
6.1217 1.5336
-3.6755 -4.8081
10.0710 -3.2844
7.1175 1.5182
1.6570 3.2741
0.3685 -4.9590
-0.0333 -4.9745
1.5377 2.5322
8.5807 -1.2599
-1.8977 0.5613
0.0914 3.4735
5.9839 5.8955
6.0381 -5.3100
6.3524 8.8762
3.0822 6.0712
-4.2086 -4.2343
-5.2593 0.5694
5.5113 5.6600
5.9664 0.6381
5.7774 -4.3822
9.5927 1.7860
-2.8830 -6.0484
8.4201 6.7303
8.6864 9.2156
9.2764 6.7705
2.7014 -4.8263
6.0894 -4.3471
6.0202 8.4934
6.2884 5.5894
11.2382 8.3231
3.0036 5.8967
-5.7517 9.1527
-6.1490 -5.2874
2.4289 6.6927
6.3440 -6.6932
7.6440 5.8986
1.5868 10.2992
9.6739 5.6464
7.4910 6.3302
2.2773 6.7252
6.0484 0.0694
1.7271 -4.2324
-4.9313 6.5969
0.4687 -3.6885
5.7077 7.7975
1.7269 6.5615
-3.1699 10.7100
6.1659 6.0500
1.7494 -4.4825
8.6814 -2.9864
6.1438 5.9759
1.1884 5.4541
11.0540 -4.7122
-4.2490 6.6258
6.0424 5.4139
8.9861 0.4418
-6.4679 9.0226
-3.1810 -4.7509
6.7076 6.3706
10.9355 6.2222
5.8618 -5.1749
1.7463 2.3788
6.3038 5.2490
-0.9528 -5.6375
-5.0599 -3.6156
8.8901 9.6342
6.8441 7.5365
5.9443 7.5212
1.8790 5.8870
-5.0789 6.2796
2.6846 6.1514
-5.6589 -3.2102
2.4500 8.0326
-4.4291 -0.2673
-4.5524 -0.8967
9.6763 -5.8917
-5.4035 7.6585
9.2866 7.4073
6.1065 -4.0659
10.1256 9.0023
2.0890 6.2512
11.0106 8.7300
5.8024 6.9690
9.5309 -4.0045
5.1476 -4.1023
6.3098 8.9913
-3.8546 5.9236
-5.9812 -3.6235
7.3398 6.5349
5.9062 6.1939
5.5389 7.5873
7.1912 8.4907
6.2037 -5.9167
-5.3868 6.6478
7.0702 5.3190
6.0334 5.9482
7.1492 0.1162
-1.1969 -6.1145
9.0326 6.5805
6.6038 5.9582
-4.8441 5.9814
6.5336 -3.5808
0.4936 -5.6858
-3.9405 6.2964
6.5548 6.9884
6.7298 5.9134
-4.0528 -3.9957
3.0836 -3.0140
6.9129 2.5027
9.5116 6.6599
2.4044 9.0221
0.9660 1.1885
0.9275 8.7032
-3.3909 -5.0124
10.6820 -5.4344
6.1185 6.0985
7.4231 -3.5308
6.1319 8.7264
-0.8618 6.1142
6.5760 -4.7695
7.9021 -3.9560
-5.5831 -3.9188
6.1386 5.8422
5.7824 6.4189
-3.8619 7.9450
6.5934 7.7459
6.1918 -5.5385
-4.0547 -6.8333
5.4286 -4.5924
-4.4271 5.6790
-5.3410 -4.2694
-3.1945 -2.7320
6.6829 -4.0788
2.7669 6.6588
5.4663 5.4163
6.1947 5.5543
-4.8490 6.7152
-2.8152 2.1292
9.2549 1.1521
5.5024 1.8949
-1.4305 -4.8011
5.6496 9.3178
-5.0057 7.0214
5.8341 8.3668
-4.7354 -4.5985
1.0455 6.8217
-2.7768 7.0279
9.5988 6.7067
5.8000 -5.5667
6.1830 0.0499
3.0674 5.2091
4.2054 -4.9139
0.0729 6.7563
6.0003 2.3871
6.1383 7.6766
0.6661 6.5884
-4.9960 6.1564
6.7177 6.1979
-4.5521 -3.7452
5.7283 -4.3579
-4.7045 0.7334
6.5753 11.7131
-4.6525 7.7167
7.9312 -5.8376
6.2218 -1.9241
-6.1112 6.4513
6.5273 1.4326
-3.4281 9.7907
-5.4081 -2.7147
-4.7746 8.2466
-6.0565 -4.6331
0.5011 6.2636
7.5040 -5.0916
-6.3037 -4.8155
0.3433 6.7407
-4.7856 -3.6325
-3.0616 3.1103
5.6857 2.1101
-4.5121 5.5612
6.5372 6.0202
9.8621 0.9016
5.9762 6.5130
-6.5297 1.6078
8.9254 6.3490
6.1021 8.1887
6.3823 5.7791
6.8315 5.4097
7.8298 -7.3107
6.5690 -6.7987
8.8820 6.8174
6.3864 6.0851
6.9274 -5.2236
10.1383 10.3866
7.4352 -3.2780
-2.5810 6.0284
-1.6281 -5.0126
-4.8355 9.8911
1.7014 9.3061
-4.0378 6.0074
-8.1841 6.8325
8.2570 0.5795
9.1524 6.5004
2.5391 9.7578
-3.7956 3.0931
5.9409 3.4508
5.4443 8.4222
1.3813 -4.4408
8.4118 -1.8636
-3.5946 6.1069
5.7271 -5.1229
2.0994 -0.4473
6.2016 2.4285
6.4419 8.6648
-0.5514 6.1420
5.9359 -5.7493
0.6020 1.2934
-4.4228 5.8419
2.2496 -4.8721
5.6232 6.1931
5.5782 1.9342
9.6277 -0.8443
-2.2022 -0.2192
6.1539 0.2077
7.6067 5.4097
5.5626 -5.6873
-0.8705 5.7954
2.6265 -0.0699
-6.6667 7.6923
7.8860 6.5810
-5.1988 -3.6494
-3.1928 5.9182
7.5387 7.0049
-6.3572 1.9138
7.5178 5.6403
6.0702 5.0627
6.7848 6.4399
-4.9422 -5.1571
2.6709 0.0793
-5.5425 -1.4531
-6.4267 -4.4711
-4.6579 5.9109
9.8737 9.6064
9.0746 5.9272
9.6535 -3.9441
6.0095 8.3780
1.6685 8.9114
6.7634 6.3008
5.4442 9.3567
6.0322 10.0573
7.5844 -4.3854
6.4113 6.3397
6.3192 10.2502
1.3809 6.2973
7.1391 7.0446
6.5181 8.9032
6.9224 6.2780
-0.6089 1.1797
6.3155 7.3676
-3.2824 -6.0355
7.8179 6.3821
0.9517 5.9147
-5.3413 6.4454
6.1782 -5.6512
-6.7208 5.5251
6.6379 6.5961
0.8891 1.6445
7.2184 5.7371
5.8318 10.0951
-1.2481 -1.1929
6.7573 0.4866
-1.3957 5.8440
5.7890 6.6804
-0.3610 -2.6435
7.1739 3.9947
5.4505 6.1851
-3.9605 -3.6305
9.6855 7.6363
6.0869 -5.4456
-6.2876 0.9505
6.9074 9.1101
1.9568 6.5948
6.5784 5.8921
9.0898 5.8477
-0.1879 8.8686
-0.2450 8.9857
5.7914 -1.5190
6.3340 1.3730
-3.7498 6.0492
-4.7917 1.0049
-3.4306 6.3716
6.0995 -5.1114
-0.2456 0.1034
-4.3556 -0.3867
-3.0817 7.0118
-5.7930 9.2040
8.1900 -5.2194
-4.9571 6.5088
6.5551 -4.6213
-6.2131 -3.4163
6.0277 5.7638
7.4546 6.1280
9.1322 6.1369
0.8669 2.1744
6.5489 -7.0397
2.6481 6.7961
0.5522 -0.1043
-1.5005 -4.3761
8.8845 -2.4449
-0.2911 -6.4201
-3.7077 0.2341
1.1527 6.4509
8.2950 5.8684
-4.3831 6.2342
2.4882 -4.6283
1.2810 -6.4375
-6.0757 6.0482
7.6294 0.3560
-0.1365 6.5971
5.9862 -4.8989
5.7689 1.8531
8.2960 6.4458
1.0726 2.5519
8.4573 6.2886
-3.6319 -4.7687
-3.9571 2.9681
5.8764 8.7048
3.4150 7.2185
6.2800 -5.2887
1.0460 5.7847
0.1547 5.5424
2.0392 6.5534
6.4381 2.1916
-4.8188 8.3958
6.8286 -3.7400
-5.8822 8.9645
3.3622 8.5507
1.1917 6.2262
10.0935 8.2073
11.4555 4.6442
-4.4402 -5.1970
0.4548 -5.5786
2.2149 12.2144
10.2435 9.5819
9.3193 -5.0610
-5.8360 3.1385
1.4023 8.7711
6.2083 6.2043
10.9308 -6.8296
-3.4291 5.8848
1.4531 -6.2451
-7.3102 2.2153
6.6764 1.4669
-5.5971 11.0521
6.4848 8.9707
8.7085 -0.1879
2.5183 2.7095
-6.2130 8.9739
-4.5944 -5.6074
8.5037 6.2864
-4.7948 5.4209
9.0715 5.5634
9.1493 1.7814
6.7866 -6.3554
6.5149 1.6873
5.9196 -7.1294
5.7880 -2.6540
0.9119 6.3488
-4.4645 5.9131
0.6015 6.3136
-0.1472 5.5010
6.2005 2.0100
-6.9157 0.4784
6.5572 -5.3572
6.5183 -3.1285
5.7915 9.3659
8.4140 6.3433
-5.6489 10.5768
-3.7806 5.8807
6.4074 5.9806
-5.3466 5.6151
6.1834 2.5873
0.5752 5.6775
6.3068 7.0640
2.6180 0.9482
8.1075 6.3308
6.5243 10.0773
-3.4273 8.3095
6.2387 -3.1571
-0.7795 6.1449
-6.3569 6.5925
6.0200 8.4942
1.7517 3.6739
-3.9292 6.0691
2.1819 6.0579
-1.2678 6.3378
8.8814 6.5873
10.7913 7.4809
0.5051 8.2207
6.7626 6.6482
-0.0192 3.4043
5.8092 -4.3653
8.4988 6.2756
6.0469 -3.4764
-4.6798 0.6031
3.3603 -6.9942
-5.1680 2.5099
1.6424 9.4068
6.2705 1.0118
3.0237 8.9463
-3.9977 1.2760
6.5263 6.4682
7.2027 8.0067
2.7335 -4.6995
-3.4725 4.4006
-4.8975 -3.9577
0.0489 8.9688
5.8818 -7.4026
5.3827 1.3917
7.5691 0.4914
8.8637 2.6803
0.5602 8.1861
2.2113 5.9913
-5.1806 5.7978
6.1436 -6.1936
10.4756 6.9506
8.7872 -4.9228
9.1934 8.9134
-6.1458 0.1003
5.5200 -6.5213
6.2975 -4.8626
6.9245 2.5802
-0.0717 7.0525
1.6896 -6.9167
7.1614 6.4087
8.9631 1.5233
0.7574 6.2483
6.3539 -5.0057
-3.6560 -0.2645
4.1474 5.6780
9.8570 1.2303
1.7018 7.4195
6.7609 -1.3997
5.5530 -7.3715
5.2337 6.3309
5.7456 5.9385
1.8607 1.1240
-0.8515 -4.3736
-4.5257 1.6946
2.2553 9.3353
-5.8711 4.1949
5.7266 6.1609
1.5839 5.9546
6.4292 1.1876
0.6696 5.2938
12.0258 5.7612
-6.2061 1.8504
9.8847 -3.9597
0.9944 6.5953
-6.9493 -7.0736
5.7791 -5.8668
6.1755 5.7025
6.4980 5.2242
-3.3861 6.3963
6.4648 -0.4709
-6.0101 7.6838
6.5601 -4.8548
-7.1894 -3.7423
6.3439 5.6588
9.3135 5.9917
9.4564 0.6725
8.5376 1.2489
1.8470 6.2878
-4.1304 6.1948
3.0558 6.4936
1.5819 -1.6166
6.3755 6.5806
9.6250 -0.8799
1.1559 -3.0687
10.6660 1.6324
-6.3452 5.4900
7.1980 5.9887
5.7551 -2.2179
-0.1415 -5.1793
10.1309 -2.2812
5.9903 -5.0354
-5.6957 7.3191
9.1526 -6.6871
11.0650 11.7183
6.5644 9.5068
5.9830 7.7406
5.9527 -6.1581
-4.0439 -5.9852
1.5137 5.6192
5.7842 -5.3283
0.7441 5.6636
8.0535 -5.9742
6.0160 5.9384
5.5198 -6.4816
-5.2643 -0.9082
1.5041 -5.9818
2.7439 12.2311
-5.6303 5.4404
0.6589 5.3870
9.7895 6.0979
-6.3742 -4.3939
-4.6963 0.8733
2.8814 -4.8433
6.1400 -4.2320
9.6914 0.6281
11.4290 -5.7320
8.3707 6.0179
-5.4109 1.2147
6.1222 2.8391
-5.1720 1.3087
3.7912 -6.2917
9.1939 6.2674
3.7180 -5.9244
5.7111 6.5973
6.4227 6.7777
5.4709 8.5415
1.0155 -6.1773
6.4232 7.1507
6.2452 11.1605
-3.3798 0.1538
-5.4152 7.5965
7.1567 2.0674
-4.6961 -0.8652
5.9585 2.3426
-0.2544 8.2490
1.5398 -6.1974
1.2057 5.7564
5.8324 3.3272
5.9489 -0.5555
7.2806 1.3566
-0.5481 11.5536
0.5482 6.5779
5.5326 0.7251
8.5566 5.8878
8.7812 6.4783
6.3972 7.0052
0.8628 9.3592
6.4263 1.9160
-4.3900 3.3786
-0.7025 0.1651
6.8964 -4.0280
10.2797 1.7397
5.4568 6.3653
6.2399 -4.1656
8.7880 5.9774
-5.9800 6.2292
-5.1420 7.0225
-5.8597 7.5442
6.6010 6.1951
6.5528 -6.4093
-3.0959 6.6931
-5.4861 8.0716
-6.2402 -3.4245
-7.1214 2.1146
5.8355 8.3911
5.8707 -0.8295
5.9533 6.3652
6.0574 -0.5442
5.5137 5.9373
8.4048 6.2013
8.3313 4.1956
-5.5171 6.1278
2.4731 1.2397
-0.2221 0.7489
5.2662 11.0079
-4.3248 6.3478
5.3179 0.5053
-4.2840 8.5241
9.7194 6.3544
9.8873 6.7874
8.8498 1.3592
6.1837 -4.9382
2.0842 6.8575
5.0951 -4.0426
6.5742 9.0480
-5.9442 -5.8264
-4.0213 6.0745
6.2256 7.0223
6.7104 3.7458
-5.9752 -5.2173
8.2540 3.2240
-2.8693 -4.8967
0.3349 10.2910
6.0285 10.2166
-3.9245 2.1145
-5.1044 -4.4879
5.9196 6.1633
6.4232 -6.1063
9.2990 6.2625
6.7146 -0.0096
1.9129 6.0528
0.1173 7.2812
-5.8082 -6.9023
0.6379 -5.7316
8.1708 8.5461
6.8074 -2.3512
2.5262 0.1161
2.4270 1.6089
9.2952 -0.6122
6.7191 6.7574
-5.4336 5.4858
-3.5185 6.7554
0.6207 5.4203
2.2392 6.0296
-5.7179 6.5466
-4.9974 -5.7640
6.2085 8.7004
10.5183 -3.4253
4.8264 -4.7343
5.8798 -0.6705
7.2116 8.0314
3.2061 7.1310
5.9105 -4.7215
6.4239 2.3118
1.8500 6.1184
8.7112 -3.7131
-5.7110 6.1181
11.1668 9.1521
0.3813 -4.8019
8.6960 1.3706
2.2255 -0.7329
-4.4877 5.8770
-3.8689 2.7773
2.7028 6.2919
8.7707 -6.8920
6.4676 -5.6782
6.3889 6.5983
1.1370 5.4934
