5
8.2514 5.0931
-6.1941 -5.7670
5.0569 -2.1907
8.5504 4.6409
5.6477 4.3026
-5.8236 -1.9958
-5.7704 -5.1063
-2.4052 8.8861
-5.5248 -4.5671
-5.5774 6.0670
-5.4161 4.9039
6.7439 -5.8041
3.0122 -1.0330
8.1720 -0.0786
-5.3327 5.3016
-1.4966 5.5656
-2.2911 10.2141
8.9635 -5.8640
5.6232 -4.1953
4.9532 -0.9479
-5.8323 -1.6883
5.3190 8.0037
-5.9102 8.3267
5.9022 -2.4919
-5.4921 -0.7298
-1.3521 -5.9376
-5.7400 -5.4305
-3.8158 4.7608
6.4957 4.7812
4.4295 8.7636
10.2010 -5.5246
-5.6807 -5.6154
7.2788 4.7529
5.4738 -5.7028
4.9864 6.7705
8.1581 -5.8850
-5.7316 -0.2410
4.7730 -5.7196
5.4763 -6.0936
-5.6216 10.1060
-5.2479 8.2206
8.3356 8.6115
-5.6664 10.6078
10.3571 -0.9460
-5.5341 -2.1591
-4.6015 -5.4820
5.8272 -5.8483
-5.4159 10.7526
11.4108 -2.5637
8.7677 0.0320
-1.2132 -5.8515
-5.6314 9.0240
7.7301 7.4647
5.0723 -5.4819
4.7305 8.8389
-1.6568 -2.6182
-5.3509 0.4701
-5.8437 -3.1294
9.8497 -5.4953
-5.6062 8.8385
6.6190 -2.3501
9.9458 -2.2712
9.5014 0.5567
0.1143 5.5784
-2.2637 -1.2089
-2.2761 -5.2948
-2.7987 -5.9837
8.4360 -0.9156
10.2651 4.8411
-5.3796 -3.7227
-6.3051 1.8177
9.2603 8.9450
-3.4790 0.4106
5.3269 -5.7584
10.8983 4.5151
-0.7784 4.4312
7.8849 1.9394
-5.4623 -5.5875
1.5377 -0.7932
0.7615 1.6616
-2.1243 5.1133
1.4702 5.2976
5.0800 -5.5207
-3.3608 -5.8058
-5.9008 9.5072
9.7013 -2.4661
5.0468 -5.7236
11.0142 -4.5656
-5.5761 -5.6958
-1.7307 -5.7816
-5.3442 -5.7611
11.3632 -5.4354
-4.8886 -5.4223
-5.5558 -4.7339
-1.2608 1.5301
-5.6548 9.3562
-5.4112 4.9319
-1.9527 5.3463
-5.5255 4.5850
7.7534 -1.7176
-3.0831 -5.5015
-1.7000 -2.8773
-0.9613 4.9006
-5.7026 -5.7178
-5.3131 9.4720
-3.5112 8.4514
9.2961 8.8098
-3.5305 9.3206
0.7681 -5.8100
4.9953 0.4045
-1.9929 5.7412
-5.7408 5.0877
9.1237 8.9991
-5.5535 -0.6137
-3.1134 9.2548
-0.3134 -3.6487
7.7573 -5.6580
8.4676 -2.8953
5.4958 -5.9364
-3.5124 -2.4274
7.4152 -5.4781
-5.5824 7.4676
-5.5435 10.3236
1.2601 2.1518
11.3918 -1.3570
-0.2104 -5.5182
-5.5820 9.2520
4.8561 8.5683
11.5082 4.8315
9.1968 -1.3397
4.8548 -6.2626
-5.5674 -2.6408
1.9666 -5.2318
-5.7761 7.8190
-1.1539 -3.1324
4.8306 -5.6525
-5.3685 -0.3194
7.8492 -5.7603
7.1745 -5.7762
-3.4899 -3.8372
-2.6116 7.4866
-2.2628 -5.3064
8.0679 -5.7186
-5.3527 5.1935
-1.7499 -5.7310
9.9699 -2.8000
-5.5398 5.7539
8.8046 8.0357
-3.1896 -5.6049
6.3701 5.2812
10.3959 0.0050
-2.8349 -1.9832
9.5202 9.3422
-2.9756 9.1930
-5.7152 -2.3122
-5.3467 7.9627
-5.3367 -1.1016
-5.6770 -1.3973
-2.2054 10.3901
-1.8482 9.7338
-5.6016 -5.7137
-3.5606 -0.7889
-5.5904 -5.9395
-5.4682 -0.2959
9.5659 5.1848
8.2951 8.3951
-2.2575 -3.1201
9.7857 -5.4549
4.6134 -3.1349
-5.9025 9.6401
4.9659 -5.4217
5.3276 4.7003
-5.6335 9.5020
-1.0401 -2.5869
-0.8173 -3.2893
-5.4749 -5.6816
-5.7746 2.8474
9.6504 5.3053
8.2388 -4.2614
13.0612 -5.7821
7.9789 -2.1139
12.3251 8.7261
7.7937 -5.4710
-5.4750 9.4567
8.3260 4.7645
-5.8025 -5.2875
-5.4600 6.6990
9.2163 -1.5031
-6.0361 -1.3317
-5.6337 -5.8195
-5.4891 8.9695
-5.5163 9.6571
-5.5826 -5.9166
-0.1651 10.1308
10.6895 7.4083
-5.4694 -5.6764
-1.0343 -1.0790
10.0611 -3.9676
-3.5221 -3.9498
4.8968 5.4509
-5.9368 7.8492
-5.5904 10.6777
-5.8775 10.7638
-0.7275 -2.8942
9.5302 8.9235
11.9667 5.2660
10.4785 -0.8656
-5.1196 8.4662
10.2192 0.6418
9.3376 -0.9428
5.2969 8.6468
12.3333 10.6858
-1.5750 -5.7104
-1.8435 6.7902
9.2292 -1.2327
-5.8343 0.7772
4.9516 6.9427
-5.6552 -2.8542
-2.3332 -2.7173
-0.6629 -5.3101
-0.5842 11.6012
-4.0332 0.6894
-5.6176 -5.2037
7.3951 10.8071
1.6440 5.0102
-5.1937 6.3943
-5.8593 -5.2464
8.7349 -3.3868
9.5107 12.7665
4.5334 -5.9400
-1.4693 -2.3823
5.6135 0.8135
5.3265 9.8762
-5.9360 6.2931
-5.4611 5.2701
-5.4417 9.0633
-6.1944 -0.6378
-5.5645 6.9161
-5.6826 -3.2389
-2.2122 10.3645
-5.8835 5.6972
-2.2891 4.7030
-5.7009 -6.1022
5.0180 9.1977
-5.6752 8.7169
9.0943 -5.2214
-5.8728 9.2437
0.4003 -3.2318
11.9055 -3.9953
-5.5139 8.9556
5.3499 9.1562
-5.5791 7.9242
-3.9016 9.4692
4.7678 5.0939
-1.5993 -5.4554
-1.3652 -6.1927
4.7506 5.4932
9.8380 -5.8643
-1.4523 -0.9389
5.2074 -5.7700
2.4032 -4.0207
-5.2417 -5.2289
-5.6384 -5.4736
5.3481 -2.3398
-5.3608 13.5687
-5.5291 7.3130
10.9465 -5.4968
9.4692 -6.0666
-5.4375 5.2953
-0.5703 -5.8208
-5.4700 -5.5435
5.2878 -2.3137
-1.8212 1.8244
6.1356 0.6275
-3.2681 -5.4107
11.2033 0.5523
-1.8080 2.2905
-5.7917 -5.3704
9.4064 8.0560
9.6081 -5.9451
-2.3208 5.0703
-0.8833 5.2294
4.6189 -5.6698
-6.0227 -5.7255
-5.6421 5.3375
-4.5239 6.9379
8.8317 -4.6554
-5.8346 8.1903
10.1980 8.2465
4.7137 9.1724
-3.1779 5.2436
-5.9765 -1.5731
1.0044 5.7668
-2.9901 4.8194
8.8260 -6.0361
-5.8099 -2.5660
-3.1370 7.3005
-5.6974 8.0005
-5.6362 -0.6193
10.5752 -3.7169
1.3113 11.2846
4.8759 -0.0137
-3.4020 11.0000
9.8009 -5.8480
-3.7568 6.8341
4.4749 10.0386
4.9229 -5.8891
-5.6133 10.5481
8.3906 5.0330
5.2344 1.7659
-5.2974 -3.8260
10.2786 4.8956
6.8606 -2.9014
10.1648 -5.5434
-0.6850 -5.6609
-7.8579 -5.4611
-1.5381 -5.3040
-5.6910 6.0403
-3.6312 6.3483
-1.2241 9.0370
-5.4709 7.5207
-5.6853 -2.7938
7.1059 -5.3579
-0.9054 4.8882
-5.3463 -3.7747
-0.1147 -2.5135
5.5915 10.3151
4.9812 -5.7702
8.4142 -5.4803
-0.3426 5.8075
-3.6622 -2.9412
4.8738 -5.6168
0.0628 -5.2827
-0.7942 -2.0742
5.2154 -5.2217
10.6061 5.7044
-0.2070 9.9142
9.5846 -3.3898
5.4388 -2.3202
9.6680 -5.7593
-2.4486 1.2527
-2.4491 -0.8962
5.4931 -5.7297
-0.8155 -5.6381
9.6497 -1.3770
6.0497 7.8589
7.9513 -5.7792
9.2352 -5.4442
-2.4922 -2.3928
-5.3313 1.5439
-1.8040 -1.7270
-5.3158 10.0303
6.6727 -5.4473
-5.5438 10.7248
-5.7329 -0.0283
-5.7414 0.3378
-5.5689 10.6969
10.6344 4.8564
-4.2082 -5.4654
-0.9889 -5.3546
-5.7976 8.1224
-1.3845 -5.5948
-2.6389 10.2073
-5.7314 -1.2002
-5.7500 -3.2153
-5.5903 -3.8303
9.9826 -5.3834
5.5754 -5.5701
7.1136 10.7711
5.1995 -5.7191
-2.3769 -2.3275
-5.4888 -1.7987
4.9858 -3.2992
8.4411 8.4348
1.6458 5.2071
-5.4590 5.6711
5.0527 -5.6787
7.5568 10.9470
-5.3636 -5.8991
-5.7468 -5.1910
7.2570 10.3290
1.7993 6.8828
4.9290 5.6177
-5.6569 -1.0952
8.2475 -5.5051
-0.3589 8.9317
12.2438 4.1785
-5.5072 -5.4122
5.6426 -5.2338
9.7868 5.0022
-5.8840 -6.1197
-2.9761 10.5216
-3.8853 5.1883
-5.4676 8.1632
-5.5897 -0.1942
5.2972 -5.6730
-5.5346 10.3999
-3.0836 -2.1060
-3.7037 -5.3384
5.6955 -5.8558
-0.8600 4.7700
-1.6505 8.0579
-0.8489 -5.6563
7.7971 9.3817
-2.4552 5.6216
-2.5264 8.2733
-5.5408 10.3604
-3.9223 -2.4855
4.7653 -1.1661
-5.6218 0.8297
-5.6227 4.8080
-3.2943 6.0942
-2.0122 4.1332
-5.5804 -5.4410
-5.5200 0.1702
5.1912 -5.6976
7.6814 10.0082
-0.2485 -5.8853
9.0613 4.9196
10.0706 -5.3079
-5.5747 9.4945
4.5646 4.9995
-2.8426 10.2483
-5.9023 -5.8465
4.8683 7.6291
8.7866 5.1584
-0.5739 -5.4715
4.8175 7.1007
-5.1897 -5.3326
-0.1101 5.2389
8.3603 -4.9221
-0.4485 -5.7822
-5.7411 8.0969
-3.0564 -0.5878
5.6079 1.8999
8.2547 -5.7407
9.7494 -5.7084
-1.0831 9.6875
10.0200 1.2008
-1.3429 4.8164
-1.0091 5.1395
8.1154 8.8140
11.7743 9.1791
-3.7629 -5.7018
0.0218 -0.7346
-5.4707 -2.1569
-5.7143 -3.8560
8.5641 0.3724
-4.7073 11.4757
-5.7579 -5.5960
0.6605 7.7369
0.1545 10.9779
-5.7986 5.6172
-5.4113 -5.4139
10.1558 10.5239
7.6671 0.5472
10.5996 -5.6086
7.2885 -3.1342
8.3422 -2.3654
11.0382 -5.6250
-0.2387 7.8100
-5.3438 -1.5290
-1.7820 -5.4917
10.0502 -5.5062
0.1519 -0.6351
1.3026 -2.2958
-5.7124 5.6609
-5.3419 -0.2098
4.4213 0.7088
-4.4237 5.5245
6.8332 -5.9054
-0.4199 4.6025
-2.4851 -5.4604
-5.6481 -5.6354
4.9067 -4.9965
11.7796 -1.0236
-0.3838 5.3917
5.1231 -0.0615
-2.9719 9.7238
-5.4436 4.8405
7.6804 10.1140
-5.8329 -5.6446
4.8003 -5.4087
-4.5277 -5.5239
4.5603 -5.9016
5.0904 -5.7436
0.4089 -5.5357
-5.5577 -5.6395
-5.2856 -5.6508
-6.2840 8.2515
-1.4545 -5.7997
-5.7498 -5.7941
4.5634 -0.9227
-5.7975 5.2320
7.4025 8.0823
-1.2516 -5.8418
-2.2104 -5.6046
8.8804 -5.6960
9.6171 -6.1813
-5.7997 -0.9916
5.0166 -6.1430
-5.3626 -2.3653
-2.8688 7.4447
-2.3129 9.2492
10.8177 -5.6194
-5.8906 -5.4415
5.2323 -5.6568
-5.7024 -3.9496
-5.6636 -5.9522
-5.3987 -5.7313
11.7535 0.0301
10.8580 -5.5302
8.4336 10.9969
-5.6613 9.7315
-1.6259 8.2937
4.8408 -2.3438
-5.7340 8.5738
-5.7626 -5.5535
13.3179 -1.1962
6.7100 11.0061
-0.1286 1.3779
-5.3532 -4.8533
-2.6052 -0.2460
9.3592 10.2864
-5.9095 -1.4460
-2.3761 -2.0104
9.5214 -5.6156
-2.3554 -2.2190
4.9477 -5.6943
6.9975 6.6392
-2.1973 -2.6340
4.4665 0.4334
-2.1214 8.4161
4.6217 -3.8149
-4.9667 0.1645
-5.7502 -6.1282
-5.5888 7.6149
7.3497 -6.0839
-5.2047 8.5905
8.0240 5.0765
-2.6942 1.1540
-0.6347 -0.7669
-1.9237 -2.9403
-0.4892 -5.4739
9.7976 7.8956
-5.5392 0.0780
6.0121 5.8350
8.3442 -5.7446
9.4171 -5.8400
11.7486 -1.9814
-3.1908 -5.6305
0.5853 0.5553
4.6389 -5.4275
-5.6201 -5.5111
-5.3333 5.3854
-5.5719 -1.5480
6.2898 -0.1557
-5.8367 9.8596
0.9507 -5.6100
10.5911 -5.5547
2.2731 4.5379
-5.5661 -2.4011
2.4319 -1.7060
9.7496 10.9850
-2.4753 -5.7354
7.8428 -5.7471
7.2494 7.8222
-1.1612 -4.1681
-5.3620 -5.2133
5.3068 -5.3924
-5.8869 -5.6650
-5.4338 10.8877
5.0844 7.5854
6.4442 -5.4090
-2.0736 10.0658
-5.6532 -1.6717
-0.8133 -2.2901
-5.4969 -1.0932
-5.8490 -5.7167
-1.7882 -1.8253
6.7048 10.4501
11.3289 -5.0559
8.2074 -5.7845
-5.4820 -5.3641
-5.8017 5.5043
-1.6941 -5.5289
-5.6383 10.5957
-5.4775 11.3263
-5.5303 -4.2890
4.9994 -5.6523
7.7764 4.6949
5.1375 9.3721
9.9245 12.5564
5.0258 -5.6560
9.6045 4.8159
-5.6452 7.3137
3.9149 -5.6281
-5.7287 4.7610
-1.8153 -4.0819
11.5683 11.3532
-2.5918 5.1723
0.3093 1.3231
8.0460 8.5878
9.6977 -4.0368
0.8113 9.8961
-1.4771 5.3029
9.5654 -1.7368
7.4628 0.9075
-3.4447 -5.7262
-4.0169 -1.4117
-3.9830 8.0343
-5.5271 8.0710
4.8808 9.1652
10.4100 -5.4866
8.8334 -5.9156
-3.6596 7.2473
0.5788 -5.4571
-0.3186 -5.7378
7.5991 -5.4249
9.8844 -0.2939
7.4963 -5.6885
6.8339 -6.1971
4.9082 -5.7950
6.6592 5.0504
7.4154 -5.6398
11.8711 -1.2522
4.4146 5.2091
-5.4726 9.9823
-1.5456 0.2163
-5.5411 -4.4258
5.3575 11.5158
-5.3071 -3.5421
11.6440 -5.9420
5.6501 -6.0170
-2.8182 0.2649
-3.2912 -5.6013
8.9660 10.0812
4.9747 -2.6150
11.0932 7.6465
-5.4637 -1.1690
5.4695 8.5025
9.0648 7.1825
-5.7689 -5.0397
-4.8373 -2.9283
9.2401 -4.6536
-5.7505 5.0703
7.9461 -5.7936
-1.2887 5.3718
9.0413 8.7271
-5.7016 -2.7978
-2.2791 -5.6856
-5.3253 6.9997
5.1726 10.8081
-3.6887 8.8563
-2.6684 -5.6550
5.0499 -4.0585
-1.2349 -5.5961
8.7684 -4.0888
4.9784 -5.4391
-5.6005 -5.8327
-3.1464 -5.3231
5.8007 -1.8124
7.0931 -5.7711
-5.5157 5.4214
4.9059 -4.0678
5.7160 -4.3513
-5.5540 -5.8834
-2.1865 -3.7094
11.2654 1.3698
-5.7784 9.9855
0.8533 -1.3644
8.1992 -1.2869
5.0842 -1.5050
-5.7408 5.4621
-5.5198 8.0258
-1.2646 1.3241
-6.5874 -5.6096
-1.6531 -4.6826
-5.5599 -6.0969
-3.8090 -6.3701
7.4947 7.6083
9.4652 8.8868
-5.6393 8.6577
5.3973 5.0952
-5.8280 7.0943
0.2391 -5.8729
-5.2939 -0.4818
13.2992 0.1619
-4.8498 10.6186
-5.6433 7.6001
-5.7519 2.7739
-5.8954 5.2450
8.8049 -1.9831
-0.4267 -2.1358
-5.7796 -5.6850
-1.2361 8.9791
-0.5678 8.6827
-3.4062 -2.3689
-3.2514 7.3994
-0.2076 5.2308
0.0017 5.9957
5.5397 8.4279
8.0121 -6.7955
5.6233 10.3752
-5.6828 0.5912
-1.5512 -5.4943
8.9704 4.9383
8.6814 -1.1677
7.8600 10.4693
-2.8863 11.1753
-5.5003 4.8522
-2.8772 -5.6021
2.0433 -5.5922
0.6851 -5.9113
-0.1178 5.0909
-5.6047 4.7595
-5.8335 -4.3051
-4.4565 8.2802
-3.6401 7.7758
-5.9832 -4.9084
-5.2335 4.7340
-1.7555 -5.3128
-5.7793 10.0881
-3.4896 5.4504
5.2727 -4.9286
10.4756 4.9663
-5.4756 10.5211
-5.7186 -5.4578
-2.0096 -5.7034
4.7629 5.6491
9.3334 5.5153
-5.4304 11.2799
-5.8246 -5.5609
-6.0714 -0.5922
7.4528 7.2377
7.7008 -5.6055
-5.3477 -1.3046
-5.4633 -4.0110
-1.5794 7.5843
8.8140 0.4579
-5.5505 8.8370
-2.1537 5.0045
-7.0955 10.1371
7.7633 -1.0958
5.4360 -5.8357
-5.7106 0.5806
5.4101 10.5717
8.9677 -3.8694
-5.1839 -5.7159
-5.7761 -5.5002
-5.7610 -5.5389
-1.1207 -5.8328
1.2779 -5.7740
-5.9215 5.8149
4.9224 -5.6017
-5.7445 5.2288
5.1920 -1.2598
-0.2601 -5.9555
1.3274 -5.2808
5.1360 7.5960
5.5956 -5.7182
-5.5724 5.1048
-5.5977 8.3406
-5.4521 -1.0108
-5.5073 -1.4435
1.7228 0.1554
10.5332 -0.0712
6.3385 7.5149
-5.4061 -3.6441
10.2207 -4.1280
-3.4574 4.8321
-1.6382 -5.9112
-2.6529 -1.6945
-5.5951 -5.5360
7.2290 -1.3571
5.3212 5.3496
-2.1517 -6.5639
-5.3948 -1.6143
5.9341 -2.7424
10.0998 -6.0163
-2.0287 4.4197
8.0331 -5.8907
-5.9979 -0.8529
-4.0721 11.8009
-3.0015 -1.6926
5.3547 -2.9580
-5.4719 -7.0463
-5.7443 9.7885
-5.2106 -5.6573
5.1929 5.4859
-1.1309 -5.3426
-2.5101 9.6584
-5.5403 -3.8548
-5.4380 8.6075
6.7794 -1.3866
5.1668 0.8817
9.4762 4.6703
-1.1844 -5.9052
5.1004 10.0529
-5.6969 7.6993
-2.1469 -5.8025
8.5661 -2.8532
5.1341 -3.3996
4.3668 -1.8119
5.3276 5.2193
-5.8545 5.0319
4.7548 8.7499
8.4625 -5.1497
10.2091 -5.6486
-5.6111 11.1902
-3.5239 8.9879
-5.6817 9.3891
9.2036 -5.6216
0.2686 -2.9325
-2.9284 9.3428
-5.4662 -5.1134
-3.6529 -1.8695
-2.0633 -5.2342
-5.7967 5.1478
7.2811 12.5168
-1.9427 -5.7288
-5.7837 10.5123
-5.9248 1.2484
-4.5577 0.3158
-3.6130 -5.7843
5.4785 0.5677
7.0988 4.8902
-3.1444 -2.5516
-3.7945 -5.6973
-0.7969 5.9572
8.7840 -3.8276
9.1148 4.8881
7.5735 -4.9072
-4.4597 -5.3593
-4.2554 -2.9524
-5.4970 -5.8105
-3.3681 -1.5637
5.8624 -5.7592
-5.4141 10.5816
5.1796 -5.8202
-2.3675 9.4364
-2.5304 0.7870
-2.4225 -3.7093
-5.9431 -5.5608
-1.6536 5.4920
8.2327 -1.3346
9.0542 4.8409
4.7427 -6.0012
9.4871 8.4617
-2.7577 -3.2195
-2.9899 5.2319
0.6029 -1.5777
-5.5375 -5.2762
-3.7495 -5.5446
-5.7373 -5.6236
-4.1408 9.0147
-4.2481 -5.2543
-5.7489 -5.5346
-5.2149 -3.4279
-5.8635 5.0475
8.9615 -0.8008
-1.0874 0.8047
-0.7635 5.1283
-5.6806 3.6689
-1.4431 -6.0310
-5.3336 9.0906
-5.7348 -5.6520
-1.8876 -5.6915
10.2863 -2.8834
8.6109 9.3214
-5.6187 -5.6917
4.6084 4.4345
8.9532 -1.5638
5.2123 -1.7563
0.1873 -5.3326
-1.2102 -5.6373
-5.5527 1.8155
-2.2488 -0.9892
4.7117 -2.6481
-5.6850 -5.5100
-5.6340 -1.6284
8.3059 -1.4921
-5.7266 -2.6562
-5.5915 0.7238
-0.8852 6.1692
8.4618 7.4589
-4.9280 -0.4123
6.7086 -5.8721
5.0966 4.7693
-3.8675 10.0670
7.6394 8.0017
-3.4124 5.1851
-1.9207 8.3847
-5.7200 5.2888
10.4658 5.2481
6.1064 6.6844
9.2164 0.2165
6.9488 7.0927
-5.8916 5.4384
-5.6731 11.0534
2.1742 8.3202
2.0416 2.6758
-5.6340 7.4249
-3.4977 -5.6229
6.5919 -2.9700
-1.3658 8.0900
6.9961 4.8639
-5.8881 -5.7108
-5.4266 -1.7441
-5.5104 10.4489
8.2624 -5.4017
8.2190 5.0437
12.0037 -5.6030
-3.0072 -4.2077
10.0467 -5.5358
9.7449 -2.0692
-1.5119 4.8763
5.1326 0.8840
5.3448 7.4533
9.2548 -5.2101
-5.3919 -3.4470
-5.7619 5.3907
7.9862 -5.6718
-5.9295 -0.2621
10.0853 9.4987
10.2219 -3.5462
-5.2470 -1.4503
5.0660 8.4945
8.1191 10.7427
-1.4197 -4.3761
5.5360 -6.0272
9.6278 4.7258
-0.3618 4.6646
4.2815 5.4289
-6.0795 -5.4087
-5.8349 -4.7028
-3.6847 -5.9428
4.7930 -5.6615
6.1170 8.8259
7.1888 5.0323
5.2110 -6.1098
10.1216 10.2859
-5.5418 1.5313
4.6180 -5.4754
-3.1631 7.5215
-1.0171 -2.2366
-3.8305 -1.5480
10.2727 -5.2516
-5.8677 8.6270
7.0198 -1.6239
8.2548 -5.4482
5.4364 -5.6952
4.7862 10.0988
-2.5688 2.8171
-5.6175 -0.8093
-5.6754 -0.4522
11.6725 8.9923
-5.2054 4.8042
6.5871 8.3233
-0.6806 -3.1889
8.0535 -5.7021
10.4994 5.0192
-2.7409 1.2459
-2.2100 7.1233
-3.2380 1.8694
5.6668 -5.3691
9.9881 8.4655
9.2308 -5.5929
0.5056 5.5440
10.7214 7.0096
-5.8174 5.2020
6.5627 -5.2515
5.4025 -2.8303
6.8810 5.5476
-5.7994 -1.6641
6.9332 -5.5735
-5.9545 -5.6148
-5.8357 5.4799
7.5960 -5.1846
1.0961 10.9723
1.0223 11.4516
-5.6915 6.5097
9.1849 -5.4610
-1.5646 11.5847
8.6052 -1.6431
-5.5328 -1.4062
10.3479 -5.9703
-3.0742 9.0804
6.4155 8.5202
12.6546 12.2717
-2.7773 4.2298
5.8073 8.9665
0.2908 5.9844
-4.7496 13.2192
-1.9797 7.9122
-5.6729 -5.6092
10.2875 -5.6492
-4.7495 -1.0233
5.9708 -5.2340
-0.2589 5.8513
9.4278 -5.3730
8.8673 9.6302
-5.7239 -3.8701
-5.7950 1.0299
-1.8236 10.0351
5.2590 5.1671
-2.6287 -0.4636
-5.2461 -1.9119
-0.8435 -5.4726
-5.5954 5.4457
-5.8173 11.0623
-2.4681 -5.7115
5.2731 5.5964
8.0329 8.8538
7.8797 -5.8146
1.4970 4.2657
6.8082 8.4795
-5.7150 -5.5260
11.7881 4.8713
-2.4742 4.4902
5.6945 9.0907
-5.4619 9.3881
-4.0380 5.1284
8.2270 -4.3579
5.7011 5.8406
-0.7878 -0.9932
5.2765 -2.7747
-2.6188 -2.4904
5.5076 8.8020
5.4779 10.2465
9.6335 8.7671
-5.7101 8.8889
11.6402 -5.7038
-8.3033 -3.7737
11.8962 -5.1101
-5.9117 9.0022
11.4805 4.7505
-6.0882 10.9493
-5.0072 1.0114
0.9313 -4.2313
-5.6082 6.2741
9.5505 9.2336
8.4581 9.2737
-5.6589 7.9195
-3.9042 6.8182
-5.4406 -1.6098
-5.9290 9.6667
8.9124 -0.2326
-4.0782 -1.7794
-5.7661 -5.6088
-5.7615 10.1290
-3.2446 -5.4839
-2.8792 -5.6788
5.5354 10.7672
-5.6779 10.8108
-5.5304 -1.2933
8.4127 4.5762
9.8262 5.0780
8.8709 10.1055
0.7782 -0.7149
5.0230 -0.8551
-0.0957 11.6769
5.4285 -5.7388
8.8683 -5.5893
5.0923 5.8947
-2.8988 7.2972
-5.6926 7.9623
4.8882 -5.7364
-5.8384 0.1783
6.1051 -5.1983
5.3267 -5.5024
-5.7158 5.3885
-5.2704 0.4580
12.1979 -2.2849
-2.9005 7.0798
11.7697 8.6873
8.1184 6.9610
4.8247 -0.2755
10.3351 -2.3443
8.5450 -0.6740
-5.5289 -5.8706
-5.9006 5.4478
-5.7623 -5.5292
-5.5577 -5.6349
-5.6111 -5.6119
8.9273 -5.5707
10.0516 8.1924
-5.4796 -1.1262
-1.8303 10.3576
-5.3507 4.6031
5.1905 -5.7581
-3.7783 -5.5875
-5.3574 -5.7262
-1.6037 4.9239
-5.4689 -2.7890
-3.3991 5.3568
5.1667 -5.6321
-5.7882 -5.6529
-1.6298 8.1430
5.4683 -5.8253
-5.8631 9.6761
-0.8502 -3.9486
-5.5915 -1.6708
-1.7346 -2.2120
9.6725 7.0792
2.0183 7.3652
9.1829 8.5072
-5.5983 -0.3308
-3.2842 10.0195
-2.2200 -1.8595
6.7332 -5.6065
-1.7399 6.0108
-6.1929 7.9646
8.7875 -1.7800
-5.1269 -5.4500
-5.3945 -5.7830
-3.5993 -5.3175
11.0326 -0.3826
0.7753 -2.6727
-5.6081 5.2771
6.6179 -5.9410
4.4515 -5.6732
-4.9890 -5.6756
5.2056 0.2931
-5.2132 12.8315
10.1441 -3.5617
-0.5788 -1.1324
5.7684 -5.6829
-5.6979 -5.1365
10.1806 6.7424
-0.7843 9.9250
-3.7330 4.9430
2.4651 -5.3354
-0.7951 -3.4710
-0.6373 6.8317
-5.0091 -3.9104
-0.2206 7.4424
-3.7291 9.4034
-3.3335 -2.3675
-2.0670 7.1469
-5.4543 9.7385
-5.3888 10.0155
1.4087 -5.2214
-0.6602 0.1407
0.6108 -1.6614
-6.9283 -4.6721
4.4843 4.9908
-5.2372 5.1712
-3.1613 8.9402
8.6180 8.7525
-5.8573 8.6587
5.2890 5.2675
-3.3822 -5.5181
8.0766 -5.5755
-5.8477 9.8072
-4.4261 -5.1666
-5.4155 -5.5667
5.3763 -2.1109
9.3885 -3.5606
-5.6046 4.9108
8.8026 9.5427
-2.4114 9.9960
8.7443 8.7150
5.5137 12.7292
10.9349 -5.6994
-5.6621 -5.5481
-5.5456 -0.9172
8.4715 5.5012
-2.3738 -4.3514
8.7259 -3.1820
-3.7534 -0.1318
0.6585 -5.7575
10.0570 4.7875
-2.8883 9.3083
4.9236 7.8679
-6.3101 8.9158
11.5838 -1.1941
7.6316 7.9355
-1.6208 11.3973
4.7417 -1.6089
3.3316 -0.7048
-2.6163 -5.6164
1.2347 -1.7667
-0.6035 5.4146
5.5170 9.7145
-4.1775 4.9162
-3.7868 -4.0005
5.3132 -5.4117
-5.6047 -2.9240
5.1046 6.8457
-5.5294 -6.0469
-2.8180 4.9768
-5.6109 3.9697
-1.3736 -2.4477
-5.8624 9.3491
4.3120 2.9751
-2.4351 5.3874
0.0325 9.9353
-4.3565 -0.6565
7.1339 11.6762
-3.0376 9.5955
9.6568 -1.5538
5.2131 -0.5922
-5.8452 -4.2170
-5.9812 7.8961
6.5908 -1.2990
0.4490 -5.5160
6.9082 11.0612
-5.4980 3.2380
-5.8213 9.8929
-5.5718 8.3808
-5.4729 -1.4768
5.0579 -5.9988
0.3688 9.7907
8.8743 -2.6815
5.4129 8.8630
0.7269 9.6968
-5.6853 7.6680
-5.5382 -5.5845
-2.1708 -2.7981
-5.4423 -1.7650
10.6573 -4.8454
-6.1071 -5.3211
-1.1713 -5.8512
0.4321 11.4204
-2.6997 8.8589
-5.8699 -1.6295
-5.7245 8.8300
-5.4947 -5.8647
-2.0200 -2.3821
-3.4090 0.3592
-5.8655 8.3613
-3.8284 -5.8815
-6.1124 -5.3023
-2.3693 -5.6194
-5.9818 9.1917
-0.6144 -5.7962
-6.0282 5.1398
7.8293 -5.4477
-5.7346 1.2388
-5.4357 5.5900
-0.5182 9.3409
-5.3635 -5.4799
-1.7811 3.9376
-5.4062 -5.3593
-1.0791 9.6014
8.4749 -6.0226
-5.6738 11.1213
9.1618 -5.8178
-2.2863 -4.7554
-5.5973 -5.6915
-5.7020 5.2528
-5.9049 -5.5427
-5.3617 -5.4395
-5.4063 10.7054
10.6863 10.0187
10.7657 -3.1273
5.0677 -3.1251
9.6328 -4.9130
-5.6970 10.7820
-5.8450 9.5646
-5.6264 -5.9615
8.4246 4.1015
0.3206 -5.7579
-5.5081 -5.7610
9.3058 -3.0223
-0.5013 -5.7333
-5.1597 -5.4183
8.6633 -5.3520
-5.8521 -4.9072
5.2454 -5.2766
-3.7800 -5.2237
0.3534 9.7914
7.9378 9.8602
5.0527 4.8924
5.1813 -5.6827
-1.2816 -1.9123
-2.8291 10.9711
8.0353 -1.4150
-6.0392 8.5724
5.1123 8.5168
-5.7444 -3.4469
-5.7596 -4.3135
-5.3115 -5.8756
-1.4642 7.7410
-0.6838 11.5489
-3.9601 -2.4414
2.2894 -3.4156
-1.3165 -0.7622
-5.8870 7.8289
-6.0894 -0.5022
9.3854 5.3283
-5.6466 0.1315
8.9927 5.2568
-5.9306 6.6151
-5.6780 -5.7042
-1.2920 -2.7744
5.1642 -5.4406
8.8324 11.7685
8.9710 -3.1707
-6.7311 -5.6146
-5.7029 0.0774
7.9560 5.2299
-1.6622 -2.4455
-1.4735 4.5927
-1.8918 8.2535
-3.3842 4.8979
6.8225 -5.2855
-5.8803 -1.2991
9.4795 4.7476
-4.9562 7.2797
5.7409 -5.8204
5.1198 9.0487
8.2216 10.4349
-0.3531 -5.5243
5.9747 -0.0147
4.8349 9.3706
-5.9639 -5.4880
-2.3846 -3.6358
7.9577 -5.6972
-5.4150 5.0512
-5.8288 0.1112
10.5702 5.7553
-3.8311 -1.4316
7.8869 -5.3751
-5.4353 -5.6525
-2.3117 0.6913
-5.5148 -0.3346
-4.2191 -2.9284
-5.6728 9.3776
9.5823 -6.0110
-1.8319 4.9141
4.2564 -5.5789
4.8413 7.3235
3.7140 10.6872
7.4298 -5.5072
4.9462 -2.6607
-5.3900 0.1262
-5.5666 -4.4111
10.4975 8.2345
0.5798 -3.9659
-2.3757 4.9237
-5.4814 -5.9501
7.4758 -1.9856
-2.3481 7.8735
8.0328 -2.5269
-2.5208 -5.4611
-5.0789 4.9332
-5.3514 -5.9598
-3.2608 -2.4144
-6.0097 -5.8786
-2.5711 8.6561
11.0149 4.5230
-3.4483 -1.8438
4.7559 -1.4411
-5.8030 -5.5545
-5.6998 -5.6773
-5.4242 2.0547
4.8464 5.1111
9.9594 5.0365
6.9243 8.6205
5.4979 -5.6409
8.2845 8.1098
-4.7091 9.9636
10.4624 -5.7885
-1.8986 0.0660
-0.4159 7.0284
5.0863 5.7176
-5.8997 9.8742
-5.2762 -5.4227
7.5016 -5.7157
8.8578 2.2393
-5.5212 8.4279
10.6267 5.1378
4.8259 -2.1486
-2.5212 -5.0390
-1.7968 9.4155
7.7672 5.3646
9.0489 5.6081
-6.1796 -1.2173
-5.5336 9.8224
-5.4334 4.8299
11.1117 7.0468
-5.6926 11.0426
-5.7207 -4.1182
-5.9891 -2.1524
4.9157 5.4713
8.8086 -5.3760
8.1359 -2.4372
-5.9116 9.2106
4.9676 -1.7197
-1.1557 9.3119
9.9013 -3.1053
-5.6134 8.8247
8.4087 -2.6681
10.5404 -5.7133
-5.0432 -5.5333
9.7255 -5.7619
-5.1394 8.9178
-3.0299 8.7132
-1.3783 1.1283
7.5041 -0.0586
-4.9872 8.3602
-5.9727 -1.5019
-5.4090 -0.3412
9.5159 -2.5839
5.0934 -5.7180
4.3691 8.3300
-0.4814 -5.7342
-4.8393 5.4821
8.9676 10.4708
7.3523 -5.6606
-2.1085 -2.9943
-2.3852 -5.4190
-5.3650 -2.7709
-0.7496 -1.1098
-2.6456 5.1857
4.8125 -1.9915
4.9497 -5.8081
10.3414 -5.8502
9.1887 -0.2454
8.8142 -5.7498
-3.8757 10.5612
10.0869 0.0059
5.0831 5.9012
10.6306 8.7158
-5.6567 -1.4109
5.0612 4.4773
-3.1831 -5.5882
-5.1663 -5.4454
0.9731 9.1688
9.6062 10.8052
9.1358 5.1777
-5.3487 -5.5756
8.3088 5.2305
-1.2491 -5.5300
-4.5292 -5.5305
0.7849 7.2378
10.7225 -3.8233
-5.5073 -3.0556
1.0597 10.0006
10.0400 -5.5910
-2.5476 -3.8415
4.7706 -5.5203
-2.3269 -5.9492
-5.6529 6.7001
4.9665 -2.6758
-5.7917 8.2507
-1.8362 9.4906
8.9767 -5.7542
9.5800 4.6141
-5.6900 -6.1921
6.5874 -5.4266
-5.7921 8.6685
7.2265 9.0227
-5.4617 4.8863
-6.1484 -1.9478
-1.5173 5.4301
-5.3454 -3.0393
-5.2033 -1.9164
-3.7333 7.8636
11.1705 -5.6286
9.2041 -5.9816
-0.5749 6.7081
-5.9873 -5.2504
4.8875 -5.6896
-5.6005 -2.1681
-5.9177 -5.6699
-1.3194 5.1596
-5.3968 12.3959
8.7516 -2.0247
-5.4777 -2.1395
3.5732 -1.6197
-2.9350 5.2322
-5.6065 8.1118
-3.5276 -1.0154
7.9485 -1.8087
-5.4416 -4.3732
4.6127 -2.3553
9.4416 10.1433
-2.9446 5.3031
-2.9134 9.8256
5.8083 8.8679
9.0221 8.4006
-2.9009 9.3894
-2.2356 9.0911
8.6215 8.5267
-1.0987 -3.7808
-5.6417 -1.2172
-4.1897 5.4147
-0.2543 8.3856
7.5756 9.5828
-1.6075 -0.3690
8.3214 -3.2098
-5.8540 0.6997
8.2407 -5.8894
-0.9857 9.1344
-5.6665 -4.9530
-5.8428 11.2668
-3.0488 0.7995
1.7455 -5.3561
-5.5571 0.1129
-5.4254 -5.9409
-0.4824 -1.6135
5.0931 7.1045
4.3626 -0.0441
8.4004 8.0932
10.2352 -5.4358
-5.8601 8.4664
-0.2099 10.4567
4.7236 -5.6596
9.8788 12.4971
0.5029 8.7905
-5.8034 -2.0314
-0.7963 -0.5197
1.4162 5.3185
-2.9990 -5.6167
-0.4527 8.4508
11.4862 -5.4233
-5.1646 8.2688
8.5457 -0.6067
-3.4293 5.0111
8.6037 9.2072
4.7583 8.9601
-4.0128 9.2404
9.7689 -5.7464
-0.3369 -3.2520
-3.5164 -5.8802
8.4750 -6.0114
5.1260 -1.8316
-5.9564 -5.7018
-1.1778 5.4842
-5.7022 10.3278
-5.8561 -5.6400
0.4349 7.2158
-1.9996 -5.7509
-2.7901 -3.0143
4.6521 -2.2517
8.0961 4.9624
10.5963 0.5965
0.2131 8.8051
-5.4098 5.4336
-2.8011 7.7637
-5.7329 7.4936
-1.3128 -5.9858
3.9643 -1.4860
5.5050 -0.6763
-1.5461 -0.5977
-5.7108 -5.6348
-5.7093 -0.8069
-5.5597 -6.2151
-5.8852 -5.6796
9.5972 5.1478
-5.5239 -5.3754
9.9297 8.0390
-5.3732 8.3507
-5.4382 -5.6891
-3.4386 7.7606
-6.3335 0.0601
10.4779 5.0143
8.6780 -0.7471
-0.7839 -0.6435
4.8095 7.6869
-5.9277 9.6828
6.3688 14.8774
7.3829 -6.0139
-1.4184 -5.8661
-5.9411 -6.1311
-5.9024 -3.6344
10.1625 -6.0377
7.3714 -5.6398
4.6427 -0.4502
4.2297 -5.4700
-5.0599 2.5835
0.0287 -5.6598
-5.6182 12.3645
-2.2695 4.9491
-3.5915 4.8318
4.7703 4.9314
-4.7681 9.4636
10.4434 6.8616
11.8136 2.2612
10.6346 10.7932
-3.9238 -2.1077
-4.3045 -2.5193
-5.5516 -1.3904
-1.1225 -1.2157
-0.6466 -5.9713
4.9064 4.0169
9.3337 -2.2916
7.5784 -1.0940
5.1003 -5.9008
9.8342 -5.3726
-3.4297 -4.1092
-4.9586 9.2848
12.2089 -1.0212
8.1761 -0.8838
-5.6880 -5.5723
-5.7495 -5.5205
-1.4509 4.8272
-5.7693 -5.9063
4.3895 5.0285
-3.1052 -5.6004
-5.4957 -5.8151
7.0768 8.8565
9.1083 -5.3539
-5.2732 -0.9486
7.1893 -5.3645
-1.8176 -4.6356
8.1174 5.2707
8.2483 -2.2186
11.9244 5.2380
9.5306 0.0540
-2.7202 10.4564
-3.5867 4.8811
-2.6200 5.2299
-3.7064 -1.1199
-5.2983 -1.8888
-3.4779 5.3859
5.3960 0.9841
-6.0732 -5.3970
6.2816 7.0118
4.5163 -5.9277
5.2126 0.9179
-2.0836 -3.3614
-1.4379 -5.3936
10.0598 9.5626
0.7278 5.0179
8.5828 -3.8685
10.3343 5.2885
-5.6680 5.1573
-5.4589 -1.6158
5.3893 8.2922
-5.8562 -0.8150
-2.7392 9.2561
8.5048 -0.6433
-5.7250 10.7826
-5.5196 11.0042
-0.9702 8.0722
5.2366 9.6648
10.0280 -1.2702
-5.7128 5.2727
-1.8529 4.7007
6.6572 5.2839
-5.9352 5.6829
5.2482 -5.8064
-6.1406 6.5178
-5.8885 5.2162
-1.8394 -5.6815
-5.9396 5.3147
-0.6914 9.2305
-5.3157 -5.6147
1.3183 -2.0185
10.7309 -1.4350
5.7997 -5.6523
-5.4115 -0.9345
-5.1339 -5.5816
-0.9233 -5.7561
-0.0164 0.0110
-1.2753 8.3201
-3.5850 4.8792
7.6106 -3.5847
-5.3989 4.9825
-4.1044 7.7312
7.6423 -1.5920
-1.9462 -5.4305
8.6371 -5.2099
0.6181 5.5768
-2.3439 -5.6562
4.7219 -5.5218
-5.7753 8.7318
0.7415 -5.6204
-0.6755 10.4074
-6.0040 -3.6007
10.4008 -5.8919
-0.7008 5.2921
9.1758 8.8449
9.9360 5.1960
9.4597 10.3654
-1.3549 5.2822
-2.1758 4.8994
-5.3580 -1.8753
12.8801 -4.6026
8.7605 -3.6561
5.1861 11.6692
-2.8225 -4.9938
5.1243 -5.5015
-5.6711 -3.1268
10.2319 -4.8434
-1.7079 -5.3091
-5.7483 10.6602
-5.3964 -5.3796
7.7624 -5.5382
-1.5384 4.6422
8.1511 -1.5999
-4.8287 6.2162
5.1420 -6.6919
-1.2914 12.0998
4.7517 6.6861
0.2074 -5.7590
8.0563 -1.3155
-5.7517 -1.7433
9.5221 11.6481
-1.3156 10.0004
-5.5264 6.9994
-5.6809 8.6668
7.3414 -5.8425
9.3107 -2.6929
9.1886 -4.0444
-5.7982 11.5800
-2.9706 9.0889
9.2692 -0.0836
-5.9571 9.8022
-2.4731 -2.0379
5.1691 -4.1471
-5.7184 -5.4010
8.6641 1.1015
8.8695 -2.9395
-5.9098 5.5656
9.6126 4.4498
7.7739 -2.7838
-2.3767 -0.3553
10.0360 4.8733
-5.4664 -5.3472
-5.1606 -5.5706
2.1169 -5.3767
-1.8932 -3.1692
4.6692 5.3548
5.1788 -2.3554
4.7580 -5.9543
-5.5353 8.3915
0.6368 7.5878
5.0822 4.9694
-5.4171 -2.4826
-2.7280 -1.2473
-2.4752 -5.5689
-5.3597 -3.1188
-5.6520 -5.8028
4.9528 -5.3290
7.3112 8.3940
-4.1878 8.1867
-0.0054 9.5951
-5.6285 -4.9517
7.8225 -4.5669
-6.0135 -0.1736
9.6569 -2.8295
5.0054 -2.1268
1.2863 4.9647
9.3733 9.7261
4.8731 -5.6598
11.0139 -5.6605
6.2233 -5.6809
-5.6613 0.2899
-0.7703 -5.9759
-5.5782 4.8848
-5.4518 -5.8280
-1.1562 5.6747
-1.6893 0.8266
-1.2793 -3.5446
-5.4406 -5.4493
-5.3242 -5.1960
-0.2977 -2.0094
-5.2412 -0.9461
5.2239 6.6243
-0.2346 5.5572
-5.3483 -5.7126
0.0167 9.0744
9.6479 -5.2180
1.4226 8.0932
-5.8812 -4.9278
-5.3616 -5.7873
7.0760 10.9837
-0.9048 -0.6685
9.9043 -0.8008
9.5682 -1.2035
-1.0043 -1.3055
-3.3109 4.8886
-3.5318 -0.2599
-5.2162 9.0378
4.8409 0.4005
-4.1618 -5.5333
5.2544 0.0674
8.8876 10.7262
-3.0167 -5.4391
11.5197 8.0049
8.5348 7.2934
-5.3686 8.3213
-5.8555 8.9533
-5.3994 5.2136
-6.0323 -0.9108
9.3521 7.7891
-5.2740 -5.3077
-1.7151 5.2857
-5.5292 0.2564
0.9413 8.3435
10.4185 -5.5569
-1.0278 -1.7888
-6.1971 6.4493
-0.9693 4.6865
7.1157 2.5112
9.4198 -2.6194
10.2363 -0.5565
-4.9819 -5.7111
4.8491 7.5544
12.2088 9.3527
9.1967 8.5570
-5.8594 -0.6576
-0.4651 -5.7390
-2.6820 -3.7928
-1.7552 2.7238
-5.8270 6.1751
-0.4817 8.8854
7.9376 9.4300
-5.7005 -4.8114
-0.8218 -5.8849
4.9975 -3.6306
-2.5598 6.5023
-2.4569 9.9227
-1.1869 -4.1263
-5.7406 -2.9533
7.9456 10.0933
-5.4693 6.2867
0.4910 -3.6912
-5.8150 -5.5509
8.5124 -5.5934
10.3972 8.5234
-5.8005 8.1069
1.0391 5.4925
-5.5135 -5.5805
-6.0048 -5.7552
-5.6425 -2.6439
-1.0875 11.5289
8.2797 9.2389
-5.6433 0.0238
-5.6988 -0.2557
6.6785 -5.3344
5.0857 -0.7438
-5.0388 -5.5263
-3.1594 5.0411
-5.4524 4.6610
-2.9437 5.6314
10.0182 -5.6385
-5.7777 -2.5844
4.5877 9.2601
8.1268 -3.4385
-5.0510 11.1345
7.6014 -2.8946
11.3675 4.7451
10.0738 -4.3088
4.7910 -5.4908
-5.4822 -5.4996
-0.6734 -5.6677
-6.0280 4.8256
5.5786 -5.5379
4.8437 -5.6426
-0.7334 8.1226
-2.5128 -6.0469
-3.9630 -5.7434
-2.1114 -5.6993
-2.8592 -5.8437
-0.9718 -6.9579
-5.6625 5.4229
-2.5639 -5.4865
5.0053 -2.3164
10.6751 -3.6793
4.6341 -2.1102
0.7818 8.0901
9.9852 -0.8140
4.7888 6.9205
-5.9768 -5.6014
-1.8754 -5.7508
-0.4989 -5.4940
-5.7007 9.8681
2.2799 5.0936
12.1853 -6.1860
-0.8560 -5.4174
-5.7506 -1.1923
-2.4084 5.1679
10.1004 11.0703
-1.1970 -1.1503
-5.8604 -0.1314
11.5990 -5.5497
-2.7786 1.6043
-2.1034 2.4922
5.6517 6.9808
-5.2196 9.1115
8.0451 4.3924
8.5830 9.5171
7.8448 7.1865
-6.1517 7.2090
-5.7369 -5.7314
5.2811 9.3564
0.5879 -5.7490
7.0115 8.5482
2.0022 -5.3997
-5.9282 5.0642
-5.4587 9.4998
-1.5726 11.6257
-5.8051 9.7719
7.5920 9.6083
9.0247 10.7331
4.8912 -1.0281
7.0399 7.2581
-5.4562 9.9064
-0.9707 -5.6864
8.5467 5.1626
5.3238 7.0026
8.1243 -4.0697
-2.4801 10.1066
-5.3275 -5.6339
4.9449 -5.4906
9.6101 -5.5551
10.8813 8.5861
-5.6473 -5.8118
11.5946 9.0609
-2.6894 -5.4729
5.0551 -5.3965
8.5254 8.0639
-5.2077 -1.4187
-2.9435 -3.6615
-5.3570 -5.4888
-3.6402 -5.7845
-0.2559 0.1421
0.5280 -5.5826
0.7124 -5.6344
-5.7571 -3.1527
-5.7519 5.4997
-5.7986 7.2102
-2.5479 -5.6653
4.9826 -3.6824
8.2573 -5.5548
-5.3070 -3.6648
5.3384 0.8121
5.4505 -5.5879
4.9383 -1.4022
-0.1380 9.6555
-5.3340 8.3278
-3.8480 4.9272
-6.1361 -5.7058
5.4320 5.4344
9.3943 -5.5537
-5.2598 8.6837
-2.6272 1.0905
-6.0772 8.7999
-1.4028 -5.1630
-5.7333 -1.1548
1.9783 1.3308
5.4678 10.3441
1.4962 -0.5803
-5.5261 9.7187
-2.1865 -5.6202
-1.1229 0.1886
5.0632 -1.7292
0.6594 9.6836
8.9095 7.4261
-5.3609 6.8856
-2.0006 -6.7158
8.9739 9.0596
7.5180 -5.5172
-5.4716 1.1532
9.5191 0.7116
4.9252 5.5819
9.7643 -2.2864
8.7821 -0.5025
-5.5590 -5.6882
-5.7583 -5.3912
-0.9737 8.2096
-5.7585 5.6591
-2.4989 -5.7088
-6.1804 -3.3655
0.6073 -5.7639
7.9045 4.5405
-5.4677 5.2480
7.5157 -0.9446
-5.3054 0.1066
5.1922 -5.8146
10.7716 7.9607
9.1833 -3.6349
7.8029 5.2429
-5.4938 -1.1608
0.8738 9.8564
8.2917 -3.4321
-3.9271 4.5581
4.8872 -5.9564
-5.6033 7.3459
7.9309 -5.7889
8.2089 -5.3944
-2.7520 4.6386
-1.7146 4.9248
8.4945 11.7254
-2.1300 -0.5041
0.6588 10.1108
-5.5132 -0.4503
4.9195 9.7074
-2.4055 5.3283
-5.8556 -5.6091
-2.5285 9.0216
-5.5416 5.2307
-1.0377 11.1952
8.8564 -5.4305
-6.0288 10.0067
5.5292 0.0293
-4.4353 7.6838
5.0296 6.3315
-0.1274 -0.9528
9.2238 -0.3502
4.6842 10.7283
7.5320 -2.0257
-5.6654 1.8049
5.1443 -5.1901
5.6601 -1.7277
-5.6167 -5.6628
5.5761 10.0172
5.1109 -5.7324
9.0837 -2.1810
1.0910 5.0275
-1.6280 8.4378
-3.2611 -5.8379
8.7900 -3.2171
5.2668 5.2333
-2.4122 -5.6027
4.0840 -1.6043
9.0030 4.3120
-0.2752 9.0663
-2.9444 8.6796
-1.4994 -0.8058
4.8987 9.6985
4.6172 -5.5502
5.4086 -0.9145
-5.6083 -5.6808
5.4303 -3.7264
10.6977 -5.4957
9.1267 8.8777
8.8213 -3.5124
9.0859 5.4030
5.3371 -5.2176
5.1109 -5.5857
-2.9731 7.5059
-0.4132 -1.5442
-5.3584 9.8990
-5.6157 -5.3634
6.0386 8.5317
-3.6598 -2.7125
10.0621 7.9639
-5.6050 -1.8258
-0.5258 8.6887
8.0948 -1.8304
-1.6774 -5.8001
10.0767 5.4863
-0.9025 -0.9237
-5.4915 -5.3890
4.9785 -2.2638
-2.5307 -5.5245
9.0308 -5.3706
6.6132 -2.4485
-5.8844 -5.6551
-4.5747 -2.6647
4.5687 5.2750
-3.0329 -5.9532
9.1890 -5.9994
-5.8821 7.5559
-5.8603 -5.4429
8.6861 8.4114
1.0775 9.3119
4.9241 0.6694
6.5079 -5.2098
8.2177 -5.6590
-1.2186 -1.7336
-3.3132 5.6477
-0.3892 10.2096
4.6714 1.6531
1.0962 5.8764
10.4567 -1.6215
-5.9249 6.6932
-5.4355 10.1415
4.5683 -2.0570
-5.3922 0.6389
5.1686 -6.0035
-6.1015 0.2070
-0.8784 5.4101
9.4992 10.0416
4.9198 -1.7460
-1.3219 -2.8873
-4.7960 3.2880
-2.5374 -5.7548
-5.2558 4.7249
9.0651 -5.5900
10.8057 -5.2496
10.2497 4.6083
-5.9342 -2.6782
-5.6888 -5.7816
-1.5510 -5.7139
9.0482 -5.4981
8.6641 -5.8029
7.3649 8.8919
-0.8833 5.5535
0.0620 7.7133
-5.5430 -1.0970
-0.6456 -1.0765
-2.8578 8.7555
5.1878 8.2937
5.7016 5.7597
10.2599 -3.3607
7.1012 11.2671
-0.8694 5.4950
-2.5678 -1.0594
7.7600 -5.5088
-0.6766 -5.5941
-5.7085 -5.3629
9.1034 -1.0327
-5.3562 -0.9355
9.3424 -1.4609
-4.2882 -2.6134
-8.1838 8.6747
8.6164 -5.1374
9.6192 10.0610
-0.8711 -1.8584
11.1788 0.0526
-2.7125 8.9317
-5.6305 -5.5573
-3.2269 -1.5583
10.0448 9.7279
5.4524 1.8380
7.6531 -5.7018
-5.9323 7.6373
7.9341 7.4663
-3.2348 -0.8597
-5.6680 9.6325
-4.5928 10.2222
7.7798 -0.7554
9.6433 -5.6471
9.1375 4.9445
-5.5412 9.1991
8.7422 -5.5825
5.1412 -5.4898
5.2802 -0.0769
4.8243 -3.4771
5.3619 -3.4938
4.1974 -5.7591
-5.5173 -2.4961
4.4337 -3.4027
-5.9131 -1.5599
8.7843 -5.8205
9.7348 9.9950
10.1247 9.6349
-5.7071 -2.7298
-2.4631 -5.5963
4.9294 7.8144
-2.1529 -1.3428
-6.0704 -5.8247
-0.8553 2.8064
5.0835 -5.7965
5.2571 -1.1251
-5.6666 9.5977
4.5780 5.0377
-1.4211 5.1900
9.9553 5.1300
5.1297 7.8745
11.4776 8.8709
10.3325 5.0652
-5.6723 4.8976
-1.6934 7.5426
-3.4647 -3.6694
-0.1061 -5.9726
-2.5209 9.4330
-5.7664 -5.6928
-5.8199 -5.5980
8.4654 -1.6639
0.1460 -6.4021
9.1255 10.2832
9.6113 -1.5893
5.0718 0.0953
-5.7204 -5.3735
-1.9553 -7.5043
5.5731 -5.4819
4.6028 10.5459
6.7827 7.7868
-4.7696 0.2891
5.1388 -1.4466
12.5114 -5.6720
-1.0962 12.6384
-2.8293 -5.7465
6.4955 9.3541
-5.6038 0.9459
5.7246 -2.0336
4.4698 -5.4356
5.0321 5.2727
8.9272 -2.4502
-6.2810 9.1215
-5.9101 7.8024
-5.6706 -5.6475
-1.2748 4.5449
1.1554 -3.0928
5.1939 6.5980
-5.7680 -5.3533
8.9820 -5.6840
5.1675 -1.8407
5.5250 9.4121
0.6086 -3.2877
-5.5561 -5.6515
4.6589 6.2386
-1.5198 0.7969
1.4630 5.2664
-2.3919 -0.1967
12.1876 4.9790
-1.2053 -2.6956
9.2890 0.7749
-3.3760 0.3733
-3.6765 -0.3477
-1.6391 -5.8116
7.5781 -2.4456
9.9355 -5.6245
-2.2902 4.8194
9.8283 -5.1994
-5.5143 -2.7507
-0.5232 -0.8725
-4.5196 -2.0226
-5.7671 -0.4646
11.4565 -5.3337
6.2567 -3.6801
-0.0610 -5.7720
-5.7744 5.1111
8.8110 -1.8516
-2.5758 7.8393
-1.0690 4.8381
-2.6572 -0.4182
-0.2671 -5.5745
4.5811 5.7444
-3.7115 -5.7289
-5.5122 -5.5564
7.9910 8.0268
0.3784 9.2032
-3.2636 5.1236
6.6118 -5.4185
9.1471 -3.4158
-5.8379 -2.7507
8.1700 7.9758
-3.1889 -5.4503
12.2555 -5.7595
4.8664 -5.6107
-2.4759 -4.1492
-5.5726 -5.8218
-3.4825 -1.1039
-5.7329 -1.6955
-5.8664 10.2324
-5.8161 8.5994
4.6328 5.1378
-5.1234 8.6313
4.6881 0.3917
5.2741 -2.6437
11.0934 5.6540
4.5708 6.2707
-3.0631 -5.4796
8.4236 8.0215
-2.7466 -1.7507
-1.0219 11.3159
10.8384 3.3754
8.3688 -5.4276
5.0953 -5.6271
-2.7249 -3.0150
9.4577 7.7498
-2.0167 -5.6898
5.2349 9.7142
6.8175 5.2761
-1.7867 8.0271
9.1664 -0.8971
-5.7362 -5.4953
-0.9318 -3.1133
-5.6437 -5.5508
-4.4245 4.7782
8.6934 -2.8061
1.0527 8.9150
-0.7209 5.5788
4.7742 -5.4332
-2.2749 1.5923
-5.3095 -2.7898
7.8205 6.9994
9.4111 -1.4981
0.6803 7.4431
-6.0433 -5.6493
-5.6076 -0.8110
-3.6145 -2.7497
-2.1895 0.2000
-5.4503 1.0612
7.6925 8.6392
-5.5961 -5.9080
7.6884 -5.6565
-4.3341 7.4097
5.7944 -5.5886
0.6145 4.9470
-2.8254 5.0496
-5.3093 7.2786
-5.8781 -0.4400
-5.8691 -5.8541
-5.9475 7.3750
-5.9291 -5.3310
-5.5826 14.0158
8.0071 -3.2597
5.3257 8.8720
4.8263 8.9340
-5.4273 -5.7057
9.8415 -5.5897
-5.7894 8.0161
-5.7189 5.4966
-5.3019 5.5348
1.1941 -2.3950
-5.0695 5.1010
-3.8490 7.8612
-5.5728 -4.9070
-5.6871 -3.8057
-1.4931 10.1062
8.1801 -5.5975
-5.8160 -6.0531
9.5956 -3.4217
5.0288 6.2813
-0.4959 8.8372
9.7545 5.5298
4.4449 -1.7684
8.1842 -5.1538
-5.4670 5.9626
8.5818 7.4503
6.3953 7.6488
-5.4177 -5.8686
0.0932 -6.2991
7.7903 1.0930
7.1653 10.7351
-5.4395 -5.3679
-5.8643 -4.9981
-6.0234 10.2608
7.9533 11.4566
7.4262 -5.9172
-5.2706 -5.3543
-5.5991 -5.7550
7.6484 -5.4734
-5.5526 8.5120
0.2398 -0.9583
9.9950 8.4988
-5.6895 -5.4857
-2.5197 0.9925
-1.2216 -5.8033
-0.7470 -5.3496
-6.8998 11.9450
4.9399 2.8604
5.0423 -5.8708
-1.8368 -2.8034
13.4262 -6.0997
-0.7890 -5.6398
-5.5435 8.5055
-1.8836 5.0150
-5.5792 -5.3047
5.5687 -5.5817
-5.7422 4.6289
-3.7484 3.4904
-1.5591 6.6657
7.2039 7.7728
8.2632 7.7063
-1.0763 4.8891
-2.1249 -0.1178
-5.5478 5.5234
4.4700 -2.2167
2.0958 9.1760
7.3796 5.2393
4.8999 -5.6171
-5.8695 5.7890
-0.0417 8.9024
-5.7426 -1.7892
8.3464 -5.4446
-5.5486 -3.9954
7.4020 -5.9868
5.0338 -5.8405
-5.6604 12.0282
-4.3926 -6.0245
-5.2911 4.9272
-0.6783 -3.2487
-2.9211 -3.3694
8.0496 -3.2747
-1.7660 11.4374
-1.5279 -5.5234
-5.7789 5.7237
8.4307 -0.6714
-3.5958 6.7420
-5.3439 -4.1660
4.8710 -5.7300
-2.4453 8.9192
-5.4620 -4.6064
-5.7681 9.9667
-5.5707 -5.5819
6.0834 6.9686
-5.7375 -2.9455
-4.4193 8.2547
-5.6850 -5.5858
0.8630 11.3359
-5.5011 -6.1739
1.8006 11.7527
-0.7059 4.8012
-0.0261 -6.2491
-5.6719 11.3027
8.4935 -5.4750
7.9531 -2.3450
4.9016 -5.5254
10.8389 -3.8633
-3.4560 -1.4514
5.5689 -5.5216
-5.1278 -1.0263
-5.6678 8.0786
6.9959 9.7372
10.0898 8.4896
7.9336 -5.6769
8.3887 8.4631
8.3264 -3.2906
5.3040 -5.7621
0.8215 0.7531
-1.1514 -5.5470
-2.7145 4.9452
-5.4166 7.7719
5.0313 -5.4172
4.6216 8.9562
9.0250 4.8527
-5.9565 -5.4431
4.2533 7.6170
-5.9617 -5.6465
9.0806 -1.0274
-5.7558 4.7301
-5.5991 10.2051
0.5763 -5.8728
-5.5531 6.3612
-5.8136 9.4289
-5.6571 7.5960
-0.1196 9.5869
5.4383 -4.6612
-5.8160 10.1742
4.7156 11.4434
2.8991 2.4583
5.6151 -1.0474
-4.5564 -5.3788
-3.3981 8.1487
-1.0768 10.6028
-5.5701 4.8818
5.3576 -5.4374
9.7854 8.9840
-4.3210 8.9394
9.4493 -5.4775
1.3698 10.2887
-2.0997 -5.7505
-2.2691 -0.3578
8.1106 -3.1656
-5.3497 -3.5520
8.9004 11.8733
-5.4594 4.8462
-5.7946 -5.3459
8.6563 9.2800
8.9717 4.7914
7.9302 -0.4812
9.3253 5.2230
-0.5826 -5.7011
-1.7953 7.7039
0.2140 -5.8634
-1.1187 -5.5899
-5.4696 3.1505
-0.2438 7.4351
8.0439 -1.7960
-5.7395 5.7743
-5.4398 -5.6301
-5.9079 10.9507
0.0137 -3.7905
-5.4909 9.7354
10.4404 -5.3838
9.1978 -6.1953
-4.2527 4.0491
5.3747 7.9189
-5.5485 -2.2060
8.9265 5.1417
-5.8654 -5.6623
-3.3366 5.6226
7.5232 -1.3993
8.4969 -5.7150
4.8810 -5.6933
-0.8573 7.4478
8.0904 0.3543
-5.5965 -5.2240
-5.5850 8.6005
-6.0580 -5.0404
-5.6332 0.5430
-2.3846 7.7583
6.5751 -5.6829
4.9092 -5.5975
11.1990 9.6845
4.5704 4.8848
5.7037 -1.6323
8.1469 0.5900
-5.8177 -3.4575
-1.5907 5.4812
-4.0429 -0.6769
9.0655 -3.6190
4.3975 8.4636
8.5434 0.8087
8.6642 -6.0713
-5.4021 5.2768
8.3702 1.7674
1.7804 -5.4956
12.2117 -2.5467
9.3671 -3.2337
-5.7473 -3.6233
-2.0873 4.7852
-3.1381 -5.5784
-5.9587 -3.3988
-0.5951 7.5396
-2.0316 -3.6428
-3.1986 0.4349
-5.3617 -3.7488
-5.1799 -5.8105
-5.9368 -5.5499
-1.1668 -5.6842
4.7711 -5.6360
9.0408 -3.2195
-5.5026 5.5478
-5.5778 -4.6782
-5.9414 -2.9088
7.5138 -5.3854
-5.9600 9.0013
0.3809 -5.5716
0.4675 -5.7066
-1.6022 -3.9174
-5.6620 7.5741
-2.4063 8.5196
-5.7472 5.5985
11.0031 5.1323
-5.8868 -0.0165
-5.5867 4.9060
-5.3411 -5.4439
-5.4466 -2.8301
-4.1638 -5.4545
-5.4866 8.8416
8.7129 9.6547
1.2696 -5.4264
3.2310 9.2101
8.3037 -5.4223
5.1915 0.1281
9.6242 -5.5740
9.0808 4.5000
-4.0968 -2.8181
-5.7085 -2.0385
9.8142 5.0130
-2.8776 0.9820
-3.4900 11.8464
-5.8125 -4.2143
-5.3315 -2.4357
4.4366 -5.7011
-3.5813 0.0076
9.2897 10.5272
-2.6323 10.8144
8.0415 9.2671
-5.8167 -3.1698
6.9407 -4.9527
8.7197 -5.3072
5.4623 7.1637
-5.4238 8.4790
6.3247 -2.7158
1.2288 1.9580
-2.1621 9.4817
-2.1929 -5.9695
9.2819 -1.4879
-5.6119 -5.6209
7.8148 11.4390
-6.1125 -1.2078
8.4233 -5.6602
-5.6653 9.2802
10.0242 8.5595
7.7162 -1.4922
4.6737 11.8878
-5.3789 -2.2756
0.4402 0.2910
7.4074 4.8558
-0.4937 -1.1622
-2.1693 -2.6921
-2.8353 6.7923
5.6700 -1.3614
-2.0558 4.3419
-5.6697 5.5539
-5.6849 0.3918
-1.1220 9.6995
-5.3468 -3.0957
10.2679 -5.8387
-3.1265 -2.3206
5.0277 4.9427
9.3143 -5.6162
-5.8685 8.1110
-5.3616 0.3600
0.3261 11.4906
1.6180 -5.8866
7.8751 5.4691
-5.8895 -5.7174
-5.6348 6.8409
5.8608 8.0292
-5.7851 -5.6266
-5.0922 -5.8005
7.0120 7.4705
-0.6848 -1.7446
10.1143 4.9886
7.2513 -5.5649
-5.3409 8.4257
-0.5440 -5.1512
9.5712 -5.4652
9.6866 5.0999
10.0630 9.5896
-5.7291 10.2097
4.8833 -3.0766
-3.5789 -5.7673
-1.7307 5.2160
-4.1079 -1.5314
-5.5874 -5.3879
1.2307 9.7062
5.4120 -4.3051
11.0733 -5.7644
10.3895 -1.2353
-5.8934 -5.6035
5.3593 4.9391
-5.8373 1.4392
-2.8639 5.5621
-3.2652 10.4874
-5.0539 8.8760
8.6028 8.5994
4.6574 -1.6185
4.8263 8.9638
-6.0008 -4.9189
-3.0929 8.7753
-5.6513 -2.0641
-5.5135 -5.1962
-5.4594 -1.8981
-5.8175 -5.9494
-0.1516 -4.3387
-5.2057 5.1622
5.9092 -1.5570
-0.8602 -0.0236
4.9927 1.3311
6.7319 -5.5433
-5.6300 8.4456
-5.7786 9.3345
-0.4086 -2.6490
-5.3045 -5.6361
-5.5448 4.8403
6.9795 -5.5426
-1.2399 11.4989
7.8985 -5.4581
4.5187 4.9950
8.1866 8.8081
0.4532 8.2477
-5.5997 -5.3208
-5.5970 -0.0475
1.5504 -5.5161
-5.7593 -5.1898
-5.7188 0.1971
6.8632 -6.1631
8.1845 -6.0581
-5.5364 -5.7263
7.1638 10.3877
9.3141 -2.2314
6.1104 11.2290
5.0283 -2.9165
-1.8734 -3.6176
0.2324 -3.2402
-4.1801 -0.7860
-2.9360 5.0917
7.6751 -1.4946
8.3596 4.9679
-1.8584 -2.0622
9.0665 9.0108
9.6807 8.1989
-5.3826 7.6993
-3.7995 5.2501
0.4029 -3.4652
4.9140 -5.7113
-5.4777 -5.3724
-5.7189 7.7947
-2.2360 -3.4956
-0.9392 -5.7239
-2.4009 -1.6933
10.0660 -1.5302
-5.6278 0.5169
1.7337 10.1151
9.2280 -6.2752
-1.4613 4.9627
7.6201 -4.4161
-2.1301 8.0712
-2.2683 5.2139
-0.2668 -1.2584
-6.0774 4.6336
-5.6283 -1.4986
-4.2059 -5.9153
-5.1606 -1.8519
1.5834 -1.2798
-5.4433 -1.0931
11.6996 -5.5953
0.4915 10.3053
5.0036 10.2764
-5.5468 9.4941
-5.5811 -5.7271
-5.2540 -3.7234
5.0936 4.7389
8.6406 6.5142
4.7259 5.6778
-1.4697 -5.8440
-1.8911 -5.5557
-2.0877 8.7726
-2.8195 -5.5932
-1.4421 0.0708
7.0140 -1.4197
9.1997 -1.5683
-5.6491 4.7892
-1.2883 0.2211
8.2510 8.1432
-6.1423 4.6297
-5.8507 4.7787
-4.0628 9.6463
-2.0089 8.4672
-0.4085 -3.5522
-2.7153 -2.7678
5.0009 5.2811
-5.6328 -4.0172
5.1162 4.6576
-1.1012 -5.6766
9.4060 10.7338
1.1924 -5.7097
-5.6052 0.3956
-5.7610 -5.5542
-2.4835 8.1922
-3.7120 -5.6452
8.7219 -2.7148
-5.4514 -2.5194
-4.4828 -2.7588
11.1157 10.1744
-5.7915 4.2089
-5.5063 9.1541
-5.7995 -5.5082
5.0231 4.6151
10.7627 -2.4288
-1.6845 8.5329
-5.4524 10.5093
6.4864 8.1668
5.0093 -5.4743
8.7760 -0.9145
4.9000 0.9290
8.2740 0.0750
-2.2699 -2.0700
-1.8402 -2.3967
8.2923 -1.7583
-1.2626 5.0473
-5.8966 -5.8679
-5.2001 -0.3260
7.0308 8.6152
-0.6760 5.8572
5.4549 -2.8403
6.9634 -5.8664
10.0093 -0.0191
8.0235 -1.0957
-3.0713 8.9637
4.5547 5.1223
5.0346 0.0615
-5.5592 -5.4961
-3.1484 -5.0789
9.1524 8.7656
10.9688 4.5843
10.6843 5.2281
-2.2951 4.4198
-5.9894 -5.3437
-3.4008 -5.6616
8.0074 -5.1561
7.1383 -5.6200
8.1090 10.9111
-5.6258 -5.2644
-5.7612 9.5698
-5.3963 -1.2362
1.6872 4.7342
-5.6905 0.5703
-2.3905 4.6984
4.8485 9.0235
8.1815 -3.1592
12.5606 -3.9953
-1.1018 4.8293
5.0203 8.3649
5.0224 -5.6110
4.7930 -0.1118
9.4289 8.4720
-5.5280 -4.9377
-3.9549 -1.7070
5.0428 -5.7659
10.3494 -5.8018
-2.7744 -5.8561
-1.4778 0.4001
-2.3206 -3.0947
-4.7696 -5.4502
8.5596 9.8039
9.1838 -5.7091
10.1868 7.6161
7.8567 8.9177
-1.5921 4.5360
-5.3628 -2.7676
11.6422 10.3401
9.7166 -1.7657
5.0761 9.4627
-1.2360 5.5112
5.4886 -5.2371
8.8896 7.7521
7.4510 5.1900
9.3110 -1.3054
-5.2489 7.5876
-6.1392 4.7777
6.7031 4.8762
-1.4932 -5.9078
8.5682 8.1855
-1.0403 0.3446
9.7411 -3.2659
-5.6756 -5.4771
-5.8024 -2.3053
0.7072 -5.4024
-2.4225 -5.8732
-5.3130 -0.4300
9.7173 -5.4706
-5.6917 7.6633
-0.0476 -2.4363
-5.0339 -5.7099
-1.5854 9.6486
9.0795 -2.7861
-3.5936 -3.3504
-2.7814 -5.2863
-5.5880 4.9877
-5.8848 5.4478
-3.6148 -5.4866
-0.6755 -5.6820
-5.8117 5.4101
11.6995 -5.7776
-6.2640 6.9783
9.4564 -5.4482
-3.8806 1.1826
9.1417 -1.5425
4.7553 5.3191
11.2077 -0.4059
-5.5568 -5.8424
-5.4619 -0.5617
4.8147 -5.3098
-4.8941 -1.4734
-5.8829 7.6693
-2.4854 5.3197
4.7550 -5.7281
0.4880 -5.7746
-6.2018 -6.1881
-3.0080 -0.9792
5.2367 -3.7935
-5.5887 -5.7995
-0.6208 5.3700
-2.2775 -5.7609
-5.1652 5.2857
4.9855 -6.0873
7.9987 -5.4545
-5.8864 -4.1449
8.7023 10.6234
-5.8152 -5.3797
-5.7040 -5.5461
-3.1867 -5.4138
-3.2402 7.5862
8.2265 -5.3013
3.5089 -6.5655
-3.0157 4.9291
-5.7637 -1.2371
-5.8365 -5.5056
4.7705 5.4324
10.3396 -1.5571
-5.8881 9.0753
-2.5072 -2.4868
-5.7743 -3.7843
-5.8838 -5.7590
-5.2608 9.3847
5.1613 4.6643
-4.0513 7.8981
-5.7261 -5.6037
-6.0283 -1.9495
9.3434 -2.4334
-3.0083 8.3275
9.6344 -5.6191
9.2718 -5.9169
5.1895 5.2358
-2.9307 9.1841
8.8096 -6.2042
-0.7301 -3.0243
-5.9142 -5.4311
-1.2482 -3.1684
4.5560 -5.0181
-1.9489 6.6389
5.2674 6.3391
7.7990 9.8205
1.5922 7.1740
-5.5573 -5.5608
-0.2337 -5.6253
-5.6047 -5.8776
9.4091 7.9904
-5.5526 9.1922
9.0471 9.9737
-3.0196 -3.4037
-3.1701 10.5053
-5.3178 10.4816
1.2470 10.3720
5.5772 7.5505
-5.7816 -5.5175
5.0010 -5.4597
4.5803 -0.8407
-1.4088 4.8750
-5.8044 8.7661
-5.5271 -2.7465
-3.1310 -1.8375
-3.6327 7.2083
10.3207 -5.5161
5.0077 1.0472
-5.5921 6.8826
-5.5514 4.7697
-5.5181 -3.0616
-5.0778 -5.3541
-4.0813 -3.5989
-5.6697 5.2674
4.7980 -5.6746
-2.0380 -5.5625
-0.5979 8.3454
-3.7889 7.9557
1.4306 -5.3356
9.6519 5.2932
8.0127 8.6321
8.5841 -0.9360
4.3900 9.7287
-1.6193 9.1945
4.5760 9.4557
4.8205 -1.7882
-3.0819 -5.6398
0.5039 10.1362
1.5512 10.8028
-5.7079 -2.1075
9.5858 -3.9050
-1.9826 -5.6794
-1.0195 7.1118
-3.7737 8.8335
4.8025 6.6637
-5.9317 10.0087
-2.3048 -5.2240
-2.4288 9.4954
0.7946 -1.9189
-5.8623 -5.3650
-1.2419 -5.1926
-5.5690 -2.8370
8.0467 -0.0790
-2.3403 5.2318
10.1970 8.8686
8.1446 -0.5045
-2.0720 5.0564
7.7410 -3.3783
9.9484 4.7419
4.8839 9.3596
-5.8568 -2.7175
-1.7466 7.4327
-1.0462 -1.0275
-1.4701 10.3387
6.0096 -2.6562
7.1152 0.7134
-5.5046 5.2014
-4.5341 10.3114
0.3210 9.1444
7.9364 -2.4446
9.2701 -0.9666
-5.3397 9.7042
-5.5442 -5.6000
-0.3939 5.0914
-6.2210 7.4065
10.8479 -3.7186
-4.8548 5.6376
-4.3435 -1.7181
9.3710 -5.6943
9.0520 5.4781
4.6375 5.5570
9.9685 10.5520
5.8002 5.4344
4.8015 -5.5805
-5.4627 -1.9660
-5.6997 -5.5070
-5.5355 5.0073
5.2651 -0.7896
-0.0928 -5.7936
8.0480 -1.6795
5.2322 4.6080
3.0185 -5.3897
-2.8783 -4.3802
6.8051 -0.3536
-2.4189 7.6477
11.4375 4.7353
-5.7375 5.7378
-5.8598 -5.2128
-0.1482 5.0230
-0.7858 5.4541
4.4703 2.5689
0.1331 6.6491
5.5557 5.4377
-4.4688 -5.7505
8.9735 7.7682
-3.6298 -5.7182
-1.5040 -5.2591
-1.3599 -5.4449
0.2165 8.2031
2.1143 4.9211
-5.9201 -5.4846
-5.7335 9.2116
-2.0502 11.4681
-3.1802 -5.8355
-5.6215 5.1014
-5.6286 -0.5548
-5.5383 9.2531
5.1601 -0.9070
5.1198 -5.9442
5.2171 -2.9586
-4.4955 -5.9361
-5.6840 -3.4169
-2.2476 -1.4246
5.0653 -1.6628
7.3683 9.8426
-4.4032 4.5810
9.7021 4.6366
6.5013 0.3031
-1.8825 -1.5507
5.0673 4.8495
7.0387 8.4609
9.4376 8.7586
7.4508 4.6694
8.9972 8.8774
10.0113 9.2870
-6.0485 10.1305
5.0219 6.9480
10.0785 -5.5009
-1.1466 -1.4907
-5.6585 -0.6070
-5.6541 -2.6018
8.0372 0.9364
-3.7343 -5.7799
-5.0376 -4.2846
-0.7567 -5.9796
-5.8118 9.0989
12.3887 -5.3693
8.5212 4.5787
-2.4326 -5.5217
7.6251 8.9008
-5.5266 -5.6775
-4.5191 5.1626
-5.3156 -2.8612
9.1257 -5.9323
7.9613 -5.6315
-0.3773 -4.6196
7.8325 7.9868
-6.1415 9.8809
9.1871 -2.3404
-2.6952 -2.2343
4.8070 10.2855
8.0222 -0.4572
5.3813 6.1981
-5.2453 -3.6736
-5.6793 7.0261
-5.8614 4.8731
5.3369 -5.8652
8.3100 -5.7776
4.6476 -5.3744
-5.3614 5.6365
4.5760 -5.7727
0.2092 0.0590
-5.8076 -5.5629
10.1836 -5.5421
4.7354 2.1217
-5.6182 4.8443
9.1769 -2.3336
-5.3318 -5.1933
10.0874 -5.4098
4.8618 9.4589
-2.5943 0.2924
-1.2130 5.5425
0.7450 -5.5157
7.3306 8.7402
-2.7906 -1.9289
9.4345 -2.9273
-5.3816 -5.6521
7.4319 -3.0341
4.7307 -1.3053
-1.1001 5.4132
-1.4953 -6.9075
4.9293 -6.0629
5.0812 -5.6433
-0.0378 11.3168
4.6396 0.5328
-5.0214 -5.6396
9.6389 -0.7189
0.0088 10.5348
-5.8218 -0.7519
-0.7241 4.8505
8.1416 -0.7046
-4.6729 8.1289
-5.9614 5.6785
-0.0730 9.8405
-0.7156 10.3562
9.5118 9.9724
9.7518 -5.4357
9.6318 8.6540
9.0447 -3.6979
11.1683 -0.6929
-5.9871 3.9121
-4.1046 8.6435
-2.7996 8.4645
-5.7208 5.9016
1.6933 -5.5579
-5.3106 5.0974
8.9259 -0.6290
-5.7877 -5.6257
-5.4853 -5.2750
9.6191 7.7232
5.1831 5.3805
0.0252 12.2984
6.6413 5.8705
-0.8972 5.1181
-0.8057 5.5863
-2.7631 8.6044
10.1020 -5.4621
8.3872 -6.0313
10.6633 -0.9796
5.6399 -3.4610
-5.2234 -5.5289
-5.9879 -1.4368
-5.7515 -2.2235
11.0759 -1.5917
9.0875 -0.6962
-0.6156 -3.7747
-2.4444 7.6196
9.7858 -5.6341
-5.3908 5.0874
-2.4700 -0.9802
-5.4896 -5.3669
-2.2107 -2.6742
-5.3753 8.6435
-1.1175 -5.6977
8.3294 -0.9188
4.8627 5.1136
-0.4154 6.7229
9.5601 11.3144
11.6885 0.2995
4.9689 -0.1242
-5.4281 5.4635
-1.0179 9.0885
8.7162 4.7668
-0.2901 -5.4447
-5.8683 5.6397
-5.6579 -3.9276
-3.7340 -5.7026
8.3676 9.8602
-5.7486 -2.0498
-5.5912 -0.4045
-0.5322 -4.0305
7.5724 5.2582
-5.5933 -1.1280
6.0617 7.8573
0.0555 -1.9797
8.7763 -5.4269
1.3597 4.5701
5.1541 12.1408
-0.0521 8.0338
4.7815 -3.2209
-5.8931 -5.8516
7.7293 -2.2206
-5.6201 -3.4260
5.1753 10.6676
5.4082 5.1395
-1.9968 -3.0217
-5.6414 -5.9343
-0.3443 7.3197
-5.6081 9.0988
-5.1550 -5.3453
-1.5098 6.4169
10.4940 9.5330
7.9438 8.6653
-5.6217 -5.5324
-5.1646 9.1146
10.2759 -5.3377
8.0561 7.0037
-4.0707 10.0129
12.6371 -5.8984
5.0681 -2.9926
-5.2023 5.2221
-0.5160 10.1491
-5.3660 -5.6093
-4.9254 7.4034
9.2488 8.9903
8.7095 -3.1270
9.1318 2.2407
10.0841 -1.9610
-5.5497 -2.9441
2.0723 5.4549
5.1577 -4.1829
-3.0288 6.4699
-1.5456 -2.9805
-5.7729 0.8446
9.7306 9.3615
-0.1416 11.0753
-5.5448 -1.8911
11.0504 11.8021
-3.6100 4.6131
8.6048 4.7717
-0.8586 -5.6303
-5.5194 -5.6696
1.3394 5.1514
-1.2638 5.2427
-5.6479 -5.8914
8.2044 6.8725
-5.5479 1.0549
-5.7423 -4.2288
-5.6096 -3.4600
-3.0090 7.6548
3.8212 -2.9461
11.2569 -4.3683
-4.9656 -4.3009
-6.1091 4.6770
11.6740 3.2610
-9.6582 6.1755
-4.3980 4.6514
7.7670 4.7821
-4.1897 4.8244
-4.4747 -4.5036
1.3556 13.0339
11.7054 -4.0448
7.0795 5.5691
-4.5675 1.9816
-3.6599 4.8555
-4.2482 -4.3405
5.7564 -3.4189
7.5029 -3.0104
-6.7716 7.0866
11.7200 -3.2685
-4.1614 6.6321
-4.7327 -5.2841
10.4533 4.7866
-5.3735 12.9672
4.7262 1.9157
5.1637 2.4011
-3.8526 -4.3136
-3.9921 -3.6149
-2.5830 -3.9127
-0.5064 3.0922
7.6996 -3.7423
-3.9313 -4.3406
2.1421 -2.8898
-3.9278 -3.1914
4.5112 2.0938
-4.2372 -3.9169
9.0891 -4.3374
4.3887 1.3662
-3.6408 1.0169
-4.2408 -3.9129
-4.1167 4.4454
-4.1587 -3.2683
10.4151 8.0164
10.2009 8.0914
2.1669 -4.1878
0.7318 4.0644
-4.1704 -3.7709
14.2976 -3.9734
3.6562 -10.5528
4.0007 3.5180
-4.0402 -4.0942
-4.1290 -5.4638
2.4522 -5.0105
-4.3265 4.6370
9.3800 2.5461
12.2184 6.2705
3.6322 -4.0131
7.1613 2.1263
-3.6581 -3.1730
8.7491 -4.1716
7.2033 -4.8156
10.6321 -8.6502
-5.8472 10.4912
4.9223 6.7908
1.9216 9.7462
2.7346 -4.2441
11.8059 -4.2198
-5.6477 1.6627
-7.3776 6.4992
6.0542 -4.0723
-4.2379 -5.0482
10.2195 -4.3626
6.3052 -3.8410
-4.2900 -7.2642
-2.5621 -3.7159
7.8582 5.2484
4.8243 -4.0970
11.1605 -8.6564
6.8755 -12.3821
-4.9647 7.1293
-6.3311 -5.3840
3.8700 7.2041
5.3545 4.5946
-3.7142 -3.7045
6.5755 -1.8143
4.5887 -3.5296
-9.8735 0.7736
2.4971 10.6864
7.6033 5.2890
8.0164 -3.7848
6.4157 4.2796
4.6459 0.8193
6.4643 11.1790
4.6330 6.0191
-3.6664 5.8981
-5.5319 11.4792
-4.4019 5.3623
-5.3284 -4.3391
8.9378 8.6030
2.1263 5.8471
10.8375 3.4131
-4.2752 4.7128
7.4996 3.5624
-4.3260 10.3051
-3.9296 -3.9026
-4.3280 11.1844
-4.0183 -9.9994
0.0461 -3.4013
7.8921 11.1653
-4.1233 3.3485
-2.9466 -3.8068
-3.8605 6.3574
-10.3937 10.3785
-4.0258 10.1491
5.4974 -3.6705
2.1854 -4.1809
12.1313 -2.5646
4.2070 8.6295
9.8149 -4.6078
-2.3381 8.7946
-3.9626 -2.3555
-4.5879 12.4690
13.8701 -2.7374
9.7907 10.9687
4.2974 2.6426
-4.5653 -3.0394
-4.2762 -4.4304
-1.5633 -4.1613
6.9989 -4.8483
1.9608 1.2286
7.9020 6.1284
1.5562 0.0339
-3.7690 -9.3574
9.2923 -3.7928
-0.0095 2.0541
11.3701 -4.6626
0.0591 -4.0532
3.7761 11.5834
6.5471 4.4305
-4.1843 12.5118
3.5063 -4.3220
0.6997 2.3580
-3.1055 15.8274
5.3842 -4.3485
-10.3180 -7.3661
-4.0462 -4.0687
-4.1262 4.7651
3.2630 -4.4940
-5.2112 -3.9354
7.5792 6.8132
11.0698 -4.5585
-3.9457 7.1448
-3.8721 5.8371
12.3449 3.7206
-4.3254 5.6810
9.0520 7.7118
13.2105 -10.4652
-4.4441 -7.5715
-4.1540 5.0417
3.7919 9.4814
5.1519 1.2175
7.5621 2.3205
-4.9918 -4.4795
-2.5547 -4.2956
-4.3292 9.0426
8.5253 -3.3690
2.7334 -4.5754
10.7829 5.6310
-4.2858 -2.3867
1.3438 -1.5499
-4.0518 6.6690
-4.4961 -7.7881
8.8732 -11.5031
9.5282 9.5290
1.6472 3.0863
-6.6124 -3.8956
-3.7695 -4.3326
10.9540 -4.6997
1.0736 -4.3345
9.2508 -4.2065
-3.1817 -3.7179
2.1743 2.2616
-3.7576 -4.3926
-4.4457 4.3358
1.4058 4.1137
-4.5423 -4.1732
10.8128 5.8386
6.8374 4.5483
3.7263 4.1890
-4.4593 6.0501
-4.0939 2.2967
6.8405 6.3015
-4.3534 -3.7796
-3.9110 3.3242
2.0990 9.0775
9.7427 -4.6411
4.5090 5.8239
5.3114 -2.3773
-4.0618 2.3543
-3.9486 2.3822
-3.9225 5.9677
-3.6245 6.1488
6.1524 -3.0343
-3.8614 -4.1171
-5.3589 -3.8835
5.6814 3.4648
-4.2873 -3.7242
9.1345 -4.2875
8.0264 -2.8860
-4.2988 -4.3123
-4.4367 3.7785
3.6915 4.7171
-4.2592 -3.6867
7.7639 5.5601
5.8436 -4.9382
-4.5920 0.8248
3.0024 11.8804
-9.1145 11.0720
2.7250 6.2181
-3.9200 11.0244
5.6725 2.2753
10.0049 -4.0639
-4.0072 8.0130
-4.6356 0.1947
-4.3785 4.7019
1.6748 -4.0648
9.7119 -3.6340
-4.6583 -2.9183
3.0479 10.5632
4.6552 -3.4635
5.5142 -5.2165
-4.4731 5.1799
-4.6073 5.1866
-2.8148 5.3416
-3.9285 4.1396
6.2325 6.6168
-3.6046 4.3357
10.3741 5.7605
-3.8056 4.6068
-3.7019 13.4673
-3.5186 3.4676
1.9694 -5.0164
-3.8704 4.8782
-3.7379 -3.7045
2.5080 1.3287
-4.1239 10.5936
6.3227 -4.6996
6.4213 1.2667
-4.6619 -4.2041
-3.3724 2.0428
-3.9760 12.3983
-4.2120 -3.7018
-3.6281 5.9170
-0.1078 7.6918
5.0654 -3.8042
-4.1784 -3.1539
5.5609 -8.3791
9.2104 -3.9878
6.7848 -10.3774
7.8683 3.5695
3.3640 2.1526
2.9435 -3.2228
9.2475 2.7497
-4.2347 7.4951
-3.7323 -4.6414
3.5663 -4.1492
0.0923 5.7378
-2.2663 13.4755
6.3106 5.3099
2.2904 -2.9823
-7.7132 6.3127
8.9272 -4.3171
11.3085 10.1920
4.2048 -4.0828
11.0126 6.8151
-11.1643 1.5948
0.1238 -4.2036
-3.9510 -4.1544
4.8648 8.3380
-4.3508 8.5758
-4.3606 -3.3072
5.8834 4.1987
-0.2842 2.2586
-4.1192 4.1510
-3.7158 -3.5563
7.7159 4.7970
-3.8597 -4.2445
-4.6623 -5.0334
-4.2413 6.4671
-4.4347 5.1300
9.1795 -8.7723
-4.4322 5.9504
-2.0781 -3.9182
6.2882 1.4569
7.2754 12.9285
-4.4431 5.7172
-3.5385 8.0318
-8.6102 -4.4117
-7.8525 -5.6461
-4.2025 -0.8635
12.6011 8.8741
-3.9103 -3.9395
6.5590 8.1043
-3.9029 -4.8326
-3.8513 -4.0587
5.3380 5.2092
-3.9262 -3.5562
-3.1185 -3.1877
6.5001 3.5502
8.2837 -3.4891
-4.6097 -4.8116
8.5928 -3.7838
2.4495 4.8117
3.1654 -9.1050
5.7769 10.9199
6.3825 3.8572
-3.8059 5.2341
-3.9331 8.3030
-3.8583 6.7627
-3.8405 2.6776
6.7548 -3.8821
7.1670 8.0502
-3.6808 6.4801
10.1184 -11.7287
4.9677 -5.2372
-3.9221 -4.1559
3.5189 -4.3743
5.3883 3.8907
-4.5462 6.7049
11.9923 -4.5417
5.8012 -11.5363
7.3091 8.1126
8.7707 -3.2132
1.6165 -4.4699
-3.9319 3.4852
-4.1832 -4.0846
7.9948 -3.7165
10.0006 -4.4472
-0.4220 11.8184
-10.5593 8.5735
12.4456 -4.3446
8.5137 12.0011
1.7915 -4.4672
10.4623 -3.8046
-4.6164 -3.9581
6.0739 -3.7040
5.2391 10.9989
7.3154 9.0632
10.4444 4.2490
3.9821 3.7129
-4.1335 -3.9518
2.4118 0.4153
-4.0387 1.0044
9.7919 13.1021
10.3438 2.8424
-3.2618 -3.9957
-3.0480 4.9418
-3.4067 9.7128
2.6568 0.2054
-4.6414 3.4383
7.0104 6.8477
-3.8868 7.6236
8.7745 6.2832
13.3332 5.5416
8.3582 -4.6348
3.0469 -2.8647
5.2315 -3.9325
-4.4650 -3.6362
1.5997 -8.8844
8.6219 5.3588
-8.2256 -3.5548
-9.5523 -3.9390
-3.5620 10.7088
-2.8300 -0.9159
-5.2660 -4.7441
6.0656 -3.7268
-3.9091 6.4548
4.2150 4.0070
7.0421 -3.7171
-4.8965 10.8872
-3.9539 -3.2230
-6.3834 4.3129
8.6358 -4.5083
1.9553 11.1241
-4.7244 -4.1072
-5.0111 2.1762
4.8003 -4.6154
5.1481 -4.0583
-4.5682 1.1730
10.9127 6.0958
-4.7732 12.0908
-3.5963 -0.2217
-3.4872 4.3588
9.2049 -3.0630
4.1998 -0.6378
-4.2224 8.9335
10.0632 -9.2013
1.0463 -5.2957
4.6292 9.2270
-3.2649 9.4823
-4.0232 6.7486
1.1036 -3.3271
-3.9434 6.2964
-3.3490 8.4510
-4.9048 3.3410
-4.1091 3.8732
9.6525 -4.9705
9.9896 -0.1745
10.9586 3.6159
-2.1947 8.7737
-4.4645 6.5491
-5.1728 3.4512
5.6747 6.0807
9.4675 -5.0715
0.9100 -5.1479
-4.2734 9.4149
2.0792 -4.1351
-6.0034 -3.6045
7.0591 4.4212
-3.8920 -4.2640
-3.4187 -9.1955
-4.2113 2.3765
5.1196 -3.4050
-4.0667 -4.3930
-2.2573 9.8712
3.5696 -2.6624
-4.4670 0.2741
0.0496 8.8209
-4.5569 -3.4502
10.4985 12.0998
0.9872 1.8119
-4.1095 5.0700
11.6175 -3.3629
12.9173 -3.5543
7.4819 -4.1154
5.7910 10.6932
-3.9401 -4.0948
14.6182 4.1562
-4.7764 -8.9973
-3.6015 -4.0500
-4.8338 -3.7788
-4.2434 10.7517
5.0573 11.7332
-7.3305 11.6352
9.1214 5.5804
10.6029 -4.5932
8.1279 7.5490
-4.1050 8.3581
2.0019 6.9194
-3.7251 12.0258
-4.0717 4.3743
-4.8516 1.8116
4.5475 -4.6291
-3.7769 -4.0060
13.3800 -3.5370
7.7215 -3.8595
7.5334 -4.4408
-5.8721 -4.3258
6.5364 7.5445
-4.4962 7.3085
8.3763 2.8481
3.7767 -3.9182
6.1143 9.1390
8.0699 6.9422
-6.0271 3.5781
-4.8196 5.9034
9.3180 -3.9186
3.8280 2.9190
-3.5119 -4.0098
8.4369 7.4914
-6.1389 5.5223
4.9000 5.5481
4.1402 -6.2277
10.7669 -4.1591
3.6426 5.5172
-3.2026 -4.5522
6.2628 10.8639
-4.1036 6.9116
-5.3459 -4.4399
-3.8791 8.2270
2.2172 -3.7680
4.0625 11.4381
5.2411 -4.4439
5.7569 -4.1652
7.5439 5.8827
0.8411 4.4590
1.9020 3.4915
3.3448 9.9198
-3.9220 5.1469
3.5556 6.6987
4.2467 -4.7022
11.6494 3.3913
-6.3261 -3.9066
-4.2069 13.2134
4.7664 9.2324
5.3151 -4.3566
6.3954 -3.8549
3.7534 4.7144
-6.3279 -4.6484
0.2275 6.2213
9.4741 9.7483
-3.8790 10.2296
-3.7279 -4.0223
2.9534 2.1466
5.7915 -3.8403
4.1642 5.1379
14.1548 3.7716
2.9935 4.1612
6.5121 -3.4559
8.2476 -3.8981
3.1658 -3.5901
-3.9632 5.8638
-4.1549 6.2549
-3.7293 -3.6788
7.0370 3.1749
-4.3411 -0.8356
3.6685 -3.6523
5.4066 -4.9396
-4.2036 9.9270
5.1904 2.1779
7.8870 8.3395
11.4983 -4.9625
-3.9286 0.8985
5.8953 8.4156
8.6061 -4.6743
4.4603 8.3649
7.7092 -5.8342
7.4179 -4.2967
-3.6307 7.2196
12.1132 -5.4870
9.6369 7.9344
-4.7590 -4.9730
12.8788 7.1359
6.5490 6.7672
2.9026 3.4197
-3.8448 -3.8423
4.9620 10.1700
-4.2169 -3.9702
-2.9404 8.0374
6.5815 7.8436
9.5791 10.1785
9.5573 7.8938
2.1165 -4.4508
-3.9296 3.0508
10.4535 -4.1227
-3.0922 -4.0483
4.1636 -3.1487
3.6089 -4.1139
12.8875 4.9249
3.0139 13.5302
8.4781 -4.4367
3.9437 4.3705
3.7457 4.1438
-3.0705 4.5004
6.3379 -4.1439
11.9479 7.0648
-3.4266 4.9010
7.3829 -3.8203
1.6877 6.6391
-4.1324 4.6089
10.3095 8.0763
6.8354 -4.6166
-3.8320 2.6518
4.8730 -3.3649
3.6607 -4.3119
-3.9806 7.1814
3.6354 3.4172
4.1187 -4.6353
3.1683 4.0687
3.9762 7.0453
-2.9297 -4.1243
-4.0363 -4.4236
2.6572 8.9104
-4.1069 3.5797
9.4522 5.5666
12.4516 4.1934
12.5385 6.4344
7.4083 12.3634
9.0243 -4.2158
-4.9740 -4.0183
6.5860 -4.3679
1.8108 3.1871
-0.1020 3.4888
-4.4006 11.8025
1.5458 1.8316
-3.4309 3.9467
-3.4272 4.8122
9.4410 -4.6798
4.9135 -4.1886
-5.6595 -4.6299
-4.2820 -3.0360
-3.6865 -3.6971
2.5978 -4.8281
-5.7654 2.0521
-4.2369 -3.9375
6.2243 5.1788
-5.0378 7.9830
10.9809 -4.2232
-4.5421 12.2698
-1.4693 7.0177
6.4912 -3.9788
-4.5068 -3.6175
9.5717 12.1848
-3.3769 7.1777
-3.0047 -4.4507
-12.0689 -3.8708
8.5281 6.7828
4.0252 8.7692
9.6838 9.8642
-4.3185 3.3219
-4.2409 -4.1124
-3.6807 -4.3197
6.7942 -4.2938
0.0158 9.7161
-4.1396 5.6989
-0.3957 4.3342
4.6056 -4.0760
3.6305 -3.8775
11.2736 -3.4917
3.5497 -3.2475
6.6504 -4.6937
2.2399 -3.3395
-5.2984 -3.6035
3.2623 -3.9002
9.5361 -3.7108
-3.2961 5.2339
-3.8018 12.1157
7.3320 1.0941
13.3103 -2.4632
-5.1059 5.3798
4.3013 -4.0019
7.8469 -3.7923
0.6104 7.6067
7.1997 8.8007
4.1303 -4.7965
-4.2234 -5.7478
9.4905 -3.9351
-3.9187 3.3624
14.6156 -3.7821
-3.8428 -3.6484
-4.2862 0.9129
9.5396 11.9596
11.8660 -4.2412
-6.3590 6.0189
-6.2010 -5.1960
5.0955 7.2766
-3.3352 -4.0636
-4.4444 5.6523
11.2559 -12.0765
7.7131 3.6131
-4.0013 -2.7127
-3.4513 5.8708
-4.3610 10.8909
7.8221 -4.1837
12.7941 7.2109
1.2520 -4.0907
10.4467 -5.1820
5.7489 1.3520
3.1384 11.8505
4.1275 -3.8546
2.7324 -4.1260
5.7484 4.5165
-3.4567 -2.3724
9.3705 -4.8800
-8.1636 4.9542
3.6898 9.3723
9.1465 -4.3494
13.1350 6.2690
-3.6242 -9.7677
7.9022 -4.3173
7.6482 -3.5415
6.2485 4.5131
-3.4207 3.8014
-4.4122 -10.0970
6.7914 12.3165
0.2469 8.2605
7.1931 4.5520
3.6332 9.9900
3.5741 -3.4996
-4.8164 -4.7515
-4.1524 4.1563
-3.9683 -3.8527
-1.7660 2.3997
-3.7318 12.8265
1.9371 4.8329
11.2951 -4.0677
7.4978 6.4528
-4.0606 3.6614
-3.8415 5.4658
6.8984 2.2212
-6.0930 -4.1977
13.9757 6.3469
12.1120 1.8390
4.6798 5.1666
-4.1996 -10.0613
-4.1388 10.0607
5.5797 10.1180
-4.7434 -10.5467
-4.1153 8.8205
-2.7949 -4.3201
-4.9428 -4.4211
6.8378 -3.3391
-3.7146 0.8811
9.6793 5.7466
5.5031 -4.3583
-4.2261 -4.4415
9.8181 -3.8712
-4.2993 10.7713
-5.5112 2.1461
-4.6557 9.2567
3.1721 -7.2296
3.0180 -6.4057
0.5492 6.1571
-3.5835 4.6106
-4.3668 4.5727
10.2482 8.4460
-4.2398 9.7455
-3.8528 2.9795
2.5001 3.9190
-3.1507 6.2026
1.1482 4.0919
-3.6345 -6.0388
-4.1354 -2.9095
6.2322 -4.0045
-3.0419 0.2849
-3.7251 5.1914
7.1078 9.8194
7.7078 -2.8031
-3.8289 -3.6713
-2.9143 3.9469
-4.2800 2.8159
3.0399 2.8558
8.2865 -4.0801
-3.3180 -3.7290
2.5382 5.5862
5.5656 2.7006
4.7630 15.9906
-4.0458 -3.5576
8.5247 4.9815
-4.3841 9.2948
-3.2256 4.0357
-3.6791 -3.9380
11.6914 -4.5516
4.6717 3.8198
-12.4600 -5.9201
-4.7509 -4.6934
5.3517 4.5524
2.4324 1.9571
2.5502 2.1703
2.2161 8.6848
5.8873 7.3758
3.2356 3.3441
-3.4252 -3.9546
5.0570 0.5903
-5.8452 -3.8314
11.5403 5.9257
2.5629 7.2601
0.0325 -4.4305
-4.3388 -3.9235
2.4109 3.3108
-3.4214 -1.7374
-3.9955 12.5684
7.1952 3.7096
6.8146 7.1024
11.1342 -3.8464
10.0987 -3.8217
-3.6111 4.0341
-9.7201 -4.0958
8.0674 8.2145
-4.2339 15.9998
4.9587 6.8722
5.4475 1.8442
4.0314 -3.6518
10.2376 -4.5661
-3.4829 10.4878
12.3927 2.6706
10.5738 -2.9790
13.4316 -3.4864
5.6922 9.6253
-5.5772 -4.2177
1.4741 4.9156
8.8714 9.0524
-4.2995 9.7038
9.8638 -3.2164
5.0814 7.8712
9.8010 3.8532
-3.8770 7.6634
3.5100 -3.4674
-4.6407 9.5669
3.0791 6.9709
-4.0145 8.5485
7.1140 3.1021
-3.9209 -4.2743
12.4809 -4.9219
7.4007 -3.7348
-3.8723 9.9820
5.1403 -5.1062
-3.7760 4.1835
-2.8844 11.0439
5.3740 -3.3187
-10.9985 -2.2027
6.2839 -4.5913
10.4357 -4.5456
-5.0307 3.7689
-5.1014 -4.5056
-4.2064 -4.4985
6.0461 -3.4540
4.0564 1.9519
-4.1379 -6.2228
-4.1684 4.9800
-3.9561 -4.6070
7.7537 9.5740
9.9430 11.2219
-4.0779 6.2027
1.5433 10.8582
6.1583 8.2448
12.1452 6.8254
-1.7669 -4.6773
-4.0256 7.0810
1.1060 3.6982
-4.7802 2.5920
-9.0888 -7.0732
-8.9024 8.0937
2.1428 -5.7000
7.9675 -4.0182
-2.8515 -8.6799
-11.8567 11.7728
7.1959 7.0964
-4.5405 -4.3252
6.2635 -4.4600
-4.3815 -4.5055
4.7093 10.4296
4.1699 5.2167
11.6721 6.8451
4.5350 10.4841
7.1902 -4.2197
6.3844 1.4943
-4.0054 -6.0265
1.6031 11.2461
-4.3358 10.0369
9.6542 9.5082
11.8882 -0.5573
5.7221 7.5341
-3.7051 -4.2960
9.7343 -4.0005
-5.1471 -1.3593
4.3066 -3.8697
-4.2542 9.3822
11.1216 7.0421
-4.5438 11.5355
9.5854 5.3602
5.4398 9.7738
6.6779 3.0907
0.9476 9.7037
-4.0313 8.8785
1.4826 7.4672
0.7875 5.0807
15.8041 2.6400
-3.4792 -3.8991
11.5489 13.3358
12.1570 7.9516
-4.9184 0.2309
-10.9438 4.2959
3.2730 4.4801
-3.9028 4.8079
4.8240 11.5805
5.4477 -4.2573
11.5796 -3.3381
-3.9712 0.1533
5.2174 -3.9438
-4.7742 -4.5073
8.3574 -3.4727
-6.2334 6.0693
4.8478 3.5680
2.8617 4.5084
12.7300 12.6902
8.1072 -4.8894
8.7833 5.9213
4.8213 5.9353
7.3513 -3.9217
-9.2168 3.8038
9.1546 -0.2665
6.3998 12.9999
-3.9123 -4.0804
-4.1237 8.9515
-10.7690 -4.3116
4.3925 -2.8268
-3.1023 10.9368
-3.8286 -4.0778
-3.7589 -10.3625
-4.8516 9.8392
-3.5381 5.7219
-4.8825 -3.5903
-5.7620 -2.8420
-3.1534 -3.7295
13.9219 -3.9771
-4.0788 1.2616
-4.5341 4.3305
-3.9082 -8.7883
-4.6164 -11.5241
11.5308 1.9169
-4.1281 6.2255
0.2409 -4.2773
10.3866 8.1023
-4.4167 -4.1622
-4.1581 2.7158
1.7498 0.1141
9.7743 3.3169
-4.8496 -3.9179
8.1784 -3.7367
-3.0470 -4.2228
6.7937 6.9099
7.7040 -3.8871
2.7867 -4.4075
-12.9846 7.7329
-2.9585 -3.2599
10.4184 -1.6442
-4.5630 -4.6131
1.7632 6.7068
12.5341 2.5719
-3.2120 -4.2288
9.8619 2.0803
10.7011 -4.8215
-4.3688 -3.6818
6.7801 -10.5096
11.6514 -3.3504
-3.2998 -4.0703
-4.0505 8.4980
9.6670 -5.1557
4.9468 -4.0896
-5.6389 9.5066
-5.1632 -4.1380
-5.5456 2.5124
2.6940 9.2136
8.6475 10.3885
9.0342 -3.7291
6.5342 -3.2393
-4.1462 -4.4193
-4.6595 -4.6201
6.2543 -4.2952
-4.0070 4.1381
8.7653 -4.6860
-0.1803 8.1501
-4.0145 7.8756
2.6620 7.5134
11.6510 -3.4292
2.8825 4.7529
-4.7968 -4.4469
11.2726 -4.4446
7.5095 -3.0445
7.1893 -5.5521
-3.9425 13.1199
6.7915 5.5106
6.5145 6.6575
11.9488 -4.1079
-4.3180 6.5217
-4.2554 -4.3161
-4.0043 5.1066
8.3841 -3.6332
4.6637 -4.4297
-3.1470 -7.5457
-8.5009 11.3975
-3.7706 10.3331
9.5347 -5.0238
7.0803 -4.4060
-3.6941 -3.7535
6.2209 8.1965
-2.9530 -3.9816
-4.6703 1.6173
-4.4763 -4.0245
3.5038 -3.9160
-8.6272 -4.4436
-4.7434 0.3007
-8.9953 -3.8365
4.2602 2.6859
3.6773 2.4480
-3.6080 -3.4113
8.2725 9.0120
-3.8771 -11.5798
-4.4212 0.8786
-3.9066 -4.5628
3.2037 11.0731
-3.5443 -3.7631
6.7037 3.3929
4.6943 -3.9847
6.3432 5.8114
-3.4777 -3.9187
-3.8364 -4.6937
-3.8594 7.2475
-10.3320 -2.9609
-4.0567 6.8549
-3.8120 9.7180
-3.9352 11.7743
-3.6286 5.0796
4.8854 -4.0040
2.6754 5.9590
5.1829 -4.5297
4.8271 13.0874
-4.7401 -3.4063
4.8158 -4.3765
-4.7422 4.6088
6.5381 5.0012
-8.7338 11.8352
-4.6975 -5.2288
-3.9017 6.5813
-9.3571 4.8132
5.9976 5.0514
4.0917 1.9776
-3.1641 4.9306
-3.9373 13.4551
2.8610 -5.1578
-3.4491 -4.1214
-4.4314 -4.2940
6.5907 -7.8200
-6.9783 -4.0864
-4.1077 8.2942
7.7616 -3.9618
-3.4780 9.4696
-3.8689 -4.4490
-4.4688 1.5105
-4.0530 10.3874
-4.5958 -3.7949
11.8324 -2.7125
-5.4293 -6.9599
11.0921 -2.9597
6.4459 7.7213
7.3840 -4.2694
-4.1125 -3.3144
-4.3785 -3.9564
-3.6679 11.5796
-3.9574 -4.5015
0.5288 9.0108
4.8297 -4.3469
-8.5993 2.0704
-4.0175 -3.7811
-4.4822 -2.7837
-3.7889 3.2660
10.4310 7.5405
6.6274 7.4316
-3.8561 -4.3600
-4.8396 -4.3061
-3.7069 4.4232
-4.1740 11.5672
-4.4223 2.3674
9.4276 6.5852
-4.5250 -4.0392
6.2446 4.2440
8.8101 3.3638
5.2086 6.0354
-3.7268 7.8696
4.6515 10.6745
4.5635 -4.0488
-3.6147 4.4147
-3.2554 3.5782
9.0266 -4.1747
-5.0835 -4.8817
-2.5844 -3.6594
-3.9401 6.1374
4.4332 -3.5064
0.3718 9.9996
-3.7752 -4.1490
3.4913 -3.8561
1.0388 -3.8714
-3.4336 7.5914
-3.6978 6.5820
-3.4639 -3.5288
9.0006 6.4943
5.7045 -5.1947
6.7569 -3.9990
4.5510 2.1225
-4.9990 3.3242
-6.9556 -3.5375
10.6403 7.4755
-4.1472 -3.4332
-4.0849 -3.8940
-4.1369 -4.7012
9.0149 -4.3571
9.4857 -3.6461
-10.9926 9.3182
5.8568 1.4192
-2.9245 0.1543
5.2413 1.3362
5.9856 3.0059
3.3829 -4.6944
2.0253 -4.0933
-3.5723 3.2185
-8.9312 -9.3346
-3.4713 7.9223
-4.5131 -3.7351
7.1108 6.6144
3.7814 1.7017
3.0967 6.6466
-4.1065 -0.6716
9.7870 10.2186
-2.3801 -4.0256
11.3320 2.9527
6.3804 -8.3144
-4.1438 -6.3474
4.9522 5.2924
-4.6582 12.1494
4.8222 2.3370
-9.7787 -8.7238
6.4343 -4.7384
-3.9924 10.8283
-3.5224 -3.8018
-3.2828 5.8698
-6.2929 6.9525
-3.8139 11.1327
-12.9607 -4.1987
3.9823 -8.8928
-4.4439 4.0408
-3.9481 -4.4073
12.0875 10.8003
1.5677 6.7329
0.8268 8.7050
1.2129 -4.4653
-10.0303 12.8753
2.7152 1.3084
-4.7110 -4.3917
1.4681 -4.3620
2.1054 2.2151
5.9888 -3.6906
10.9636 0.3086
-3.4615 -4.0642
7.0204 6.7517
7.4794 -3.4112
2.1749 1.6140
7.3801 -3.9353
-4.3057 6.6716
-3.6033 7.3398
-6.5387 -9.5689
4.8633 14.5119
-7.4584 6.6208
-3.2670 6.2511
-7.3992 5.9392
-4.1433 7.9812
-3.7557 4.7165
9.4156 7.3749
-4.1407 7.9858
-4.0998 3.3320
-4.4711 10.0021
3.2171 8.7457
5.4322 5.9162
-9.7338 13.3455
7.2637 -3.1617
-3.5302 4.7538
-2.4548 -10.0409
-3.7767 -4.5766
-4.0254 1.1782
-3.5697 -4.5090
-3.8516 11.9269
5.3288 -4.0034
5.9596 1.2610
-3.9547 2.4270
9.9995 5.5846
-2.0957 -3.0045
6.0874 -4.6268
7.5999 5.4300
-3.5680 -3.6360
-5.1875 9.0988
-4.0810 -3.3926
-3.5155 -4.9775
-4.3471 -3.8472
4.6105 4.4282
2.0678 6.0599
5.9971 -3.7264
-6.1268 10.3194
6.3288 -4.4824
-9.4557 6.0852
9.6757 0.7800
5.3576 -3.9536
-3.0599 12.3267
-4.0239 -4.2360
-4.0166 6.0419
-4.0800 -3.6138
5.5836 -3.3493
-3.9485 10.3604
-4.4660 -4.4570
7.8622 12.5408
6.2869 4.1465
6.6168 -7.9062
8.6743 7.7805
-2.7144 -3.6168
-4.1919 5.9244
-5.2838 9.6190
-7.8008 -3.2471
6.9595 5.2013
7.3037 -4.1264
-4.0194 6.2198
4.5403 13.7394
-4.0253 4.1745
-5.1515 12.2349
8.7325 8.9018
-4.1756 -3.3360
-9.7010 -8.1933
-4.3258 8.1961
-4.2709 7.2967
-9.8375 -4.1221
-4.0300 6.0545
-4.2700 -3.4621
3.1922 -4.2655
-10.1770 5.8015
-6.7864 5.0412
-4.6732 -3.4432
10.6042 7.2608
1.0106 -3.8301
-4.1489 3.4660
-7.8288 3.9300
-3.6642 4.2002
-3.7723 1.2687
11.6773 -3.3381
3.9666 -7.9677
-3.8739 -4.0932
8.2571 -6.1740
-4.3434 12.5424
-4.6596 4.5249
-4.2771 1.0194
4.1756 8.5505
4.4385 6.4093
14.5278 -3.7388
9.7115 2.7984
0.6829 -9.4117
3.1920 5.0651
-3.5150 8.8900
-3.3170 -1.3129
10.6884 5.3083
-4.2139 5.0946
3.1273 10.6564
7.4445 6.6976
8.7936 8.0128
-4.2102 5.9145
5.1338 3.8988
2.2816 8.4249
1.5406 2.7787
-4.5949 6.1082
8.2776 6.1125
-4.9267 -3.8875
-0.8170 4.4276
8.5027 2.5575
-4.6559 12.5216
-4.1743 0.7681
3.9664 7.4023
-4.1652 4.9925
2.5774 9.3743
-5.1636 -4.6722
4.3889 -0.1248
-4.5702 -3.5358
6.7060 7.2283
11.5148 0.9862
4.6576 5.5739
-2.5917 4.8147
6.4855 7.2010
6.3173 3.9049
-4.0408 -3.3978
-4.3074 -3.7770
6.8789 -5.0067
1.1074 -4.2895
11.1441 5.7256
-4.3443 4.7247
-3.4976 4.0013
5.9112 -4.1937
10.0999 15.4320
5.2948 3.6354
1.3659 -4.5410
9.5879 7.4088
3.7114 14.0454
3.9364 -4.4815
0.5899 8.4851
7.3896 -6.1852
4.6791 5.8827
2.1222 4.7035
-4.2929 -3.9954
-4.1567 -4.1490
-3.7051 -2.9475
2.8368 5.3190
7.4849 13.4677
-3.9634 -3.9809
9.8647 5.8940
-3.7696 -7.5039
-4.4530 2.0737
8.1649 2.9965
3.3569 6.4222
4.2112 6.8894
-4.4631 3.4476
-3.9616 5.4322
8.4728 11.2047
-9.4615 7.0957
-10.5620 3.7482
-3.9130 4.2404
9.7766 -3.8043
-2.0350 4.0924
5.4493 -4.6592
-4.5733 6.2800
-4.4436 -0.5483
3.6535 5.0424
9.4864 -5.0350
0.5532 -4.1794
-4.2118 -4.1171
6.5437 7.3006
3.4502 5.7221
7.1962 -4.0932
-4.7703 -12.1990
3.9597 5.6667
-3.9753 10.0081
-3.3564 9.6791
-4.9955 -4.0710
10.3939 3.7602
8.9670 -3.6277
-3.8061 11.0153
-3.8720 -4.7893
1.8718 -3.1899
-3.7030 -3.9405
-3.7314 11.2038
2.7636 -4.2259
12.1315 -3.9126
-4.2626 2.9946
1.4902 -10.6993
5.3873 -4.0772
6.6809 3.1886
-4.8030 1.9438
-10.4668 -4.4659
-4.3164 6.0481
10.4638 -3.7820
2.6018 5.2352
4.5350 8.4887
13.9536 5.0237
8.7488 10.3703
4.7392 7.5845
-3.6745 -3.6954
0.4939 13.9838
-6.8279 -6.6177
2.6439 -5.2547
-3.5688 -9.1214
-3.4731 -3.5187
4.1567 -4.5397
8.0052 4.8925
9.5227 1.7991
8.0533 -4.0891
-4.7525 8.1970
5.8637 6.0768
-3.2909 2.2564
4.2027 -4.6649
12.0864 11.8698
-4.1286 -4.6021
-6.5444 8.0239
2.6497 -0.2604
-3.9497 -0.8971
5.9020 9.5872
-12.6223 7.4304
1.1799 11.5583
-4.2652 -4.0412
-4.8102 5.1448
2.4235 -4.7883
8.9130 9.0128
4.7316 0.6737
1.1476 0.9644
9.3130 -4.2180
-4.8836 -3.7495
-5.3878 -3.9332
-4.4226 -4.3192
3.7490 -3.9086
-4.5224 9.7644
-4.2292 -3.8678
3.5299 11.3977
7.9715 -9.5070
-3.5181 -3.1594
-5.0590 2.9311
-4.1923 5.3983
1.1764 -3.7803
1.2033 -4.6699
9.1831 8.3454
-4.0149 -5.1711
-3.9329 -2.3405
5.6160 -10.9475
4.7540 8.9406
-3.5727 -3.7467
-3.4424 -3.5032
-4.8094 3.5130
9.9719 3.4391
-3.7697 2.9369
-5.0181 -4.9723
-4.0460 7.2591
-4.2676 3.9318
9.6404 11.2741
5.2072 -3.3474
-3.8871 -4.6507
5.5745 -4.1681
4.5778 3.2805
-4.2039 -2.1361
10.8456 5.8919
-4.1523 -3.8764
11.4989 6.5920
-4.3809 -4.5200
13.5832 -4.2051
3.1655 5.1923
0.8928 -4.1622
4.3493 2.4947
-4.2768 7.9502
-4.0895 8.9172
6.8307 -3.9630
13.7993 0.7862
-3.6836 4.7409
7.8631 3.7738
2.7979 -3.7465
10.0641 -4.2481
6.2610 -4.2020
-4.1733 7.4421
3.6964 11.3310
-4.8878 -3.9316
-4.1365 -3.6747
7.4705 7.8516
5.9661 5.5597
3.1347 2.6907
8.2745 5.4945
3.6581 10.2460
-4.8941 -2.9491
7.5482 -5.1980
2.0495 -4.3504
7.7734 -4.0265
4.8867 -3.5958
6.7483 7.4486
-5.2587 -4.4278
11.9761 -5.1837
-4.2776 -3.6782
-3.7233 4.2708
4.9305 -3.8082
-3.3797 7.4086
4.0046 4.8640
5.2654 -7.9576
-4.3625 -4.0261
-4.3353 -4.8363
-3.0434 4.6733
6.0586 -4.0845
-3.2746 7.6269
6.5932 5.2883
2.2964 5.6015
-4.0595 -4.3332
7.4894 4.3051
8.8400 6.1599
-4.2112 -4.8307
5.7060 8.8584
7.7204 -2.1641
2.7238 13.0772
5.1174 1.9488
-3.3723 -5.1687
12.3268 4.6730
-3.9809 8.7608
-3.7423 -3.8361
5.3103 -3.5952
-3.9478 6.2327
5.4052 -4.6971
9.9565 0.0580
-4.2337 -3.6711
-4.2859 2.3756
-4.6882 5.1468
4.9143 4.5128
-3.0852 6.7614
9.7794 6.4518
3.0165 9.8871
-3.9220 -3.9821
1.8217 -4.4915
5.6665 5.5985
-3.8871 6.8065
5.5232 -3.4033
3.7872 5.1896
6.9695 3.9503
1.6430 11.7636
-4.1502 -0.7582
-4.2014 -3.9240
9.7370 3.1560
-12.0123 -9.4340
6.7575 12.3435
-1.7950 6.5384
-4.2671 9.8488
-7.7111 -4.2636
14.6035 2.9383
8.4901 -4.0501
8.0335 -4.3929
-4.4692 8.5354
-3.9160 6.3450
-4.0721 -4.7120
-3.7796 -3.9177
-4.0629 6.7311
-3.2946 7.9787
-3.9810 -4.6617
-4.1100 12.4547
7.5174 2.1333
8.2408 7.0013
-3.3525 -8.7295
-4.5746 -3.6427
-4.1291 12.6549
6.9223 -4.4775
8.3840 2.9285
7.8163 -3.2824
6.4771 -10.2497
-4.5879 2.9484
5.7607 3.7777
-4.0716 11.2132
9.1803 7.1118
5.3351 1.0011
0.1439 6.2115
3.0165 14.9645
7.4428 -3.1106
-4.1239 -4.1186
10.3550 -4.6042
-3.4671 -4.4167
6.0512 -0.3471
-3.3619 -8.3796
-4.0748 -3.0650
3.8511 -4.0102
-4.3721 12.9171
-3.8295 2.3749
7.8878 9.3749
7.0528 10.2421
-3.9355 10.3390
3.8585 6.1940
-4.2453 -4.5245
6.7473 2.9255
-4.2566 -4.6183
11.3593 5.9121
-2.5972 -3.5071
-4.3658 -3.8165
-3.5419 -10.8676
-4.2464 -3.8580
5.0174 7.0907
9.5111 11.5003
1.8302 -4.2869
3.8175 -3.0727
11.8393 5.1496
4.1898 9.1973
-2.7901 4.4703
-4.4853 0.3191
5.9371 9.6853
-4.6166 10.4483
5.0723 10.0702
13.8000 -4.4338
3.9373 -3.8736
-4.1419 -3.7292
8.9191 5.1558
-4.7399 2.3098
-3.3731 9.9181
-4.6620 2.3779
-4.3719 8.7298
2.9683 7.5206
8.6803 -3.7255
3.8739 11.2335
-9.2186 4.3585
6.4788 0.3375
4.6181 4.1136
3.4212 5.6449
5.9112 -4.4227
-4.0916 5.9581
4.1260 -4.1584
-4.6791 4.1414
-4.2749 3.9948
8.1228 -12.6744
-4.3176 9.5814
6.1323 -3.6194
-2.4703 -4.2313
5.7363 -8.4978
6.3961 -2.8031
-4.0997 1.7677
-4.1565 -4.4506
-3.7081 -3.8315
0.4403 13.8171
3.6086 2.0401
1.8912 7.5926
9.2891 -3.4871
4.0774 -4.3954
1.8272 -5.4242
9.0974 -4.1919
0.8384 2.9733
7.9485 4.4120
2.4330 3.0481
-3.6676 10.1707
-2.1150 6.4498
-4.1904 -2.8343
-3.4709 8.1846
-3.2700 -3.6263
-4.0420 -3.8342
-8.3776 -3.9446
-4.3989 5.3778
6.5571 -6.4030
10.9789 2.3511
9.0458 9.5053
7.0101 9.1763
3.5182 -5.9531
-9.7345 -4.7526
11.3181 -3.3393
9.6482 -5.8307
7.8555 -3.8658
6.0468 9.3287
13.4783 -11.0481
-4.2309 -3.8712
3.1812 -3.8803
7.7722 2.7064
5.2223 1.5202
-0.2687 7.9549
-4.7953 3.6012
3.4562 -4.6892
-3.4476 9.2222
3.2568 1.0152
-1.7222 -3.7892
-3.9642 -3.5854
5.0088 6.2782
7.9460 -4.5956
3.8012 8.3095
8.4923 -3.5399
-1.9180 -4.6052
-3.7730 -3.8626
-2.7059 -4.0757
6.9285 4.1332
-3.6657 7.2767
-10.3522 4.7353
-4.5513 8.4782
10.8087 4.8248
9.1430 13.6801
-3.7124 -2.3627
10.5602 8.3234
3.8724 -3.8064
-3.6899 -3.9724
3.3684 -4.9488
12.0085 -8.5650
10.6382 7.3151
5.2969 -4.1664
-4.4902 6.3103
-3.6460 -3.1679
11.9972 -4.8253
-4.0650 1.8673
-4.3557 3.2902
7.3577 -2.3085
-4.2462 6.1391
7.5921 7.6606
-3.9197 -5.4512
6.5929 4.5424
-3.5508 5.4451
-4.0454 11.1833
-4.4646 -5.1120
-3.5053 -4.1258
10.9487 5.9798
-4.3886 11.9996
-5.7087 -3.8962
-4.1293 5.5975
-3.4495 -4.8321
7.2425 1.5259
-4.0614 -0.7377
-5.7371 3.5024
2.0213 3.6520
-2.6538 7.0712
-3.8089 0.7055
1.9128 10.1059
6.1040 -4.8680
5.0082 -5.9636
10.2321 9.1421
8.9432 10.3530
4.1430 8.7872
3.4645 10.6637
7.6576 9.1947
-4.1338 5.4259
-3.7410 -3.7316
7.5289 4.1594
-6.0048 9.2659
-4.2501 -3.5918
-6.8976 5.9049
3.6883 -3.1205
5.9524 7.3152
-2.6642 6.9791
8.7895 -3.7487
3.5858 4.6051
-4.2049 5.9757
1.4121 9.2895
-3.6581 2.9766
9.1983 -3.7167
4.1124 7.1683
-3.4794 -4.6834
-3.7538 -3.8595
-3.1523 -3.5755
-3.6496 5.3935
-3.1104 -7.9209
-4.3643 6.7535
9.8689 -3.9220
10.7075 -3.3999
12.2866 -3.9377
-3.7001 9.7981
12.3886 -2.6999
-2.7406 5.6488
7.0122 -3.3602
12.2310 10.7865
5.3833 2.3099
-4.3026 3.1022
5.4436 -3.9102
8.9264 8.8663
-2.0859 -3.8338
7.2382 6.0216
-4.3059 -5.3446
10.6681 8.2110
-4.0863 -5.2532
-3.6430 11.3939
2.4307 -3.4960
10.2971 4.7352
9.3606 -4.1079
-4.4053 9.9656
-3.6978 3.9102
-3.5919 1.1867
-3.9855 -4.1361
4.1906 -3.9337
6.1666 -4.0634
-11.9753 0.4391
-4.2292 11.0999
-3.7079 -4.0177
9.4162 6.2125
-3.8648 -4.8125
7.8325 -5.1729
7.7186 0.6981
6.6509 -3.5799
-8.1393 -4.0070
7.6036 4.9777
-4.7932 -4.3065
-3.5844 -3.5776
-9.6372 8.3607
10.1128 -3.9537
-5.5653 3.4504
3.8111 7.0834
3.1184 -6.2178
8.2725 8.0727
9.2630 -4.4601
-4.2778 -5.9046
13.3871 -5.0548
4.5563 5.9514
-4.0811 -11.1286
-4.2471 -2.2133
-3.8101 5.3738
9.8472 6.0762
10.8846 7.1956
0.5344 6.9677
8.7922 3.0483
4.6743 -4.0792
7.0026 -3.9968
-4.2521 -8.2954
-4.1852 -5.8207
-4.2114 1.5249
12.2528 -4.5985
9.5970 1.0101
11.2391 -4.1733
11.2677 -3.3677
13.7609 8.6956
-5.9505 -4.0829
-4.2969 -4.1131
1.0728 -4.5781
5.1041 -3.9708
2.6110 2.8531
8.7654 -11.4858
0.0765 3.8043
-4.0545 2.7255
5.5312 11.7607
-3.0779 -12.1534
9.7299 10.9234
-9.8981 1.5359
2.5276 4.8475
-2.3061 11.9181
7.1135 5.1720
8.0085 -3.0845
-4.2050 8.8334
-3.7818 7.0365
0.5620 6.9543
-3.5172 -4.1175
1.8520 8.0305
-4.3574 3.8515
9.9330 9.9058
3.5308 -3.4634
-4.1747 11.2397
6.4300 -3.5207
8.6635 -3.7572
6.7586 3.1120
7.8313 9.8193
-3.8118 7.6935
10.8212 7.9122
-4.3041 -5.0248
-10.5628 7.2476
6.9522 -2.1836
11.3713 -4.3972
-4.3846 6.2670
3.1384 -4.2229
-4.3307 -3.9669
-4.2975 3.9457
-4.1054 5.8815
-4.3490 0.6445
-4.1542 2.7563
6.8057 -4.7264
-3.8998 3.6048
9.4151 10.0841
-5.0092 3.0217
6.7985 12.9912
-3.9485 -4.6356
4.7862 8.1048
10.7413 2.7063
-3.8066 9.8938
-3.6117 -3.9881
10.5415 -4.1989
7.3873 -3.6617
14.7912 5.7155
10.2522 -4.0319
-4.1682 -3.6779
-3.9557 -3.8411
-4.0656 6.0038
10.3041 12.9265
2.7147 8.5812
13.1133 7.9000
9.9750 6.5426
-4.5656 9.0501
-3.8115 -3.5714
-4.1225 1.5195
12.3333 8.6547
5.0499 -6.0263
7.4073 9.6017
-4.2778 10.0547
-3.9507 4.1801
6.9782 3.6272
9.7128 -3.7175
-4.2695 1.9610
-4.3550 11.0754
4.3295 3.8309
9.3207 -3.6974
3.2457 -4.2111
-4.3022 5.1634
-4.3809 10.2651
-5.2981 1.9711
2.5285 1.5577
4.4459 4.5073
15.1483 -7.7739
-3.5348 -3.3473
-2.8956 7.3950
-7.5284 3.6897
7.3147 -3.2254
5.1940 -4.0923
10.1059 2.7820
1.2252 9.5017
-2.6430 -0.0481
-4.5601 7.8125
-4.1976 -3.9195
1.7470 3.1900
-7.2715 -5.2188
-3.4915 -3.9321
13.7245 4.2229
-3.6054 -3.6490
8.6383 -4.3585
-3.8599 -4.7035
4.6510 -2.7902
6.7602 5.2734
-1.3761 4.9894
1.5972 5.0609
-2.5651 -5.1647
6.7441 -5.3640
4.0897 6.5332
-3.7952 13.2565
4.9263 9.5751
4.0767 12.3938
1.6478 10.7698
6.2979 7.9301
10.3568 7.7718
-4.0513 11.8376
-0.7774 -4.3194
7.0184 -4.1639
8.4731 -4.2091
10.7557 -12.7572
-3.7692 -4.4427
8.8823 -3.5833
-4.4497 4.7722
5.6860 5.1430
6.0580 -9.6122
4.6567 5.8771
-4.1666 6.9269
-3.7427 -4.2312
2.4333 6.2048
6.0680 5.5556
-10.2620 7.8605
-4.0888 -3.0171
-4.0030 4.2615
7.1234 2.4047
-8.1874 -4.6233
3.6581 9.2348
-9.4694 6.8470
-5.9865 -4.7490
-4.0845 4.6729
-3.9954 -3.5503
-5.3936 -3.9969
-4.0597 -4.4169
-3.6346 5.2233
-3.9540 2.4363
6.5066 -3.6002
-3.9063 9.9352
1.3116 -3.8364
-3.5931 10.0107
0.7617 5.7558
-6.5010 4.2225
-4.0073 8.5662
-4.4558 3.2947
-3.2773 -4.7260
-3.6670 -3.9292
-3.9170 -4.6366
9.1148 -4.2384
-4.6066 -0.0367
-3.8577 5.7833
4.7474 -4.5853
-3.3289 -3.8412
-4.5412 -3.7149
8.2766 6.5876
-4.5641 4.5887
2.5574 -3.4471
4.3900 -3.4511
6.2563 -4.2331
-3.9666 8.6587
5.2515 -3.7861
-4.0699 11.6420
5.3318 -3.1684
2.3603 -4.2873
-4.4419 7.5019
6.6823 12.7888
5.4920 6.2228
2.6560 11.9902
4.1774 6.0706
9.7064 12.7979
6.7512 11.6885
9.0186 6.0991
11.6225 1.2932
-3.7945 9.2909
-3.8905 11.8242
3.1436 -3.4723
9.9112 -4.1334
0.5281 5.5149
2.7453 -6.5138
10.8109 -4.0040
4.3253 -3.7520
5.8884 5.9136
-4.1402 7.7078
-3.2909 10.8268
-3.9987 1.7320
3.0596 -0.8750
-4.1482 -4.2001
3.3473 5.7811
-4.0470 -7.7385
8.7071 7.4340
-4.4287 6.9081
6.0119 3.3375
4.0160 2.4580
-10.6082 -2.4150
-4.4222 5.7091
6.1088 4.1984
-4.5033 8.2240
2.1547 6.7993
4.7084 -3.0473
9.5409 8.0180
-3.8079 -4.4985
-4.1350 4.2106
-3.5304 7.3315
10.5995 -4.2750
-4.0940 -4.8403
4.0789 2.6790
10.3626 -4.0204
9.6807 -5.7206
-4.3650 -4.1543
3.5675 -3.6958
7.0507 2.2488
6.7912 5.2881
4.2491 -8.8192
-4.1464 4.7090
-4.5073 4.5881
4.9642 1.7745
-9.6592 11.1681
4.1138 -3.6584
-3.8255 4.5806
-2.0738 -4.2010
10.0618 5.8968
6.6911 -2.7707
0.4478 -4.2893
-3.4323 -4.2135
7.0719 -4.3995
-3.7430 5.8586
11.5726 5.9892
-3.9856 -3.9219
12.7287 7.2416
-4.2777 -5.0977
6.3808 5.3023
-4.3183 -3.7928
3.9324 -3.6998
3.8439 9.3350
-3.1027 9.7558
-4.7415 -4.0478
-4.6654 9.3592
10.7037 8.4046
-4.5777 3.1453
9.0573 -4.4108
-4.4105 2.5665
-5.1655 6.9441
5.3955 10.3027
-4.6783 6.4174
-3.9800 8.6823
-4.0601 -4.4434
4.5285 4.9804
-4.5004 -5.3179
7.9615 5.4706
-4.3615 -4.5353
-3.2196 11.1919
-0.8564 -4.2256
-8.9643 -3.9509
-4.2157 -4.2307
7.4330 8.3179
-11.7576 -4.6601
7.6945 -4.1781
8.5464 5.2418
4.6535 -4.7362
-4.7574 -5.0661
5.1472 -4.5505
11.0897 -6.3113
-5.2542 10.4267
-4.4111 10.6188
5.8377 -4.1857
8.5419 -4.2614
-2.3820 12.5857
2.8480 -8.9917
7.0909 -4.6710
-1.5149 5.7113
-4.7265 6.5124
-4.1803 11.3904
6.4135 -3.9016
-3.8580 -4.5496
4.9088 -6.1145
6.9200 3.8816
3.8637 -6.3030
3.8443 -3.7183
4.4091 -3.5957
-4.2205 -4.4721
5.5516 -3.8232
-4.1877 -5.5435
14.0588 -2.8729
8.4427 10.2000
-3.8709 7.5680
3.1462 2.0546
-3.0244 2.2528
1.5585 -3.7299
-4.0510 9.1664
12.4268 -4.2050
-4.0703 2.4238
5.9092 8.9064
-3.7550 -4.2728
3.8890 7.9518
1.1695 -4.2773
-3.1214 -10.9617
6.0132 1.8840
3.4138 -4.3144
10.3318 11.9144
6.0367 -3.6138
3.0806 -3.4529
9.9492 -0.3962
1.4114 9.5935
10.2792 -3.8172
-4.9783 9.8300
2.9398 -3.5193
-1.4201 1.1480
-3.6226 4.9524
6.5147 -3.8219
-3.9693 7.0442
-3.7451 -4.5675
5.1627 -3.4968
3.3806 -4.5784
4.6526 6.7344
7.8931 -5.3074
-2.1088 -5.6197
-3.4314 -10.7827
-10.4562 11.3194
-4.3464 -4.2438
10.1564 5.2930
-4.3233 3.6290
-4.0480 -3.2804
9.1995 1.2674
13.6242 -1.8132
5.9756 5.6892
8.8802 7.2721
-4.9514 -4.5656
-4.2145 -3.6533
8.2577 6.3569
8.5831 6.6443
-8.6588 6.5869
4.4894 3.4186
-5.6314 -4.3439
11.2861 -3.7749
6.6940 -3.6971
-2.6002 6.0047
10.7237 3.6159
6.4390 7.8725
4.4613 -3.9856
1.7514 -3.3496
4.2851 -3.9491
-4.2219 8.6763
-3.6406 11.8916
-3.7530 6.4717
7.2865 -9.1416
10.1292 6.0781
-3.7292 -3.9443
-3.6552 -5.1359
-3.8150 -4.0861
7.3870 -5.3861
-4.0381 8.2959
-4.2542 8.0872
6.3541 -4.4497
4.4446 7.5182
6.6508 4.1893
2.1839 -3.8557
8.1986 1.9852
9.7506 -4.2819
7.6300 12.3321
3.6031 7.7875
-4.4042 -4.6135
-2.0406 -4.2481
-3.7644 10.5673
6.8122 -4.0022
6.1517 -6.6401
-3.6014 1.7097
7.2219 7.4088
10.4028 -3.0990
-4.5275 -4.7628
9.6413 -4.3507
7.5382 2.0346
-3.7343 -3.8411
-3.6721 9.4428
5.6235 2.6929
-4.0512 11.5067
-3.4225 -3.8219
7.6875 -4.4967
8.0103 -4.0496
-3.8774 8.8672
-3.7964 -4.0898
1.9624 -3.9562
2.6021 -5.3462
-10.9566 -4.7502
9.0475 -3.1245
8.4666 -3.9067
3.9435 1.7531
13.4961 -2.7315
12.0310 5.5404
9.2319 -3.9328
6.5126 -3.9425
-3.1422 -4.0282
-3.6469 4.7172
11.6939 10.1060
5.1588 -3.1327
-4.1519 11.8056
5.1983 2.9571
4.9244 8.9839
-11.6394 -4.2956
1.9421 -4.7358
9.1292 6.8208
-4.3832 -4.9125
-5.8600 3.7542
-5.3411 -4.5386
-3.6358 -4.1119
-3.8122 -4.3920
-3.9988 -3.9746
-3.2592 3.6835
-6.4583 7.0200
-3.5158 9.2110
9.0181 11.6633
7.8638 9.8617
-4.4138 3.0848
8.1158 5.2998
5.1865 -4.1000
5.8866 10.0354
10.5496 -4.3288
-4.4851 -3.8316
7.3229 -3.9476
10.0935 5.2745
1.7999 11.0088
8.9263 -3.4936
5.1571 -4.0085
-3.5862 -4.1956
-3.7074 9.3761
-12.2391 -5.3336
-8.2152 -3.7303
4.7817 9.6103
-4.4211 4.9884
5.5376 -3.8036
-4.2146 5.9399
7.9277 -4.8060
7.0663 -3.7041
6.0170 -3.3040
-5.4634 -4.3642
9.4191 4.5176
-3.7934 6.1072
-4.3031 4.9401
2.4188 10.1775
-3.8552 -8.8579
5.5511 -3.7254
-3.3248 1.6977
-0.7187 -4.1035
0.7275 -5.1910
14.5202 -4.5360
-4.3131 6.1019
8.7670 2.0144
3.6140 -2.8970
-4.5768 9.5941
5.6906 7.7137
-5.1346 9.8851
9.0953 -4.4416
-2.7682 10.4420
8.4112 -4.4065
-8.8676 7.4406
9.9306 8.2920
6.1410 1.3584
-2.3452 -3.9462
12.1463 -3.8395
4.0650 10.2599
-3.8305 -4.1285
8.0834 1.4436
5.6044 -8.7523
7.5496 8.7632
7.3999 5.5272
-7.6139 -4.4382
5.1463 -3.9081
7.5843 -6.6018
1.1088 2.8500
-3.4798 -3.7698
9.6049 5.8295
-4.0246 8.6442
-3.6545 2.1931
9.1085 8.7451
0.2913 -4.5289
-4.4060 6.8971
2.3069 6.2515
3.3382 -4.0361
-3.9897 -5.5922
-3.2656 5.6264
-4.1611 -4.0355
3.3468 -5.3239
10.4118 9.2390
6.1187 -4.0777
-3.9080 8.0294
3.2613 -4.3757
3.3304 -3.3395
2.2418 4.3124
6.5696 1.0125
5.2742 6.4431
8.3348 6.6799
7.5421 2.1033
-4.5626 9.6037
-4.2944 -5.5626
-3.3443 12.3288
-4.4189 -4.2202
-10.3607 -5.2572
9.6686 -4.3252
-3.1343 -3.6740
-3.5598 4.6792
6.9522 -4.4373
-4.7104 5.9061
10.0311 7.8303
-4.4958 -4.1947
-9.0271 -3.6901
-0.9817 -2.1842
4.4732 7.1770
8.0795 -4.9646
-4.2704 3.0071
2.7287 -3.9389
-3.5215 -3.5400
-3.9478 7.1637
-3.6134 -4.1542
13.8569 4.2143
4.8644 6.5522
6.5749 0.6378
2.7662 6.4652
-3.4906 -3.8488
7.8513 8.4442
-3.5269 7.1728
-4.0668 -4.2355
2.7458 9.5880
10.9514 7.1442
-9.8785 -4.0134
-3.8219 -4.1227
12.6127 -10.0246
-4.3306 1.2227
7.7232 2.4543
9.3802 -9.1525
8.3370 6.3946
1.7878 6.6955
-10.2586 -3.9953
-3.2683 4.5400
4.3625 -3.8880
1.5722 6.2774
-4.0940 -4.8229
7.4609 3.3395
-4.5554 8.3766
-5.3297 4.7156
-3.8079 -0.4684
5.4852 2.6975
3.8900 6.1685
-3.6363 1.1827
1.6068 2.8371
-2.8807 -4.3947
7.0952 -2.3692
-4.1173 -4.3199
-4.9106 4.6276
3.9185 -3.8658
4.7810 8.9757
-4.0342 3.8030
-3.3837 4.8510
-5.0811 9.8956
9.1811 4.9523
-4.6041 8.7341
-4.4490 2.6651
4.4843 5.8694
12.1615 -8.0654
-4.1039 -4.1840
2.1859 3.9570
4.9717 -4.3214
11.1237 -4.8215
-3.9219 9.9521
-3.7577 -4.4002
-3.7974 -5.4706
5.6779 -4.3167
5.5599 8.7406
-1.9264 -4.1336
-4.8405 -2.8748
-4.4541 3.8079
9.7977 8.6411
9.2507 -3.3098
9.2522 -4.3306
-3.4637 4.1172
2.2440 2.3638
6.2413 0.8727
-4.9660 -4.0100
-3.9705 -3.7840
1.0030 9.4587
4.6553 6.5357
3.0294 -4.2468
4.4431 5.9009
-5.1786 8.4450
15.4642 -4.6781
-3.8549 7.0127
3.3336 1.7733
10.4088 11.7558
3.2980 10.8975
6.2467 10.0136
-4.6367 -4.3684
-8.4911 -5.1562
3.8205 8.3714
8.4417 -3.8469
3.9003 -6.4002
5.8420 6.9236
-3.8408 3.0430
-3.3578 5.8117
0.5863 -3.7109
2.3565 1.7482
-4.9832 6.8386
9.3704 6.8150
-4.0670 -4.6249
-4.2446 -3.3101
-3.9888 11.6732
-3.3114 3.7453
8.3795 0.3767
-5.4553 -2.9615
7.1473 7.1989
-3.9930 -3.6803
-3.8687 -3.7828
9.3538 5.9594
-5.2644 12.1967
-3.7392 7.6934
7.0245 -3.8187
2.2107 6.4248
13.3936 -3.9987
3.1238 -4.1094
3.5515 6.7013
-4.1439 13.5096
-0.3458 5.7555
-4.2566 9.0269
7.4050 6.2711
7.7013 -3.7926
10.7686 11.6844
-4.3894 7.8601
6.4886 6.4811
-3.3048 -3.1405
5.3802 12.0929
-4.2625 5.2504
11.5692 -3.5763
1.4215 10.3787
-3.8891 -6.6135
8.7516 6.0135
-3.6439 -0.4114
2.0650 -4.1765
-3.3109 5.1860
7.4542 9.3486
-3.8848 1.1011
2.8474 6.6403
-3.1206 4.7024
5.6443 -10.8126
-4.1599 10.1265
-3.8022 8.3217
5.5891 4.9946
-4.2072 -4.0651
7.0899 -4.0420
-10.0888 -3.8583
3.0236 -4.2458
9.3728 -10.0725
6.3965 -3.3159
2.0165 7.1025
-10.3680 5.6582
-4.1223 -4.1187
-3.3404 -3.7406
-3.5257 -4.3571
-0.4909 -4.1120
-3.9195 -3.5200
6.4077 -4.4731
5.1818 9.8730
9.4059 -9.5261
0.3684 4.4226
-2.9671 2.5650
-4.1508 -4.8361
3.5213 -4.2135
-5.0600 -3.5165
-4.2211 0.6427
4.6466 -7.0754
-4.0343 3.6182
15.2112 -4.9533
13.2409 3.1424
-2.3638 3.7512
-4.4016 -9.1767
4.0111 3.0652
-4.2575 2.1386
-4.0979 0.4306
-3.9235 2.4461
-4.4113 -4.6696
11.1988 5.8863
-4.1743 -2.1996
-4.2614 9.9493
10.6888 -5.2352
10.8164 5.5308
3.8658 5.5432
-3.9373 7.5541
-4.3687 8.7764
-6.1550 -5.2241
3.5363 -4.4835
-3.8210 5.8620
-3.4919 -4.0707
5.6015 10.5520
-4.4153 9.5433
5.2143 11.9017
11.5895 -4.3581
6.1905 0.6856
7.0753 -4.0041
-3.6981 7.6803
-2.1776 0.8688
6.9055 -3.4668
-3.6397 -4.6919
-1.7672 -4.4772
6.9108 -3.7557
-4.2015 5.6559
3.5620 3.8856
-4.3447 2.0538
4.2182 -5.7644
5.6433 2.3174
-8.2863 5.5542
-3.9222 -4.3596
-7.5323 3.4084
-3.4605 4.1808
3.0344 7.8198
-4.2027 9.6122
7.1041 2.5896
-4.6797 -4.2327
5.3502 -3.5396
8.7705 6.0721
-2.4501 -4.2878
-3.5692 1.7432
7.7935 -4.6082
-3.6219 5.7833
3.1397 12.3149
-2.8407 -3.9589
6.2626 -3.5241
6.0112 -3.9980
4.0336 2.8880
-4.4734 -3.6691
9.5103 8.5926
0.0809 2.8770
-3.4019 2.9947
5.9779 1.3128
-7.4242 10.9541
-3.7591 -4.1666
2.5696 -3.8933
3.5791 -4.3289
-4.4262 -4.1900
-4.3620 -2.5385
10.1784 -4.3572
5.5686 6.0556
-10.1855 4.0158
-3.2862 10.2932
6.8762 -3.7349
5.3399 -4.0078
-4.0828 -3.7943
12.4120 -4.0284
3.2916 0.6650
-4.9024 -4.1010
4.9387 4.5738
7.0258 -3.9363
4.7289 -4.1738
7.6798 7.1819
11.0989 12.5579
-3.7929 10.5418
2.9931 0.6549
9.8160 10.6701
-4.3522 7.0745
10.2546 10.9733
6.3945 7.2222
8.7466 3.1246
4.9616 3.6582
4.4669 -9.4401
6.5512 -3.1225
6.7466 -3.7962
-8.3667 3.8592
-5.7934 6.4794
13.0831 2.8148
10.4658 -4.8769
0.8121 8.2149
-4.5832 6.9019
3.3861 9.9692
2.6317 13.6714
11.7484 6.4608
-3.9614 10.3004
-4.1476 4.8041
-4.1869 -4.1558
-4.2723 3.5356
-8.7976 1.1238
-3.1246 3.7253
4.6594 2.0480
5.4268 12.6215
4.5748 2.6358
-3.4560 -3.8206
-4.6218 -10.5305
6.2109 -10.8869
-3.6835 -3.7452
7.3296 -4.5838
2.4463 -3.3235
5.6929 -4.0172
-3.5660 7.7536
8.7993 5.7107
-6.8814 -4.2843
-5.7681 6.7717
8.7190 12.2937
-3.7543 3.3354
13.2144 3.5445
3.3051 -3.5562
0.6542 12.0194
-7.1254 -3.5280
-4.3136 11.6266
-4.2805 -3.9203
-4.1594 3.3434
-7.7493 -3.8305
3.7657 -3.5446
0.2421 -3.1008
-4.5671 4.0983
-4.3338 -4.0723
11.5171 8.3046
5.3572 11.8233
-4.6320 10.1456
1.6313 -4.1128
10.1808 10.8792
4.2949 -3.9097
-3.9401 7.9366
3.3953 -3.5753
2.3509 5.0305
-4.3190 -4.1090
-3.6987 -3.9428
8.2289 -1.8404
-4.4826 6.8509
7.2112 14.9899
10.0108 -3.5452
-5.5233 6.8341
13.3552 7.1643
7.8526 9.9050
-3.7273 -4.3934
11.4907 6.8718
-4.2251 6.9045
-3.9096 2.4063
8.0085 -9.4911
-4.4002 3.6174
12.0658 -2.9757
1.6998 6.0568
6.7024 -5.4133
-2.9722 -4.3082
3.7040 4.2577
-4.1256 -1.1683
7.2055 9.3386
-3.8966 8.6702
4.3626 -3.7951
-3.8813 11.4104
4.9939 5.7571
-3.2551 -3.1588
-4.5287 4.5910
-0.5164 12.5078
1.7151 -3.6472
-3.5527 9.0948
7.5296 -4.5015
-4.4487 -4.0298
3.9307 8.1197
-4.0117 7.5635
4.5619 -3.9402
4.2234 -4.2693
-3.7867 -4.9910
-3.9011 4.6035
-4.0044 -4.2544
-8.5846 8.8263
8.3382 9.9056
-5.4384 7.1569
5.6169 1.7877
6.8841 14.2618
-3.9335 -5.2115
12.9792 -4.2461
2.8385 -3.7196
4.4327 4.6497
8.9553 -2.4114
-3.7365 4.0617
9.6921 8.9383
-3.2148 10.5824
-4.2082 4.7676
-3.3032 -3.8386
-3.8455 -5.3976
5.0993 -3.6453
-4.1433 2.9347
3.9488 -9.2198
-4.4351 3.6231
12.5762 6.5631
8.8426 10.7516
3.3488 3.3322
1.5541 8.9605
11.6139 11.4267
-2.6566 -2.7678
2.4097 11.1137
10.0148 -4.2700
12.0240 -4.2292
7.9461 -0.2721
-4.2567 4.9260
-3.9283 9.2531
10.5008 2.6619
8.2903 3.1885
-4.8270 -4.1429
0.0997 7.4242
-4.1544 -3.8422
2.9471 -2.8108
-5.0262 -3.6146
-4.2719 11.1134
-4.1022 3.9524
5.8232 8.0484
14.0225 5.3982
4.8088 0.7894
-0.4526 1.4792
12.1326 -3.4662
4.3390 -4.1796
2.0056 4.8335
4.9960 -3.3797
-4.0905 -4.1673
11.1883 -4.7188
-3.4497 -3.7411
14.4288 -8.1784
10.1177 8.1117
9.4567 4.2978
7.5670 7.3631
-3.2981 -4.2764
11.0202 -4.2725
-3.7480 9.8113
11.4747 -3.9176
-3.7034 -4.2886
-3.5734 1.2977
-4.1887 7.2446
-4.2231 13.6092
5.0661 -3.2100
3.3076 6.3434
2.8179 6.3304
-4.6162 9.5380
7.2617 6.9463
3.2887 -7.7437
2.0615 -3.5921
8.9006 1.1888
8.2670 -8.0850
-3.7831 -4.3090
3.5669 11.5249
-3.6288 -4.1222
7.0299 11.9956
-4.0529 10.3476
-3.0808 6.3048
7.2477 2.5810
-3.0966 6.9958
11.0668 10.0613
3.7283 1.1158
3.8522 10.7963
6.4188 7.6790
13.2938 -3.7169
6.3705 9.0981
-4.4786 -4.1020
-3.4308 5.2845
-4.7389 4.0953
2.7500 5.8297
7.4621 -2.8142
-4.8177 -4.2228
-3.8561 -4.8911
-2.9216 8.2523
5.4809 5.5587
7.0912 11.7396
-3.9354 4.3073
5.8742 8.5858
5.1704 -3.5245
6.2035 -3.5486
-8.1345 -0.1479
-6.4715 9.8123
-0.9129 -4.6690
-3.8382 0.8131
-2.9820 6.6195
-6.6896 9.2417
-4.1832 8.2333
-3.8955 11.5526
5.8889 7.1062
6.6212 -3.0817
-4.7086 3.8891
9.8402 -4.0587
-2.0528 10.7194
2.7398 -4.7475
-3.5268 12.7929
2.7466 2.9671
5.9858 2.9038
6.2439 6.1927
-4.0412 10.6275
3.9413 -4.2635
6.2008 1.5642
11.1406 11.1430
-7.7810 -4.3046
-4.0049 -0.2003
-3.3421 5.8784
-3.7199 5.5280
2.6781 -4.8827
-1.6264 -4.1990
-7.0312 4.7989
-4.3094 1.1820
-4.0483 -3.2943
-3.8338 -3.8726
3.8860 -4.1094
7.8733 -4.4760
-11.8897 -3.6410
6.8128 9.8586
10.3561 6.7592
10.1607 -4.5894
10.0365 6.5010
-5.4456 5.9083
4.4668 1.5034
10.3149 -3.0686
-4.1634 10.2319
-5.0848 -2.7676
6.8703 -4.4814
7.2665 -4.1684
9.0017 -4.1943
12.6206 -10.0461
-4.4812 -5.4430
-2.4651 -5.1311
10.7601 2.6180
5.6047 10.6367
6.5740 -4.7163
-3.8875 -3.7925
-2.9981 -3.5240
-5.2795 9.6057
-3.9298 2.2472
7.9630 9.0987
0.4527 -4.2059
6.2641 -3.9389
1.7995 -3.2837
-4.0977 5.6383
5.6458 0.7355
-4.0371 4.4555
-8.7815 8.3518
-4.8644 4.8357
12.3488 14.2908
-3.0287 -4.5785
-4.1451 -4.0783
10.6074 -3.9469
7.9308 9.4779
-2.9374 -2.2212
-4.0103 -4.6609
0.5470 -3.4725
-11.3115 -3.5997
-3.9624 2.9395
9.0309 9.5608
1.1800 -5.4949
5.1669 -3.6479
-0.3654 9.9184
2.4164 2.4939
5.8592 5.2246
10.4552 9.4359
2.8466 -4.1932
-4.4064 -3.8494
0.3171 -3.9856
-4.2231 -3.9417
-3.5540 8.6865
-3.7781 3.6810
5.5692 -3.5867
-4.1631 -3.9991
6.7570 -2.7082
-4.4450 9.0949
-3.1331 -5.2620
5.1508 -3.9278
-4.4378 -3.8910
-3.3048 -2.8215
8.7469 3.0487
-4.1790 5.2902
-3.1182 -4.7184
-5.1992 7.2343
2.4460 -4.1193
-3.7550 -8.7515
4.0913 -4.1666
10.1853 0.7913
10.4956 6.5165
-7.7744 9.1276
7.6387 -4.0327
3.1098 6.6308
13.4692 -3.6175
-1.5290 2.2233
-3.7782 -9.2037
14.2540 8.9754
-0.0501 8.1876
-4.5358 -4.7754
12.1416 10.7524
8.2025 9.5462
3.6066 5.4945
-3.8001 5.7110
-4.6304 8.2357
6.5733 8.6126
2.9074 6.2473
-3.7051 -4.4409
4.0795 5.2744
-4.0648 -4.5539
9.6011 9.6544
9.9007 -4.0690
8.6478 -4.8729
-4.1193 -4.3407
7.6754 3.0945
3.2358 4.1150
5.6450 -4.9508
3.6276 9.4219
7.6711 4.5137
-4.2064 5.9842
-6.5425 -4.6493
2.7953 -5.1504
5.3289 4.9498
2.9038 -6.5579
11.0178 -3.9876
5.3318 7.9871
8.6428 8.0773
-3.9136 9.2741
0.6147 9.3863
-5.3126 -4.1096
3.4697 -3.6600
5.3946 2.4338
3.2926 -4.1033
-4.3117 5.3353
6.7477 6.0455
7.8505 7.3925
4.9632 9.8522
-4.4970 -4.5442
3.0551 -10.5066
6.0347 6.7835
-2.9432 4.8207
7.2587 1.7787
7.9013 -5.1401
-3.6096 -3.9468
2.3859 4.9571
-3.7028 7.0275
10.0513 5.7996
10.2103 4.0499
5.7419 5.8609
-4.3532 -3.3409
-4.8838 7.0594
-4.0173 3.4124
7.2544 -0.0378
9.0734 -3.8180
6.4341 11.0164
-3.6127 -4.9576
4.6729 -4.3249
1.3470 -4.3951
-5.8461 5.3175
-4.5539 -4.4334
1.7011 5.2125
9.7190 8.1819
2.8077 8.5429
8.1739 -3.7751
1.7567 12.2241
-4.0037 -4.7902
-4.9263 -3.9087
-4.2130 -9.1369
-3.9792 4.3073
8.2255 6.9504
4.0113 1.8316
7.0851 -4.0253
-4.1771 2.5684
-4.2915 -4.4993
-4.4972 12.9195
7.8023 -10.1995
-4.4087 6.2268
-4.1435 7.6463
-3.8389 -2.9252
-4.8221 3.7885
3.6500 -3.1457
7.2371 -4.6851
11.4837 3.9509
-3.9154 -11.2353
-4.6199 7.7861
4.7195 -11.4144
8.0398 13.4899
-4.6661 -3.7357
4.7566 -5.3409
-7.6077 3.7969
-4.0680 -0.0113
-1.1254 5.9553
9.2574 4.3227
5.1028 10.3359
10.9808 3.5047
-2.8739 -6.2334
5.2608 6.1175
4.9503 -5.4486
-4.2953 -10.8986
-3.9526 5.9027
6.7302 -3.8541
-6.3532 -3.8535
-4.3575 -3.9565
7.1945 -5.8188
-3.9267 7.8659
-3.7875 -4.8443
-3.7371 -4.8662
8.6318 -6.0463
0.1725 8.7244
-4.2460 9.7360
-3.9585 -0.0725
5.6947 -4.4594
8.4323 7.3067
7.3062 7.8608
-3.9137 5.9156
-4.4143 -5.7333
-3.8612 3.8722
-3.9390 12.6393
2.7845 3.7520
-4.1786 6.4455
11.6996 7.8285
-0.9565 5.9107
3.2172 3.8774
12.4452 -3.3633
1.3736 10.3645
-4.2386 -4.6987
-3.9037 -4.0444
5.0180 10.1634
-4.1665 -4.2404
9.2064 -4.3021
-5.0974 -2.8696
-4.0240 6.4264
7.7214 9.4952
-3.7520 9.5945
8.2869 -6.7286
-4.0875 -3.9771
9.5367 -4.1448
-10.4425 6.4482
-5.0477 11.7596
-4.6657 9.6998
-4.1921 -4.0947
8.3973 -3.5049
-8.4555 4.9643
-4.1819 -5.0518
3.8162 8.5402
-5.0080 -0.0876
-4.1337 -2.8087
10.6962 14.2832
-4.3172 13.0474
8.8752 -4.0093
4.0879 -3.5473
-4.0030 -3.2004
-6.8259 -4.1401
-3.7320 -3.8132
-4.2560 -4.3957
7.6424 7.5419
9.3089 -2.1988
3.4516 2.8813
-4.5509 -4.0259
7.1779 3.5631
4.0768 -3.6210
12.3787 -3.7376
-3.2871 4.6512
5.9399 5.2852
7.5951 -3.5364
8.0541 8.1268
-3.7313 -3.9658
-4.1525 2.8865
-1.3682 4.0420
7.4417 9.7507
-2.8993 8.4236
-2.9125 -3.6615
-11.2252 13.4884
-4.5902 -4.0241
-5.1570 9.4366
5.3347 -3.9934
-4.2468 6.7635
0.0815 7.8149
8.6542 7.7938
2.3301 9.6740
-4.3697 -13.6336
-5.3779 2.6357
3.7747 5.7985
-4.7964 15.4686
-3.7745 6.2305
3.0984 4.3073
-3.6785 9.2442
6.0249 3.2395
-4.1874 -4.7433
13.0765 -3.1658
4.0881 -5.4346
8.5683 11.4384
5.1142 6.6583
6.6276 9.5997
8.9948 -1.7784
11.2920 -4.1138
-4.1525 9.2269
-3.0653 -3.6570
-2.2131 -3.8456
6.6257 -8.6826
5.6553 -3.3201
-3.3080 -4.1585
-4.5613 -3.8803
-4.6379 -4.1117
-5.8087 -3.9887
-4.1867 -4.1303
-3.5156 -10.9242
-4.6009 -5.4346
-3.9955 -4.1042
6.4079 11.8285
-6.5661 2.0176
6.5520 2.1359
15.0442 -3.5477
-11.6255 9.8555
2.4223 4.3272
9.1077 12.0770
11.9004 5.3707
-3.8944 -4.2325
6.9004 -3.6614
-3.5147 12.9136
2.7337 -3.8678
-4.4590 6.0082
0.5398 3.3211
-6.5396 2.0960
2.5826 -4.4071
3.3782 -3.7826
5.2072 9.6693
10.8595 -3.9943
-4.2238 3.6038
-3.6125 -4.5168
5.6576 8.7429
8.5319 -2.8458
-4.1597 -4.1282
7.0437 -2.7583
-4.0884 11.1617
-9.5792 5.1681
-4.3717 5.3845
-4.1272 -4.0070
5.6945 -4.3507
1.8107 -5.1031
3.5089 2.7316
-3.6344 -4.5361
7.0145 -9.0994
5.1763 3.5898
3.3031 -4.4193
2.1630 -3.1655
7.1975 -1.0176
-4.1812 -4.7818
11.3053 3.6795
2.0078 -4.6752
3.9103 -3.2756
-3.9517 -12.1095
-10.0529 -7.0135
-4.2515 7.8736
4.6857 -3.8649
-4.2556 10.5403
5.3866 -3.9189
5.3648 2.1492
6.1384 -4.4051
5.2925 -3.8718
-10.1845 9.0430
-5.4963 5.8855
11.2379 -5.4156
6.3431 -4.1190
3.0578 11.5954
-3.4435 -6.8848
12.3510 12.6622
0.5419 -3.6964
7.9641 11.2463
-4.2036 5.1803
10.2334 -9.4814
-2.2670 -3.8510
5.3204 9.6117
-4.1554 7.2044
-3.9265 5.3043
-3.9009 10.4801
-4.1783 -3.7238
-4.0504 -3.8163
2.2091 -3.5511
-4.2976 -3.4403
-8.4053 -3.8028
7.5834 4.5606
-4.7431 11.4572
-4.1088 11.7515
-3.9351 5.5483
-4.5294 9.8560
4.8323 3.0983
-5.0513 -3.8417
12.8313 -0.3332
3.6576 3.7922
2.9451 -3.4986
-4.1088 -3.0763
-3.7512 -10.4546
-4.1174 -4.1338
-3.5056 9.8568
-4.0826 13.5991
-3.1716 10.4168
-4.3296 -4.7944
5.8251 -4.0978
3.5871 -3.7651
6.0663 -3.7764
10.8683 3.1085
-0.3367 4.5637
11.8801 6.7822
7.4296 -3.6605
11.6723 -3.9269
-8.6801 -9.9456
8.6589 4.9251
-3.6144 -4.3152
3.6050 2.3444
-2.9865 -9.0059
3.1999 3.5085
5.8474 9.5035
6.9925 3.6770
-4.0891 6.8678
4.8032 -3.0561
-6.0133 -3.0137
-5.1598 7.5578
-4.2330 -4.4219
-3.7475 -3.8814
6.1939 -4.7940
9.5074 8.7660
-4.3153 6.1173
-4.0864 -4.9185
-2.9493 -8.7190
1.1544 3.3878
-2.6507 7.0776
12.2842 11.7017
1.4636 -4.3401
-4.5945 3.4310
8.4900 3.6477
5.6363 8.0280
-8.7980 -3.6745
-5.3773 6.4168
10.4138 -3.8720
-3.7695 4.9421
7.4507 -4.8054
9.2905 11.8933
-3.9089 -3.1510
-4.3749 8.8564
-3.2993 -4.0933
10.4094 3.8727
7.6709 -3.9198
7.5532 5.4798
4.5693 -4.0163
-3.8190 -4.6806
-4.9809 14.3925
1.5723 6.5696
5.8184 -5.0858
-3.7749 5.0868
-3.6917 1.6853
3.9846 12.5491
-3.8560 -3.2551
-3.9002 -3.9789
-4.5534 1.9270
6.0929 5.2108
-3.5651 -4.2494
-0.4950 -4.0498
-3.6514 7.0980
-3.4384 -4.3593
2.4001 -4.8020
10.8333 3.3489
-6.6373 9.0334
-4.1990 3.9550
5.5801 7.9823
-4.4532 -4.4049
-4.1550 -4.7773
13.3147 -4.0761
6.8480 -4.7729
10.3615 5.0424
9.9179 9.2053
-3.7048 -4.0780
10.9900 10.5097
-4.2844 5.7533
9.1756 2.5909
8.0044 -3.9598
-3.9307 9.7324
-4.3158 0.0511
2.3458 -3.7867
-4.7015 -9.5061
-5.3471 -4.6530
-2.6233 -8.8241
4.2736 5.7708
5.6702 -6.7986
-6.3851 -8.1112
-3.4890 5.5865
2.9871 -4.6139
-5.1559 2.8084
-7.1792 6.5993
7.9452 1.1700
