5
9.9010 7.7298
6.7301 -2.5705
-2.4699 8.1943
10.0349 10.4636
-0.2327 3.0595
-1.0706 -1.9138
2.1489 -0.4980
-1.6741 8.2469
-4.9670 0.7433
11.1403 -1.9079
1.5548 -1.5297
-0.0925 8.7608
-1.0818 4.2443
-0.2607 -5.6655
-2.4550 1.2491
-1.0727 6.3472
0.3838 0.5682
12.7469 10.1447
9.8236 9.9124
-0.0009 -0.7523
1.1031 9.4314
-4.3263 -1.1787
-0.9727 -0.4883
4.9331 -4.2790
6.1162 0.6410
-6.8848 2.2507
-0.7637 3.2026
10.2116 -0.1372
7.0756 0.8066
1.4898 2.4377
-1.6338 -1.3350
3.8844 2.8117
1.1794 8.9562
-0.3530 -2.4577
-1.3100 -0.4593
-5.4561 4.6894
4.0384 0.6801
8.9372 0.4603
9.2189 -1.3914
10.9713 11.0276
11.3736 -4.4654
8.9446 8.3673
-5.5024 7.4458
-5.6072 -1.8694
1.9872 5.0842
6.9883 -2.8350
-1.9920 0.7339
3.6628 -5.3950
-1.7000 0.0066
4.1457 0.2187
1.8985 4.9033
-0.1563 -1.7271
-0.1946 -0.5098
-1.4461 -3.6412
-3.9431 9.2495
-2.8817 0.0881
-3.1411 5.5362
-1.0508 12.6875
-0.7067 -0.5591
6.9719 8.5626
-1.6698 -0.3148
0.0163 -0.6928
8.5360 -3.3088
-0.1729 9.3129
10.8639 -3.1069
-0.1058 1.9899
4.6313 9.9131
-0.4025 13.6866
5.2210 -1.3454
-1.9770 -0.9308
6.1631 5.7621
-1.9614 6.4171
-4.7955 -5.2729
10.4654 -0.2056
-1.2342 10.1622
1.2745 -4.5721
7.4470 3.3612
2.6796 -0.5544
-0.6339 -4.0717
8.2207 -3.4981
0.3345 -1.6817
2.1415 -0.4928
-1.7476 -1.0504
1.0761 1.5258
7.8058 -0.9557
8.1524 9.6913
10.7795 -0.1364
5.1892 11.4802
0.3740 -4.3110
2.3187 -2.0307
11.5167 3.1592
0.1443 -2.4840
-5.1471 -1.5478
2.1381 9.3508
10.7564 -0.2733
0.6477 5.8858
8.6909 -1.0958
-2.2335 0.7527
-2.3486 -2.9015
3.9376 -4.1367
-2.6946 0.1163
9.3430 -8.2510
0.6309 0.7351
-1.1496 10.7269
8.4307 0.0556
7.1771 -0.7225
9.2493 1.5561
3.6086 10.7478
-2.4649 4.3787
0.2237 -0.2045
-2.3222 1.5144
-0.5938 -0.6792
8.6023 8.3155
0.6749 -1.4660
7.3088 -1.7103
2.4343 0.7350
-3.2552 -1.0256
7.4614 -3.4772
-0.8946 -0.6991
1.2674 8.0935
1.9701 0.7459
-2.7573 4.2048
-2.3900 9.7148
-0.6314 12.1819
0.1664 -0.1969
-0.8067 8.7894
0.5391 11.7760
8.2778 0.7740
4.5652 -2.3828
-1.3269 3.5700
-2.1123 -2.4244
1.2560 -1.5625
2.9929 -0.8027
-1.6008 0.4060
-0.5348 3.7922
-1.8694 13.4426
-0.6313 4.5648
-0.4544 1.5706
0.9645 -2.9193
-0.8475 8.6847
6.9966 -0.8502
-2.0633 0.6223
1.8052 2.0283
1.0247 0.3634
9.9129 1.7131
1.3579 -0.2816
10.0386 2.3150
6.1455 1.3856
0.9292 11.4466
4.9316 11.9900
-5.2209 -0.3853
11.8915 -4.2519
3.6066 -1.1827
0.2627 -0.2966
-2.2100 -2.4091
2.8601 9.5860
-1.7163 0.5750
-1.2159 8.0519
-0.8036 -4.5674
7.8573 1.0990
-2.2156 -1.5015
8.4249 3.4533
6.6529 -2.8968
-0.9838 -2.0417
1.4523 1.3588
3.2152 0.6949
0.0981 9.7028
-2.4706 1.7779
-2.6611 -9.2814
8.5076 10.7342
-0.6813 0.6486
-3.5116 1.4336
8.7652 -6.2154
12.8155 -0.5278
-3.2506 2.3949
0.3733 -1.2518
2.8464 3.0416
-1.0305 10.8877
9.8628 -3.1786
2.5370 -1.1816
-0.1000 0.1300
7.3429 -1.3971
3.9199 1.5018
-2.5235 -1.6789
-5.4546 11.2247
8.0207 -6.7081
-2.9377 0.0929
-1.0759 10.6249
10.1790 -0.7119
0.8477 1.9716
1.4555 7.7779
8.8144 1.4140
10.7617 -1.9925
-1.6462 11.8128
7.5938 -0.2767
3.7434 -0.3634
-1.3908 -1.8316
-6.4196 -5.1662
-1.4654 -1.7141
-3.9578 -2.8917
11.3030 3.9546
3.9391 -0.8569
4.7049 -2.1595
-1.7182 7.9825
7.8974 10.6972
0.1465 10.7039
1.0572 2.5057
12.9728 -1.0283
-7.1926 9.6074
-1.2805 -1.9966
-2.5291 8.6286
-1.7075 2.0122
11.2244 10.2609
12.1204 -0.7794
9.6356 1.1267
-1.8279 -1.1832
8.1578 0.9799
4.1178 -0.0545
7.6297 -2.5516
0.2516 0.2512
1.1799 -1.8581
13.1973 -0.6894
-2.4990 0.9402
8.6505 -2.6791
2.4881 11.2809
1.9866 7.8790
-3.9881 -0.0931
-3.8715 6.2129
7.4611 -3.4317
-3.0757 -3.8790
-6.4443 0.5326
-3.1386 -2.4072
-1.3779 -0.2243
2.0151 -5.0912
-3.9405 -0.4257
9.7801 9.5818
0.1186 -1.5210
11.7101 -1.3813
-1.0644 10.5014
-1.6126 -0.7255
7.5584 7.7563
8.4432 0.4365
-2.3328 -3.8788
9.5515 -0.3282
11.6328 -2.3666
-1.1844 2.4511
9.1310 -1.7044
-0.2106 -2.0326
1.2256 -3.1361
-1.8822 -2.4243
-1.2033 -0.1474
-1.9059 -2.2803
10.3105 -2.2509
9.6517 -1.9348
10.1194 9.2851
0.1688 -3.2873
-0.0401 -0.5462
11.3004 0.4322
-6.7084 -1.5424
-5.1307 6.8961
0.1911 -1.0424
-1.5475 9.0533
0.9181 9.2749
0.1040 0.1969
9.6298 -0.9425
2.3774 -2.2372
3.8051 7.8109
0.4299 1.5155
-0.2742 -1.5205
0.1506 8.4775
0.4362 -5.2568
10.8283 -1.0100
8.5764 -0.6560
1.8105 -2.1507
-1.0619 1.2530
11.1609 4.0291
-3.5265 -0.1181
-1.8090 -2.4308
7.4297 10.1192
8.9611 0.4127
8.8048 -0.5367
1.6863 5.1090
-1.4654 13.2288
0.0797 -0.6457
8.1482 -9.2442
0.9542 -3.3152
-1.1090 0.2715
0.8308 -2.9462
12.4413 -2.3365
-1.3057 8.1916
-3.2333 1.8425
1.4781 -2.8197
10.3047 9.7121
0.5708 -2.8534
1.2263 0.8845
9.1980 9.6669
-1.8209 1.1884
-2.5814 -0.9588
-2.2017 -2.3520
-0.0831 -2.7797
-1.9439 -3.0027
3.6436 10.4233
-0.7345 -0.8818
9.2773 12.3480
1.2672 -0.3550
6.0275 2.2045
2.9239 9.3314
3.1525 0.0547
7.7546 -0.9520
3.3338 -0.8734
-0.6422 -1.0022
-0.3162 5.5669
0.3248 0.9147
6.2045 2.6838
-1.7394 10.4860
-4.4708 0.5426
0.7178 12.9052
9.2946 0.0603
5.7522 9.0787
-0.5506 -2.7398
-1.8979 11.5075
-1.7248 -0.4811
-0.2314 -1.2196
5.1826 2.0304
-0.8357 -2.7415
-0.5124 1.5133
-0.8605 9.1587
-0.3671 -0.6660
8.7105 -0.2771
-1.5008 -2.8930
8.9024 -2.3463
1.4542 -1.7111
-0.7403 10.1865
-0.7225 -0.5809
6.6084 9.8615
-2.1429 2.1422
-0.3588 -2.2329
3.8320 0.7136
1.6948 -0.6056
-3.1871 2.5967
-3.6352 1.8953
3.7637 -5.8359
10.6828 0.6000
9.4060 1.6793
0.0546 13.0008
-2.8881 6.7332
-0.8255 -2.5949
-2.9686 -2.2553
-2.6238 -2.6105
-2.9331 -0.0243
-0.8055 -4.1865
-2.0733 -3.0614
10.4249 -0.7481
0.3308 -3.4198
-1.4787 -3.3672
-0.5774 2.7686
10.3488 11.9352
1.7847 -1.6607
0.2385 -2.6040
5.8877 -1.2311
0.8017 9.6702
-2.4820 -2.7397
-3.1995 0.1708
-0.1459 -1.0573
10.5582 1.3049
13.1563 -0.5375
-0.0987 -1.2829
-0.4981 7.5074
1.4200 -1.9879
1.8758 -3.4111
12.4719 6.7050
1.0626 -1.6558
-1.4768 -0.2781
-1.0779 -2.0728
0.3002 -0.6226
-0.6785 1.8513
-2.3300 -1.1381
-1.0173 12.5330
8.6419 -1.7123
-1.2969 -2.6627
0.2161 11.4063
9.1808 8.8865
2.7126 -0.5358
9.8541 0.1179
-8.4186 -2.6492
-0.2251 8.6281
0.8209 11.2928
-3.6577 8.9292
10.5625 -2.3924
-3.4022 10.6678
-3.7295 -1.9224
-4.6666 7.3379
12.0514 0.3933
0.2302 -2.0887
11.7891 3.8509
2.3037 1.9919
9.4636 0.5412
11.1499 11.5995
5.7800 -1.3242
0.6206 -0.1508
-0.9308 9.3302
6.8994 -0.7179
0.0087 -2.0653
-1.6690 1.2917
0.8578 -2.5380
1.4769 0.2602
-0.7975 -2.2333
9.4313 -0.4739
-1.1016 -1.4809
-1.2766 -1.6104
-1.3150 0.8187
5.3181 -0.8068
-6.0886 0.8329
0.1555 -0.3407
10.1691 -3.1980
-1.9544 -0.7260
5.1851 1.7112
-0.3767 -1.1564
11.7828 2.4545
-4.3181 -2.7791
-1.1908 -1.7280
-1.9810 -2.0066
2.1252 8.4861
1.8720 9.6528
-2.9962 -1.5541
10.8980 -1.6394
0.4167 -6.0479
10.4676 -1.0791
0.0436 -0.1738
-0.7650 9.3541
11.5056 8.6801
-4.6087 -1.9954
-1.6645 0.5193
1.5040 -3.2258
-1.3388 3.8510
-1.8356 7.9757
-1.2895 1.1535
7.4601 -0.5002
-3.0433 -1.8683
7.2761 7.4236
3.4053 -0.4183
-2.7083 2.3144
-4.6922 2.2169
1.7516 0.6293
-0.1880 8.2395
-2.6392 2.9259
-1.6727 -1.7887
9.3276 -3.4956
-1.2299 -0.1992
0.4844 -1.2356
-0.0550 2.2819
1.9650 6.7780
1.5170 -1.7243
0.4619 1.4445
4.9503 5.0939
9.4708 -1.2373
4.6615 -1.1516
-1.5956 0.6402
-1.4005 -3.0311
-3.7411 -3.0572
11.8264 -3.0135
-1.8966 -2.5991
7.5066 0.0549
8.4448 -2.7223
1.0188 -1.2084
9.7577 0.5230
1.0590 2.2257
-0.5761 -2.1354
-2.8616 -3.3560
0.4794 -1.9270
-3.7993 -0.3336
9.4714 1.3220
-0.2612 -2.7934
-3.4401 -1.4554
-2.7454 1.1427
-0.4611 1.7586
0.5381 -1.7955
7.9458 7.8930
-0.9031 -0.8614
10.9593 -5.4345
3.4940 -2.7505
0.8501 3.0537
-1.6239 0.4996
-3.1420 -1.6837
-0.2186 10.9865
-0.2658 13.1577
-0.8218 1.4775
7.5102 -3.9319
10.4907 11.4788
-2.2476 9.6168
10.5019 -0.6025
-0.5107 9.0080
11.4331 10.3752
-0.0519 9.4184
3.9675 0.0928
-2.4430 0.2054
-5.5748 -1.4179
2.3894 10.6325
9.2803 0.7780
3.4851 -2.3930
-4.7760 -4.1738
-2.1218 4.5823
-4.4490 -1.9796
-0.2420 -0.7494
0.0197 -1.1834
2.4456 2.4215
1.0291 9.8777
9.4559 12.4772
9.9420 8.2334
-4.2671 -1.9765
-1.8309 -5.0682
9.4506 10.1639
-2.6827 10.8410
-1.0598 -2.0519
9.0741 9.5735
1.9504 0.8787
-0.1958 9.8971
2.4902 11.1612
1.9348 0.7653
9.2356 -2.4530
12.1708 -0.6859
-2.2658 -1.2314
-1.0919 2.6293
-1.3735 9.7659
-1.7145 3.3220
-2.4011 -1.9371
5.4357 -0.4455
-0.4495 0.2633
-1.6235 -1.8791
2.4078 10.5936
9.0174 8.6825
11.0708 -4.3691
1.3274 11.9689
-0.5413 9.5619
8.7834 -0.3962
1.6557 9.3302
1.4626 -0.1413
8.9963 -0.2577
-3.1135 11.2794
-4.7218 10.2148
1.0401 10.2444
9.2578 1.1836
1.0481 12.2420
10.7242 -6.4092
-1.8490 2.5843
-0.9380 -0.2773
-1.7538 -0.3359
0.4676 0.5173
0.7961 -0.3370
9.6291 11.8473
-0.9866 0.1654
0.9070 10.1700
-1.7680 7.5058
6.8423 -0.8482
-7.0373 1.5811
11.4488 -2.5902
1.1102 0.8647
-2.4181 1.8593
-1.8180 7.3208
-2.7774 -2.0141
0.4492 -0.7233
2.4293 8.8141
-2.5435 -2.9259
-0.2689 -2.4682
2.1863 -2.7664
8.3699 10.8259
-0.1567 12.8663
-5.9436 3.7332
8.7481 -0.2763
-0.5592 -1.6148
-2.6786 0.5862
-0.9319 -2.0785
-1.1035 0.6531
3.2192 -2.3921
9.5411 -1.8481
9.2468 6.1330
-2.2566 10.2419
0.4472 -3.4587
-1.9338 -1.8057
4.3689 10.5238
9.2188 10.7513
12.3610 -1.6610
3.5350 -1.0231
2.3821 -2.4525
1.0215 3.9847
7.4616 3.2030
10.2745 -0.7406
1.0924 9.0260
-3.5338 8.9140
9.1689 1.3479
-2.2114 -8.7881
-0.6215 -0.8725
11.7782 -8.0354
10.4592 8.8022
-1.7077 1.7079
3.9531 3.6059
2.3462 8.4095
-0.1983 10.5101
9.4084 1.4977
0.4939 4.6982
-4.5223 1.3120
7.4192 -2.2325
-0.2600 -4.8635
0.5759 2.1385
-0.9912 -4.4458
-1.4204 -2.8756
-0.4870 2.6085
-0.2194 2.0177
-2.7360 3.1658
10.6493 10.5648
-5.2277 1.5311
-1.5912 2.5789
-3.3503 -1.9892
-0.0763 -4.9387
-1.0098 -0.5347
9.2686 -0.2154
-2.5686 2.6740
-2.2862 3.4849
-1.8326 -2.4103
12.1962 -3.3996
9.2163 3.6144
4.5450 8.8785
-0.2277 0.2487
-0.7295 -3.8992
0.1392 0.9086
1.7864 5.0035
-7.0586 -3.7395
11.3443 0.6309
0.9795 1.3800
-2.2673 11.2753
4.4508 0.5181
9.6148 -3.9325
0.9369 -2.9316
-0.5778 -1.9734
-2.9328 -1.3282
-3.0239 -1.4222
11.7228 10.2382
-0.7700 0.7959
3.9899 11.2917
-1.0559 -1.9250
-1.8038 10.1399
-1.5246 -1.1563
-0.9978 -3.1686
0.1250 11.2308
11.9869 -3.3037
4.0883 3.5681
-2.4464 -2.9755
10.6169 -1.3553
8.8536 -1.4772
-1.3419 -3.4546
-0.1022 -0.4441
-1.8238 4.4336
-0.8011 -5.8717
10.1410 10.6725
-0.3651 -0.4448
1.6973 8.1490
-2.9212 -3.1590
3.4105 -3.3862
8.7809 0.4311
2.1011 8.9193
0.6462 -0.2310
-2.7085 0.1970
-0.3634 -2.0311
4.6604 -1.5504
-3.8082 -8.6481
0.5334 0.3418
0.1427 10.3831
2.7511 3.0124
-1.8314 -3.5622
3.1604 0.2713
-1.1597 0.3459
-0.1191 5.3106
-0.2911 -0.5447
0.0906 -2.5482
0.2038 -1.1002
-2.4129 -5.2307
6.9315 -2.3486
6.9863 -1.4375
-2.9177 -1.9708
11.3440 0.6681
-1.1098 1.2728
0.2281 -3.1843
4.4214 1.1451
0.4298 3.2425
-0.2994 11.7074
-0.2277 3.0068
1.2920 1.8409
1.8307 0.7596
10.2568 9.6189
-2.2046 -0.8774
-0.9665 -2.3367
-2.2264 -1.6351
-1.7251 0.1098
0.9309 -2.1521
-1.1763 2.1799
2.2418 -1.5288
8.9189 -1.1773
-0.6987 0.6958
-2.5855 2.2771
-1.2846 -0.0729
-5.1014 0.5521
9.8696 0.7437
-0.1494 1.1381
0.5076 7.3652
13.0978 3.6086
8.6672 -0.2388
0.8637 0.3706
-4.2211 -1.4421
-1.7706 -3.0214
7.0770 -1.9350
10.9270 -0.0461
4.1283 -3.4104
-1.3911 6.5456
-0.8781 -2.4466
0.8689 0.4480
10.3424 -2.5265
-0.9006 -4.8403
-10.8240 0.0435
-2.8121 6.0896
10.6784 -2.8030
-1.2589 -2.5315
11.4161 0.5841
-2.4649 11.9692
-2.7096 9.0857
-0.1486 -8.7356
9.7706 -1.7089
8.9876 -2.9204
-2.6918 0.5789
1.7527 0.6410
-0.3797 -1.6407
-2.0013 -1.9768
0.3714 -0.9978
-1.8256 -1.6618
-1.5975 10.4629
1.2386 -0.2251
-0.0837 9.4059
9.9834 -3.0370
1.8122 -2.7149
-0.2467 -1.6233
1.2785 1.1678
-2.2792 1.1639
9.9368 -1.3203
7.6043 9.5219
1.5106 9.7907
1.4325 -2.8002
-1.3606 -0.8499
11.8762 -1.9193
-2.7816 -3.4674
1.4218 -2.3319
-1.4065 -2.1845
3.2261 2.2219
9.6179 2.4757
11.0641 4.6630
-2.7639 -3.5133
9.1107 11.9981
8.4505 0.3074
-0.5392 -1.9595
7.6466 -4.7799
1.4684 -1.5239
-1.7786 -0.7029
-1.0400 0.2166
0.3977 -3.4816
12.1244 8.1207
-2.1953 8.9557
0.7904 0.6464
4.6814 -1.4536
7.9168 0.7131
-0.4276 12.9672
-2.7628 0.8363
-1.4131 -1.8176
9.9973 -0.8590
4.5102 5.0336
1.8556 -3.8472
-1.7949 -3.1118
-1.3012 0.9796
-1.0637 -2.3327
6.9357 0.7278
9.6800 -3.9298
-0.5798 -0.7901
-2.2609 -4.3903
-0.8215 11.9661
1.8394 1.6118
-1.8671 -1.8534
-0.9984 2.7167
11.6104 0.3966
12.4472 11.5177
2.2113 -0.9970
12.2985 5.1480
0.8120 -1.6667
-1.2916 1.2153
1.0833 -1.7650
2.1453 8.3136
-6.9274 0.3290
0.7369 -3.9570
1.8418 10.4302
1.5781 0.7723
9.9284 -0.1831
-3.2643 -0.5443
-0.8373 0.3752
3.8146 1.3380
5.7285 2.0566
10.1619 -2.9345
7.2321 -0.1346
0.7760 -0.7829
8.4759 -1.5663
9.8982 0.6681
10.7535 1.0651
6.4044 -10.0944
0.7171 9.8617
-3.6132 0.5766
-1.2764 0.8309
2.1938 1.8030
-0.1554 -1.5291
-0.1475 -5.1922
-1.4819 -0.3374
-4.5499 -0.6965
-3.4078 8.0495
10.4581 0.6055
-1.4953 -2.2857
-2.1693 -0.5740
-0.9506 9.6769
-3.0431 -0.3118
-0.6480 1.8948
-0.9285 0.1478
-1.6855 7.3320
1.3927 -2.0698
-4.3360 0.4729
-1.8545 3.2255
-2.5070 5.5112
-1.6403 0.9993
-0.7501 9.3812
10.2336 0.8192
-0.6350 2.2153
1.3605 0.1246
-1.1689 5.2903
1.4491 0.9639
-4.0397 8.8179
-1.3221 -1.5924
7.3224 1.3242
-0.3910 10.0902
-1.0413 -0.5894
1.9729 10.6514
-1.4435 0.3267
-0.5134 -0.6593
5.3990 -0.7739
7.7904 -0.7921
0.0782 -1.0373
-0.6645 -4.0848
10.9684 -1.1393
-1.4361 0.5058
-1.9115 10.6836
1.4923 0.8679
-1.2243 0.2432
11.9399 -0.1523
-8.2228 -2.5571
9.9960 -2.1129
0.7265 -2.0736
-0.4815 9.6328
-0.9285 -1.1612
-1.3575 0.0925
-2.2701 -1.8564
-1.7072 -0.1952
10.7964 -1.0756
10.9262 -2.7808
-1.4792 4.5148
-1.7960 -0.8907
0.7374 -0.6611
-4.0744 2.6327
-2.7733 -1.1642
-4.1335 -7.3112
-2.8055 -1.0078
-2.7551 1.6643
-0.1744 -0.5564
-9.3322 -0.4868
-0.8816 -2.0636
0.2003 -1.7769
7.2675 -1.2419
10.5163 -5.4507
-8.0499 -1.2718
-4.3530 1.3280
-0.0294 -0.4146
10.7714 8.0785
-0.0673 -2.0060
7.7988 12.0229
8.5943 7.5921
1.2636 0.1952
8.4008 0.2036
8.6604 -1.6828
0.6159 -0.9286
-5.0569 -2.4792
10.5007 0.3572
-2.6026 -1.3404
-3.5968 9.3108
-4.9184 1.2004
12.6814 0.9970
-2.1679 -1.8814
-4.1323 8.7375
-3.0006 -0.5666
-1.5129 0.2586
7.9846 1.0311
2.0365 -4.0362
-3.6423 -0.3803
0.1719 12.8092
8.3788 -0.5044
-0.0823 -2.2426
-3.8150 7.3161
11.4355 10.6694
1.0913 -0.3888
13.8045 -1.4955
-1.9413 0.3648
13.1408 -2.5402
7.4637 -1.2869
2.5628 -5.7962
-8.1621 10.0906
0.1280 9.2581
7.2058 0.1029
-0.7343 0.5736
11.9822 -1.7747
-2.7200 4.7298
0.0713 -1.4337
1.9635 0.5694
-0.3142 -0.9013
0.0559 9.0394
9.8801 -0.4904
0.5559 6.4194
8.8727 10.6185
0.3297 4.0925
8.8927 -2.1343
0.4542 9.2878
-1.6399 -0.5800
0.7823 -0.8323
3.3353 7.4029
-3.2768 4.1914
-3.8692 9.2558
7.8069 7.9352
-0.9090 5.7465
3.0500 -2.4605
-2.9131 -1.4890
-2.2039 10.6962
1.1295 8.7345
0.3304 -0.1874
-1.2648 -3.1841
-1.3780 -1.0809
8.9558 2.6209
2.1765 -2.0936
1.9304 -2.1777
1.3798 -2.5108
0.0773 -1.9242
-1.6623 0.4966
1.3018 -1.4336
-4.6763 -4.4098
2.0330 -1.6440
-0.3100 14.0903
-3.1973 -1.3379
-2.0441 -0.3516
0.4761 -0.4874
-3.8121 7.8621
-1.3335 -1.2932
-0.4230 -8.9181
-2.0197 0.8342
-0.0232 12.1262
-4.9098 0.0189
8.3246 13.0778
0.3473 8.7067
-1.6553 -1.7896
-0.7719 -1.3927
0.0077 2.6177
10.7076 -1.4287
10.0319 7.0649
0.1294 1.9047
-1.6216 2.3595
-0.8988 0.2571
2.2197 3.3567
9.9647 -5.0185
0.6699 -1.5469
-1.0777 -4.0561
-1.7630 8.4616
0.4377 10.2572
-0.0322 -3.8528
0.8653 10.7653
0.7498 9.8417
-3.1978 9.2865
8.9299 6.6804
8.7290 -3.3573
0.6720 -2.0933
-0.6616 -1.8753
-2.4122 -0.2678
7.6361 -0.7104
-3.3359 -2.9445
-1.1446 2.2348
-4.3142 -1.1676
-1.6620 -1.9571
10.6412 -0.8519
0.5130 -0.3233
0.2420 -1.5533
-0.5491 0.7736
1.9727 4.0521
8.5148 1.0701
-2.4034 -0.9609
-2.4908 11.6726
-1.6740 -1.7077
-2.3717 -0.8861
-1.9892 0.6387
11.0511 -1.6841
-0.7347 -0.5458
-1.8880 -0.9953
-1.3912 1.3619
2.1724 -2.1879
-0.6910 0.4939
8.7196 -0.0765
8.9932 -2.5403
7.3178 -0.5653
-1.7364 0.4870
-6.1328 1.7616
1.6516 0.5574
-0.9486 2.0599
-4.3942 1.6783
-2.7261 9.3918
2.2473 1.6035
9.2028 6.0876
-1.8267 10.0418
1.1398 9.5527
-1.9576 -1.4623
-0.9325 0.8388
2.0856 0.3294
12.6969 11.8515
3.8140 -0.2651
11.6157 -3.3968
0.6820 11.8319
-1.4793 9.3150
3.5181 0.6274
-1.4601 -1.8684
1.1653 -7.3454
9.0334 9.5427
0.1866 -4.8109
-2.9954 1.7714
2.3266 10.5718
-2.1937 -0.8491
-0.0779 8.5710
-1.8463 11.1772
0.9300 8.1529
8.9201 -3.4663
-2.9095 6.5726
8.9823 -1.1153
9.5768 -0.8370
-2.9367 2.9185
8.2637 0.2128
12.8663 1.1152
-3.1432 8.3513
-1.7480 -2.1247
1.5897 -5.3544
-5.3069 -2.1149
-0.1537 -0.7567
-1.1781 -1.5674
-4.8912 0.1066
-1.1564 9.0418
11.4240 -7.3573
9.1361 -1.2508
2.5489 -3.2386
3.0040 -0.5272
9.9742 11.7849
2.2708 11.9121
7.7352 7.5495
1.5610 4.5138
-2.4127 1.1173
-0.9825 -0.3490
3.2303 5.4860
8.8932 9.6707
-2.3302 0.7756
-4.3870 -2.2707
8.5714 11.5558
-3.3725 10.1662
1.8010 1.9622
-0.9942 -8.1874
0.7547 2.1736
0.6212 11.5963
-0.8620 -1.9257
-3.3435 0.0873
6.4300 -0.7320
6.1829 10.9311
-3.6798 -2.1474
2.4813 0.8996
-1.4998 1.8214
-1.7366 -1.9063
9.9843 8.1441
4.3169 12.6577
3.4390 1.2684
-5.8752 -0.0705
7.5743 -0.0827
-0.3345 2.6776
12.0126 -0.5752
-0.3778 -0.7412
-2.0600 1.7583
-1.1615 -3.1384
-1.4381 3.8358
-2.0404 9.7394
0.7500 10.1477
-2.7132 2.3803
-1.2776 2.2011
8.5536 -1.0382
10.2352 0.4189
0.1307 11.8946
-2.0489 -4.1795
3.0691 2.8120
10.7198 -0.1877
-3.8305 -1.9834
-2.0440 1.4407
0.5621 -4.7249
9.7517 -4.5096
-4.6208 -8.4724
13.2046 -1.5041
1.1262 -3.2278
-1.1832 0.2441
7.1021 8.4344
-1.2041 11.4709
-4.4161 -0.9121
0.6767 0.8712
8.8991 0.7522
-1.1947 -1.2185
-3.9459 0.5943
8.3278 9.2662
12.6692 -2.7734
1.4454 1.1164
8.9734 -3.9903
2.5413 -0.7529
-2.1929 9.0628
6.9519 2.7109
9.4202 10.3821
-3.8726 10.0357
9.6620 11.4383
-1.3752 3.1668
0.1026 -2.6631
-1.8729 -2.5285
0.6807 -1.0713
-0.0262 2.6929
7.9323 2.0354
-3.4752 2.8654
-0.1538 -1.5670
-0.2929 -2.8964
6.7614 -2.5790
-1.9726 0.6502
-1.6776 0.1000
-2.2504 -0.4079
-2.0388 8.8913
1.4948 3.2045
8.8629 1.7511
11.4384 13.6693
1.7815 0.7256
3.7901 -0.4105
-0.5754 6.5535
-0.6688 3.3274
-1.7994 1.4964
8.6974 -0.9003
-4.6148 -2.9534
3.4648 -3.6567
0.3124 10.0824
-0.3146 7.6821
-1.3034 7.7470
8.3001 9.4564
10.6049 6.1415
-0.0150 -0.7393
0.3052 -4.1587
10.9718 4.4313
-5.6993 -2.0105
10.1803 5.7200
5.7951 8.2457
-1.8460 12.5475
3.1198 8.8539
0.6048 9.3319
10.2607 -5.8871
-1.6529 -0.3409
9.3691 -0.0516
0.4735 -3.5770
-0.7918 10.6210
1.0267 5.2838
-0.1525 -2.4567
-7.3008 -1.4650
-1.0828 -0.5362
-0.5154 -1.4949
9.6986 -0.2835
-1.5117 -3.0911
-5.7408 8.7785
-1.0166 4.1218
-0.6665 -0.8420
-1.2510 -1.6640
1.3884 -0.6628
2.3520 -1.0700
11.4064 4.9066
4.3336 -2.8302
11.4162 -0.1155
4.7027 0.0806
5.1439 -0.3402
-1.2887 -0.1970
1.2314 8.2130
-1.6045 -2.1743
9.8619 -7.2140
-2.2014 0.4653
3.2689 8.2662
-7.0792 -0.1161
-1.8271 -0.8950
10.6620 8.7439
-0.6270 -3.1845
13.6296 3.9697
5.8177 0.6273
-0.5941 -1.7987
1.0189 -1.1797
-2.0715 0.1208
-4.2901 3.7958
-9.6760 -3.6137
-2.3758 -0.7970
-1.0921 -0.2599
-2.0104 0.3158
-0.4217 -0.4919
-2.8507 0.8652
-0.5179 -0.0103
-2.1173 -0.6778
-1.5949 0.0798
-1.1920 0.7800
1.4737 1.9557
3.2042 12.1423
5.3169 -0.3788
-0.7311 10.9633
0.1393 6.0337
8.7120 2.1757
0.9123 -1.4201
-0.6805 10.9193
1.5713 -1.3396
-2.1328 1.6289
0.3419 -1.6630
-3.3859 -0.3659
-1.9082 1.7432
-3.4570 7.4562
-3.6720 1.0849
-0.3856 -4.8932
7.1208 1.5805
-0.5096 -2.2701
10.1051 3.4951
-0.9863 9.8836
-0.1838 10.4646
8.3665 7.1264
0.1110 9.9440
-1.5658 0.9048
10.1243 -1.4405
10.0769 6.4919
0.5509 0.6118
1.8319 -2.3018
-3.1539 -2.9018
1.8268 -1.2789
2.8258 -1.6113
0.1314 0.8780
-2.7859 9.0807
-2.0094 -1.5706
7.1788 -0.7614
-0.0438 10.6669
-0.2231 -3.1676
0.1095 -0.3921
-0.6747 0.7984
9.3785 -1.7475
-1.0696 0.3000
-1.5299 1.0370
-1.1441 -0.0303
11.5429 -2.4080
5.4375 4.8068
-0.6606 0.2142
8.0552 2.1102
-1.6665 12.6350
8.4952 0.2943
-3.2267 -0.8470
1.3106 7.4415
-4.1256 7.1995
2.6651 -0.9491
-10.2372 -3.5937
-0.1966 9.8615
6.4750 0.6335
9.1885 0.8211
11.4056 11.3586
10.3845 8.8589
-2.6359 0.8712
-0.9528 10.5051
3.1836 5.9141
10.8201 11.4649
-0.5393 -3.3234
1.4990 -2.8856
10.7502 -3.7802
-0.9740 -1.4292
2.5424 9.8835
-0.9563 -0.2856
-1.6679 6.2375
9.9982 -0.6439
0.1869 0.9229
0.3450 6.2273
-4.5297 0.6254
-2.3575 8.6375
-1.7402 -2.0555
7.8042 -2.1605
1.5543 -2.8003
-0.8888 2.1457
-0.6454 -1.0215
-0.0671 -3.2851
-9.1740 2.1648
-4.4256 8.6198
0.0152 7.0556
-1.9016 -1.1704
-1.5730 -0.8918
-1.3167 -2.8735
-6.4292 -1.1107
5.0242 -0.1925
-1.8885 -7.6132
0.0342 -2.9656
-0.2960 -3.9622
10.5172 9.9606
-1.0825 -8.6032
-2.2701 9.2009
0.6669 -1.6449
0.7395 -1.9328
-0.7977 -1.6020
0.0665 0.1979
-11.6794 -1.4142
0.5114 -2.9048
-1.3845 -0.0907
-3.6681 -1.5000
-1.6842 1.7055
0.7364 1.2659
8.5823 -2.7346
10.4857 10.9909
-0.3713 -4.7555
-0.2738 8.3602
2.0888 7.4217
-1.3458 -0.8493
0.9833 0.5592
1.9745 -2.0441
4.8434 -0.4601
-2.7964 1.9365
-1.6601 2.9397
4.7853 4.7642
1.6707 10.5523
9.4828 -0.5455
10.8367 1.0269
-2.1728 -1.9206
-2.9996 -3.9413
10.3760 -1.1404
12.8148 8.3275
2.2615 0.7802
7.1003 -0.1307
-2.3099 -1.1879
0.3252 10.3156
-0.5783 4.0514
5.7412 -1.3122
-5.9612 2.5312
3.8691 5.2494
11.8059 -1.7636
0.7993 10.6008
0.1886 9.2415
-2.9712 -5.3129
12.3912 2.8819
6.1625 8.9500
12.3586 -0.8371
9.2549 -0.9752
12.5734 -3.6728
-2.1894 2.2968
1.9031 -7.4995
-1.0327 -0.6919
-0.1483 -2.1984
2.8820 -1.2118
3.6035 9.1520
-1.7876 7.5690
10.3411 -2.3172
0.6241 -1.3283
9.0052 8.7207
9.5611 10.4660
7.5238 8.8936
-1.0192 -1.9746
-3.6492 5.2865
-0.2805 1.9700
0.1587 1.3149
6.2037 -3.3890
-3.2672 -1.0115
9.1511 4.0072
0.1522 8.3977
-3.1533 9.2828
-1.1713 11.0443
10.9123 7.9867
-1.2583 -1.3726
9.5261 7.3983
11.2175 -2.5883
1.5154 10.3084
11.6248 -4.2120
-3.6446 1.6937
-2.2431 12.8174
-1.0634 -6.9970
10.5910 0.1799
-2.9951 -2.5940
8.8897 1.0886
3.3273 5.1361
-0.8128 -7.6858
8.2735 1.0959
-1.7404 8.6353
9.3904 -0.8957
-2.1143 -0.4945
-3.2747 -0.6704
-2.1257 -1.8676
0.6611 -0.1305
-5.0944 9.0779
0.0894 8.4081
5.9390 -1.0449
0.8503 8.4215
0.7286 9.6645
3.6888 1.8591
-0.5514 1.0671
3.4494 -3.6816
-1.8528 -0.3412
-1.8044 8.3450
0.2356 0.6324
5.7370 9.4993
9.9323 -2.0066
-4.1726 -1.1231
-1.1412 6.6002
11.8189 11.1169
-1.6936 2.6837
-1.6514 -1.9630
-13.2635 2.0782
-0.4764 1.8704
-0.2558 -0.5905
2.9633 0.7486
0.4442 11.3181
-0.7356 9.6744
-3.2147 -0.0159
9.2714 0.2732
10.4203 -0.9954
1.2014 -0.7232
9.5847 -1.0850
0.0539 -1.9369
7.6762 11.5686
8.4070 -3.0535
-0.4575 9.5956
5.5588 1.4894
1.6171 -2.7977
-2.0951 1.8484
-0.0591 -2.1582
-1.7207 -1.8195
-0.1152 2.8883
0.5689 0.9134
5.0620 -0.8313
1.1747 -3.1991
-2.6591 8.8033
8.1191 0.3084
-0.2636 -1.4689
-0.3325 3.5760
-3.3942 -1.1153
-0.9886 9.0088
11.9192 0.4167
0.1345 9.8161
9.0653 -0.3214
-0.1591 -5.5634
-1.3839 -5.9858
0.0363 3.1788
0.7104 0.1029
8.6767 4.9576
-0.8483 1.5478
0.0306 2.2733
2.5398 10.2031
-2.5012 9.5240
8.9038 -2.7156
-2.9242 9.3906
-0.1642 6.2578
10.0518 -5.1292
-1.3782 0.3836
11.0239 -3.5216
-2.1918 0.9176
-5.2773 2.4563
11.2317 8.1457
-2.7230 -0.0957
13.1851 -5.3672
-3.8659 8.8242
1.8643 -1.5602
-2.1306 9.1392
-2.6201 0.8130
2.7264 3.5796
0.1652 -0.9392
0.1284 -1.4914
0.0492 1.5450
-3.8163 -0.9468
-0.7541 11.4850
5.7694 10.6514
-0.3239 -0.6948
2.5557 9.9341
1.1340 3.4641
-0.2343 -7.8108
12.9935 -0.5163
-0.4835 4.9875
-2.3477 -0.4530
-3.3853 8.8850
9.0422 -1.9174
-3.9939 9.9026
0.1917 -2.9936
-0.8694 8.9474
-0.8130 -2.0498
10.8877 1.7213
2.1105 -2.8627
-1.3234 -0.8692
9.4797 9.8394
-9.1255 -0.1574
-5.8342 -0.0073
-1.3418 1.5377
10.8585 -1.2721
11.3797 11.8900
3.0677 12.4168
9.9342 0.1809
2.1026 9.9743
11.0866 -1.9458
0.9330 3.5705
1.5130 1.6193
-2.4158 -4.3928
-1.8011 0.0216
-0.5672 -5.4807
2.0748 -0.1462
9.7675 8.2423
9.7310 -1.6196
4.8639 7.9548
-1.3453 -0.7578
-1.5786 -1.0526
2.0452 -0.8974
11.5352 1.4721
-4.5038 0.3279
-0.7540 -2.4734
-1.8463 1.4290
7.0062 2.7942
-2.4301 -1.4379
4.2435 -1.6925
1.7389 3.1340
0.4656 9.1989
5.9047 1.8746
-0.4113 -2.5944
-1.7719 -3.2475
-1.3426 11.7835
-2.5674 -3.1976
-1.6071 -0.6896
7.9844 -1.4775
2.2290 -3.3051
2.5287 7.9204
10.0807 8.9739
1.9015 -0.8371
11.9381 1.6922
0.6040 10.0340
-2.0448 -1.6993
1.4148 8.5535
-2.5497 8.5839
11.8347 7.3272
-1.4017 -2.4941
-2.0025 -1.0520
14.6955 1.9969
0.4084 10.0321
9.3759 -2.4839
10.2398 6.8277
9.2201 -0.0149
0.3702 7.4777
0.4002 -3.3741
8.4441 0.8097
8.2318 0.9316
6.8211 0.2981
2.1728 7.4811
-4.5413 -2.4372
-1.0851 -1.4548
0.6651 -1.9449
8.8891 -1.9702
-0.5220 2.5933
8.1530 9.8580
7.2695 -0.0434
9.6341 -0.4486
0.9582 1.3665
-5.3323 -2.5850
2.4773 -3.8595
0.3250 10.1945
10.6637 2.4846
2.7187 -1.5409
-1.6611 -0.8518
-2.6489 6.3864
12.9305 -1.5122
-0.1685 9.7717
-3.8233 -0.3431
-1.0263 0.7054
7.8351 9.7198
10.1968 -0.1184
-1.5393 -5.3606
-0.6253 9.9174
9.3374 12.2007
-0.3869 4.5027
-0.7910 1.4889
-0.3042 -3.1673
7.4489 1.0350
-2.0366 8.7956
1.7724 -0.4111
-6.5311 9.8792
11.0231 9.6201
-1.6922 9.2597
3.3838 -0.2089
10.1982 10.2710
9.6268 -4.2319
-1.0173 1.2783
-0.4084 -8.6447
-1.8943 0.9361
8.5480 -1.5548
4.1021 -2.3994
-4.5986 1.1302
4.6351 -3.0739
6.0015 0.0488
1.7308 -2.1809
7.0232 -5.1883
-1.9646 9.8940
1.8027 0.0056
-3.9391 10.6220
1.2059 -2.1887
-3.1831 9.4571
-2.0022 -2.4519
-2.5156 -3.2735
-0.0908 5.2337
2.0545 -2.6662
1.8505 12.4424
-1.2719 -4.4916
-2.6219 9.3971
-1.8207 5.3935
-1.1571 -1.5823
0.8932 -1.1477
-0.1304 -2.7509
-1.2874 8.8396
-2.1375 -0.9082
-1.3829 -0.1238
3.7829 10.4751
-1.7602 -2.8111
-1.3094 -0.9857
0.9269 -0.4836
-3.8536 7.7126
0.5996 -1.8557
-1.8651 2.3963
-1.7301 7.0249
-1.1867 8.9337
-1.3650 -1.9610
-4.6447 -3.9213
-2.2209 13.5351
-7.7722 1.8719
8.8275 -1.7653
1.8022 0.5906
11.1814 0.8553
6.0205 11.5403
8.8025 -3.2097
7.9254 8.8285
-0.8362 0.4928
0.4826 10.1119
2.6167 -3.1732
-1.2083 7.1222
-2.1678 -2.3872
-0.7683 6.2815
9.1817 -0.7589
-2.3397 9.8772
-0.3896 -1.4675
7.6595 -1.1561
13.9261 -3.7220
3.4602 -3.3182
12.1370 -1.1295
-4.0150 12.5498
-3.0812 -7.7431
-1.3872 9.6947
1.2493 2.9429
1.4456 -4.8499
-0.9824 7.3962
-0.9524 -0.3328
-0.5222 3.9452
1.6889 6.7848
-1.3566 10.0676
-2.4215 -1.4713
-0.3039 1.3541
-1.7674 11.1494
-0.4497 13.0351
-3.0362 1.7017
7.9329 12.2346
-0.4661 -1.5946
9.6273 -0.0813
-0.8665 6.7976
1.1513 1.1961
0.1948 2.6010
0.7296 -3.2066
-6.1415 -3.4502
-2.1922 -3.4646
-2.6377 9.4320
-2.7064 -1.6833
9.3340 10.2816
-1.6803 -2.5499
-1.2811 11.5198
0.3013 11.7066
7.1824 9.9540
-1.7561 -0.5974
9.3359 -2.8801
1.6291 1.2171
-3.5183 -3.2371
0.5282 -0.8702
-2.0611 -1.6802
-5.1190 -2.6209
-2.0294 -0.9887
-4.7500 1.1643
-0.5822 6.8107
7.9879 -0.0173
-0.9940 1.8414
-1.9866 -2.5377
-0.4200 8.8919
-3.9575 -1.7579
-4.0326 10.8948
10.9621 10.7742
-1.5962 1.8716
1.2579 2.7300
8.7341 -3.2169
3.1921 -1.9155
-1.6801 4.0867
1.0009 0.2248
-4.7242 0.8239
-0.6631 -4.1053
-1.2335 0.4029
0.2757 6.5365
9.7640 -1.2973
8.3988 2.0776
-2.9285 2.9201
5.1998 -4.0277
8.9823 1.9818
0.4332 -0.8734
-3.3672 -1.5455
3.4657 2.5589
9.4382 -4.9964
-0.2848 -2.8176
9.4929 -0.7571
0.6476 -1.3185
3.1302 -3.1275
0.3717 9.3231
8.0442 -1.5109
2.2082 8.6128
-0.4160 9.0286
-1.0241 -0.3570
9.0283 9.5656
7.6789 -1.0904
0.7952 -2.7979
-3.0014 -2.8294
-0.0399 0.3701
-0.2217 7.5777
1.1848 2.2750
-0.2320 -1.6685
2.1266 -0.1293
7.9219 -1.4969
5.1129 11.2519
8.1867 11.2655
-3.1056 4.7523
-1.6349 9.4483
11.2875 -1.4424
1.8548 -7.2800
0.7536 -3.4874
-1.7126 0.5990
-0.9031 8.3350
-1.6893 7.8267
-0.2406 9.1780
-2.5213 -0.2000
9.6412 3.5323
0.0031 -1.5920
-4.4739 1.1432
-2.9478 9.9414
-1.2264 3.0867
-1.0522 8.2566
5.8998 -0.1789
-1.2314 -0.9809
7.9295 -3.3099
3.1244 8.8724
-0.4303 -3.7285
4.4972 -2.1822
11.3093 -1.4277
-2.8100 8.0754
10.0346 3.9849
-0.8866 -0.6685
-0.6322 6.4692
0.0955 7.7465
9.1263 0.5052
10.5432 0.0007
10.2177 -2.6703
8.1491 5.6283
-1.4477 0.0942
-0.5293 -1.1367
11.7850 3.4201
1.4864 -1.0150
-4.0160 -3.4816
-2.0570 -0.0920
0.0865 -3.9828
8.2238 -1.2903
10.8435 0.0725
1.6340 0.2235
-0.3043 -3.4949
-5.0121 0.7077
6.2680 6.3652
2.9082 -0.1139
5.9337 -2.0324
8.9235 1.5942
2.3688 11.5251
-0.5398 0.6361
-4.0646 6.3626
-2.6909 9.5464
-1.0568 -2.5925
9.8113 0.1222
4.3311 8.6353
-0.2637 -2.1987
-1.8081 -2.0684
7.7985 -1.1898
10.0418 -1.4725
-0.4308 8.3127
-0.5422 0.5469
-0.9292 -2.6310
-0.2758 0.4506
-0.7122 6.9934
-2.1486 0.4092
-1.0264 3.7944
10.0466 9.9203
9.1360 -1.4599
-0.0834 -0.0861
1.8456 0.8620
-2.0207 -0.3739
-2.3403 -3.2988
-3.2585 -3.3011
-2.0770 10.3152
-4.0650 7.6501
-0.5314 -1.5187
-1.1066 -0.7121
12.3820 8.6568
-0.0911 2.6580
9.5408 -0.4356
-1.6219 11.5598
-3.5664 -2.3599
-3.7935 -0.9938
9.4560 -0.4580
8.3070 11.9774
-2.7237 -0.1033
6.3165 -1.5631
-2.6914 12.1863
-5.8145 2.2402
0.2184 -1.3334
-2.2539 10.2557
4.5168 12.1787
-2.4912 3.9472
12.8276 10.9607
6.8833 1.8089
-3.8428 -2.1534
-5.7392 -2.1672
11.4630 -2.6879
11.5634 1.7321
-2.8978 8.7751
-5.5406 3.2301
-5.1873 0.9532
-1.2493 0.5189
1.0956 10.7872
9.2421 0.4217
-0.9022 9.5375
-3.3757 12.4994
-2.3466 -1.7666
-0.1330 10.7695
-4.5519 13.3780
-0.3824 -0.7866
-2.7511 7.5779
3.4869 -0.1867
3.2149 -3.3754
-0.8301 -1.1097
-0.0419 -0.7403
3.1548 0.2518
4.4399 7.8421
-2.6367 8.0157
-1.9136 6.8732
-2.2570 1.6918
9.0236 -3.3299
-1.7446 10.2023
0.8689 -0.1131
10.1318 1.1569
11.7861 -2.2248
9.7338 1.6890
-1.5347 -1.9017
8.9686 -2.0616
-1.1596 -0.3904
-5.8182 7.1278
12.7264 -2.7687
2.0437 -4.3281
9.0167 4.5142
0.1453 -1.1186
6.7163 0.1152
10.8990 -1.8845
-4.2368 0.9935
9.5023 0.8201
10.3443 -2.0924
-3.3470 1.7921
2.0557 9.8823
1.8493 -2.2606
-0.3842 10.0219
10.8160 0.8582
0.1143 1.5732
2.2843 -1.0659
0.0408 0.6292
13.0959 9.3440
9.7086 2.7436
0.0997 13.2682
-0.5508 -1.3985
3.5235 -0.5574
-0.1976 -1.8292
8.2963 1.5268
-2.8353 6.9863
-3.3869 1.3485
7.9864 -1.8338
0.6014 10.6340
-0.1354 -1.6995
10.6786 -6.3064
-5.0642 -1.0035
-0.3405 2.1598
-3.2652 10.6054
-2.6651 11.2270
1.1006 0.5948
-2.2223 1.6872
-0.5471 2.5654
-1.0578 2.0431
8.6942 -2.6007
-2.9297 4.1601
10.0759 0.2359
2.3270 -0.4799
11.7513 2.5453
4.1224 -2.3692
-0.4241 -0.7806
10.2082 0.9882
9.0503 -1.1321
-1.4082 -6.4001
0.6628 0.1202
-2.1311 0.7915
-4.2823 11.1029
-1.9237 3.5532
-0.5261 0.6443
-2.0238 3.8863
-0.8715 1.2046
-2.3826 -2.4346
11.5759 3.0036
-4.0472 -2.0273
8.5153 1.5813
9.7080 10.4486
0.4223 -2.2941
-0.8876 -2.1402
1.2906 8.7190
-2.5852 -2.0100
0.5898 0.8109
7.5971 7.8359
-7.2281 -4.3441
14.1959 11.1358
-4.4661 -8.3274
-4.6794 0.9505
8.8519 -1.0755
0.3686 8.3929
-0.3400 10.9009
-1.4479 9.5811
-0.4321 -1.6800
7.4762 -3.5291
-0.1732 -3.3883
-6.3717 0.0963
9.1544 1.2145
-2.6766 -0.2374
0.5047 0.6338
-1.0360 -3.7433
-0.1746 -0.9655
-0.6325 8.1867
0.5506 0.7267
-4.1145 4.7703
5.1290 12.2179
1.1886 1.4700
-1.8485 8.7599
7.8839 -3.5487
7.1643 -3.9834
-1.8239 9.8046
0.0205 -2.4768
-0.8740 1.2256
-3.6424 -0.9292
0.2894 0.4333
-0.4198 -5.6234
7.8913 1.4789
-1.1879 9.2858
3.2207 6.5879
0.9458 -0.7873
-1.4039 5.4075
-0.9133 9.3025
-3.5440 1.8621
0.8879 -0.0197
9.8570 6.8937
9.7329 -2.1526
8.1329 -1.1142
4.7817 -2.6701
-0.3877 12.4964
-0.6778 -1.3694
-2.6818 -9.7701
1.0214 2.0734
0.5264 10.0102
-0.2460 6.4811
-0.4125 3.9393
-1.9648 0.7996
0.0038 -2.7064
-2.0292 -0.6852
4.9205 2.1142
-0.7433 8.9030
0.6579 12.6555
-1.6685 8.2150
-1.0270 0.6139
-0.7749 -3.3757
0.2835 -0.1036
-0.6600 -2.1701
2.2603 4.0587
7.0692 -1.7358
8.7361 -1.4071
-1.0251 -0.5681
-2.6418 10.4420
-2.5412 8.7401
2.6759 -0.2052
-7.8342 8.9938
-1.5209 -0.7878
10.3844 -1.9287
3.7503 -1.4881
2.3260 -1.8548
-0.2085 -2.2273
1.8446 -0.5023
8.5820 11.2180
2.9341 2.5616
4.3788 0.8004
4.4658 -2.5059
-2.5814 9.9994
2.7290 -1.0249
6.4923 -0.7084
-1.1195 -0.6201
-1.0200 -1.8016
10.5522 1.3429
0.3498 2.9404
3.2407 0.2636
-3.5409 4.6553
8.0711 -0.4410
-0.1967 6.9028
0.9591 -0.2233
9.1464 -2.9109
-1.6746 -2.8024
-0.7412 9.6090
-0.1884 2.6797
4.0272 -1.4882
-1.6710 3.2629
0.6399 -0.7702
-0.9879 -5.4454
-0.1187 -3.1467
-2.6807 -1.5311
-5.4784 -1.6346
11.7644 -3.3404
-0.8943 9.0853
-6.3020 0.3584
-0.1772 -1.6602
12.6373 -1.1490
13.8359 -0.7751
-1.1918 10.6215
-4.4537 -2.4684
5.8728 3.1443
0.9181 10.1958
1.6713 0.8191
9.6438 0.2230
1.7377 -3.6176
1.6126 7.5104
7.8944 0.6307
7.2091 0.5749
-5.1800 0.4132
-0.0842 12.2195
8.0200 11.2988
-0.7258 -1.0326
1.8612 15.9584
-1.3504 -1.9567
10.3144 6.3315
-0.2548 4.8112
1.1694 1.2623
-1.4157 9.9752
0.0017 10.5989
-1.0499 1.0595
8.0714 10.4683
-1.6916 8.5311
-2.0581 0.9826
11.2636 1.4062
0.5147 10.0441
7.0990 9.4426
-0.1393 0.0017
-0.4254 -1.6763
-5.2631 1.9983
-8.5893 -1.3819
0.4696 -0.6398
8.3522 0.7241
-3.8446 8.6903
0.9074 -0.9770
-0.0434 10.1865
-1.4174 -0.2768
5.0222 -2.7874
-1.2455 8.9411
-1.3908 -0.4675
0.0995 -1.2831
12.2903 7.5543
-0.2407 -2.6831
10.3417 2.1205
0.5357 -3.5026
0.0704 2.2597
-2.0560 1.1735
-1.9259 0.5683
-2.4498 -0.3712
-1.9025 2.3005
11.1494 10.6917
-1.9884 -1.5026
2.6597 8.0596
0.2332 11.2186
7.3105 -1.7579
-5.5997 -0.1792
-3.6764 -2.3552
12.5827 -0.8537
-0.3050 -1.9230
-0.3232 -0.2525
-0.9964 9.8093
-1.9989 0.0048
9.3973 -3.9609
10.8523 -2.1884
3.9506 1.7929
-4.8895 -2.0746
1.7445 2.8254
9.9930 -3.2884
8.5698 8.4726
0.1754 -0.5976
-3.3836 2.1438
11.4144 -0.9595
11.1149 2.8394
8.5006 -2.0871
10.0117 -2.6462
1.2044 -1.8517
1.0972 -1.5517
-2.6569 -5.4185
7.8666 12.2283
7.6519 -1.7558
-0.6349 0.9824
8.0965 2.3750
4.1795 9.7922
-4.5045 1.0073
9.4154 -6.1683
11.9562 -0.1955
-1.4434 -1.2663
-1.4923 -3.1409
4.7045 4.1955
-1.8818 0.1596
11.3773 1.7377
7.6364 -0.5902
-1.1368 -0.4711
-2.5058 3.6933
12.9186 11.5116
-1.6993 -1.0814
0.2158 11.8158
-2.0167 -1.2769
-2.1801 -1.9291
-7.7315 5.9080
9.0121 2.7593
-1.5067 7.8136
1.0782 7.3359
6.7430 -3.7196
-0.5879 -1.3775
-0.5246 -2.4076
5.9586 0.4774
9.7001 -4.0399
9.2983 8.7739
-2.3040 3.0132
2.0248 7.0952
0.3638 -1.2315
0.2177 11.5272
-1.4881 2.4189
-4.0540 -0.7541
3.7933 9.8651
-2.5478 8.8507
-1.0414 -0.9598
5.9545 9.5878
-1.7316 -1.2308
-0.0088 -0.8433
0.1374 7.8101
9.2768 9.5711
10.1889 -3.1657
5.7004 10.3036
11.5838 -3.2852
0.4126 6.1143
2.1451 8.6019
2.3729 1.7698
0.7977 -1.4463
2.1354 4.3423
-2.5159 -4.3166
-4.8328 -0.6630
3.3819 1.0636
0.9342 2.5173
-1.9093 11.6449
-1.6742 -3.0350
-0.6667 4.2522
0.3924 -4.5309
-0.6269 -2.3458
-0.9294 10.7149
10.0048 9.1176
3.4662 -0.4077
10.4869 10.3590
2.8437 -1.4841
-1.9092 10.6283
1.5324 -1.8549
0.3052 -3.8971
-2.0970 0.3321
0.1807 -8.9843
2.3258 7.0140
9.9256 8.6863
1.2100 0.3158
11.8840 0.6364
1.8815 0.4401
11.3560 11.4812
3.8714 3.0511
-0.2126 1.6718
-1.9145 -2.6120
-2.2850 3.3255
-0.7263 2.8141
-1.3277 7.6196
0.5271 -1.4967
0.9691 -1.7605
-9.7237 -0.7313
9.5814 8.6351
-1.1114 9.1557
0.0245 0.3581
1.2465 9.4948
8.7788 10.9465
11.2443 0.9330
1.8451 -5.9867
-0.0729 2.8589
3.9760 -4.5762
3.1108 0.1235
0.1596 10.3178
0.3321 -2.9850
11.6139 -4.7142
-2.4640 -0.6163
1.0033 1.7775
-2.1462 -3.0755
2.6675 5.1592
10.7371 1.8008
5.9476 0.1611
-3.4294 -0.8240
0.2058 0.8663
11.1405 12.2560
4.6749 0.4898
8.2493 7.2548
-0.3513 5.7356
-0.1038 -0.7615
-0.4228 1.5754
9.0364 11.8932
7.7134 -0.5712
13.1784 5.0644
3.1316 7.0900
0.0242 6.5707
-2.0169 1.2072
-0.4683 0.0666
-1.4618 -0.4310
-1.7744 1.6276
8.2760 10.2552
9.0974 -2.5220
4.7214 1.7234
10.0714 -1.6556
-0.5837 -0.8562
9.2141 1.6542
-1.8826 -1.1226
11.4639 -1.8959
-0.7437 -3.4692
-7.2875 1.2482
-2.2493 6.4511
-3.5555 -3.6020
0.4510 3.7358
4.5819 -1.6063
8.2373 -2.9949
8.4836 0.7672
-2.4745 -0.6493
9.9340 0.3669
0.5525 -3.3499
-0.7608 -0.5655
-0.1891 9.5916
10.8574 6.3232
-1.8634 -8.1512
-1.3417 -0.2665
8.4562 9.7698
-0.5067 -3.1636
-1.4398 -0.2565
0.6936 -1.2752
-1.0403 -3.0485
2.9387 9.9016
0.5096 -2.5018
-8.8378 0.7168
1.3435 -1.6590
-1.3884 2.9538
-5.5178 0.0457
13.0468 -1.1687
9.7606 -1.5323
-0.6322 -2.5335
-1.0379 1.2353
2.1894 -0.3731
9.2896 5.4276
10.3906 1.9614
-1.1135 1.0627
-0.6403 8.3632
-1.1606 8.5689
10.6798 0.7446
-1.0942 -2.8678
-4.1090 -3.0643
-1.5531 0.3075
-2.8733 -0.1667
-3.5819 2.3803
0.3146 -0.5541
-0.6772 8.2731
8.7733 -0.6193
2.3296 -1.1432
0.2393 -1.3895
-2.5007 0.5081
-4.1299 0.3522
-2.3688 -1.4670
-1.2124 9.5178
-1.9747 5.7898
0.0634 -2.3764
8.6310 -2.5290
1.9053 -3.0642
-2.8298 -0.8368
4.2120 8.1664
4.1121 9.3653
5.5762 6.6502
11.1358 4.7892
-0.4123 2.5742
-0.7549 2.0959
0.5629 1.6635
-1.1554 -0.6468
0.7527 -1.5217
-0.9330 10.4965
10.6323 8.3191
-0.0189 -0.5758
2.1469 7.4515
8.2063 -1.9087
-0.7270 -7.3158
0.7120 -1.1468
-0.5039 0.7006
-0.8806 -0.0464
-8.2010 0.6030
-0.3763 8.5406
-1.5702 -6.4880
0.4707 -0.2721
-1.6748 9.0431
-2.8373 10.7430
1.1323 -1.7401
-5.6898 -4.3773
0.8622 -3.3674
-2.2241 1.7355
-1.4346 11.0630
8.0749 1.5713
-0.8326 3.3179
-0.3112 -0.8958
2.6612 -4.3318
-1.7509 -1.3303
-1.4856 9.1713
-0.2037 -0.0056
12.6088 -1.2571
7.4486 -0.1306
0.5246 1.6868
-1.6291 2.3520
1.3079 3.9602
-0.9007 -1.4973
9.8942 -5.5490
9.8635 11.1410
-0.7034 5.3178
12.3317 13.2731
-4.0359 -1.6013
-0.2870 -3.3163
0.9660 -0.8477
1.0058 4.8846
13.3784 13.7494
-1.3613 0.8114
-2.7277 -3.6361
0.1749 8.7913
-1.6425 -1.2580
10.6069 -1.0819
1.3711 8.9195
1.4037 0.1636
8.8286 -2.9826
3.6781 0.6485
-0.2192 -3.6902
1.6682 2.9166
-3.3384 -0.8267
-2.1778 9.7005
0.0043 -0.4513
7.7850 12.7976
0.1801 2.4074
-0.5518 0.2889
-0.2123 3.2966
11.9078 -2.4147
-3.5241 -0.0733
-3.7226 0.1729
-0.4538 0.7482
8.8668 -3.7712
0.5477 2.5873
12.3171 8.6871
9.7667 -0.9325
-0.8063 -0.1899
-0.6332 -0.3304
10.3413 -1.6378
-1.3145 -0.9790
9.4207 -1.2717
4.1499 0.6732
-6.2564 11.2088
-0.8087 3.7906
-2.2294 -0.5556
-1.7823 8.7902
-3.9533 -0.4390
9.3313 -0.7289
-3.2643 7.3158
-1.6697 5.0191
-0.9235 -6.4646
11.0036 9.1112
-2.0659 -3.8142
9.6072 -0.8201
3.3013 -0.6492
10.5149 -4.4775
0.0201 3.1604
-1.7708 -2.8900
-7.5586 -1.8235
-5.7025 1.6402
3.9478 -1.5359
7.2588 -0.7138
-0.9276 0.0740
1.0756 0.9831
-1.7538 0.9924
-0.8974 0.4827
10.1263 4.9641
6.3920 -3.4023
-1.6321 3.8981
1.2268 -1.1930
8.5751 4.7049
9.0838 10.6801
-3.0922 -0.4187
-0.1315 -9.5668
-1.1956 8.7287
-2.4599 8.1349
0.3514 -3.1137
-0.6968 -3.8180
0.9296 0.3091
-0.3669 0.8251
-2.9175 3.9298
11.3062 -1.0052
-0.4471 -1.4338
4.5743 0.5241
-1.6654 1.4580
-1.5166 -2.7521
-1.5235 -0.1868
8.3729 3.0114
-2.0002 -2.9567
-0.6535 3.8742
2.0922 -1.3418
5.3804 11.0088
9.7699 11.5413
0.6941 2.9587
1.5858 2.1290
-2.0848 0.0888
-3.6089 -0.3048
0.1352 -1.2104
3.6514 -3.0280
2.7583 -3.2726
11.9932 -1.3853
-0.1071 0.8474
0.6272 -1.3582
10.3010 -1.1353
0.3965 -7.7300
-0.1536 -0.0147
0.0222 11.1953
-2.1496 -1.1052
-2.6738 -0.8745
10.3839 -0.1109
0.4869 -0.8499
-0.1828 -0.3949
-1.1570 2.7199
-1.3895 11.3212
-3.4694 -7.6191
0.0068 8.9358
-1.6870 10.2102
7.3013 8.3874
-3.5140 -8.9928
2.3785 -1.9040
0.0136 10.7026
0.9043 1.6051
-2.1568 -0.6156
10.1203 -8.9574
9.7586 -1.3410
-0.3254 0.8583
0.8563 -0.6186
-1.5452 1.3297
0.4527 -3.5494
5.5317 0.6535
9.4485 -1.0714
0.5106 0.3727
7.5181 0.3806
0.3860 6.6466
0.6081 10.7635
8.0472 2.9907
9.1108 0.9061
0.4257 -1.6134
-1.6055 -0.1490
-5.9600 -1.7884
-1.0660 4.1205
0.4371 8.8375
0.2910 -1.8227
0.8632 10.3286
2.9137 4.1622
-0.7697 1.0794
-1.1902 10.5384
-0.7222 -1.6644
2.0256 -1.0921
12.1305 -2.5860
6.7433 -3.4123
1.5255 1.1681
-0.9249 -0.0136
-2.4689 -4.9750
-3.4996 -1.9661
0.6963 -1.3286
-1.5317 4.8213
7.6397 -1.9901
-1.4712 0.1508
5.5532 -5.1638
-0.7536 -1.9016
7.0589 -2.2831
2.0182 0.1608
-2.8584 2.0986
-0.0883 8.9686
-0.9095 -1.2434
-1.4649 0.8646
2.0966 1.4409
1.0477 -8.1902
5.8713 2.9665
1.9873 1.6691
-4.7262 5.6493
5.6756 5.2658
5.4061 5.0053
-1.6030 0.9294
5.5947 -5.1604
1.0919 5.4987
-0.3529 -3.2663
-3.9089 1.6859
5.0753 5.7033
-4.7180 5.3948
5.6819 -0.6173
-0.2224 5.4136
-5.3605 -5.5267
0.7067 0.8786
2.1735 1.8772
5.4979 -2.6054
1.0266 1.0657
5.2694 -9.3846
-0.0514 -7.6313
4.8025 5.1041
5.2917 -5.0667
5.3636 5.1765
5.2378 5.3437
0.7601 4.9040
0.4026 5.6467
4.8625 5.0631
5.4993 1.7458
5.1164 5.1538
4.8575 1.3828
5.4572 5.2959
1.6327 -3.7746
-3.5315 5.5913
5.0551 -4.6910
1.8962 4.6122
1.8021 5.2488
2.9640 1.9232
2.1962 5.9498
2.0470 3.1242
5.0484 0.8866
-3.8623 -6.5570
5.1596 5.0736
0.4539 -3.5422
5.3956 5.0299
5.7315 -5.0862
-5.8458 0.8780
5.0863 -1.7239
4.7917 5.4942
4.6278 4.3881
-5.5096 -0.1553
0.7348 5.5518
-7.8855 0.8368
5.5445 5.3981
-5.0980 2.8186
-4.0343 2.5489
4.8505 0.1008
2.7569 2.9945
-1.9054 5.6156
4.7724 0.6866
2.6328 5.8687
5.4990 1.0695
2.0919 5.4051
-6.5581 5.1484
4.9866 0.8372
-0.9163 -0.3674
-0.7785 5.5165
-4.0581 -3.8443
0.7671 5.1203
5.2232 2.7907
-0.7029 5.3611
1.6300 1.3234
0.1635 2.0846
5.2689 5.3170
5.2251 5.2559
3.0456 2.5683
5.8809 5.0710
1.0808 4.7593
5.1411 -1.9872
-0.4196 -3.3127
-1.6172 -2.5516
1.3888 -4.1957
1.5036 -5.3817
1.8576 1.6768
2.3711 4.2420
4.8723 3.0060
-1.6189 4.9442
5.6356 -3.3297
1.8802 4.9565
-2.3772 5.5439
5.1966 5.0274
5.0833 0.0703
0.2574 4.7484
-4.4395 5.1891
-0.3484 -5.4481
-2.8469 5.2365
-2.4794 -4.9720
5.5957 -1.9749
-1.7580 -2.7788
1.6663 -3.5535
-2.7006 5.4707
-3.8914 0.7455
1.3905 -8.1201
1.3981 5.0944
0.1163 5.8083
5.3441 0.5096
5.1073 4.9874
-2.2291 -0.9859
-1.7498 5.5338
5.7611 -3.3585
3.4022 1.9389
4.9100 -3.1620
0.5873 0.7630
4.5953 5.2532
0.9074 -0.9814
0.6511 5.8718
1.3801 -0.9185
5.1075 2.2953
4.9678 5.1834
-3.4504 5.1603
1.0977 1.1633
-1.8743 2.5293
0.8020 -0.6899
4.6629 1.8889
5.6091 1.2320
0.4937 4.8805
2.3881 -4.4861
4.4075 5.0395
5.1076 5.3183
5.5143 -4.8496
5.3413 -2.2861
5.2169 -3.8879
-3.8251 5.2985
-0.8699 2.9552
-4.1287 5.7513
5.6137 -2.5850
-4.5807 -8.5865
-0.7380 1.5793
2.8328 5.1462
5.3068 1.2482
5.8011 -0.2463
5.9979 -4.8188
2.2259 4.8421
3.4025 -5.6403
0.2340 5.1708
5.2917 5.3321
-5.3222 1.2526
4.6420 3.2053
5.4478 5.2417
1.4722 -0.0230
5.2942 -2.1207
4.5523 1.4955
5.1084 -3.9027
6.1605 0.3499
-3.8531 5.2496
4.9306 3.2335
5.2906 5.4412
0.0101 2.5099
-2.8266 -0.4684
2.9987 2.5097
2.6231 -7.1599
5.0067 -2.9301
-3.2117 5.4537
5.0591 5.4215
-2.6724 1.2105
3.0455 5.3398
5.3342 -3.3460
1.5463 1.9693
-0.9686 4.6957
5.1872 4.8278
2.7456 5.5978
1.7925 5.1839
4.4188 5.6854
-1.6936 1.0368
5.4420 1.6417
5.5365 0.8720
1.9088 5.2673
5.1725 -5.5165
-5.0086 5.6737
2.7248 4.9806
5.7007 -5.9889
-0.4038 5.1498
5.1436 1.9310
0.4213 5.4000
-4.9360 4.8346
1.8538 1.2938
2.0231 -3.2848
5.6982 5.0481
0.8489 1.6096
2.4465 5.0286
0.9615 -4.3555
5.3678 2.2911
2.7296 -4.9817
4.9740 5.1149
-2.6701 -7.4904
4.8854 5.3429
-4.4804 -3.8264
-3.8062 2.6010
0.7274 5.4001
4.6066 -1.3252
5.0647 4.8988
5.2483 1.4683
3.0343 2.3146
5.1201 1.4600
5.2719 5.5743
1.8664 -5.2765
5.5062 0.9832
5.3948 -4.5707
-1.0708 1.8526
-0.5039 5.3580
0.5422 0.6209
2.5547 -4.0664
0.0632 -4.6283
-2.2368 -2.0513
0.5553 -1.4231
5.2224 -1.7664
1.8648 -6.3220
-1.3006 -4.9721
5.4344 5.1154
2.1463 5.4495
5.1990 5.2764
3.7339 -9.1532
4.8952 2.4873
-4.4866 5.0098
5.2329 -6.4689
5.7780 -0.2711
2.7438 -1.2023
-1.4663 -2.8131
5.3890 -5.4382
-0.6329 5.1178
5.1594 5.4014
-3.5771 5.9158
5.5021 -9.3159
0.4211 2.2315
1.4592 5.1155
1.4093 -3.2524
4.6756 1.1060
5.2420 -6.0324
2.6514 2.3049
2.6123 -2.8038
-3.2088 -0.7925
1.1188 5.7315
1.8273 5.4718
-3.2463 5.9909
0.8407 -0.8731
5.2241 -4.9645
-0.6590 -1.5210
-0.9196 5.0191
-4.0128 5.3697
5.8909 -2.5893
0.5730 4.9618
1.5596 4.9965
1.9197 0.1341
4.8362 5.5184
4.7516 -1.1117
-1.1270 -1.9598
4.7821 -8.5889
5.2380 2.3976
-1.1123 -3.9411
-0.1256 2.8070
5.3848 2.7305
4.9997 -3.9507
2.0849 0.2132
4.3609 4.8709
2.5960 0.3885
-2.7829 5.3860
5.7505 -6.8600
-1.2357 2.0550
4.6348 4.8620
0.6900 -1.8434
2.5171 0.3468
4.9427 5.2734
5.1777 5.2810
2.6111 5.0055
-12.4710 -7.1029
0.5343 -6.9769
2.7188 0.6281
1.9483 4.8056
0.4733 0.5456
5.4391 5.5990
-3.7591 0.8022
1.2416 5.1067
0.5008 4.8435
5.0779 -4.5265
-7.0612 -2.9546
-1.8917 -4.6964
0.2097 -3.1918
5.1200 0.8724
5.8671 4.6236
5.5720 -6.3619
0.6774 2.6548
-3.0501 5.4616
-0.4821 4.9263
1.7297 1.1093
5.4431 5.1157
1.9028 -6.7530
0.3908 5.2280
5.2347 0.4610
-3.0251 5.5899
5.5175 3.4217
-4.8644 0.5044
0.2914 1.0495
4.9734 5.3257
1.1488 5.5698
5.6213 1.5593
5.3635 -3.9086
-0.1885 -3.3541
5.4155 -0.3871
5.0668 5.3760
4.9969 2.0474
4.9760 0.8059
1.6476 5.4434
5.6569 2.3619
5.5193 -5.1714
-4.0273 1.7296
2.1390 4.8449
5.4566 2.0096
5.0147 5.5507
5.2858 0.4400
5.1823 -1.1349
-4.7478 -2.1183
6.1515 5.2273
6.0019 -5.3188
5.5237 -1.2380
1.4723 0.7220
5.5562 -0.2745
1.3587 -4.1552
-4.7309 5.2748
0.7098 5.3885
1.6745 5.3777
2.0883 1.3264
-4.4022 5.4656
5.1385 1.0467
-3.6621 -6.7984
4.7421 -3.2774
4.9471 -3.7094
5.3632 2.1013
5.1409 4.8565
4.6639 0.3792
5.1449 5.5395
3.1574 4.8744
2.1144 5.2406
4.6556 1.1467
5.1930 4.8203
5.3832 4.9533
5.4575 4.8658
-1.8424 -3.8206
4.9365 -2.7610
-7.3872 -1.7103
5.3276 1.7331
1.4209 5.3428
-1.4273 4.8990
-0.2402 5.4516
-1.0588 6.1092
2.7661 1.3472
5.5868 -1.7108
5.0497 -6.2357
4.6969 5.1110
-2.3595 2.3071
4.7085 4.7619
2.3865 5.2557
5.4232 -1.7110
-0.0426 0.7140
3.4001 -8.6208
0.1247 -5.7434
5.6343 2.7481
5.5065 -1.3317
-0.3410 -7.1141
3.3095 1.4448
1.0356 5.0239
-7.3392 -6.1396
-4.0282 -1.2553
-1.6614 5.1422
5.6947 4.8193
-2.1466 5.4917
-4.3735 -0.1465
1.4718 4.7790
-3.6164 -0.8075
-1.1480 2.0109
3.4846 0.8279
4.7268 4.6237
-0.0871 -0.7080
5.2645 1.4394
-8.7950 1.8827
5.5913 1.4040
-0.0987 1.2241
0.4299 -5.2839
-1.7079 2.7760
5.4966 0.5352
4.9844 2.4957
3.6500 4.7257
-5.5358 4.9831
0.2693 2.4463
4.5853 5.2058
0.3052 -2.9896
1.1763 2.4203
5.3678 -4.4861
5.8206 -1.6383
-2.2963 2.2211
6.1528 -6.8329
-0.9937 -7.3103
-3.0093 -4.7506
-5.4017 0.0749
-4.5368 -1.8601
-1.2403 -2.7649
1.5621 -4.8577
5.4282 5.4197
4.8412 -4.0304
4.7514 -0.8090
3.3266 5.3996
4.6200 -4.6953
-0.8144 -2.4113
0.8893 5.0566
0.8809 5.1243
4.6946 4.6942
5.8380 -3.2433
1.5350 4.8944
-1.7894 -0.7938
0.1811 6.0471
5.1377 -0.8518
5.3424 3.9124
4.7236 3.0875
-0.0181 5.9344
-1.4074 4.7363
-8.3357 5.4821
0.2228 -6.7713
4.7734 5.3456
4.9445 0.6266
0.6675 0.2513
5.0017 5.2705
5.9670 -3.8484
5.4589 5.3495
0.1769 4.9495
0.0391 0.2607
5.2835 -1.8471
1.1436 -3.1550
-6.0410 5.2833
1.6989 1.1328
5.3099 -3.2795
1.2005 5.4895
-1.4312 5.3625
4.8627 5.5540
-9.9066 2.5997
-2.7168 5.2956
-1.4799 -5.3351
2.1118 -3.2717
4.7459 4.9976
-8.3344 4.8562
4.8285 -1.9939
4.7470 5.0578
-4.2073 -1.5651
2.5021 5.6172
4.7184 1.9333
0.4709 -8.3066
5.3768 -5.1131
1.0819 4.5478
5.0761 5.2716
-8.5679 1.8969
2.0738 5.3704
-5.1356 4.7516
2.9166 -4.3933
0.6267 -0.4376
5.3858 -3.5420
3.3377 0.1039
-2.1725 5.7574
5.2213 6.0137
5.3381 5.6603
5.4844 4.8819
5.4609 5.7157
1.3113 -2.2485
5.4194 5.0999
-1.7341 5.4176
5.7581 5.1705
-0.8360 5.4620
-5.7327 4.8824
0.9818 2.3393
-2.6428 -3.5504
2.4607 5.1837
5.4213 5.6456
5.4999 5.5746
5.0898 4.9415
5.5145 -3.2786
5.5915 0.4012
-1.6384 3.0190
-2.6450 5.2372
2.5722 6.1458
2.1653 0.2330
-1.9344 1.5099
0.3608 -3.7541
-2.7021 -0.2855
2.2626 1.2270
1.0843 0.7135
5.3615 5.3886
-8.9990 -1.1042
5.8234 -1.0119
4.6807 -1.8832
1.9712 -0.4009
-9.6907 5.2039
5.7007 -0.6858
-2.0611 5.3228
-1.4084 -3.9675
-2.6273 -3.7278
4.9057 -3.0487
5.5633 4.8930
4.4924 2.4866
0.6982 1.7148
1.4628 -0.6333
5.3296 -0.2984
-0.9764 5.0303
1.5602 -0.5873
-4.5364 1.3410
-8.2395 -1.4764
0.8117 1.3000
5.1661 -9.0793
-1.8457 1.6460
5.8772 3.2700
5.8926 5.3487
1.1243 5.6096
3.1132 -5.0740
5.5258 5.7077
-0.1733 4.8570
-2.9412 2.2140
5.5988 5.0536
-6.0546 -1.4605
2.7363 0.9610
5.5507 -4.6859
5.2432 -4.0176
5.0697 0.0260
2.7233 2.2781
2.3365 5.2687
5.9064 2.2732
5.1026 -0.3584
1.6041 5.8380
4.9347 2.8398
4.7352 5.2964
0.5819 5.6633
5.4407 0.9710
5.4454 1.0563
5.3167 1.5493
1.4023 -0.0375
4.7383 1.0378
3.5192 5.2885
-3.8753 5.0079
5.2405 4.8945
-5.6635 4.7384
-0.0375 5.1277
5.5363 5.4039
1.6304 0.7179
-8.2931 -2.2758
2.6436 2.4522
0.0327 1.9587
1.5823 -0.9828
4.9394 -2.7750
1.1213 4.7380
-4.1442 -6.8457
5.3850 5.1035
-5.6965 3.0296
5.7962 -6.4944
0.1109 4.9626
-6.5606 -0.9288
0.8762 0.4296
-3.3815 5.4752
-4.7014 -4.8223
0.5083 1.8807
5.2896 2.5140
1.0313 5.1205
2.4616 -5.9151
-2.2911 5.4757
-7.5118 5.4479
-7.4881 6.0055
5.2412 -0.5621
5.0810 -2.6910
2.3873 -3.8574
1.3900 2.0060
-4.0664 2.1900
4.8331 5.5688
1.2525 5.0523
5.6268 0.3344
1.0530 2.5837
2.1062 4.6975
5.9299 5.5264
6.1294 -3.6397
-3.1055 5.0472
0.6477 4.9579
3.5702 -4.8937
5.4845 0.4091
5.5929 2.9404
2.0535 5.2248
-1.1993 -3.5856
-5.3052 -2.4428
1.7323 -4.5467
3.7368 0.5334
-6.7268 5.3502
3.1209 5.6404
-3.4964 1.9061
4.9811 1.4760
2.0265 4.9182
-5.8452 3.5771
5.1201 -3.7906
1.2669 -0.2654
1.3570 4.7362
-3.1961 4.7564
4.9996 5.3683
5.1962 -2.7408
-3.4699 5.0440
4.8625 4.9871
-1.7128 5.4885
1.4884 1.6122
4.9766 -0.0249
5.2096 5.4391
5.1953 -4.7559
-5.4989 -2.4113
5.5852 -0.5157
1.4648 5.1346
4.8217 4.9029
5.1970 5.4459
2.2028 -4.4968
1.9455 -3.8785
-0.0978 4.8932
5.0821 0.3381
5.4544 -3.0567
-5.9819 5.6399
5.4842 0.0682
5.3407 5.2361
5.0239 -9.6001
1.1137 4.9558
-2.9071 4.6208
4.9958 1.2605
4.4937 -5.6929
0.7103 5.0527
5.7158 5.3019
5.3934 4.9831
5.5386 -3.0419
-0.8993 -0.4542
1.7882 2.6790
-1.3533 -6.6272
5.2404 2.0952
5.1598 -1.1025
5.2844 2.0488
-3.1252 -4.5801
-1.4511 5.4416
-4.7155 0.8867
0.5463 -1.6765
5.0885 4.9660
5.3037 5.3416
0.1991 -9.5511
3.0731 -1.3228
-1.4605 4.5670
4.9651 -0.7785
-5.0290 2.4485
-3.5198 5.2886
1.5284 2.4199
-7.0796 -3.0495
4.9853 0.8030
5.8386 -5.3884
4.9941 0.0312
-0.4176 5.1361
5.1980 2.4797
-1.2226 -3.6535
5.4630 5.6707
2.7376 4.0426
5.5164 4.8492
4.9331 -4.0733
-4.7081 1.4807
5.0279 -0.3545
4.8079 5.4986
-1.8971 -4.4724
5.8441 -2.3358
-3.7340 -0.9914
-4.3303 4.8442
5.4794 5.3285
-2.8046 5.0602
-2.2572 5.1429
-0.3549 5.3488
5.2329 2.5316
2.6695 5.1896
5.1020 -1.9215
0.6207 -4.4997
-3.8912 -1.8839
-0.7090 3.1876
5.1310 5.0295
5.5485 5.3197
5.5081 -0.0273
3.2634 5.4368
-0.9765 -0.7272
-2.8810 1.7329
0.3953 3.1187
5.0302 4.6788
5.4401 5.4043
5.4268 0.0379
-2.1275 -6.5461
-1.8380 5.5230
-5.7001 5.2311
-2.0272 -6.2627
2.4154 -4.5441
1.6132 -5.2661
4.7145 5.3417
-5.2749 5.9963
5.2889 0.0307
0.7465 -1.9231
4.9983 5.5324
-7.1806 -0.6798
2.7845 5.1981
3.0865 1.3036
-5.2123 5.3264
5.3637 -6.4845
5.7177 -0.6941
1.0098 0.7490
1.1951 -0.2568
5.6063 5.3224
5.7231 5.1547
4.7084 -2.6104
4.6685 5.6851
0.3910 -4.2764
-1.3145 4.8558
-3.5716 -1.2716
5.9811 5.4836
1.5058 4.7732
-2.0350 -4.2031
1.7258 0.0452
5.6731 0.3935
-3.9630 2.1159
1.6708 -4.5071
1.9964 5.5723
2.0871 5.4427
-2.0911 -0.8030
5.3862 6.0888
-1.6738 -5.8475
5.2153 -5.9886
-0.8947 -0.3807
5.2839 5.0879
4.7555 0.6260
-2.3630 -3.5757
-7.9453 0.6673
2.2467 -5.0620
5.1059 -1.3421
-7.4311 -4.1048
-4.8785 5.3135
5.8540 -1.6546
2.4675 -4.6813
0.8454 3.0087
4.9693 1.9181
-3.0257 -1.4422
4.8116 -2.7898
0.8664 -1.4856
-1.3387 3.9675
5.4932 5.2425
5.4784 -4.1382
5.3502 -9.9266
0.5510 -7.1561
0.3720 5.6159
5.3978 -1.4418
2.1078 1.3044
2.7225 0.8100
0.2511 -0.3340
0.5377 5.3482
5.4674 -1.6666
3.6276 5.4785
-3.4327 4.8179
-1.7435 -1.1988
0.6064 0.2238
5.1169 2.3314
-4.3461 -0.6470
5.5372 5.6041
2.6256 5.6035
-5.5386 1.1175
-2.6160 -1.6228
-2.7243 -2.2685
0.8293 -1.1491
5.5389 5.0745
5.4087 0.1314
-3.4495 -3.6182
-9.3466 5.2163
-5.2084 -3.2675
5.1997 -1.4167
1.3236 -1.9297
5.9393 -6.7584
-4.8408 5.4262
-6.6175 1.3744
-5.1338 4.5075
5.2588 -0.1485
5.0096 5.2377
0.2735 5.3857
1.7624 1.5280
5.1091 -5.8313
0.0021 5.2349
4.9682 5.4626
-2.5875 4.7032
5.7910 -3.5537
5.5699 3.5003
5.6313 -1.9905
4.9882 -2.2645
5.1183 0.7265
-3.1199 -0.9295
3.0984 5.8639
-3.3642 5.4732
-1.5988 -2.8581
5.3076 5.7931
5.3559 -0.2680
2.4340 4.7445
1.8668 -3.9702
-1.5748 5.2192
1.8977 -3.7765
1.9138 5.6352
2.3106 -8.5367
4.9523 -4.1917
5.1631 2.2418
5.1751 -5.2021
-3.4183 4.7424
5.3391 -4.0285
5.7180 2.1956
-6.7145 5.3779
-4.9581 -6.1315
5.9075 4.7865
-2.5140 1.3608
3.1493 -1.9478
-0.5105 -2.8527
5.6761 -1.8562
-4.9278 1.8777
5.4724 -0.6776
5.1384 5.3379
2.8335 4.3685
-6.8495 4.9983
5.2309 0.1163
-3.6192 -5.8087
-6.0357 5.2557
5.1004 5.2576
-3.7740 5.7822
1.9957 1.7401
-0.6718 -1.6076
5.3169 -3.5612
-1.2227 5.1513
-5.6768 5.6844
4.9395 4.6073
5.7471 2.8382
-7.7288 -5.0615
2.2896 5.3964
-5.5303 0.0679
4.7986 5.7403
5.1697 2.1124
-3.9310 5.7768
5.3846 -0.4056
5.1772 -2.4279
2.8151 -1.8526
-6.8994 -1.5419
0.3057 5.5619
0.9762 -4.3781
-10.8107 -2.0620
-3.0188 1.3908
-1.4309 4.8214
-2.5643 2.8720
1.2418 -6.1521
-3.3372 -2.5933
0.8008 5.3454
4.9209 -3.3274
-4.9399 1.9813
5.2792 5.3249
-7.2617 4.8892
-4.0470 -2.2059
-3.6981 -4.1451
1.7640 -0.3418
0.4952 0.8132
0.9088 2.6972
-4.5428 -7.9372
-0.8823 -5.0072
4.9436 4.8265
-2.9410 -0.6800
5.5600 5.0089
5.3719 -5.1745
-5.1534 6.1113
5.3420 5.5817
-3.7698 0.5258
-2.2901 5.2968
-4.8566 -2.1911
0.9094 -2.1902
2.0251 4.9472
-3.5590 5.5221
5.0624 4.8512
4.8881 -4.3474
0.9176 0.6372
-4.7413 -2.2532
0.8518 -0.4622
0.5831 2.5347
5.3779 0.8289
0.8378 -2.4421
3.4116 4.2186
-7.0686 -3.0376
5.2584 5.3190
1.3639 -0.2892
-3.3463 5.2409
-2.1491 0.9443
-4.6170 5.0962
1.5812 5.0185
5.2580 5.3117
-2.8143 1.5965
5.2794 -3.1754
-4.8169 5.3927
1.9643 4.9532
5.3297 5.3387
-1.4653 -3.1183
-3.3317 2.7309
1.4792 -3.5328
-0.1907 -1.8163
4.9966 1.5794
2.0332 0.7372
5.5506 -4.6522
1.1564 5.2626
-4.6130 5.7764
2.7022 0.8735
1.0127 5.5032
5.2779 4.9983
-4.2575 3.6176
-1.1833 1.9865
2.4200 -1.2436
-2.2825 5.1571
-0.2491 -4.7161
2.3698 5.4228
4.9907 -6.7793
4.9529 -8.6524
5.3579 5.2271
-7.5618 2.3493
1.8884 -8.7046
5.3828 1.0254
2.7864 2.6253
-5.7238 2.4906
2.2046 -2.0161
-3.5351 0.5345
-4.2504 -2.8157
-2.9451 0.4075
5.1870 2.3983
3.1259 5.1498
5.7946 1.2666
0.3912 1.0117
4.9195 5.2274
5.0639 5.0499
-1.3152 -4.5380
-6.0535 2.5184
-1.1100 2.2550
4.1523 0.0671
0.4246 2.2251
5.8511 -6.1842
1.9914 5.2308
4.9829 -4.1111
5.2780 5.6083
-1.5092 0.7809
5.8572 5.1684
-1.0822 -3.6231
-2.3354 5.1734
5.6461 5.1732
6.0790 -3.9601
-4.1081 0.2356
-5.7167 -1.6705
0.0427 2.6795
5.3744 -1.6875
-3.1889 1.3948
1.3167 6.1306
4.6495 -3.6833
4.8057 5.0652
5.4849 0.7490
5.1971 -2.6597
-0.2559 1.2035
1.7570 2.7410
5.1701 1.1065
4.9155 5.3403
5.4944 2.3653
1.3332 3.3013
0.9382 2.5135
-1.2846 -1.9714
0.7754 5.1676
4.8989 -8.7768
5.6511 5.0735
2.5721 5.5190
5.6181 5.2455
5.1732 -3.6824
-2.8592 0.5311
5.1846 2.1409
-3.3787 4.7426
5.9914 1.1319
-4.2948 0.2853
-1.8179 2.2746
0.7140 0.3138
1.6802 5.2662
4.7732 2.1769
5.2002 6.1049
5.9508 -0.0068
0.6234 5.4002
-2.6778 -3.1954
-2.1460 4.9832
5.6759 -2.9587
5.5950 0.1211
1.3641 4.9700
5.6321 -3.3760
5.7104 -3.1234
5.0015 5.1317
5.4712 5.2424
1.3552 4.7841
-3.6500 4.5901
-1.2700 1.7363
5.2036 5.0733
4.5216 -5.7423
5.2396 5.0888
1.8829 5.2155
5.3848 -0.8694
-2.2012 4.6936
-6.0735 5.1798
5.0653 5.2137
1.0158 5.4178
0.8520 5.1588
2.6777 4.8304
1.7162 -4.2750
5.2934 -1.3910
-3.4761 5.6562
5.5647 -6.2645
-3.1095 5.7668
5.8863 -1.2312
-5.9750 2.8260
-3.4705 5.0023
-0.7133 -0.7730
1.1907 1.5035
-3.8117 1.5145
-2.8486 -2.6115
-4.4352 5.0157
4.8158 -0.2640
0.5040 2.5859
4.8717 0.3298
2.1556 5.0372
4.7070 1.3237
5.5069 2.5304
2.4106 5.4432
-3.6848 -1.4751
5.5044 -3.5242
1.8662 1.8469
-1.3982 5.1557
5.4007 5.8936
5.2005 1.2807
5.3727 -7.1688
5.5199 2.3316
-6.9371 1.0157
-0.1418 1.3185
1.5321 1.5788
-4.1098 -0.0316
0.3598 -1.5516
1.7102 -1.2575
5.5975 5.2797
5.7583 3.1264
0.1502 3.5918
5.1661 0.9983
-0.2252 5.2940
5.2269 5.4008
5.0993 -1.4358
1.6654 1.4161
-5.4001 5.0584
4.9908 5.0643
-6.7556 2.2917
-0.3530 5.6165
0.7187 5.8766
5.5492 -5.8553
5.1575 -2.1850
-0.1520 0.2337
5.6495 0.5893
1.9299 1.8626
5.7526 5.4270
-6.3597 -8.4593
-8.9952 -0.8797
5.2167 5.6334
1.4410 0.9307
5.2114 -2.0351
5.0950 -2.5148
5.0362 -1.3252
-3.7980 1.4032
4.7801 4.8683
5.4986 -3.4499
5.1876 -0.2461
-2.0945 -0.5440
-4.3991 4.4265
5.7250 -3.6466
2.0214 4.9399
3.2181 0.5652
4.9754 -3.1383
5.6596 -4.6504
4.7487 4.9009
-2.9949 -5.7627
2.0807 1.0330
5.2508 1.3356
-4.7884 5.2296
5.4934 -1.9890
3.0226 5.4458
5.2764 5.3253
0.6236 -1.7525
5.6612 -2.4757
5.7109 5.5634
-3.3814 5.6512
-6.5964 4.9662
5.8932 1.7256
-1.7973 0.9877
2.4341 5.0512
-2.8114 5.4292
0.1648 -6.8663
2.6910 -2.2865
5.0873 1.6348
5.4045 5.0783
4.6258 4.9090
2.4618 5.3471
5.5527 -2.9470
-4.2166 -2.3917
0.4352 5.1999
1.5170 5.4975
5.5444 -4.4614
0.6650 -1.2659
5.5665 5.5226
5.2800 5.3260
4.7712 0.3053
5.5033 1.8989
5.0995 -4.3442
5.6007 -8.1930
1.5191 -2.4355
-4.0203 -0.5878
-5.3415 5.4553
1.2947 1.5478
0.8536 5.1474
-4.1431 0.2365
0.2582 5.3222
4.7284 -2.5363
-4.6797 1.0425
1.4019 5.2088
1.3951 1.2333
0.3424 0.9492
2.7940 0.6716
-2.5823 4.9832
-3.8108 2.1581
4.8844 5.3168
0.6785 5.4162
4.8277 -1.3016
2.6523 5.2464
-1.2234 4.9438
1.7447 5.1248
-0.4285 0.4377
2.8097 -1.2599
4.9690 -8.4178
-5.3500 -5.0353
-5.8982 5.1107
0.4854 1.3030
5.2347 5.0288
2.0536 -4.2420
1.5153 3.2226
-5.1666 -6.2401
5.4929 5.6171
4.8769 2.7078
-6.9476 4.9624
5.1207 5.0391
1.4189 -1.5922
5.4841 -8.7585
5.7239 1.1890
4.8012 0.4584
-0.6416 4.5319
4.9915 1.4760
0.7284 1.4897
0.6224 2.6609
-3.1038 4.7751
5.0206 5.0102
-0.0722 5.1228
5.0667 -4.5420
2.5598 5.5835
5.2724 1.6668
2.3141 1.5084
5.6220 2.1355
-0.0915 3.8402
1.6948 5.0896
-3.1473 -2.9719
1.5341 6.2098
5.3768 5.6236
5.4193 1.5904
5.4282 4.6944
-4.9758 -1.5720
5.2710 5.5772
-3.0674 5.1891
-2.1941 -2.1368
0.4648 5.0176
-2.3664 -1.2439
5.3478 1.1513
-1.4662 2.6495
-2.9681 -3.7075
5.6866 5.2865
5.1861 5.6484
5.5824 -0.7293
3.3920 5.7056
3.1995 5.1727
-0.8189 5.1711
5.5508 5.5237
2.4861 -5.5510
-2.3867 5.4874
5.7869 0.3512
-3.6760 0.5821
1.5613 5.3665
-4.5611 -4.4200
5.0634 1.7842
5.1159 -1.1147
-5.8976 5.7769
1.1316 1.6591
-4.4307 5.2613
2.8478 5.2150
2.7842 -3.3086
-5.4247 -5.4412
5.1963 -3.3544
5.0872 -1.0092
-1.4623 5.3404
-2.9316 5.0712
5.3690 5.8756
5.3986 5.3459
4.9113 4.8251
-2.3072 5.4124
1.4346 5.0998
4.8081 -2.4279
5.4232 -4.2722
-1.2106 -6.2569
-4.2443 -4.1630
-3.9341 -4.4856
5.2704 0.7908
5.2083 5.9618
-2.8915 2.8147
5.3207 3.1696
4.4031 5.4841
-2.2011 -3.0089
-2.9946 -0.3860
5.5846 5.3259
-2.0724 -3.7837
5.4045 -9.0228
-0.1345 -5.0709
5.4590 5.1539
-12.0101 0.6218
5.0220 -7.2361
-1.2916 5.2098
4.7799 5.1563
3.7239 -7.5227
-1.1419 4.8321
-3.9337 2.1571
5.1022 0.7478
2.3728 0.7858
5.5448 1.1007
-3.9181 -1.8714
1.3560 -5.8920
1.3769 5.0232
-3.5337 -1.5474
-3.6593 5.9742
5.5361 -5.9893
5.1751 -1.8216
-0.9051 -6.3754
4.9301 -2.6949
1.2363 2.5627
5.1922 5.2582
1.0531 5.5215
4.7347 1.1981
-3.2373 4.9980
-4.4994 5.2527
4.7648 -0.9662
1.4657 -1.3806
-5.3568 0.4984
-3.1227 -4.8145
-1.6927 4.8522
-0.1822 -4.1686
5.2159 -0.0881
-4.8372 4.8143
3.1671 4.7960
5.3525 3.1539
1.9435 -7.1220
-9.1126 4.7702
-7.6520 0.2351
6.1446 1.8793
5.3931 -5.4510
-3.9088 4.9220
5.7193 2.2178
2.4570 -1.6829
0.6083 -4.0352
2.3569 1.5691
2.5207 0.8808
-1.9045 0.3255
5.3033 2.0426
5.0121 -0.3870
0.9509 0.4188
-0.4384 6.0011
5.3345 3.8067
0.8465 5.4124
-6.6998 4.9204
5.6579 0.4814
-5.0440 -5.9451
-1.5932 5.1453
1.2004 5.0691
1.4927 5.4969
-2.1836 4.9915
-4.1106 5.6186
5.4727 2.4407
5.0987 -5.8064
1.3278 5.2846
5.3701 5.5137
4.7592 5.9176
-2.6985 -4.5973
5.2770 0.4857
-3.2925 -2.5587
-0.6133 1.8564
-3.4936 1.4985
5.0866 -4.1840
5.2145 -0.3940
-2.7479 -4.3508
4.8076 5.2142
5.1458 -3.6619
-4.2327 5.1435
-5.0523 -4.7908
5.4863 5.9894
1.2657 3.8598
0.6138 -3.1940
-1.1506 1.2051
5.6262 -1.9691
-5.2515 0.5375
-0.9761 -4.4819
4.9417 5.6130
-4.5965 -7.3793
5.2503 5.2813
2.1175 5.2841
4.7141 -4.4704
5.4143 5.7309
4.7228 4.4474
0.3640 -3.9658
3.1479 2.0573
-1.1931 4.8952
-3.8046 1.3813
5.2474 1.5619
0.9302 0.3472
5.1197 -2.4695
5.1469 5.2594
5.5209 2.7322
5.3951 5.3587
-2.2299 5.5492
5.3390 2.6585
-1.7752 1.2821
1.3585 -0.7673
1.1920 -1.4127
5.4169 5.2825
4.9517 4.6462
1.7422 5.5960
2.0453 2.8970
5.3233 3.4055
2.9333 4.1171
-1.0681 -7.6551
5.2027 2.5381
-3.6255 5.1472
1.8820 -3.4721
-4.7228 5.1625
2.7892 4.9668
1.7549 -2.1810
4.8032 2.1111
-0.4390 2.5810
4.8446 5.5264
2.0797 5.8831
2.5497 2.6887
0.8231 -1.4960
0.6058 -1.0655
0.4099 0.9640
0.4355 5.6818
-9.4107 -4.1377
-0.9456 5.2699
-7.1158 5.5548
5.6532 -2.0214
4.9679 1.4492
-6.1672 0.4719
2.6192 -7.8698
4.8701 -3.8547
0.4741 1.3401
1.9926 0.0441
3.2422 0.5672
5.3075 5.2022
5.5174 5.4645
5.1768 -3.5947
4.8842 5.3207
2.9547 0.9169
-1.8433 -0.3970
-0.2684 5.4647
0.2778 1.2551
5.4463 1.9973
-1.4410 2.2014
0.9276 2.4270
-2.4511 -0.0884
0.8825 0.6141
1.8639 5.1824
5.6906 1.7185
4.8078 5.5724
-4.4057 4.9866
5.2681 1.6322
-5.4482 -4.4284
1.7119 -4.4675
5.0102 -2.3166
0.3204 -3.0278
5.4391 5.1421
-4.7973 -3.7817
2.7512 -0.7480
5.1333 1.7316
2.5123 5.3999
0.0428 5.2955
5.9304 -0.2999
-5.2011 -3.2251
-0.2913 -0.5156
5.2821 0.1531
-2.3724 1.5465
-0.0240 -5.5760
-2.0849 2.9144
4.7363 2.0434
4.8174 5.1808
4.9594 -2.3718
5.0540 5.1840
-7.0473 1.1348
5.4195 3.2420
5.4367 -4.9772
2.4006 1.4078
0.2731 5.4931
5.5046 -3.0199
0.2675 0.4834
-0.5636 -0.4644
5.0593 5.0639
-3.6951 -4.9903
-3.8419 5.3268
5.2842 1.2960
-6.3242 5.6289
5.8727 5.8521
5.5527 0.2874
5.5175 1.2544
-4.5117 -9.5650
2.9680 5.4243
1.7820 -4.4667
0.4584 5.3463
3.4456 2.0050
0.1777 4.8302
0.9514 0.9926
3.5542 -1.6789
4.9360 0.4382
1.7777 -1.6302
-2.7643 -4.4912
5.7687 5.0420
6.1970 4.9457
-3.5810 -4.7171
-6.5896 5.4080
-3.0914 5.4511
4.9845 4.9077
5.1400 -6.0197
-7.2334 0.8402
-0.0719 5.8274
5.6713 5.1523
-2.1995 2.7004
5.6839 -1.9258
5.9158 0.7670
1.6811 -1.4356
0.3637 3.1071
1.3385 5.1746
4.7855 5.2693
-0.5028 -3.3829
5.3489 -1.7880
5.3828 5.4096
2.1777 1.3990
-0.5334 5.4475
-4.5292 -6.0409
-5.6850 -0.2914
-3.3788 0.3338
1.9579 5.1690
-4.9377 0.9185
-2.5847 2.7073
3.0555 4.9153
5.1434 -0.4195
2.1318 4.8931
0.3893 4.9858
5.6134 5.8220
2.7914 1.0439
5.6152 -3.5153
0.1117 5.6257
5.1293 2.5918
4.9420 3.1903
-3.5674 4.0617
5.3675 4.3858
5.6290 5.7727
1.5073 5.5223
5.0241 3.3337
5.2471 5.6224
4.9371 -3.5007
-3.2904 0.2188
2.9435 2.4270
5.2703 -3.7910
-1.2574 1.3482
-2.5820 5.6992
5.7700 -4.1319
2.9254 -6.1317
2.6790 4.8352
5.1377 -4.8828
5.0745 0.9861
1.9757 -0.4966
5.1688 3.2790
-4.7315 4.9357
-5.5107 0.8365
-6.1271 -1.7324
1.0485 5.3375
5.4300 -5.2468
-2.0962 4.8117
-0.3431 1.4368
4.8899 0.8556
5.7834 5.6170
5.5791 -3.4250
2.7809 -5.5519
2.0069 -0.1201
5.2524 0.0341
0.1832 5.2897
5.1463 -0.2713
0.8780 5.5132
5.1887 5.4062
-3.0800 5.3866
-2.5524 4.6128
4.8678 -1.3552
-4.4606 -2.5734
5.6754 -1.8336
0.9426 1.3258
2.2668 -2.9730
5.0622 1.8335
-1.9076 4.5828
5.3064 5.0728
2.4450 -4.2233
1.7239 4.8200
5.1187 4.8476
1.5594 5.2125
4.7959 5.7101
0.0415 5.4863
5.5320 -5.6147
5.0467 -1.9156
5.7246 5.2801
-2.3523 1.6775
5.3500 -3.0457
-2.1237 5.2387
5.7009 5.2483
-0.3012 2.5362
-2.9603 5.7567
-0.2083 5.3419
-1.0238 -0.9486
5.2008 5.1929
4.6208 0.8598
0.8835 3.3763
4.5697 -4.6677
0.0566 4.7237
5.5906 0.4333
-1.1426 -2.5985
5.3551 -0.6698
-6.2441 1.1087
2.1017 2.4492
5.1655 2.6167
0.8391 -8.0482
0.6415 5.7575
-7.1136 4.1073
1.2130 -5.3027
1.8439 2.1957
2.6790 -5.6879
5.3748 2.1363
-1.9018 0.3059
0.2774 -1.5962
-0.1912 5.5612
0.4892 -1.0642
-5.2791 2.0146
4.9917 -3.9550
-4.0420 -2.0963
-3.4338 -4.2807
2.8382 -1.3880
5.4737 5.6339
2.4782 2.2790
2.2334 -3.6917
0.0070 -3.5133
1.0375 5.6325
4.8980 4.7466
4.8301 -8.8180
5.8595 2.0046
1.4681 -6.8259
4.7419 5.1820
5.2215 5.3498
-3.5102 2.3550
0.9586 -4.7167
-5.2789 3.0779
1.2902 4.7771
-1.3776 5.3962
1.5389 2.6697
1.8062 5.0133
-3.6053 5.2182
5.4495 1.1017
-0.7251 1.0738
5.1515 6.1006
-2.5616 -2.0934
-5.4241 -0.3224
1.7113 -3.9933
0.6566 2.4915
4.7708 4.6357
-3.2424 2.2407
2.3327 3.1357
0.9139 0.3569
1.0113 -4.2279
0.6882 0.8223
1.4241 4.8915
-6.2865 -0.0525
-2.5638 5.3396
-4.7447 5.5137
2.6655 -5.9764
5.6655 5.1300
-7.6035 -1.4876
2.7660 5.5258
5.6117 -1.9991
4.8510 5.5021
1.2227 5.0691
-2.1283 2.6497
-3.7685 -2.2449
-3.5471 0.3012
-4.9978 -3.2456
-1.7538 1.6638
-2.7861 5.6538
5.7419 5.1271
5.6882 2.7954
5.1638 -3.5142
-4.9704 3.3081
-5.5866 5.0381
5.9058 1.8867
5.1229 1.4882
-1.7608 -3.6019
5.1716 1.2790
-2.7556 -0.7079
-5.9506 0.3850
0.0497 -1.2796
-4.2710 -0.2796
-1.5933 1.5351
5.0012 5.2971
-5.4643 -1.9722
4.5098 -6.0826
5.1410 2.5992
5.6329 -1.5050
5.8251 5.2875
-4.1572 3.0926
-1.5820 2.3168
-4.4828 -6.4876
5.5977 4.9282
-4.4198 3.2893
5.0830 5.0751
2.0246 6.1318
5.5178 2.4705
1.2792 -0.0985
1.9671 1.1658
0.2700 4.7306
0.2256 2.6458
-2.6927 -0.6665
-4.0857 -0.8626
5.5068 -2.4641
5.4180 2.2581
5.7651 2.1436
-1.9865 3.6433
1.1813 5.0872
5.4754 2.5978
5.6766 -3.7931
1.3707 -2.5957
-0.8910 -6.1440
4.9541 5.4187
0.8830 4.9028
5.5711 2.2103
-4.8226 -3.3085
1.1268 2.7018
-5.6963 5.5934
4.9369 -6.1762
-2.9629 0.3163
-4.0751 -3.9825
0.8783 5.3029
5.1912 1.8003
1.3495 1.5477
-0.3304 5.3260
4.9726 0.6024
5.2252 2.4450
-1.0253 0.8748
-4.2925 0.3841
0.0207 0.5656
-1.7927 4.9076
0.1592 4.7814
5.4195 2.1888
-4.3298 -7.4468
5.3315 5.4135
5.5108 -4.1459
5.6364 -3.7759
-2.2345 -3.2633
5.2055 1.7163
4.5573 0.9250
1.5591 3.4114
4.9853 -4.6643
5.4079 2.3266
5.6040 1.2443
2.6640 -0.3949
-2.6938 5.1791
1.8896 -7.4817
4.7913 -2.1176
-3.4905 -2.7696
5.1959 -2.6308
-3.1655 -3.5230
5.4851 5.2826
-5.2367 -1.4401
5.3896 -2.6664
-5.2501 0.2134
1.1913 -1.6517
4.8051 -0.5774
-4.2414 -6.5746
-2.3965 2.0920
-1.7663 -3.8860
5.1284 0.9974
3.5053 2.6814
5.4346 5.6201
5.0990 5.2013
1.1632 5.4417
5.0383 5.2872
5.4266 5.2771
5.2215 5.4156
5.2116 -8.3469
-3.0535 5.1433
-3.0733 5.3393
2.1508 1.6310
2.2985 5.2582
0.6401 5.3965
-8.3191 5.4169
5.4061 -4.4276
-0.5747 5.1604
-0.7661 -3.5558
-2.2037 -7.8453
5.2447 5.2812
0.8483 5.9242
5.1678 -2.8701
2.3770 5.2112
-2.0796 -4.2528
5.0928 -5.5223
-2.1721 1.6045
0.3157 -9.0426
5.2511 0.2349
-1.8584 1.3756
4.9660 2.3865
1.3720 0.3248
1.4538 5.7424
5.0557 -1.5087
-3.9865 -3.5414
-1.6989 5.1694
-3.9435 0.7117
-2.4891 5.4189
5.4960 5.2149
5.6478 5.5846
1.5683 -4.7380
5.6052 3.1575
2.8420 1.7016
-3.1424 5.1551
5.5977 1.3159
1.5965 0.6056
5.2010 4.9127
5.6948 4.6368
2.4797 -0.3395
-1.5900 0.7775
-3.4478 1.5247
-2.5168 2.6351
-2.9116 -3.9662
2.7227 5.2468
5.2598 5.8684
5.1493 0.2585
-0.9438 2.8232
-3.4219 5.7190
2.7135 1.5900
5.1606 -2.7302
5.4731 -6.3852
1.6875 -5.3249
5.4093 1.5158
2.0693 5.7222
5.2749 -1.1292
0.9577 -5.0458
-4.7612 2.7908
-0.1409 5.0943
0.4303 -4.5013
5.1092 4.7028
0.9498 2.6462
1.3622 -1.7877
1.3844 4.8970
2.6594 -6.3300
1.3468 1.7434
-1.1350 5.2007
5.0745 5.5120
0.1544 5.5693
5.0347 -1.2867
-2.6495 4.8022
4.5059 -4.6076
-0.9168 -0.6185
3.0444 -3.0747
2.1772 5.3320
-1.2545 5.2889
-3.3080 -4.4357
-2.0134 4.9481
2.8035 5.1457
5.0247 -4.6131
6.2224 5.2201
1.5559 -2.8150
5.3717 2.7139
-3.7644 -9.7479
5.9126 -0.7931
5.5593 3.3320
5.0323 4.7857
0.5621 -2.4924
2.6996 2.0462
5.1463 5.5104
-1.0804 4.3315
3.2690 -5.5772
1.1138 5.1754
-4.6064 2.1836
-6.9316 -4.0142
-0.2597 4.9677
-3.5121 -1.7575
-3.2416 1.7642
5.2027 5.6580
-1.9016 5.6632
1.6585 0.7077
2.5480 5.3430
-4.5989 -4.1656
1.3001 5.5176
5.1765 4.8101
-2.4255 4.8766
-1.3559 -2.8729
5.8983 -0.1513
5.6186 3.7683
-3.3698 5.0589
-1.5150 4.9634
1.4182 1.0566
-1.9849 5.7556
0.7989 5.1922
-4.8547 0.9216
-4.0044 -6.8634
5.2617 -3.7308
0.5108 5.4784
1.5640 1.5316
5.2957 -2.8646
0.4218 0.3102
-2.5639 2.6021
5.3667 5.2110
5.0639 -2.9294
-0.0815 2.0811
5.0887 -0.6264
-1.7605 4.9237
1.0408 1.8624
2.4810 -2.4491
5.5511 5.3981
-3.6134 5.5560
1.6049 -2.5572
3.1423 5.4159
5.3125 -0.2209
5.0024 5.3271
5.2470 5.1937
0.5567 5.0353
5.9561 2.8908
1.1291 4.7459
-4.4258 1.5183
-5.3422 2.0241
5.1709 5.1205
-5.4130 2.1664
5.8439 0.2004
-2.2846 4.9328
-0.7365 1.3301
5.2120 5.4674
5.0372 1.2211
-1.9706 -2.1578
5.1262 4.1333
4.8604 5.0428
5.1515 0.3855
-0.3861 2.1713
1.2364 1.7921
-0.9322 5.2320
0.6994 -3.8941
-1.8326 -0.1212
5.4602 -3.0006
1.9349 5.0146
0.9165 -7.4671
0.7015 4.7843
5.2818 -0.1923
0.0013 5.4638
-1.3259 4.6699
5.4893 -0.1202
-0.5161 1.8761
5.3419 4.7029
0.1609 3.1031
-6.2189 -5.2823
5.2407 5.2053
1.8990 4.7363
-2.9429 -8.0926
1.2467 4.7716
1.0243 -10.7405
5.2701 5.3344
0.0212 2.0367
5.2794 2.5505
5.3139 2.5527
2.2531 4.8530
-6.7738 -1.6620
5.0971 4.8955
0.3912 5.2946
2.5429 0.1423
0.4986 4.9918
4.5730 1.2209
5.4677 4.8091
5.4790 -2.7580
3.6792 5.1132
1.7155 6.0015
5.3587 4.8459
-0.4938 -1.1132
2.4224 -3.4872
5.1690 2.6167
-4.0889 -0.5874
0.2755 5.1405
5.4763 -6.6113
-9.5972 5.3756
5.8377 -0.0711
0.3731 2.8327
2.8685 4.9594
5.3907 -2.4950
-2.6527 5.6447
4.5516 5.1976
1.3993 5.4852
5.2433 4.9584
1.3798 -2.0066
-1.8071 -6.5412
2.3542 4.5586
5.6158 -2.9367
5.4200 -1.6666
1.1509 -1.7325
0.7439 5.4720
-2.3338 5.2365
-2.0728 -4.2939
-0.6819 1.0435
5.9714 -0.0509
-4.6442 6.0459
-4.3008 -1.5086
5.3402 4.9263
-2.1883 -0.6750
5.3423 -1.6746
0.4142 4.9399
4.9889 5.2569
1.6715 5.0456
1.0664 1.0447
-1.9740 -3.7848
3.8407 5.7703
-5.9007 0.5252
-2.3990 5.2891
-7.7966 5.1115
3.1460 -0.2651
4.6439 -2.2435
0.8601 0.9368
5.4820 5.3654
5.2926 5.6708
0.2624 -3.0639
5.1365 2.3523
-3.8716 2.4112
-0.8929 3.0430
-1.7607 4.9251
0.9273 4.8183
5.5269 4.7457
5.3686 4.7671
2.1832 5.3933
4.9851 5.2212
-1.4914 5.1297
-2.8971 -4.2576
-3.4730 -6.0767
-3.4738 1.9765
5.4837 -2.2030
-6.5600 4.4430
5.6604 0.7092
1.3852 5.9834
2.9613 0.4509
1.1311 5.6858
2.2302 5.6263
-2.3088 1.5914
5.4246 -1.6182
5.2944 -4.8483
5.6044 5.6125
5.0989 -5.8841
5.1476 5.9012
1.8745 5.3637
0.1604 2.1812
5.9787 4.9609
4.9446 -3.3430
-6.3395 5.2402
4.9940 3.2527
5.4550 4.9760
5.8610 5.6837
1.1861 3.5964
0.7879 4.9754
0.6755 -3.5626
4.9080 5.4163
1.8066 1.6566
1.9651 5.6697
6.0771 -4.5153
-7.2322 -3.4005
-3.3840 2.2087
-3.3784 1.5185
-3.1620 5.5550
-5.7073 5.3311
5.0243 4.9960
5.4648 -3.6668
5.1506 5.1085
-5.5672 1.4298
-5.1526 1.5037
-3.3028 1.9386
0.3501 4.7230
4.3930 5.6072
-4.4212 4.8459
-2.0108 4.9556
5.4274 2.9079
1.0256 -1.7726
1.1867 -3.9324
1.5541 5.2100
5.2934 1.0627
-3.3073 2.3293
-1.5328 -2.3003
5.3313 3.1235
-5.4335 -2.3729
1.6487 -6.4051
5.4676 -0.5920
-2.7296 -1.0806
-1.5521 4.9923
5.6776 5.8058
3.7914 2.3100
5.3130 5.1035
5.3735 -0.4061
5.8200 5.1394
-1.8673 0.7938
4.6241 -4.9117
2.6614 5.6419
-3.8540 4.8845
-3.6779 -4.9628
2.3047 5.6817
-5.6689 5.5297
5.2956 0.7464
5.6159 5.2854
3.4218 -0.4855
5.7267 5.5039
-2.1243 1.1879
1.9310 -1.2666
0.4694 5.2644
-2.7874 2.0757
-3.4770 4.7571
4.8749 5.0783
-0.3087 4.8596
5.3510 5.2417
-3.1675 4.5937
5.2033 6.0430
-1.1971 -2.4726
-4.0790 5.5364
2.3820 5.3900
1.6882 -0.5853
5.2703 1.9079
-1.7640 -4.3224
1.6323 -1.7839
1.6746 5.5136
2.4221 0.5727
5.5532 -6.9072
5.2783 5.0601
4.8071 0.2977
2.7180 5.3971
1.6377 5.3320
4.8401 -4.1877
5.4929 2.4943
0.8311 5.2007
3.5432 5.4451
5.2352 5.5357
-2.9398 2.4940
2.0815 2.2638
-3.3168 -0.4138
5.8992 1.2598
-1.3154 -2.8415
1.0336 2.5287
-1.4911 4.8176
5.3922 5.7297
-0.3191 3.1230
4.7580 0.8707
4.8939 5.4249
1.3873 1.6295
-5.8471 2.6420
-0.8759 -1.3596
1.4917 5.1933
5.4473 -1.0127
-0.8099 2.8615
-4.5028 -0.9917
5.4554 5.0269
-4.1154 4.5959
-3.0831 -0.2018
-3.7783 -1.8403
0.8395 -4.1818
5.0033 0.6137
-0.2806 5.4466
-1.6333 0.4772
-1.3646 -3.8232
5.4147 5.4405
-2.0924 1.0960
5.5928 5.6725
2.4057 -2.1197
2.0570 2.4387
5.0551 -6.8951
1.4167 4.6868
5.2054 -2.2143
-1.6688 1.0665
-1.1005 4.7275
5.8412 1.8067
5.0856 -5.7249
5.3492 4.9916
-0.7096 0.1015
4.9409 2.3821
5.7001 2.4811
5.4138 1.9013
1.4398 -1.8791
4.7622 -3.5553
-1.9915 -3.7964
0.6409 -3.8784
-0.6027 -5.1353
-6.1316 -2.4501
-3.7768 1.4763
-1.2549 -7.9455
1.4049 5.6923
2.0522 -1.5429
5.3567 -5.7124
5.4608 -0.1523
5.0080 -2.6010
1.3265 5.7605
1.6088 5.2551
5.6836 1.4828
-2.3015 4.7854
1.7046 3.0673
2.5937 5.5802
0.3622 -4.3410
3.1483 -2.1310
-6.5195 -1.6222
5.3777 -2.2028
5.0839 4.6446
2.8216 0.9910
2.7581 5.7493
5.3695 5.4077
1.5939 4.6403
5.3623 2.2978
5.5032 5.3441
3.8147 5.3951
2.1647 5.4491
-4.5491 -1.0494
5.3080 5.9637
5.0473 5.3163
-1.7929 -4.4231
0.5675 5.5220
1.7337 1.2795
-3.1807 -3.5579
-3.2793 4.4994
1.7117 1.2132
-0.6602 5.7782
-1.7879 1.0729
-4.5851 5.1013
-0.0468 6.0588
5.6802 5.2085
0.8780 5.2661
5.8347 1.3292
5.0883 0.1063
0.5435 -3.7890
4.6981 -0.8005
-5.5340 4.6686
1.1910 -5.0068
1.0299 5.1874
1.3907 1.8577
-3.0870 4.2500
5.2320 1.9135
4.7563 5.1785
5.3946 1.1116
-2.9147 5.5277
5.4798 5.4391
5.5994 1.7340
4.9035 1.2053
-4.7552 1.7008
2.4264 1.5887
-5.3318 -5.4013
-5.1297 -0.6429
-4.7136 1.0674
1.7104 0.4344
1.4137 -4.9390
2.3589 2.1349
1.0063 5.1231
0.9904 5.5362
-2.7344 1.9792
5.4390 -3.9144
4.7324 -0.3255
5.3671 5.8159
4.7446 5.0521
5.2599 5.0643
5.0777 4.5578
5.4612 5.3165
5.6110 2.0186
5.9374 5.1011
-5.4828 5.1136
0.6846 4.9034
4.4817 -1.5348
5.0450 2.3171
1.5859 1.6479
5.4863 -2.2909
3.9143 3.5966
3.1178 -6.8601
0.0100 1.5144
5.1909 -4.9839
5.1741 4.8404
5.1388 4.9331
-3.7458 -4.2972
4.7654 5.0257
2.5908 1.8092
5.1677 4.8779
2.2103 5.3246
-2.0605 -1.4934
1.4924 1.4627
5.3664 5.2187
-2.3820 5.9672
5.5223 0.8192
5.4649 -3.3946
4.8660 5.3911
-0.1935 3.9747
5.1693 -2.1469
-4.0499 -2.2632
-4.6641 5.3217
1.5943 2.4058
5.4846 2.2011
5.3516 5.2709
4.9399 -0.1606
-0.3859 -0.8595
0.2392 5.3220
5.2559 5.6032
-3.0076 5.5445
5.6306 0.0836
4.9004 -2.1776
-0.8387 2.4872
2.6036 -2.8340
1.4188 5.2454
-4.8736 4.6196
4.8471 -3.6817
1.4942 5.0522
5.0281 2.5162
3.1095 5.1325
2.9650 5.0633
5.7944 -1.1540
-0.8370 0.2584
3.0016 -0.3978
5.1458 -1.5033
0.4841 -1.3479
5.4756 5.4525
-5.9809 -3.4470
-2.7731 1.0257
2.1091 1.9576
1.2026 0.6255
2.3309 4.8827
5.0921 2.3909
-3.9776 0.6068
4.3967 -1.6477
-4.4044 -1.1631
-4.9846 -4.1000
5.1924 -0.9462
0.3148 0.4600
2.9728 -4.0589
5.3814 5.2186
2.1305 -3.0147
-5.2176 5.2579
-1.2847 -0.5930
5.5722 5.2727
1.2824 -0.9663
-5.4378 5.4169
5.2801 5.4588
0.0677 2.2392
-5.1201 -4.3568
-0.2614 4.7294
5.5394 -5.5095
0.5731 5.2092
2.5947 -0.4954
5.5519 5.6138
1.1654 4.8175
-4.2535 5.5340
-5.4843 2.1014
-1.5459 -0.7403
0.5464 5.3442
-2.6580 -3.5242
5.2777 -1.2169
2.7765 1.9889
-1.5065 -1.6246
5.7768 5.1950
-2.2907 -0.9151
-0.5335 5.7999
5.0251 3.8352
5.2458 -1.0967
-2.9884 -2.9097
4.9098 5.2021
5.4318 6.1048
4.7402 -10.0835
2.5892 -1.4860
0.3446 0.3058
5.0982 4.8989
-3.9432 5.3168
5.6455 -0.0460
2.2374 5.2107
1.0210 5.7507
-0.6107 5.2409
5.2683 2.5310
4.7603 1.4925
0.4296 -6.1268
5.3732 1.4192
1.5551 5.1049
5.6219 -3.9068
-2.9570 5.4017
5.4617 5.3864
-2.6549 -6.1509
1.4922 1.4014
0.9545 -3.4964
5.0724 -0.2427
5.2831 -1.6589
5.6146 0.3712
4.7029 4.8127
2.0734 5.1300
-3.6896 0.5915
5.0051 2.3866
5.5173 5.2853
1.9205 -2.0594
5.3570 5.2900
-1.0000 5.3029
5.4116 1.0456
1.2497 1.5351
1.5377 2.8059
-0.1254 4.8460
5.4717 5.0990
-4.7894 4.6107
5.7015 5.0344
-1.8185 5.0689
-3.9481 5.5367
-3.7775 1.5137
2.3701 1.8540
-2.1026 -7.5156
5.6479 1.4575
0.4956 -0.7609
-2.0608 4.7011
4.7834 -1.7664
-4.7826 1.5837
4.8377 -0.3527
-4.4199 -3.8462
1.4176 3.0574
-0.4807 5.0053
5.1945 5.3749
-1.8242 0.0902
0.0219 1.3196
-3.6333 5.1389
5.0646 5.1843
-2.3540 -5.3433
-5.1714 5.5597
-2.0248 1.0078
0.7701 5.1480
-3.5644 4.7883
-5.8803 5.1131
5.3976 5.2858
5.1832 -6.7175
-2.5278 2.1065
-3.0387 -3.5401
2.4829 5.1877
5.2660 -1.2801
-3.7986 4.7958
-3.6939 4.3045
5.0896 4.8149
5.6020 -0.8566
0.2755 4.9265
0.6625 0.4471
4.9437 2.4791
0.3245 2.0460
-0.6043 -4.3972
5.3442 0.0483
-4.4186 5.5911
-1.6648 5.7503
2.6599 -0.2891
-4.2074 -1.9783
5.1535 0.9523
4.4364 0.6672
-2.1415 -6.6015
1.2314 2.0630
4.4729 1.4805
4.7519 4.3490
0.4860 -0.0501
5.5988 -4.2806
0.7484 5.6232
4.5919 5.1718
-8.7933 -4.3813
-7.5549 1.5361
5.5420 5.3052
0.1502 0.2128
5.4809 -1.1112
5.6269 5.1817
-2.6078 4.5702
0.4861 -0.9341
5.2248 -3.5390
5.3128 5.2428
-2.7473 -0.0686
1.3637 5.1875
-3.6521 4.9055
1.7671 2.3053
2.7063 5.4145
5.6288 -0.1690
5.9657 2.1753
1.9290 -1.0663
-2.1595 -6.3301
1.2616 -0.5444
5.1554 5.3412
5.4124 2.3830
5.0562 5.2374
5.7293 -4.9825
4.6603 2.3289
-1.5466 -5.4102
1.6384 5.0814
5.2860 2.6487
-6.0881 5.7502
1.0559 5.3821
2.1339 1.7364
-0.6092 0.1071
2.5601 -5.4135
5.4138 -4.3649
1.7637 5.5283
5.1923 5.2273
5.3014 5.2388
4.7590 -4.8525
5.0858 -1.1455
4.9917 5.2277
3.4762 -2.4570
1.1723 0.1098
5.2797 4.7741
-3.7438 5.0033
4.8984 -1.7818
3.5246 5.6313
2.7191 -3.7106
-5.5864 5.3469
5.3712 6.0299
2.1048 6.0629
2.6845 0.1104
-4.8361 4.8735
-3.7020 -4.6401
-1.2493 3.1403
4.8602 5.2753
5.2670 -5.2883
-7.6248 5.1405
-1.8426 -4.8355
-1.4358 -0.1892
-0.7474 5.4090
2.4604 4.8074
5.8708 5.9861
5.0700 5.0933
-0.0851 4.7383
1.3851 6.0131
5.4512 1.7244
2.5084 4.8168
4.5597 5.7866
5.8293 5.7446
6.3034 -1.2143
2.0743 1.9753
2.9009 2.7447
4.9020 5.3366
-3.4362 5.4920
-6.7890 1.8521
5.3852 4.6680
5.0151 -0.3371
5.1462 -2.0137
-7.9354 4.9244
3.6859 5.0392
5.3490 -3.0059
-2.8060 1.6162
0.8351 -0.9527
-1.0764 4.7887
5.5688 -1.0905
4.7226 2.1017
0.2548 -2.5344
-3.0193 5.3547
2.1571 -3.0586
-1.7697 2.8954
5.9537 -4.0572
5.9450 5.5500
5.5214 -0.6103
4.7817 -2.4111
0.2333 2.8650
-0.5612 0.2126
0.2462 2.8747
-4.5272 -2.8120
-0.7308 5.3123
-2.8472 3.5722
-3.4292 5.3240
-3.9538 5.1165
-0.5502 -3.2689
0.8884 -5.2530
-4.9363 -0.1113
1.0197 -3.5903
4.9762 5.5545
4.7996 -1.9069
5.3963 5.4016
1.3489 5.1968
1.6062 -2.7253
4.8956 -4.5576
5.2044 1.9205
4.9050 0.3551
0.9311 5.6991
2.5563 -1.4960
5.1427 4.9533
-3.6958 -5.8568
5.6342 -0.4896
-4.1920 5.1034
5.2839 1.5009
-4.6715 -1.8095
-2.2666 2.0699
5.9399 5.0758
4.7064 -4.0589
-4.7150 -0.5382
-3.3016 -1.6191
4.6020 -6.5582
2.8223 2.1741
3.0675 -2.5876
-2.5872 -2.2836
-6.4113 5.4296
-4.3192 5.7285
5.1613 4.7621
5.3492 5.4417
0.1767 5.0326
2.9187 5.5958
5.0973 5.3603
0.6544 5.4809
4.6617 -3.5731
4.9006 2.3030
5.3064 5.5591
4.9739 5.0117
5.5179 1.7622
-4.1868 5.2370
2.5206 5.4004
