5
6.6106 6.4149
-2.4730 -5.1200
-3.6601 -11.2722
-8.9588 2.6769
-5.0137 -4.3708
-11.4784 2.7143
-2.5190 6.4698
-2.2820 6.2861
-3.6272 -4.3781
-4.5498 -5.8836
-9.0000 6.1166
-2.7358 -10.9030
6.1055 1.1296
-11.0938 -2.8997
6.4811 -4.5729
6.5821 -0.2265
-5.1759 -5.3361
6.5329 -9.2374
-4.7279 -3.3888
-4.3120 1.3322
1.0213 2.7775
-11.2694 6.7737
-11.0547 -3.1762
-9.9064 2.5738
-9.8053 -4.4644
0.6975 -0.7733
-4.8607 2.6388
2.7239 -1.5955
-11.2261 -5.0756
-0.3791 -3.6842
-2.3347 -10.2556
-11.9322 -4.1552
6.5864 -4.5315
-1.3775 -5.0879
6.5140 -3.4225
-9.5138 -9.7012
2.6365 -4.7039
-2.9630 2.6365
2.5568 6.6200
-9.1366 -10.7746
-10.0505 0.8336
6.4981 -5.1899
6.4973 6.6448
-9.6565 2.6545
6.5651 -9.5571
-11.2602 -10.7044
-8.2153 -3.1494
-3.9577 6.7293
-3.0211 -10.3690
-3.5882 -2.4702
6.5254 2.5494
6.5454 -3.2672
-3.4118 -2.7744
-1.6295 -5.0050
-11.2090 -0.2378
-10.1404 -1.8250
-4.1401 -9.2507
-3.8868 -5.0168
-1.3519 -3.5487
2.6622 -9.3791
-4.9102 -5.2561
-3.8664 -3.7610
6.1877 6.4868
6.8338 -11.9468
6.4648 6.3695
-4.7505 -3.3309
2.6469 -7.6971
-3.3520 -11.5019
-1.0253 -2.2730
-4.6501 -3.2678
-10.5655 -4.8931
-4.2062 -2.4815
-5.8096 -3.4935
6.0847 -3.3212
-10.8612 6.4887
6.2863 6.6122
-2.0457 6.7046
-3.8143 -1.3027
-4.1179 -8.3762
0.1068 0.4898
-1.7195 6.1498
-1.1128 -1.9704
-2.0771 6.9574
-4.5243 -1.7475
-9.3854 -9.0888
0.3052 2.4779
-10.9651 -9.1645
-2.9951 2.5756
6.3908 -1.2908
-3.2058 -3.2166
6.3832 -11.8366
-4.6530 -5.3446
-3.4710 2.6220
-10.5173 2.6298
-0.5598 -3.7410
2.6682 -9.6055
-10.2597 -8.7884
-3.1823 -4.1515
2.6585 -10.5377
-1.0606 -1.5246
2.6048 -1.9453
-9.6832 6.5013
2.6575 2.5785
2.5389 -10.2969
-10.4945 -9.4225
2.5886 -1.8408
6.7542 -4.5394
-2.3176 2.6797
-11.5049 -1.2210
3.9545 -8.0978
-4.2587 -4.4785
-3.4973 -3.5082
6.7544 -11.4161
2.7621 -3.6060
1.0176 -8.7764
-3.5438 -8.1831
2.6721 -7.6057
2.6478 -2.4376
-10.4366 -1.7246
-5.0716 -10.2852
-10.7325 -10.9585
0.3068 -10.1963
2.7192 -11.4288
2.6319 -8.6351
0.1161 6.7019
6.6153 2.6389
-2.2358 2.6889
-2.7188 -2.0645
2.6730 -2.7662
6.5315 -8.5770
-3.7777 -2.6638
7.0417 6.3226
-2.3096 -7.3208
-11.4508 -3.5414
2.6992 6.9151
-5.2407 -10.4437
-10.9031 -9.9857
-1.7970 -3.6026
-9.0434 -5.2103
-4.4550 -10.6289
-5.9927 -9.0749
6.3063 -0.9189
2.6146 -1.7809
2.6942 -2.7589
6.2893 -12.4599
-3.3045 -1.8958
-2.2514 -9.0847
6.4646 -0.8431
-3.0712 -9.7578
2.6273 6.3226
-3.7951 -10.1648
6.6424 4.2311
-3.1536 2.6002
-2.1734 -2.5572
-2.3134 6.5992
-9.7180 6.6622
2.6615 -10.0918
-4.7203 -2.8893
-1.6888 6.7286
-2.3012 -10.5457
-6.5745 -9.8972
6.5510 -2.3098
-4.1957 -3.5923
-3.3518 -5.7781
1.0694 2.6356
-5.9937 -9.3570
-5.2111 -10.2663
-2.9341 -8.2570
-1.9263 -3.6550
1.2792 -0.9217
6.4899 2.5926
6.5030 -0.5836
-2.3762 6.6012
-1.9276 -9.3597
-8.1879 -3.3901
6.3550 6.6425
-10.8463 -2.6095
-10.1519 6.5026
2.6917 -4.7022
-3.5717 -4.4431
3.1516 -4.8647
6.5268 -8.6738
-2.7289 -3.5317
6.3333 2.6360
-3.3726 2.6908
-3.2379 2.6022
-3.3434 -0.3334
-11.1897 -3.8574
-3.8999 -0.8298
-10.5218 -10.7520
-4.0994 2.6838
2.6643 -10.7210
-7.7567 -10.5191
0.0297 2.5392
6.8557 -5.6794
2.6404 2.6773
-3.9616 -9.2173
-2.4887 -3.3456
2.6482 -2.8563
2.6350 -10.8316
-9.6977 -4.1806
-3.2960 0.0866
-9.0501 -4.4712
0.1472 -2.2370
-4.1262 -9.6220
-3.2049 -3.2368
-3.7797 -10.3745
-2.1827 -2.9703
-1.4816 -4.4590
2.3197 6.4003
-3.2561 -1.6655
-2.5932 0.8118
6.4731 6.4188
6.4408 3.1519
-3.6069 -2.7660
2.7412 6.5091
6.7663 6.7643
-11.0457 -10.7963
-3.7896 -4.4212
0.3165 -2.9082
-2.2866 -10.5000
-4.0395 -9.1957
-10.0037 -3.0510
-4.0190 -4.1619
2.7753 6.7820
6.7158 -3.6187
6.3792 -1.3266
-10.6702 -4.5080
6.5628 2.6342
-5.0847 -10.0227
-3.6965 -1.7651
-3.5802 6.4671
-11.4644 2.6130
2.6743 -3.7246
-4.1334 7.0737
-10.3450 6.2636
-3.3236 -9.4625
-5.4356 2.7098
6.5562 -3.1675
-8.0822 -3.0901
6.7393 2.6415
-1.6391 -4.2308
6.4037 -1.0268
6.4987 -12.6573
6.8299 -2.8444
-4.0347 1.7046
-9.5856 -6.3215
6.8538 -8.5615
-11.0685 -5.1305
6.8077 2.3447
6.7692 6.1089
6.4533 -4.7791
-4.1200 6.3939
0.1006 -3.9618
-2.6131 -2.1849
6.4238 1.4144
-9.1886 2.6746
-4.5757 -0.3945
-9.8127 -3.3773
-9.9325 1.0060
-9.7427 6.1818
-1.6868 -9.9328
-5.8578 -10.9947
-2.6636 5.9758
-3.2143 -11.7596
-2.9248 -4.1400
1.0381 6.6457
0.0155 -9.1684
-8.4522 0.7892
-1.4739 2.6359
2.6820 -1.1196
-3.1503 6.4074
-1.0411 -2.7774
5.0049 -8.9223
1.2254 -8.5488
2.5590 -9.9525
6.9832 -3.5743
-5.3895 -10.8155
-3.7163 -0.7584
-9.3167 0.8241
-10.0246 2.7665
-3.6901 3.0930
2.6030 2.6774
-10.9272 -3.8415
-1.6851 2.7432
6.9310 -2.5331
-0.3879 -9.5035
-3.0825 6.2611
6.6904 -0.5693
-3.6348 0.1895
6.6118 -9.8372
2.6472 2.6686
-8.3069 -10.9574
-3.4914 6.5492
-8.3977 -4.5062
-3.9075 -4.7893
-5.5846 -9.6906
-10.1411 -11.2619
-3.1835 -5.2633
-3.7883 1.4462
2.6328 2.3080
-10.3817 -10.1356
-9.0477 6.0461
-4.2814 3.2373
-10.2104 -2.8346
6.4847 2.6240
3.1334 -5.5879
-11.8675 -11.4548
6.6653 -9.1397
-4.0637 -3.3324
-3.9240 6.8643
2.6880 2.7073
-1.7356 0.3541
-10.6459 -8.4449
-1.6998 6.7205
-4.4858 0.2096
2.6787 -2.1461
-4.9532 6.5507
-1.7578 6.5581
-2.5661 2.6589
-9.7527 -4.0916
-3.5300 0.1423
-3.2063 -9.4823
-3.7642 6.9412
-9.1787 2.6215
-8.8412 6.3712
-9.5741 0.2488
6.5833 -5.2624
-2.1093 6.5213
-2.2712 -3.0952
-3.2967 -1.9099
-3.8644 -2.6776
-4.5981 -1.3517
6.6307 -3.5402
6.5869 6.5760
-0.9259 6.2922
6.6484 -3.2070
2.6453 -10.3966
-3.0397 -5.1986
-8.2201 6.6580
6.6638 -11.5359
6.4230 -3.7928
0.2125 -9.6743
-2.7492 -3.4229
-4.5322 -4.1265
-5.2529 -6.7349
-2.0938 2.6856
-9.2298 -3.1162
-2.5805 2.5872
2.6193 6.7360
2.4965 -2.8202
-1.3451 6.3258
-1.3896 -3.1570
-5.1004 -9.4860
-1.5811 2.5937
-0.1911 2.6761
-5.4949 2.6276
0.1961 -4.5280
-9.9042 -10.1468
-4.0138 0.1587
-5.4064 -2.9873
-8.5309 -3.4805
6.7017 2.5581
2.6315 -3.5007
6.6370 6.7474
-3.6714 -0.4204
-3.8064 -3.4270
-0.5372 -2.3440
-9.9765 2.7319
-5.4994 -4.0351
6.4723 -6.1230
6.3777 -9.8328
-4.4614 -1.5138
-3.0564 -3.4288
-3.0277 -9.0458
-9.0643 -9.5174
6.6805 6.6618
-0.3622 6.6445
-9.5137 -3.7174
-11.0328 6.8637
2.6803 -3.7942
6.5029 -4.3982
-3.4076 -3.4067
-3.8255 -1.5551
-9.3880 -4.9375
-4.5057 -9.2893
-4.7570 -3.6744
-9.1521 -2.7014
-10.2134 -5.6689
-0.1312 6.8240
-4.1843 -9.0669
2.6533 -1.6828
-4.7913 6.5001
-8.7188 6.5106
-8.7284 -2.8617
-3.1100 6.3861
-10.0088 -3.6954
-3.5171 -2.8251
-1.9819 -5.8654
-10.6924 -9.1650
-11.6016 1.3226
-9.1422 -4.9373
6.2690 -2.6689
-6.4500 6.7682
-3.7093 -3.2027
-9.8704 -4.1477
-5.2915 -2.6759
2.7187 6.6990
-10.5357 -2.4451
-3.6281 6.5647
-3.2114 1.4273
-3.5426 2.6293
-10.1677 3.3724
-2.1719 -9.6169
-7.7311 -1.9576
-3.3231 6.4209
-9.3609 6.6471
-5.6844 -8.8178
6.5712 -5.2791
0.6174 6.6346
-3.2376 -2.4059
-3.2354 -0.6298
6.5747 -10.6571
2.6230 -9.6876
-4.5796 -3.2371
-12.1491 2.6557
-9.0809 -1.9196
-1.7367 6.6674
6.6207 -4.6787
6.3242 -10.0211
6.3220 -11.8986
-10.4721 -2.6279
-3.0986 -3.1900
-9.2103 2.6142
2.5976 -11.6081
6.3652 6.6114
-1.8228 -4.9710
-2.6128 6.4340
-3.1356 -2.2901
2.5852 -3.7923
-6.2385 1.6810
-9.4326 -6.1596
-10.7428 -5.3226
-2.1074 1.0420
-3.9179 -9.6388
-3.6850 -9.6672
6.9073 6.0893
-5.6993 -1.0072
-9.1701 -6.5156
-2.2836 -1.0338
-2.8604 -10.0857
-5.8167 -3.1254
-0.9960 6.8723
-5.7939 1.6622
2.6755 6.4856
-9.3875 -2.3586
-9.3839 -10.3568
1.4495 6.4426
-3.6585 -11.2588
-3.4390 0.3566
6.3546 -3.2613
6.2638 -0.6452
-10.7006 -10.1591
0.9822 6.6908
-1.5977 -2.8530
-3.0870 -5.5326
-3.8454 -2.3292
-2.8019 -5.3780
2.7345 -3.8791
-9.0318 -1.2220
6.5950 -3.7948
6.5675 2.6583
-3.6716 -2.6260
6.8065 -11.5958
-9.8397 -7.8364
-3.7130 -10.9916
6.3457 -9.8885
-8.9317 -9.4227
-4.1006 -1.9206
-9.4860 -8.9420
-3.9596 -2.7435
-5.4981 -8.1116
-4.2008 -3.6793
6.8258 -1.9095
-9.6729 -3.9392
6.4192 -9.3335
6.4549 -11.3685
2.6494 -2.6898
-2.8621 -9.8284
-1.8912 -6.0865
-4.5024 6.6070
-3.5723 6.7984
-5.0231 6.4127
-4.3994 2.6588
-8.6625 -8.4724
-7.5800 -3.9995
-2.2993 -2.9043
-9.5061 2.6526
-7.8299 2.6399
-4.5697 2.7336
-9.3562 0.2241
6.6060 6.4570
-2.0114 1.4040
-2.9437 -3.4470
-11.3950 6.3882
-3.3231 2.5630
-2.2250 -8.8702
6.6007 -2.6667
0.2477 6.5241
-5.7137 -9.1650
-7.7030 -11.7456
6.3729 6.4832
-9.8003 -4.5426
-11.5761 -3.1523
-0.7079 -1.3696
6.7874 -3.4434
-0.5590 6.5411
-2.7386 -3.2476
6.4372 6.7194
6.4224 1.0914
-1.4739 2.5955
-5.9109 -10.2560
-5.9118 0.7432
-10.0639 -2.1501
-9.7490 6.2698
-5.2854 -10.3886
-3.2378 -9.8425
-4.2067 2.6313
-12.0820 -4.7508
-9.8046 -3.9749
-0.8061 -4.2162
2.5800 6.6532
-2.8124 -4.1445
-9.0589 1.1081
6.5191 -2.4379
-9.1895 -4.6509
6.5848 6.2932
-12.4040 -10.4254
-11.3767 2.5954
-1.6822 6.5939
1.2531 2.7352
6.4425 -4.3108
-9.0695 -4.9891
2.5457 0.0698
-10.4344 -3.7914
6.8228 -2.6664
-8.1185 -8.7747
6.7931 -0.5368
2.6915 -4.2310
6.3421 -11.6703
-3.1210 6.8678
6.5481 -2.5480
-9.5928 -2.5263
6.7104 -0.3147
-2.0753 6.3325
-4.2987 -3.1732
-1.6899 -10.4749
-4.1020 -2.7367
-1.9005 -2.8995
-4.3472 -1.1650
-3.5180 -7.0928
0.3763 0.0324
-8.9810 -3.6362
-9.5894 0.0446
-11.0549 -0.3915
-10.6049 -9.2592
-1.4360 -2.3840
2.6792 2.6741
-10.0267 -10.4642
-8.9889 -3.6453
6.2728 6.7033
1.4854 -1.3377
2.6050 -1.6604
-9.0789 -10.1125
6.7420 -1.5990
-2.9021 -2.2949
-5.5550 -1.5744
6.3175 -5.6995
6.6480 6.3925
-9.7129 2.6137
-9.4638 -9.6694
6.7406 6.4260
-9.9963 6.6686
-4.7397 -0.1857
6.4711 6.4036
-5.0141 -2.4246
-3.8896 -10.5826
6.6526 -2.7157
-1.9366 -2.8966
-3.9114 6.4080
6.6982 -0.0372
6.2589 -3.6126
-0.8742 6.8067
-8.9535 -3.2998
-0.4012 6.2944
0.1170 -5.6318
-1.4940 2.7058
-8.7976 -4.2514
-2.3687 6.3013
-4.7773 -1.9021
-3.2201 -2.4373
-3.5638 -2.2609
-4.9962 -2.5521
6.5327 2.6299
-1.2788 -10.8723
2.2263 -9.9938
-4.8479 6.3057
-11.3536 2.6193
-3.9169 -8.9509
-3.9509 -4.6624
-1.4514 -2.3973
6.2215 6.5715
-10.4961 -9.9699
6.7612 -8.7122
2.6027 -2.5825
-2.9698 -2.0791
6.5853 2.6351
-10.3336 0.8515
6.6007 2.7765
-1.8886 -9.3388
-10.5285 -9.9161
-3.3586 6.8775
6.2432 -5.9088
-11.1939 6.3605
2.6246 6.5898
-8.8325 -3.5705
6.5890 -6.3013
6.6373 -9.8374
2.6061 -5.0739
2.6534 -5.4819
-5.3676 -5.1891
-0.6840 -5.0975
6.2785 -5.9944
-4.8033 -10.1183
-4.2180 -2.4436
6.8435 -2.7081
-9.6840 -1.8190
-10.0434 -0.9383
-3.5056 0.8967
-8.0932 -4.7961
6.7676 -11.5515
6.5821 -3.3890
-10.7590 2.6005
-1.5546 -1.0070
-10.1506 6.9661
-5.1980 -3.3208
-0.3283 -9.0229
6.5831 -3.7960
-3.0467 -0.9147
-11.2754 7.0311
-2.0155 -9.9137
0.4865 -3.2066
-4.3711 6.3689
-5.0167 6.8831
-1.8553 -2.7405
-8.5755 -1.6311
-4.6359 -3.3538
-3.0992 -8.6620
7.0836 -10.0564
-11.1640 -8.7337
-9.6245 0.2881
-3.0068 6.8399
-6.7552 -12.0707
-9.3929 -11.1882
-4.0604 -9.9828
-4.7982 -5.3702
2.6965 -4.2715
2.6866 -4.9354
6.3287 -10.0235
-2.9703 -2.4665
-11.9237 -9.9077
-4.0901 6.4872
-5.4479 -3.4777
-4.9174 2.7167
-9.0915 -3.0655
0.7258 -4.8052
-11.0180 -2.4769
-7.3566 -9.1813
-3.9786 -3.9014
-3.9923 0.1103
-9.2047 6.3411
-4.0449 -2.8684
2.7749 -2.5326
-3.3653 -2.5372
-2.5727 6.9306
-4.5871 -3.8171
-1.0177 -4.0380
6.5523 2.6143
-11.2896 -7.9915
-5.1008 6.4077
-1.6185 -10.8230
-9.8529 -7.3722
-9.0710 6.5255
-3.6427 -9.5290
6.4272 2.9754
-10.1715 -4.0233
-11.9518 0.4817
-9.8777 -2.2127
-10.1937 -10.3467
6.7112 -8.4455
-2.5574 2.6035
-9.2659 -7.9725
6.5937 -10.5620
-12.3249 6.6142
-9.1190 -9.0611
2.7452 6.6367
2.6205 6.7123
6.9381 -4.7352
6.7581 2.6867
6.4925 -5.3505
-12.1320 -2.8439
-3.0798 6.6585
2.6869 -8.8894
6.5070 -3.7377
-3.5404 6.5362
-9.4662 -4.4872
-5.0665 2.4744
-3.6851 6.7173
6.5958 -4.7458
0.8818 -5.0123
-2.3359 -9.9202
-2.9272 2.6159
-8.6012 -5.0213
-10.5882 -2.6747
-3.4743 -4.7636
-1.0493 -9.4480
0.7328 6.3589
0.2223 -4.0160
2.5942 -4.1130
-0.2528 6.6083
-2.5354 -10.0141
6.9266 -10.0583
-1.9256 -3.0812
-3.4706 0.4967
-2.4115 6.7388
6.2743 2.6020
6.2427 -3.9152
6.4365 -3.6734
-9.6438 6.2558
-3.9794 -9.8768
-1.7101 -1.9617
-9.1480 -3.8595
-8.8467 6.6230
-2.6467 1.6586
-0.7580 -5.0497
6.7023 -2.7895
2.5854 -9.6901
-4.5269 6.8086
-5.0293 -1.6547
2.6433 6.7919
-10.3265 2.5735
-3.3434 2.7419
-4.0240 6.3100
-4.5471 -10.2258
-2.9197 -0.6225
-1.0633 -11.9305
-0.3763 6.5570
-3.8636 2.5292
-1.7550 -1.9880
-1.5507 6.2418
6.5162 -2.8086
2.6502 -5.3027
6.5076 6.3190
6.4150 2.6502
-10.3783 -0.4539
3.6423 -2.6029
-2.6838 -9.1407
6.6622 -5.4243
-1.4850 2.5669
6.4738 -10.6547
-0.9709 -0.0644
-8.3427 -2.1745
-6.5923 -2.1028
-2.7733 -3.2989
-1.5715 -3.6838
-1.3699 -10.5747
6.7996 -4.8858
-5.1147 -2.7672
-2.4396 -1.2547
-9.3809 -3.6359
2.7262 -10.5122
2.5507 -10.5360
2.6599 -1.5146
-9.6128 6.7306
6.4100 2.6327
-4.6626 -8.4815
-0.5551 -0.9317
-4.5736 2.7687
-8.8780 -1.1302
-4.0238 -10.5626
-10.7405 1.4545
-3.3405 -2.5423
6.4063 -3.7637
2.7549 2.5782
-4.5387 6.7140
-4.6041 -3.3184
-1.2026 -10.0529
-10.1022 -1.7531
-3.8453 2.2716
-5.0862 -10.8908
-4.1825 -6.0949
2.6203 -2.3408
-2.0197 2.5680
-4.3498 -3.4027
2.7144 6.5461
-3.2382 -3.9436
-6.2225 2.1039
0.1257 -1.6666
2.5833 -2.5217
-8.0199 -2.7742
-3.4003 -4.8579
-0.3064 6.4195
-2.7604 2.6893
-2.0389 6.4625
7.0241 -0.1513
-4.4171 0.7505
2.6495 2.6692
-10.7313 -2.8185
-11.4433 -10.4878
-2.2937 -11.2087
-4.1457 2.6601
6.6665 -1.6687
-2.4435 -10.2600
-4.1250 1.1665
-4.2041 -1.4648
-3.4660 -2.2243
-10.6233 -2.5424
-8.5723 -8.2611
0.3736 2.7341
-3.1041 6.7469
-10.4868 -2.1951
6.2714 -4.6892
-10.5938 6.8479
-4.4443 -9.8885
6.3331 6.5945
-6.5586 -8.8178
-1.8502 0.2735
2.6804 -9.4338
6.5352 -0.6963
-2.1861 -2.2148
-9.2769 -2.0427
-11.6878 -3.6935
-4.3885 -3.9669
-11.0572 -9.6092
6.5734 -2.6087
-2.0931 -11.1481
6.1940 2.6419
-2.2177 -4.7796
-3.1866 1.0336
6.5501 -4.8201
-2.4697 4.0072
-1.0944 -2.2622
-10.1428 6.1133
-4.5315 6.8785
-9.1151 6.4261
-3.5810 6.7206
2.6337 6.2936
6.1550 -0.2211
-4.1964 6.4093
-2.5868 3.7318
-10.1155 2.6298
-1.6134 6.7215
-7.4477 7.0064
-3.2393 -2.2591
6.6576 6.3914
-5.0125 -10.5626
-6.3013 -1.6137
-2.5941 2.6149
6.5702 -9.2358
-1.5274 -8.9290
-3.0371 6.1578
-1.6901 -9.9137
-10.7540 -3.9166
-8.7022 -4.7661
-2.5494 -8.8797
-3.7323 -10.1503
6.6516 -9.3465
-4.2308 -10.2731
-4.9313 -10.6078
-9.6026 -7.9095
-9.3979 -5.0166
2.6795 2.6619
-9.5322 -9.1360
-1.1256 -6.7245
-3.7978 -5.5545
2.6550 6.8309
6.4586 6.5902
-3.9886 -0.3467
2.5949 -11.7632
-4.3187 6.5040
6.5325 -3.4369
-10.3659 -9.4911
-2.3864 -2.8682
-5.1539 6.6542
-3.8067 -6.3900
-2.2557 -10.5556
-1.4615 6.6468
-9.4424 -5.5607
-4.5201 2.6401
6.8050 -4.5001
6.4199 -2.3105
2.7140 6.5751
-3.0194 -3.5554
-10.8504 6.7896
0.8510 -8.3751
6.6048 -8.8731
-10.4378 -9.9796
-10.2667 6.9045
-2.0101 -0.2403
-9.6937 2.3478
-4.0236 -2.3539
2.6361 6.3398
-10.3836 -4.0954
-1.2851 -9.7331
-2.3191 -2.4423
-8.0114 6.7017
-10.9869 -4.0815
2.6560 -9.1565
-4.2676 6.6229
-8.8600 -3.7712
-2.1563 -2.1696
2.5844 6.7648
-3.3227 -8.9797
-11.4642 1.6039
0.1423 -2.5781
-9.4136 -9.9593
6.6742 6.5992
-2.9381 -1.5855
-2.6302 6.7913
-7.7993 -10.8183
6.4581 -1.3278
6.4228 -9.0988
-2.6375 6.3392
-9.5723 -8.1135
-3.6398 2.5876
6.8689 2.6269
-4.1677 2.5849
-1.8797 2.7141
-7.8036 -9.3817
-8.4467 -10.6475
-4.2705 -3.3831
2.6178 -3.6078
-10.1557 6.5643
-5.5566 6.2786
2.6456 -10.5785
6.3817 -9.5009
-3.3075 -10.9641
2.7374 6.5504
-9.5683 -10.9366
6.3651 -2.1803
6.5047 0.8038
3.4836 -0.3588
-0.3118 -10.4815
6.4921 -4.3742
-3.5239 -3.4207
-9.6223 6.4127
-11.2094 -1.7955
-6.0372 -8.6104
-7.1997 -10.2991
-9.9731 -8.9807
-7.6001 -1.9877
-10.8618 -4.4977
2.5501 -10.3880
-9.8526 -2.2101
-9.5331 -10.7148
6.7151 -2.8862
-10.7322 6.4483
2.6667 -1.8541
-8.5047 2.9635
2.7394 -2.8172
-0.6955 -10.7325
-3.5031 6.4702
-3.9759 -7.8751
-9.6302 -3.9573
6.1380 2.6867
6.7020 2.5877
6.7372 -3.4698
-2.9787 2.8577
-3.9121 2.7564
-0.8602 -11.5671
-10.8169 6.5316
-11.8348 6.4336
-1.6686 -1.1603
-2.5194 -4.5889
6.3455 -4.0529
6.8022 6.8060
-0.8871 -9.4409
-4.5555 2.6516
-1.2971 2.5910
-10.8764 -7.7041
6.5355 -3.3486
-10.3158 0.9093
-0.2301 -2.6608
-3.2881 -3.9829
-2.7908 -9.4480
6.6223 -2.2388
6.5233 -7.7269
-3.5835 -2.8556
6.7388 -2.3652
-4.0539 -10.2261
-1.7610 -10.4630
0.4116 2.6296
-4.6783 -2.8915
6.2058 -3.1712
-8.3021 -3.3006
-3.1661 6.7262
2.6516 6.7884
-3.1479 -9.8020
-1.3195 1.0536
-4.6492 -1.1116
0.9868 -11.6140
-4.0821 6.5663
-11.2951 -9.6973
-2.7335 -4.6883
-4.3079 1.0340
-9.5419 -3.7159
-10.1301 -9.2395
6.5130 -2.2254
-3.9299 -9.6309
-3.5929 -10.1709
-4.5980 -2.8954
6.3636 2.7211
-10.4198 -2.9927
-5.0586 -10.1653
-8.2937 2.6858
-9.4758 -10.0053
0.2653 -3.5270
-9.4828 -11.7991
-3.8530 2.6839
-3.0420 -2.7588
-8.8961 6.7577
-9.9227 -9.2362
-3.2073 6.8753
6.9373 2.6688
-2.8494 -4.8950
-9.9979 6.8454
-1.1046 -11.1015
-12.2447 -1.6508
-0.4249 1.3857
-10.0555 -5.2363
-9.3640 2.6691
-2.8815 6.5760
6.9318 -3.4790
-3.7228 -4.3838
-8.9991 6.5225
-11.2648 -9.8888
-8.5673 -12.0635
-1.4148 -8.8499
2.6594 2.6570
-4.9761 -10.1338
7.0522 0.7200
-8.3986 -2.7018
-10.2027 -3.4824
-3.1324 6.4728
-3.8285 -5.7038
2.7660 2.7193
-1.6818 6.0963
-11.4112 -2.2321
-1.4983 6.7836
-5.4817 -3.9067
-3.6908 -4.7012
-9.6511 -1.7736
-5.9426 -2.7804
-3.8782 3.0521
-0.5103 3.8197
6.1268 -4.8768
6.7766 -2.6529
-8.7488 2.6277
0.7143 2.6222
6.5673 -3.3166
6.7881 -1.4225
-3.3112 2.6457
-6.5601 -9.3483
-1.6359 -10.1231
-0.7410 6.5299
-11.3953 2.0354
-1.4791 -1.1494
6.5782 2.6079
6.4239 -4.0260
1.4473 -2.5576
-8.4513 6.4712
2.7172 -4.2879
-4.3025 -3.1194
-1.1966 6.5638
-10.0920 6.9366
0.0103 -10.8548
-0.7080 -12.0163
-5.1213 -9.2905
-9.7054 -10.0281
-1.5691 -1.6330
-2.0601 2.7121
-5.1944 -3.3112
-4.8435 2.6770
2.5850 -2.9684
-3.5792 -3.5940
6.2772 2.7510
-4.5571 -1.7801
-10.2893 7.0715
-10.4273 -4.7695
-3.9330 6.6820
2.6215 2.8380
6.3763 -8.8737
-1.6767 -3.5856
-12.2408 1.0272
6.7957 -10.0830
-2.6993 -5.8393
6.6229 -3.8026
-9.2380 -10.4121
-11.0344 -10.0364
-4.0036 6.4547
-2.0130 -3.3040
2.6021 -3.0724
-2.5257 -0.0282
2.6874 -6.5857
-2.2800 -1.6248
6.6798 -5.2074
6.9578 6.4123
-5.1250 -1.7029
0.4250 -1.0798
0.5962 -5.9168
-9.9737 -3.0454
-9.3213 -8.4658
-10.0793 6.4360
6.3449 2.6208
-3.6915 -9.6082
-7.7433 -10.3443
6.3767 2.6596
-2.6986 -10.6145
2.5939 -3.9689
-4.2855 -10.6972
-8.5487 -10.1598
6.5390 -9.6498
-6.0044 -11.3840
6.2207 -8.9141
-7.9505 2.6253
-3.9671 1.2676
-3.2172 -12.5084
1.5060 -4.1064
-3.2833 -2.8339
-10.3444 -10.9118
-1.5014 2.7330
-10.5566 -9.3722
6.4733 -2.4838
-10.8419 -1.8500
-9.6387 0.3851
6.1269 6.7844
6.6637 -9.3128
-10.3281 -2.7873
6.8434 -0.7957
-3.5941 -11.1365
2.6310 -2.0324
-1.0974 2.6563
6.6394 -2.2778
-9.6874 6.6908
-2.8463 2.5446
2.6480 6.4600
-2.2655 6.7373
6.8240 6.5525
-9.8795 0.9218
-2.2177 6.6881
-5.1309 -7.8804
6.6063 -10.8951
-1.0316 -3.3706
2.6656 -9.0179
2.6116 -10.0821
-10.5861 -3.7396
-3.2831 -9.5959
-10.3700 -2.8535
-9.4896 -4.7468
-4.5787 -5.1253
-0.6379 -2.7069
-4.0373 6.7165
2.9039 -8.4036
-4.3130 -9.6914
2.7166 -8.6030
-8.2181 3.3471
6.7007 -10.3229
6.7619 2.5432
-4.4371 -3.5061
6.7422 -4.3833
-8.9949 -4.8214
-4.1382 -2.2672
2.6602 -3.8367
-9.3218 6.5467
-4.0055 -11.4443
-4.3973 -8.0300
-3.2986 -8.6128
6.8153 6.5398
6.4107 -9.0204
6.5749 2.6440
2.6223 -2.6949
-1.9244 2.5688
-5.0705 -1.3170
6.7731 6.2075
-9.7412 6.2977
-2.6272 -8.1545
6.8305 -3.8995
-1.7176 -9.4777
6.3380 6.4715
-10.2022 -2.7284
6.5790 6.3928
6.3377 6.4786
6.7018 -10.8647
-10.3336 2.7423
-2.9116 -7.7403
-2.8595 -11.5567
2.6232 6.9977
-2.9482 -8.0551
-1.5942 -11.3854
2.5961 -2.8006
-3.3237 -8.9444
-2.8378 2.5581
-11.0562 -2.3464
-3.7996 -1.5773
-8.7287 6.9253
2.7151 2.7042
7.0302 6.6554
4.7042 2.5557
6.8624 -8.4016
-9.5171 -11.2879
2.7010 0.4045
-9.3695 6.4280
-2.6146 2.5911
-3.0719 6.5418
-4.0284 -9.8188
2.6681 -1.0511
-1.6513 2.5046
-8.3834 -4.4112
-2.3031 2.6017
-1.4032 -1.5646
6.6134 2.6584
-5.3595 -2.0328
-9.6699 -10.1537
-3.4952 -9.7113
-1.3734 -4.7071
-10.4154 -5.6583
-4.2944 -2.6138
-1.7405 -2.7623
-2.6002 -8.4339
-10.1979 2.6799
-4.2561 -0.5416
-4.0207 -3.3333
-3.3802 -2.1900
2.6554 -2.7313
6.5397 6.7588
2.5922 0.8042
6.5484 -8.2286
-2.1101 -8.8814
-10.8544 -1.8029
-4.9696 -10.6267
-3.6978 -2.7059
-1.7502 -1.3806
-1.7797 -0.9621
0.4060 2.5445
-4.4497 2.7096
2.6704 6.7057
2.6538 2.5810
-9.6473 6.5880
-11.4298 -3.2830
6.6192 2.6572
1.8613 6.4734
-8.8430 -10.2646
6.4487 -2.8656
-1.7945 6.5134
-1.2251 -4.2103
2.6326 -3.7417
-10.8726 -3.2765
-4.3774 6.4213
-3.6728 -1.0885
-4.9892 -4.0175
-10.4174 2.6129
6.6620 -9.9422
6.6944 -9.4816
-8.2208 -9.7354
-2.4337 -1.9834
-3.7460 -3.5215
-9.8693 -1.6184
6.5064 -8.7366
-2.4853 -3.9518
-3.3240 -1.8322
0.1895 -5.3948
-0.2262 6.6178
-9.6838 6.4844
-3.0435 -2.3258
-4.0293 -2.8923
-0.5281 6.5725
-9.5613 -0.8592
-0.5401 6.7858
-9.4515 6.4490
6.5403 -9.6082
-11.1313 6.8246
-9.1618 -3.4606
-2.6140 -3.8657
-4.2141 2.5567
-2.0595 -2.8026
-0.0997 -0.8737
6.5378 -5.0028
-4.0699 -4.1169
-4.6867 -8.6602
-9.7727 -3.2809
-4.1416 6.5916
2.7698 -3.6510
-4.4839 5.0610
-10.3979 -7.2510
-10.4713 0.2967
-9.2150 -0.1031
-2.0307 2.5681
6.3527 -4.4525
-4.6262 2.5816
-8.2844 -1.7572
-0.8607 -10.1954
-0.6346 6.9259
-2.2853 -2.7686
-9.8004 -2.2569
6.7810 -8.2185
-3.0524 2.7372
-2.2302 6.4323
-2.7651 -4.0680
-5.6434 -0.8699
-12.3286 6.5016
-9.3935 6.3079
-3.1937 6.7223
-11.0002 2.6493
-4.8910 -3.0544
2.6338 -2.7564
-9.2876 2.5841
6.4114 -1.7485
-4.1733 0.4556
-1.3761 -0.9726
-9.1670 -2.5019
-4.0968 2.6514
-10.7266 -1.9260
-9.8208 -0.9973
0.9760 6.5746
-2.1289 -5.3524
-10.2415 -4.2554
2.6398 -4.7382
6.4098 -3.3234
-3.5262 -9.6861
6.3594 -4.9592
-3.0437 -9.0288
-2.3857 -1.3536
-10.0729 -10.3857
-11.8511 6.3038
6.6522 -9.3117
-10.6173 -9.6852
6.7869 -2.9004
-9.0645 -2.6797
-10.1749 6.6717
-4.1234 6.4067
-3.5029 -1.5242
-9.4645 -9.9707
-2.0082 6.6332
-4.4318 2.6563
-2.2273 -3.4830
-8.4910 -6.4593
-1.0870 2.6460
-3.5152 -8.4325
-1.5747 -1.4753
-3.1055 -3.8361
-9.0897 -10.6489
-8.8987 6.7851
-0.0760 -2.7817
2.5775 -6.0487
-10.3365 6.3230
2.6434 -4.5430
-1.3256 -3.1972
6.8251 6.5693
7.0280 2.6895
-1.9050 -1.2297
-1.9122 -4.1021
-1.9035 -10.5800
-5.1436 -2.9816
6.8512 6.4868
6.6223 -1.7796
-4.2948 -5.1024
-10.5904 6.5386
-2.1239 6.5126
-4.1564 -1.8408
-4.5481 6.4615
-3.5595 -4.5398
-0.6592 -0.9665
-9.4353 -10.9463
-1.6159 6.3908
-9.9022 -9.4380
-0.8838 2.6502
-1.4782 -2.4878
-4.3879 -11.2638
-0.9957 -10.9284
2.3194 -10.2243
-1.7262 -3.1272
-3.4119 2.6870
-1.5381 4.5522
6.4593 -10.4585
-2.1877 -1.7341
1.3322 -5.0152
-4.2577 -9.3814
2.6635 -2.9875
-1.8681 -0.9597
-9.4238 6.3872
-9.9643 -5.2339
-1.5269 -3.3484
6.3093 6.6314
0.0236 -3.6016
6.8856 -2.7638
-4.3570 -4.7427
-8.7797 -2.0582
6.5978 -2.4445
6.4072 -2.0139
6.3806 -4.8703
-9.8348 -3.0055
-8.9265 -0.4952
-4.0478 6.6956
-10.9826 -3.2739
2.6606 6.6992
-8.5304 -0.7154
-5.4892 -5.2421
6.7248 -8.1597
5.2761 2.6428
-9.1326 -4.4314
-5.5378 6.3990
-2.2340 -1.9594
-2.4098 6.6238
-10.0831 -9.8300
6.3305 -9.1638
-0.9154 6.9352
-3.6003 -3.0523
-5.8408 2.6669
6.5431 6.8333
-9.9947 -10.1052
-8.7757 -1.4733
-3.8500 -3.5118
-5.9284 -0.7198
6.6446 6.7191
2.6267 -7.9605
-9.5581 -8.7472
-2.0900 -3.6215
-2.5020 -2.0104
-4.0237 6.5010
-10.9700 -4.8394
-11.1874 2.7118
6.8395 6.6363
-10.4604 -10.5714
-3.8647 6.7487
6.5170 2.5765
-4.9342 -12.1265
-0.9257 -4.8700
0.0182 -2.1647
-9.6857 -3.3170
-8.8202 -0.6331
-5.2115 0.3211
-1.2304 -2.1625
1.1655 -2.0893
-2.2404 6.4761
0.0644 -8.9822
-9.5857 -3.3267
6.5833 -10.7618
6.3498 -5.3592
-9.2960 6.6368
6.1658 -0.9051
-0.3014 2.6644
-9.6162 -4.1672
6.8814 -0.1411
6.4622 -11.0585
-3.5460 -7.6587
1.3442 -10.1408
-2.5883 -4.3308
6.5420 -3.6815
-4.6668 -3.5676
-9.6520 -2.1082
-4.0323 -10.9874
-1.7702 2.7173
6.1013 -6.3911
2.4261 2.6880
-2.7173 2.6885
-4.9982 6.5250
-0.0910 6.7409
-3.8448 -5.7790
-2.7018 6.2694
-9.4418 -4.5807
-4.4662 -4.5950
-2.3877 -5.1991
6.6539 -2.2656
-3.0891 2.6652
6.6788 -10.2377
-8.8936 -8.9620
-3.1982 -10.4821
-0.8027 2.6585
-1.5502 -10.3519
-9.9717 -9.1716
-9.2663 6.5561
-8.9641 -0.3056
6.6164 -7.7593
-10.4717 -3.1863
-4.7996 2.6243
-4.2877 -10.8219
-9.8971 -9.7393
6.8023 6.5498
6.2853 6.5555
-9.0451 -10.5620
6.5287 -3.3320
-1.7173 -6.3834
-4.9891 -2.5284
-3.6623 6.6926
-9.5964 -2.9676
1.4054 6.5427
-1.3078 -5.6046
-1.4170 6.9419
6.5056 -4.2864
-1.7672 -10.6456
6.4799 -10.3651
-8.1785 -11.1022
-0.8253 -6.1103
-2.8924 -3.2544
-4.4766 -0.0047
-1.7424 -2.1616
2.6639 -2.9420
-0.5437 -3.9890
-9.7620 2.6855
-9.2328 -2.4476
6.1927 6.8256
6.4624 0.4940
-4.4298 -11.0489
-3.7687 -2.1804
6.4040 -2.3164
-4.3635 -0.7102
-9.6656 -9.8581
-3.6398 -4.2160
-9.2936 -9.4204
-3.9514 6.5826
-1.1810 -7.6120
-8.1743 -9.4676
-9.6446 -1.4775
-9.8069 -3.2130
-4.7507 -9.6691
-1.6272 2.6391
2.6483 6.6466
-8.2977 -2.7448
-5.0746 -5.6246
6.5753 6.4539
-0.9986 -9.7106
-8.6249 -7.4608
-4.5573 -1.4239
-1.8091 2.7614
6.9020 6.3944
6.6325 -4.0276
-2.4186 -3.3521
-8.0029 -8.8715
-9.2849 -0.7528
-8.7645 6.3137
0.6970 6.4349
-1.1545 -3.2959
-2.6039 -11.0883
-10.3037 -8.9602
-2.3894 2.6897
-8.6386 -2.2559
-11.9000 6.2915
6.7414 -3.1419
0.5359 -10.4659
0.4109 -9.8500
-2.4903 2.7112
-5.4613 -10.8162
6.6577 -3.6845
-5.4671 -8.8888
-2.0461 6.3121
2.6003 2.6894
-1.2103 2.7116
-10.0662 -3.6625
-1.6583 -8.3301
-2.3887 -8.4543
2.6644 -4.7239
-2.8502 -10.0511
-8.7502 -4.7317
-9.8149 -2.6837
2.6125 6.8553
-2.9381 -1.7923
-3.5890 -9.6406
6.6757 2.6773
2.6446 2.6699
-2.9887 6.5079
-2.6168 -6.3163
-10.6039 -3.8766
-2.8997 -9.9510
-1.5598 -3.3362
6.3103 -10.4482
2.6706 6.2825
-2.2507 -0.4590
-5.5946 -8.5030
-4.1577 -9.4630
-2.4083 -5.1788
-2.1229 -3.9901
2.6602 -3.8606
-3.5627 -3.4021
-3.6223 2.6434
-2.3426 -8.6721
-4.2165 -3.1703
-0.5549 -9.3469
6.4595 -6.3991
2.6749 -2.1437
-4.8198 -4.4558
-9.0545 -9.7995
-3.9741 2.5678
-8.4646 -0.0978
6.8925 6.4664
-4.0874 -7.5993
-10.6339 2.2354
-11.5962 6.5970
-10.1832 2.6603
2.7088 -8.3836
-2.8610 -1.0646
-1.2404 6.6213
-4.8749 -1.9960
-2.8850 2.7617
6.5187 -8.9335
-9.9467 6.5434
6.7287 -5.3118
-1.5989 -10.5024
-4.2684 1.1909
-2.3501 2.7002
-0.3969 -1.2310
-3.5044 6.5054
-5.0898 6.4447
-9.0553 1.3623
-8.2581 2.7104
-7.7882 -8.8831
-4.0266 6.5967
-9.1476 -3.7608
2.6971 -10.0747
-3.1316 -3.2801
-2.4261 3.2692
-11.4153 -2.7455
-2.2829 2.1196
6.9282 -11.2786
0.6629 6.5012
6.5452 -3.9639
6.4191 -3.2521
6.4190 6.3698
-3.6477 -9.5882
-3.2116 2.6554
-4.5873 6.4342
6.4472 6.7402
-1.2778 -0.9495
-1.6855 -4.1227
-0.8997 2.7038
0.1017 -9.8831
6.7547 -3.3214
-1.8260 -11.2023
-11.7847 -1.5391
1.7921 -6.7970
-5.9227 6.5404
-3.4966 7.0524
2.6670 -2.3734
-4.4779 2.5913
-0.9899 -2.5961
-5.1991 -9.8973
-7.8829 -10.5971
-9.4163 -5.1493
-11.2383 6.5899
-9.7464 -4.5530
6.3192 -4.0492
-11.1588 2.5560
-2.7428 -9.2270
2.7580 -9.8106
-9.7110 6.5431
-4.7477 -2.5592
2.7081 -5.3183
-4.2948 6.5421
-1.9431 -3.6621
-4.5895 -8.9358
6.4572 -4.3096
2.6490 6.4765
-5.4478 -2.9995
-9.2851 -9.7524
-1.8857 6.5774
-3.3185 6.8531
2.6956 -10.5509
2.6926 -3.6487
-2.5892 -10.6232
0.1067 6.6071
6.5888 -1.1343
-3.6867 -3.7055
6.1603 6.6026
-2.4113 6.2931
-7.7982 6.7537
-10.8624 6.0835
-10.4120 -4.4023
-3.7145 2.6390
-8.7415 2.6665
6.2865 -2.6662
2.6753 2.7036
-9.4865 -3.2248
-7.5846 -4.5877
2.6339 -11.0134
-0.1541 -5.2561
6.7591 6.5313
-9.6747 -3.4189
-3.6068 6.4924
-9.0176 6.9732
-10.8636 -2.3699
-5.7179 3.3372
-3.5637 6.4524
-4.5367 -3.7570
-3.4710 -9.8382
-9.8767 -5.7154
-2.6339 -8.2842
2.6306 -2.5147
2.6883 -3.9744
-1.8900 -6.2390
-10.0661 -3.5861
-1.6148 -3.8913
-2.9838 -1.6309
2.5884 6.2327
0.1059 -8.6326
-2.8142 -10.1591
-4.7589 6.5869
-10.6043 6.7273
2.6428 -9.0080
-1.7941 -2.2834
-4.2123 -10.3146
2.7035 -5.1134
-1.4524 -10.7935
-3.3161 -1.6003
-4.4309 6.3106
-2.1019 -11.7313
-2.0006 -9.6123
6.2967 -11.6275
0.2419 -2.5622
1.4246 -1.7014
6.5477 1.0755
-2.8578 -9.1983
0.3555 -9.9046
-3.1540 -3.9479
-5.5922 -0.7896
-3.2400 -1.5139
-1.8020 -3.7058
-11.1384 -3.7220
-2.5827 -9.0365
2.6271 2.7049
-4.2345 -4.1259
-3.0727 -9.8129
-2.2374 -3.0886
6.5049 -0.4009
2.5959 1.7701
6.6560 -3.2825
-4.0193 2.7441
-0.5950 2.7323
6.5522 -9.6895
-9.9060 0.7233
-11.4523 -2.9186
2.5786 -2.4373
-11.2917 -9.1997
1.7253 -5.0844
-9.2830 -4.8756
2.6959 -11.0491
6.4488 0.0726
-1.6619 1.7047
-10.6518 -0.6850
-3.6973 -9.8138
2.5866 -1.6347
-2.7684 -8.3295
-5.2080 -2.5031
-11.2108 -2.0011
-5.1464 -3.3959
-2.2092 6.8127
-2.2777 2.5434
-0.9677 6.4277
6.4529 2.7819
6.8320 6.4073
6.6939 -1.5558
-0.4133 7.1052
0.5238 -11.3115
2.6816 6.4171
6.8046 -4.2634
-1.2073 -0.8851
-9.4482 -3.1688
2.6309 -11.1394
-3.9223 -2.3316
2.6227 -3.5997
-3.4057 -4.3062
6.2602 -5.5966
6.5764 -9.7553
3.5996 2.6626
-3.4660 6.4731
-4.7185 2.5977
-2.3937 -0.9059
-9.3392 -4.1863
6.4193 -2.5871
-10.2683 6.5706
0.2185 0.0188
-3.1589 6.4920
-2.6343 -11.6169
-3.3007 1.1882
0.1448 -1.3664
-3.7217 -2.3505
2.6778 -0.9096
0.5178 -8.7115
-4.7338 -5.4544
-10.5747 6.8129
-1.3564 6.8010
-10.5363 6.3106
-2.3940 -2.3008
2.6327 -0.0150
-1.0200 6.5782
-9.9635 6.6602
-8.5280 6.5383
-2.9381 -3.2425
-3.5213 -8.1656
-9.8602 -3.2354
6.6423 1.4133
2.7391 -4.6645
-10.2447 -2.2663
6.5715 2.6327
-9.0429 -11.0171
-9.0610 -0.3347
2.6254 0.9110
6.1801 -9.4325
-10.2547 2.6247
-3.0254 -10.9554
-3.7806 2.6047
-9.7521 0.1704
-2.4119 -2.6829
6.2817 -10.3939
6.4951 -3.7140
-2.7897 2.5985
6.3238 -4.3271
6.7524 -0.1764
6.7661 6.4126
-8.9465 -3.7477
-9.5621 -9.7902
-2.4577 -3.3838
6.5462 -3.3594
-5.3496 -1.7948
6.8163 -2.3668
2.6402 -3.5272
-10.3479 2.6224
-3.0965 -1.6644
2.9101 2.7525
-5.6197 -0.4906
6.3958 6.3156
-2.6310 -11.0633
2.6657 -9.6287
-3.9795 -1.1858
6.4973 6.6307
6.7658 -2.8583
0.8781 -9.8716
6.6017 -3.6379
-10.7920 6.5028
2.7222 -5.1003
-2.4113 -3.2319
-3.8367 6.4668
-8.9292 -3.2652
-3.1636 -10.1045
-10.0106 6.1680
-3.8995 -3.2404
-1.9629 -9.8664
-5.3102 6.6804
-3.6282 -8.8599
-1.4242 -10.1934
-2.6055 -3.7186
-10.0198 -4.8277
6.4568 1.4339
6.5754 -9.5838
-9.7112 -4.4468
-1.4934 6.6332
1.9008 -3.5280
-3.3432 6.3849
-8.9233 -3.9842
-9.5676 -9.4682
2.5660 -2.6044
-2.3771 -9.0634
-11.3232 -7.6200
2.6516 -5.1695
-9.3687 -0.3812
-10.5556 -5.2401
6.4630 -0.6969
6.7421 6.3671
-0.8359 -1.9013
6.5593 -2.6680
6.5890 2.6803
6.5491 -10.8107
-2.9366 -8.6921
-3.2857 0.4221
-3.5183 -3.4502
-3.3869 -1.2768
-2.2726 6.3672
0.8901 -8.6255
-10.4153 -5.7219
2.6837 -9.3421
6.2102 6.6806
-4.5555 2.6959
-9.8861 -9.0937
6.8206 -4.7368
-9.1086 -9.2273
-2.8276 -4.7804
1.1160 -8.6315
-2.3659 -4.8214
2.5092 -2.0768
-5.0302 -9.6403
-2.3423 6.6782
-10.4204 6.3577
2.6191 1.6646
2.7086 -0.1067
-1.5879 -1.7820
-4.3479 6.2886
-9.6397 -9.8459
6.6303 -3.3037
-0.1453 -0.3220
-0.7703 -5.9061
-10.7815 -3.9616
-9.3013 -3.3862
-1.3756 -6.0290
-4.0644 6.4443
-4.5210 6.2725
-1.5696 -10.3235
-3.6412 -2.7033
0.9899 -6.2012
6.7245 2.5991
1.2994 -8.8090
6.2100 0.7130
-2.6057 6.7517
6.5517 6.5168
-4.5218 -1.8581
-3.9277 -10.4928
-3.8723 -3.3850
-10.2309 2.7244
-2.1775 6.4415
6.8443 6.5986
-4.6213 -3.3350
-9.5594 -10.4798
-2.5124 -10.6051
6.8772 -3.9926
-2.8611 -0.9129
-11.6196 0.3080
-11.1224 -4.4907
2.5679 -9.2272
3.6550 -4.3936
0.8804 -5.4800
6.4559 -8.8703
-1.2346 -3.8866
6.6758 6.7779
-3.3343 -3.0715
-5.8253 2.5755
-10.2077 -9.0581
-9.8196 -5.2768
2.5939 -4.1999
-8.8701 -0.5438
-2.4019 -10.2871
-4.4310 -2.6778
-9.5652 2.6750
-2.9461 -9.7016
-5.5183 -4.3601
-9.2550 -9.4284
-10.5530 -9.1864
-3.8875 6.8975
6.9063 6.5137
2.6942 -9.4500
-7.8682 -8.5159
-5.0409 -3.8053
-2.5743 6.4433
1.5192 6.5389
-1.9324 -8.3788
-1.8233 -6.1521
-8.4107 -9.7390
6.4080 -10.0771
-4.1040 -1.1774
-3.0596 -3.2314
-4.9035 -8.5423
-2.9871 -1.4435
-10.6649 -3.5892
-2.4939 6.4664
-2.3921 2.5808
-9.6200 -4.9850
-3.1019 6.6357
-2.9466 6.8904
-4.8019 -4.1842
6.5018 -9.9111
2.6693 -2.7304
-3.6392 -11.2825
2.7229 -1.0966
-10.8378 -2.6807
6.4221 -4.3454
-1.1021 -1.6836
-4.2443 -3.9808
6.6317 -3.4535
-9.0921 -3.7713
-2.1588 2.5932
-3.9323 2.6613
-11.1158 6.5309
-11.1309 2.6900
6.7663 -1.8506
6.4490 -8.8116
2.6539 -10.4883
6.6040 2.6467
-10.8312 6.6180
-2.3052 -2.0407
2.5645 -1.2502
-2.5321 -1.4324
6.8120 6.3328
-8.7825 6.7859
-4.3126 -12.0379
-10.5331 6.7949
0.8188 -3.3652
-4.0843 -5.4886
-9.5940 -5.9110
-1.2514 -11.2385
-0.3711 0.5777
-2.2707 2.6255
2.6078 -2.9983
-1.5974 6.4867
-10.7943 -4.8003
6.4005 -2.1901
-2.4433 -8.0212
-3.1062 -3.3757
-1.5256 -4.4405
6.7559 6.5377
-8.7797 -1.0024
6.8414 -0.2904
6.5713 6.6196
1.8210 -8.1995
2.6593 -9.1292
-9.7164 6.5712
-3.9190 -5.6258
-9.1851 0.2315
1.4348 -1.3234
-10.9311 2.6327
6.4780 -9.2841
-8.3297 -4.5567
-10.5493 -1.3577
-2.1415 -9.9691
-3.0478 6.8034
-3.1210 -11.6111
-4.8103 6.3821
-3.2282 -11.3491
-4.3967 -8.0659
-9.6974 -2.9921
-2.2155 -11.0415
-9.5826 -3.3002
-3.9081 -3.5413
-3.3804 -1.5989
6.8995 -3.2313
-3.7460 -10.5337
-0.4992 6.8927
-5.3262 -9.0760
-11.0003 -10.7771
-1.5050 -8.9801
-3.7487 -2.9643
6.2680 2.6081
-10.1029 2.6553
-5.2881 0.8257
6.9308 -3.5031
-3.3810 -3.8351
-10.7740 -2.8926
-0.0818 -8.2565
-3.5285 6.9810
-7.1113 6.2941
-2.1409 -12.0856
-9.4528 6.3795
-10.2450 -8.6726
-3.1535 -2.0614
-10.4446 -2.4503
-9.4600 -4.5374
-1.5134 2.6792
-4.3546 -7.7475
6.4213 -9.9087
-3.4809 -10.6616
-9.2453 -2.4378
-0.1425 -2.3820
-10.8416 -2.3091
-3.8357 -1.0585
-4.4487 2.6001
6.4944 -4.9850
4.3019 -5.8303
-1.3784 -4.0667
-3.7312 -4.2428
-3.5013 -6.4475
-3.6190 2.8004
6.0289 -11.0224
-4.3963 2.6244
-2.7102 -2.5350
-5.3101 -9.8341
-9.9569 6.5365
-8.6584 6.9816
6.5837 -10.9815
-1.8471 2.6807
-9.3344 6.4864
-3.1590 -2.9408
6.5127 -9.5067
2.6426 -6.2122
-9.6867 -9.1723
-1.5764 -9.8984
-0.5852 -6.5682
6.8580 -9.9757
-1.4914 -1.1693
-9.5196 -4.7419
-2.9278 -2.4340
-9.3345 -5.3801
0.4775 -3.0649
6.7948 -2.2819
-11.6629 2.6779
-8.7037 -1.5808
-10.2563 -4.3890
6.2883 -9.5166
6.3639 -11.3672
-10.5138 6.4763
-4.5303 -4.1536
6.6135 -9.2345
-10.6269 6.1774
-2.7714 -5.7835
1.9423 -8.9475
-2.5903 6.9631
-4.0218 -12.4270
-3.8461 6.3835
-10.5302 -10.7060
-8.9095 -3.1515
2.6410 -3.1965
-0.9820 2.6513
-4.0753 -8.4061
6.3001 2.6050
-4.5268 -1.6149
2.6314 -1.9190
6.4666 -1.9795
2.5779 -3.9619
-10.4558 -12.5374
7.0703 6.1477
-1.0362 6.6180
-9.2817 -2.8208
6.3729 -2.5423
2.6106 -3.3876
6.5700 6.6070
6.4352 -2.3363
-8.9619 2.7274
-11.6564 6.6222
-1.2080 6.8565
-4.8309 -8.7996
-3.3937 6.7150
-2.6264 6.7886
-6.3074 -9.9706
-7.8710 -4.8573
-11.2877 6.4184
2.6738 2.6457
0.6765 -9.5963
-1.6919 -2.6745
-3.3134 6.5982
-10.2052 2.5862
-2.6034 -10.7170
-9.5256 -6.3692
6.7564 -8.8754
6.3012 -3.5608
-3.4364 -11.4660
-10.5804 1.3741
-4.9920 6.6163
6.4956 6.7534
2.6043 6.6100
6.6316 6.2881
-3.5659 2.6471
-8.4713 -9.3895
-9.1700 -3.0057
2.5927 6.6366
-2.2126 6.4146
2.6111 0.1722
2.6609 -10.9733
2.7272 2.7625
-2.0719 -9.9048
-9.9182 2.6758
6.4671 -3.5250
6.3292 -2.9008
-0.0310 -9.7114
-9.5382 -3.2650
-0.5078 6.3939
-9.4471 2.5564
-10.1173 3.1012
-2.2695 -3.2403
2.5421 -3.3604
6.4535 6.1433
1.1670 6.6855
-9.0954 2.6014
-8.8684 -3.1203
6.3641 2.6565
-8.3062 -3.1251
2.7202 -10.4740
6.6480 -10.7121
-9.6953 -4.4584
-2.6256 2.6489
6.6181 -8.5339
-10.2900 -3.5294
-3.6226 2.5057
-5.0443 -3.3115
-2.4075 -4.4041
-3.1253 -2.5443
6.6711 -0.2129
6.6020 -3.9036
-1.6732 -3.9231
6.8408 -1.8410
-5.8585 -3.9256
2.5987 -2.2392
6.8298 -3.5899
6.6837 -3.5372
-10.2705 -5.7849
-10.0637 -9.9661
-9.4613 -2.7843
-9.4285 2.6064
-10.3816 -10.2160
-0.9204 2.6113
-9.7875 2.6483
2.5646 2.7334
6.4602 -9.6377
-4.6963 -4.7467
1.9739 6.6416
2.5752 -2.9928
6.6964 -5.3185
-0.7432 -10.5896
6.7474 -9.5890
-4.4708 6.6024
-9.6065 5.0750
2.6288 6.6816
2.6701 -2.0913
-2.2044 -10.8601
2.6486 6.4285
6.6823 -12.2311
-10.3324 6.2878
-3.2879 6.7468
6.6871 -10.2288
-8.9723 -1.4324
6.6146 -4.2350
-10.7364 6.3504
6.5002 0.1850
-3.0816 -8.3397
-2.7881 -3.4649
-2.3759 -3.2149
-2.4429 -3.0870
2.6867 6.5388
-8.6328 -6.7854
-1.8795 -3.1368
-5.1724 6.5103
-6.7807 -3.3515
-0.3156 -1.3011
-4.5104 6.4749
-10.2717 -9.9815
-4.4754 -4.3923
-10.1721 2.6023
-4.4889 -3.4007
-10.5452 -1.7199
6.2964 -10.7633
-2.8604 -10.6121
-3.4410 6.6859
6.4312 -9.3964
6.4209 2.6220
-10.1785 -9.8602
-10.0431 -3.6713
-10.7449 -0.3926
-3.1122 -11.2637
-10.4758 6.6222
2.4432 -2.5456
-10.7363 2.7002
6.4882 -12.5071
-10.8754 6.4598
2.5982 -9.9176
6.6605 -5.7762
6.3149 -3.2924
6.4129 -2.4340
6.6746 6.6747
1.3124 -9.8740
1.9740 6.6651
6.1167 -4.5509
-2.3988 -12.0025
-8.6143 6.7688
-2.1362 2.6253
2.6447 -8.1220
6.6200 0.7237
-2.6882 0.6799
6.4898 6.9964
-9.8886 -9.5721
-9.3087 -11.5117
-3.3670 -2.9326
-8.4330 -10.8018
-9.3975 -8.4137
-9.6916 6.8104
-0.2523 2.6338
2.6221 -2.7849
-10.2820 0.1452
2.6451 -4.0653
-9.5305 -8.8315
-2.2871 -2.0911
-2.6749 2.7236
-10.2859 -3.7208
2.7680 6.4978
-8.3372 -4.1834
-8.7826 -5.3880
0.8252 -0.8566
1.9153 6.6520
-1.5857 -2.0828
-2.7824 -3.7159
-2.3338 6.2628
-10.0407 -3.1454
6.8893 -9.9358
-1.5787 2.6510
2.6226 -8.9580
-3.9087 6.5612
-5.0760 -9.5651
-11.5757 6.4779
-5.3199 -1.2242
-0.6628 -7.5112
-2.3281 6.7224
-4.3177 6.2488
6.4798 -9.1309
6.5446 3.7247
-2.7722 6.5119
6.4890 -2.7047
-1.4569 -10.5438
-10.0036 -3.7873
-7.0635 -3.1333
6.4218 -5.6519
-9.4755 -0.5833
-2.5689 0.5143
-9.5710 -3.1797
-1.5908 2.7145
-8.7791 2.6193
-3.0125 2.6258
-2.1836 -6.4600
-3.7864 -2.0717
-10.6010 -4.4899
-10.3265 -9.5406
-6.6077 -2.2117
-9.9453 2.5316
-3.0835 -9.6003
6.6409 6.4735
-2.4763 -2.6389
6.2250 -8.5998
-3.4721 6.5544
2.6519 -3.7308
2.6127 -2.1820
6.5650 -9.7300
-9.0823 -10.5788
-7.1153 -8.9793
2.6131 6.6372
-4.1781 2.6817
6.5892 -1.1659
-1.6747 -0.8648
6.5154 -8.6375
6.4910 -1.9317
-1.5208 0.5310
2.6059 -3.3652
-2.9904 -11.1968
-3.1861 2.6157
2.5676 2.5674
-6.0089 -4.8605
2.7034 -2.7949
-6.1342 -10.0549
-0.8903 -10.6925
-8.5462 -2.5119
-0.8688 -4.5184
6.4470 6.8994
-8.2489 -9.3316
7.0037 -8.4927
-1.0521 -3.0968
-5.2359 -1.5550
6.3026 -4.2261
2.5895 -2.5103
-2.9867 -2.6845
0.5171 2.6195
6.4120 -8.5475
2.6536 -4.5086
-3.9595 -2.6452
-2.5429 -1.6045
6.2494 0.7770
-3.3636 6.2383
-1.5544 -9.8932
-4.6203 -2.5247
-3.3975 2.6204
2.6388 -10.3323
-0.4901 6.4534
2.7233 6.8086
-9.3633 -3.4994
-3.3773 6.5889
-2.7114 -5.0289
-8.3995 2.6121
6.7096 6.8570
-3.8324 2.6115
-7.7989 -3.9208
2.6780 -2.1990
6.3139 -2.4383
2.6970 -8.2818
-5.1711 -3.1882
2.6934 -4.0446
6.7297 2.6159
-3.3562 2.5320
-10.5655 6.3974
-1.8052 2.7792
-9.9559 -6.0218
-3.8244 -10.4106
2.6073 6.5097
-9.5278 0.0920
-2.3031 -3.6128
-9.8146 2.6194
-4.3990 2.6180
0.7073 -2.3321
2.6645 -10.0482
-2.5751 -3.1155
-1.9155 -3.9450
-4.7096 -3.5868
-5.1866 -9.2597
-2.4336 -2.6573
-3.4831 -10.3650
-9.5119 -2.8130
2.6623 -2.2868
2.6500 1.7485
-2.4161 -3.7262
-4.3547 6.3131
-11.4716 -4.7858
-3.6384 -10.9350
-1.6901 -2.8029
-10.0506 6.7678
-5.9972 -3.3351
6.5941 6.0898
2.6151 -12.4622
-9.0320 -3.7168
-8.0590 -4.6920
6.4096 2.5849
-10.3941 -1.5913
6.8579 -11.2536
-3.3898 1.2583
6.5104 -4.3419
6.5945 -2.3233
-1.6880 -7.5690
6.1411 6.9998
6.8499 0.0028
2.6311 -8.8421
-4.2843 -8.9880
-1.4365 -11.2060
-9.3721 2.6320
6.5779 -10.9387
-2.9388 6.2164
2.7011 -3.6986
-2.7209 6.4808
-3.3553 -4.4604
-5.2982 -9.2842
-3.9357 -2.4192
-4.0447 -2.9601
6.5342 -5.6988
-10.4991 0.0467
2.6304 -2.5090
-10.2053 -2.9825
6.4382 -8.2248
-5.6304 -9.5924
6.5381 -4.4211
-5.3494 -9.5085
-3.3806 -9.7808
-2.6640 0.0978
2.6628 2.6539
-8.3371 6.7447
-9.2413 -8.5768
-11.1707 -7.8795
-10.0873 6.4455
6.6799 -3.3630
-9.6741 2.6483
-9.1086 -9.5965
-1.6581 2.6291
2.6063 -0.5221
-3.3375 6.6207
-5.5306 2.5470
1.1190 6.6329
-3.3967 -3.1441
-1.4492 -10.5931
-5.7372 -10.7095
-10.1004 -8.9174
0.5005 2.6465
6.4112 -5.6464
-2.6992 -3.6043
-8.5896 6.7832
-10.2808 -3.9125
-11.1695 6.0581
-9.8989 6.3974
-10.3689 -3.3212
2.7287 -4.3327
-10.8864 2.6762
-3.7037 6.9829
-4.0599 -9.4466
-1.6478 6.2091
1.1871 -4.0169
-1.9067 1.2682
2.6922 2.6789
-11.9632 -3.1683
-3.9079 -8.2333
-2.9187 -4.4302
-2.8275 -10.6720
-3.9528 2.5776
-9.2320 -2.3790
-2.3434 2.7237
-10.4843 -2.0437
2.6126 -5.1803
6.5266 -7.4016
-2.4528 6.1838
2.5921 -9.7684
-4.2395 -10.1365
-1.5367 -4.2284
-1.8591 6.7021
6.6290 -10.6647
6.3380 2.6630
6.4791 -2.1527
6.2458 -1.0017
2.6115 -8.9900
2.7610 -0.6970
-4.3512 -11.6914
-2.8251 -0.4452
2.7695 -3.3678
6.6884 6.5606
-10.1397 -5.5011
-8.6413 6.7358
-5.3324 -10.3628
-9.7187 6.4870
0.6442 -10.3377
-9.5650 -4.1722
-2.2689 -2.4545
2.6679 -4.8859
6.7241 -10.8319
-3.4756 2.5851
-2.7066 -11.2995
-7.7908 -10.2341
-1.5775 2.5964
-4.9527 -3.5094
6.1479 -3.2302
2.5986 2.6608
1.8518 -5.9577
-5.4550 -2.7608
2.7608 -12.1560
6.9113 -3.4830
-3.8381 -3.6404
6.2079 -10.3686
6.5945 -10.3608
-8.7757 -10.6077
2.5843 -2.4414
-3.3906 6.4760
0.0899 -5.5370
-3.1556 6.6768
-3.4116 -9.1832
-10.9084 2.6034
6.7353 -10.2457
2.6047 -1.8148
-4.2629 -9.3495
-2.6730 -4.4678
-9.0653 -1.7952
6.8520 6.5633
6.7508 -9.8695
6.5772 6.4173
-12.0438 6.6671
6.6372 -1.8408
-3.5114 1.5765
6.6435 -2.3019
4.9710 6.4821
6.5951 2.6334
-5.1846 -9.0635
6.3235 6.1705
6.5645 6.6725
2.6085 -0.4160
-2.8304 -1.3046
-2.5388 6.6879
-4.7242 -3.6320
0.9801 6.3288
-3.3301 -8.4542
-0.8389 -4.9084
6.4149 6.0193
-9.9586 2.6228
-0.5624 -2.7003
-5.0005 2.6766
-10.3124 0.6552
2.6938 -8.0963
-1.5432 -3.8112
-4.7844 6.4860
-10.0772 6.0838
0.3229 6.8264
6.8518 -3.3163
6.3804 -1.3544
-5.6180 -2.3875
-7.3280 -9.6200
-0.7492 -10.7485
-4.9793 -3.9095
-9.6284 6.7395
6.5443 -10.7795
4.3532 -1.9657
6.6944 6.8176
-3.1716 -6.3386
-10.2892 6.2288
-4.3836 -4.8365
-3.8499 6.3590
-3.9771 6.3254
-3.7367 -8.9792
6.4847 -10.3493
-0.6877 2.5604
-1.7069 -0.7426
-2.6142 -1.8627
-4.4567 -10.9899
2.6190 -10.6580
-1.2721 -1.8772
-2.0461 0.7760
-10.4830 2.6285
-4.4702 -0.4962
-10.9658 -8.7758
-9.4175 -8.7353
-11.2772 -11.1774
-10.4027 6.4821
-5.4913 6.2320
-4.0523 -2.2924
-3.8324 -4.8267
-4.4209 4.3571
6.2847 -4.3471
3.3217 6.4615
-4.2412 4.9292
-5.4178 5.3012
-4.2791 6.6724
-4.7399 7.6216
-5.1369 5.8456
-7.9242 10.7456
-3.7828 7.6859
-4.9758 -6.1677
5.4022 -4.5857
-3.2432 0.6725
6.5487 -4.4153
9.2577 -4.7240
-4.2630 6.0135
-5.8004 -4.0948
2.7075 6.2851
5.8537 7.9218
-7.2677 -11.6033
-2.4849 3.3634
-4.1244 3.9734
-2.8681 4.2824
-4.9129 5.5733
6.8926 -4.9325
-6.9443 8.0746
-5.7279 -5.4039
-8.6248 6.4106
4.6458 5.8087
6.8235 8.2197
1.9979 4.1191
6.5735 -4.1986
11.1352 9.5631
12.0349 -4.2592
-7.4048 2.4872
4.7307 -3.2529
7.5263 -5.9457
-4.4212 -4.2078
-4.3155 5.6414
1.8231 -0.0979
-6.1467 -4.6120
8.0388 -3.9726
-4.1511 -3.0699
-2.6602 -5.0202
0.1333 6.7417
4.5859 2.9413
7.0605 9.5614
-4.9929 4.0892
2.4350 4.9801
5.7529 -3.9127
-4.5299 -5.6801
4.7620 6.1815
6.1872 7.2630
-5.5209 3.8420
-6.3740 3.9546
8.7547 6.9211
3.0059 5.3886
5.5999 5.9714
5.3524 -3.2199
3.1924 -7.4834
8.1011 8.0059
6.5738 -4.4283
-5.0639 -4.9201
2.2877 -4.5187
-4.4584 4.2797
7.5005 -3.5806
7.9097 5.0273
5.4872 8.3393
7.7752 8.8224
7.3735 8.5563
6.8272 6.6492
8.7130 3.9185
7.8296 -4.5467
5.8660 0.5839
-5.1166 -3.7420
-4.9251 -7.0904
-3.9895 6.4172
7.7402 3.2053
-0.1826 -6.2264
-3.4876 9.5668
-4.8749 -7.0148
4.4570 5.7614
-4.4501 -6.1423
-3.8139 4.1657
4.4660 -10.5721
-4.5628 3.6053
2.1867 7.5526
-3.6347 -4.4823
3.9379 4.3766
10.7474 -4.5049
6.0881 6.1553
8.9230 -3.7921
-3.2750 5.9459
-1.3823 -5.8852
10.1057 -3.0205
7.1866 12.7342
5.1541 8.0465
8.6623 -6.4938
-1.7055 7.8104
-5.7184 -5.1582
8.7499 3.9580
-4.0477 -3.6672
-6.3368 -4.7497
4.5461 11.0532
4.3133 -4.8401
7.2716 -5.2092
6.2256 5.4713
-4.7141 4.7264
6.9167 -8.3452
13.1591 6.6574
6.4565 8.3890
4.0096 -4.8067
5.4794 -4.7541
6.2754 5.2408
5.7313 5.8364
4.3773 -4.4480
4.6373 -6.5459
8.5344 7.1195
-4.9575 -5.3870
2.8217 2.9618
4.4512 9.3204
-0.1830 -2.2051
3.0646 -4.4345
4.9727 -5.2731
-4.6909 -5.1377
-3.5128 -4.6190
-4.1797 -6.4799
7.8589 -6.2856
-4.7815 -4.8524
1.0186 6.1368
-7.1127 -4.4876
-5.2028 -6.3416
2.0985 -0.2387
9.6012 -4.8378
-4.5582 -3.6946
9.2463 6.6064
6.4850 7.3984
8.7995 6.1652
-7.1014 7.4281
0.4342 6.9402
6.6653 -3.9652
-6.9462 -5.3790
-7.3757 -3.4269
5.0014 -4.2973
-2.2198 6.0562
0.8018 7.7277
1.1932 -4.8836
6.0269 8.9800
4.1661 -4.0450
-3.8890 -7.4739
4.3672 -4.8832
-6.2201 4.9000
-4.2031 9.2994
6.9047 7.9047
-4.9964 6.2050
-3.7940 -1.8676
6.7203 4.7199
9.8437 -7.3044
-4.7507 4.0966
7.1098 6.6183
1.6535 -4.4316
-4.9803 6.4554
7.8553 10.4698
7.0817 0.8850
-2.1240 6.5991
1.7845 7.1523
7.1558 -3.9220
2.1399 -6.7002
7.8986 -11.7943
-4.5697 -4.4357
-0.5122 -4.3582
-6.5077 6.7249
-4.4969 4.2007
7.0463 3.9296
5.9437 -4.7907
-3.8885 2.2327
4.5851 6.3304
-4.6906 -4.5290
7.1591 5.4288
-5.2391 -3.5046
5.4627 -3.8112
5.4263 8.3592
-6.7165 -4.4679
-4.1058 7.2613
-4.8285 4.4573
-3.2789 6.2782
-11.2168 3.8522
7.4972 6.2711
7.9223 5.0730
3.9051 5.7282
-2.4815 -3.9154
5.1287 -4.5502
-3.1582 -6.7184
-2.9068 -4.9567
4.4965 -4.8562
-5.3020 6.7828
4.2831 3.8752
8.8001 -3.3574
-2.3779 -5.2943
9.3370 1.8031
4.7775 9.4387
-9.2002 0.8265
6.7331 -7.6037
7.8243 -8.2237
9.1513 5.8026
7.7189 7.0400
1.8917 8.2565
7.7987 4.0816
-4.9983 -5.1921
-4.1161 6.1411
5.7427 3.9615
-5.8983 -4.8853
-4.6904 -4.3242
-8.6085 6.5715
-8.1487 -5.3058
-4.6320 -4.8886
-4.8151 2.6313
7.4082 6.2478
8.6112 -7.5788
-4.4997 8.8002
5.7643 7.3961
3.6183 4.5921
7.5422 2.5060
8.3346 -3.7621
-3.7739 -4.8121
7.5886 -4.1880
-1.4098 0.6916
6.2424 -4.0443
-4.5508 6.1942
6.3072 8.0123
8.5310 7.5206
-5.0689 8.9814
-4.3721 -2.5595
6.6138 9.6629
-4.7684 4.0009
-4.4525 -7.5537
3.6817 5.9475
-3.5415 -4.9350
-5.3912 0.5274
6.8448 -3.9039
-7.6700 5.3770
6.0151 -4.5104
8.5198 -4.6879
3.8194 -4.7839
-5.2704 6.8867
-3.6339 6.4217
-2.4847 -4.0903
5.2291 3.3964
8.2827 -4.5805
-8.6122 -4.5071
-4.3076 -4.1058
4.3593 5.3217
-4.0786 3.8270
6.4429 -3.0693
6.5621 -4.7018
-8.0242 1.5656
-4.7010 3.7549
6.1108 -0.8683
6.6420 3.8889
-7.7501 6.0521
-5.0131 7.5056
8.8238 8.8983
5.5570 -3.8905
-4.0815 -2.5963
6.3179 -7.9654
7.7494 -6.1180
-4.5841 -2.9903
5.3947 5.9071
-4.9669 -4.8795
-3.1121 -3.9484
6.2793 5.9009
-4.0353 -7.7103
5.0207 -7.3451
5.4587 -10.1187
7.5063 -3.5158
6.1287 -4.3656
6.9847 4.0195
1.2088 9.2961
-3.2075 4.5034
-2.5287 4.7522
-3.3602 6.0951
-7.4074 -3.2420
-3.1552 3.6955
6.7394 -7.7865
-2.2268 -3.5944
7.6851 -3.9283
3.9026 -9.4267
-5.7094 -4.4305
-6.4333 10.5485
-7.7547 -5.1315
6.4213 -4.1010
-6.5256 2.9523
2.6659 5.3101
-5.5542 1.4428
7.4817 6.2029
7.1121 8.9755
3.4935 7.4650
4.1526 4.6941
6.2512 6.8069
-6.6953 -4.1136
-8.2444 4.8936
5.4644 1.6967
-5.3193 6.1267
-4.8957 1.9575
7.7883 -4.3788
-5.0261 -9.7207
5.5239 7.7941
5.3308 -4.3598
3.1093 7.0769
5.3160 5.8982
-4.5743 -3.7913
-5.0604 -8.0875
-5.5610 2.2988
10.1495 8.8776
-4.0637 7.1449
-2.1038 -2.9572
4.7055 5.7025
-4.7708 10.0638
-4.8878 6.4712
-2.7431 3.2174
9.2889 6.2170
-4.8708 6.0646
5.9028 5.5665
-5.0727 5.5583
-2.6333 4.5753
-4.1913 3.1329
-5.0475 -4.6489
-3.0784 7.7087
-4.5838 7.1264
7.0142 9.5143
5.2728 7.1456
4.8879 4.2774
9.0766 -4.1139
-4.9864 -3.9908
-4.9816 -6.2791
-4.5791 -4.6314
-4.4365 -3.6832
0.8398 4.7530
7.1598 5.4074
-4.8326 -4.8934
4.7128 -3.7758
4.4740 -1.5184
1.2175 -3.4719
7.7263 5.7167
7.9231 6.1774
4.3541 6.9342
-2.4184 1.6254
5.9267 7.2995
-2.8547 -5.4752
-4.9898 -5.2169
5.8141 10.1147
-4.5933 -7.2419
-2.8340 4.5530
1.0371 9.1176
-5.1656 -3.0867
-2.3897 6.4153
-4.3364 -6.6015
10.4665 6.3436
0.5318 4.7718
-3.5868 6.4824
4.7821 6.5927
6.3549 -3.6017
-4.4252 -3.7160
5.4476 -4.8017
-3.9060 6.9269
-5.3692 6.9092
6.8689 3.8732
-5.7087 4.0550
-2.8200 5.9272
8.2434 -5.2685
7.5537 -4.8183
4.6252 10.1503
-7.5089 5.1036
6.0421 -1.6549
1.1094 5.3649
8.3531 -4.7999
-3.8440 -6.6562
-4.5210 3.8144
9.1314 -0.3355
-4.1807 -3.9902
7.2535 -4.1135
6.7122 -5.5223
5.3186 -2.8067
8.1248 1.3062
-3.5996 6.4923
9.8977 7.0699
7.0792 5.9603
6.3029 5.8478
7.7868 -8.5699
-4.6919 4.5891
3.8262 -2.4733
6.0850 5.1286
-4.9520 4.3850
-4.5081 7.1243
5.2321 6.6357
-4.3770 1.8075
7.7062 8.3822
-5.0174 9.6455
5.3086 1.1305
2.2714 4.4211
-7.3391 4.4409
5.5842 -10.2708
8.2448 7.3869
-4.8837 3.7767
6.4266 3.1203
7.1994 6.4186
-2.7504 -1.7263
-4.1839 5.8877
5.9845 5.0361
-4.7492 -6.4446
-5.0063 5.4013
-3.8190 -0.2042
-6.3118 7.5384
4.7581 5.4788
-5.4290 6.7232
-4.4810 6.8747
-4.3864 5.9585
1.0293 -4.4084
-5.0993 8.1575
-4.1861 -4.2148
7.1445 10.8260
-8.8762 -4.8131
1.2230 -3.7736
7.6063 8.1249
-5.0066 5.0076
-6.3188 3.3908
5.2230 6.0824
-4.7980 -4.1761
7.0392 -4.9681
5.9815 -4.3961
1.7572 0.8691
9.2628 7.4929
4.3344 -0.4875
-4.8464 -2.6770
4.2152 -4.3963
-4.4568 -1.0799
8.9525 -6.4033
-3.7723 8.7555
5.9890 -4.5501
8.8523 5.9301
-7.9085 4.1711
7.5560 3.4448
9.4265 -9.0067
-4.0202 -0.6707
-1.7685 4.4628
9.0490 -4.6113
-5.1414 -8.8758
6.7183 3.4739
8.2255 8.2160
6.0323 -7.6488
-1.4485 7.6460
7.6489 6.5733
-3.9387 4.0058
-2.6547 -4.4208
-4.5011 10.8017
8.3838 4.4263
7.5862 -8.8414
-5.7725 6.3672
3.1558 5.4521
2.5525 -4.7255
-3.9901 -4.1387
-7.1619 6.9474
8.5708 -4.4184
-4.6253 6.5838
8.0059 7.3384
6.0108 7.4257
9.0126 7.5899
10.1794 -5.1937
-9.1169 1.2886
-5.8844 -4.5857
7.9048 -4.1112
-4.5870 6.2049
6.5597 -4.6992
3.6470 7.8395
5.3393 5.8970
7.0894 -4.9735
1.9034 4.9995
4.5717 8.1794
6.9305 1.3398
8.0386 8.1483
6.2834 6.9255
2.3069 5.8332
6.6839 -4.4054
9.0169 -2.3931
6.8775 -4.3827
0.9077 -4.7907
6.7210 -4.9709
-4.0523 5.2155
4.2915 6.9567
8.0773 4.7900
-4.2614 8.2307
-5.5386 7.7332
-5.2164 9.0468
-3.1797 -0.3082
5.6349 5.6653
6.9732 8.5497
8.6271 5.6982
-5.6961 2.3240
-2.8424 5.6628
-5.3914 2.8635
4.2043 -4.5366
-4.8263 7.8514
-7.1409 7.3120
8.9920 -1.5687
-3.8923 5.9894
-3.4393 4.5901
6.1760 -5.0199
6.1695 -3.0157
-4.4131 -2.6815
4.9463 2.8880
7.4090 -4.6223
-4.0487 4.7967
5.4323 3.0167
8.1802 -8.7064
10.6257 -4.5265
4.7895 -8.2543
-4.3501 7.4862
8.9385 -4.6099
-4.7694 -4.4616
-7.5085 7.4723
-1.8682 6.8080
5.3493 7.2785
-5.0575 2.2306
5.2952 0.2718
-4.3895 -5.2694
2.1816 6.6710
3.0739 7.0105
-3.9890 3.0067
6.5137 4.7007
8.0889 6.6670
10.0364 -4.2461
-4.8071 6.0444
6.2653 4.7114
-6.3690 -4.1209
4.3678 -0.0957
4.7324 -4.2673
-4.7741 -0.7143
5.2401 5.9623
-6.9315 -6.4372
-5.0324 -5.9042
-6.1123 -4.2903
8.9748 5.0946
7.7667 -1.1709
-8.8578 3.3470
6.1889 -3.9193
6.9639 5.4351
1.6306 -4.3359
-3.9101 -4.6532
6.6839 -5.1444
3.9752 4.7147
-5.1435 -4.9857
8.4965 4.1204
5.5629 -5.1204
10.1670 -7.0157
-4.9003 7.8862
5.2392 4.0739
2.3483 5.5899
-4.6800 4.9496
9.4643 6.8852
5.4160 7.4518
0.5075 2.7957
-6.8557 9.4489
8.2210 7.6282
-3.8447 2.8878
-3.1083 6.8683
0.0888 7.8140
-4.2348 -3.2707
-4.7197 6.2844
7.1249 9.8863
7.1119 -3.9982
-3.4797 -4.6953
-8.0886 -4.9034
6.8680 -0.8855
-0.3417 -4.4391
5.4972 5.2552
8.4119 6.6754
5.3030 -4.9481
5.0774 -4.2515
-4.8662 7.8874
-5.7938 7.1302
4.7968 -4.5523
-4.7526 -1.1094
-5.0777 5.3842
-4.4119 -4.9896
-4.3027 -6.2500
-12.2704 4.7894
2.8030 -4.8799
-5.9065 6.1635
7.2041 4.6534
-4.0872 -4.8288
7.2565 -4.8436
8.1964 -3.7173
-4.5976 2.7920
5.1592 -8.1528
-4.6262 -3.8108
4.7908 -5.9329
-3.4452 4.8335
4.9570 -5.5550
-5.1188 10.3836
-10.8170 9.8863
-8.0488 10.0953
7.1626 6.7515
-8.4428 -4.6863
-7.8186 -6.0555
3.5234 -8.3438
4.2693 -9.7224
-4.4046 3.0846
-3.9778 -8.2043
1.7993 8.1355
8.2371 -8.2720
5.1829 -4.3789
-4.3684 0.5772
4.4961 -4.8015
0.7449 -5.6732
7.1373 4.9805
-6.0868 -5.0815
-6.4626 2.4710
-2.5517 -3.7586
-4.8477 -8.7530
4.1624 5.7005
6.3744 7.6718
-4.3234 -4.7715
9.3633 4.4477
-5.2089 -4.5081
-4.5670 7.1082
7.4829 -4.5642
6.3436 -5.5136
2.2299 -3.9097
7.0846 -5.3910
6.0248 6.7962
-4.1063 -5.1040
7.4274 -4.7008
6.3186 -5.3782
0.0163 6.6305
-9.1773 -5.0236
-7.3089 6.0035
4.8459 7.3575
-5.3367 6.3314
-5.6836 -0.0617
2.6983 -4.3640
4.6070 -4.2631
8.1403 4.2759
-4.6062 5.2424
-9.4262 3.7515
-4.3436 8.9461
8.0481 -3.2810
5.9257 -4.3687
-4.2323 -4.9302
-5.8710 2.2821
-4.3886 -5.4812
1.0150 -6.8932
8.4526 -3.4705
-4.0032 8.0498
-4.2148 7.5371
5.4736 5.9961
8.1688 4.8487
-0.1750 9.5562
2.3177 -4.8956
5.8005 9.6355
4.8446 2.1153
-2.8746 6.9596
-4.7364 7.5736
5.2090 6.0787
1.9645 6.0519
5.6978 5.9782
6.2474 -8.3817
6.3485 -6.1078
6.8790 -3.0473
7.4824 3.3339
6.1476 3.8021
4.1650 7.6903
-4.8880 9.2743
-6.0563 7.2029
-4.7879 -2.9144
5.2557 7.5664
7.9118 6.1654
5.3889 5.9350
8.7646 7.6898
5.7225 7.5430
-2.0781 1.2945
-4.5881 -7.6389
5.8904 -3.4705
8.9040 -10.2816
5.3254 -6.4356
-5.2878 -7.2683
9.3441 -2.7847
7.5241 -5.2336
-5.3446 1.8761
4.7816 3.8303
-3.9659 -4.0991
3.3847 2.2636
-5.8663 5.9406
-4.1845 6.5596
5.7870 -4.3770
-6.5508 4.7422
7.1209 5.7303
-5.1681 2.2014
7.4090 1.8694
7.5396 -4.9375
2.5569 8.0015
-3.3911 5.8147
5.5485 -5.0147
2.7211 3.7438
-4.5871 7.4190
5.8664 -4.0018
-4.8782 -4.6039
-4.7905 -4.4882
-3.6872 -4.0256
-3.5587 -4.2898
6.8728 8.1989
9.3843 7.5532
-4.3405 -3.4333
1.4835 -3.8837
8.2299 -7.6752
-4.8263 -0.7104
6.8764 8.5033
-8.8002 6.2498
-4.5255 -3.3007
9.1552 -6.9994
8.7263 8.1915
3.5279 6.4017
-4.0123 10.7080
5.6183 -2.1259
-7.5933 8.1267
7.4057 -5.4074
-0.2601 -5.4393
-4.7386 -7.5764
7.2460 -5.2840
3.2750 -5.6590
-4.5529 8.2113
5.0900 -4.7402
3.2472 8.1546
8.0200 -5.7195
-6.6320 6.2977
-5.0895 -4.4273
-4.9174 -5.2064
5.9579 -4.7689
8.0991 -0.6324
-4.3637 -4.8032
0.1077 -2.5489
-5.9553 -0.8142
5.3892 6.1047
-4.1290 8.6911
-5.5177 -4.3393
7.4744 -4.3626
-8.4423 -5.1982
7.7005 7.0027
-4.3459 4.0883
7.8456 -2.1936
-3.7743 3.6275
-3.7204 4.5585
-2.9864 6.3760
-4.2380 8.3048
5.5382 7.9842
6.7370 8.6543
3.6845 -8.0181
-5.2632 6.3639
-4.2457 4.6848
6.7568 -7.7301
-4.1414 -3.6577
8.8130 -6.2783
6.5081 -5.0366
-4.9435 -4.1743
-2.7307 6.0278
6.5484 -5.1059
7.1552 8.6824
6.0818 -4.3239
5.5144 6.4011
-4.2440 -4.6708
3.2648 4.9151
-1.2965 5.1861
8.1238 -5.0329
-3.5792 5.1674
7.9849 7.9502
-7.9570 -10.6593
2.0701 -4.1298
1.0997 -9.4497
-3.6132 5.8413
-6.4461 4.2477
6.3402 -3.0121
3.8844 -4.0417
0.3806 -3.2948
5.1111 3.6898
-4.0749 -4.7124
-2.3247 5.5549
-4.5616 -6.1762
9.3784 5.3658
-3.6687 6.1401
-6.6645 5.2049
5.7450 6.7991
-6.6695 4.2047
4.4739 -4.4347
7.8623 -4.1343
-4.2273 8.8026
-3.9170 7.7983
6.0210 -5.0481
3.4425 5.9886
-3.4959 6.9032
-3.3207 8.3266
1.6844 8.7723
-6.2202 -2.8794
8.1850 3.2432
-4.8823 5.7251
7.9271 -5.1349
-3.5989 -9.7252
4.3553 7.3667
-3.7027 7.5712
5.3524 -3.3917
7.3819 0.4089
4.9400 10.5927
2.5286 4.9386
-3.9962 1.6560
-6.4243 -5.5679
-5.6691 -4.7287
5.6238 6.1523
-2.9245 -4.6705
-3.0805 6.3656
6.0289 4.2307
4.7669 6.6162
2.8666 5.8341
-3.6016 -4.7421
-5.8027 -10.1112
3.0559 -6.5665
-6.0648 6.0760
-1.8332 5.3488
7.8942 1.4251
4.3096 2.9988
2.6122 -7.1773
-3.5261 5.0012
-5.3642 1.7146
8.3279 -4.4248
6.7000 7.2655
-4.8671 5.4012
2.0894 -4.5510
-4.6787 7.4092
3.8961 7.6498
-1.3848 -3.9221
6.5444 -3.6100
-2.7244 6.9173
5.8288 4.7597
-6.1378 7.0542
5.6296 6.3114
7.1008 -0.9988
2.1879 -3.8754
7.4015 3.9981
1.0177 -4.1189
-4.6483 -1.5075
6.3699 8.2753
6.1575 -5.0411
10.3510 6.7231
-6.0050 5.1680
5.4294 1.4827
-4.3682 4.8512
-4.5516 6.6302
-3.5899 8.5386
-5.2104 -1.7503
-4.7321 -4.4872
9.6875 6.8372
-4.2606 6.4666
-3.9096 2.1971
-5.2465 -0.4370
-4.4282 4.8239
-3.7170 5.7856
7.9418 -4.4790
-3.7017 8.0467
3.9147 5.6134
3.7318 7.4079
-4.5903 -4.8119
5.4711 5.4158
1.9623 6.6806
-4.3467 3.4933
4.4603 5.2147
5.4194 6.3708
6.5725 7.1260
1.0026 -1.2276
6.3279 -4.9854
6.7494 9.9523
1.6637 4.1840
-1.3202 4.1894
0.7888 1.9637
7.7297 -7.0814
-4.6647 2.4176
3.0268 7.1830
5.6080 6.2775
-2.0966 -3.9715
-4.6185 -4.6116
-4.9468 8.1014
-10.4185 -2.4014
-0.4707 5.4045
-4.0248 -4.6245
7.8270 7.4433
1.7940 4.0547
-6.8740 7.5245
-3.8519 -7.7205
10.4621 -6.2180
7.2636 9.2732
-4.9971 4.7501
8.0802 8.5742
-3.4514 -5.4927
10.0123 -4.5510
5.7575 -4.9291
-4.6698 4.0915
3.3804 3.1788
-4.3306 -5.4838
3.1001 -3.9057
2.4334 5.0168
0.0247 5.5507
-4.7421 6.0652
-8.3277 8.3839
-4.8618 7.4074
-2.9541 -4.7136
-3.9597 5.9181
5.9818 7.6632
1.2636 7.2644
7.8997 -4.4613
-4.7242 4.5216
7.2484 -1.4259
5.2666 8.7288
-5.1437 5.6165
9.4025 6.1386
6.3536 -3.7537
-5.0646 -1.3031
-0.2147 2.3630
-8.2825 -3.9856
8.7882 5.3748
3.8574 -5.6727
-4.0297 8.8141
-8.1482 8.5122
-4.1206 2.3029
4.5189 -4.1192
10.5039 -4.7602
3.8931 5.6901
-4.9535 -0.1254
6.5506 7.5976
-4.8603 -4.4550
-2.7810 6.7772
-4.7301 3.0465
-2.9336 5.4682
3.8263 -1.3392
4.1554 5.4043
10.2095 -4.5977
5.0418 5.7296
-3.7566 9.0603
-4.4928 -4.9273
6.9044 -4.3594
4.7123 -4.1940
3.9610 -3.7820
-3.5875 0.6126
3.1564 -4.4315
9.4767 -3.9122
-4.9849 -4.2116
-3.7554 8.5215
5.4895 -4.8755
5.7954 4.9117
5.7057 2.9732
-4.6730 8.1289
4.9787 7.2433
3.1658 2.8337
3.0887 1.2967
1.4588 5.7963
-5.8861 4.8508
8.0531 -6.6699
6.1239 0.1027
-2.4017 3.5242
-0.6002 -4.5372
5.0624 1.5298
-4.3090 -3.7305
7.6924 3.6676
-6.4300 -3.8453
7.8534 -8.2837
0.4379 6.1330
-3.8582 -10.0740
4.8778 5.3976
6.7064 -4.4590
-3.5166 -5.8389
-3.7587 -4.8567
-11.1767 7.8447
-6.8469 9.2350
-4.4934 5.9864
7.3067 0.3890
-4.3509 6.6131
-4.7963 7.8763
8.0980 7.8466
6.7941 -5.9355
6.4556 -3.5205
-4.2113 6.1352
4.1742 7.2289
-5.1775 -9.6027
-3.1783 4.8988
2.2465 -4.2731
6.6549 1.9509
-8.0463 -9.0378
5.9082 -10.5376
4.8366 9.2310
5.3185 -4.4865
4.1537 -4.2605
4.5593 6.1226
7.4054 -3.9502
5.8846 6.3769
2.1639 8.1026
5.2562 -2.8213
-4.8621 9.1842
-6.0938 -4.2072
6.3948 3.6336
8.0723 5.1982
-4.8551 -3.5920
-5.1524 7.0857
2.5764 8.3355
-4.2674 6.6126
8.7943 -10.3653
4.4825 7.6883
-4.9755 2.5802
-2.0613 6.1933
3.0567 7.8557
-6.3272 4.3233
9.0575 1.1766
6.5911 -3.9920
8.8001 7.1079
3.8969 -3.5955
9.1666 7.9779
6.7886 -4.8789
-4.9459 7.6111
-7.3695 8.2588
4.2694 4.0022
-2.5431 2.6592
8.0334 -5.7492
4.7035 1.5586
6.4353 -8.7169
-4.1721 5.2945
9.4986 6.4376
-3.8992 7.3673
5.3671 9.0335
-4.5193 -4.6687
-4.2009 -8.0835
8.3927 4.0480
-4.8802 7.5109
2.7535 2.8804
4.2914 6.8241
-6.8447 7.2087
6.0915 -1.2638
-3.8168 7.6805
-4.4536 -4.7061
5.0399 6.0570
-4.4459 -1.9148
-4.4813 3.8163
2.3300 3.3377
2.4139 -5.6890
-0.6756 -4.9940
-4.9420 7.5798
0.2066 -3.9108
-10.6784 6.9532
10.0467 2.6451
7.7874 6.8107
-4.4521 -0.3676
5.3473 -2.4590
-5.2574 7.2292
-4.7253 1.8229
-6.3698 6.4092
-4.1621 3.6382
5.8036 -8.3753
5.4646 4.1544
-4.5066 4.1208
-8.5509 8.2745
-5.7368 6.1369
-5.6821 -4.4951
5.8698 -4.2211
4.4103 3.6187
-3.7585 -8.9839
-3.1598 -4.3390
8.1261 -4.2897
2.9761 7.3893
-2.0006 5.1211
9.9865 7.3531
2.3433 -5.3761
-4.9968 3.8521
-5.1928 8.9390
-1.7896 -4.5886
-5.1252 -4.1418
7.1748 -7.5050
8.7972 6.1264
-5.0932 -3.4574
3.4602 10.4412
4.1970 7.3662
-4.7044 1.1161
-5.0203 -1.6695
1.2717 7.4808
0.5003 -8.7005
2.4865 5.8080
5.1435 8.8514
7.7345 7.4673
-6.7469 8.6464
8.0235 7.1891
-2.7917 -3.3781
0.8684 1.6470
5.6100 -4.4725
-3.6039 5.8993
4.4831 6.0149
-4.8880 6.7601
5.8289 10.7631
-4.6774 -3.2971
-2.3754 -4.6347
4.9602 7.4118
-0.9555 1.6238
-8.6393 -4.8012
2.4932 -6.0375
5.6674 -4.4927
4.5333 5.0991
4.5760 9.8121
3.1243 -8.1640
-4.7722 6.3468
7.6245 -5.8176
-5.5594 8.5310
-1.4067 -1.8957
4.5913 5.8401
-4.7112 -4.4633
6.7081 -4.6472
-4.9988 5.0788
5.9316 -2.4448
6.7068 -5.3281
-6.0548 5.9375
6.5859 5.7126
1.2755 6.2580
-4.2841 -6.2088
-1.5917 7.0261
1.9096 5.8022
5.2730 -4.7199
-5.1795 8.0191
3.3626 -3.0147
7.8907 4.6665
1.2815 -0.6091
5.6889 -4.7555
-0.2239 9.2008
0.1298 -3.8791
-1.9708 8.2125
-3.5624 -2.7721
-4.1755 7.9936
9.7131 -7.5103
-7.0751 -7.2666
6.4190 5.2121
0.0582 5.9350
-6.7824 0.4168
4.2788 -4.2260
4.4958 7.0312
8.2102 7.8004
-5.3401 -4.1861
-4.7863 -4.8698
3.4086 1.0986
5.0871 -4.5349
-8.2662 6.7484
5.2373 -1.4990
-3.1080 7.7443
-5.4031 -4.7922
6.4968 7.3428
-4.2684 -7.7496
-4.8445 -1.5674
-4.8804 -4.9710
-4.1228 -5.1205
-5.1042 -0.2742
-9.4336 6.7641
-4.3497 4.8935
4.2477 -4.4337
4.1183 10.0000
7.9088 -3.6734
4.9341 -3.3193
3.1154 -1.3469
7.0878 5.9981
3.3928 5.3081
8.5940 -2.4234
8.7727 3.8514
6.1033 6.2984
7.5717 6.3351
-4.5334 -5.5305
4.3632 7.9411
5.4004 -4.2469
5.2799 0.8934
-7.9778 -4.3793
5.8343 -4.9609
-4.7171 7.1002
8.1023 -4.6241
-6.5276 2.7675
-7.3853 5.3165
-7.5200 -5.9887
8.3882 4.9615
-5.4337 6.3019
6.5213 7.9452
4.1708 -5.1434
10.8567 -4.4040
-4.7242 -4.3968
8.7182 -4.3098
-5.1331 -5.5989
7.8463 5.0681
-3.9313 6.7441
7.1906 -4.8536
-4.7934 -2.0666
-5.1750 3.0283
1.2851 -5.0665
7.3430 5.9627
4.0477 -4.2250
-5.3903 -1.7795
6.3018 -4.5969
-3.8140 -5.3529
-4.8019 -3.9319
4.5206 5.0383
-4.7124 7.1963
4.0827 6.9934
4.9330 -3.9188
-5.5704 -4.9585
6.2359 5.3179
3.3817 -4.8828
-6.1007 1.3361
4.7696 10.0694
-6.2422 2.6370
5.0898 -7.0021
-2.8760 6.4904
-4.7088 -5.0590
-5.3125 -5.3713
-4.8044 -6.3279
-4.5301 -4.4556
1.4763 5.2579
4.8081 -5.1512
-4.4144 2.7204
-3.4504 7.7386
-3.1357 5.9557
-4.1723 6.5310
5.0917 -3.3045
6.2483 5.7263
-3.1888 9.1219
-4.0374 5.6995
-2.6315 4.1404
7.9218 -3.6031
-3.3569 6.8235
5.8024 4.9067
6.4435 6.9172
6.4385 -8.2345
-3.9159 6.3729
-4.5309 8.5260
6.8496 9.8509
-5.9292 6.3581
10.5399 3.7606
-3.5615 4.7841
6.7671 8.4213
7.1363 -5.5888
8.2238 -4.0638
-3.7855 -5.1891
-4.5322 -4.1076
-7.4753 -4.9104
6.0109 9.3254
7.0061 1.4646
8.6487 4.2261
4.8420 4.2781
6.7007 -11.5189
6.0349 -5.9391
8.6543 5.1966
-6.0417 5.6577
-3.1998 -4.3435
-4.8179 -4.9967
-4.6062 8.9958
-3.8006 7.1394
8.6948 -4.6959
-1.4367 -6.7919
-4.2489 -6.3304
-0.4406 -4.5427
6.8390 4.6007
-5.0663 8.8698
4.6872 -0.5926
9.5914 5.3535
-3.9167 6.3315
-3.9318 5.6498
7.7937 5.4352
8.2609 3.2187
-3.3448 -4.8235
2.9155 -5.2664
0.7131 1.9368
1.3988 -4.5252
6.7022 6.3549
6.1476 1.7666
8.5806 -3.6681
-1.5421 6.0824
-3.8734 6.4428
6.2905 -8.6139
8.6310 5.7240
-4.6257 9.1775
-4.3713 6.3754
8.4378 1.6715
6.2113 -6.6443
-4.7948 5.3981
-8.1076 6.1038
-4.2863 4.4478
-4.5773 -4.2765
3.8510 6.4126
-4.3694 4.8609
6.7910 7.6078
7.7535 5.5608
-4.6895 7.8314
8.6885 -5.1328
-5.3274 -4.3137
7.4653 7.6077
7.2619 4.6556
0.7137 3.7147
-2.5327 6.5818
-4.2197 -4.8585
8.5107 -9.9927
-3.6249 5.8708
5.0002 3.1012
-2.9933 7.0813
-8.4489 7.4384
-3.8080 -5.1455
8.5442 6.9384
-3.5225 5.1888
5.1002 6.5207
3.7017 6.6962
-4.5613 4.8398
-6.1490 5.7267
6.2700 -4.3586
10.3568 6.6720
-4.4332 7.7702
-4.2839 7.8415
-8.2115 8.4252
7.9971 5.2098
-5.0119 0.8206
-4.5982 -4.7750
-4.5997 5.9743
-5.0349 7.5349
8.1599 -7.4247
9.3702 2.9183
-2.1204 -4.7294
-6.6878 6.6646
-5.2113 -7.3878
-7.4984 6.8136
8.9902 6.9037
-4.4790 2.4950
8.0976 9.1771
4.9381 -6.5869
-4.2882 -7.9690
8.3873 -1.8298
6.1226 -2.8210
7.2166 -4.5309
-6.9271 6.3775
0.5331 -4.2385
6.7412 -5.9468
6.0419 -8.3972
-2.4799 6.9476
-0.9653 5.7331
-5.4860 -4.1989
5.1402 1.7996
1.1908 -4.0354
5.5931 1.9579
7.6714 5.0876
-4.7592 4.3412
-4.7054 6.5035
7.7515 4.3474
5.3022 8.0118
-5.6963 8.0758
-4.5330 6.2425
8.8205 3.2500
6.6303 9.6460
-5.0344 5.2524
7.8799 -8.5528
-7.7663 7.8612
-8.5136 10.1261
3.3300 8.9775
-4.8108 -5.4914
6.9825 -2.7601
-9.1304 6.9662
-4.4939 -2.1422
5.3918 -5.2906
4.8775 -4.9467
-4.1106 -5.2830
-4.2879 7.0948
8.0965 4.3001
7.1463 -8.3956
4.2538 -8.3570
5.3136 -3.6708
-3.8400 -4.5565
-6.7160 7.1195
8.0928 6.3278
-4.6724 7.3349
-5.1286 4.0589
6.7053 6.8189
-4.2396 5.5876
7.3120 -8.7616
6.3345 -0.1628
4.8976 8.3469
-4.4384 3.0262
2.1384 6.8566
-3.0958 8.6221
-5.2373 8.2836
2.4487 8.0618
8.7628 -3.2343
3.5021 -6.4684
2.0679 5.0791
-2.7484 6.7660
-5.8864 -5.2989
2.9644 -3.0055
-3.1086 -6.1528
8.2382 10.0859
-2.9973 -4.6343
7.2015 -7.1259
-4.4092 2.8686
-5.0174 4.6713
6.0431 6.7328
8.3269 -4.5580
-5.0688 7.1039
-6.5285 -4.0985
5.1697 6.6893
7.0516 7.5164
8.2655 -5.3064
4.1702 -4.7632
7.2400 -4.2794
7.4689 4.4081
4.2275 3.6421
6.4461 9.2573
-4.5401 8.9685
5.4419 -4.9185
-4.2544 6.3032
-4.6542 9.2920
4.5253 -4.4649
3.7721 -7.0699
-4.4761 9.7535
-8.3067 8.0406
-4.6173 -7.2745
7.5208 -7.4723
-4.1451 6.9023
6.1165 -5.4874
5.3620 -7.4173
-4.6122 3.6850
-4.0157 7.5505
-4.0061 -4.1304
-4.6629 6.9945
5.6497 0.2227
-5.1754 8.5006
-5.0185 7.9042
4.3256 -3.5656
-3.9931 -4.2621
6.0370 9.0631
0.3806 4.2805
5.8059 7.7504
5.9760 7.6326
-3.8673 1.5896
6.0571 0.9735
-4.6578 -5.1059
-4.8149 4.1459
3.3394 -4.8638
-5.0530 -4.7051
-2.9292 8.1319
3.3538 6.7433
5.1879 -4.6911
5.2952 3.5523
7.6408 -3.0487
-5.7456 5.1212
-6.9064 8.2915
8.7805 -6.7835
9.1351 9.1538
-4.8083 -2.7961
2.7854 4.3482
-7.4615 -3.9118
6.6747 -4.9209
7.4404 2.1421
-4.2027 -4.7696
-3.2379 -7.4802
-2.4814 9.9339
6.0149 -4.2644
6.1703 -4.2020
4.9451 6.8853
1.2792 1.4603
1.5801 7.4204
5.7385 -4.7733
7.2439 5.5730
5.7080 3.7389
9.9369 8.9926
1.6073 8.2825
-1.4870 -3.6057
7.7594 -8.7708
-3.2743 -3.9867
-5.0023 4.2307
-4.6516 -5.4863
-4.2521 7.8532
3.9200 4.8415
-4.2185 3.7536
8.8580 8.0260
0.4656 5.1362
5.5582 -4.2600
8.0375 5.8141
-2.6328 -3.5492
0.0295 3.6639
5.9010 6.9737
1.2871 -7.5163
-4.3814 9.6436
0.2786 4.5762
1.4816 4.7962
-4.1965 10.5307
-4.8892 -4.0560
5.6944 3.8068
9.0825 6.6711
-4.5667 7.1596
6.1724 7.0707
8.5266 -3.5374
-4.4037 -5.5244
-4.7984 0.0674
7.5346 -4.2272
7.6790 5.9756
-5.8117 5.4431
6.4120 3.1018
-4.7188 1.8901
5.4915 -8.0381
-3.9224 6.8003
3.8187 5.6873
-4.3328 -3.9228
5.9967 6.1321
4.0921 -4.2927
-1.3926 8.2862
0.8696 -4.9323
4.7387 4.9056
6.3652 7.3310
8.3927 4.4671
7.0015 -6.2965
-12.5600 -3.0815
7.8349 6.3318
-4.0297 -0.8797
6.4593 -5.1435
-4.5046 -4.6046
-7.4113 4.9242
1.5031 -7.2206
-9.5947 -4.2501
6.7453 7.7075
6.0569 4.3001
4.0755 3.1648
5.5455 -0.0010
4.8236 6.2966
-4.3343 7.3091
-0.9634 -1.3441
-0.7954 3.1002
-5.3970 6.7222
2.8692 9.0901
6.5715 4.0790
-4.2926 -3.2809
-4.0012 3.5186
3.3898 -4.7972
3.7926 -3.8849
-4.2682 -4.1705
2.6203 6.5403
5.1843 8.1262
5.6319 3.4820
-6.8875 -4.7688
-5.1304 -4.8740
7.7463 4.4286
3.9038 6.3593
6.1057 3.1835
1.6747 5.8491
-3.9498 -5.9774
-4.4789 -6.6464
7.0229 7.1803
0.8998 4.3812
3.6309 7.5033
-3.5706 3.2359
8.3084 5.7050
-4.5627 -4.7180
7.7750 -3.7885
4.9383 -2.5449
-0.0845 -0.8847
-4.1876 7.9271
3.9055 -4.7403
5.1519 6.1893
-2.7089 5.1353
-4.6739 -2.6974
-3.3921 -8.6038
-3.8584 3.1891
4.6174 5.7279
8.7169 8.1340
-0.1636 -5.7559
3.4099 -6.9103
3.5549 7.0264
6.2044 0.2336
6.4658 -3.9393
-4.0695 5.7360
-4.7056 8.0567
3.5462 -4.1060
-3.6535 -2.9755
-5.6148 9.1779
-4.8933 7.6617
6.4143 1.5754
6.5421 7.5170
2.8883 7.7193
5.8595 -4.3126
2.6508 -2.8045
-5.2849 5.4990
-2.7649 4.7645
5.7778 -2.4021
2.9720 8.7952
5.2494 8.1285
7.7158 -3.7598
7.7349 -3.8545
6.3948 7.3288
-3.5194 -6.2369
-1.1188 6.4476
4.5271 -4.9940
4.0451 -3.9067
-4.3291 -4.0863
-6.1005 7.1155
6.5944 2.2496
-0.2398 5.6676
-0.9717 8.1594
-5.3491 -4.3187
-4.3666 8.5105
1.4739 6.0119
-5.9721 6.1176
-4.7689 8.4592
-3.3140 -5.8590
5.6240 7.2849
-1.0279 7.0602
-4.3602 5.0988
5.1995 5.4427
-6.4025 -4.0736
13.0341 4.0589
-5.2452 -5.2576
8.0188 -4.4090
2.8364 6.6581
-2.3639 9.8511
-5.6879 -2.3444
5.0403 6.5393
-5.3562 7.8899
-4.4461 3.9017
-3.9822 3.4711
-3.8750 6.6267
7.3987 6.9223
-4.0902 0.2050
6.4461 -3.6984
6.4395 7.2627
-10.0738 5.7490
-6.8852 4.0321
-4.6135 6.7297
-4.8482 -3.6567
2.8036 -6.9674
-3.8077 -3.4883
8.3377 -4.6694
9.4210 -4.7452
-4.3282 6.1487
7.9087 6.4629
-5.1273 5.3976
-4.2119 -4.1287
-3.5626 -7.9436
-3.8122 -3.9279
6.5226 -0.2302
-4.5930 9.2385
1.0179 -4.0376
9.0602 5.8403
2.6727 2.6831
-6.6700 -2.7829
6.8121 -7.2667
-4.4078 -7.9176
-4.1744 -3.6969
-7.4374 5.7369
-3.5051 8.5131
7.4018 -8.9409
0.0064 -0.1516
6.0453 4.0235
5.1364 4.8854
-4.5942 1.4593
4.8836 -4.1370
8.5365 0.6492
-3.5324 7.7389
1.2785 -5.4441
9.1631 5.2925
-5.3741 7.6725
6.4713 -3.0594
6.8201 -6.5433
-4.9841 8.3337
6.2674 4.1999
4.4124 -4.5612
5.6173 -4.6464
-4.2561 -4.8890
5.2500 4.1341
2.1819 -6.9121
-4.1507 7.6491
-4.7641 -4.3133
-0.6336 -3.8207
7.5962 7.1602
6.9157 -8.6398
-4.6085 -4.5145
-5.2066 3.3284
6.5696 -5.0900
-4.7418 9.1695
-4.1627 2.7487
-4.3837 9.7051
-4.3365 4.3051
4.9364 5.4504
-3.9555 2.1003
-5.8080 -3.9805
8.4713 -4.8451
-2.6857 2.9611
-5.3966 2.5855
6.7205 -3.2905
4.7862 -6.4218
-8.1907 -3.8522
-4.2974 8.8883
9.0342 8.4042
-4.1297 6.6875
-5.0616 2.5695
-4.1059 4.3741
-5.1952 -6.8959
-4.4875 8.1252
9.3985 7.7184
9.9777 2.8427
8.6703 7.3841
4.8240 -4.6329
2.7184 -5.5983
5.2195 -7.0422
-6.6049 2.8588
7.0044 4.6514
8.7433 7.5483
8.1492 -3.8677
-4.0258 -0.1973
4.0408 7.0710
9.2589 10.9740
-4.6814 7.3706
-4.1004 -2.5638
6.4044 -4.9129
6.3469 -3.7455
7.0985 -2.9674
-5.4635 7.0612
7.6073 6.1020
8.3682 8.3641
-4.5118 6.1967
4.2713 -6.4139
5.5761 -4.0755
9.5531 -3.2964
6.0769 -4.6643
8.9899 -4.7359
-6.9507 -6.4873
6.7190 -3.5635
4.1174 -4.7455
7.5461 8.3682
-7.0302 8.2072
7.1261 8.6400
5.8613 8.1235
10.6700 8.0927
2.2626 -5.9620
-3.2385 6.0477
-8.4013 10.0231
4.7709 10.0448
7.3014 -4.9182
-6.6206 -3.8884
-3.8982 -4.3841
6.6501 3.7224
-5.0876 3.6486
-4.2258 -3.6566
-0.5818 8.7612
-7.2407 6.3982
-5.7479 -4.4415
10.2359 4.4312
4.5996 -0.8056
6.3447 -0.1745
7.3798 -4.6916
-0.3169 -4.4159
-5.3822 -4.9527
-3.5548 2.5860
6.4727 4.4475
5.8870 -4.1375
5.6060 4.6511
4.3663 -5.7153
5.9990 8.8885
6.4082 6.0152
6.8164 -8.9913
-4.3978 -7.0597
-5.4427 5.9896
-4.5752 -4.1802
-2.0697 -4.3986
-4.4152 -5.5143
9.7333 7.7674
-4.8569 -12.0593
5.8054 -4.7146
-4.0007 -4.8419
5.8476 -2.7465
5.9588 8.1147
8.1771 -2.9652
3.6247 8.9276
5.1441 -4.6340
6.0810 11.2179
9.3371 -4.5798
8.3145 -4.4356
3.1639 -8.9265
-2.1496 9.3313
-3.9491 -6.0042
-5.6917 7.5270
-7.9495 7.2415
4.8100 -4.1831
5.5424 3.8053
-4.5424 -8.3309
-10.0248 7.0452
-4.7615 8.3709
0.2352 -5.4627
-3.8759 -5.1445
-9.0156 5.0419
8.2662 -2.1334
-7.2602 -8.1301
1.9855 5.6168
8.1831 -0.7298
-3.4839 8.3082
-4.6818 6.8060
-5.4185 -5.7731
8.7754 -5.4103
-5.0636 7.1698
-4.7137 -0.3975
-3.2468 3.8978
-3.8822 6.0517
8.9942 8.5546
1.5879 2.8490
6.8530 -4.5319
-8.3614 -3.9472
7.1056 3.3560
6.2562 -3.9138
-6.3518 6.2194
7.2296 2.0463
-6.0351 -2.3261
-2.5870 -4.5345
5.9264 2.9882
-5.1623 6.7352
4.0453 5.4246
-4.1135 -1.3109
-4.8291 5.7518
6.6821 -4.0863
5.1154 -5.1481
9.1905 -7.0675
-4.2588 -4.7462
8.6462 -4.5779
-1.0349 -4.5427
-4.5685 3.6756
7.3212 -0.2271
1.7035 8.1801
4.6186 -3.9566
5.9443 5.2899
8.6461 -4.4918
6.7328 -3.8720
6.1107 4.1521
-3.4527 4.3634
-8.0147 -5.4837
-4.4021 6.5728
3.9868 -4.3624
-4.9685 -1.5655
2.1794 -4.8854
5.4460 -9.3394
7.3034 -4.0299
-4.9476 -4.7862
2.6569 -1.2331
6.0870 -4.6626
7.5091 -1.1395
-5.4311 -1.7432
4.2767 -8.4906
-5.2978 8.3187
-5.1359 4.5990
-0.5931 8.3366
4.2120 6.1297
-5.2136 5.9523
7.1093 5.8890
4.8063 9.5630
-4.7583 -0.6462
-1.0715 -7.6102
4.7434 8.0569
7.8208 7.6773
6.4772 -3.9470
-1.3334 -5.0437
2.1727 3.3625
5.4242 -10.7414
-4.5151 -7.5840
6.6411 5.9255
-4.0713 3.9489
5.2228 3.7372
3.0573 -3.2735
2.1866 -4.7913
0.4625 6.6210
4.7283 -3.0370
5.7297 3.7128
-5.9162 7.2867
7.2201 -5.1930
-7.4533 -4.3934
-4.3959 -5.9060
6.8121 -4.6874
6.9182 -4.5688
-3.0192 -3.7235
6.6249 5.2830
4.1160 4.9377
-7.2076 9.4836
-4.9399 7.8803
5.4711 6.0164
-4.5640 -0.0351
4.8669 -1.2242
7.1181 -3.5820
4.1377 -4.6291
-3.9959 7.4721
-3.7963 2.0623
7.2510 -4.6464
5.0201 5.9778
4.0618 6.5433
5.5362 -7.2406
5.0537 -5.5460
8.8835 -2.8692
4.6857 7.1756
1.2092 7.1538
-5.5124 11.3072
-3.9503 -5.1446
-6.4256 -4.8263
-4.0456 8.1935
8.7429 5.2843
-4.7166 1.8917
2.4857 -4.5867
-6.6433 -7.7472
-7.1867 -2.0855
-2.5524 1.4933
4.3502 -0.2047
8.0131 5.5968
7.3442 8.9976
-5.1322 7.6054
-3.7892 -8.0075
-0.3665 7.6440
6.1440 -3.8193
3.9656 -4.7871
-4.6832 -5.5914
4.8523 -4.2643
-3.0376 11.0673
-4.6270 -4.7844
-4.0629 7.3749
6.4915 7.5887
2.9938 6.7838
7.3321 1.3193
-7.4335 7.5524
-4.5776 -3.9640
-4.1195 7.1713
4.4338 2.4772
3.3917 4.1340
8.1967 -5.2250
9.3138 4.3284
6.3904 5.7144
-1.5027 0.9127
7.4262 -8.3409
5.3233 -5.4310
5.7857 -4.7409
8.2531 -4.8184
7.7908 4.3485
6.7432 -4.7445
-4.6813 7.7548
5.3028 5.2188
-3.6094 6.6331
4.4635 2.0404
4.5072 -2.9289
6.5700 4.8290
-4.5987 3.4655
8.9930 7.9791
7.9435 5.0892
-3.8196 7.5834
7.7841 7.9064
6.2746 7.2667
4.2952 2.7486
9.4784 6.8914
-4.9158 -4.3987
-4.9468 -5.9553
-0.2407 3.2283
-0.1085 5.7815
7.8103 -4.9998
-3.7988 -6.2884
-3.9938 5.9198
0.8530 5.6807
4.8420 -0.7755
2.5470 -4.0634
7.2507 8.1797
8.5355 7.1582
6.5609 8.0892
5.8618 4.7124
7.9015 5.1728
7.4212 8.6801
-4.2254 4.3826
-3.6771 2.4329
5.4779 10.0705
-5.4319 7.8144
-5.0951 6.1657
4.8364 -5.3586
3.2164 -3.6740
8.3139 7.6376
5.2348 -5.2753
8.5901 5.9754
5.5805 -4.6687
-6.1171 -4.1556
10.5028 7.5571
9.3784 -4.2830
4.9360 7.2517
8.5093 -2.2330
-3.0148 6.0042
-4.8543 -5.0214
-3.6122 -0.2612
-3.9401 -4.5616
-7.5531 -4.4203
8.5644 -5.1685
3.3681 -5.0376
-2.7717 2.1079
-4.4330 5.8760
6.2495 -2.0235
6.4379 -9.5021
5.2828 -4.1622
-4.9328 5.0798
-4.6844 7.8605
-1.5038 4.7486
-4.7760 -4.5106
-6.6599 6.0890
8.5840 4.1121
3.4319 6.0813
1.9409 -3.2477
-7.4604 6.5822
-3.5560 -4.2228
5.6014 -8.6003
-3.9285 1.9392
-4.7920 -4.6032
6.1681 8.1513
6.4778 6.0108
6.1672 7.9460
6.1578 -4.6491
-4.8226 1.9812
-3.1093 -4.4092
-9.6719 -5.2624
-4.1533 -2.8505
4.5796 -3.0162
2.0284 5.5449
-4.5934 8.9148
10.1337 4.1096
-6.1863 -3.2466
5.7222 -0.4474
-3.4056 -4.3486
2.8507 4.6546
5.2416 -2.6631
8.1588 5.8976
8.1624 7.8843
-4.3196 6.8753
4.4032 -5.1868
-3.8418 5.8281
4.6474 7.8120
6.1773 -0.9249
3.3917 7.4169
8.8644 10.3040
6.4070 7.4324
7.5566 6.8047
-6.0646 -4.4521
8.5807 -1.8263
3.0727 -11.3363
-4.4061 5.6507
6.0662 4.0549
2.6883 -8.7566
5.0725 7.1048
7.1844 -4.6382
-3.6312 6.3151
-4.9197 -10.2169
-4.7233 -4.7799
-4.6200 9.0731
6.0081 7.7948
6.3721 -10.1029
6.4797 6.1617
-4.5391 7.5705
-4.0717 -8.5583
4.3771 5.3885
-4.1478 3.4209
6.1982 9.8949
7.3424 4.5302
6.5370 2.5169
9.1091 9.7720
-4.5286 8.7571
-2.9737 -4.1637
3.6311 8.0674
9.5717 -0.4915
6.7047 5.9662
-4.5214 1.6069
7.1155 5.9762
5.3480 9.1859
-4.1343 -5.0538
7.0259 -4.6928
8.4041 8.2586
7.9448 -5.9864
-6.0753 9.3023
6.9408 -7.5172
-2.6593 -5.0188
-0.3464 6.6143
-4.7372 4.9551
-3.8253 7.7308
-2.2116 8.9937
-4.3385 0.9792
-4.4848 -4.3714
-2.0567 5.6779
-3.5444 1.2540
-5.1143 5.0926
5.9094 -4.1782
1.8984 -4.6456
-7.6317 3.4692
-0.0967 9.6521
8.3696 -3.2266
12.3272 -4.5581
4.1982 8.2129
9.2479 6.4470
5.0774 6.6062
6.1394 1.4492
6.0539 7.9906
5.0905 -4.3374
5.5102 1.6226
-5.8441 6.8722
-1.1765 4.1256
4.4205 -3.8414
7.4419 -4.1102
5.2408 7.8486
-3.8815 9.5513
4.8528 -4.5490
1.2086 6.7269
-4.4718 -2.9017
5.9677 -5.1555
-0.7424 -8.0133
-4.7751 8.3174
8.9850 6.9018
-4.6129 7.7065
3.5939 2.5491
9.1992 -2.7754
6.6595 -7.5859
-4.1716 -3.6734
2.6450 -4.9759
-6.2689 7.2591
5.7881 -5.4299
-7.0286 -5.3295
6.7835 -5.6038
4.7430 2.0045
5.0219 -5.2801
-4.5629 5.5554
-3.7263 4.9374
9.0553 -5.4557
9.2096 -3.4393
6.7283 -4.4667
-4.9845 -4.7984
4.7348 4.0250
-5.1403 3.7572
-4.2820 -7.5501
-3.7016 8.1822
9.0739 -7.9153
-4.2032 5.8580
-3.0906 -9.3055
5.4632 4.9917
8.0490 3.3354
-4.3861 -4.1609
-4.9984 -3.3303
4.9635 -5.3053
6.4120 10.8105
-4.4689 5.2606
-5.9571 5.5177
2.1887 -0.9678
7.4066 -4.3434
-0.8246 -4.1169
-6.8437 6.1144
2.4528 3.3854
-5.8463 4.9063
-5.2842 -4.3859
-4.6338 -4.9161
-4.8633 -4.9455
-4.5317 8.0809
-2.8481 3.2927
3.8849 5.1369
6.2615 -3.6922
-3.8793 -3.1873
-4.5001 -2.8958
-8.3445 -3.2277
0.9786 -3.3915
-4.7269 6.5013
5.4395 5.9273
-4.0363 -4.2909
5.8827 -4.5748
6.5933 -2.1477
5.9257 7.5337
-4.4661 9.3961
-4.5862 2.5993
-4.2263 4.1687
-4.9585 6.0589
7.9445 -3.7548
5.0971 -4.0913
-3.7766 -2.8744
-4.4921 2.2801
-5.2762 -1.3217
6.4147 -4.5599
-2.3216 -2.8159
-3.4399 -5.0170
9.5091 -3.9560
2.5128 0.1130
6.4060 6.1225
-3.1665 -4.2757
0.0481 3.4458
7.0648 5.5639
-3.4470 5.9915
-4.8208 6.6030
3.5950 5.4603
9.4049 -4.3987
-3.4345 -4.8807
-7.6494 4.9048
7.8221 -4.2745
-7.8770 6.1330
9.7487 -2.3903
-7.0895 -4.3979
6.4681 -3.7120
8.0099 2.2809
-3.2684 5.2241
3.7120 7.1059
7.8363 2.7790
-5.7323 2.5011
7.3677 8.3703
-4.5788 3.3958
-4.5516 -5.2573
-3.6645 -3.9277
4.0947 -6.8062
5.2185 -8.7655
-4.7176 -6.1760
5.3885 -5.2637
6.9061 -3.9438
-1.9025 -4.9687
6.2087 4.1974
-5.1532 3.7791
-4.9101 -2.7061
-3.8074 -2.6103
7.7096 -4.5878
0.5090 -2.6275
-4.8977 -4.7964
2.1736 2.7653
-4.5508 7.1804
-4.9344 -4.2392
2.7672 4.1119
-6.2431 -3.9616
9.1463 3.8652
-3.3443 -3.7009
-8.6447 6.6926
6.5743 7.7269
7.2416 6.2715
7.6705 -6.5527
9.7158 -5.7859
-5.0095 1.3273
5.3447 6.0449
7.5457 9.6277
-4.3646 5.1669
8.3989 -3.3983
6.8008 4.4106
-3.9603 2.6413
-1.1960 8.5244
4.1047 9.5105
-3.8406 6.4149
4.9246 5.5597
6.4777 -4.0882
5.6602 7.5624
3.4774 6.2833
-4.4233 -4.2322
2.5114 -4.5076
-6.0060 3.3120
-0.4984 3.2796
7.0279 6.6485
5.8778 6.6987
4.4057 2.5155
-4.5866 -7.9827
5.0277 4.0280
-3.6426 -4.3079
-0.3392 0.8284
-4.3808 -4.0109
6.5491 -4.3298
12.1452 -4.7787
7.3066 -4.8977
6.3301 -5.1951
-4.4044 0.7100
2.9771 -3.6407
-4.4557 -5.1508
9.5589 6.6572
6.9277 3.2909
-3.9905 8.5162
-2.9510 -2.6895
3.3587 -4.5596
-6.6129 7.7028
-10.1357 -3.9539
-5.0990 -0.5034
6.7278 1.1780
4.8855 -7.6972
7.5849 7.5570
4.5698 4.6272
7.8845 4.7646
-4.2929 6.5370
-4.3242 -4.5108
7.4582 2.4801
-5.6574 -5.0438
4.8993 2.9333
-1.9908 4.4223
-1.9760 8.4302
-4.6309 3.2893
4.2200 -3.1466
-4.4557 4.8379
5.4326 0.5130
6.7525 -9.3346
-6.1740 -9.6454
-4.8670 -7.6709
-1.1151 7.2506
-2.1824 8.3264
-5.3996 3.7435
-5.7123 -4.2950
2.3447 -5.2641
-6.3612 -3.0205
4.2518 6.7708
-4.4162 5.9567
10.0261 4.3605
-5.4622 7.8198
5.7954 -8.2569
10.1840 -4.5363
-4.7279 -7.8473
-4.2374 -4.1865
2.3242 -4.6293
-9.2857 -5.4138
-3.4582 -4.1691
-5.1223 8.2179
4.6551 0.3599
5.9157 7.1831
6.7522 -5.0379
6.2657 2.0743
-6.0402 -5.1372
-8.2155 1.9283
7.1047 -0.9461
-3.6112 2.6164
-4.7391 -5.2474
-4.0191 6.5710
7.0106 7.4426
-1.7658 4.0010
10.4558 8.3696
12.5716 4.7463
-5.8956 4.6580
-2.1832 7.6913
5.2530 -4.1781
-4.5976 4.6576
9.6367 -5.3398
1.0234 7.1410
-4.4631 -4.0248
5.5858 -7.7612
-4.4907 -4.5719
6.1068 7.4755
7.4358 0.9192
0.3336 -4.0575
-4.4171 7.8513
-3.9760 -4.7283
-10.8242 6.4798
6.5122 -4.3604
1.6011 -4.5056
6.8044 6.6766
-6.3628 -3.0067
4.7822 3.7724
1.7694 4.1775
-5.0330 -7.0171
-6.4489 6.9374
5.8737 -4.2101
6.7952 7.1633
3.7289 7.2838
3.0338 2.6290
5.4828 -5.2989
6.1725 -4.5071
-4.9558 3.5363
5.6868 -4.6916
-2.4057 -4.3812
-6.4895 8.9545
-1.3156 -4.8259
7.8010 -2.4033
7.8259 6.7869
6.9228 -4.6131
-0.4871 -3.7207
7.6442 -3.5609
4.4648 5.3654
7.7929 -6.9918
7.4314 -4.4954
-7.7217 7.8668
-4.7887 -0.1361
3.4273 6.7721
9.6227 5.7394
-5.1387 -2.3849
3.0534 6.0873
-4.7208 -4.8671
-4.9029 8.1938
9.8277 5.4416
-4.6134 6.8424
-3.8775 -0.1036
-3.3813 -4.0581
-4.4355 6.2810
-3.7329 -4.6974
-5.4435 -4.0593
-4.9582 -4.7109
-5.0191 -2.8718
3.9009 5.0647
6.7743 -3.6677
7.2277 -5.7929
-1.8401 6.9800
-3.5897 3.5557
-4.3869 6.8617
-5.1058 5.2828
8.7956 8.0350
2.7512 -3.4393
-4.2073 1.6054
-6.8593 10.2580
8.6029 5.9270
-5.8364 10.9588
-4.5503 -7.1599
5.4722 -3.6698
7.0483 6.8725
5.7921 7.6758
-3.8013 5.7750
7.4614 -7.3572
6.3090 -6.3923
-4.9490 6.9704
5.6298 3.6760
6.9543 -6.0871
8.8077 -4.7862
-6.1326 4.7339
7.1238 -6.4297
-4.1225 -3.1265
5.5456 7.5073
7.7966 2.8785
8.9264 6.9317
-5.0006 6.7913
-10.4984 -4.6268
-2.8345 -3.7825
6.0876 6.3343
7.6942 3.4606
6.7776 -4.9598
-4.1098 -2.7517
6.5012 -4.1298
2.6421 7.9566
-5.8303 -4.0454
4.9989 -4.2853
8.3599 -2.6319
7.1692 -3.9220
-4.8273 -4.2802
-9.1206 -4.4313
0.9939 -3.8015
4.6593 -7.9857
3.2987 -0.0312
-5.2663 -4.8572
3.2689 -6.0062
-5.1514 -4.6756
5.4356 5.6536
-4.7982 6.0540
6.0398 5.9567
8.7320 8.1311
8.2342 -8.7676
-7.4241 -4.6645
-6.0001 6.7560
-7.2516 -4.2813
-3.4992 2.2903
-8.3835 -4.7723
8.3463 3.8459
-0.2309 -4.1404
8.7261 6.9378
3.9209 -3.8564
5.5021 -5.5265
9.1520 -4.3918
-2.6373 6.8809
-3.7658 -1.8774
4.4673 4.7598
8.8179 9.0148
-4.2672 -4.2435
4.1415 4.3997
-4.1697 3.5751
5.1906 6.5646
-2.2043 -1.6571
1.5242 7.4757
-3.9606 6.8615
-4.2398 -7.9342
-3.7729 7.4049
7.0008 4.7273
5.3842 -1.7338
5.6645 2.5607
2.1444 7.9441
-4.9399 -4.5399
7.5529 -9.1412
7.5332 5.6717
-4.3152 7.2103
5.7012 4.7154
-4.7413 6.5951
-4.7450 -2.0271
5.5616 -3.0671
7.8994 4.1587
-3.5777 4.8031
-4.4816 8.1338
-1.6266 -8.8088
-3.4233 -8.9957
6.4090 -6.2648
-4.6414 -4.6654
-2.9382 3.4251
7.4132 4.6711
4.2289 -9.9967
-3.6893 4.9197
5.3802 6.0394
-3.3854 3.8544
10.4416 5.7814
-1.0636 6.6468
6.3894 -3.5633
7.4327 -3.4629
4.6364 7.4667
-4.1500 -3.4160
0.4556 9.6306
8.4638 8.5405
6.6976 7.2801
-5.2934 -4.9984
5.5175 -4.2356
-4.2133 -4.2602
8.4416 -4.4849
-8.1810 -3.3499
7.2085 -2.7893
-4.5307 7.3573
0.5006 6.3762
-9.1727 -3.3902
7.1074 -4.2160
-3.8946 6.4957
-6.5795 0.8122
-5.1722 7.8569
4.4943 3.6984
-5.6403 -6.5617
2.6307 6.1633
-5.5880 6.0419
7.7249 -4.3758
7.6077 -4.5932
3.6591 5.4283
-3.5754 7.6642
8.2894 3.2668
5.2141 -2.9053
-2.6755 6.5238
4.7935 -5.0145
6.4502 -3.0822
-6.3508 -3.4762
-4.7888 7.1413
6.2639 -4.5536
4.3313 -3.7020
7.8172 5.6003
7.1795 -5.2269
6.4719 -4.9446
3.5399 4.1937
7.3641 -3.3210
6.7810 8.5846
-4.0599 -3.3478
7.1499 6.6023
-4.0213 7.8591
5.7704 3.6087
-4.8861 -4.6605
2.0971 -6.5057
6.7903 3.8088
2.9255 6.2705
9.5169 5.2053
-8.7746 -4.0561
-4.5412 -4.6207
-2.7312 -4.4145
-3.7666 2.8340
-4.4175 -4.3285
8.1824 8.5530
-3.2566 -5.3320
5.4825 -5.8627
-5.0209 -4.5981
-3.1357 7.2267
6.2105 -4.2021
-4.2668 -3.4281
-4.7940 -3.6103
7.7109 7.7046
7.4099 7.4571
-4.1667 8.1287
4.5530 -5.9821
-4.9216 6.1293
3.5205 -6.3884
6.6203 -4.7086
-5.1420 7.0884
-4.2803 -9.8887
8.5816 5.4409
-3.5552 5.8195
-5.7982 -4.5354
4.5752 -3.8442
8.8864 8.6193
-3.9749 1.7231
-4.1454 -8.9576
-4.4863 -5.1081
4.4098 -4.3956
7.0348 5.1558
6.7608 7.0049
1.7367 -8.4016
4.9039 7.4514
7.2548 4.6244
-4.0593 -4.1404
1.9406 -8.2158
4.7433 -4.9490
-4.3536 7.6183
-6.9499 -0.3030
-5.2657 -6.6539
6.9196 6.8363
-4.5023 6.7229
-4.2495 5.4066
5.0916 -4.9539
1.3710 -7.6702
-4.4657 -3.0007
5.7002 -4.8396
9.4913 8.5261
4.8546 -2.9571
4.4269 -2.7592
7.8300 6.3303
-7.3607 2.4058
-3.6037 5.1971
6.7263 3.9437
6.0376 4.2761
3.6825 3.4459
0.2109 6.1483
-3.9870 6.7027
-4.3012 6.2565
5.9754 -2.3405
