5
4.4926 -5.3531
8.9770 -6.7266
6.6426 3.8320
-7.6071 -7.0991
11.3100 -6.4240
-6.9706 -6.4512
-6.4551 -8.6119
-7.0664 -4.5163
-2.8019 -6.1764
-6.5044 -6.5077
-6.9851 -6.7765
-4.4978 -6.9656
0.4768 -5.8306
-7.0649 2.2292
-6.4444 -6.3238
7.2530 -1.0938
-8.5252 -7.0852
-6.3073 -12.2864
-6.7857 -6.3382
-5.7241 -7.0006
-6.2972 -8.3090
-6.4198 -7.1475
-3.2720 -6.2430
-9.5232 -0.2086
-7.0457 -6.9229
-7.1240 5.9204
-9.1838 -6.4721
-6.2841 -6.2594
-3.4287 -6.5052
-6.9689 -6.3116
-7.0654 -7.7669
-7.0043 -4.4273
-6.9364 -0.8569
-6.2018 -6.4632
-6.4463 -7.0620
-7.1991 -1.3957
-7.1255 -8.7475
-7.1263 -3.2793
-6.5055 6.6861
-6.2055 -7.0432
-8.2073 -4.9571
-3.1081 -6.5067
-7.6338 -7.0647
-6.1535 -2.0373
-4.1915 -6.9642
-7.1029 -6.9386
-6.8597 7.5209
-8.5691 -3.5678
-5.3627 -6.2830
-6.5968 -7.0625
-8.3818 -7.0562
-6.3460 -7.0505
-5.0862 12.1061
-7.2835 -9.5854
-6.3130 7.3158
-6.2316 -3.0443
5.3449 -6.9113
-6.6934 -7.0650
-6.8960 -6.2112
-6.9068 -6.4269
8.4439 -4.6946
-6.6330 -6.4374
-6.5403 -6.1577
-5.7307 -1.4496
-6.9619 9.5552
-3.8709 -5.2942
-7.0913 -9.2552
-6.4275 -6.3383
-6.9012 -10.7993
-7.0181 -6.5021
-7.0632 -6.9128
-6.0365 -6.4511
-6.2091 -7.0684
7.8928 -6.6269
-6.3659 -4.2326
-6.1966 -6.2666
-11.1231 -8.0017
-7.0164 -6.5347
-6.5694 -6.5288
-6.3363 -1.9029
-6.8059 -7.8907
-6.1038 -6.9425
-7.1360 -4.7289
-6.3300 -6.8301
-7.0144 -2.2024
-5.3622 -6.9700
9.7588 -6.9939
-8.9857 9.5735
-10.1044 -7.0457
-5.8251 -6.2422
-8.1884 -6.7515
-7.3957 -6.9797
-6.4639 -6.8317
-4.5626 -10.2046
-6.8278 -5.5347
-6.9049 -6.2770
-6.4147 -5.7897
-6.6045 -6.3027
-7.5641 -7.0328
-4.8740 -9.4507
-7.0323 -6.0283
-7.0715 -7.1007
-7.6105 -8.5806
-6.5486 5.6835
-6.4000 8.7055
-5.4270 -7.2205
-9.1390 -4.4718
6.5841 -3.5105
-7.0695 -11.1519
-7.0084 -6.1493
-4.3411 -4.6131
5.2394 -6.6494
6.9097 -7.1605
-6.8790 6.4289
-7.0714 -6.0501
-7.2270 -7.0475
-6.6780 -7.0519
-7.0935 -6.9980
-3.0510 -9.7996
-7.3146 -0.2395
-8.3934 -3.3249
5.8934 -7.0685
-4.4611 -7.1369
-3.2715 -7.8856
5.8725 10.9486
-10.2098 -6.3414
8.2634 -4.7985
-6.5612 -6.9797
-6.1906 -7.0352
-7.1277 -7.0975
-7.0771 -6.0065
-6.4614 -7.5302
-6.8859 14.5169
-7.0105 -6.7864
-9.0396 -9.6829
6.5573 -0.6526
-7.5584 -5.8373
-6.3912 -6.4028
8.7021 -9.4752
-0.2550 -7.0297
-6.4780 -7.0183
-6.9864 -9.5156
-2.1854 -6.9486
-9.9548 -6.4132
0.1965 -7.0104
-7.0004 8.7390
-3.7102 -4.7376
-6.2924 -6.8273
-5.2238 -6.4787
-6.2309 -8.1795
-2.6166 8.5786
-6.4175 -7.0851
-7.0015 -7.7323
-6.8036 -6.4507
-5.2724 8.0810
8.6160 -7.1044
-7.3579 -6.9493
8.1245 -6.9148
-6.3604 -6.3185
-6.3858 -6.3849
-6.3467 -7.0683
-6.2748 -8.8839
-7.0414 -7.2048
1.2782 -6.8726
-1.9161 -7.0251
-10.3516 9.8612
-2.8680 -2.9429
-6.9880 -8.4369
-7.0707 -8.8003
-7.2202 9.7545
-7.1519 -6.9772
-7.0308 -5.1224
-6.2638 -10.8655
-2.4851 -6.7062
-6.3616 -3.4045
4.5149 -6.8035
-6.1417 -6.5060
-6.5487 -5.4248
8.2423 -6.2768
-6.4507 -6.2630
-8.3112 -6.4002
-6.3482 -8.1768
-6.8634 -6.6368
-6.2731 -6.2113
-7.2666 -4.0649
-7.2154 -6.8963
-8.3794 -7.1501
-10.0033 -6.3744
-6.4641 -6.7427
-2.7728 7.6451
-6.9625 -7.1156
-4.9089 -6.2212
-4.5064 -1.6084
-7.0278 -5.5123
-9.3963 -7.1652
-7.2211 -5.8641
-7.1991 3.6889
-6.2413 -6.9420
-7.5918 -6.9368
-6.8167 -3.5907
-6.9868 -7.0429
-6.2839 -5.4598
-6.9920 -8.4671
-6.3458 -7.0480
-2.1848 -7.0387
-6.1975 -7.0322
6.8884 10.2578
-9.4496 -1.8271
-4.0409 -8.3908
-6.3273 -6.3265
-7.4616 -2.6985
-3.1131 -6.9200
-3.9390 -6.9318
-7.4695 -6.2385
-3.3220 -0.4201
-7.0651 -3.0391
-8.7421 -4.9163
-7.1737 -7.0164
-8.2866 -7.1428
-7.2230 -7.0184
-7.1626 -7.0638
-0.9301 7.6655
-6.1524 -6.4455
3.8431 -6.8301
-7.0947 -6.9253
-7.1117 -1.4403
8.5766 -6.5914
-6.4930 -9.4661
-5.2242 -7.3330
9.5797 -6.4311
-6.9440 -7.0834
-6.1245 -4.0326
-3.3606 -5.3882
12.0493 -6.2134
8.0936 7.8805
-6.6047 -7.1302
-6.5497 -7.0345
-7.1068 -6.3178
-7.0563 -11.0975
-6.4395 8.5511
-7.3184 -6.8929
-6.9034 -5.8489
10.2853 -7.2119
-7.0949 -7.1083
-8.4911 -6.2765
-6.8583 -5.7119
-7.0762 -10.1684
-9.1756 -6.2861
-6.9885 -5.5102
-10.1779 -6.5209
-5.7333 -6.8169
-6.5020 -7.1857
-6.6190 -6.4698
-7.1778 6.2702
-7.0167 -4.7447
-6.9770 -5.1105
-6.6152 -2.4006
-7.1237 -6.4482
-4.0874 -6.9980
-6.0938 -1.3959
-6.2987 -6.4749
-10.1520 -6.9301
-6.2202 -6.4766
-6.5647 -3.3734
6.8878 1.3870
-6.6217 -6.2404
-11.6356 -5.8314
-6.4703 -0.6254
-7.1811 -6.9945
-6.1221 -6.3507
-3.3217 -2.6059
-7.0962 4.6023
-4.5108 -10.2147
-7.0840 -3.8543
-7.8983 6.5921
4.2131 -8.3413
-7.5745 -6.2808
-5.5347 -5.9659
-7.0215 -6.3184
-6.0716 -6.2515
-7.0551 -9.5259
-3.6656 -6.2924
0.5175 -0.8895
5.9038 -6.4148
7.0402 -5.6762
-5.4475 -6.6999
-7.0035 -6.6841
-6.9410 -2.4631
-5.8291 7.2818
-2.2222 -7.9840
-2.3196 -2.5039
-6.3616 -7.0471
10.1637 -6.0446
-6.3845 -6.8474
-7.4963 -6.3138
6.5657 -4.8542
-7.1110 -6.1264
-6.9316 -7.5422
-6.2631 -2.1609
-10.5403 -6.4362
-7.7110 -6.5405
8.5586 -6.5219
-11.6001 -8.4547
5.4237 -6.3786
-6.5677 -6.4418
-6.5171 -6.5695
-9.2841 -3.8055
-7.6217 9.6985
-7.1144 -4.7859
-7.0335 -6.4442
-7.3822 -6.2688
-6.9432 -7.0960
-4.7233 -6.7090
-6.8959 -7.0022
-8.6521 -6.0934
-6.9510 -7.1590
-9.0440 -6.3826
-6.3655 11.0355
6.8955 6.9982
-10.1963 -7.0125
-5.0855 -2.1153
-5.9469 -6.5966
-3.5572 -8.1211
-8.4316 -6.4450
-6.2724 -6.9880
-7.0584 -4.9529
-7.7419 -7.1816
-6.4903 -6.3482
9.6511 -6.2639
-2.0323 -6.4346
-4.3654 -10.0879
-6.4495 -7.0090
-5.0581 -6.7423
-2.5414 -6.1552
-6.7450 -6.4977
10.2690 -7.0860
-7.2264 -6.9965
-6.8698 -6.3450
-7.0328 -7.0330
-4.6083 -3.3622
-4.3045 -6.9442
7.9292 -7.0274
-6.5405 -7.1173
-3.0103 -6.9822
-7.0447 -6.3511
-7.1819 9.8018
-5.9407 -2.6940
7.6472 -6.3442
-6.3727 -7.0758
-7.5521 9.5176
-3.8448 -7.1167
-6.1257 -6.0710
-8.5419 -6.4434
-6.4682 -5.1586
-4.4658 -6.3145
11.1280 8.5968
-6.5195 -6.1182
-7.1941 -6.9461
-9.6443 -6.9653
-6.1891 -7.1074
-5.5245 10.4870
7.9945 -7.9595
-6.0617 -7.6769
-6.9643 11.3650
-6.9421 8.9464
-6.1865 5.5447
-7.1835 -6.3219
-5.6806 -7.1970
-3.3006 -7.1694
-10.0773 -4.1511
-7.1196 5.4318
5.2959 -7.0124
-4.3047 -7.0342
-7.1091 -6.3541
-6.9175 -7.0810
-5.7374 9.5034
-6.5848 -5.2670
-10.0880 -6.3076
-2.9837 -7.0184
-3.3706 -7.0188
-5.2932 -6.0956
-7.1805 -7.4969
-6.3596 -6.2727
-6.9053 -6.1879
10.1168 -6.2464
-4.2490 -6.8434
-4.7151 -6.7703
-6.4451 -5.0193
-8.4768 -7.1083
-6.3945 -7.0930
-6.8848 -4.3110
-6.2066 -6.1448
-8.8217 -6.7852
-6.6440 -2.2997
-6.2852 -6.7724
-7.2080 -3.8661
12.0194 -5.4220
-6.9437 -6.2564
-7.1438 -6.9396
-1.8562 -6.3587
-7.0843 -6.5755
-6.1796 -8.2769
-7.1072 -3.8864
-6.9904 -2.9035
-6.4093 4.7580
-6.3798 -6.0477
-4.1157 -5.4470
7.2371 -7.0767
-6.4353 -6.9667
-6.0976 7.1980
-6.9302 -6.4532
-6.0737 -6.2182
-6.1496 -1.2277
-8.3511 -7.0254
-7.2134 -6.3824
-6.3632 0.8648
-7.0328 9.5702
-9.2022 -6.2116
-6.7724 10.4311
-6.4674 -6.8778
-6.9915 -2.2644
-6.2830 -11.1975
-5.6792 5.3071
-7.2155 -7.1302
-5.9326 -6.3088
-6.1861 -3.6844
-5.4732 -6.3251
-7.1488 -6.2413
-6.5511 8.2818
-6.5632 -7.1941
-6.5209 -6.2730
-6.6014 -5.4355
-6.0640 -5.9871
-6.3468 -8.0816
-6.2627 8.9865
-5.8343 -5.9846
-6.5202 -1.5308
-7.0577 -6.4004
-6.1540 -6.2262
-6.9711 -10.3890
-1.9481 -6.9952
-3.6751 -5.3159
-8.7484 -6.4400
-6.3073 -2.6257
-11.1490 8.3633
-7.6511 -6.9262
-7.1092 -6.5052
-6.5628 -7.5571
-12.0444 -7.9276
-8.0358 -6.9520
-6.2683 -6.8988
-7.0179 -6.9577
-10.6932 -7.1671
-6.8874 -7.1500
-5.9831 -6.3987
7.1722 -6.4124
-6.8479 -7.1303
-5.6115 -8.8580
-6.3930 -7.0413
-6.1899 -7.9492
-6.5778 5.2744
-6.5188 -3.6892
7.2093 10.9210
-7.0961 -6.4313
-6.9819 -6.9469
-2.2920 -7.0199
-9.7791 -6.3401
11.3725 -7.1504
-2.7764 -7.0510
-5.5100 -6.3985
-6.4846 -6.6182
-6.1418 -6.6567
-6.9868 -6.2161
-7.0445 -7.0872
-10.0736 -1.0188
-7.1267 -6.9730
-6.1318 -6.3358
-6.2009 -6.4636
-7.0573 -8.2292
6.2686 -7.0551
-6.3999 -5.8340
-4.1953 -4.3298
-6.9257 -7.7185
-6.6851 -4.8261
-10.3788 -9.9762
-7.2555 -6.5185
-3.6824 -6.2940
-6.9374 -6.9580
-7.0724 -7.6600
-7.1187 -6.9384
-4.9243 -6.0989
-3.3069 -5.9881
-5.9359 -6.9247
-8.2337 7.8029
-6.1089 -6.3442
8.3697 -8.3012
-2.3346 -6.0246
-6.3796 -6.2225
-4.2931 -7.2697
-6.2964 -7.0255
-7.0333 -6.9326
-7.0409 -6.3484
7.0369 -6.1941
-5.6825 -6.0225
-7.0199 -3.8033
-2.8380 -7.0115
-6.1480 4.9350
-4.4225 -6.0484
-6.2248 -8.8496
-6.4640 0.4389
-4.3816 -7.9493
-6.5790 -6.5370
9.5117 -6.4018
-2.6616 -6.3970
-7.1818 -5.8696
-6.9738 -6.9892
-6.3273 -6.2900
-6.9953 -6.9833
-9.2930 -7.0266
-6.1966 10.8875
-6.4781 -5.0822
-7.0746 -7.6116
-7.1143 -7.1629
-7.0428 5.6944
-6.8588 11.1642
-5.2380 -7.0947
-6.2584 -4.0316
-3.8796 -6.3594
-7.1660 -7.0076
-1.3288 -6.3224
-6.3515 6.6404
-7.2773 -6.9863
-6.5267 -7.0127
-6.9568 -7.0356
-6.2008 -6.3843
3.8180 -7.0313
-6.4338 -6.3170
-6.8694 -7.0608
-6.4294 4.0844
-6.2883 -6.4889
-7.1045 9.2723
11.8124 -6.3001
-7.1867 -0.8614
-4.3150 -7.0125
-2.3819 -5.8976
-10.0814 -3.0130
-6.4248 9.9731
-7.0878 -6.9273
-6.4603 -7.0955
-6.3343 5.4092
-6.2673 -7.0955
-6.5500 5.5145
-4.0509 -6.9622
-6.2607 -12.7526
-5.1080 -7.9792
-6.8846 -6.2665
-4.0638 6.9876
-7.0856 -3.3037
-7.9362 -8.5781
-6.4629 -6.4549
-6.2002 -6.2809
-5.5757 -6.2156
-8.6590 -6.4936
9.8281 -6.5425
-6.0272 -3.6896
-6.9993 -6.5869
-2.5306 -2.9307
-6.3998 -6.1335
-4.8556 11.5503
-6.3512 -7.3859
-6.2617 6.2937
-2.5760 -7.0021
-6.3371 -6.0655
-7.2973 -6.8553
-0.0073 -6.2548
-3.3487 -6.2723
-6.8141 -5.0677
-7.1943 -7.0213
-6.3095 -6.8913
-9.2369 -6.6788
-10.9974 -2.8102
-6.9667 -6.5124
-6.9232 -7.0671
-7.6720 -6.0550
-6.0958 -6.3785
-6.9918 -6.5564
-6.0966 -4.1006
-5.7409 -6.9721
-6.3880 -6.4224
-1.7014 -6.2692
-6.9417 -7.2186
-7.3349 -6.7001
-6.1973 -7.1330
-6.3635 -7.8332
-7.0788 -0.9582
-6.6344 -6.2169
-2.8881 -6.9252
-9.4921 -6.3658
-7.0178 -7.8028
-7.0421 7.8486
-6.2159 -14.0703
-7.0455 -9.0749
-7.0861 -7.0099
-3.3681 -7.0014
-9.1493 -6.9802
-6.4658 -7.0073
-3.3074 -7.1104
-9.7770 7.0198
-6.6775 -6.6075
-6.3948 -6.5704
-6.3582 -7.8925
-6.6116 -8.7026
-6.4215 -7.0720
-6.4379 -7.0369
-6.2227 10.7649
-6.5253 -6.0641
-6.2877 -6.8931
-6.4227 -7.0121
8.9059 -8.1856
-7.0901 -6.3038
-6.2291 -6.5937
10.6851 9.6539
0.1883 -6.9304
-7.0011 -8.8133
-5.7102 -7.1351
-6.9852 -6.9790
-11.2663 -4.4539
9.5996 -6.7503
-6.3787 -1.8565
-10.2764 -8.3522
-5.2704 -7.0324
-6.9544 -6.3764
-6.8269 -6.8812
-7.2326 -8.2178
-7.1303 -7.0637
-7.8618 6.1581
-6.4869 8.4914
-7.1904 -7.0841
-0.9406 -0.0993
-4.2847 -6.2365
-7.1605 -6.2157
-8.2698 6.8129
-7.1492 -6.3559
-0.2346 -7.2531
-9.4057 -7.0262
-6.3121 -6.1180
-7.0597 -7.0893
-3.6716 -6.2404
-7.0786 -6.4176
-6.9779 -7.0436
-6.2593 -10.8760
-10.2493 1.4103
-6.3006 -6.1692
-9.7945 -2.4723
-7.0591 -0.7687
-4.7369 6.2750
-6.2995 -7.1504
-6.4000 -0.6016
-6.5079 -6.5996
-6.4794 -7.0484
-6.4785 -4.7875
4.4422 -6.4450
-6.4168 -7.5259
-7.1150 -6.8903
-0.9347 -10.2681
-6.9691 -9.4465
-4.5382 -6.9102
-7.1060 -4.0667
-6.2384 -6.9093
-7.0668 -7.1309
7.7709 -6.5080
-5.1254 -4.9556
-8.7211 -6.3354
-7.0788 -3.1830
-6.7190 -7.0012
-6.3853 -7.0096
-7.0884 -6.9583
-6.9980 -6.2792
-6.6183 8.8375
-7.3894 -8.6186
-8.1197 -5.1101
-6.3297 -6.3507
-7.1718 -6.9804
-7.4481 -6.2442
-6.5837 -5.9732
-6.5784 -6.5644
-6.8975 -6.4705
-7.0814 -5.7854
-7.0203 -7.3862
-7.1231 -6.8216
-6.6779 -7.0303
-6.1286 -7.0835
-6.5058 -6.1244
-7.1182 -6.9114
-7.1285 -8.0539
-7.6441 -6.2021
-6.9819 -6.5146
-3.6863 -7.0574
-6.9730 -6.4022
-6.3235 -6.2128
-7.2509 -3.4479
-6.4758 -6.2307
-11.3665 -7.0719
-5.8571 -6.1734
-6.3031 -7.0960
-9.5074 -6.0367
-6.9286 -11.3455
-6.3399 -7.5786
-10.1911 -6.9764
-6.9116 -6.7082
-8.1660 -6.5173
-5.0762 -6.9564
-7.2037 -8.7695
-6.1861 -3.1756
11.6310 -6.2866
-6.3401 -6.9792
-4.5167 -7.7403
5.4904 -7.1147
-7.2230 -9.9513
-7.0433 -6.5793
-6.9609 -5.7262
-1.9574 -6.1848
-7.1036 -6.9420
7.8163 -8.3900
-0.7139 -7.0712
-6.2412 -5.1464
-6.0615 -4.2036
-6.5895 -3.4115
-4.7212 -5.4330
-1.3526 -6.2371
6.9503 -8.1270
-6.9854 -6.3369
-6.6211 -6.8869
-6.7376 5.9834
-8.0434 -8.3549
-5.8050 -6.2133
1.1012 -6.1081
-7.0491 -6.3733
-8.9508 -6.9225
-10.2030 -5.2858
-6.4138 -6.6507
-6.4456 -6.8658
6.2357 -7.0034
-2.3275 9.1047
9.4961 -7.0548
-6.2117 -6.8901
-6.3929 -4.9654
-6.3760 -7.0489
-9.1518 -7.1949
-7.8103 -6.7556
-1.4672 -7.0137
4.8546 8.9660
-7.1736 -6.8851
-6.4384 -6.3654
-6.4677 -6.4792
-3.9230 5.6571
-6.0864 -6.9937
6.6589 -6.0854
-3.3011 -10.4345
5.7535 -3.6932
-8.4023 -10.0010
-7.0527 -7.9959
10.9693 -7.9855
-7.0539 -6.9663
-6.9476 -3.9752
-0.7666 8.4354
10.7236 -4.7158
-7.6057 -6.9403
-3.3592 -7.0698
-6.2520 -6.4471
-9.8049 -7.1152
-6.9310 -6.2899
-5.0389 -8.5100
-6.4389 -5.2667
-6.2432 9.3231
-6.3522 -7.0615
-6.6692 -7.7350
-8.6790 -9.6952
-6.3160 -6.8909
-7.3414 7.8645
-6.2288 7.1987
-2.9854 -7.2626
-5.1598 -2.5643
-7.0779 -7.0295
-4.8423 -10.0355
-6.9201 -7.1588
-6.8584 -5.6014
-6.4854 -6.2821
6.1216 -6.6543
-6.4141 -6.4268
-6.6181 3.7340
-4.1738 -7.0349
-6.9321 -6.5102
-6.4189 -6.2148
-6.3100 -7.1437
-6.3935 -6.9116
-9.4394 -7.1248
-9.2125 2.3814
-6.3099 -6.9640
-7.0344 -5.0538
4.8737 -8.3462
-6.4960 4.6496
-6.3091 -1.6118
-6.5301 -6.6993
-6.4347 -3.7108
-6.2881 -5.9966
-7.0473 -7.0975
-4.0046 -7.1530
-5.9162 -7.4020
-3.6117 -6.5597
-9.0611 -7.0231
-6.2450 7.0075
-6.3791 -6.9623
-8.4222 -9.1278
-10.1182 -6.9739
-6.2855 -10.4252
-6.5235 -6.5289
-6.3537 10.3748
-7.1380 -6.5973
-6.6366 -6.2075
5.9976 -6.2979
-6.3471 -6.5844
-3.7645 -10.9654
-6.8252 -6.0740
-6.2308 -7.0468
-7.0776 -6.7336
-4.0654 -7.1468
-6.7432 -6.1203
-6.3149 -7.0728
-8.3713 -6.0532
-6.9452 -4.4584
-5.8654 -6.3260
-6.4147 -2.7701
-7.0904 -3.8261
11.3625 -6.5219
-2.4886 9.1750
-3.1894 -7.2553
-6.4250 -7.1406
-4.2182 -7.3579
-7.1055 -2.9102
6.6987 -6.2041
9.4897 -4.2971
-6.4533 -6.4588
1.7475 -6.9322
-6.2693 -6.9490
-6.3080 -6.3329
-9.5191 -7.1035
8.6068 -6.6028
-7.7214 -6.3800
-7.1457 5.8872
-6.4650 -8.5099
-9.4605 -6.2460
4.4455 7.3816
-3.7779 -3.4341
-5.3492 -7.0734
-6.8733 -6.3476
-9.5873 -6.3496
-3.0823 -7.0186
-6.5371 -5.6283
8.9348 -7.0842
-7.3614 -7.0754
-6.9192 -6.4102
-6.5652 -6.1952
-8.0241 -6.9256
-3.8496 -7.0380
-5.9212 -10.9162
-9.9811 -6.1087
-6.3680 -6.3287
-7.0795 -6.3475
-11.5231 -6.3141
-7.1702 -8.6787
-7.0585 -9.6573
-7.1139 -6.8665
-6.5675 -4.4964
-3.7627 -9.8201
-7.0443 -6.2579
12.5278 -6.8945
-6.1526 -7.1270
-6.9120 -6.3249
-6.6421 -3.0649
-6.3637 -6.5183
-6.4747 -7.0546
-6.6671 -8.4679
-7.1162 -7.2514
-6.9307 9.1015
-7.0545 -7.0237
-6.3878 -6.5619
-2.0986 -6.4018
-7.2181 -6.4012
-4.8394 -10.2151
-7.1047 -5.9921
-1.6874 -6.2174
-8.5993 -1.6177
-6.9872 -6.3679
-5.6188 -2.2666
-9.8893 -4.1558
-7.0057 -6.9964
-6.1697 -10.3356
-7.1958 -7.2776
-8.8378 6.5212
-7.2739 -6.8767
-7.0801 -6.3008
-6.8573 -6.9973
-6.1999 -8.5404
-6.2940 -6.8507
-6.7867 -3.5500
10.9759 -6.9383
-6.4918 -6.9041
-7.0360 -2.4732
-6.5849 -3.7395
-5.2586 -6.2164
6.5706 -6.9425
-8.3057 -6.7834
-6.9589 -6.7897
-7.0512 -7.0121
-3.5017 -3.3657
-8.5601 -6.3853
-6.4612 12.3610
-6.4765 -6.8824
-6.1405 -7.1120
-7.1628 -6.2071
-10.1053 -5.9256
-9.5726 -6.3694
-1.5311 -6.7632
-8.6839 -6.4023
-5.4482 6.0871
-8.5907 -7.0602
-4.8079 -6.3242
-6.9917 -6.1337
-6.4626 -0.8321
-1.0656 -6.9283
10.0938 -7.0525
-6.3777 -6.9410
-6.5925 -6.0379
-6.2470 -6.2962
-5.1299 4.9852
5.3810 13.4590
-6.9802 4.9504
-2.6707 -6.5170
-6.1598 -6.2062
-7.6732 -11.4860
-2.6802 -4.1780
11.9082 7.3080
-8.6701 -7.1635
-6.9331 5.4783
-10.8476 -6.9479
-7.0862 -6.1174
-6.3006 -4.6586
-8.0095 -7.7074
-7.0398 -7.0804
-6.9415 -5.6265
-7.0486 -6.2665
-6.8932 -7.0179
-6.3210 -8.5886
8.3327 7.9146
-6.4809 -2.3548
7.7950 -6.4445
9.1842 -5.4737
4.0525 -9.3040
-6.0446 -7.0195
11.4617 -6.2175
-9.5599 -6.9799
5.3094 -6.0661
6.3276 -6.0887
7.4540 -6.3260
8.3070 -6.4261
-6.9751 -7.1840
-11.3500 -6.1818
9.3366 -7.1740
-3.4112 9.1181
-6.3737 -6.4479
-6.2792 -6.3230
-9.9637 7.9997
-6.1757 -6.9998
-5.3238 -6.9481
-6.0689 -4.9538
-9.2474 11.6482
-1.5977 -7.0417
-4.0061 -7.0712
-4.4681 -8.0322
-3.3196 -6.3665
-6.9950 6.9619
-5.8522 -7.1491
5.7380 -7.1842
-9.3489 4.7751
-6.5580 -7.0312
5.0715 -5.1714
-6.2799 -6.2613
-6.9795 -7.1479
-6.3409 5.3081
-6.2450 -6.3222
-6.2340 -6.4246
-6.4036 -6.3456
-6.6877 -8.3354
-7.0124 -6.2398
6.1451 -5.9778
-1.5008 -7.8477
-7.1817 -1.1911
-6.5034 -6.3140
-5.8049 -6.1414
-6.8424 -5.3100
11.8255 -5.3923
-6.2906 -7.1618
-7.1134 -8.0398
-6.2259 -5.9056
-7.0533 -5.8674
-7.0252 -8.1375
-5.9643 -3.7254
-7.1486 5.5986
-6.2973 5.4582
-6.1053 -5.6924
-6.9535 -6.1347
-7.3448 -6.4914
6.7952 -7.0639
7.5994 -8.3723
-5.9709 -6.3585
-6.9918 -3.7382
-6.4013 -6.2488
-0.3211 -6.1852
5.8416 -5.1422
-7.1453 -5.1218
-9.7294 0.7314
-6.2527 -2.9986
-7.2366 -4.1672
-6.2274 10.3941
11.6453 -6.9304
2.2951 -6.6132
-7.9316 -5.5373
-6.2414 -0.6179
-2.1279 -7.1553
-7.6146 -8.9897
-10.3310 -6.9906
-7.0587 -6.8867
6.1785 -6.9678
-6.8773 5.6309
-6.2268 -6.9690
-7.1195 -6.3099
-6.3573 -6.9185
-6.9098 4.9789
-6.9280 -6.9630
-4.0889 -7.0473
-6.9264 -6.8745
-6.3470 -6.3781
-3.3688 -6.2843
-4.9008 -3.8844
-2.8375 -6.9929
-3.6482 -6.3426
-6.5364 -6.6615
-6.4304 -2.8996
-6.8284 -1.9894
-7.0981 -6.2865
-6.5344 -9.1615
-7.2063 -7.8879
-6.4354 -6.9878
-6.7863 -6.4607
-6.1801 -6.8824
-7.0197 8.7321
-6.2224 0.0025
-6.3207 -4.5996
-8.9614 -6.1626
-8.0214 -7.8908
-8.6764 -6.9339
-6.3336 -4.0245
8.1956 -6.3213
-6.3709 -7.6193
-9.5066 7.8852
-7.1039 -8.4054
-9.1067 -6.3155
-6.6056 -6.8123
-9.9667 -6.2334
11.1315 -5.8918
-6.9921 -6.1193
-8.1702 -7.6768
-6.9352 -9.6248
-6.4993 -6.9528
-5.5631 -7.0043
-6.5379 6.8508
9.7232 -6.4850
6.1875 -6.6153
-5.0533 -6.9176
-6.4171 -6.1910
-6.3828 -6.2491
-7.0953 -6.3114
-6.9931 -7.0532
1.6846 -6.8115
-6.3425 -2.2424
-2.4754 -7.1182
-1.4563 -6.9964
-6.9036 -1.5323
6.0859 -6.9064
-6.9038 5.9509
4.9518 -8.3174
-6.3772 -6.0266
-6.3265 -6.2022
-6.3218 -6.8804
-4.7169 -3.7499
-7.0121 -6.6223
-6.5173 -7.0355
-7.2840 -9.2187
-7.5070 -1.9777
-7.3673 -6.9663
-6.4327 5.7366
-0.5598 7.5761
-8.4301 -6.2166
-3.6021 -6.4151
-6.3758 -7.0841
-6.9230 -3.4050
-6.3254 -7.0568
7.1945 -7.8410
-3.5806 9.7339
-8.3283 -7.0419
-6.8626 -11.7767
-8.5409 -6.3142
-4.0553 -5.6774
-6.3260 -7.1662
-7.0129 -2.4966
-6.5595 -3.5183
3.4675 -6.3265
-6.6509 -7.0209
7.5413 -6.2159
-7.8776 10.4838
-7.8179 -1.3691
5.1937 -6.4040
-6.9306 -1.8212
-6.3252 -6.9887
-4.9089 -6.2622
5.5460 -9.5001
-6.4214 -6.4600
-6.4247 -3.2149
-6.8790 -7.0550
-7.0974 -5.6416
-5.3177 -6.4222
-7.0842 12.1198
10.6110 -6.4202
-6.9614 -1.0479
-3.3474 -8.3599
-8.7208 -6.9693
-1.8067 -6.5700
-6.1406 2.8212
-5.6399 -3.8368
-6.3726 -6.9737
-7.2257 0.2859
-3.0591 -7.0908
-7.0871 -6.3298
-6.1279 -7.6182
-7.1370 -7.1750
9.5411 -10.5064
-8.3930 -6.5421
-10.4789 10.3203
-7.0289 -5.2316
-6.2000 -7.0166
-6.5647 -7.0764
-7.0087 -1.9895
-7.5380 -6.5684
-6.8845 -6.9269
-6.4605 -4.0753
-6.1759 -7.0174
-6.1301 7.9688
-6.3147 -6.4133
-5.5058 -6.2596
-6.4865 -3.1533
-6.5549 -11.3915
-6.3788 -7.2101
-8.2328 -6.9858
6.6294 -4.3397
-6.0720 7.8486
-6.8181 7.9028
-7.2413 -6.3642
-5.9944 5.7181
-0.7264 -7.0709
-6.9277 -6.3885
-8.9343 -6.2053
-6.4029 -3.9145
-9.4159 -7.0449
6.8051 -5.0543
-6.2541 -6.2790
-7.0193 -7.3745
-6.1993 -6.4236
-7.9993 -9.3653
-6.9884 -6.9304
-9.5913 -11.0103
-6.0220 -3.8534
-6.2739 -6.9242
-6.5741 -6.3439
-6.4096 7.5595
-6.6911 -6.4252
-8.2787 -6.9351
-7.0164 -6.4899
-6.2798 -5.2973
10.0822 0.2911
7.7052 -6.8178
-11.0746 -6.1639
-5.7044 -6.0353
-9.1823 -6.9492
-6.2291 5.2080
8.3064 7.0096
-6.1108 -3.7601
-6.4970 -6.7193
-7.0798 -6.4333
-5.2840 -7.0136
-9.3512 10.8371
-8.0391 -2.0533
-7.1169 -6.4403
-8.6099 9.5225
-7.0444 -6.9824
-4.9814 9.9361
-6.1742 -5.0596
-6.3592 -6.1388
-6.2222 -8.5060
-9.1652 -7.0697
-1.1250 -11.2379
-6.4283 -6.2489
-5.4510 -6.1412
-6.3003 -6.3357
-3.6695 -9.4438
-4.1586 -6.1490
7.7928 -2.4839
-3.7523 -4.6628
-5.5202 -6.2366
-7.0121 -6.9538
-7.0820 -2.2222
-0.5833 7.9966
-6.5269 -8.9346
-6.1533 8.7557
-7.0272 7.9396
-6.9388 -6.9249
-6.5274 -7.1751
-7.7261 -6.9433
-8.2019 -3.1354
-6.4493 -7.1203
-4.6391 -6.3808
-6.2820 -8.6470
-7.0075 -6.9921
-7.1056 -6.3073
-4.2316 -11.4252
-6.6554 -3.6230
-4.8789 -6.9537
-6.9603 -7.1161
-7.0446 -6.4222
-7.0877 -7.2743
-6.4335 -7.0038
-6.9000 -6.4215
-4.6828 -7.1381
9.0966 -1.5691
-6.3678 -7.1393
-8.4594 -6.4104
7.4329 5.8500
-6.1086 -7.0729
-7.0730 -4.7135
-6.0750 -7.7591
-9.9496 -7.0780
-1.8292 -9.2598
-1.6405 -5.8307
-6.3728 -6.4278
-4.0812 -6.9754
-7.0229 -6.3968
-6.9497 -7.0901
9.5153 -10.9777
-5.0914 -5.6993
-10.6810 -6.6165
-3.8403 -6.0824
-5.4338 -6.7587
-3.6289 8.7349
6.4408 4.6852
-6.1221 6.3656
-6.0693 -3.7706
-5.6698 8.2447
5.2857 -8.6232
-6.7418 -4.1468
-7.1073 -6.9745
-7.0390 -6.2228
5.0959 -8.8805
-5.2857 -7.1219
-6.8816 -6.3244
-1.4588 -6.9255
-12.1821 -6.5651
-6.5621 -3.9648
-6.5954 -3.8716
10.0382 -10.8867
-6.9490 -6.4054
-6.5354 -6.4945
7.9228 -6.0210
-6.2770 -8.1641
-6.2490 -7.0858
13.1745 6.4528
6.5925 -4.1330
-6.8582 -7.0459
-1.5624 -7.0025
-6.3293 -6.9386
-6.0688 -7.2710
-4.8377 -7.0956
-6.4755 -6.2199
5.4593 -6.1771
-6.3664 -7.0888
-7.1223 -2.2639
-7.6421 -10.0722
-6.9686 -7.1317
-6.9484 -6.4184
14.1170 -6.1711
-4.7714 -6.2651
8.0041 8.9930
-7.4444 -6.6076
-6.8644 -5.4505
-6.3320 -1.3981
-6.2848 -4.4149
-2.5703 9.2919
-9.1217 -6.3724
-6.1008 -6.1599
-6.2502 -7.0032
-6.2069 -5.0706
-7.0927 -6.2163
-6.8869 -6.2871
-4.0398 -6.0010
5.3962 -6.3362
-7.9915 -5.6462
-1.2710 9.9132
-1.3038 11.6246
-6.5938 -7.1099
-8.8493 -6.5263
-6.3337 -6.4428
-6.8970 -6.8536
-9.6895 -6.7886
-6.9587 -6.8194
-6.4799 -7.2938
-6.7963 -5.5957
-4.9781 -7.1448
-6.9419 -6.4911
4.7400 -8.3604
-6.5513 -1.7461
7.5039 10.2169
-6.9885 -9.6297
-6.2301 -7.1566
-5.8414 11.7502
-6.9342 -6.4154
4.5601 -6.6714
-6.5752 -7.0325
-7.0490 -7.1704
-6.2513 -6.0414
-7.0030 -6.9461
-7.0374 -8.4570
-7.0543 -6.5146
-6.5387 -6.4690
-6.6192 0.2811
-8.4920 -7.1671
-6.1695 -6.4350
-4.0834 -6.9315
-1.4955 -4.6395
-6.5797 -7.0981
6.0568 -6.9527
-6.5134 -6.4249
10.2739 -7.1370
-6.9817 -2.1289
-6.3875 -8.1746
-7.0116 -6.9699
-6.8927 -5.4416
-6.8480 -7.3386
9.2927 -9.5973
-10.9246 -7.0585
-7.6736 -2.5189
-7.0524 -10.4623
-9.6448 -6.9537
-5.9384 -6.9636
-7.1646 -4.0586
-0.9895 9.2319
8.0944 -6.1292
-6.5799 -7.9869
-6.9537 -6.5041
-4.7620 -6.9640
-8.3663 -6.6797
-1.9755 6.7168
-7.0280 -7.0102
-4.0362 -10.3464
-4.0210 -7.0884
-6.9996 -7.1465
-9.6121 -7.1227
-2.7136 -7.0186
-7.0588 -6.0709
-6.5110 -6.2678
8.6090 -6.4325
-6.9083 -4.2373
-5.7051 -6.0699
-10.0302 6.9998
-7.5724 -6.6701
-6.9347 -7.1942
-7.0404 -5.6829
-6.8989 -5.3379
6.1229 -6.5593
-6.0377 11.2710
-6.9366 -1.0957
-6.4120 -4.4130
-11.7438 -8.9721
-5.3791 -1.8429
10.7175 -6.2863
-6.9766 -3.5389
-6.2390 -6.9888
-7.1563 -7.0353
-6.9759 -1.4466
-3.7169 -4.5540
-7.1068 -6.3711
2.9369 -6.9307
-10.9517 -7.2344
-1.6714 -4.8347
-6.3963 0.8796
-6.9415 -6.9683
-6.3470 -7.0551
-6.5577 -7.0453
-4.9341 -6.4405
-5.8013 -7.1181
-7.0879 -7.0855
-7.0365 -6.7755
-9.9585 -6.4917
-8.4580 -6.1551
-7.5332 -4.5435
-6.4773 -6.7207
-6.9154 -6.2475
-7.0437 -7.0297
-7.0368 5.1502
-6.4357 -5.6474
-8.4749 -7.0033
11.1288 -8.7115
-6.6996 -6.9685
-6.2017 -6.8896
-7.0752 -6.3048
-6.2192 -6.9543
-2.8516 -6.0471
-7.2477 6.5388
-7.1080 -8.1628
-7.4461 -10.5850
-6.6075 -6.9285
-7.0972 -6.9285
-6.2488 -7.2926
-3.7902 -6.2442
-6.3434 7.7056
-1.8352 -7.1587
-5.9437 -1.4003
-3.8189 -8.5679
6.5328 -5.1588
-7.0481 -2.1879
-7.1675 -5.9836
-6.3142 -8.1835
-3.7812 -6.3310
-6.9825 -7.9303
-6.4836 -6.5826
-6.4565 -6.2002
-8.3936 -6.4160
-9.1874 -4.0160
-6.8649 -2.9986
-2.5317 -7.1612
-3.0550 -2.9687
-6.2786 2.0838
-7.5218 -3.0917
9.1636 -5.9350
-7.0516 -7.1912
-7.6434 -2.6271
-6.2877 -6.1140
8.8654 -7.4575
-7.1365 -7.0068
-1.9177 -8.0631
-7.0606 -6.6437
-6.7731 -7.0124
-7.1149 -7.0403
-3.7872 -9.9294
-4.8158 -6.9821
-6.9657 -7.1736
-6.3897 -7.0475
-7.0529 6.0197
-7.1773 -6.9677
-9.1775 -6.1287
-7.2821 7.1579
-2.2429 -6.2217
-7.1572 -6.9094
-6.2531 -4.8547
8.5228 -2.3607
-6.9782 -6.4080
-6.9972 -6.5041
-7.1339 -7.0067
-3.4558 -6.2971
-6.6497 -7.1670
-7.1108 -3.9232
-7.0463 -7.1496
-8.8015 -12.5232
-8.8515 -7.1851
-6.1953 -3.9849
-7.0319 -4.3649
-7.0395 -6.1848
-4.0416 -9.0364
-5.9101 -7.0897
-7.1894 -6.2631
-3.0627 -6.4461
-6.1894 -6.4408
-6.5683 -6.3527
-6.3424 -6.0263
-7.0549 -7.1696
5.1886 -9.4997
8.4394 -9.0694
-8.0613 -9.6385
7.4923 -3.3098
-6.5381 -3.4895
-6.7341 -6.3204
-6.5963 -6.2636
-6.4799 -6.5867
-6.4711 -7.2703
-6.3414 -5.6128
-6.2468 -6.5161
-6.4990 -6.8640
-7.0597 -6.5793
-6.9874 3.0932
-6.3054 -7.0086
-6.6900 4.5893
-6.2986 -6.4023
-6.5108 -6.9292
-6.8841 8.4029
-6.3891 -2.1382
-7.0789 -6.9088
-6.4534 -6.9612
-6.2794 -3.4021
7.4716 -4.3465
-7.0806 -6.3936
9.2357 9.2667
-6.1817 -8.4995
-7.1347 -7.0408
-7.0568 -7.1377
-7.0900 -7.9363
-7.1314 -6.7698
-7.1248 -6.9983
-5.4316 -6.9807
1.1870 -7.0647
-6.9667 -6.4258
-6.2642 -12.5194
-6.5668 -6.8703
-1.1026 -6.9991
-6.7242 -6.2521
-6.5084 -6.9268
-11.1798 -6.9030
-6.0716 -6.3053
-4.4473 -6.2429
-6.9381 -6.1139
-7.0506 -3.2256
-2.3706 -7.6746
5.5985 7.7616
-9.6427 -6.7637
-7.1611 -6.7513
-6.6124 -6.9838
-8.2866 -6.1449
-7.2145 -7.5430
-3.7410 -7.1009
-6.5994 -7.1355
5.2461 -6.2238
9.1642 -6.3551
-7.0685 -7.0510
-9.4194 8.1101
-5.9043 4.2537
-9.9859 -1.3852
-6.9879 -7.0628
8.8455 -6.1170
-7.7792 -6.2747
-6.4289 -6.2931
-6.1724 -7.0460
-8.9433 -6.2084
-7.1504 8.7001
7.7142 -7.0628
-5.9738 -7.4442
-8.1864 -6.4594
-9.2593 -10.1904
-6.3903 -6.3800
-6.3485 -7.1127
3.1683 -6.3999
-6.9994 -6.4068
-6.3822 -6.3290
-9.1691 -8.4814
-3.1919 -7.0078
-6.9535 -6.5116
-5.1361 -7.0136
-6.3053 -6.4929
-6.1781 -6.5747
4.9439 -6.5074
7.1561 -7.0067
-9.0518 -10.7611
-7.1730 -7.2823
-6.2987 -7.2570
-11.2874 -7.0123
-7.1056 -6.9239
-6.8643 -6.2271
-8.7464 8.5736
5.0813 -7.1272
-6.9722 9.0319
9.9046 -7.0037
-7.2214 -9.0315
-8.1228 -6.5871
8.2133 -6.9702
-3.4245 8.9027
-7.1270 8.5419
7.3071 -7.0440
6.1652 7.7980
-7.0356 -11.2463
-6.9938 -8.3472
-6.0481 -8.7966
-2.3802 -6.4257
9.5377 -8.7369
-6.0358 -7.0228
-6.4773 -6.1132
-4.3021 -2.9006
6.2628 -6.3167
-5.2115 6.6864
-3.1054 -6.2698
-7.0764 -7.0714
-7.1311 7.3777
-7.8308 -9.8494
-7.1163 -6.4761
-6.9626 -6.1647
-7.0074 -7.6032
-2.5381 -6.8975
12.6330 -6.8606
-6.2406 10.4948
-9.4700 -6.3985
-7.0699 -7.1773
4.5331 -7.1686
-7.0843 -9.8121
-7.1496 -10.1067
-9.3649 -7.2011
-6.9935 -7.0282
-6.4872 -7.7179
-6.0633 10.1420
-6.7200 -6.9067
-7.5587 -7.8555
-5.5626 -7.7725
-2.0781 -7.1503
-7.0386 -4.7750
-6.9782 -7.0904
-7.9788 10.0410
-8.2408 -6.4740
-6.1017 -6.3893
-7.0993 9.7926
-6.1787 -6.2003
-4.8934 -6.7797
7.0037 -7.0232
-6.9997 -6.0164
-7.2275 -3.0207
-6.5764 -5.9587
6.0360 -7.0242
8.2754 -6.7918
-7.0073 -6.3199
-6.2460 -6.4427
-6.9920 -2.7198
-6.8847 -6.6028
-7.1026 8.0025
6.3049 -9.0183
-10.2510 -3.6043
-9.0621 -6.4741
-4.1965 -6.3903
-6.3548 -7.0616
-7.0686 -7.0439
-10.8214 -6.3641
9.5575 -3.9700
-6.6785 -6.2211
-6.2946 10.7453
3.7600 -11.2433
-6.5104 -7.0757
-7.0775 -2.7768
-8.8521 -6.9981
-7.1208 -7.0237
9.9485 1.1923
-8.5025 -5.6444
-6.3662 10.3105
-6.4956 -5.9496
-7.1483 7.3475
-6.9545 -7.0305
-6.1984 -6.4084
-6.2152 -3.9749
-6.2190 -4.5134
-5.2031 -6.8867
-5.9764 -5.0125
-2.1634 -4.8825
-7.2873 -6.8015
-7.0722 -6.1596
-7.0295 -6.3957
-8.4456 -6.9647
-7.1075 -8.4161
-10.2945 -9.0636
8.4961 9.9784
-7.0094 -6.1684
-6.9605 -5.2920
-8.3703 -7.1071
-7.0598 -4.5788
-7.0293 -10.3760
-6.2071 -8.3120
-6.4460 -7.0695
-4.8613 -7.1737
-2.2134 -6.4617
-4.0218 -6.5116
-6.5655 7.5828
-8.8286 -6.6040
-5.6705 -6.5920
-6.0330 -7.0745
-6.4577 -3.4379
-2.5282 -4.7581
-4.9372 12.0518
-8.7152 -5.6661
-4.4749 -0.7509
-7.4342 -7.1694
-6.8488 -6.9092
8.2006 -7.0448
-4.3323 -2.7890
-7.1729 10.4036
-7.0534 -6.2086
-1.3378 -6.4290
-6.2181 -6.4940
-5.3670 -8.0309
4.7604 -6.5836
-6.1890 -0.1181
10.4180 -7.0392
7.9871 -6.5412
-7.1663 -7.1437
-6.4804 -6.9540
-6.1791 -8.4327
-10.0649 7.9968
-7.9341 -7.1218
-6.4803 -7.0130
-5.8199 -6.1176
-6.4766 -9.1906
-5.9295 -7.1127
-7.0694 -0.2976
-4.5089 -6.3464
-5.9206 -6.2184
-6.9369 -3.7040
-6.2873 8.1761
-6.3116 -8.8852
-6.3259 -7.6606
-3.1928 -5.1661
-7.7917 -6.4364
-7.0102 -5.1123
-6.2717 -6.3157
-7.0687 9.3515
9.7097 -6.8292
8.4611 -6.5301
-3.4552 -6.3252
-4.8937 -6.5727
-6.0792 -6.4659
-1.7277 -5.3389
-6.3354 -6.9378
-6.3214 -4.4006
4.4352 -6.1622
-10.8775 -8.0280
-6.0395 -1.2328
-3.6392 -5.8190
-7.3289 -6.3847
8.6503 -1.7435
-6.2591 -9.4182
-6.5655 -6.2339
-6.9888 -10.0489
-6.9451 -3.0964
-7.0138 -3.7973
-6.5266 -6.4846
-6.6323 -7.1103
-6.2325 -9.0049
-0.1419 -2.0734
-6.1707 -8.1325
-5.1046 -5.0353
-7.0436 -3.9519
-7.2281 -7.1339
-4.7223 -7.2356
-7.1758 -4.4891
-6.8073 -6.2311
-4.6941 -8.7430
-3.0184 -7.1808
5.6040 -7.0491
-3.3525 -7.0604
-6.5351 -6.9764
-7.1109 -5.6930
-6.4989 -1.8446
-7.0733 -11.5331
-6.9199 -6.3220
8.3277 3.0189
-5.8419 -7.2652
-6.3385 -6.8809
-6.5074 -6.8703
-7.1183 -6.5239
-6.2959 -6.8932
-6.4729 -7.7689
-6.3265 -5.8684
-7.0355 -7.1663
-4.4324 -7.0348
-6.3122 -7.0417
-6.9477 -6.2277
-6.8359 -6.9512
-6.9570 -0.0852
-6.2118 -6.0707
-9.2813 -6.9087
-6.3177 -6.9919
-7.1071 -1.6564
-6.3028 -6.6871
-6.2443 -6.4818
-9.0346 -6.1298
-5.4249 -6.1196
-4.1274 -6.9458
-6.2259 -6.3748
6.8927 -4.1336
-6.9362 -3.0512
-0.3056 -8.9055
-10.8444 5.9640
-7.2417 -5.9501
-6.9353 7.4374
-6.9210 -7.1845
-6.4595 -6.2495
-6.2034 -4.6553
-10.9963 -6.1266
-7.0182 -6.1940
-9.2696 -6.4405
-6.3603 -7.0507
-7.0194 7.5905
-3.4029 -9.9147
-7.0492 -6.5257
-6.2426 -6.6160
7.6757 -2.8387
-8.0200 -6.9666
-2.7900 -6.7777
-6.1687 -6.3127
-6.9773 0.8054
-7.1820 -0.2805
-8.3528 -6.3551
-6.2401 -6.6112
-6.2355 -7.4836
-7.1683 -6.6460
-6.9709 -6.9758
-6.3487 -7.1872
-6.7194 -8.5555
-6.3888 -8.1253
-9.9507 13.6887
-6.2213 -6.2836
-6.3134 -4.1927
-9.4627 -6.9032
-6.4552 -6.8795
-3.0336 -6.9391
-6.3097 -6.1869
-4.6175 -7.0513
-3.8848 -5.9286
-6.8680 -6.3706
-7.0428 -6.4878
-6.3820 10.7743
-8.5164 -6.7344
-1.9673 -6.0347
-6.3291 -2.8034
-7.1190 7.8681
-9.6226 -6.3855
-6.8331 -6.3977
-6.3359 -7.2456
-7.4589 -6.4489
-7.1165 -8.3067
-7.8617 -8.3688
-3.9241 -6.4112
-7.0751 -7.1361
-7.2447 -5.3549
-6.2148 -6.1858
0.1143 -6.2195
-7.1839 4.6341
5.7559 -7.4484
-6.3106 -6.3860
-7.0602 -6.9671
-2.2316 -7.0676
8.0684 -6.4656
-6.6402 -7.4816
-3.1847 -7.1004
-6.9552 8.6289
-6.5156 -6.5267
-2.8857 7.2298
-5.5187 -2.6048
-5.8135 -6.4672
-7.3961 10.0639
-6.9822 -6.0281
-7.0586 -2.0793
-7.0285 -6.9934
-8.5263 -7.2409
-7.1413 -6.0856
-10.0415 -7.5671
-7.0677 -6.2169
-11.3205 -6.2123
-6.9483 8.2204
-8.4077 -6.2976
9.6185 -5.7621
1.9256 -6.9509
-6.4626 -8.0327
-6.2073 -8.1342
-7.1345 -4.0966
-6.5118 -6.2685
-6.2996 -6.3408
7.0751 7.4123
-9.5455 -8.7364
-7.0429 -7.2595
-6.1812 -6.8947
-7.0017 -7.0996
-6.9433 -7.1234
-6.3560 -11.1112
-6.3830 -5.6807
-6.7007 -6.9620
-11.3626 -6.1466
-6.3843 -7.0198
-7.0777 -6.5027
-6.7657 3.8067
-6.3465 -5.8654
7.7817 -6.5136
-1.5638 -6.9286
-6.3530 -6.1750
-6.9498 -6.4856
-6.8815 -8.0804
-6.1097 5.7144
-6.2378 -6.8459
-9.8793 -6.4480
-6.3856 2.7211
-6.1935 -7.0842
-6.9525 -3.4740
-5.0136 -6.2776
-6.3215 -6.1668
-7.0480 -2.8087
-6.4334 6.7719
-6.5489 -8.6973
5.9218 -2.4642
-6.5722 -6.1706
-6.6256 -12.4173
-6.9638 -6.2678
-7.4939 -7.1491
-4.9426 -1.1541
-6.9578 -6.6122
-8.4419 -6.2618
-7.1513 -7.0746
-1.3723 -7.8318
-5.3796 -6.2494
6.8236 8.5267
-6.8895 -7.0967
8.8022 -6.0715
-6.2446 -7.6468
-6.8026 -6.0550
11.9851 -6.1057
-6.1354 -4.0167
-2.9069 -6.8511
-6.9675 5.3175
-3.9867 -7.0758
-7.2924 -1.9581
-7.2272 -6.5190
-7.0041 -10.0525
-6.4974 -9.0385
-7.2897 -2.7486
-7.1583 -7.9051
-6.1391 -7.2404
-6.4726 -6.0011
-6.3702 -6.4287
8.5389 -2.7191
-6.1786 -5.3760
-6.3674 -9.4888
-6.3349 -7.0520
-6.5731 -6.3145
-6.1586 -7.5527
-7.1553 -6.6240
-4.2182 -6.2471
-7.2921 -6.4183
-7.0184 -7.0732
-5.9206 7.5277
5.8347 -6.2864
-7.0091 -6.4439
-6.2773 -6.6208
-6.8150 7.0058
-6.4606 -6.9489
-1.1877 -7.0252
-6.4524 -7.4400
-9.0705 -6.9223
7.4752 9.4911
-7.0944 -8.3255
-2.0422 -6.3138
-7.0563 -9.9174
-6.3624 -7.0979
-6.4354 -6.7512
-6.4842 -7.0751
-7.1295 -6.8879
-6.2702 -5.0987
-6.2358 -4.8108
-3.1743 -8.5999
-2.6469 -6.5449
-6.8360 -7.7053
-2.2265 -5.1995
-6.3242 -6.3917
-7.0437 6.5815
-6.5142 -3.0743
-7.0756 -11.4705
-6.9398 -7.5880
-7.9460 -6.9180
-8.8462 -9.5067
8.5906 8.2513
-6.5986 -8.5228
-4.7355 -11.3086
-7.1091 -7.0831
-5.7536 -6.3062
-5.0357 -1.8269
-5.1134 -6.3536
-6.2052 -6.5907
-3.8051 -6.3389
-10.2408 -4.8475
2.4179 -7.1276
-7.0025 -6.2076
-6.9781 7.3259
-6.2270 -10.2859
-4.1223 -7.1185
-4.9806 -6.2779
-6.9759 -7.2947
-7.1440 -7.1345
-7.6050 -6.8234
-7.0539 -6.3955
-3.0763 -6.9598
7.5399 -8.4660
9.9660 -7.1187
-6.9724 -6.3783
-5.2094 -7.1057
-8.3068 -7.0485
-6.4160 -6.2889
-7.1193 -6.9504
-6.9750 -9.1444
-6.1288 -6.3070
-5.1024 -4.4610
-10.2886 -7.2069
-6.8245 -6.0727
6.7023 -6.2194
-6.3718 -7.1317
-2.0627 -6.4192
-6.2522 -8.0967
-6.8711 -10.8411
-8.2847 -6.9982
-8.3717 -7.4508
-10.5146 -4.2335
-7.1057 -6.4438
-5.9127 -6.4711
-6.1596 -6.2934
6.6209 -7.0458
9.4498 -1.2161
-2.8270 10.9050
8.5808 -5.6062
-8.5203 -6.2287
8.7482 -6.9545
-6.2928 -6.1383
-6.4649 -7.1167
-6.4753 -7.1070
-3.6567 -3.7114
-6.8157 -2.7513
-7.0016 -6.5751
-6.3645 -6.4942
-8.8128 -7.0046
-4.2455 -6.8963
-7.0814 -7.0639
-4.5549 -1.3229
-6.2178 10.2671
-8.9148 -6.9592
-6.6332 -9.1472
-9.1901 -7.1408
-6.9481 -0.4460
-1.3680 -6.6619
-6.9446 -2.9518
-5.2166 -10.4502
-4.1782 -9.0485
-7.1226 -7.1122
-6.9683 -7.0357
9.8694 -7.3247
9.3469 -7.0527
-3.8754 7.4523
-7.1248 -6.9149
-7.0820 -6.9894
-7.2005 -3.6612
-3.2800 -6.4737
-7.2312 -8.3027
-6.5581 -2.9133
-8.3322 -6.7951
-6.9431 -6.3400
-6.9621 -4.4289
-7.0705 -6.2503
-7.0227 -6.4771
-2.4369 -6.2791
-6.9689 -6.2210
-6.3124 6.6077
-6.4727 -6.8875
5.2607 -4.0416
-1.0202 -7.1005
-10.7350 -7.1317
-6.0182 -6.4470
3.9204 -6.3717
-6.9679 -6.3010
-7.0449 -6.1859
10.7284 -6.4111
-9.1110 -7.1100
-6.8694 -6.2640
-7.5525 -9.2825
-6.2505 -6.3287
-7.8363 -4.3046
-7.0001 -6.9626
-6.3593 -6.2339
-6.4036 -6.2989
-6.9773 10.1562
-7.1700 3.8992
-6.1971 -5.7467
-6.2890 -6.3912
-6.3653 -6.2707
-7.0803 -7.1143
0.6991 -6.2927
-6.3192 2.5833
-1.6738 9.7945
5.1532 -6.9059
-6.2164 -7.1513
-6.1947 -6.3344
-6.9730 8.1969
-6.4673 -1.5533
-7.2386 -5.9628
-7.0429 -2.0406
-4.5686 -6.9614
-3.9677 -8.6594
-6.3370 -6.9171
-6.4885 -1.3151
-9.1946 -7.1047
-7.2013 -6.2470
-11.6454 -7.0510
-6.3221 -3.9756
-2.4538 -3.6247
-6.7965 -3.2061
-7.9936 -10.2539
7.1174 -6.3967
-6.2550 -10.3622
-5.6982 -6.3883
-6.1424 -6.9407
-6.4424 -6.2210
-6.9930 -7.4882
6.7629 -7.0700
-6.9782 -6.1383
-6.1400 -7.2936
-4.8130 -4.2583
-9.5486 -7.0547
-8.2755 -6.2513
-6.2706 -7.9574
-3.9048 -7.1486
-4.3672 -6.1314
-7.7412 -4.4146
-9.5961 -0.1027
8.4898 -6.5281
-6.3114 -3.6248
-4.6200 -3.8122
-3.3967 -7.1537
-5.8974 -7.8927
-5.3872 -3.5873
-6.2158 -12.0508
-9.9609 -6.5432
-7.0441 -6.4471
-8.2559 -6.4808
-6.3735 -8.6023
-6.0943 -4.1148
-6.2392 -6.9083
-7.1353 -7.0317
5.3609 -6.9503
-7.0799 -7.0016
-5.8338 -6.8649
-6.1135 -3.0242
-5.4036 -2.5885
-6.5586 -2.0735
-6.3696 -3.3158
-5.5362 -7.1710
-4.9610 -3.4841
7.3472 -6.7406
10.1371 -6.2931
7.8037 -5.5566
-6.9009 -6.2888
7.6734 -6.6634
-6.4306 -6.3061
-7.1794 -6.1672
-6.7705 -3.7864
11.8107 -8.6782
-7.0145 -9.1282
-7.2406 -6.7974
-6.0989 -6.3886
7.3587 -6.1138
-5.8722 -6.9691
-7.9444 -7.0753
-6.9789 -3.7781
-7.0717 8.9180
-4.1916 -10.1734
-6.9006 -7.1102
-6.3603 -5.3943
-8.3058 -8.3128
7.1556 6.7785
-3.9557 -4.7850
-5.9711 -6.4019
-6.5689 -6.9387
-6.1317 -6.1475
8.1026 -10.6057
-7.0052 -7.9197
3.6565 6.1388
-7.0116 -6.9143
-10.0200 -6.8723
-7.0332 -6.9480
-1.5200 -6.1950
-7.1159 -6.4417
-5.7544 -6.3615
-6.8676 -8.9435
-7.0687 7.8184
-1.7766 9.0028
-6.9283 -6.5346
-5.7022 -6.9851
-6.2215 -6.9381
-6.3992 -7.2325
2.3284 7.0211
-6.3635 -5.7814
-7.0345 9.2097
-6.7968 -6.2693
-6.9785 -9.3617
-6.0897 -6.5261
-3.9900 -2.2601
-6.2051 -4.6686
-4.1529 -7.0103
8.7979 -6.8755
-8.8262 -7.1617
-6.2953 -6.3884
-6.6614 -7.1024
-6.4348 -2.3395
-6.9130 -9.4270
11.2413 -7.0582
-7.1826 -7.0453
0.8571 -6.9238
-5.0203 -7.2497
-7.3613 -5.8264
-3.5095 6.5063
-6.7981 -6.8144
-4.2676 -6.8630
-6.3610 -7.0329
-8.2680 -7.4742
-4.8263 8.2265
-6.1830 -6.3381
-10.7666 -0.5186
-6.3944 -10.2053
-6.6699 -7.9752
-7.1040 -6.9238
-6.1748 -7.2717
-6.5917 -6.9776
-6.2096 1.6426
-6.6848 -7.0307
-7.0999 -6.4768
-6.4319 -7.0609
-7.1138 -6.5300
-6.8749 -4.4827
-7.9168 -1.2863
-6.9817 -7.0513
-9.3952 -6.2543
-7.0395 -0.8707
-6.6855 -3.8969
-6.2344 -6.2109
-6.4908 -7.0258
-6.4069 -7.2625
-4.7826 -7.0781
-6.7948 -4.1514
7.3930 -7.2339
-6.9724 -6.9764
-7.2355 -6.4796
-6.0161 -9.8216
-6.4421 -7.0691
-4.0446 -2.9635
-6.3570 -7.0114
-6.6926 -6.4091
-7.0219 -6.3024
-7.0058 -1.6060
-6.3933 -7.0256
-6.4291 9.8386
-6.3670 -6.9856
-6.1384 -6.9581
-6.2194 -8.9310
-6.2293 5.4297
-8.8750 -6.5920
-7.1720 -6.7108
-7.1010 -7.2181
-8.3624 -6.1429
-6.9417 -4.3518
-6.3857 -6.3876
-6.3309 -6.4754
-7.8478 -6.3153
-8.8926 -6.3969
-3.8088 -6.5759
7.9359 -7.1093
-7.3759 -6.2976
-6.1028 -9.0111
-6.4625 -3.9739
-6.4945 -8.0247
-8.0884 -7.6550
-6.3977 -6.9969
-8.7103 -6.3661
-7.0951 -7.6811
-7.5701 4.0668
-6.4156 -4.8645
8.1311 -6.3802
-7.5619 -6.4890
-7.0137 -7.0711
-0.7387 9.8466
-9.5190 -6.4177
-8.1258 -4.7104
-7.1314 -5.7131
-7.0010 -0.1151
-4.5783 -4.1526
-7.0083 -6.4720
-7.1018 -6.4002
-7.4254 -7.0269
-6.1781 -6.2687
-6.8398 -6.0573
-9.6689 -6.9505
-8.8135 10.2456
-6.9522 -6.9932
3.5300 -6.9671
-8.1427 -6.2709
-6.7233 7.7397
-6.2991 -4.6427
-6.2586 9.3046
-3.7394 5.8638
-6.2826 -0.5312
-6.4775 9.9199
-6.3911 -5.5085
-6.1324 -6.2642
-6.2369 -6.9847
-3.3335 -5.1706
-7.0703 6.5421
-7.8358 -2.0350
-6.5499 -6.3642
-6.1924 -7.0080
-6.8782 -6.9506
-6.9674 8.2299
-6.4936 -6.2237
-6.6518 -6.5869
-5.4606 -2.6973
-6.7799 6.4513
5.9296 -6.3860
-9.4655 -7.0016
-6.4563 -6.2665
-6.6061 -5.9019
-6.4240 -6.3637
-5.7149 -7.7768
-4.9167 -6.0573
-7.1105 -10.4601
-8.2461 9.1552
-1.8500 -6.9473
-0.7729 -5.9855
-1.9920 -3.2818
-6.5610 -7.2131
7.1788 -11.5105
-7.6445 -6.3672
-6.7405 -7.2302
-6.9986 -6.8963
-10.5634 9.8178
-8.7230 -6.9728
-7.0368 -3.9179
-6.9203 -6.1833
-4.6246 -10.0896
-7.0499 12.3898
-6.2848 -4.7711
-8.6260 -1.1107
-6.3735 -6.9761
-7.0692 -6.3727
-5.9983 -7.0421
-6.1033 -1.7968
10.3221 5.4878
-7.5765 -10.8448
-7.1895 -5.5664
-6.1894 5.8697
-6.0549 -6.9682
-10.7058 -7.0074
7.4409 -6.4260
-7.3384 -9.8333
-9.0002 -6.0782
-7.0927 -1.7252
-6.8310 -8.1738
-6.4440 -6.1641
-7.0329 -8.0963
-6.3234 -6.1198
-7.0163 -4.3434
12.6936 -6.9535
-7.2892 -6.5695
-4.2619 -6.9496
-6.2086 8.4799
3.4295 4.3773
-6.5737 -6.3110
-6.5978 -6.5575
7.6909 -4.1444
-4.6641 -5.3907
-6.5394 -6.9318
-6.4354 5.6312
6.8135 7.3206
7.0439 -6.3079
-6.8822 -7.5093
-6.5881 -6.3348
-9.1050 -6.4120
-6.0237 7.6021
-6.4948 -6.3606
-4.5370 -7.0239
-6.2334 -6.9708
-4.7070 5.3879
-0.8784 -7.0749
-7.9841 -6.8596
-8.4239 -6.3067
-7.0744 -7.2448
-6.1268 -4.8356
7.0635 -10.4970
-4.0776 -1.3523
-6.9937 -8.1885
-6.9583 -6.2982
-6.9771 -6.2461
-7.1734 -7.0284
-2.8455 -6.3086
8.4289 -6.8554
-7.5085 -6.5113
10.2718 -5.0984
0.0059 -6.0630
-4.9348 -5.0954
-6.2962 -9.5779
-7.7004 -7.0363
-8.6240 -6.7053
-7.2551 -6.3745
-3.3083 -6.9878
-8.5074 -6.9749
-6.3750 -4.1134
-2.1361 -3.2027
-3.4303 -6.9787
-4.7005 -5.1246
-6.5166 -7.0706
-6.4474 -6.3514
-8.6236 -3.7635
-6.3005 -6.3671
-7.8452 -6.2583
-7.0069 -6.8857
-7.1889 -3.9568
-7.0583 -1.6500
-6.3797 9.6278
-6.2171 -7.6245
-7.0081 -7.1425
-8.3668 5.1772
-4.3909 -7.2795
-6.1931 -2.3432
-7.1303 -7.0687
-6.9929 9.9152
-3.6316 -8.6747
-1.9493 -6.2478
-7.0394 -6.9488
-7.1658 -8.9718
-7.0500 -2.7779
-3.3370 -6.1588
-2.8191 -6.3025
-5.5267 -8.3712
4.7386 -6.5074
-6.2880 6.8883
-6.4709 -8.6433
-6.9775 -7.1567
-5.3044 -6.3271
-3.3871 -6.9639
9.2032 -4.2059
-6.4232 -7.0978
-7.2263 -7.0935
-6.5283 -6.6169
-5.3409 -6.4415
-5.6788 -0.3172
-11.4549 -7.1729
-8.7642 -7.0203
-8.7216 -7.0269
-10.1449 -7.1261
-6.9590 -6.9345
-6.8607 -7.1996
-7.2145 -6.4079
-7.1467 -3.8221
-11.9095 -8.8665
-5.5980 6.4149
-6.6128 -6.7937
-6.9578 -6.9277
-6.5214 -6.9804
-6.0798 -6.0334
-6.2446 -2.4872
-8.7416 -6.8818
9.0773 8.6714
-6.1245 -7.0065
-4.2312 -4.4328
-6.2667 -7.0492
4.1162 -6.9920
-5.9728 -8.1094
-4.6920 -4.2315
-4.9662 -6.4041
-9.9297 -7.0019
-6.0403 -4.6838
-6.1859 -7.9356
-6.8232 -6.4412
-7.1419 2.4741
-6.4216 -6.9788
-7.7404 4.3123
-10.4209 -6.3929
-5.4140 -6.2450
-6.2902 -7.1441
11.6807 -7.0873
-6.4245 5.0689
-7.0963 -7.0224
-6.5317 -6.4319
8.0997 -7.0579
10.3351 -2.2262
7.5107 -5.0276
-6.9534 -6.3913
-6.8787 -6.2267
-10.5559 -6.3763
-6.4535 11.0227
-7.0755 -6.9828
-6.2627 -5.9094
-6.9867 -1.0957
-8.1918 -2.4452
-8.0420 -2.2585
-7.6643 7.5335
-6.3591 -6.1735
-3.6001 -2.2320
-6.1304 -7.0349
-6.1921 -6.8896
7.4653 -6.6086
-7.0565 -6.5537
-6.3900 -7.0753
9.1141 -7.7366
10.2165 -3.6458
-6.4211 -6.4704
-6.9212 -7.0842
-6.1841 -6.8074
-3.9228 6.9815
5.3578 -7.1988
-10.4216 -6.4557
-7.2337 -7.0304
-6.2018 -6.5351
-6.8755 -7.1396
-4.7090 -6.8220
-6.6163 -10.1730
-7.9049 -10.9519
-6.4180 -7.2843
-2.9173 -7.1183
-7.1810 -5.5089
-3.7226 -4.1601
-7.1275 -3.9439
-3.6511 -6.3011
-6.9546 -7.0171
-7.0367 -6.2880
-11.4268 -6.7379
-5.6684 7.3387
-6.2995 3.8105
-7.0287 -6.8628
-6.2565 -8.7672
-3.7562 -7.1200
-7.1505 -8.2280
-6.9748 -7.0381
-3.3914 -6.2581
-6.0937 -7.0316
-4.3472 -3.5817
-2.8556 -7.0971
-6.4958 -4.0138
-6.2777 -5.9871
-7.2249 -8.3515
-1.8902 6.8093
-7.1477 -5.9726
8.7198 -5.8162
-8.4841 -4.5483
-8.7787 -8.7504
-5.1429 8.1112
-7.1585 -7.4942
7.1228 -1.6608
-0.8309 -7.0136
6.7967 -7.1324
0.8895 -6.9336
-6.6469 -6.8421
-6.2600 -8.1058
-9.3956 -7.3582
-8.8100 -10.1597
-6.9512 -8.2493
-4.6686 -4.0497
-6.4063 -6.9744
8.2424 -7.1165
-6.9394 -6.5836
-6.8731 -1.8353
-7.0210 -6.5809
-9.6415 -6.9282
-7.0777 8.1424
8.2111 -8.5990
-7.7707 -6.5187
-7.6649 -7.0836
-6.9626 6.9315
-2.4986 -7.0624
-4.9256 -3.2858
-6.0558 -8.9810
-2.8914 8.8651
-6.4194 -6.3552
-7.1918 -7.1745
-7.1633 -6.5985
-6.4698 -7.1087
-10.1340 -3.9761
8.5516 7.0649
4.0079 -7.0929
-6.3662 -9.1915
8.7601 -5.6903
-7.1116 -5.8563
-6.4270 -6.2798
7.7692 -2.0431
-6.3581 -7.2318
-7.0903 -7.7895
-6.2109 -6.9970
-7.1739 -7.2137
-8.5643 -7.6204
-6.4135 -8.0721
-7.0412 -6.3822
2.5345 -7.9642
-7.0293 -7.0327
-1.2571 -6.9400
-0.2134 -6.9737
-7.1359 8.9940
-5.0863 -7.0006
-3.1322 -6.4513
-5.7018 -6.4827
-7.1729 -2.6200
-6.9404 -6.9991
-8.2451 -3.9915
-5.7589 5.0081
4.8984 -4.5470
0.2790 -6.9116
-6.8622 7.0687
10.5994 -6.4951
-6.2052 -6.4820
-6.9956 -2.7279
8.4987 -2.2132
-7.0976 -4.1943
-6.1821 -8.6391
-7.6084 -3.4732
-5.0041 -7.0009
-2.1016 9.0785
-6.6110 -5.4340
-2.9630 -9.6031
-6.8370 -6.3262
-4.5078 -6.7560
-6.2985 3.0130
-6.6930 -8.5718
-6.2477 -6.3813
-9.7114 -7.1281
-7.3396 -9.1541
-8.0062 -6.3040
-11.6461 -6.0344
-8.4923 -6.7422
-6.2390 -8.3059
-7.4395 -6.8648
-6.9177 -6.9241
-2.2653 8.7002
-6.4939 -6.2283
-3.8456 -4.8285
5.7025 -5.4749
-7.2718 -6.5935
-6.9361 -6.3352
6.0097 5.0575
9.5400 8.0178
-6.5582 -6.7901
-6.5646 -7.0527
-3.0696 -2.8564
-5.9947 -4.4081
-5.4941 -6.9977
8.9204 -7.0623
-5.4150 -6.4539
-6.4068 -6.4109
-6.4239 -11.5354
-4.5601 -7.0110
-6.1647 -6.9777
-6.2115 -6.7734
-6.1842 -7.6021
-6.8089 -7.1367
7.8571 -6.3916
-8.9779 -7.1817
6.6911 -5.5818
8.5432 7.7802
-6.5647 -10.8141
-6.9117 -9.0721
-7.1078 -6.8790
-6.8699 -7.2693
-4.3587 -6.9923
-6.3998 -6.5371
-6.1570 -10.2082
-6.3069 -6.9567
-6.1397 -7.6402
-8.6117 -7.1308
-6.4614 -4.9519
-6.8849 -2.2393
-8.9420 -7.1808
-6.2898 -6.5244
-8.4485 -1.3355
-6.3539 -7.1415
-3.4864 -5.9532
11.7061 -6.9756
-6.4583 -7.1397
-6.0219 -6.4318
-3.9613 -6.4850
-7.0188 8.6718
-6.8846 -5.7810
-6.0826 -4.5609
-6.4057 -4.8373
-6.0016 -6.3949
-7.0095 -9.1810
-6.6533 -6.9719
-3.9479 4.0363
-6.2595 -10.0892
-6.9509 -6.6896
-7.2330 10.2466
-6.1504 -3.5122
-6.4297 -6.2423
-4.6222 -5.9216
-6.4767 -6.5440
-4.8689 -6.4065
-7.1836 -6.9668
-8.9091 -4.4339
-7.0299 -6.2483
7.9688 -6.5043
0.1526 7.3029
-7.0989 -6.3843
-2.8772 -6.4929
-7.0654 -7.0670
13.2157 -3.3168
-6.6802 -6.2736
-6.9208 -7.0165
-6.0348 -7.1273
-6.9270 8.1605
-6.4779 -6.8690
-7.9244 -0.5949
-6.0837 -6.9362
4.5837 -7.0882
6.3590 -6.9751
-6.4794 -6.1152
-6.6702 -7.0341
-7.0317 -6.1976
-5.0855 8.2688
-7.3224 -6.3880
-6.7880 -3.9480
-6.8584 -7.0907
-6.9998 -7.1005
-6.1879 -7.1587
3.4994 -6.8102
-4.7736 -10.6619
-7.0180 -8.9989
-2.4253 -3.6621
-5.5369 -6.2280
-10.4513 -5.9867
-4.3065 -6.5475
-1.9023 -7.2138
-7.1911 -6.3649
-9.6542 -6.1781
-6.4240 -10.9035
-7.4545 9.0439
-6.7787 -6.3239
-7.0389 6.3947
-7.1394 -7.0712
-6.3824 -6.8310
-3.3704 7.3323
-6.4727 -8.1454
-6.9698 -4.1857
5.6350 -7.1181
-4.3622 7.7938
-0.2142 7.8911
-6.9858 -6.2487
-6.3617 -6.9212
5.9741 -4.0551
4.2769 -5.4656
-1.9299 -6.1880
-3.9202 -9.1085
7.1603 -7.0412
-6.4210 -6.3455
-7.2421 8.3878
-7.1402 -7.1151
-7.0207 -7.2287
-11.4269 -6.9976
-4.9912 -6.2833
5.8204 -2.7237
-7.1080 -7.0240
-7.0492 7.2447
-7.0893 -4.9593
1.4870 -4.9892
-0.4638 -4.1414
-9.2839 -4.2082
-7.0130 -6.7206
-3.2774 -9.8386
4.4665 -6.1534
-6.6945 -7.1706
-7.0109 -7.0729
-6.3499 -8.2485
-7.0912 -1.5069
-6.4782 -7.7194
-6.3710 6.9966
-0.3783 -7.0325
-3.0053 -7.9586
-7.0226 -8.7861
-6.5775 -7.1352
12.6472 -7.1363
8.0187 9.0403
-6.4634 -6.3131
-6.3314 -6.1795
-3.4581 -6.9619
-6.6491 5.7162
-6.3496 -7.1233
-7.1381 -6.1783
-7.1953 -4.7997
-6.2598 -8.2596
-7.0655 -8.6997
-2.4788 -5.4878
-6.9910 -6.4969
-7.0973 -4.3009
-0.0947 -9.6999
-7.0268 -8.8759
-7.0506 -10.3079
-6.3631 -6.3296
-6.4336 -8.7244
-6.9167 -7.6112
-6.2716 -9.2212
-0.3664 9.6044
-7.2308 -6.9949
-7.9621 -6.2789
-6.8980 9.4541
-6.4621 -7.1321
-6.9373 -6.4000
-10.8055 -8.2649
-7.0512 -7.6670
-6.5420 -7.1154
-7.1546 -6.2813
-2.1887 -6.9809
-6.3677 -9.9957
-4.9294 -7.1647
-7.1487 -10.4889
-7.1076 7.8205
-6.8173 -6.3607
-4.0016 -6.9952
9.9961 -6.9772
-7.1377 -6.2327
-4.3417 -6.3066
-6.9414 -5.5482
-7.0027 9.2617
-5.8478 -6.9172
-2.7219 9.1270
-9.3860 -3.8883
-4.1589 -5.3550
8.1916 -7.3450
-4.6859 -6.1964
-9.3154 -6.3505
-6.3075 -6.8390
-6.2659 -7.0795
-6.4180 -6.2936
-0.7951 -9.8230
-8.2659 -7.0640
-5.1665 -6.6397
-7.1773 -6.1444
-6.2458 5.0155
-8.3540 -7.0948
-4.9661 -7.0440
-7.0262 -7.0424
-10.8955 -6.0765
-4.6393 -6.3631
-6.7398 -4.6785
-6.3288 -6.2585
-7.0917 -6.9857
10.7689 -6.1281
7.5174 -6.0807
-7.9910 -2.9317
-7.0567 -3.2019
-6.3919 -6.8934
-8.1109 -2.5350
8.4481 -6.3620
5.3888 7.6855
-12.3460 8.0807
-5.6889 2.4970
-6.9533 -7.0250
-7.1137 -6.5825
-4.4457 -6.0899
-6.2818 -9.6549
-7.9506 -6.2741
-6.7122 -8.4599
-7.0611 -6.5338
-6.2941 -6.9993
-7.5174 -6.4110
-7.1534 7.9714
-6.9597 -6.4149
8.0009 -6.3388
-7.0361 -3.0603
-5.0062 -6.4532
-6.8776 -7.0686
-6.5795 -3.9854
-7.0495 -7.0371
10.6973 -6.9806
-7.0326 -6.0378
-6.1733 -9.7225
-6.8674 -8.6407
-6.4464 -6.3402
-6.9113 -6.2023
9.7532 -4.4905
-5.5485 -7.2044
0.5807 -6.3511
-3.6247 -4.9253
1.0080 -6.5139
-7.0309 -6.2487
-6.2735 -7.5705
-7.8741 -7.2560
-7.0904 6.0437
-7.0068 -5.0944
-6.9807 7.6268
-6.3540 -7.1115
-6.9954 -7.1357
-7.0290 -9.9969
-7.8994 -5.4729
-8.0189 -8.6105
7.5136 -0.2562
-6.8616 -6.2150
8.7868 -7.0223
-6.6169 -8.2300
-6.4152 -8.1767
-5.9060 -6.1977
-7.0147 7.7031
1.4436 -6.8863
-2.6715 -6.3016
6.9670 -7.0142
-6.4083 9.0131
-6.9756 -6.9834
-2.7859 -9.3023
-6.4923 -6.4158
-6.4354 -10.5178
-7.0176 7.8121
-6.0113 -1.1166
-7.6719 -1.8009
-6.4763 -6.0642
-6.5340 -6.9199
-6.2510 -7.2414
-0.2413 -4.1397
-8.6748 -6.9205
-6.1117 -7.1882
-7.0760 4.8847
-6.1872 5.3678
-6.2087 4.8491
5.0580 -11.0307
-6.0184 5.3862
-7.3130 -3.4779
-7.1834 -3.7734
-7.3347 -9.1609
-7.3108 -7.6482
-7.9280 -8.7589
-9.1219 -6.5189
-8.9744 -5.8283
-7.0277 -7.6633
-10.3966 -10.1467
5.0100 -5.7911
-6.1380 5.3421
-7.0622 -6.6211
-0.0204 -6.1000
-6.5846 -5.8747
-5.7544 -2.7571
-9.5975 -4.3513
-7.7400 -4.9799
-6.4828 -6.4633
-8.2995 -8.7547
-8.4004 -10.9069
-8.4067 -1.1389
4.8276 -10.6619
-5.3779 -4.8233
-6.9520 -6.1557
-2.7442 -5.9842
-7.9019 -4.9493
-5.4705 -7.6493
-6.2731 -2.3105
-6.1129 -7.4085
-7.0507 -7.0456
-6.3854 -6.1775
-9.3738 -6.2926
-8.7789 -6.7375
-7.0089 -5.9366
4.8040 -6.8233
-4.3504 -5.7018
-5.6368 -8.0564
-5.2197 -8.0734
-3.4429 -6.4936
-7.0487 -8.6852
-8.5460 -4.1411
-6.2588 -4.0198
5.5074 -6.4215
-7.7183 -5.7493
-7.2137 -7.6689
-5.5660 -9.1868
-8.0587 -0.4629
-3.2239 -6.2136
4.4276 -5.9810
-8.0368 -12.0884
4.1552 -6.1954
-3.8502 4.6273
-6.3778 -3.4086
-4.3511 -7.8709
-3.3616 -5.6633
-4.1921 4.2693
-8.6198 -2.0800
-7.1476 -8.3777
-2.5437 -5.2198
-5.9668 -8.1138
5.1957 -4.8092
-6.1405 -7.3060
-7.8352 -6.9855
-6.1408 -6.3267
-9.9676 -5.2480
-2.2003 -3.4460
-8.6223 -4.9185
-5.8265 -9.4817
-6.6385 4.2361
-7.7893 -8.6374
-6.8328 -0.9015
-5.8987 -8.8055
-11.2271 -5.7218
-6.2288 -4.9133
-6.9652 -5.9588
-5.3558 -6.1521
-5.6932 -8.3880
-3.7483 -4.2809
-7.4128 -5.3575
-0.8192 -6.3916
-4.1207 -5.7307
-0.8885 5.1285
-3.6082 -8.3070
5.4192 -9.4651
-3.5905 -7.5323
-6.3435 -6.6445
-7.3414 -5.6272
-2.0756 -3.9679
-6.9379 -8.4051
-10.1931 -0.4468
-7.0492 -7.4725
-6.7431 -4.6623
-6.4257 -4.5178
-2.8095 -7.9817
-7.5336 -8.2616
-8.9488 -10.9686
-6.9588 -6.5094
-7.9102 -9.7919
-8.0504 -8.6969
4.3664 -5.6858
5.5014 -7.6740
-5.8754 -8.5639
-6.1609 5.2413
-6.6081 -1.4542
-7.0756 -6.0461
-2.7212 -7.0309
-9.2964 5.3526
-4.8429 5.1598
-6.9022 -6.8182
4.4274 -3.4811
-4.0621 -4.8311
-7.0204 -10.6293
-1.0980 -2.9057
-7.2444 -6.5541
-9.2523 -10.4024
-7.5434 -6.5422
-5.9616 5.4902
-6.6317 -7.6961
-7.7283 -7.1787
-9.2251 4.8580
4.3378 -5.4250
-5.9464 4.0477
-7.6722 -5.7090
-1.7192 -8.5152
-3.0441 -4.7069
-5.5384 -5.1806
-8.4117 -7.9456
-3.7635 -2.8671
4.8905 -8.0947
-3.4017 -8.4407
-7.8544 5.7543
-5.9397 -7.9316
-6.2655 -7.1770
-6.4313 5.4182
-8.7884 -7.6718
-4.4081 0.1558
-5.7931 -4.1773
-8.2627 -6.1181
-6.5697 -10.5556
-7.3037 5.0503
-5.1616 -5.3650
4.8027 -6.5654
-6.6489 -4.3445
-6.4796 -6.5371
-5.3278 -6.9347
-9.2178 -4.2028
5.4535 -7.4509
-2.4827 -13.6277
-7.4987 -0.5957
-9.0588 -6.1452
5.1852 4.3458
-0.8638 -8.4418
-7.1423 5.1381
-7.6622 -6.2619
-5.1349 -3.0220
-5.8342 -8.4867
-7.1658 -6.7253
-7.0855 -4.8579
-2.6502 5.2373
-4.3587 -6.6668
-6.2521 -8.7500
4.6718 -10.4958
-7.7896 -3.7532
-7.2470 -8.6368
-5.7033 -7.8401
4.6271 -11.9391
-1.1136 -3.6396
-6.6955 -4.6377
-9.4742 -8.0291
-4.5055 -1.4377
-5.2511 4.8723
1.7483 -5.5819
-9.6287 -7.1073
-8.9121 4.9902
-8.2868 -3.9505
-6.1779 -6.6409
-4.3826 -5.9293
-8.0053 -5.8498
-7.8868 -5.3486
-4.1046 -2.4093
-5.5675 -4.9559
-9.0397 -8.3719
-7.0158 -9.9936
-3.1414 -10.3509
-8.9930 -5.3937
5.1857 -7.3473
-11.3661 -6.4195
-14.6057 -7.0847
-8.3435 -4.0199
-5.5725 -9.6879
-4.5230 -5.6155
-6.9061 -2.4735
5.0351 -8.4568
-2.3781 -7.2515
-4.0345 -2.6954
-9.1008 -9.2324
-6.0144 -8.3432
-7.8527 -5.5869
-7.1766 -4.0564
-4.2322 -7.6847
-3.6932 -1.5675
-3.8060 4.5240
4.4910 -8.7094
-8.6346 -6.9076
-5.9968 -5.4322
-5.3254 -6.7193
-7.8946 -8.8195
-9.0878 -6.8998
-9.1769 -6.5722
-6.4785 -7.3229
-8.0052 -4.3771
-7.7841 -9.0020
-7.5821 -5.1061
-1.2928 -6.5932
-4.1468 -5.6025
-1.4019 -6.3855
-5.1298 -9.5212
4.8463 -6.1948
-3.8856 4.8098
-8.2335 -5.8221
-4.1848 -5.4373
-7.8008 5.0263
-2.6369 -2.3466
-8.1203 -8.0410
-9.0603 4.2385
-5.1803 -5.7663
-2.4587 -5.3709
-8.0767 -5.3762
-6.1580 4.9656
-2.9347 4.7867
4.7717 -8.9721
-4.6415 -5.2061
-7.4462 -7.4200
-7.8562 -7.5053
-10.0405 -2.3990
5.3146 -6.9010
-3.3007 -6.1310
-6.6585 5.2851
0.9675 -1.9394
-10.0687 -9.1731
-6.8506 -2.2159
-6.3611 -5.0063
-8.9611 -8.9531
-4.3368 -4.0578
-7.2939 -8.4472
-8.5351 -6.0573
-5.9144 -6.7204
-2.5612 -6.6021
0.2586 -3.7916
5.2521 -10.8732
-6.8998 -5.9219
-5.2905 -9.2892
-6.3812 -5.5600
-4.2170 -5.5647
-6.7422 -6.4020
-8.3429 -8.9409
-11.4476 -7.1497
-8.4457 -5.6434
-6.8536 -6.9236
-6.4919 4.8562
-7.3388 -6.4675
-10.4198 -6.0495
-8.4922 -8.4937
-5.8438 -7.7816
-8.2291 -0.6851
-11.0198 -4.2994
-8.0160 -8.8079
5.6579 -6.4984
-11.2105 -4.1709
-4.7587 -4.1975
5.2819 4.7086
-7.0647 -6.7164
-8.4670 -8.2184
-3.3135 -3.5812
-4.4296 -5.9318
-4.7334 -0.5154
-9.4558 -8.9066
-9.1686 -4.6229
-6.8827 4.6954
-4.6855 4.9228
-8.7195 -6.8566
-9.2847 -4.7660
-7.4703 -4.1065
-8.2027 -6.0521
4.8178 -6.8047
-7.0477 -6.7976
-8.1746 -9.3348
-7.9091 4.8063
-7.2305 -10.3176
-9.4965 -6.7469
-5.8799 4.7259
-5.8072 -9.7937
-9.5614 -3.3505
-7.3932 -2.2316
-9.0628 -10.9149
-9.5829 -10.3992
-7.6210 5.1684
-10.4684 -7.2218
-8.9893 4.6879
-3.0217 -7.4745
-3.4151 -2.1084
-7.4353 -8.7740
-9.1559 -8.9247
4.7395 -8.7536
-7.4547 -6.6279
-10.3474 -6.8945
-8.1997 -2.3946
-4.6899 -9.7340
-7.7115 -3.0517
-6.0475 -7.4556
-7.4904 -8.2659
-4.2978 -7.5949
-4.3171 -3.6967
4.8927 4.4259
5.0769 -11.6160
-3.9472 -7.0599
-5.2819 -3.9086
-7.3292 -7.4422
-4.6872 -8.7427
-2.7937 -3.4206
-8.9875 -10.1663
-7.9299 -8.0738
-3.0800 -5.8534
-3.0897 4.7707
-7.4754 -5.7632
-1.9837 -6.2855
-8.8481 -7.0464
-3.3716 -5.2534
-9.3569 -6.7593
-7.3675 -7.6696
-9.6601 4.7518
-7.4104 -4.6499
-9.1539 -9.2439
-3.0306 -7.4697
-4.4652 -6.5320
-5.3726 -8.9297
-5.7069 4.5478
-5.7757 -3.9396
-1.0120 -6.0294
-7.7875 -6.4192
-6.6599 -8.2006
5.0574 -7.3383
-9.1595 4.6546
-9.3718 -9.4623
-2.4273 -6.0484
4.5838 -5.6051
-5.6360 -10.3478
-6.2131 -10.5325
-7.0145 -2.7061
-4.7437 -7.4426
-8.9991 5.0615
5.7433 -5.1736
-5.6214 -7.6794
-6.0486 -5.1703
-5.7175 -6.6347
-5.4432 -8.5552
4.6745 4.5735
-8.8097 -2.4340
-8.8646 -5.1719
5.0837 -7.9940
5.0900 -8.5934
4.7614 -6.1606
-7.1710 -5.8022
-5.1505 -4.7166
-7.1741 -5.5395
-6.8708 -4.1248
4.6744 4.8244
-6.1854 -6.8472
-7.9357 -6.2749
-3.5967 -3.6433
-5.4583 -8.1836
4.6723 -11.1174
-7.4459 -6.4067
-4.2623 -6.5835
-4.8326 -5.9463
-7.8730 -9.0823
-6.1469 -2.2617
-7.3914 -3.9100
-4.2706 -3.6112
-2.3189 4.6241
-8.3116 -7.9117
-7.6213 -4.1985
-7.4263 -6.4266
-8.8662 -8.7983
-6.5408 -0.8688
-4.8799 -4.7278
-6.6335 -11.4002
-1.9662 -7.0268
-7.3166 -7.8777
-7.2069 -8.3867
-2.4390 -5.2673
-7.5811 5.0503
-8.8799 -0.1230
-4.2677 -6.5339
-5.7271 -8.4853
-4.4618 -2.4852
-6.2248 -5.6835
-7.5949 -4.3637
-10.2820 -8.7633
-9.5274 -9.7823
4.2158 -5.5345
-9.1857 -8.5520
-6.2774 4.5197
-6.3166 -5.1650
-6.0785 -8.8408
5.2219 -6.1243
-6.5497 -4.3489
-7.5803 -6.6056
-6.9347 -5.2712
-7.0147 -6.0077
-6.8520 -5.3840
-8.2857 -3.8523
4.9564 -7.1369
-8.4646 -6.5726
4.9490 -9.4694
-4.6534 -2.5323
-8.3849 -5.9529
-8.4467 -6.2549
5.2084 -7.1851
-1.4104 -9.4959
-2.8553 -11.0214
-5.9317 -7.2993
-7.8171 -6.3622
-8.5042 -6.2401
4.7763 -3.2655
-4.6662 -2.5561
-6.2810 -4.4865
-4.9520 -7.6166
-6.9275 -5.2568
-6.3243 -1.5512
4.2063 -7.8415
-7.8460 -6.8083
-7.6597 -0.8382
-6.7726 -4.0580
-6.9775 -6.7535
-7.9022 -7.7166
-4.7417 -9.6078
-8.2601 -4.4588
-7.7828 -5.7049
-5.5871 -8.5227
4.9747 -6.4278
-2.0227 -2.5849
-5.5366 -6.8341
-8.9456 -9.5084
-3.8747 -4.5259
-3.0612 -7.0676
-4.3134 -5.8388
-7.7640 -6.7262
-6.4086 -9.9457
-4.8446 -7.5879
-11.0993 5.3771
-5.5351 -5.5615
0.3771 -8.1033
-6.9705 -2.7112
-6.2115 -8.8200
-6.0256 -7.6586
4.6382 -2.5717
-6.3794 4.3477
5.1235 -4.4187
-10.4962 -7.6866
-12.6741 -7.0424
-0.5079 -7.6543
-1.6466 4.4212
-10.0496 -6.0855
-7.9954 -8.1634
-6.0506 -5.9909
-4.1799 -6.7927
-6.6115 -1.2842
-9.2965 -8.3550
-8.3004 -6.2003
-6.2714 -3.7290
-4.1379 -8.7041
-7.6147 -0.1976
-5.8437 -7.9009
-7.2116 5.0405
-8.2517 -1.0667
-9.0660 -7.5510
-6.1908 -4.9906
-9.9784 -8.3129
-5.0449 -8.6409
-7.6373 -6.2388
-9.9529 -7.0069
-5.4145 -3.4364
-7.9333 -6.0596
-9.0714 -5.9025
-5.7375 -4.9065
-7.7497 -6.0580
-8.6300 -4.5604
-3.3147 -8.2491
4.9840 -4.2192
-4.1920 4.3857
-9.1975 -6.2718
-13.2371 -7.0806
-8.6738 -6.9997
-5.2569 -5.8754
-3.7722 -6.5958
-5.5104 -8.4944
-2.9022 4.9390
-4.4011 -10.2491
-0.5562 -8.0705
-8.1789 -4.9696
-6.4320 -2.6716
4.7555 -8.9338
-8.9512 -7.5002
-10.2483 -1.9876
-7.8888 -6.0091
-9.0680 -3.1963
-5.6256 5.1726
-6.6301 -6.0307
-6.2641 -3.3902
-8.1830 -6.1070
-4.5103 -5.8294
-1.1732 -4.5412
-1.6559 -9.6779
-2.2359 -3.6808
5.2283 -7.5676
-5.2080 -8.6645
-5.2521 -2.2793
-7.6256 -7.8684
4.6367 -6.0051
5.2408 -7.8311
-9.0726 -5.6760
-7.4719 -9.4508
-8.9807 -11.4861
-4.8043 -6.6974
-7.7517 -5.8329
4.9751 -9.8225
-4.6338 -7.9578
-4.5484 -5.2589
-4.0267 -2.6249
-6.0350 4.9687
-4.6677 -5.8956
-3.9742 -3.6702
-7.0201 -3.5273
5.2182 -9.8786
-1.4367 -3.5638
4.4375 5.0868
-4.1533 -5.2197
-5.7226 -5.5451
-0.7800 -9.2769
-4.0602 -8.1170
-6.4967 -2.3038
4.8757 -4.1828
-3.8172 -5.1978
-7.9149 -5.5318
4.7949 -0.3260
-7.7046 -3.2176
4.7988 -7.0088
-2.5648 -6.9748
-10.7990 -6.3455
-9.0554 -7.0438
-10.2440 -6.6923
5.2734 -4.0300
-7.6474 -7.9710
-9.4460 -3.1487
-3.9075 -12.0402
-5.5694 -9.6777
-7.7568 -4.6004
-2.9804 4.7715
-4.8069 -4.3970
-5.7718 -6.1888
-1.2452 -5.9083
-7.5867 -10.7180
-4.3494 -6.6356
4.6317 -4.9431
-8.0810 -8.2240
4.5366 -5.9015
-8.6671 -0.6099
-4.4689 -9.1892
-1.1528 -5.6977
-7.2835 -5.5566
-6.5240 -9.4655
-5.9777 -10.8456
-9.4264 -5.0105
-7.5618 -7.5571
-4.6995 -7.0474
-7.0146 -6.4537
-5.1033 -7.8848
-4.1902 -8.8199
-9.4886 -8.1295
-8.6727 -6.1639
-8.0950 -2.9984
-6.0169 -5.5348
-1.1210 -7.4166
-3.9346 -4.3725
-8.1450 -8.3654
-4.9526 -4.7713
-6.8554 -6.0431
-8.9827 -4.0497
-9.2559 -5.7660
-6.0621 -7.6005
-6.3350 -7.2968
-2.8455 -6.1939
-8.1755 -6.3541
-8.7891 -3.8214
5.0705 -0.8756
-9.8251 -4.0718
-7.5204 -9.6830
0.8189 -8.0967
-3.4594 -5.7863
-4.7595 -5.1100
-3.6546 -5.1056
-5.2620 -8.0008
4.6457 -10.2612
-5.9055 -6.4410
-3.6633 -1.0941
-7.6376 -4.0933
-8.7524 -7.0971
-6.9198 -1.1138
-5.5297 -8.9347
5.1081 -10.1137
-0.8881 -9.3569
-5.4270 -4.1316
-7.0245 5.0477
-9.1261 -1.4219
-4.4401 -3.8630
-4.9759 5.2262
4.6474 -9.0139
-0.7830 -5.1074
-7.9842 -7.0789
-6.4610 -1.8222
-1.4190 -8.4220
-7.6799 4.3002
-7.8334 -4.7294
-8.2000 -6.0827
-8.1241 -7.4717
-3.8503 -4.7000
-3.5254 -1.0996
-7.3619 -8.3619
-6.6145 -4.5969
-5.3876 -6.8416
4.6413 -10.6338
4.6542 -3.5655
-4.5281 -6.2305
-4.8282 -7.0002
-5.7541 -7.3147
-5.9341 -6.5350
4.9210 -3.9873
-7.9798 -5.7065
-8.0094 -5.8509
-1.9730 -5.5166
1.6220 -7.6968
-6.1305 -7.0774
-6.0300 -6.3747
-5.0172 -6.0393
-8.8448 -7.9652
-8.9937 -9.4850
5.3412 -5.8477
-4.8195 -6.9354
-9.1030 -3.5481
-6.7080 -6.1243
4.9318 -5.0325
-8.8430 -5.7921
-6.5324 -6.6690
-4.7873 -8.2436
-9.4307 -5.8625
-7.4656 5.1937
-7.4723 -4.1000
-7.5877 -4.7682
-7.6617 -7.5365
-10.9160 -2.3912
-8.9247 -6.5785
-2.7173 -3.2192
-7.9103 -8.0838
-9.7044 -10.0252
-4.6140 5.0879
-6.0486 -6.6923
-5.5859 -7.7187
-2.3251 -6.2072
-6.7412 -4.6447
-9.8821 -11.2126
-6.0707 -7.4045
-4.8906 -2.2753
-9.1883 -5.9100
4.5244 -10.1427
-8.2000 -8.5632
-5.1468 -9.7908
-4.1508 -5.6067
-8.5369 -6.9693
-5.4142 -8.2239
-4.7760 -5.6388
-4.5626 -8.5714
-0.3313 -2.3795
-6.6426 -8.1718
-8.5605 -6.4364
-7.3678 -4.3478
-5.8701 -0.4123
-7.4281 -9.3153
-3.5498 -7.9000
-7.0848 -3.1420
-4.9325 -9.0403
-4.5101 -7.8315
-1.7521 -7.5966
-5.6434 -1.6809
-4.9029 -3.7657
-0.2952 -5.8604
-6.6635 -5.4982
-6.0168 -9.0892
-10.2876 -5.6813
-8.5400 -9.0028
-3.7285 -5.3257
-10.5173 -4.4169
-7.2499 -5.0145
-5.8711 -7.4668
-6.5147 -3.6693
-4.7110 -7.9265
-1.7192 -7.1967
-2.8168 -1.4568
-7.1650 -3.3187
-6.9027 5.1325
-2.7147 -7.0430
-8.9647 -6.5746
-8.3329 4.7571
-8.9193 -6.5530
-7.7536 -8.3815
-6.6039 -7.0300
-5.9856 -7.8492
-6.7098 -5.5096
-5.1102 4.7874
-6.2486 -7.8733
-7.6660 -9.2929
-8.3076 -3.5539
-6.7361 -6.2491
-6.0448 -8.2177
-9.0299 -7.8752
-4.3784 4.5941
-10.7484 -5.4914
-6.6624 -2.1805
-5.6788 -8.5989
5.1254 -9.6480
-8.6877 -5.4064
-8.9432 -7.1103
-3.0385 -5.7575
-5.1975 -8.7848
-7.7463 -8.4968
-4.6183 -1.4462
-7.3662 -5.8223
-3.5745 5.0354
-3.7633 -5.2248
4.7427 4.7644
-4.6716 -7.2524
-6.9618 -9.0251
-4.1614 -3.3955
-3.7251 -7.5554
-1.2827 -6.7805
-1.8211 -6.5915
-6.1579 5.0125
5.6637 -2.3667
-11.7198 -5.8552
-3.1987 -3.2646
-5.2132 -5.9859
5.1372 -6.2121
-7.8490 5.3694
-7.9618 -4.6647
-7.4021 5.3125
-4.7554 -8.1187
-9.1590 -5.5550
-7.2036 5.0034
-8.2170 -6.7506
-11.1572 -6.8837
-7.6853 -7.3607
5.3086 5.0003
-4.5606 -5.9997
-0.8716 -6.9343
-4.9120 -6.8268
-6.8589 -6.6429
-3.7675 -4.2871
-7.2569 -9.0857
-8.5477 -1.2979
-6.4989 -9.6396
5.0426 -4.4723
-4.9423 -8.9497
-11.1232 -6.6785
-8.8707 -4.6053
-7.2777 -9.2844
4.6285 -6.8453
4.7537 -4.1086
-4.5417 -5.6451
-6.2209 -5.3818
-4.5098 -6.7413
-7.8436 -3.1417
-7.0621 -5.0055
-8.9660 -6.3644
-4.6467 5.0490
-8.1282 -5.6740
0.9610 -10.7267
4.8651 -3.8338
-5.8923 -3.3110
-1.1573 -10.2744
-8.1859 -9.2148
-6.7463 0.4326
-5.4283 -9.0119
-7.5195 -9.3743
4.4880 -4.6518
-8.5941 -3.5356
-7.7200 4.7982
-8.4406 -7.6257
4.0144 -0.8951
-6.8514 -13.0014
-2.7988 -4.7540
-6.6532 -7.9283
-10.2475 -8.3697
-6.8930 -4.7344
-7.1767 -7.8734
-7.8877 -8.3056
-10.8968 -9.7046
-6.5833 -0.5089
4.8980 -11.8795
-0.7293 -7.6995
-8.8752 -9.9833
-3.5412 -10.6959
-10.3334 -2.5258
-9.1503 -6.1605
4.5432 -4.4469
-5.2230 -5.5843
-5.2094 4.3267
-8.1085 -6.0321
-6.9167 -8.9515
-8.7532 -8.1774
0.5713 -7.1058
-1.9076 -8.9886
-7.4346 -3.7902
-5.0189 -4.5305
-7.8329 -9.9588
-7.2503 -6.9956
-3.8453 -3.3237
-2.9717 -7.2111
-3.2610 -4.2779
-5.8907 -6.2041
-5.7934 4.5009
-6.1857 -3.9915
4.3704 -7.1618
-7.4790 -5.2082
-3.8228 -6.2433
-6.0554 -6.3127
-6.8570 5.2684
-4.9174 4.4369
-7.9710 -4.1847
-5.9735 5.1337
-5.5979 -6.4073
-4.5592 -6.0764
-5.2631 -6.0787
-6.0713 4.8053
-1.9825 -9.5533
-3.4088 -6.3614
4.1250 -1.3571
-6.7106 -6.4078
-1.8925 5.2136
4.9413 -7.7202
-8.6409 -7.5298
-5.9863 -0.0100
-4.3473 -8.4318
-8.2516 -6.5068
-7.5954 -6.3589
-4.9716 5.1073
-7.3036 -7.8625
-5.1252 -3.7854
-7.7616 -3.6249
-5.7748 -8.2241
-7.8905 -7.6104
-4.1774 -9.1100
-8.4137 -9.3345
-3.4519 -5.4264
-3.8039 -4.8268
-5.9891 -6.5778
-8.3226 -3.0274
-5.7583 -3.8654
-9.3933 -5.3137
-8.4078 -4.0470
-8.5422 -7.2649
-6.5325 -4.0239
-3.8506 4.8327
-7.5607 -5.3490
-2.6374 -8.4489
-3.7589 -8.7060
-4.7915 -3.1961
-8.5527 -3.6468
-5.7277 -10.1953
-8.3832 -3.5880
-5.3465 -2.5750
5.4262 -9.7421
-4.6720 -6.2179
-3.2659 -5.3845
-3.3530 -7.7514
0.4785 -7.9040
-9.7906 1.2317
-8.6032 -4.7747
-7.5827 -4.6986
-7.8080 -8.1326
-5.3524 -7.7716
-6.4562 -7.9296
-7.2134 -5.8667
-4.1646 -7.1669
-10.0349 -7.3729
-9.2095 -9.2451
5.3224 -7.4942
-4.4467 0.0972
-4.0077 -3.8953
-0.6920 -4.5081
-9.7585 -5.8719
-6.0582 -4.9517
-6.4822 5.2034
-6.8913 -1.1984
-7.6830 -5.9841
-6.2672 -3.9163
-7.2951 -4.9877
-5.9958 5.7891
-6.3592 -6.7427
-9.2500 -8.5927
-4.2027 -8.7783
-5.4530 -5.1345
-5.9960 -9.3732
-4.4249 -2.2830
4.7546 -5.7402
-2.1562 -8.2020
-4.9540 -5.0992
-9.0553 -7.1643
-9.5560 -8.9700
-5.6668 -7.9548
-7.9085 -8.9306
-5.1747 -9.0402
5.2074 -8.1897
-6.5833 -7.1234
-6.5988 -6.2534
-2.6976 -3.7546
-7.2477 -7.5599
-4.9526 4.7070
-3.7390 -3.9152
-6.5511 -5.4848
-7.3735 -7.3210
-8.9355 -7.9656
5.2505 5.6030
4.9029 -3.4615
4.9328 -6.2912
-7.3420 -7.8858
-0.1615 -10.4642
-9.1775 -6.5686
-7.8249 5.0209
5.4362 -5.6337
-4.8849 -8.8488
5.1569 -9.0648
-5.6270 -3.7474
-6.4819 -4.6638
-6.7657 -6.7378
-10.8721 -4.7083
-6.2117 -3.2041
-7.7132 -4.0459
-7.6008 -8.4733
-2.0299 -6.1747
-9.9824 4.5428
5.4527 -6.7591
-7.1536 4.7601
-5.8583 5.6436
-4.2113 3.9877
-8.3418 -6.2429
-7.1234 5.1554
-5.7328 -9.0074
-8.2898 5.0616
-1.8075 5.2642
-7.9505 4.4204
-4.9452 4.6293
-7.1990 -9.3369
-1.9426 -5.7182
-11.7753 5.5005
-8.8428 -9.7840
5.2946 -6.2171
-8.3131 -6.0070
-7.5294 -6.9079
4.6159 -9.8967
-2.4272 -9.4655
-4.6268 -5.9547
-6.9494 -6.6386
5.4289 -7.8586
-5.9889 -6.0966
-1.3358 -7.4203
-8.9670 -6.7850
-3.3411 -4.7603
5.4503 -10.0994
-4.1762 5.0108
-6.6661 -8.4825
4.8678 -9.1041
-5.5595 4.8023
-7.0336 -6.5869
-9.0029 -6.0786
-7.3953 -5.2484
5.2912 -6.5988
-9.0182 -3.7089
-2.3273 -11.9448
-6.7846 -8.9609
-8.4608 -3.6034
-7.6923 4.8927
-5.4858 -8.3484
-8.6281 -5.9046
-6.3458 -1.3765
-7.3380 -5.2016
-1.8778 -6.9252
-7.0331 4.5306
-8.0516 -4.0939
-9.4134 -8.7918
-9.3673 -7.1596
-7.2901 -6.3212
-7.3418 -2.6390
-8.2906 -7.5310
-4.3938 -3.0973
5.8145 -6.8556
4.9290 -2.3922
-8.3504 -11.6324
-5.7578 -6.4505
-7.4068 4.1790
-4.7758 4.7958
-8.6909 -6.8043
-6.8858 -6.1780
-5.3556 -4.2333
-6.0498 -5.0808
-2.3643 4.8245
-3.4096 -4.8887
-8.4392 -8.3895
-6.3375 -3.9521
-7.5405 -6.0467
-9.5647 -8.7276
4.9995 4.9927
-4.8200 -7.1686
-7.3956 -4.5533
-7.2157 -10.2500
-5.8238 -3.7692
-4.0843 -3.6038
-9.6528 -8.9350
-8.1698 0.8933
-4.0928 4.9745
-8.1302 -6.0778
5.1096 -2.9108
-5.1489 -7.8857
-6.2552 -8.3613
-1.7718 -6.7048
4.5778 -3.1521
-4.5459 -7.2396
-6.8006 -8.3128
-3.1783 -5.6606
-6.2014 -6.2298
-6.6307 -5.1784
-6.0417 -5.1606
-5.6081 -8.8251
-1.7199 -2.9413
-2.2530 -3.7627
-8.9062 -7.7317
-6.4519 -9.1787
-3.2597 -7.6632
-8.6924 -4.2333
-5.6855 -5.2904
-6.0061 -5.7075
-6.4941 -8.8550
-11.9249 -5.4289
5.0063 -8.5605
-6.7155 -5.9729
-8.6580 -9.5866
-7.1458 -6.1062
-5.7138 -7.4411
-8.2060 -4.7990
-7.1405 5.0878
-6.1205 -5.0891
-4.2731 -7.3552
4.9910 -2.2818
-7.7097 -5.5632
-6.4838 -6.9895
-8.0277 -7.9517
0.4522 5.2323
-5.2030 -4.6761
-6.6593 -4.3720
-4.7870 -7.5451
-5.7349 -9.1328
-8.2336 -7.0082
-8.7646 -7.5902
4.7154 5.5624
-6.3370 4.8412
-12.1021 -7.3656
-4.1197 -9.8027
-8.5397 -5.2835
-5.2606 -5.4634
-1.6275 -2.3110
-3.2855 -5.6790
-6.4142 -9.1344
-5.3806 -6.8072
-4.0597 -4.9775
-3.7437 0.9285
-7.6616 4.5523
-8.3276 -1.6363
4.5355 4.9420
-6.6884 -5.0402
-7.6795 -9.7445
-9.7527 -2.2850
-4.3772 -6.0554
-5.5631 -9.9263
-3.9641 -4.3972
-9.3295 -7.4864
-8.1005 -9.9203
-6.2110 -9.5567
-3.4196 -7.9885
4.5666 -7.4281
5.0187 -8.9020
-10.9140 -8.7401
-6.1345 -5.3536
-8.7350 -5.5058
-4.0425 -5.4029
-8.2029 4.6200
-7.4102 -7.4469
5.1435 -7.1030
-2.4013 -2.0592
-9.8739 -9.6922
-2.8672 -6.2663
-7.2111 -4.7443
0.0171 -4.9044
-7.7517 -6.7481
-7.2225 4.2887
-3.3211 -5.9787
-9.0281 4.5397
-2.3822 -7.7961
4.9779 -9.2727
-5.6486 5.3030
-4.4040 -7.1807
-2.1461 -3.4126
-2.7649 -8.8183
-5.6586 4.8584
-8.0672 -3.9261
-8.9484 -5.0285
-7.6588 -11.3440
-3.9057 -8.1973
-6.4548 -5.2840
-7.1229 -6.1710
4.8042 4.9879
-11.7517 -4.8703
-6.9712 -6.4202
-7.0247 -8.9805
-5.1415 -7.5419
-7.0679 -3.0281
5.0816 -6.6372
-6.8217 -8.5769
-3.7990 -6.6361
-7.2379 -7.0716
-4.7201 -4.6904
-5.0859 -1.2585
-9.0540 -3.2889
-6.2313 4.7109
-9.0634 -9.2650
-0.4065 -5.5769
4.5323 -1.4060
-7.4807 -6.1559
-3.7418 -4.0174
-8.3884 -5.1069
-7.1936 -8.2549
-3.8262 -3.0924
-5.7865 -2.1309
-7.8202 -9.2160
-4.1697 -3.0833
5.4395 -4.0549
-7.4787 -8.0054
-5.6652 -8.0374
-4.7026 -1.2226
-6.4269 -7.0398
-5.5206 -6.3059
-4.7594 4.9120
-8.2170 -3.4010
4.8059 -7.2796
5.3252 -4.6276
-6.7802 -9.6473
5.5248 -5.4220
-8.8878 -7.7365
-2.8123 -9.2429
-5.6426 -5.9177
-7.7410 -9.3181
-9.6071 4.7993
-7.7747 -2.5675
-9.1137 -6.4430
-8.1947 -7.5797
-4.3798 -7.6246
-9.2362 -11.9400
-0.7345 -9.2893
-8.7418 -9.9434
-7.0745 -6.5935
-8.1916 -8.3907
-7.8315 -7.8297
4.9826 -6.6252
-5.1858 -8.4330
-5.6123 -7.6090
-4.9354 -4.2446
-7.2164 4.7611
-8.2499 4.8856
-5.7075 -9.4692
-5.1477 -6.2551
-4.7435 -7.4525
-11.4182 -5.2475
4.8019 4.8043
4.8240 -9.8254
-6.8692 -8.9425
-8.3271 -7.5730
-7.5172 -6.5870
-10.6400 -9.1810
5.4083 -9.2034
-7.7959 -2.5757
-10.0238 -5.4664
5.4769 -8.7864
-3.3279 -7.1952
5.0568 -1.6447
-5.9945 -5.0361
-3.1342 -5.0915
-10.1084 -10.0246
-3.6849 -7.9504
-9.4530 -7.2058
-5.1040 -10.4879
-1.2961 -9.8500
-6.0063 -7.5797
-8.5337 -4.8211
-3.9027 4.7509
-4.4240 -7.1481
-8.4884 -7.7421
-7.2264 -5.3893
-5.7648 -5.4926
-4.4977 -6.0858
5.1643 -7.1867
-6.7300 -2.9669
5.4607 1.2798
5.0889 -4.9041
-6.3552 -4.8817
-6.3958 -8.8115
-6.6199 -8.6407
-5.0464 -6.8957
-7.0859 -6.7156
-11.7642 -7.8844
-7.8228 -3.5204
-2.0911 -3.1957
-10.3353 -7.2913
-8.3808 -6.7280
-9.3431 -8.1961
-6.6298 -7.6661
-1.9994 -6.8021
-2.1183 -7.2911
-9.3058 -9.9945
-4.7843 -5.6591
-2.6401 -8.2742
-7.5421 4.9086
-6.6979 -8.2790
0.6063 -7.6355
-10.0579 5.1881
5.0643 -7.8754
-3.0037 -3.7190
-6.9960 -6.2313
-8.5284 -9.0641
-4.8350 -7.2084
-7.8548 -7.4425
-7.2398 -6.7359
-0.6259 -9.7081
-6.2874 -0.4617
-4.2382 -3.5348
0.1022 4.5134
-9.2148 -9.2658
-5.2474 -9.4335
-7.7944 -9.0655
-8.2811 -11.2229
-2.1310 -8.9805
4.8859 5.2041
4.2892 -6.1793
5.2060 -13.3408
-5.0455 -5.2750
4.5425 5.3475
-8.0828 -7.6268
-5.9256 -6.2940
-3.2348 -5.1428
-3.5325 4.8514
-7.7100 -4.2055
-4.5303 -3.6113
-5.2876 -4.4815
-4.9914 -8.6754
-2.3195 -3.7752
-7.8969 -0.0150
-5.9844 4.9733
-8.2666 -5.2818
-5.8004 -6.1714
-4.7196 5.3685
-8.0447 -5.8001
-9.5124 -8.4796
-6.0124 4.7723
5.3696 4.6138
-6.6217 -8.0671
-11.4595 -8.1910
-6.5691 -9.4421
-8.1584 -7.0702
-7.5566 -4.8092
-10.1440 -6.8807
-5.2840 5.8724
-12.9001 -4.4080
-1.9896 -8.0908
-6.9716 -10.2737
-8.0954 -7.6881
-2.2487 -5.3803
-5.0665 4.4996
-4.5906 -8.9075
-6.1771 4.8278
4.8892 -8.6819
-8.2533 -2.1688
-6.8407 -4.7441
-4.9291 -6.2209
-5.6636 -7.0834
4.7225 -7.3899
-8.9823 -2.8365
-7.6354 -7.3319
-12.0992 -6.1425
-4.9412 -7.8465
-6.4863 -2.1695
-3.9007 -3.8971
-4.6809 4.8882
-3.2935 -9.4924
-7.4165 -6.1647
5.1745 -8.2975
5.2156 -6.2988
-5.6743 -9.1353
-3.5830 -4.9031
-5.5156 -7.1689
-3.4100 -7.4512
-3.7251 -4.1465
-6.3343 -5.4032
-6.7357 -5.2573
-7.1816 -8.6632
-7.4771 -6.0440
-7.2515 4.9038
-9.7681 -7.1839
-8.5313 4.8756
4.8640 -4.1337
-5.4758 -4.4769
-8.3236 -5.9250
4.8910 -8.7938
-7.2225 4.6235
-5.6717 -7.1892
0.0315 -1.6714
-3.5386 -7.4663
-5.9748 -5.4205
-6.0199 -6.0355
-6.7184 -6.1474
-12.3351 -8.3111
-0.5407 -3.4773
-5.2756 -6.9140
-2.5244 -7.5237
-8.3772 -4.7025
-4.0012 -5.0649
-8.2807 -6.6489
-4.0801 4.8943
-4.6283 -6.0541
-8.9504 4.5311
-3.6492 -4.9240
-6.3916 -7.4695
-6.9068 -5.1433
-4.4505 -6.5824
-3.2164 -3.8953
-7.9920 4.3989
-9.4205 -8.3428
-1.2903 -8.9641
-7.3271 -5.6092
-9.6478 -9.7801
-5.2468 -8.2173
-3.0252 -3.6200
-7.4347 -8.2100
5.3456 5.1874
-5.1990 -2.7661
-9.1940 -9.1946
-5.2324 -7.7320
-2.8678 -4.5039
-6.2236 -4.4911
5.8270 -8.0037
-5.0967 -6.0119
-8.5994 -9.2343
-6.2300 -3.0136
-4.1054 -4.7952
-11.4269 -4.5090
-3.5745 -11.6802
-8.8723 -5.0010
-4.1580 4.9999
-6.0365 -7.1267
-6.5882 -6.3582
-5.6495 -7.1181
4.6257 -8.4284
-0.8879 -5.2541
-0.2446 -3.4011
-6.9427 -7.5707
-5.9987 4.8123
-4.1850 -6.4122
5.1619 -5.8736
-6.9647 -6.0566
-8.1092 -6.3357
-8.0409 -9.7320
-10.0659 4.4994
-6.0407 -7.1747
-7.2419 -3.8636
-7.4494 -6.9161
-4.3913 -2.0672
-5.0773 -6.7547
-6.8608 -5.3947
-6.9855 4.8447
-5.2760 -6.2454
-5.4477 -8.2965
-5.0597 -6.2888
-7.5139 -3.4567
-7.8338 -9.3872
-6.6484 -7.5930
-7.4925 -5.7884
-4.3451 -8.7341
-6.8833 -5.4900
-5.8279 -5.3764
-2.2073 -9.2501
-3.4445 -9.5146
-9.7362 -8.6330
-9.1506 -4.8625
-5.1002 -2.5522
-6.1140 -6.8058
-6.1569 -3.8453
4.9778 -0.4292
-8.9975 -6.6069
-7.3461 4.5644
-10.9059 -9.6685
-7.5398 -4.8856
-5.3124 -3.6668
-9.2520 -8.3174
-8.7735 -5.8075
-7.2984 -4.7976
4.5595 -7.0712
-5.7044 -6.2703
-7.1421 -2.9750
-6.2101 -4.8592
-3.6021 -6.8143
-6.0228 -5.8814
-6.8729 -5.7618
5.0277 -6.3291
-4.7472 -7.3095
-4.3881 -8.3835
-8.2585 4.6185
-5.1800 -2.4782
-8.3819 -0.0761
-2.0561 -4.9871
-9.9371 -5.1518
-3.8785 -1.7952
-5.5954 -0.8048
-3.7137 -6.2323
-5.0516 -5.1403
-6.5045 -4.8004
-6.5524 -8.1082
-6.0634 -8.6963
-7.2164 -7.6632
-5.6598 -8.7279
4.7289 -7.9405
-7.1096 5.3060
-9.9508 -13.4312
-1.9847 -10.7716
-6.6720 -4.6158
-7.8764 5.2960
-9.4166 -3.6143
-1.5441 -5.3080
-6.2788 0.6908
-9.1027 -7.9140
-8.1375 -2.9005
-6.9575 -7.3432
-7.3223 -7.7869
-4.8467 -4.0309
-7.1977 -4.9828
1.3232 -6.3243
5.4675 -4.2662
-3.5353 -8.3643
-4.4346 -8.3792
5.3945 -5.0456
-2.2881 -5.9133
-2.1677 -6.0480
-4.5443 4.2666
-6.6075 -6.8522
-6.6738 -7.2859
-7.0932 -4.6081
-11.0835 -4.7132
-4.3372 -6.7671
-2.3897 -8.2039
-8.7223 -4.6051
-3.0988 -9.0359
-9.6875 -10.6137
-8.3358 -5.3865
-6.2952 -8.6306
-7.5829 -4.1208
-1.3114 -7.3940
-8.3948 -11.9141
-8.2695 -8.9864
-8.1077 -7.3644
-6.2981 -5.6226
-6.0637 -1.5700
-1.3190 -9.8677
-3.8992 -6.3817
-7.4860 4.2002
-7.8911 5.1345
-6.6120 -8.3388
-8.3787 4.4919
-7.9421 -8.5331
-5.8984 -5.7296
-3.4396 -5.6442
-6.2888 -10.4360
-4.8408 -7.9163
-9.0444 -3.8694
-5.2481 -9.3665
0.5247 -4.0655
-4.7754 -7.4481
-3.6712 -3.2908
5.3878 -8.1392
-3.2421 -4.4363
5.0858 -7.7274
-2.1920 -4.7948
-5.2311 -5.6007
4.6369 -3.1152
-4.0149 -5.9403
-10.1420 -7.2180
-9.6496 -8.3004
-8.1598 4.8776
-8.9323 -7.4971
-3.3303 5.1913
4.3887 -7.4904
-6.1263 -6.6144
-2.4029 -5.2053
-7.9484 -4.9328
-5.3400 -7.0014
-6.8843 -5.4388
-4.6271 -7.2136
0.8718 -6.0384
-8.7855 -5.6257
-7.0020 -9.8787
-8.0251 -5.6405
-4.5314 -8.1272
-3.8370 -6.5188
-7.9609 -2.1272
-5.0457 -6.4997
-9.1410 -6.9087
-2.6325 -7.8427
-4.6762 -7.6093
-7.1450 -5.0422
-5.8866 -6.3170
-7.9673 5.3850
4.7522 -5.7427
-8.4415 -4.2815
-7.4134 -6.1547
-6.8528 -6.5468
-7.0000 -4.8309
-7.9584 -7.5792
-8.5441 -3.5641
-2.0303 4.6355
-10.0600 5.1945
-3.9063 -4.9832
-5.6230 -8.7652
5.0148 -5.9915
5.1324 -8.3393
-5.3359 -5.4812
-5.4040 5.2166
-5.5493 -7.7674
-4.2167 -4.3002
-5.4362 -7.3315
-8.0367 -7.1549
-2.1777 -7.4668
4.5078 4.6308
-9.2679 -2.0522
-10.3955 -4.8399
-1.9777 -8.6779
-9.6341 -7.9687
-4.9995 -7.9961
-1.7707 5.4426
-5.7780 -4.1351
-6.5901 -5.6800
-3.2741 -8.3168
-10.4931 -8.9094
-7.5956 -5.6044
-5.1050 -7.8459
-5.0245 -7.1426
-6.0626 -3.1509
-8.3493 4.9310
-6.0076 4.7110
-8.1247 -9.2722
-8.7315 -6.3638
-3.4921 -5.8202
-2.7059 -6.0447
-2.3929 -6.9338
-1.8909 -5.1662
-6.9216 -8.5668
5.0932 4.8623
-4.0231 -4.6670
4.7930 5.3667
-3.7468 -8.2633
-10.0228 -10.1106
-5.2584 5.3742
-5.5818 -7.8141
5.3159 -7.8357
4.9567 4.3553
-8.7278 5.1895
4.9553 -5.4074
-8.1697 -4.3162
-8.1368 -5.1298
-6.8810 -7.6534
-5.5319 4.6017
-8.6524 -7.1304
-7.1720 0.1965
-3.2583 -6.6098
-10.1372 5.2817
-3.8911 -7.0098
4.8594 -6.5147
-5.5672 -5.9953
-5.8039 -8.6046
5.6804 -7.8329
-9.4791 -5.8084
-5.5086 -7.8193
-3.9784 -7.2650
-7.1309 -8.2041
-5.6072 5.0024
-3.3005 -3.8824
4.7092 -9.7655
-8.9010 -5.2845
-4.0866 4.5444
-8.0136 -7.7479
-6.7870 -0.8242
-10.5921 -7.3293
-4.9118 -4.5786
-5.2058 -8.1664
-8.2812 -6.8605
4.9262 -8.2083
-5.1974 -6.1947
-6.3638 -4.7702
-7.0428 -5.8990
-3.8355 -9.1591
-5.9925 -3.3589
-4.1609 -11.5073
5.5197 -9.8652
-4.9282 -5.3482
-2.7670 -3.7061
5.1758 -9.5037
-6.0342 -7.8013
-6.5178 5.3192
-2.3560 -3.0643
-6.8796 0.0002
-8.8175 -9.4246
-9.5460 5.4038
-2.5961 5.3753
-8.9244 -4.3512
-7.2663 -7.3968
-1.1942 -5.2046
-6.2990 -6.2516
-9.5127 -4.6143
4.8257 4.6355
-9.4410 -9.2806
-4.1732 -9.3353
-6.4230 -8.1391
-7.1936 -2.7289
-4.0116 -7.4655
-9.5314 -9.1667
-6.0235 5.0018
-6.8529 -7.5355
-5.9045 -6.0852
4.6757 4.4351
-9.3962 -7.6533
-5.8393 1.1207
-6.7701 -5.3317
-4.9447 -3.0649
-3.8798 5.0754
-8.2449 -6.8849
-6.8634 -3.7222
5.0584 -2.0220
-6.8615 -5.1378
4.8114 -4.5767
-7.7995 -4.3479
-2.5795 -8.4741
-8.5952 -6.8246
-6.9681 -8.3309
-5.8136 -8.9730
-5.9709 -5.2238
-5.0456 -4.8157
-7.2898 -0.6006
-6.0466 -4.0987
-8.1531 -6.6475
-5.1578 -5.2654
-6.4408 -8.2481
-8.6536 4.4449
5.7410 -3.1133
-5.1768 -1.7678
-5.3457 -7.7933
-3.3062 -5.0412
-5.6614 -5.6936
-7.2762 -10.0718
-8.8608 -5.3465
-8.5101 -4.5842
-5.1804 -9.2179
-4.6964 -8.8103
-4.8330 -3.3441
4.8604 -8.9483
-2.5267 -6.6166
-2.9329 -9.5643
-6.4487 -2.9931
-7.9965 -5.9769
-8.6603 -6.8028
4.5814 -8.5308
-7.5582 -5.6432
-7.5040 -7.2373
-5.3259 -6.0884
-6.4223 5.0998
-7.6915 -7.2090
-5.2300 -9.6552
5.2669 -4.3141
-6.1472 -6.4676
-9.6726 -4.5597
-8.3868 -5.3465
-9.0321 4.1010
-6.4143 -6.1202
-4.9347 5.0682
-6.9808 4.5122
-5.5555 -5.8586
-2.8423 -5.5621
-2.2778 -5.4597
-6.4200 -8.9185
4.9941 -5.2536
-7.1053 -5.0104
-3.6692 -10.6201
-6.6403 -4.8598
-8.6085 -10.0175
-7.6860 -7.7710
-8.0838 -7.1668
-4.1492 -9.5291
-7.1676 -4.6242
-9.8361 -6.0577
4.8532 -3.2442
-10.2912 -6.6275
-9.3911 -5.6329
-8.9718 -9.7456
-8.6752 -7.6676
-4.2965 -5.5607
-4.3963 -5.7838
5.2811 4.4031
-5.3146 5.3390
-3.8442 -7.0060
-7.5867 -7.9583
-1.7869 -4.8645
-5.6360 -8.7602
-4.8209 -6.3383
-6.1451 -8.0032
-5.9686 4.7499
-4.9426 -7.9224
-8.2151 -5.6563
-5.2413 -6.5180
-5.5968 -9.0132
-6.3301 4.8587
-8.6099 -5.9097
-8.5053 -3.3456
-5.4837 -6.3108
-7.8912 -6.5447
-7.6181 -3.8003
-6.2785 -5.2911
-10.1991 -5.2047
-4.3658 -8.6277
-9.0698 -8.2191
-6.1269 -4.7746
-5.6903 -8.9625
-7.8471 -12.9021
-6.4327 -8.3989
-5.3687 -2.7278
-5.7160 -4.9111
-4.6437 -4.6360
-4.4182 -8.2806
-8.3386 -6.6099
-5.2240 5.3545
-7.3219 -8.2631
-3.0504 -4.1230
-6.1694 -6.6046
-6.1455 -8.2075
-4.8695 -0.6013
-8.6826 -3.4079
-6.8052 5.4767
3.6670 -7.0039
-8.8503 -6.0248
-10.1917 -3.1900
-8.5286 -10.6664
-6.7141 -6.8292
-10.4974 -7.6390
-8.5131 -5.6751
-7.9461 -3.2856
-3.3861 -6.6857
-7.0361 -1.2210
-5.4596 -6.4172
-5.8449 -8.8392
-5.6569 -5.4557
5.0093 -10.6502
-5.7686 -8.6868
-6.8994 -5.6410
-0.6877 -5.2671
-8.4830 -8.5876
-7.9219 -13.3940
-6.8451 -4.3515
-3.7377 -3.2280
-5.5368 -4.4555
-7.1468 -5.3375
-7.7842 5.0587
-6.9543 -4.6020
-9.0007 -7.3188
-8.1038 -9.7123
5.1268 -7.9386
-5.9208 -2.3736
4.3011 -11.6004
-6.7503 -9.3550
-7.5060 -3.6032
-7.7789 -5.7578
-6.3151 -4.1950
-8.0157 -10.7095
-4.2618 -7.2816
-6.8460 -4.8703
4.5828 -9.4606
-8.2836 -6.8079
-3.8470 -7.5249
-5.4093 4.5222
-7.5650 -7.2182
-8.7944 -7.0900
-4.9626 -9.2005
-9.4628 -6.7891
-6.2314 -5.7091
-6.9889 -9.0011
-7.2262 -5.4174
-9.6310 -6.7363
-8.2578 -4.3564
-5.8025 -6.8008
-5.4997 -5.4053
-3.0094 -6.9440
-7.6511 -7.8086
-6.4179 -8.7813
4.5537 -6.8523
1.4315 -6.1103
-8.0512 -9.7725
-3.7516 -7.2789
-5.8218 -6.0449
-1.4391 -6.4973
-2.7200 -5.1772
-6.3965 -6.0202
-5.5135 -6.3609
-4.3182 -5.9371
-4.7122 -7.1039
4.8523 -9.4353
-1.6427 -4.9589
-9.2018 -5.3131
-6.8762 -1.2972
5.2151 -6.0834
-8.7406 -6.0195
-2.2762 -4.0819
-11.1164 -10.1696
-6.8843 -6.1534
-8.9990 -5.7278
-5.9980 -6.2341
-1.0159 -5.0576
-7.7973 -6.7693
-4.9266 -7.8737
-5.1362 -8.1641
-6.8125 -7.1597
4.4200 4.4659
-5.1923 -2.8106
-7.0740 -2.5837
-3.8117 -7.3803
-8.2588 4.6327
-6.4714 -8.8288
-5.9232 -8.4242
-7.9475 -7.7092
5.2617 -3.2439
-7.1400 -4.5830
4.8662 -7.9300
-8.6384 -6.2708
-5.2477 -9.1012
4.5296 -0.8545
-7.9846 -7.6724
-5.1160 -4.1771
-3.6277 -7.7057
-4.7555 -7.6016
-7.6236 -7.5504
-9.1469 -11.3617
-4.2228 -8.9135
-4.7193 -4.1483
5.0043 -9.2550
-7.0084 4.9139
-6.7490 -7.1897
-2.0112 -6.9742
-7.8818 -1.1196
-9.5669 -9.0146
-6.9700 -5.9681
-3.0765 -5.2400
-3.9428 5.4860
5.0947 -8.6214
-10.2717 -9.1673
-7.3665 -4.6004
-3.6471 -1.3810
-5.1811 -3.0904
-5.6697 -7.1488
-8.1137 -3.8311
-8.6048 -1.9039
-7.4824 -8.5217
-4.5558 -6.0245
-1.8446 -1.1057
-8.6146 -6.5581
4.9135 -4.3132
-6.8867 4.8726
-6.1320 -6.2451
-9.6849 -3.4021
-0.0553 -6.7003
-7.1925 -7.3332
-5.9825 -6.1685
5.5947 -6.3858
-4.1932 -5.4900
-3.4971 -5.3215
4.9226 -5.4349
-10.4411 -9.1714
-6.7347 -8.8949
-0.3988 -10.7291
-7.2333 -5.7863
-6.0888 -9.6677
4.9422 -4.9504
-8.5622 4.6455
-5.5082 -6.1851
-2.6676 -5.1430
-7.5670 -2.2285
-8.3742 -4.9655
-5.2373 -5.6029
-8.2863 -4.1020
-9.2672 -10.2447
-3.2078 -6.9181
-7.1947 -7.5608
-6.6860 -10.6629
-6.5282 4.9642
4.8855 -4.2191
-7.8158 4.6148
-7.0932 -5.7197
-7.6586 -6.7325
-2.5233 4.5022
-5.0561 -8.2676
-8.8059 -7.8236
-3.6282 -1.7199
5.0668 -6.6734
-9.3267 -6.2184
-8.3594 -6.9950
-7.3477 -9.9139
-9.6435 -6.4969
-7.6040 -2.6667
-5.0021 -5.7227
-6.8780 -9.5050
-6.2706 -4.7843
-4.0227 -6.9405
-5.2632 4.7797
-5.7077 -3.3946
-10.1634 -2.8928
-6.5032 -8.3892
-5.2169 -7.8702
-2.4631 -4.8206
-6.4651 -5.8166
-6.7119 -7.9244
-7.0403 -5.6304
-5.3348 -9.0553
-5.8492 -7.4141
5.1135 5.0077
-5.2990 -6.2147
-3.2606 -3.5405
-6.5884 -6.1196
5.3256 -4.7636
-6.2571 -6.7884
-4.5348 -6.5611
-6.0502 -8.9074
-3.6952 5.1372
5.0240 -8.6532
-6.4633 -5.2690
-8.1766 -6.6389
-9.4596 -7.0107
-2.4120 -8.2123
-4.5618 -3.9346
-8.7321 -2.0783
-10.0038 -5.1014
-5.1162 -6.1436
-7.8506 -5.8103
-3.0591 -10.2815
-6.3151 -4.7289
-5.8799 -5.7517
-5.5567 -4.6174
-5.3598 -8.8796
4.9206 -8.0194
-7.1747 -3.1849
-6.8552 -7.4340
-7.5520 -7.6744
-2.6068 -9.0617
-10.5455 5.2640
5.2903 -3.7419
-8.7131 -7.6429
-7.5096 -4.9663
-7.0910 -6.8729
-3.6857 -7.0500
-6.2424 -6.7445
-8.2484 -6.4966
-10.2743 -3.9971
-6.7710 -5.1090
-7.9500 4.8872
-4.8340 -4.9468
-5.9620 -7.6373
5.0582 -1.5168
-8.9909 -8.0865
-7.9663 -6.5293
-7.1669 -5.3124
-3.0485 -5.1906
-7.6145 -5.9573
-5.0128 -9.5236
-7.4495 -8.8282
-2.3405 5.0286
-6.9335 4.7306
-5.3181 -1.1246
-0.3397 -3.8184
-2.7689 -8.0696
-2.8440 -8.0167
-6.6313 -4.3635
-4.5328 -8.4700
-5.3905 -5.1996
-4.5711 -6.1625
-6.7672 -6.7660
-6.9204 -1.8967
-9.5261 4.8252
-5.0637 -9.9126
-7.4517 -4.9412
-9.7397 -1.7555
-11.9083 -6.2018
-9.4624 -7.5013
-6.3945 -6.8580
-8.2582 -6.9284
-9.1543 -3.4624
-4.6594 -9.6364
-4.6666 -1.0919
-0.8677 4.6555
-10.4860 4.8813
-5.4023 -3.5049
5.0830 4.9423
-7.3182 -8.0493
-6.8801 4.7575
-5.6443 -6.1492
-11.1967 -6.3789
-0.8800 -8.5602
-8.3383 -6.8056
-6.8630 0.8197
-5.4196 -11.4626
-2.5385 3.4030
-0.2291 -6.8771
-3.1266 -4.3919
-3.5307 -6.2503
-3.5214 -5.8939
-7.5850 -6.9748
4.7043 -6.9192
-4.9686 -7.8434
-8.2805 -7.8778
-7.1329 -4.5363
-6.6810 -7.7670
-1.5440 -9.4681
-9.6415 -7.3417
-10.2437 -8.1674
-7.8695 -7.2164
-6.3082 -6.5259
-7.1433 5.1889
-4.8118 4.6279
-4.4282 -7.0133
4.1515 -0.8310
-5.1844 -6.8977
-2.8575 -7.4504
-8.2798 -8.2123
-6.0371 -8.5838
-8.4071 -7.8462
-7.0937 -8.4177
-0.9788 -3.9817
-2.1499 -6.2857
-7.1117 -6.3999
-2.9372 -3.9503
-6.4097 -6.0106
-6.9688 -4.0645
-8.8630 -6.5773
5.4107 -8.5798
-1.0206 5.3897
-4.4240 -7.2359
-1.2759 -8.2192
-1.3231 -5.3785
-11.6406 4.8617
-7.5900 -3.2949
-8.1172 -8.0426
-2.3175 4.4540
-8.9944 -9.6298
-8.5507 -7.8831
-3.5519 -7.4341
-9.4245 -2.8317
-4.0917 -6.7128
-6.7190 -1.7244
-3.0500 -9.2790
-0.0913 -5.4534
1.0169 -7.0986
5.6507 -12.2323
4.8294 -1.4017
-5.9950 -8.2702
-6.7414 -4.8432
-7.1528 -3.9070
-3.3418 -6.1965
-15.2045 -6.1798
-6.8009 -5.5429
4.9654 4.8482
-5.2813 -3.3727
-3.4337 -0.8336
-3.5469 -3.8359
5.6454 -5.4914
-6.6192 -6.2728
-10.0775 -2.7006
-8.9270 -8.2511
-8.7829 -9.9709
-7.7573 -5.7505
-3.2687 -3.8639
-6.6741 -7.8509
1.0143 -3.9830
-3.4103 -6.7082
-1.7982 -5.8706
-6.8220 -6.3913
-6.6065 0.9921
-7.5137 -6.8298
-8.9765 5.2301
-6.0288 -2.8805
-10.7066 -5.0919
-2.9938 -9.6221
-5.1873 -3.4926
-3.5205 -8.7926
-7.5587 5.1052
-5.1086 -6.4492
-7.6891 -5.0443
-7.2228 -6.5132
-6.7918 -10.0459
-6.6979 -6.2545
-2.4914 -3.1385
-6.3025 -6.4247
-8.9402 -6.7095
1.1285 -7.5422
-6.0061 -9.8799
-8.8481 5.1731
-8.1096 -9.9097
-6.1579 -5.9363
-7.3159 -7.1977
-6.5483 -6.9479
-6.2030 -7.2362
-7.7409 -8.5636
-6.7260 -7.0911
-8.0184 -8.4893
-5.6765 -5.9563
-6.5359 -6.8638
-8.2633 -9.3470
-6.0153 -9.2376
-6.0086 -5.8460
-4.6145 4.9678
-5.5973 -6.5474
-1.4015 -10.0461
-5.3460 -12.7633
-5.4105 -5.8512
-8.7115 -3.8404
-9.1681 -6.2164
-7.1086 -7.8070
-10.6395 -6.0839
-8.1833 5.1898
-0.4680 4.9135
-4.5068 5.2518
-9.8743 -2.9757
-5.3133 5.1637
-4.4136 -13.1690
-3.8051 -6.9136
-8.3373 -7.9925
-7.1963 4.7607
-9.7437 -6.2682
-7.9366 -0.2496
-3.5907 -8.5518
-5.3047 4.3737
-8.3650 -6.0366
-6.4694 -8.4643
-4.6973 -8.2254
-7.6453 -7.8617
5.0459 -8.3186
-4.2123 -7.1696
-6.6539 -9.0578
-10.8997 -8.8436
-9.4644 4.7529
5.0457 -6.1865
-6.2321 -3.2758
-9.9819 -8.2546
-5.6717 -5.7867
-8.3508 4.7446
-7.8463 -8.8775
-10.6364 4.8339
4.7671 -1.7859
-4.4836 -9.0084
-6.5803 -6.8032
-7.5767 -5.9600
-9.1355 -4.8895
-4.0979 -8.2871
-7.1756 -4.5447
-8.9721 -3.4873
4.8414 -6.9340
5.0492 -5.1739
-3.6824 -6.8306
-7.3630 -8.9430
-4.1112 -10.9868
-1.3893 -5.1932
5.4304 -4.7785
-7.8977 -6.0528
4.5064 -6.7459
-8.0800 -6.8289
-7.2972 -6.6776
-0.8891 -4.1474
-5.0606 -7.8347
-6.8587 -6.8736
-9.8140 4.9023
-2.9445 -9.4818
-8.2910 -5.3676
-6.0381 -3.6958
-6.3720 -10.0802
-5.1806 -5.8678
-7.2169 4.8345
-6.0597 -9.7481
-6.8851 -4.3987
-12.4468 -6.6137
-1.5277 -5.6789
-7.7592 -6.8353
4.6247 -4.2732
-8.7587 -5.3572
-0.5320 -5.5822
-6.4477 -9.2164
-3.9254 -6.6513
4.8544 -9.1110
-8.0888 -8.5739
-6.0802 -7.4017
-7.9787 -4.1864
-9.0870 -9.2659
-7.7981 -6.4875
-2.3575 -5.2104
-7.7924 -5.9765
-9.9534 -8.0957
-3.8783 -4.8178
-8.7982 -7.5657
-4.2080 -6.3496
-9.7505 -11.4343
-9.0859 -7.7514
-6.0415 -2.1984
-1.7920 -10.8013
-7.2370 -6.0035
-4.2220 -6.5229
-7.2820 -8.7655
-0.7378 -3.5596
-6.9111 -4.7040
-9.0990 -7.5917
-9.2202 -5.8743
-6.3354 5.3136
-5.0544 -6.3224
-3.1721 -10.6455
-4.4335 -8.8382
-6.0444 -4.7664
-7.2797 -5.8944
-5.3021 -1.7998
-3.4668 -5.7694
-3.5648 -4.0654
-7.2391 -8.1620
-6.3060 -5.3723
-4.9960 -6.7038
4.7462 -5.6643
-4.4309 -5.7746
-8.6061 -9.2816
-7.3576 -5.8790
5.0613 -10.2298
-3.9726 -9.1259
-8.0301 -5.5019
-5.2238 -8.8398
-8.7075 -7.3223
-6.9638 -6.6327
-7.2899 -4.2983
-7.8378 -9.1225
-4.9032 -7.4789
-5.2442 -8.8313
-4.9344 4.4958
-6.3461 -4.5375
-1.7113 -6.1638
-7.8265 -5.5490
-5.4880 -8.2728
-10.8767 -7.2098
-8.4484 -4.6218
-4.0439 -8.9857
-5.7665 -8.1775
-5.6780 -7.2584
5.0232 -5.4018
-8.0573 4.7098
-6.1927 -9.2500
-6.0512 -4.9023
-9.6085 -7.1382
4.3223 -5.9289
-3.1103 -5.3450
-6.0293 -4.6618
-6.3754 -3.8840
-8.9232 -2.6617
-9.7934 -9.2478
-6.7167 -12.3102
-10.6728 -9.2846
-6.1966 -8.9099
-6.5115 -6.6802
-2.0286 -7.8507
-4.3479 -8.2659
4.4836 -3.9369
-4.1590 4.8321
-3.6087 -9.5080
-6.6463 -9.8128
5.3036 -2.1052
-4.3953 -5.6395
5.7051 -7.6391
4.9400 -6.8930
-5.5931 -6.5822
5.4297 -6.8086
-6.3601 -9.9666
-7.0556 -7.8509
-6.8993 -6.1068
-6.0012 -2.9681
5.1859 -7.9437
-8.3475 -3.1468
-7.1242 -6.1472
-3.5816 -6.2440
-2.0022 -5.4189
4.7285 1.2101
-6.2943 -6.9227
-4.3454 -5.0703
-5.4888 -8.3213
4.8480 5.1818
-3.7382 -5.8209
-3.5334 -6.0926
0.6369 -9.1855
-3.4975 -4.3460
-13.7228 -9.8221
-7.8067 -5.6605
-6.0423 -6.0950
-8.4631 -6.6114
4.9543 -7.2009
-5.1352 -4.8460
-5.6812 -6.0531
-5.6311 -6.4642
-8.8191 5.3577
-7.9044 -3.8228
-5.3452 -8.8322
-1.2179 -8.3667
-1.8711 -8.8919
4.6425 -8.4058
-8.5930 -3.9289
-7.4241 -5.1036
-5.6457 -6.8284
-8.6207 -8.5172
5.3091 -7.5920
-8.2608 -6.8720
-7.0048 -3.8381
-4.6492 -10.8551
-9.0992 -10.2694
-5.2470 -8.3282
-4.8458 4.4789
4.7885 -4.7975
-7.0857 -7.2974
-7.8335 -7.1742
4.3669 -6.6741
-6.3093 -5.8788
-11.1600 5.1076
-8.6387 -10.3683
-9.6989 -9.5262
-7.0145 -7.5014
-7.3446 -5.5311
-10.8438 -7.1396
-9.2715 -5.3032
-8.1607 -8.2878
-6.6344 -5.3376
-6.7935 4.9335
-5.1226 -7.0849
-7.2983 -5.6558
-3.6827 -5.7893
5.1210 4.7669
4.4843 -4.7558
-4.1179 -5.7526
-2.9751 4.2373
-8.7088 -5.8456
-8.6365 -6.5058
-8.9866 -7.5147
4.5028 4.7706
5.3599 4.9697
-8.7689 -11.0863
-6.2894 -5.6133
-3.4071 -7.7231
-7.1437 -6.3105
5.0512 -5.2718
-2.5468 -8.8276
-2.0961 -6.2461
-5.5721 -9.8276
5.1464 -6.8664
-5.6362 -9.7899
-4.9454 -6.3030
-9.7116 0.0510
0.1061 -6.5604
-5.3681 5.4786
-6.5843 -7.9449
-6.4160 -8.6191
-7.3933 -8.3244
-6.2841 -2.4293
-5.2240 -7.0441
-3.9095 -5.9531
-6.2031 4.6044
-8.6568 -6.4506
-9.6915 4.5629
-7.7025 -6.1298
-9.6221 -6.0024
-7.2940 -2.8229
-10.7413 -7.9517
-6.7911 -4.6738
-9.1082 -7.3336
-5.1940 -6.9371
0.7594 -10.0354
-6.2245 -6.4199
-8.1707 -7.0693
-8.6310 -2.5483
-5.5241 -7.7755
-6.7980 -4.4904
-2.6721 -6.3622
-9.8448 -8.8050
-6.5443 -4.6109
-1.7550 -6.8282
-8.1130 -6.3668
-3.9431 -5.6918
-6.2463 -6.9215
-6.7175 -7.6168
4.7508 -6.4695
-8.7765 -5.9962
-7.3974 -9.6309
4.7126 -7.1865
-9.2288 -6.9434
-6.5207 -6.7671
-4.4223 -2.5750
5.4412 -8.9103
-8.7483 -6.8814
-8.1574 -3.3912
-6.6613 -1.5811
-8.6673 -9.1204
-5.0631 -4.2616
-12.3950 -5.6196
-2.3176 -5.7980
-8.6643 4.1336
-8.4820 -4.7104
4.9774 -4.8648
-9.6671 -3.2641
-3.2889 -5.4006
-3.9929 -8.0928
-6.6672 4.4433
-4.7682 -6.9152
-2.7855 -5.0684
-4.9222 -0.4145
-4.1289 -8.3838
-6.0495 -5.7474
4.8455 -9.7486
-4.2165 -7.8539
-2.8300 -7.6435
-5.1453 -8.9006
-6.6051 -0.3522
-1.7386 -6.4080
-9.7246 -6.9381
-5.0441 -5.4490
-6.5057 -5.0244
-7.4884 -6.0375
4.1668 -5.1580
-5.7657 -1.9896
4.4340 -10.1009
-3.6782 -5.3076
-5.4329 -7.6477
-4.7000 -7.1158
-5.5789 4.6242
4.7591 -6.6940
-6.4451 -7.1028
-10.4439 -8.4731
-6.5997 4.5898
-1.7598 -7.2089
-7.1579 -7.2138
-6.1069 -5.9557
-5.8469 -10.2489
-3.4233 -8.3693
-5.7463 -1.8697
-8.6778 -4.8044
-7.9475 -2.6663
4.7980 -3.1570
-1.5776 -4.6212
5.1981 -5.6585
-8.0156 -7.4555
-6.8164 -2.6370
-3.1690 4.6691
-4.7090 -9.7656
4.6448 -3.1209
-7.5636 -9.5529
-11.7638 4.5461
-5.8855 4.9700
-7.7444 4.4193
-5.5252 -7.5630
-4.0598 -3.6877
-8.7666 -7.1153
-4.9208 -4.3443
5.2912 -8.0553
-7.4801 -7.1036
-7.1047 -5.5690
-6.0627 -7.6480
-6.4660 -5.8660
-6.0375 -8.9912
4.1921 -6.8960
-2.2429 -10.5578
-6.7588 -4.4369
-1.7862 -1.4651
-3.4913 5.2298
-5.0406 -2.0102
-0.5765 -0.3742
-7.5316 4.8086
-8.5191 4.1316
-7.6137 -9.6929
-5.3473 -7.8452
-4.6519 -10.6246
-8.9369 -7.4992
4.6440 5.2546
-1.0726 -6.0750
-2.6988 -9.2301
-2.0974 -5.2380
-3.7938 -10.9244
-5.8688 -7.1037
-7.8317 -7.4112
-5.5070 -9.8346
-9.5566 -8.1337
-9.6887 -6.2843
-4.2490 -7.9042
-9.2907 -8.5905
-8.2550 -7.8987
-7.3674 -7.9232
-5.8172 -1.3600
-2.8651 -3.7171
-5.9321 -10.0415
-6.9157 -6.2053
5.2421 -6.0609
5.0702 -6.5278
-6.0305 -7.4275
-10.3958 -5.0005
-6.3130 -6.6595
-9.4177 -3.8499
-6.7347 -7.0850
-5.9941 -2.4818
-6.4623 -7.1417
-8.8679 -6.7833
-5.1870 -5.4271
-6.3725 -3.3371
-4.9383 -5.4026
-7.1886 -6.4050
5.1935 -9.3219
-2.9567 5.6243
-6.6700 -8.7470
-5.5125 -8.4540
-7.5324 -7.9853
4.9482 -4.9027
-9.1593 4.7298
-5.3382 -9.3278
-11.1455 4.9622
-6.6713 -7.1170
-3.8021 -5.2928
-7.4339 -11.8692
-8.6953 -9.9053
-4.8132 -6.2137
-4.8320 -4.4952
-5.5053 -8.3501
-6.5258 -3.9643
-4.1251 4.6369
-5.9965 -3.1637
-7.9135 -4.4018
-8.7651 -4.6370
-5.2792 -10.1764
-5.1453 -2.4230
5.1159 4.9696
-8.2296 -7.5610
-4.1441 -8.9284
-5.1816 -3.6242
4.7400 -2.7885
-7.2150 -6.1485
-6.4291 -2.8228
-9.6992 -4.7639
4.6471 -4.9287
-7.2978 -6.8064
-3.7716 -2.2776
-3.6078 -6.1125
-4.5102 -10.6564
-6.4085 4.5646
4.6416 4.8427
-4.4006 -1.8717
-3.4044 5.2557
-6.1668 -1.8706
-6.4877 -3.8105
-5.4954 4.9345
-8.4203 -0.2285
-6.5429 -3.1798
-7.5765 -7.4004
-3.4255 -0.4589
-6.4431 -9.0016
-7.2226 -8.2797
-9.5553 -8.0062
-5.7082 4.8027
-7.1938 -10.0375
-3.6544 -7.7092
-3.5680 -7.8184
-1.0217 -4.9542
4.5369 -4.8082
-6.1795 -6.1089
-7.8933 -7.2387
-1.7898 -5.1912
-5.5359 -2.9724
-7.2913 -5.9940
-5.0541 -6.1604
5.5691 4.9057
-6.5499 -7.8790
-5.8508 -7.9059
5.0547 4.5210
-2.1535 -6.7627
-8.2542 -4.1770
-6.0798 5.0601
-6.5142 -5.4841
-6.7175 -8.1585
-9.6131 -4.5895
-8.8571 -6.9176
-9.2042 -5.8057
5.1007 -5.6153
-6.6914 -8.6245
-3.5188 -7.2229
-5.8547 -6.0561
-8.2625 -2.2397
4.7694 -4.8149
-4.8588 -8.0450
-9.4789 -8.3987
-2.0960 -9.3740
-9.6695 -8.4477
-5.6712 -6.1776
-4.3397 -8.7734
-7.2086 -9.1002
-8.7043 -9.7761
-5.9886 0.4197
-8.3826 -5.3444
4.7108 -8.3059
-2.0823 -7.1860
-5.2213 4.8264
-6.0930 -4.3570
-5.6723 -5.7711
-8.6752 4.8881
4.9377 4.6986
4.7470 -2.0683
-4.1606 -4.8229
-6.6665 -6.7622
-5.5701 -7.8607
-6.1780 -5.9244
-3.6078 4.5183
-3.9333 -9.9918
-4.5769 -7.2805
-7.0432 -8.2728
-7.4379 -5.2892
-2.2390 -0.9918
-4.2351 -4.3146
-9.1230 -7.5489
-9.1231 -7.1209
-2.6523 4.4208
-6.0812 -3.1190
-6.9023 5.4140
-7.8033 4.4305
4.7692 -7.7870
-8.9630 -0.0767
-6.5340 -1.4348
-8.1348 -1.9263
-5.4533 -5.2051
-7.4081 -5.0562
-9.8451 -8.8769
-7.7631 -7.6532
-6.7305 -0.3792
-7.5099 -9.2669
-2.7820 -6.7885
-6.2037 -1.6879
-6.8116 -10.4490
-7.9692 -6.7773
-9.9521 -9.6347
-8.6998 -5.5764
-5.8452 -5.6891
-5.8267 4.9465
-2.7518 -9.0055
-3.4331 -10.6693
-5.9052 -7.1943
-7.5116 -10.2236
3.7651 -1.4260
-7.1871 -3.6754
-7.6385 -0.9172
-7.4269 -8.4995
-2.4959 -3.6732
-9.0987 -5.0736
-5.3211 -5.5841
4.4971 -8.4543
-6.4868 -1.3997
-8.7716 -4.0678
5.2271 -4.1335
-10.8614 -6.6590
-6.3856 -5.1315
-4.3539 -4.4749
-4.1753 -7.8662
-4.3218 -4.1041
-7.4733 -9.5179
-8.3816 -5.8584
-6.2921 4.9987
-1.9655 -5.2443
5.1032 -4.7279
-4.2343 -6.6808
-7.5544 -8.1525
-7.6720 4.5383
-6.2718 -6.1208
-3.7326 -4.8435
-7.0217 -6.7304
-4.1888 -6.7723
5.0102 -4.4945
-5.6547 -9.7082
-8.8012 -5.2610
-4.1346 4.6167
-8.4091 4.8008
-1.9969 -8.4082
-2.7269 -8.2641
-4.3137 -5.1294
-7.9334 -3.7962
5.1938 -7.1360
-7.2864 -4.6978
-5.8395 -6.4274
-8.2393 -7.5288
-4.1707 -4.7918
-7.7129 4.7683
-7.0199 -6.8345
-6.7300 -4.3567
-9.6221 -5.9269
-6.3195 -7.9216
-8.7972 -8.3843
-8.7749 -8.8139
-6.9405 -8.2995
-3.8956 -1.4503
-8.8221 -8.9233
-7.0079 -3.0682
-10.7369 -7.1963
5.3845 -5.9296
-6.3906 -6.3764
5.3483 -2.6717
-6.6977 -3.2656
-5.3900 -6.1725
4.4827 -4.1823
-8.1110 -3.6703
-7.4112 5.0482
-3.8205 -8.3226
4.5694 -5.0221
4.6692 -2.9570
-4.0016 -4.3870
-4.3777 5.5452
-6.0777 4.5479
-10.0956 -5.9358
-7.5322 -7.5018
-5.8371 4.8008
-10.1820 -4.9695
-4.7591 -4.2898
5.0560 -4.5006
-0.6487 -4.4355
-7.3156 -6.4352
-6.2322 -9.3123
-5.0340 4.9095
-4.2948 -8.1663
-8.9273 -6.9449
5.1791 -3.7529
-5.4310 -7.8222
-6.5779 -8.4312
-8.4573 -7.7672
-7.6002 -4.3078
-6.0172 -4.6417
-7.4911 5.2307
-7.5690 -7.1071
-1.7268 -4.7758
-9.4777 -4.4272
-8.6980 -5.7441
-6.8288 -10.0353
-4.2121 -6.2730
5.1857 -7.3417
-4.5291 -4.8747
-5.1388 -4.5094
-7.3918 -4.4590
-6.4219 5.2380
-2.9889 4.7272
5.0541 -9.1686
-8.9786 -7.6311
-4.8138 -10.9863
-5.3162 -3.1017
4.4495 -3.1503
-3.6633 -3.6300
-5.3363 -5.5440
-7.6482 -4.5060
-9.2137 -7.3931
-4.6770 -5.7757
-10.1645 -2.7210
-2.8645 -9.7810
-8.2790 -9.7387
-7.0341 -5.0892
-5.7691 -3.9952
-7.9552 -3.4415
-10.1370 -6.0655
-7.4054 -5.9157
-10.9941 -6.1838
-10.3778 -6.8187
4.9066 -5.5796
-6.5919 -9.2269
-8.3512 -4.7039
4.7317 -5.2389
-7.7160 -6.3246
-3.2615 -9.4791
-6.1328 -3.7965
-10.3921 -4.6116
-3.8269 -7.0116
0.6927 -4.8714
-4.2839 -9.0110
-9.8739 -8.9806
-5.8577 -5.1820
-8.2436 -7.1903
5.0278 -5.9989
-6.5888 -9.4704
-5.6618 4.9737
-8.2048 -2.4605
-6.1705 -7.8681
-4.1922 -4.0468
-7.6148 -3.0935
4.7377 -6.4367
-5.3779 -4.9729
4.7400 -7.5803
-5.1153 -4.4093
-7.0378 4.9795
-8.4917 -8.7957
-3.0670 -6.6450
-5.9830 -9.7409
-4.4257 -6.0434
-9.5838 -8.5470
-3.8850 -6.6796
-9.5189 -8.1925
-8.5163 -4.6121
-3.8486 -11.9414
-6.6195 -7.0628
5.2008 -9.9198
-8.1109 -7.7651
-0.3001 -2.6868
-6.1494 -5.7693
-8.5735 -6.4777
-3.9083 -5.8635
-5.0307 -8.1217
-6.3387 -1.1285
-3.9036 4.7058
-5.2403 4.6697
-8.9080 -8.1323
-6.3710 -0.5682
-7.6897 -7.9462
-5.7084 -8.8394
-4.9512 4.4681
-6.2975 4.8852
4.9423 -7.8905
4.9352 -5.1130
4.9774 -5.7076
-4.2246 -4.9817
-6.5036 -5.9220
-8.0679 -6.9555
-8.0238 -8.8794
-3.4979 -5.9655
-4.0135 -4.1124
-8.6862 -9.1320
-2.6538 -8.7930
-5.4643 -4.6371
5.1690 -3.8251
-7.0761 4.9757
-3.6322 -5.7887
-4.2779 -4.3815
-6.7127 -10.1319
-4.5098 -10.5116
-5.0428 -11.7685
-8.3732 4.4858
-8.4345 -7.0207
-4.6280 -8.6699
-9.1187 -4.4541
-5.2057 -7.5140
1.1578 -8.5195
-8.3527 4.6637
-7.7278 -7.9931
-9.2881 -7.0568
-5.8464 -8.7427
-7.4075 -8.0275
-7.3908 -6.0780
-5.1391 -6.8014
-9.5908 -6.2378
-9.1336 -6.9553
4.8252 -7.8805
-4.5563 -8.4934
4.6771 -4.1693
-6.5614 -5.2788
-0.4704 -3.0167
-7.2978 -6.9327
-8.5893 -10.6944
-10.1245 4.8695
-6.5693 -5.8447
-6.3189 5.4155
-3.0297 -9.4767
-8.2911 -5.1439
-9.2645 -6.8576
-7.8235 -4.2658
5.3636 -5.3439
-3.9759 -7.2784
-5.5879 5.0783
0.6173 -5.3493
4.9050 -6.2486
-4.2525 -7.7088
-6.6292 -2.5513
-9.0640 -6.7798
-9.6388 -8.5205
4.8426 -8.6097
-5.1925 -7.6858
-6.4341 -12.2969
-4.1486 -3.2263
0.3516 -9.3917
-4.2586 -6.5814
-8.1232 -5.3191
0.9977 -5.9309
-6.4917 -2.7881
