5
-2.9466 2.0767
-7.9039 -5.2360
-5.1709 -4.9701
-4.0529 -4.9904
-3.5726 -3.9463
-9.9353 -3.5644
-2.9200 -4.3445
-2.8893 2.0838
-3.7878 -3.9492
2.1624 2.0420
-4.0635 0.1512
-4.0363 -6.1879
-3.9863 2.0845
1.9836 -3.4301
-10.9693 2.0590
-3.3451 2.0202
-5.2318 -4.7685
-2.6227 -3.5553
-5.6339 2.1002
-4.8790 2.0307
-5.6114 -5.5145
-2.5826 -3.2097
-3.7416 -0.4926
-4.1683 -4.4827
-4.2814 -0.2926
-4.5434 -4.3123
-3.1160 2.1585
-4.3547 -4.1333
-4.6139 2.1588
-4.6187 -10.6924
-4.5549 -3.4502
-8.7537 2.0820
1.9936 -5.5927
-6.1562 2.1221
-4.4097 -3.5480
-4.4151 -4.4267
-5.2282 -4.1180
-3.9770 -4.5370
-4.9910 -4.3117
-4.3895 -3.9339
-3.6021 -3.7977
-4.2983 -3.5483
2.0301 2.1291
2.0681 -4.1015
-3.8392 -3.7191
1.9305 -1.5243
-7.2855 2.0311
-4.7734 2.0061
-4.8628 1.0603
-4.2745 -3.2126
-4.9072 -6.4081
-4.5684 -3.8737
-5.3769 -4.5214
-6.8435 -5.9616
-2.1807 2.1212
-6.0186 -3.1954
1.9908 -0.1306
2.0393 -11.2337
-4.6247 2.0992
-4.0933 -9.3152
-4.9158 -7.4470
-3.4238 2.0387
2.0114 -2.4847
-4.7710 -5.0716
-5.1058 2.0791
-2.9426 -6.6864
-2.5960 -4.0551
-3.5064 -4.5969
-4.9309 -3.3877
-4.1533 -2.8402
2.0087 -5.0560
-8.7254 -15.9912
-3.3916 -3.0222
-4.0033 -5.1177
-3.9689 -3.2537
2.0298 -4.8163
-6.4843 -5.9027
0.0948 -3.5492
2.1090 -11.4119
-5.3274 -3.8099
-3.4856 -10.4999
-4.5157 -5.9867
-4.6260 -2.0760
-3.8801 -4.5417
-12.6835 -11.4346
-3.9778 -3.2653
-5.1424 -3.5947
2.5963 2.0194
2.0787 -3.3165
-4.3386 -2.8597
-5.2866 -4.1309
2.1026 -4.1650
-3.3186 -3.4812
-2.1528 2.1158
-3.8071 -2.6034
-10.2365 2.0170
-1.8171 -4.7427
-4.6108 -4.8035
-5.2595 -4.2426
-4.3292 -5.1157
-3.9206 -3.6524
0.1093 -3.3887
-4.2894 2.1170
-11.9485 -4.0023
-4.3671 -3.9239
-3.4868 -4.3805
-3.4714 0.4878
-5.1530 2.0646
-5.1479 -3.2447
-5.0620 -3.8209
-0.5976 2.0496
-5.0627 -2.5928
1.9986 -4.6951
2.0439 -4.2520
-5.1764 -2.9778
-4.0179 -3.7146
-3.4859 2.1202
-4.7946 -3.4748
1.9674 -2.7446
-4.8533 -4.6181
2.0672 2.1141
-5.6819 -7.4614
-4.8612 -3.9447
-4.6085 -13.2160
-5.1058 -4.1802
-5.4866 -3.3956
-3.9611 -3.4712
-3.0939 -4.5106
-9.7681 -4.3081
-3.7738 -4.6401
-4.6441 -3.0150
-3.8632 -5.2115
-4.9399 -2.7593
-4.6950 -3.8126
-4.4052 -2.2256
-3.3999 -4.3920
-4.7345 -11.7919
2.0794 -4.8511
-7.0349 -3.8325
-3.6600 -5.4307
-6.2811 -4.8056
-4.0692 -4.8676
-4.1303 -5.7082
-3.9280 -4.7219
2.0161 -2.3989
-2.8177 2.0191
-4.8732 -9.8465
-4.1826 -3.6056
-4.2102 -1.0838
2.0801 -10.0537
2.0623 -3.8226
-4.8339 -4.2387
-4.7139 2.0412
-5.4126 2.0562
-3.6297 -2.9400
-5.1234 2.0303
-5.2723 -4.2383
-4.5392 2.0829
-2.9883 -5.5074
-0.9937 -7.9569
-8.1928 -5.1300
0.8319 -6.0764
-12.9924 -6.1929
2.1826 -5.7508
-6.1699 -4.2473
-3.0867 -4.7731
2.0772 -11.0908
-15.4656 -4.1321
-3.2537 -3.3500
-4.1933 2.0332
-4.4926 -5.1789
-12.6846 -3.6472
-5.6587 -3.7620
1.9492 2.0372
-6.5723 -4.7549
-3.6116 -5.5691
-4.0857 -3.6564
-3.6383 2.0336
-5.1468 -3.4776
-4.2994 -3.6128
-4.9196 1.9999
-3.7633 -3.6519
-2.1575 -5.2329
-4.1410 -5.2222
2.0847 -4.4569
-1.5626 -3.7354
2.0402 -6.1293
-4.2238 -4.9257
-5.4129 -6.2029
-5.2009 2.1019
-5.4592 -2.9561
-9.5935 -3.5757
-3.8997 2.1564
-5.5769 1.9444
2.0708 -2.6695
-3.5787 2.0781
-4.6588 -5.6859
-8.2570 -6.4045
-3.7885 -3.5883
-3.5945 -2.3336
-4.7103 2.0857
-3.7804 -4.1822
-8.9031 -9.3087
2.1470 -5.2160
2.0403 -3.2993
-6.4259 -4.4893
-2.7131 -2.0084
-3.9050 -4.1939
-4.9693 -3.2095
-3.9043 -4.1666
-3.9389 -5.0288
-2.8145 -2.2900
-1.5674 2.0015
-4.9702 -3.9803
-4.1890 -11.4012
-3.3042 2.0946
-4.1383 -1.9512
-3.9043 -9.7158
-3.9978 -5.6438
-3.8373 -5.4090
-3.6792 -1.9658
-6.4066 -6.2125
-4.4127 -3.6322
2.1640 -5.0966
2.0391 -4.2179
-0.6522 -2.6120
-4.2625 -4.4430
2.0430 -4.0508
-9.8838 -6.0343
-3.2960 -6.5146
-4.9354 2.0364
-7.9312 2.0354
-1.9745 -3.6989
-2.9290 -3.5584
-9.5665 -2.9089
2.0136 -3.7563
2.1024 -1.7978
-2.5997 -4.0141
2.1037 -4.4497
2.0333 2.0032
2.0902 2.0309
0.6219 -12.5744
2.0779 -3.4066
-5.0117 -9.2796
-8.1092 -5.6398
-3.6423 -4.1360
-4.1066 -7.0973
-5.2140 0.4399
-10.2356 -3.1075
-6.9681 -3.6447
-3.6377 -10.5647
-5.4499 2.0794
-2.5558 -3.9714
-3.6244 -6.1888
-4.5558 -9.7770
-3.9410 0.4677
-3.8554 -5.4093
2.1416 -5.0278
-0.9872 -5.4867
-4.6353 -3.5131
2.0326 -7.0128
-3.5413 -2.7034
-3.8802 -3.5847
-5.2172 -4.3657
-1.8763 2.1359
-3.4202 -7.6670
2.0506 -7.8742
-3.0858 -3.5798
2.0268 0.6766
-1.9798 -3.8775
-4.4608 -3.9048
2.0878 -2.8895
2.1069 -5.8346
-5.9456 -4.3182
-5.9375 -1.6107
-4.0392 -2.9906
-7.6882 2.0008
-7.1079 2.1268
1.9742 -1.5722
-3.1994 -5.8238
-3.1886 -0.3326
-2.4122 -3.6540
2.1011 -5.2218
-2.4693 -4.5062
-3.8534 -4.9793
-4.6627 -3.8835
-2.3297 2.0335
-4.3682 -4.5812
1.9955 0.0255
-4.3767 2.0347
-3.3886 -4.8944
-3.7130 2.0923
-3.6065 1.9744
2.0667 -2.3696
-3.5141 -4.7270
-5.6451 -4.7435
-6.3782 -6.9483
-3.6380 2.0469
-5.3294 -2.8701
-4.6846 -3.5544
-6.0761 -6.5204
-3.3892 -3.2494
-3.6945 2.1305
-2.1160 -3.1534
-3.8993 -5.0401
-3.7753 -3.8232
-5.4499 -4.7350
-3.7043 -4.8589
-1.6090 2.0272
-0.7583 -2.6808
-3.9667 -5.4072
-5.1239 -4.2773
2.0499 -4.1437
1.9890 -5.4173
-3.6981 1.9795
-5.0037 -2.5716
-4.6039 -4.9417
-4.4915 -3.6827
1.4403 2.1809
-3.6245 -2.5563
-9.5404 -4.0198
-6.3572 -2.2023
-5.8514 -4.3012
2.0785 -6.9200
1.9774 -2.3179
-3.7161 -5.1063
-10.0574 2.0652
2.0196 -2.8703
-5.0717 1.9565
-4.9216 -4.2001
-3.1797 -2.7203
-4.0583 -3.8457
-2.8220 -2.3359
-3.9846 -4.6959
2.0173 2.0452
2.0069 2.0476
-4.7948 -6.9076
-2.8422 1.8160
1.9522 -3.0429
-3.7672 2.1094
-3.2358 2.1090
-4.7335 2.1120
2.1018 -3.4620
-3.5098 -2.7275
-4.0743 -3.4081
-2.6764 -3.5599
-6.0119 -12.8920
-4.2627 2.0351
-3.9690 -2.5981
-4.1996 -4.2667
-5.3037 -4.0363
2.0604 -2.8821
-2.9611 -2.9608
-4.3215 -3.3902
-6.4950 -2.2747
-3.9199 2.0053
-4.0001 -3.6261
-6.6369 0.7158
-9.6075 0.0392
-3.4573 -3.6744
2.1318 -2.5965
-2.9649 -5.0937
-2.1615 2.0714
-5.6270 -3.5231
-4.1695 -5.6711
-5.9693 -4.0880
-3.9496 -11.5278
-0.6142 -2.8267
-7.5531 -5.0651
-4.7171 -4.9667
-5.3796 -8.2588
-4.3577 2.0566
-2.3759 -4.0775
-6.1109 2.1423
-4.8507 -2.7311
-5.4283 -5.0064
2.0941 -2.7185
2.0899 -3.2490
-4.8135 -4.7083
-9.5445 -4.5696
-4.3678 -2.7103
-3.9371 -5.3680
-9.8384 -2.6898
-2.7784 -3.3708
-4.4148 -4.4422
-2.8377 -1.3515
-4.5949 -6.2981
2.0961 1.9808
2.0952 -3.0873
2.1409 -6.3950
-4.1947 -4.5691
-3.9383 2.1318
-6.1974 -5.0850
-3.5551 -5.5726
-4.7061 -5.8016
-2.3034 2.1280
-6.2696 -5.0682
-5.9314 -5.3668
0.9698 -2.7979
-6.1016 -5.9518
-4.1324 -4.4978
-4.5943 -10.8825
-5.5949 2.0967
-5.7286 -3.5327
-3.7597 -2.3084
2.0278 -4.2355
-4.4942 -4.4972
-4.1520 -1.9634
-5.7942 2.0220
2.0209 -0.9376
-3.1668 2.0995
1.9840 -4.9715
-4.7934 -4.3069
-3.7259 -1.4458
1.9617 -4.2873
-4.8490 -4.3301
-3.7212 -11.0019
1.9580 -3.7867
-4.0174 -8.2540
-4.6409 -4.3088
2.0571 -3.3830
2.0887 -2.0557
-3.6066 -4.3906
2.1709 -11.5317
-0.5079 2.1365
-6.5169 -3.9526
-5.7698 -2.8544
-3.0759 -4.4078
-5.4930 -4.9151
-4.1167 -5.8886
-5.3071 -5.2217
-4.8689 2.0309
-4.1356 -6.4474
2.0644 -7.7817
-5.3324 -5.0134
-3.9589 -4.2644
-3.4827 -4.3725
-5.4263 -1.2145
2.1142 0.6530
-3.9461 -4.1674
-4.7223 2.0356
-4.8376 2.1511
2.0979 -5.4470
-3.6672 -14.8837
2.0653 -3.3521
2.1343 2.0416
-12.5083 -5.4220
-3.0722 -4.5708
-5.7263 2.0966
-2.0236 -5.9470
-4.1197 1.5080
-4.3148 -3.4648
2.0743 0.3042
-5.1806 -4.7967
1.1679 1.9648
-3.8703 -3.6380
-4.3603 1.9232
-4.2914 -5.0893
-9.7463 -3.4368
-4.9584 -2.6738
-4.1207 -3.6099
-5.2880 -5.3782
2.0840 -5.4082
-4.6748 -10.3793
-3.3159 -3.7739
-3.9239 -4.3704
2.0353 -3.1843
-6.8487 -4.4770
-5.6448 2.0941
-3.4632 -5.1750
-3.9686 -5.5870
2.1761 -3.6373
2.1541 -3.6449
-4.7249 2.0013
-5.3984 -1.1325
-4.8770 -3.1742
0.4392 2.0461
-3.7986 -5.6420
-3.8191 -3.0378
-4.4036 0.6516
-2.6864 -4.8193
-11.9833 -3.2174
2.0222 2.0502
-6.0103 -2.3966
-3.7713 2.1841
-2.6458 -4.6664
-5.2656 -1.7489
-1.1134 -1.1729
-5.3077 2.0440
-3.5374 2.0810
-0.0854 -2.7603
-8.7469 -3.0799
-3.3037 -3.3353
-3.1130 -7.0520
-3.6851 -5.4398
-2.7605 2.0289
-4.7919 -4.8765
-5.3802 -3.5943
-4.8170 -3.0695
-3.8968 -3.8322
2.0937 2.0396
-4.2510 -4.4249
-4.2731 -4.2115
-5.8052 1.8167
-4.9096 -3.9037
-4.3472 -5.0482
-3.0796 -4.6289
0.1578 -9.5751
-7.0371 -3.0488
-5.4739 -3.9365
-0.6094 2.0762
-4.5724 -5.4731
-0.4225 -3.5431
2.0327 -3.7377
-5.2271 2.1496
-3.9297 -6.2731
-3.0578 -4.3853
-5.2336 -3.0551
-7.0270 -5.3628
-4.3976 2.1303
2.0164 -7.5996
-3.6638 -3.6543
-2.5293 -3.9325
-2.9051 -5.2699
-3.1215 -4.7437
-7.2629 -2.3175
-3.7969 -3.8517
-4.8020 -4.8331
-4.3479 -5.2988
-10.5980 1.9831
-4.8216 -4.7236
2.1041 -1.1377
-5.5169 -2.1393
-5.1043 -4.0950
-3.7882 2.1161
-4.8917 -3.3468
-6.5341 -5.0437
-5.0152 -0.3733
2.1269 -5.0547
-3.7025 2.0573
-2.7519 -4.6390
-4.3143 -2.8916
2.0244 -0.2609
-3.8308 -3.7434
-2.0919 -4.2959
-7.6635 2.0799
-5.9011 2.1424
-4.6094 -3.4349
-4.2349 -2.8925
-4.1559 -1.4324
-1.2946 0.4720
-3.5903 -5.5548
-5.0181 0.3127
-4.8433 2.1171
-5.8273 -4.3380
-5.2550 -4.1172
-3.8372 -2.7132
-4.5782 -4.3958
-8.2888 -4.1030
-1.6466 2.3464
-2.6534 2.0508
-4.2267 -7.3962
-4.8701 -3.9302
-3.6589 -3.4034
2.0350 -4.8633
-15.2952 -3.8493
0.0741 -3.9564
2.1787 -6.6660
-5.4635 -3.1713
-2.3962 -0.1384
-4.3628 -3.4283
-3.8634 -8.0109
1.9916 -5.6550
-4.8732 -3.6227
2.0122 -3.7598
-2.8563 -3.6370
1.9648 2.0021
-4.3313 -3.0118
-3.5067 -3.8042
2.0225 -2.0068
-3.2616 -2.8010
0.5152 -5.7297
-3.5310 -4.2125
-3.1655 2.0387
2.0002 -0.9856
-4.3051 -3.8839
-3.1075 2.1074
-2.5874 -4.0879
2.0722 -2.3959
-3.5778 -3.7851
2.0896 -4.5680
2.0567 -4.9029
-4.9290 -3.0942
-4.7229 -4.4506
-7.4014 -4.0221
2.0608 -4.0243
-5.1182 -3.0119
2.0808 2.0013
-5.5447 2.0867
-5.8370 -2.4476
-5.7368 -9.6232
-2.1646 -4.8339
-4.4765 -3.9745
-9.1093 -5.3243
-4.7146 -9.5961
1.9897 -2.9716
-5.2742 -5.3344
-3.4775 -15.0538
2.0602 -5.4071
-5.0036 -3.9188
-4.3225 -4.7185
-3.4155 -4.5046
-4.3396 -3.9781
-2.6194 -8.4963
2.0920 -4.3471
-4.0688 -5.2668
-4.1943 -3.8587
-8.0835 -7.8872
-5.2840 -4.0380
-5.0209 -5.0720
-5.0176 -4.0942
-4.6102 -5.1804
-3.4351 -2.6168
2.1153 -5.0698
-4.3357 -5.0098
-1.9320 2.1076
2.0828 -5.7328
-3.4380 -4.7877
-4.4006 1.9963
-5.3192 -3.0076
-3.6716 -11.9916
2.0758 2.0556
-3.7734 -3.7040
-12.7320 -10.2809
-3.0342 -4.2116
-3.9762 -3.0631
-3.5481 -4.7798
-5.7132 -6.4788
-1.2999 -1.6464
-2.8449 -4.0020
-5.8912 2.1043
-2.9123 -5.3317
-4.2841 -3.8539
-4.2703 -3.0449
-3.7204 -4.8695
-3.7210 -5.1148
-3.3374 -4.7698
-4.8939 -3.6034
2.0672 -10.2003
-4.8949 -3.7468
-4.4176 -6.0448
-6.1404 2.0158
-3.5917 -4.5369
-4.6684 -15.4156
-4.4268 -6.8037
-8.1389 -4.6945
1.1932 -5.0008
-5.8313 -11.3362
-3.3525 -5.1815
-12.1959 -4.3960
-5.0495 2.0105
-3.3381 2.0394
-3.8885 -4.0227
-5.7080 -7.9298
-7.5486 -3.2515
-0.5465 -4.4578
2.0854 2.0511
-5.2459 -3.8482
-5.0078 -1.8529
-3.7848 -4.4328
-3.1343 -4.2863
-3.8091 -2.4163
1.9647 -4.6378
2.0987 2.1733
-4.0626 -4.5764
-2.7635 -3.6841
-3.4554 2.1207
-3.9092 -5.0784
-3.7601 -0.5699
-5.2308 -4.1943
-3.5790 -4.1842
-2.6780 -4.6823
-5.5102 -8.3445
-5.0318 -2.9524
-7.4089 -11.9425
-4.2655 -4.2965
-5.9654 2.0416
-4.0282 1.9397
-0.9180 2.0574
-9.3007 -9.7297
-0.9534 -5.3296
2.0348 2.1856
-13.2241 -4.3617
2.0571 -3.3865
-3.3089 -5.9144
-11.5502 -6.0249
2.0390 -3.5825
-12.7064 -3.2719
-4.2809 -3.2467
-3.3636 -4.9986
-4.3835 -4.8145
-6.3952 -5.0970
-4.2760 -4.1824
-11.4817 -4.3084
-4.4707 2.0802
-3.7900 -4.1478
-6.8237 -4.1101
-11.3282 0.2426
-3.7354 -11.5918
1.7400 -3.2336
-2.5547 -3.9308
-13.7476 1.9946
-2.0452 -4.3326
-4.6186 -12.1424
-4.8616 -4.1098
-3.9431 2.0336
-4.0536 -4.2203
-4.7736 2.0026
-4.0001 -5.4730
0.1731 -5.5378
-4.4402 -5.6823
-7.3924 -1.8030
-0.1719 -4.4277
-3.3469 -5.0610
-3.1539 -4.2531
-4.2909 1.5207
-3.4885 -3.4188
-5.8118 2.1041
-4.2324 -4.9263
-4.9264 -4.3673
-11.8479 -4.7829
-3.3303 -3.4632
-4.0533 2.0510
-14.4404 -4.2310
-3.3819 -5.8101
-2.3847 -4.6114
-3.0427 -5.7481
-3.7195 -3.7687
-3.9291 1.9551
-4.3242 -4.1124
-6.2382 -4.9074
-3.3555 -4.1048
-2.4474 -9.0639
-5.1198 2.0505
2.0049 -4.1156
-4.1968 -10.2043
-3.8338 -4.4577
-2.7300 -5.5832
2.0868 1.4838
-6.2315 -10.3012
-4.2593 2.0899
-4.4068 -4.8378
-3.9271 2.1952
-5.7617 -3.7103
2.0930 2.0421
-5.4284 -2.1864
-5.1262 -3.4855
-4.8165 -4.5939
-3.8843 -4.8191
-5.7060 -3.2528
-4.0068 -4.3814
-2.9293 -1.7141
-6.1371 -3.7431
-2.9241 -2.5283
-4.5110 2.0636
-6.7772 1.9607
-2.5754 -4.3757
2.0403 -3.7961
2.0061 -4.1446
-3.6694 -4.3727
2.1490 -4.6962
-4.3232 -3.9319
-4.5752 -3.9004
-4.1869 -4.6841
2.1163 -5.4153
-11.7471 2.0774
-11.0232 -5.7727
-4.4176 -9.6507
-5.7583 -4.2144
-4.9752 -4.8259
-2.9002 -2.6476
-4.7967 -5.1496
-3.7730 -4.5548
2.0625 -4.0136
-4.9288 -4.4476
2.1212 -5.2321
-4.0434 -5.1141
1.0319 -6.2666
-4.7959 -4.1802
-2.5160 -3.1974
-5.3669 2.1811
-6.3607 -4.8701
-3.2888 -6.5597
-3.4190 2.1132
-5.3069 -3.9210
-4.2599 -0.5667
-3.9847 -3.7560
-5.7613 2.1669
0.4021 -4.0884
2.0453 2.0892
-3.9466 -4.1565
2.0811 -4.2369
-5.4158 -7.3905
1.9939 -3.7746
-4.9290 -9.1145
2.0299 -3.2429
-2.6839 -3.0086
2.1214 -10.6980
-5.3359 -0.4330
-4.5871 -1.4253
2.1680 2.1265
-7.3426 2.0867
-5.6440 -4.7801
-1.9398 -3.7223
-2.4419 -5.9765
-2.8939 -5.0304
-3.8164 2.0250
-4.5365 -4.5723
-4.6412 -4.3825
-2.6224 2.0446
-4.4979 -4.1370
-6.7774 -4.4347
-3.5859 -3.0699
2.1011 -2.8688
-4.2274 -4.7368
-4.6564 -3.2308
-9.8571 -4.5599
-4.1332 -3.9357
-4.3203 -5.6852
-3.5442 -5.1900
-3.7596 -4.2062
-2.5256 -0.1176
2.1168 -2.7188
-4.0892 -5.4961
2.8807 -5.2283
-5.4467 -3.3005
-0.5192 2.1476
1.8261 -4.1502
-4.5455 -5.0904
-3.2388 -1.3148
-4.0538 -5.1179
-3.9432 -4.4149
-2.5545 -14.4720
-5.4117 1.9752
-3.6876 -3.7251
2.0827 -4.0766
-9.8049 -4.2606
1.9922 -4.5647
-9.6140 -3.8344
-0.2524 -3.6905
-4.7868 -5.3658
-4.5564 2.0186
2.1172 -2.4494
2.0226 -4.8702
-4.7532 -5.2804
-6.8571 -3.4867
-4.8876 2.1109
-6.5576 -4.8676
-5.7978 -0.9832
-2.8125 -5.3140
-5.8247 -13.0023
-3.3122 2.0783
-2.6070 2.0787
-5.5149 -4.5776
-5.6246 -5.2271
-4.2819 -5.4594
-3.3606 -5.1609
2.1003 -4.8697
-3.7001 2.0100
2.1087 -4.2603
0.2758 -4.8018
-4.1817 2.0179
-4.4690 -6.0996
-4.6045 2.0285
-3.8844 -2.3642
-5.2350 -6.2033
-3.3155 -2.4668
-3.9780 -3.2500
-3.3404 -4.7330
-3.7572 -4.2018
-3.7578 -3.2936
-4.2213 -3.2537
-4.1557 -4.6238
-4.6174 -6.5974
-4.1166 -0.1126
-4.1814 -2.9117
-10.1130 -4.1283
-4.3853 -4.2737
-4.1259 -4.3100
-3.7870 -4.3265
-4.3241 -4.5749
-4.7464 2.0089
-2.7159 -1.6090
2.1610 -3.7249
-1.9688 -2.9923
-4.5119 -5.0039
-5.8805 -1.0061
-3.5487 -3.4207
-2.2357 2.0811
-3.7470 -2.4864
-14.3402 -10.5840
-4.1962 -5.2974
-4.7757 -2.0067
2.0344 -4.8109
-4.2921 -4.1880
-5.4053 -3.7366
2.0709 2.1515
-4.3971 -4.8496
2.0777 -3.3784
2.0747 2.0576
-4.4513 -3.6062
-2.7916 -5.3163
-5.3736 -4.6029
-4.9250 -4.8126
-3.0249 -8.2826
-4.7978 -2.8793
-2.7006 2.0528
-3.8065 -2.7872
-5.1947 -5.5447
-4.4683 -4.3644
-2.1621 -3.3243
-4.6491 -4.2430
-4.0640 -0.2720
-4.1302 -3.9411
-5.1614 2.0477
-4.6136 -8.2088
0.2125 -5.9798
-2.0933 -5.3362
-2.2864 -4.6720
-4.1559 -3.3913
-3.5525 -5.4975
-6.8482 -3.3617
-9.9702 -4.4334
-9.6352 -3.6373
-3.3303 2.7015
-4.0663 -5.1774
-5.6932 -5.2864
-6.5717 -2.9053
-3.8561 2.0164
-10.1550 -4.1140
-4.0576 -4.8006
-2.7426 -4.5761
-6.0748 -4.5024
-5.3177 -10.4153
-4.3870 -5.3210
-4.2802 -4.5271
-4.7592 -3.0190
-4.2080 -3.0194
1.4951 -0.5860
2.0663 -5.6865
-4.2746 -3.3893
-5.5774 -8.4203
-5.9925 2.1565
-7.6905 -4.6952
-3.9156 -3.2323
-2.7285 -7.2503
-5.8495 2.0026
-3.8863 -4.1956
-3.6116 -5.3789
-4.4408 -0.6455
-4.7160 -10.4616
1.9815 -2.5650
-5.1981 -4.4566
-4.5656 -3.3376
-5.7416 2.0771
2.1733 -3.7256
-3.8084 -5.3918
-3.2527 2.0249
-4.9898 2.0593
-5.2283 -4.0945
2.1236 -4.6379
-8.9345 -3.4132
-5.2398 -4.3874
2.0250 -3.1211
-4.6922 1.9951
-2.9700 -3.9822
-3.4359 -3.3815
-4.7536 -3.5048
-3.7610 -3.9802
-3.4563 -3.7629
-4.4621 -5.0922
-3.3430 2.1010
-3.9573 -9.4106
-13.0673 -3.0336
-4.9422 2.0486
-4.5563 -4.8924
2.0373 -2.9178
-4.7649 -4.3682
-4.6851 -4.6741
-4.0571 2.0853
-6.2465 -5.3907
-7.5343 -6.8791
-3.9330 2.0354
-3.2705 -3.7062
-3.2484 2.0218
2.0628 -4.1259
-4.5539 2.0197
-3.8641 -4.5782
-3.2457 -3.3495
-11.9126 -4.5897
-6.6680 -3.9342
-5.5512 2.0990
2.0605 -5.1073
-4.8990 -3.7151
-3.1124 -6.0692
-4.7629 -3.5214
-2.8934 -4.3442
-4.5262 -4.7688
-3.7480 -5.0306
-5.8514 1.9784
-3.8967 0.6203
2.0973 -2.9622
-5.5577 -4.7016
-2.6188 2.0670
2.0097 -4.3068
-6.4585 -3.8905
-6.5854 -2.6549
-5.1506 -4.9807
-3.7991 -9.2112
0.7977 -6.9130
-4.9766 2.1346
-5.0813 -4.7260
-6.1119 -4.1405
-13.6704 -2.1108
1.9396 -4.2633
-2.6981 -2.2459
-4.0802 -4.6086
-5.3958 -5.1308
-2.4837 -4.2330
-3.8847 -3.9946
-0.0419 -5.1031
-4.8209 2.0267
-5.0056 -4.0166
-3.6822 0.6549
-4.3158 2.0487
-4.5121 -3.5626
-4.2806 -5.3291
1.1346 -2.9517
-2.1779 -4.2553
-3.4199 -4.0510
-2.5976 -11.5325
-2.8244 -4.6747
-4.4196 2.1287
2.1243 1.9925
-3.4419 -4.8761
-10.8336 -5.5576
-4.6306 -5.1970
2.0787 2.0331
-9.2073 2.0198
-3.8958 -4.4343
-4.7678 -6.1453
-4.2890 -3.6999
-5.1331 -4.6124
-10.5252 -4.7999
-0.6353 -10.3732
-4.4461 -6.6805
-6.4357 -9.9081
-3.5785 -4.4441
-0.9931 -9.6767
-4.3190 -4.7836
2.0270 -3.7498
-3.5852 -4.1541
-4.4827 -4.6055
-5.5067 -4.1914
2.0446 2.0090
-5.5518 -1.3151
-3.9601 -4.8059
-12.6011 -2.3747
-4.6973 2.1436
2.0812 -3.3405
2.0391 -4.8536
-1.3817 -0.5698
-3.7340 -3.6095
-4.3791 -3.9526
-3.4192 -3.4313
-9.2608 0.3053
-3.6784 -4.2920
-4.5861 -4.7978
-4.1577 -5.2334
-4.3847 -5.7753
-6.5948 -4.3662
2.1012 -5.0299
-5.6999 -3.2529
-4.0379 0.8341
2.0627 -3.9693
-3.9513 -4.3067
-4.9875 2.0957
2.0611 -3.1774
-4.9904 -4.3494
-4.0165 0.8976
-4.0502 -4.9364
-2.1315 -9.7687
1.9769 -4.3681
-4.3417 -2.7596
-3.0067 -5.3654
-3.2895 -4.8136
-4.7166 -3.7399
-0.9924 -5.1152
-3.6811 -5.0901
-3.0045 -3.4530
-4.6095 -4.0476
-8.3938 1.9518
-5.1105 2.1015
-4.6114 -3.8560
-4.1806 2.0073
2.0571 -9.9356
-3.8033 -6.0947
-5.1861 -5.5763
-3.0529 -5.6052
-2.5233 -2.9195
-8.1471 2.1060
-4.3290 2.0476
-5.4163 -3.0268
-13.5725 2.0239
-4.3738 -3.5729
-4.9004 -3.3701
-1.5708 -3.0645
-5.3171 -4.2986
-5.0873 -0.0398
-4.0096 -3.5256
-4.8911 -3.9235
-4.3245 -3.7297
-5.2663 -4.1936
-4.0021 -4.5280
-9.8253 -3.4004
-3.3662 2.0257
-2.9482 -4.4341
-4.8201 -4.2018
-5.2914 -10.3622
-4.6087 -3.5904
-3.9683 -2.9827
-4.5683 -3.3239
-5.5161 -1.6691
-3.1986 -3.9014
-4.0509 -4.4703
-5.0119 -2.4246
-4.7781 2.0684
-10.4334 -3.2082
-4.7536 -4.7464
-4.4288 -3.6406
-5.3731 -3.3066
-3.9246 -3.1102
-3.4978 -4.1351
-2.5536 -0.8363
-5.0149 -4.6115
2.1507 1.9944
-3.2757 -15.8337
1.0541 -3.8686
-5.1818 2.0886
-3.2473 -15.7653
-4.2685 -5.4767
-3.2708 -4.3612
-4.9785 -4.1658
-0.6431 -4.2741
-4.3887 -5.1870
-4.8203 2.0249
-3.8657 -4.5561
-2.9271 -6.0147
-3.7651 -1.3313
-5.9457 -5.0798
-5.5651 -4.0428
-4.0164 -1.9853
-9.3887 -5.0311
-2.1952 -4.2817
0.6416 -9.4673
-8.0848 -4.5661
-3.7125 -4.9867
-2.6377 2.0717
-0.9520 -2.9137
-0.9975 -5.3566
-3.6380 -4.1072
-4.7960 -4.4965
-5.3602 2.0430
-0.3355 -4.0387
-5.7901 -1.7916
-3.9030 -4.1712
-6.6125 -3.7302
-4.5247 -5.5620
-4.6520 -5.6509
-2.5593 -4.3161
-3.7804 -2.5963
-3.8257 -4.8005
-5.0640 2.0691
-2.2931 -5.3043
-4.8112 -4.2886
-5.4103 -3.8157
-5.6406 -2.8128
-2.4565 -3.1581
-5.0725 -3.2760
-2.6916 -7.1401
-8.7828 -5.4260
2.0512 0.2390
-3.4671 -2.3081
-3.4048 -5.9419
-8.5090 -8.1239
-12.1586 -4.1650
-4.4325 -4.0773
-5.3995 1.9403
-0.5548 2.1424
-3.5943 -2.8685
-6.1462 -0.0160
-3.5960 -4.3627
-3.2105 -6.9811
-5.1100 -4.7681
-3.6204 -4.7735
-5.0768 -4.5526
-5.0865 1.9983
-5.1655 -4.9431
-4.1949 -6.2453
-0.7223 -4.1046
-3.2879 -0.5904
-5.1458 -3.7477
-1.6015 -4.8397
-2.6286 -3.3590
-3.6154 2.0920
-5.5076 2.1096
-2.8383 -2.5916
-3.4848 -10.3275
-4.4608 2.0307
2.0230 -5.2981
2.0383 -4.6274
-5.5442 -4.2113
-3.4816 -4.6882
-1.1405 -3.7750
-5.5922 -2.9713
-4.3808 -11.3376
-1.9822 2.0561
-2.8316 1.9665
-6.1045 -4.4286
-3.4254 -5.3674
-1.9612 -1.0358
-6.3550 -3.6203
-4.1519 2.0887
-3.3074 -3.8890
2.0447 2.0077
1.9429 0.1103
-4.5068 -3.5222
2.1257 -3.1896
2.0128 -2.6705
-4.7083 -2.2674
-4.8840 2.1150
-3.8728 -4.5813
0.4586 -5.8736
-3.4770 -3.0968
2.0270 1.9893
-4.2215 -6.4807
-0.2379 -11.7810
-6.1511 -7.1974
-4.3807 2.1157
-4.5737 -5.0119
-17.8700 -4.2673
-4.5245 -3.4185
-3.8412 -4.8953
2.0697 -4.1725
-3.7989 -6.2787
-3.1260 -0.4848
-5.0809 1.9667
-3.1451 -4.1158
-3.4187 -3.8979
-5.7686 -5.4217
-4.0208 -5.0473
-8.7306 -4.8691
-4.6004 2.0989
-3.2353 -4.3706
-3.6082 -2.4897
-14.0312 -5.4304
-5.9810 -4.7147
-4.8070 -5.6857
2.1399 2.1116
-3.8028 -4.3494
-4.6815 -4.3379
-8.9924 -13.3142
-4.7003 -3.5123
-3.1128 2.1205
-6.3005 2.1209
-5.2258 -3.6519
-4.9923 2.0275
-4.9310 -5.1858
1.9833 -4.4382
0.3955 -9.0916
-5.3243 -6.5829
-8.6053 -1.8484
1.9867 -3.5019
-5.3235 -5.0368
-3.8472 -3.9588
-4.0613 -4.7451
-8.5575 -11.8750
-4.6349 -4.2427
-6.0179 1.9718
-5.0446 -3.0351
2.1262 2.0297
-3.2162 -5.5565
-3.5020 -4.8997
-3.7952 -2.0417
-4.9498 -3.4076
-3.4622 -4.0122
-4.5210 -4.7298
2.1112 -4.7485
-3.3212 -3.6956
-3.5655 -11.7233
-7.3448 -0.5725
-9.5148 -9.1440
-10.8541 -10.1591
-5.0625 -3.8012
-5.3395 -2.3201
-2.5957 -3.7177
-2.9416 -2.9176
-2.6673 2.0709
-4.9228 -4.7400
-4.0774 2.0691
-4.3933 -5.5010
-4.7953 -6.2478
-11.3998 -9.3658
1.9829 -4.3156
-7.1899 -3.9932
-5.8249 -3.4872
-2.4595 2.1218
-4.0529 -6.0814
-4.2403 -3.4778
-3.7530 -4.1372
-4.9515 -4.4328
-10.1764 -4.5497
-4.3694 -4.5388
2.2115 -8.9146
-3.0040 -3.5581
-2.9541 -2.6667
-3.6229 -3.6430
-4.8987 2.0338
-5.3637 -5.9407
0.2797 2.0719
-3.6692 -4.0177
1.7758 0.7038
-2.7042 -4.7529
-4.3924 -2.8904
-3.9256 -5.9557
-3.3614 -1.0884
-3.5566 2.0490
-4.1734 -3.9630
-4.0847 -4.9558
2.0474 -4.9734
-4.8988 -1.8209
2.0816 -2.4513
-7.2192 -3.7537
-1.3125 1.3759
-3.8771 2.0669
2.1075 2.0868
-4.1532 -3.3070
-2.4063 2.0635
-14.5759 -5.3006
-9.2571 2.0614
-0.2365 2.1184
-3.3028 -4.3289
-6.1855 -4.6783
2.0949 -3.8404
-4.1796 -3.6270
1.9834 -2.8449
-3.1124 -3.4334
-4.3197 2.0509
-2.5800 -6.4056
-4.1196 -4.4386
-3.5871 -5.1475
-1.8981 2.0619
-3.5497 -5.2492
-4.6594 -5.1588
-14.0825 -3.4266
-5.1639 -5.7237
2.1284 -0.5845
-4.5623 -5.4916
-7.3870 -4.6104
-3.8537 -4.2441
0.7859 -4.3409
-3.8308 -10.0108
-0.2431 -5.5056
-2.9542 -11.9190
-5.1457 -5.1998
-3.7379 -4.1398
2.0910 -3.8569
-4.3363 -3.5558
-3.3068 -2.3833
-7.3133 -2.2216
-4.9718 -4.8928
-4.0714 -3.1547
-10.7669 -4.5321
2.1550 -1.5203
2.0372 -0.4195
-4.9459 -10.9666
-3.4410 -4.2174
-5.3729 -5.5008
-2.1807 -8.0915
-13.3157 -4.9055
-5.8644 -5.5684
-3.8151 -3.6012
-4.2812 2.0627
-4.3617 -6.1165
-3.8023 -0.2155
-7.5760 -3.7085
-10.1252 -4.6974
-5.0669 -3.4784
-4.5735 -0.3786
-5.0428 -5.3733
-3.3331 -2.0945
-6.4224 2.0908
-5.0095 -6.0146
2.1311 -6.8208
-4.0332 -4.9398
-4.0153 -5.3906
-4.8974 -4.1448
-3.7782 -4.6625
-4.4989 -3.6175
-10.6677 -6.1751
-3.8874 -3.4277
-4.0023 2.0174
-4.7733 -4.5476
2.0399 -4.6621
-4.5430 -5.8993
-3.8645 -6.1650
-0.9695 1.9823
2.2444 -4.1281
0.6364 2.1338
2.0467 -9.5328
-2.6758 -12.1468
-11.1124 -3.2541
-5.1926 -4.1059
-3.8005 -4.9012
-2.7113 -6.0125
-4.2770 -5.3662
-10.3876 -3.6583
-5.6038 -3.0408
-6.5845 0.3633
-4.6456 -1.2494
-4.9893 -3.7319
2.0592 -4.6793
-3.7309 -3.3998
-3.5786 2.0644
-4.8058 2.0395
-7.4509 -5.6792
-9.4143 -0.2207
-6.6788 -4.5893
-7.9874 -4.9486
-3.7040 -3.1655
-6.7914 -11.9088
-7.2773 -4.8581
2.0829 -4.3966
-4.8438 -1.7511
2.0159 -5.4232
-3.9623 -8.3974
2.0099 -3.6942
2.0468 -3.8078
-3.4142 -4.1420
-4.0262 2.0433
-4.8664 -8.4467
-5.2561 2.0172
-3.6727 -4.4022
-4.2707 -3.7336
-3.8384 -7.8596
2.0438 -2.9619
-3.2402 -4.7177
2.0482 -3.1106
-0.5017 -3.6057
-3.1023 -2.5296
2.1474 -4.6861
-2.6781 -5.8283
-4.2578 -4.4679
-2.8410 -3.9523
-2.4127 -6.0405
-3.7447 -4.2999
-3.5921 -4.5306
-4.1779 -2.0840
-4.7488 -3.8794
-3.5153 -1.1378
-4.2078 2.1635
-3.9770 -4.2687
-4.4271 -3.5380
-13.9166 -0.0991
-5.0779 2.0937
2.0046 -5.1554
2.0889 -3.5575
-3.2612 -2.9497
-4.3943 -5.4340
-6.5723 -1.7276
-14.2175 -7.9401
-4.1410 -7.5683
-4.5770 -3.3864
-4.4793 -0.7279
-4.9921 1.9707
-4.2176 2.1007
-4.1098 2.0542
-6.1438 -5.5107
2.0350 -4.4435
-4.3025 2.0209
-11.9212 -4.6957
-5.0244 -5.8690
-3.6319 -3.9143
-5.9430 -1.7711
-5.1998 -7.5888
2.0401 -6.2734
2.1137 -1.6250
2.0998 -4.4309
1.9947 -4.6480
-4.8231 2.0374
-9.7968 -5.3299
2.0519 2.0657
-6.6746 -5.2617
-5.7725 -5.3607
-2.4697 -4.4032
2.0414 -4.9259
-4.2022 -3.9685
-8.4275 -2.7434
-8.5380 -3.6779
2.1414 -6.3947
2.1210 -6.0834
-4.8436 2.1695
2.1560 -6.2778
-4.9295 -2.9763
-5.1651 -9.3260
1.9755 -4.2178
-4.6964 -5.0362
-3.8776 2.0903
4.0320 -3.3259
-7.5183 -9.4815
-6.6006 -4.1636
-4.5402 -5.1259
-6.6670 2.1473
-3.5199 -4.3664
-3.9373 -3.1921
2.0610 -3.3696
-5.5228 -2.8675
-6.5940 -5.3236
-5.1336 -4.1187
-4.4453 -3.5800
2.1619 -3.2068
-6.2438 -5.2336
2.0408 -4.6941
-3.9675 -3.1948
2.0531 -6.5676
-6.5696 -5.8790
-4.0598 -3.3918
-4.5082 -4.5004
-7.8656 -4.5192
-3.3273 -4.3998
-1.8099 0.8570
2.1212 -2.9625
-4.2231 -3.3221
2.0263 -5.1725
-5.4064 -4.4471
-2.2515 -3.7141
-4.5941 -4.9011
-4.6623 -8.2013
-1.2628 -10.8476
-11.7664 -4.9886
-5.8205 -2.2213
-5.4020 -4.5995
1.9843 -2.7333
-3.6932 -4.6072
2.1916 -6.1721
-5.9303 -2.6114
-4.6689 -12.0193
-2.1246 2.1268
-4.3064 -2.4593
-3.4257 -3.4496
-2.8273 -4.0130
1.0497 -11.0085
-3.9590 -7.0063
-1.8941 1.9938
-3.0445 2.1525
2.0351 -4.7125
-8.6922 -4.2689
-4.4198 -4.9013
2.0584 -5.8038
-5.7637 -2.1367
-1.8902 -4.1063
-11.5463 -5.7818
-4.9536 2.0005
-5.2040 -4.0480
-2.0607 2.1756
2.0523 2.1479
1.0577 2.0710
-6.6043 -2.4760
-4.3464 -4.5733
-5.6654 -5.5181
-2.0510 -4.0206
-8.3232 -6.3474
2.1048 -3.9240
-2.8556 -8.2968
-1.1806 2.1520
-4.5225 -3.9573
-4.8288 2.0981
-3.1553 -4.4317
-9.6031 -4.3859
-5.4305 -5.2941
2.0916 2.0000
-4.4748 -4.5855
-4.2225 -3.0658
-6.6507 2.0875
-3.8718 -2.2286
-4.6425 2.0141
-3.2949 -6.3300
-5.5294 -3.1374
2.1436 -4.4022
-2.1001 -4.7726
-5.2600 -3.1486
-4.5316 -10.6483
-4.9270 -5.6725
-4.6915 -5.5016
2.0727 -3.9578
-4.5907 -3.8165
-4.3546 2.0325
-4.1920 -6.0692
-4.7349 -4.3900
-3.0962 -4.0368
-5.3218 2.0148
2.1584 -3.5909
2.0839 2.0833
2.0533 -12.4030
-4.5547 -3.0208
-4.6333 2.0398
-6.1065 -3.9994
-3.1859 2.1315
-4.6188 -5.4397
-4.0201 -4.8302
-3.3813 -2.6605
2.0340 2.0619
-1.3496 -3.8513
-6.1837 -3.5024
2.0099 -4.6754
-4.3642 -4.0767
-4.3070 -4.1235
-3.6867 -4.4230
-4.2345 -0.6627
-4.8263 2.0472
-6.9923 -3.5501
-5.0040 -4.4113
-4.4469 -9.6156
2.0390 2.0879
-4.4832 -2.8332
-3.4519 -4.3147
-2.1352 -5.9023
-2.4959 -2.7240
-11.3610 1.9729
-2.8458 -4.0706
2.0716 -2.8604
-13.3202 -5.3266
-3.7553 -2.7031
-5.2361 -3.6833
-4.2670 -8.9586
2.1377 -4.3271
-5.6849 -3.5372
2.0351 -3.7389
1.2380 -4.4294
-4.3386 -4.9195
2.0802 -3.5249
2.1100 -4.0836
-1.6302 -4.8222
-5.1935 -3.5156
-10.9051 2.0793
-5.1326 -4.4385
-3.7673 -3.6390
-3.6148 2.0231
-4.5674 -6.2360
-4.0264 2.0322
2.0430 -1.9585
-4.8564 -3.6642
-3.6147 -4.6024
-3.8812 2.1082
2.0260 -7.7349
-9.4334 -4.6779
2.0655 -3.8983
-2.8358 -4.8202
-3.8719 -3.9848
2.1620 -3.5792
-2.7021 -3.7727
-3.5641 -3.9366
-3.5711 0.2702
-3.8022 -5.0022
-0.3903 -4.1579
-4.2436 -6.7329
2.0532 -15.1439
2.0865 2.0796
-4.8099 -12.0408
2.1757 -3.1519
-4.0784 -15.0060
2.0371 -5.6436
-1.2176 -3.4536
-5.8481 -4.4917
-5.5340 -4.8933
-4.1970 -5.0192
-4.3805 -5.2338
-9.8753 1.8558
-3.8824 -0.4575
2.0754 -5.5129
-2.6411 -4.7720
-5.8154 -3.3393
-2.6412 2.0622
-3.1278 -3.8361
-9.8910 -4.3996
-4.0868 -2.2017
-3.5829 -4.8433
-12.7843 -11.3184
-3.2526 -5.0305
-2.7373 -4.1594
-1.3416 -4.1881
-3.0855 -4.2850
2.1056 -3.2841
-5.3057 -5.1723
-12.4445 -4.8429
2.0780 -3.2834
-5.1591 -4.4414
-6.3284 1.9972
-0.4772 -3.0317
2.3193 -4.8309
-3.5536 -6.3075
-4.5658 -5.9870
-3.0266 -4.4907
1.9888 -3.0117
-3.8365 -4.4322
-0.7119 -5.3158
-0.0589 -3.8175
-5.7159 -0.3284
-5.4681 -3.8157
2.0702 -4.0063
-5.0099 -3.0857
2.0649 -4.3317
-4.2766 -2.7606
-5.1870 -4.6803
-2.6245 2.0779
-12.4168 2.1646
-3.1834 -4.8839
2.0013 -4.4557
-3.4895 -2.9858
-9.2225 -5.9660
-4.3234 -2.7759
2.0495 -3.7814
-7.2282 -4.5631
2.0983 -3.4087
-3.6311 -3.1945
-4.7703 -6.2952
-3.5468 -5.1122
-3.8145 -5.2812
-4.3116 -4.4522
-3.7584 -2.7944
2.1170 -5.4759
2.0926 -4.7205
-5.3166 -5.0197
-4.6704 -2.5203
-5.1237 2.0434
-3.3078 -1.8193
-5.1085 -1.4433
-7.2794 0.0701
-4.1237 2.0770
-9.5697 -15.1170
-4.8292 -4.9684
-4.9952 -5.6355
-4.0686 -4.6041
-4.0138 2.0915
-4.5042 -3.4554
2.0691 -12.4701
-4.2538 2.0508
2.0949 -3.0197
-3.8943 -2.7883
-5.5240 -4.4792
-4.9859 2.2124
-2.7259 -9.1853
2.1479 1.9454
-3.5372 -2.5035
-6.7260 -5.0253
-3.2188 -5.5770
-4.2407 -5.0021
-10.2564 -4.1961
-3.8900 -3.6825
-4.4697 -5.9015
-2.9824 -2.7049
-4.7359 -14.2955
-3.2129 -2.1814
-7.9057 -4.1835
-4.2811 -3.7204
-5.3536 -6.6633
-4.6390 -5.3776
-4.9841 -2.4049
2.0409 -11.5607
-4.1673 -3.9654
-3.6532 -3.6315
-3.4048 -4.6832
1.7440 2.1359
-5.4854 2.0352
-4.4995 -4.8523
-3.6540 -1.6607
-5.1619 1.9949
-4.5851 2.1613
-4.9529 1.2567
-16.1342 -1.7712
-2.9738 -5.6419
-4.9393 -4.1754
-2.8894 -2.8998
-3.3708 -2.4312
-5.4483 -5.3737
-5.6746 -2.8269
-4.4687 -4.8090
-4.5411 -5.1363
-4.4891 2.1608
2.0512 -11.8044
-6.8027 -7.9325
-4.1896 -4.6849
2.0692 -4.2730
-2.1395 -4.3820
-3.4176 -4.5834
-5.4669 -4.1020
-3.0893 -4.4721
-4.1557 -4.8210
-0.1561 1.9501
-2.6505 -10.5518
-4.1000 2.1428
-4.4534 -1.0280
-4.0001 -3.5737
-3.7233 -5.1139
-2.1046 -4.1468
-5.5245 -4.3605
-3.0782 -5.4006
-1.9269 -3.7482
-4.2289 -5.4786
-2.6579 -4.2888
-6.2383 -0.3387
-5.5108 -4.9278
-3.1946 -2.6951
2.0364 -5.7656
-10.6432 2.0766
1.9953 -5.2677
-4.7476 -4.2823
-4.6249 -4.8253
2.0694 -4.4068
-4.3148 1.9300
2.0516 -5.4185
-6.4839 2.0758
-2.7891 -9.2104
-3.6575 -12.3236
-4.6732 -5.4591
2.0099 -3.9121
2.1019 2.0698
-7.4200 2.0030
-8.5220 2.4872
-4.7831 -5.0713
-5.8161 -5.8945
-4.7895 2.0194
-3.2152 -6.8188
2.6484 -3.5063
-5.0884 -1.7428
-7.1065 2.0581
-5.2028 -4.2684
-3.9779 -0.4860
-3.9587 -5.3266
-10.3453 -4.6752
-3.8507 -3.7489
-4.3022 -5.0216
-4.3896 -16.7264
-7.0926 2.0767
2.0967 -2.7395
-4.0693 -1.7018
-4.7216 -4.4218
-4.7927 -3.6301
-5.7207 -3.2995
-5.2432 -5.2094
2.1012 -1.5703
2.0875 -4.6675
-4.9244 -4.6883
-4.1568 -4.7447
-3.7244 -5.4457
-4.5879 -11.4855
-4.8937 -7.0959
-4.6658 -3.6180
-2.9248 2.1000
-8.0909 -7.3678
-3.4356 2.0322
-4.6323 -4.7795
-3.8019 -3.3393
-5.4726 -4.9359
-3.8172 -2.3725
-4.0511 2.0111
-2.2592 -4.3992
2.0637 -4.2759
-3.7971 -4.4958
-4.1209 -5.8639
-4.6076 -9.5952
-3.7441 -4.3969
-4.4221 -5.1335
-7.4020 -3.5952
-2.6657 2.0197
-5.1276 -3.3034
-8.1373 -3.0731
-5.7973 -3.7301
1.9785 -7.7257
-2.6091 -0.9480
-3.7876 -3.5167
-3.7637 -5.7966
-3.4306 -12.3227
-3.7019 2.1036
-4.9030 -8.0942
-4.5269 -5.0212
-4.4018 2.0812
-1.8147 -4.3298
-5.2750 2.1269
2.1074 -3.6363
-2.3937 -4.9394
-4.3575 -4.7881
-4.1781 -5.0134
-3.3060 -4.3705
-6.5106 -4.5877
-4.4598 -1.5216
-5.3620 -4.6139
-5.1872 -3.1323
-5.6826 2.0227
-4.8336 -2.9619
2.1243 -6.3733
-6.5610 2.0817
-5.1209 -4.8057
-3.3718 -9.6148
-4.2708 2.0614
-5.4897 -3.7115
-6.3707 -3.7470
-2.0965 -3.3272
-6.1611 -5.0223
-7.0504 -3.0855
2.0277 -0.2240
-5.0840 -3.2302
-3.4182 2.0712
-8.2160 -7.0635
-3.8594 -5.9384
-4.9269 -1.9153
-5.0924 -5.2037
-4.2414 2.0928
-3.1941 -5.3945
-4.5819 -5.4353
-4.7874 -3.5865
0.6490 -3.9773
-2.5578 -5.0595
2.0399 -2.6632
-4.2984 -4.4692
-5.7624 -4.8802
-5.0865 -5.0106
-1.4462 -5.4898
-5.3021 -3.4748
-4.0199 -1.0013
-1.6942 -5.5052
2.0031 -5.9566
-2.6868 -5.2460
-4.8438 -4.4174
-4.8650 -4.9519
-5.5267 -2.5811
2.1627 -4.4153
-3.0213 -9.0733
2.0637 -5.5402
0.8274 -0.0502
-6.3445 -5.4948
-2.4477 -4.7930
-4.9369 2.0389
-5.2578 -3.2215
-2.9836 -6.3506
-3.8157 -2.7296
-4.4451 2.1421
-10.1677 -3.5079
-5.0055 -3.1918
-4.7731 -4.7848
-4.2746 -2.5722
-5.0148 -4.8396
-2.8701 -4.0941
2.0748 -5.5232
-5.2745 -4.8895
-5.7003 -3.2391
-2.8592 -4.6064
-4.2346 -4.8212
-2.7152 -5.9862
-3.3229 2.0341
-10.9551 -2.9141
-5.2261 -4.9866
-13.3926 -4.2624
-5.1850 2.0751
-5.0521 -4.3697
-3.3774 2.0392
-4.7203 -3.7706
-2.9335 -3.6147
-4.9754 2.0509
-3.6908 2.1316
2.1197 1.0374
-5.5727 -4.0839
-3.6357 -3.2780
-6.0439 -5.0542
1.9877 -3.5240
-4.1753 -4.5956
-3.8959 -3.6653
-8.7919 2.0416
2.1228 -4.7161
2.0589 -10.0189
-4.3634 -2.7736
-4.0314 -3.4537
-1.7358 -3.7057
-5.7751 -5.5964
-3.1703 -4.5100
-5.9447 -3.2219
-5.5538 -3.2683
-4.3105 -3.7328
-3.6871 -6.2218
-3.8928 -0.3475
-3.8632 -4.5105
2.0647 -4.8545
-0.6074 -0.1116
-4.8272 2.0080
-3.5792 -3.6583
-2.1656 -3.2944
-2.5680 -2.9403
-3.0964 -1.7438
-3.6252 -4.2731
-3.8311 -3.5523
0.0136 -4.0697
2.0145 -1.3115
-4.7893 2.0191
-4.0089 -4.5563
2.0006 -6.5569
2.0937 -4.8348
-14.1540 2.0135
-4.4669 -3.7632
2.1074 -2.5972
-6.1397 2.1030
-1.4160 -4.5342
-2.8301 2.1063
-5.8769 -3.6920
-4.4466 -3.7618
-5.0246 -3.9708
-3.1713 -5.5492
-10.2492 2.0861
-4.7510 -5.8712
-2.7520 -12.2904
2.1469 2.0467
2.0295 -6.9699
-5.3247 2.0692
-4.0058 -5.9410
2.0961 -4.3826
-5.4409 -0.2815
2.0735 -4.6615
-5.9241 2.0040
-9.2387 2.0889
-4.0179 2.1531
-2.6768 -5.3428
-6.1418 -0.2352
-9.5219 -5.0018
-4.9200 -1.4927
-5.1097 -3.8345
-4.1520 -13.9896
-4.1596 -3.5703
-9.4927 2.0947
2.0217 -4.9303
-5.2304 -6.4709
-4.3601 -4.2979
-5.3169 -3.0252
-3.8609 -6.3278
-6.6178 -1.8385
-4.7054 -4.0603
-4.3962 -2.0614
-5.6284 -4.0927
-3.9600 2.0335
-5.0917 -4.4824
-3.9077 -4.6539
-4.0377 -3.9365
-5.4187 -4.7039
-4.6927 -4.5788
-3.3610 -3.0532
-4.7183 -4.6150
-4.6830 -4.9951
1.9821 -4.7877
-9.5446 -5.2298
-2.8796 -3.1458
-6.2807 -4.3740
0.5353 -2.3826
2.0236 -2.6358
-3.7036 -4.4920
-5.1808 -4.0984
-3.2315 -4.8521
-4.2923 -3.1574
-4.6232 0.6207
-4.2495 -4.2174
-5.9195 -7.1038
-3.7601 2.0380
-3.4307 -4.7976
0.4826 -4.8898
-5.2400 -4.2073
-5.7069 2.0607
2.1219 -5.9999
-3.9633 -10.3234
-4.1660 2.0887
-3.9313 -4.2772
-5.0712 -4.7843
-6.5003 -4.6562
2.0317 -3.0585
-3.5450 -4.1486
-3.6930 -3.7821
-2.4481 -4.0281
-4.9658 -7.7072
-5.3865 0.2709
-4.5832 -4.6435
2.0217 -6.8502
-2.9600 -3.4214
-3.1951 -2.9911
-1.3023 2.0861
2.0524 -4.9084
1.9419 -3.7907
-3.8547 -8.4636
2.0143 0.3094
-7.6250 -10.2085
-4.7191 -5.6773
1.9683 -4.2032
-6.1430 3.4747
-5.6345 -4.2840
-5.2766 -4.2297
-4.8566 -5.5228
2.0510 -3.5183
-5.3857 -3.2610
-2.4774 -3.6041
-4.5425 1.9854
-12.3842 -6.9707
2.0708 -8.9269
1.9814 -4.2459
-8.7031 -4.3746
-3.8471 -3.6194
2.1016 -5.5536
-3.0112 2.0928
2.0844 -3.4591
-4.0916 -4.7167
-4.2188 2.0399
-2.7662 -6.4113
-4.5941 -4.4329
-5.3495 -5.0848
-6.6951 -3.8098
-5.3606 2.1001
-4.9291 0.3207
2.1909 -12.3368
-4.5334 2.0104
-4.5190 -3.6825
-3.5342 2.0736
-3.5065 2.0667
-2.9383 -5.3705
-3.4438 -3.3206
-9.7857 -3.4142
3.3416 3.6726
-2.6705 1.4700
-0.5553 -3.5026
-3.4849 -4.6435
3.0031 -2.3068
-1.1162 -2.3356
-5.5114 -2.5355
-8.6970 -9.4261
1.8807 -1.7692
-1.9797 -8.7029
-4.1500 -5.6397
0.5045 -0.0711
-0.8691 -0.2621
3.8310 -2.9532
-5.8465 -1.6817
-12.0462 -5.6903
-9.7005 -8.4342
-6.3734 -1.2734
2.8438 1.3975
-6.8098 -5.2190
-5.3811 -5.3364
-8.5492 -8.5557
-7.0333 -8.7147
-9.6883 -8.4535
-3.1612 -2.1409
-10.7131 -2.1117
-3.0633 -9.8952
-7.2313 -4.6242
-3.8088 2.7603
-6.7500 -2.3274
3.7048 -1.1529
1.2899 -6.5070
-7.8671 -2.4092
-5.2001 -8.4204
-7.2723 0.3216
-2.9802 -8.0233
-6.5070 0.2017
-2.9138 -5.2931
0.6670 -12.3674
-8.6243 -5.1298
-4.5363 -6.1835
-1.1445 -4.0432
-3.4492 -7.1356
-0.9932 -2.5468
-8.8168 -8.6177
3.3995 -1.0316
-8.8233 -2.1495
-5.4245 -8.1137
-6.1120 -7.5495
-6.4945 -8.9304
-2.6855 -8.1357
-9.1673 -4.3269
2.5700 -11.4475
-2.3893 -1.5945
-7.7169 -8.3130
1.8432 -8.6025
-1.8283 2.5559
-5.3372 0.3187
-5.7822 1.7866
-6.6752 -8.2298
-3.3796 -3.2489
-1.9397 -9.2851
-8.1802 -6.9108
-5.3077 -2.0290
0.1481 -5.2573
-1.9681 -5.3935
-4.0340 -7.9437
-5.3423 -6.2955
-1.3942 -6.8107
-1.0556 -4.4300
3.2187 3.7121
-1.7500 -1.9998
-5.6861 -9.1323
-8.4005 -3.4403
-3.7442 -3.8499
-3.1766 -7.6354
-8.3024 -1.5112
-2.2746 3.2912
1.3663 -0.6181
-5.8106 3.8776
-9.1767 -8.3461
-10.2308 -1.8955
-7.4655 -9.0863
2.1376 4.0638
-7.8835 -6.4342
-7.5101 -0.1348
-8.0613 0.3634
-2.2380 -9.4835
0.7186 -2.3172
-3.3057 -10.7459
-2.1894 -5.6987
-8.3857 -8.8897
-4.8853 -0.0678
-4.8471 -1.2353
3.0272 -0.6382
-8.4987 -9.1302
-0.6228 -5.2098
-6.3383 -7.7066
-9.7999 -1.4776
-6.8170 -9.8290
-8.2482 -3.2207
-1.7951 -4.6276
2.8275 -2.6112
-0.4741 0.7913
-0.4286 -5.2347
-4.9228 -8.5416
-8.1508 -0.7822
-9.0321 -8.0061
-1.8118 -4.5596
-8.4466 2.0232
-5.8152 -8.5776
3.1071 -8.2955
-1.7401 -4.5357
-6.8643 -8.7170
-7.1515 -2.3444
-9.6797 -0.3937
-5.3751 -10.0097
-6.2354 -6.7117
-4.8359 -8.3091
-2.4410 -1.8478
-6.8466 3.0863
-7.6132 2.4509
-6.7007 1.8185
-4.4581 -9.0347
-8.3839 -7.3897
-5.8501 -2.5132
-1.1350 -6.7479
1.8412 -5.5284
-6.4408 -10.3325
-1.4665 -4.9588
-0.0033 -9.2255
-8.2603 -8.3682
-5.0645 -8.6159
-6.2506 -5.9237
-5.2123 -4.6509
-11.4376 2.7176
-0.5185 -1.1149
2.8895 -5.8400
-7.6743 -6.4184
-2.6903 -6.7116
-7.7826 0.4565
-3.7243 -5.9518
-7.0276 -2.1327
0.7620 -7.9928
-7.9779 0.8667
-4.4491 3.1364
-7.3460 -12.1724
-2.6253 -8.5650
-0.8353 3.0046
2.8950 -2.9357
-9.3913 -4.5707
-5.7114 -0.0312
-7.0101 2.0419
0.3075 -2.7059
-8.4077 -4.0414
-3.3124 -6.1898
-7.4496 -0.4439
-2.1246 -9.3202
-8.9201 -8.4801
2.9678 -8.6449
-7.9101 -7.5643
1.9884 -4.4570
-1.2888 -5.8314
3.2915 -7.6189
-7.7520 -9.0104
-0.1564 2.9180
3.3828 -4.3434
-6.9119 -3.8777
-8.8406 -1.4576
-5.8294 -2.1171
3.1455 -7.5892
-7.2245 -5.2266
-1.9044 -0.6682
-8.3093 -3.9204
-4.4510 -10.3034
-5.2468 -9.9937
-7.9386 -3.6857
-8.6644 -8.4680
-3.4649 -0.8336
-0.6047 -4.6417
-8.1649 -8.9796
-7.5052 -4.4451
-1.9104 -7.1661
-1.5481 -1.5082
-8.6365 -0.5172
2.0319 -8.6564
-1.1024 -4.3116
-8.7843 -7.5739
-8.1475 -0.1472
-10.1488 -6.9486
2.8532 -4.4937
-2.6152 -0.9692
-11.5270 -0.0828
-2.0735 -8.5843
-0.5331 1.8193
-2.2490 -6.1728
2.9931 -1.8816
-8.2169 -1.9415
1.0387 -8.6924
-0.9147 -1.5156
-6.7226 -7.8674
2.4915 1.8108
2.4347 -4.1892
-1.6632 -7.0844
2.9784 -10.3273
-9.3995 3.4965
-7.4778 -0.8616
-5.2444 -9.1107
-1.6873 -1.8265
-8.4309 -5.4889
-1.7200 -6.2911
-8.7599 0.3218
-4.9848 -9.4960
-5.3769 3.7474
-5.2202 -0.7801
-2.5321 -8.1371
-5.3487 3.1453
-6.6863 -5.3555
-2.7214 -5.3427
-5.8777 -8.5684
-3.0966 -4.4346
-5.0655 -4.6767
-2.6117 -6.7300
1.6110 -6.1194
-8.9484 -7.9073
-6.8814 -5.9055
-1.2589 -8.0659
2.8353 -9.0676
-6.8126 2.9104
-9.2173 -3.0736
-5.8783 -0.4499
-8.7311 -5.1080
-10.1989 -3.6294
2.9407 -2.0399
-1.2783 -9.4928
-2.7071 -3.8282
-11.1251 -2.5183
-1.8486 -9.7748
-0.2092 4.8436
1.2998 -0.8869
-8.3503 2.2171
-2.9552 -7.6198
-5.3008 2.2756
2.0193 -5.0435
-6.3950 -8.5916
0.2713 -8.8237
-8.5964 -8.4359
3.5174 -9.8056
-9.0465 -3.0316
-9.2179 1.6087
-9.3958 -1.2152
-8.3115 -10.8945
-0.8885 -3.9078
-3.6429 3.3099
-5.8667 -8.1555
-9.5709 -6.4278
-2.8826 2.9590
-8.9351 -7.8384
-5.9194 -8.9998
-0.1487 -5.9531
-2.1723 -1.3750
-7.3833 -1.0616
-3.7368 -2.9494
2.6732 -3.3133
0.7716 2.8871
1.3542 3.6284
-2.8478 -7.8863
0.0974 -7.9527
-8.9531 -8.2767
-7.8081 -7.1837
0.8145 -8.8150
-0.9179 -9.3086
-8.2893 -9.0133
-2.6978 -8.6107
-7.4671 -3.2908
2.6405 -3.2344
-10.5639 -0.9301
-2.0605 -8.8878
-4.0276 -12.6097
-8.3878 -8.3152
-9.0847 -3.9781
-3.1586 -6.5126
-9.0746 -8.0674
-3.4323 -3.6099
-6.9293 -3.3325
-8.8612 -1.9851
0.1624 -7.2934
-1.8081 -8.0269
-8.3146 0.0548
-8.3404 -7.5640
-9.4198 -0.1212
-7.7622 -2.1561
-6.0221 -0.3751
-6.1406 -4.3483
-3.8340 -8.8413
-5.1404 -8.4930
-5.1130 -2.5886
-4.9692 -9.9742
-5.8537 -6.3920
-8.3970 2.5893
-5.1254 -6.1457
-5.2262 -3.3145
-3.5649 -8.0946
-4.6318 -8.8509
-3.0673 -7.0168
-6.8822 -4.9639
-5.7479 -4.1121
-8.8990 1.8565
-8.7185 -6.6071
-1.5483 -5.6617
-10.1529 -11.9549
-0.7224 -2.7245
-1.9711 -8.7725
-11.2195 1.5259
0.1269 -6.7373
-10.0113 -6.7240
-2.9770 -2.4070
-8.0730 -0.4534
-8.8545 -8.0576
2.0949 -7.2682
-4.9499 -8.5414
-8.2564 -2.3808
-0.6715 2.8636
-6.6312 -8.3819
-9.1309 -9.1678
1.9890 -1.2996
0.2719 -4.1024
-2.9856 -2.3348
-8.2223 -9.3005
-6.1579 -8.7803
-1.2439 -8.8384
-5.8979 -8.1559
-7.8560 -8.6062
-1.4709 -1.3924
0.0257 2.7118
-7.4908 -2.4930
-6.7049 -8.3461
-1.7353 -3.4683
-7.9746 -2.5962
-4.6518 -0.1617
-4.2175 -1.7931
-2.1133 -7.9206
-4.1463 -5.3890
-1.8379 -2.8497
-1.2800 -5.3530
-11.5330 2.9050
-4.6790 2.4293
-10.0461 -4.6859
-10.1163 -2.4949
-0.6895 -8.1169
-1.5140 -5.5529
-8.3413 -6.6553
-9.8356 -4.3475
-9.7411 -3.6968
-14.2845 -0.7255
-0.6312 -10.9711
2.0766 -9.0171
2.5204 -8.5591
-9.4018 -7.9722
-1.1886 -3.0938
-3.1871 -3.5610
-1.0541 -3.8250
-5.5695 -6.2393
-5.4157 -1.9980
-8.9528 -8.5491
-7.3238 2.2993
-8.7457 -2.7016
-7.0588 -4.8488
-8.7860 -8.1586
-5.8564 2.5135
-5.2815 -0.9708
-3.9324 -5.4081
-4.7123 -3.2821
-8.1793 -10.7919
-5.2131 -8.6773
0.5513 -6.0788
-3.1272 -6.6327
-8.0888 -7.8346
3.3628 -6.7152
-7.5470 -7.8905
-6.9051 -8.2986
2.1784 -8.7264
-6.7713 -6.4024
-5.6511 -5.9054
-5.4290 -1.3538
-8.1305 -7.7549
-0.1026 1.4336
-2.1326 -8.3844
-3.0457 -8.8781
-8.1806 -6.2001
-5.6038 0.0498
-10.0141 -7.1248
-4.6048 -6.6637
-3.4035 -9.2908
-8.3980 1.2797
-1.7963 -9.4174
-2.9091 -5.3884
-8.1927 -8.5340
2.2633 -8.6623
-1.9708 -6.9683
-10.3492 3.1791
-9.3799 -1.1300
-7.6103 -5.6884
-2.7521 -8.3328
1.2595 -8.3157
-10.1726 2.2393
-8.7907 -8.0296
-5.8641 -2.5763
-1.4448 -7.7851
-3.9540 -0.9477
-3.0215 -8.7924
-8.7378 -8.3751
-2.7358 -8.3934
-2.1674 0.4702
-5.9920 -7.1854
-6.6631 2.7368
-1.4182 -5.7689
-3.3626 2.7533
-8.0650 -8.4844
-1.6290 -5.4397
-1.8974 -5.6805
-3.4505 -3.9998
-0.6332 2.8187
-8.1980 -3.2199
-8.7537 -10.9036
-2.0969 -1.7985
2.4600 -6.0671
-2.7990 -2.2357
-1.4156 -5.9736
-0.5680 -4.9544
-6.1842 1.5535
-6.7818 -12.0798
-2.9617 2.3186
1.3983 -7.6626
-7.2238 -0.9912
-9.2917 -6.2989
-6.9180 -8.7750
-1.7773 -8.0665
-6.9218 -3.4920
-10.9977 1.1855
-1.6613 -1.3178
2.8643 -6.7565
1.9002 3.3591
-3.5068 -3.8859
-3.2733 -2.2239
2.2665 -1.3006
-9.3982 -8.1732
-7.6969 -4.1385
-8.6291 -10.4707
-6.5297 -8.5203
-0.0215 -4.1931
2.0099 -9.0519
-7.0117 -8.9676
-8.2803 -4.0654
-7.9313 -8.9965
-9.5398 -4.9324
-2.4875 -8.9773
2.2265 -6.6085
-6.2735 -10.4052
-1.5851 -4.1710
-9.6991 -1.6034
-1.9639 -8.3769
-4.9302 2.0062
-1.2327 -4.6218
-3.3533 -1.8250
-1.6630 -1.1520
2.9356 -10.8709
-5.8989 -1.2246
-5.6004 -3.0003
-1.9485 -8.1339
2.8373 -1.6487
0.5780 -8.6983
-7.5121 -0.0347
-9.4170 -8.4117
-11.0947 -0.7076
-8.5520 -2.5992
-8.1587 -1.1031
-0.1504 -9.2044
-1.2540 -8.4991
-9.1171 -5.2452
4.3744 -9.2211
2.4639 0.5024
1.3723 -7.2348
-6.4555 -1.0162
-3.8095 -6.5107
-1.7835 -8.3023
-8.0876 -9.0039
-10.1216 -0.9420
0.5726 1.3215
-8.7883 -0.0907
2.6097 -8.1501
-10.2634 -7.6034
-3.4284 -10.5965
-8.3813 -4.8286
-9.2145 1.9606
-6.8647 -6.4766
-5.1584 -8.8318
2.3481 -6.1252
-0.8601 -9.2741
-0.9822 1.8659
-5.9672 -1.6403
-10.0018 -8.9781
-9.3108 -8.5192
-7.5844 -4.7965
-9.1370 -9.2270
-6.5513 -3.6391
-8.6923 1.5492
-7.9110 -8.4397
-1.1138 -9.7631
1.5508 -1.9140
-2.6957 -6.3832
-8.2904 -9.5188
-0.9265 -7.9907
-6.7810 -3.8154
-8.8885 -8.6954
-1.7316 -4.6077
-4.3562 -8.0272
-9.8478 -8.2527
-10.0260 -4.8492
2.8318 3.3791
-2.1239 -1.3542
-3.8597 -10.6389
-2.5293 -3.1615
-9.9606 -8.1331
2.9776 -8.4868
-2.6008 -0.4235
-0.4160 -7.7729
-11.2599 -2.8340
2.6876 -1.3550
-8.9985 -5.6581
-3.1725 -8.9751
-9.6593 -7.1255
-6.2123 -6.8326
-6.7861 -3.0956
-7.7253 -8.1637
-8.3867 -3.4815
-6.7539 -8.7944
-0.2089 -6.5157
-6.5294 -2.5681
-1.2533 -3.9762
-9.5740 -3.8047
-3.2886 -8.4548
-7.8633 -1.6917
-7.5977 -7.8154
2.8554 -0.4612
-8.9890 -3.8764
-1.2865 -10.5003
-0.9558 -10.8950
-2.7552 -8.4386
-8.3330 -7.5933
-0.7675 -0.4418
-9.4661 -8.1650
-3.2506 0.8282
-5.6117 -2.1074
-4.8824 -8.2569
-9.0405 -6.4394
-3.7345 -6.9418
1.8277 -3.3241
-8.2363 -8.7963
-8.3877 -0.0261
-7.7132 3.6656
-3.7927 -5.1891
-3.6271 -2.7211
-1.3948 -1.3302
2.3887 -4.2704
-8.7865 -9.8461
1.8963 -10.5770
-4.3729 -4.9975
-3.4914 -9.7591
-7.0144 -5.4578
-8.8443 2.3552
-4.9782 -5.7597
-7.4308 -8.9007
-3.5913 0.9466
-1.0741 -5.1394
-5.0047 1.6947
-6.1965 -2.3090
-1.4223 -6.8869
-3.0972 -8.5852
-7.9085 -5.8420
-8.2166 -2.6646
-8.3945 -8.1720
2.3326 -0.3098
-2.8366 -8.6222
-1.7414 -2.5360
-8.3768 -0.1236
-9.0716 -7.8289
-3.2873 -9.3011
-1.9503 3.1334
-1.3949 -6.0230
-0.9678 -10.2709
-6.2451 -0.0750
-6.5913 -7.3444
-7.2348 -0.0321
-6.2051 -5.8139
-4.0103 -9.0994
1.1561 -2.4159
-6.6729 -1.8519
-9.9221 -2.1825
-4.7153 1.9451
-8.6764 -8.2221
-6.7831 -7.1305
3.8344 -2.9524
-4.0660 3.3010
-0.5785 -0.2870
-9.8390 -8.0831
-6.8984 2.5831
-2.5369 -5.5440
-6.5998 -5.3859
-4.1736 -2.7862
-4.1486 -8.0398
-6.4243 -1.6996
-3.3788 2.6688
-2.1266 -9.6686
-5.9999 -8.3470
-5.6208 -4.4463
3.7752 3.2465
-10.4790 -2.3679
-6.5072 -8.2827
-4.1932 -6.0134
-9.3624 -10.0961
-8.9377 -0.0517
0.7848 -9.7265
-4.9006 -4.9264
-4.6107 -1.8855
-0.9416 -8.8821
2.8730 -8.4504
-9.1918 -1.4255
-11.0267 -6.8384
-6.9078 2.2852
-4.4056 -1.7069
-2.8268 -9.0391
2.3762 2.6734
-2.6841 -5.6735
-8.3062 -2.8228
-3.8069 -7.8317
-2.7505 4.0995
-8.7066 -2.0577
-7.0333 -0.8880
-7.3303 -2.4647
-9.7855 -5.6588
-8.6571 -8.8512
-7.4884 -8.3307
-7.6959 -5.7558
-7.3904 -0.6685
-2.1689 2.7338
-6.9692 -9.5632
-0.5227 2.1881
-5.3642 -10.5673
-3.5476 -10.3904
-8.8250 0.1873
-8.7106 -12.4088
-0.0512 2.3013
-2.0457 -8.6484
2.9667 -8.4912
-8.3471 -3.8354
-8.1499 2.1701
-3.0131 0.5978
3.3879 -4.5188
-10.4248 -4.6898
-2.2558 -2.9342
-2.8220 -3.3123
-7.7897 2.3270
2.6106 -5.9234
-8.1802 -6.7025
-4.6813 -0.0816
-10.1076 -8.4951
-3.6032 -7.1278
-8.9118 -0.1029
-3.2567 -8.0401
-6.8445 -8.6685
-0.5026 -6.9865
-1.6804 -0.4502
-10.3411 -8.0893
-8.3591 -8.3475
-1.3650 -2.0087
0.2951 -6.7972
-7.1147 -8.5746
-6.2883 -7.9388
-4.9312 -5.6050
-1.9638 -3.6169
-5.8225 3.6161
-7.1927 -6.4325
2.8716 1.6578
-6.3649 -10.6612
-10.8936 -2.7413
-5.8233 -2.6197
-8.7126 -0.4134
0.9606 2.6470
-8.8441 -9.4815
0.6045 -4.8239
3.2328 -2.0673
-0.5153 -3.0955
-5.0187 -9.7886
2.9498 -6.8935
-2.3891 1.4677
3.8181 -8.6945
-4.6477 -5.0265
-1.0709 -8.4802
-6.4587 -6.1116
-2.6905 -11.9236
-5.6212 -3.0504
3.2610 -0.8329
-6.7011 0.1682
-6.6694 -6.4927
-10.0105 0.4607
2.3676 -8.3396
-8.6685 2.2890
-8.8418 -0.7654
-1.9059 -7.0631
3.4514 0.0530
-2.6723 -1.1818
-7.7154 3.4763
-10.1128 -0.7512
-3.3008 0.7372
-8.8963 -2.3757
-7.1796 1.2057
-5.4405 -6.7566
-8.5762 -2.6819
-7.5337 -2.5465
-9.3235 -8.8732
-8.8488 -4.0386
-0.4166 1.9349
-5.5651 -7.2184
-5.2273 -9.1080
-9.0680 -4.2316
-10.7753 -1.0299
-6.7563 -1.5398
-7.9337 -4.4160
3.1696 -5.7022
-6.6603 -8.5456
0.3825 -0.8213
2.2758 -6.2687
-8.4695 -5.1018
-8.6670 -6.2665
-7.8754 -9.8962
-8.8730 -2.1458
-8.6332 -3.5219
-1.9053 -1.4091
2.3392 -2.0632
-1.2644 -7.3091
-9.1574 2.3639
-6.2856 0.4061
-3.4571 -3.8477
-1.8433 2.1532
-7.0865 -9.4773
-8.5161 -7.5260
-2.1852 -8.3412
-5.6250 2.2734
-8.6990 0.4783
-2.6155 2.5766
-2.7990 2.6214
-8.8679 -8.7412
-4.7622 -3.0414
-6.2727 -2.4803
-10.9842 -11.5834
-4.6277 -7.8062
-9.7054 -4.6245
-8.1767 -8.6621
-0.8223 -10.9404
-8.2397 -5.2895
-11.0264 -7.2357
-6.1630 0.1067
-1.0664 0.2961
-8.4757 -1.6453
-2.5399 -10.5314
-0.7528 -9.6432
3.3206 0.6298
-8.9697 -1.6592
-1.4971 -9.5527
-6.3647 -6.9161
-7.5110 -11.3966
-4.7434 -7.2150
-2.7935 0.4518
0.9175 -4.8821
3.6270 -9.1800
-7.7743 3.0915
-9.0371 -5.6721
3.9830 -7.0391
-2.3502 4.4462
-10.0020 -6.5771
-7.3008 -3.0204
-2.9630 -9.2955
-10.0752 -5.5524
-3.6107 -10.3234
-5.8712 -10.7016
-8.4008 -7.8894
-0.2977 -9.3815
-6.4042 -8.1456
-8.8198 2.2855
2.8968 -7.4071
-8.9680 -2.2835
-8.5927 -1.4222
-7.8079 -7.7882
-4.9250 -7.9344
-1.9852 -6.7307
-10.5936 1.0814
-8.9343 -7.2457
-0.8646 0.0914
-9.1324 -6.9816
1.4148 -8.0776
-8.3289 2.8111
0.9131 -8.2037
-4.9387 3.5877
2.5744 -0.6511
-9.6598 -8.9710
-2.3374 3.7338
-9.6161 -8.4016
-7.0651 -8.4406
-2.7202 -2.6826
2.3435 -0.9029
-7.7421 -8.7066
-8.3723 -1.7921
3.7044 2.3858
-3.7101 -6.5080
-6.8107 -1.9457
-5.5697 -3.1575
-9.8998 -2.2693
-2.6564 -0.8978
-5.8820 -7.8469
-5.6654 -0.6193
-9.5249 -6.9946
1.2535 -3.5608
-6.6038 2.0750
-11.5501 -8.5611
2.0638 -4.0568
-9.0749 -6.7349
-7.7859 -7.8167
-1.7634 -7.6277
-10.1957 -5.7080
-5.3354 -8.6191
2.3819 -6.7424
-7.9636 -3.9406
-8.5563 -1.9978
-10.0525 -10.0832
-8.7844 -2.9748
-8.2329 -2.6082
-6.1360 -6.6002
-5.1158 -8.6276
-7.6504 -2.1279
1.9802 -9.9140
-6.2230 3.1147
-5.8791 0.0663
-1.0199 -5.0113
-3.7219 -6.5647
2.3103 2.4302
-3.5209 -6.0542
2.8493 -8.3475
-8.3401 -7.5842
-8.8666 -8.7202
-3.2381 0.1697
-2.7909 0.9835
-0.0208 -7.7581
-3.3305 -2.2749
-4.3835 -5.9710
-6.4152 0.6020
-9.0964 -6.0117
-4.7897 -8.2651
-1.2154 -7.1192
-6.5102 3.1423
-4.2688 -4.2045
-8.6711 -0.7669
-8.7892 -2.1424
-4.9265 -0.3269
-5.3630 -7.4421
-0.3419 -5.4971
-1.7407 -3.4148
-9.2284 -0.2299
-0.1439 -1.9721
-8.2651 -9.8915
-7.2087 -1.1234
-6.6361 2.6659
-10.0297 -3.5057
-8.9766 -0.8833
-2.2466 -8.9747
0.6263 -5.1573
-2.7598 1.3248
-2.1163 -9.2206
-1.5179 2.0685
-9.7772 0.5163
-4.8800 -3.1621
-4.8094 -7.5660
-1.4604 -6.3934
-9.3629 -8.3044
-6.3493 -8.3847
1.5523 -1.0442
-6.0922 -7.9476
3.8115 -9.4691
-9.3871 -8.6893
-6.7621 -7.3914
-9.0521 -0.3134
-8.3189 -8.9283
-1.9826 -4.0791
-2.6890 -8.6702
-5.7126 -7.9963
-7.1224 -8.4285
-1.9647 -2.5887
-10.7687 -3.0817
-5.1432 -7.4142
2.2329 2.9156
-5.8001 -3.6758
-6.5200 -5.1592
-0.9151 -7.8391
-2.9815 -7.7274
-7.5443 -9.0529
-2.0936 -0.7146
-1.3440 -9.5553
-1.6969 -8.4358
1.0879 -1.0967
-6.9741 -10.3879
-3.2894 -10.2918
-6.8447 -10.0589
-7.3554 -8.5553
-8.2482 2.4348
-8.7831 -3.0929
-6.4510 0.5942
-6.5196 -8.5898
-7.8325 -8.7665
-5.5684 -8.2082
-1.6385 -0.6487
-7.3860 -5.4474
-4.4857 -8.4460
-9.2624 -4.8053
-3.8152 -0.2652
-8.1703 3.0603
-8.5780 -8.4927
-4.6181 -8.4764
-6.1251 -0.3184
-10.1568 -2.4613
-7.7643 -8.0172
-4.5722 -9.0002
3.2395 -7.2536
2.3971 -7.8253
1.6012 -8.4720
-3.6115 -8.9173
-7.8217 -0.2539
-11.5143 -3.8967
-10.1573 0.6872
2.7709 -11.1874
-2.1679 -4.7702
-8.5397 -8.3797
-7.3119 -4.7024
-1.0106 2.2757
-4.3026 -6.3540
-2.8786 -5.4434
-6.2387 -7.5635
-5.9544 -5.8391
-8.4549 -8.1410
-1.6172 -1.6373
-7.3288 -4.1270
-7.9144 2.8803
-7.6566 -4.5505
-7.4675 -6.9874
-10.1885 1.3035
-9.8279 1.9150
1.9306 -2.2544
-5.7496 -2.8416
-11.8983 -0.7650
-6.5006 -7.7073
-7.1235 2.7139
0.2299 -0.3899
-9.3442 0.4495
-9.0374 -3.1879
-5.1224 0.3430
-2.0819 -6.8232
-8.0470 -8.0648
-7.9815 -1.3572
-5.5450 -2.8450
-7.8771 -5.6878
-2.1387 -10.1796
3.0731 -0.0790
-6.1537 -9.2093
1.4352 -1.2500
-5.9499 -2.5419
-5.1121 -11.2266
-7.8279 -4.6658
-4.4861 -5.4230
-8.4501 -10.0519
-8.5998 1.4437
-1.3438 -0.7671
-2.0170 1.2317
-1.5282 2.0661
2.9731 -8.9464
-5.3728 -4.2865
-10.9014 -3.3009
-0.6147 2.2600
-2.7135 -8.1682
-2.8051 -4.1368
-5.9782 1.5291
-2.2946 -8.3269
-8.4107 -10.4645
-4.0727 -0.7397
-4.2490 -7.0375
0.4982 -0.3322
-2.9450 -7.9123
-10.5182 0.1840
-7.0387 -6.8820
-1.9791 -8.3221
2.0055 -11.7319
2.4015 -4.5141
-9.5502 -1.5306
-0.9911 -6.6620
-2.5012 -8.6781
-1.5685 -7.3011
-7.9683 -3.2400
-8.3632 -7.1791
-4.6152 -3.6500
-7.8973 -6.1339
-5.8590 -0.9349
-7.2310 -8.2589
-2.3502 -4.8488
-9.7499 -4.4412
-0.7670 -1.1171
3.8318 -5.1220
2.3020 -8.2941
-8.2850 -4.6369
-6.6648 -7.4898
-4.4162 2.6625
-8.5452 -7.9404
-2.6221 -3.3022
-5.1170 0.5131
-9.1448 -7.8016
3.7378 -8.0956
-0.2978 -10.0260
-8.4853 -4.2791
-8.3742 3.1935
-4.1788 -7.8437
-6.4620 -3.4412
-3.2657 -3.2855
-8.0723 -5.5026
-5.9191 1.0917
-6.7284 -3.2406
-9.6347 -8.5933
-10.2371 -0.0871
0.2353 -2.9750
-4.6288 -3.8336
-8.8137 -9.3888
-5.7196 -8.2270
-7.7425 -7.0386
-6.6002 1.9629
-9.0635 1.3767
-8.5051 -2.4959
-2.2278 -1.0139
-3.3054 -5.9018
2.7548 -6.9201
-10.4806 -7.7115
-2.8917 -4.2397
2.3112 -3.5560
-0.3018 -7.9452
-9.5345 -9.6723
-0.2519 0.1950
-7.1445 -7.5726
3.0242 -3.6573
-8.2954 3.5209
-3.5213 -7.7757
-5.8501 2.8923
-3.4330 -5.4116
-8.1964 2.3576
-7.1681 -5.5565
-0.4691 0.6544
-0.9350 -2.1359
-1.9631 -1.2077
-1.2290 -7.4980
-5.7825 -0.4472
-4.6083 -8.5786
-9.2236 -8.5450
2.6184 -5.3674
-3.4106 -2.0472
-2.3327 -5.3182
-9.0946 -2.5328
-8.8924 -8.8899
-0.3748 -5.5737
-9.2158 -9.5798
-5.5107 -5.5687
2.4654 -8.1886
-2.8247 -3.4189
-8.9495 -6.0729
-1.4316 -11.0319
1.5138 -1.0352
-8.0337 -1.4980
-0.9862 -6.0807
-10.1395 -6.3768
-10.4517 -8.8050
-0.1907 -8.4490
-9.9206 -7.3442
-3.8077 1.2386
-1.5325 -11.1874
-6.9606 -2.1427
1.4097 -8.6416
-6.9666 -0.2062
-8.4370 2.1932
-4.3497 -4.9491
-4.6766 -8.6162
-3.8849 -8.2498
-4.8075 -4.8615
-7.2910 -7.4213
-8.9271 -4.5801
-3.6850 -8.6218
-4.1936 -6.7348
-7.4434 1.7090
4.0039 -2.3674
-2.6831 -3.0423
-4.4217 -9.7696
-1.7944 -5.7101
-1.5107 2.3383
-10.2377 -6.9111
-7.8030 -0.0125
-8.8812 -3.3565
-7.7037 3.5387
3.1541 2.2439
-6.9718 -2.7501
-5.1513 -6.9431
1.7489 0.4083
-7.8651 -8.4255
-3.9139 -2.0915
-8.2872 0.0698
-7.7265 -9.5412
-6.2938 -8.5975
-1.2417 -6.6915
-8.2976 -8.6189
-10.5552 -7.6378
-7.3594 -2.8099
-1.6339 -7.4855
2.9313 -4.6151
-0.6399 -2.3235
-7.7503 -8.6236
-4.2228 -7.3320
-5.8482 2.5324
-7.5236 -4.6280
-3.3998 -8.1716
-7.6144 -7.5044
-2.8251 -8.4126
-2.2012 -8.4720
-10.7655 -5.8659
-4.8828 -8.1718
-9.8788 -0.9625
2.9864 -2.5797
-9.3501 -3.0410
-6.3624 -10.7426
-2.3203 -6.9737
-5.6192 -6.5358
1.0581 -6.5224
-8.0096 -8.1357
-5.7859 -7.7541
-2.7973 -2.9381
-7.5274 3.3272
-8.6356 -5.0276
-3.2098 0.3884
-2.1280 3.6542
-7.1438 -8.9389
-8.8709 -8.9290
-4.4678 -9.9531
-8.2418 -2.5105
-2.8887 -3.2657
-8.4522 -1.8079
-2.5623 -1.0658
-6.7324 -11.9748
-8.6859 -8.6695
-3.5920 -1.8101
-5.0625 -6.1883
-8.7688 -5.2604
2.3996 -6.8023
-5.5008 -9.6683
-9.1290 2.0431
2.4704 -11.1231
-4.0509 -8.1979
-10.1529 -1.3620
-7.8654 -8.6132
-8.4237 -3.1296
-5.5863 -6.2970
-3.0146 -6.5303
-3.2989 0.5578
-8.7218 -9.8814
-5.4092 -8.5173
-6.9444 -8.3033
2.9156 -3.8913
-8.2658 -7.2931
-5.9101 -10.4246
-8.3736 -10.1475
-4.0842 -8.8940
-3.3948 -8.9873
-4.2177 0.2393
-7.6272 -9.6170
-8.7864 -8.5328
-9.3468 -0.8988
-9.1329 -2.9891
-8.2279 -2.5209
-1.8689 -2.1648
-3.2616 3.3858
2.5102 -4.5569
0.9656 -9.1408
-0.8098 -11.4682
-2.8472 -3.3154
3.8674 3.5414
1.0406 -5.6018
-7.1993 -4.5571
-1.5512 -8.6849
-8.6878 -2.1055
-4.4142 -5.8495
1.8214 -8.5227
-6.8568 -5.4746
-9.5400 -8.4048
-9.0685 -2.9187
0.4278 -7.2554
-8.4583 -10.4014
-7.6767 -1.5556
-5.2228 -7.5981
0.6468 -7.7943
-8.3942 -7.9619
-7.9593 -8.1417
-3.0749 -7.0956
-8.5100 -5.2836
1.7701 -8.4369
-6.4551 4.4991
3.4256 0.8309
-3.2199 -8.3812
-7.3436 3.9513
-6.2159 -2.6301
-2.8128 -3.0305
-1.4052 -4.7849
-4.0636 -8.3635
-1.4111 -7.1021
-3.2757 -1.9627
-7.3911 -8.8339
-4.2046 3.5713
-8.0795 -2.5867
-1.0200 0.8840
-0.0464 -1.8027
-7.2668 -5.2575
-5.8975 -8.4197
-10.4913 -2.9877
-1.2239 -2.3442
-2.9832 -6.5624
1.2175 -1.1517
-0.3972 -8.5896
-11.3805 -9.7771
-2.7007 -8.2983
-2.2106 -7.5538
-1.6220 -6.4063
-10.2792 -0.8609
-0.7866 -7.2350
-7.9726 2.4424
-10.6329 -8.1285
-2.5238 -1.9384
-7.6297 -8.3638
-8.5977 3.1190
-6.1307 2.1988
1.5155 -0.5173
-9.7843 -5.0513
3.2384 -5.0080
-3.0370 -0.6908
-4.0792 -9.1894
-1.6538 -5.9756
-9.7988 -6.6257
-5.0224 -8.8081
-2.8464 -0.4897
-6.5693 -10.1400
-4.4130 -8.0511
-5.2505 -7.4074
-6.1820 -7.6155
3.1072 -9.6056
-6.3715 -5.1712
-5.4619 -5.0930
-0.5032 -9.4590
3.4413 -8.0465
-8.0341 -8.0919
-3.6087 -5.1101
2.3526 0.5280
-4.0652 -8.1219
-2.5081 -7.5823
3.2769 2.1651
-2.7783 -7.3479
-1.6376 -3.4357
-9.4532 -1.7922
-7.6304 -5.3949
-9.8990 1.5174
-1.8354 -9.5556
-3.5380 -4.7847
-8.4574 2.9422
-7.8212 -6.3934
1.9678 -7.3630
-0.1886 -7.1026
-11.0453 -4.7287
-3.6383 -0.7272
-1.9023 -3.6128
1.3400 2.6166
-2.0304 3.3547
-8.1271 -1.0298
-8.4456 -4.1522
2.1331 -2.4863
-10.0362 -7.9834
-8.8691 -4.3348
-6.7362 -9.6273
-5.1660 -3.1157
-7.6404 -1.9705
-8.8563 -6.7872
-3.2431 -6.0269
-8.6329 -10.4946
-6.6737 3.1081
3.0460 -8.8062
2.1741 2.5089
2.2520 3.2166
-9.3736 -3.4090
-5.9283 -9.5688
0.3816 -3.1124
-5.0173 -8.6028
-4.6488 0.0185
-8.0771 -2.6796
-7.5203 -0.4243
-6.8999 -2.9061
-7.1136 -7.7606
2.7185 2.4886
-2.5074 -3.3293
-7.2963 -4.8854
-9.1604 -9.8032
-8.7121 0.9149
-8.8304 -10.3254
-6.9808 -1.5367
-10.1479 -7.2368
-4.8259 -1.2481
3.3800 -7.5202
-6.5705 -8.8721
1.9532 1.6238
-3.4388 -5.9079
-6.6684 -8.0075
-8.9955 -7.4004
-3.4706 -1.0689
-2.4008 -8.6149
-8.1442 -3.8513
0.6349 -5.0093
-7.8701 -8.6506
-5.8111 -7.7099
-3.4867 -9.7367
-8.6871 -3.0518
-6.6093 -8.8336
-5.0180 -0.8112
-6.0401 -5.9358
-8.8451 -10.1840
-1.5352 -7.3512
-6.4809 -1.6464
-1.0053 -7.4375
-4.6750 -2.0768
-8.0945 -8.7032
-3.6199 -1.4296
-2.5133 1.8404
2.9038 -7.6696
-8.8896 -2.1523
2.5631 0.9268
2.3680 -0.7049
-7.9527 -3.0407
-4.9829 -9.2072
-3.6199 -2.6496
-3.2656 -6.9671
-4.1740 -7.7460
-2.1817 -7.6581
-10.6548 -4.1557
-8.1164 -0.1863
-8.5701 -8.8842
-1.6282 -7.2711
-6.8795 -6.8906
-8.2378 -1.3759
-1.2870 0.0535
-2.2542 -7.8186
2.7584 -5.9976
-2.7100 -8.6982
0.7555 -8.1514
-6.4253 -2.5640
-7.5949 0.2241
-11.4563 -6.7634
-8.6976 -7.5093
-8.3227 2.0343
-8.6305 -6.3978
-7.7485 1.8710
-0.6173 -0.3674
-9.2915 -9.0319
-1.9148 -7.5703
-5.0814 -4.2269
-7.6807 -4.0678
-8.5532 -6.5872
-2.9576 3.5252
-10.4777 -6.8552
1.8001 -4.9096
-3.2074 -8.6015
-4.4510 -8.1445
-10.5852 2.2449
1.6342 -1.9321
-4.9755 -6.6665
-7.0810 3.6559
2.8704 -4.8968
-7.5495 -5.7902
-2.5161 -9.1186
-2.5993 -1.7739
-8.2529 -0.4960
-5.5622 -8.1391
2.6129 -4.9625
3.6160 -1.0453
-5.2950 -6.5259
-7.7464 -8.6322
-7.9254 2.6636
-5.9997 -8.6163
-7.4295 0.2868
-1.7682 -7.5963
-1.1006 2.4048
-8.9421 -10.6002
-8.7936 -8.0075
-8.6043 -9.8257
-4.9008 -9.7419
-8.8237 -5.4729
3.2953 -1.7973
-5.6562 -6.7768
-6.2233 -0.1558
-6.0514 -1.6257
-1.8169 0.3489
1.1466 -10.7301
-6.3481 -7.7634
-8.7214 2.1641
-8.8409 -5.1622
-8.2876 -1.3353
-1.5160 3.5345
-3.2636 1.5748
2.6977 -3.4189
-6.8125 -4.9470
-0.7977 -4.7862
-1.6484 -5.2932
-5.2036 -8.6026
3.0957 -7.4301
-2.7836 -0.9716
-10.9708 -8.6932
-3.2296 -7.8905
-9.3040 -5.6666
-0.9975 -7.2179
-5.5487 -12.2037
-1.2190 0.3988
1.0581 -0.0016
2.0791 3.3781
2.2962 -8.5535
2.4252 -6.3314
3.5083 -7.9406
0.4600 -8.1284
2.7454 2.5742
-5.1052 -3.9049
-0.9167 -2.6217
-0.7113 -6.3413
-2.2786 -5.3395
-7.9813 2.9916
2.8980 -8.4355
-2.6574 -9.3713
-6.8627 -12.1155
-0.7891 -2.1491
-5.0278 2.8617
-3.0645 0.2621
-4.3768 -7.2014
-5.2429 -2.6952
0.0189 4.2500
-0.5929 -3.9723
-10.3345 0.7285
-0.3640 -9.7261
-8.8211 -7.6335
-4.8179 -4.7743
1.3633 -7.2644
-12.3525 -8.7633
-7.2018 -1.8696
-0.7334 -7.7795
-5.0767 -10.1702
-5.8176 -4.2451
-9.8160 -6.6434
-6.5545 -8.0424
-12.0706 -2.9281
-7.6346 -8.4983
-7.9555 0.5884
-8.0262 -5.9024
-1.3700 -4.4796
2.6165 -8.3142
-2.2511 -6.3532
-2.0936 -2.9896
-1.9867 -8.9475
-7.7492 -3.1566
-5.1660 -11.8241
-7.4615 -8.6972
3.2450 3.4418
-4.9517 2.1614
-8.4738 -6.3693
-9.2733 -8.6687
-4.3471 -1.5979
-2.1964 -1.1988
-9.5082 -1.4361
-7.3402 -2.8636
-1.3574 -2.2358
-2.7470 -1.8932
3.8700 -3.4020
-7.8508 -6.5981
-1.7777 -2.2262
-9.1813 -11.2168
-6.5164 2.5858
-2.6298 -7.5834
-1.6232 -8.2527
-0.4601 -6.6363
-0.7632 -7.4779
0.8042 0.3114
3.4850 -8.6283
0.7691 0.9350
-10.9955 -5.8094
-8.9275 -5.9458
-8.4128 -2.5691
-2.5964 -7.7649
-6.8022 -0.1922
1.8425 -8.8550
2.3665 -7.8900
-0.3153 -5.7931
-5.5557 -10.2971
-7.1916 -2.8991
-2.5151 1.8946
-3.6604 -0.7866
-9.3782 3.0243
-1.1889 -6.8681
-8.6298 -9.9404
-5.6338 -2.5910
-8.3224 -6.8171
2.4035 1.4116
3.3284 -5.1715
-3.1001 -10.3232
-10.5442 -4.1682
-2.4283 -1.8167
-10.0778 -9.0846
1.3089 -8.9176
3.5854 -2.1367
2.0311 -8.3276
-9.2284 -8.5601
-8.0632 -8.3409
-0.5892 -9.3809
-4.4017 -4.1683
1.1930 -10.2959
-8.1963 -2.5767
-2.1237 -10.1543
3.3295 -10.0179
-3.6628 -7.0789
-1.4333 -5.7907
2.0781 -5.6299
-8.7154 -10.6441
-8.4494 -8.3616
-0.7961 -5.6665
-7.3416 -4.5035
1.7731 -8.5443
-6.9675 -7.7286
-2.7529 -7.1547
-8.8549 -5.0577
-6.2316 2.6148
-9.0832 2.4723
2.5288 -9.5927
3.2488 -8.8216
-2.7951 1.6120
-1.6992 1.0891
-8.5634 -6.1493
-1.1948 -8.0096
2.4056 -7.8511
-10.4133 3.9160
-0.2127 -1.0558
-5.8161 -9.2529
-1.6864 -4.6217
-8.5672 -8.3634
-8.6035 2.3527
-0.1381 -7.6108
-8.0658 -1.8933
-8.6514 -6.9471
-3.0467 -9.7326
2.0862 -0.0303
-8.4623 -7.6773
-3.3542 -5.3747
-7.6558 -7.6425
-8.7374 -9.2232
2.7522 2.5665
-8.4260 -4.6246
-8.4184 -7.5109
-7.8902 -3.7489
1.3913 -2.3065
-8.1216 2.2389
-8.6709 -5.9781
-8.6438 -3.4020
-0.2819 -9.4147
-8.5337 -9.3626
3.9545 -7.4549
1.3378 -7.9920
-1.8261 2.3209
-9.0964 0.9285
-6.7582 -2.9357
-9.4204 -3.0599
-2.0321 -11.1936
3.3794 -7.4911
-8.4249 -0.2598
-0.4175 1.4089
-8.3231 -0.8978
-6.2097 -5.1235
-9.6193 2.7629
-10.6229 -3.2997
-2.7901 -1.4451
-10.2274 3.1742
-3.1143 -2.1364
2.2093 -8.6522
-7.2739 -8.3629
-4.7769 -1.3104
-3.1671 2.2234
-2.0786 -8.0627
-8.4035 -7.6026
-0.1213 -10.6855
-1.1158 -1.1099
-8.5173 -2.2186
-3.9336 -4.8099
-6.2280 -8.7663
-4.5509 -2.1327
-1.9930 -0.8327
0.0931 -2.5208
0.2011 -0.3206
1.4621 2.9739
-5.4640 1.5169
-5.5505 -2.0605
-3.9722 -3.8062
-6.2628 -1.4476
-4.7705 -1.7766
-10.6361 -2.6754
0.5724 -6.3291
-2.3131 -5.4529
-8.4910 -9.4774
-7.3542 -3.2572
-0.7359 -9.1170
-6.7608 -2.0482
-7.3348 -3.3919
-8.8242 -6.5707
-9.4237 -8.3403
-5.2615 -1.8218
4.0817 -4.3332
0.1261 -9.5607
-7.2699 3.3018
-3.4802 -1.6529
-9.9218 -8.5052
-7.5969 -2.1159
-5.2975 -10.2465
-8.2424 -8.4936
3.7196 -1.8587
-11.0712 -1.8561
-0.0117 -4.9207
3.3067 -9.0540
-5.3842 -4.6123
-0.9803 -7.4894
-8.4172 1.7427
-2.4031 -9.0768
-5.5192 -3.0421
-4.0378 -2.8871
-8.3493 -3.4731
-8.6054 0.4212
-1.0773 -0.0946
-0.7906 -7.5711
-8.3055 -9.5247
-0.6389 -6.3750
1.6611 -0.6866
-5.7692 -9.6514
-8.8196 -6.5843
-7.5945 -0.0603
-7.9150 -9.9865
-1.4445 -0.1380
-0.0846 -8.9126
-4.2293 -6.2743
-5.5394 -4.3020
-6.0548 -0.7672
-0.5698 2.7798
1.9919 -2.0354
-2.0094 -7.0961
-7.1142 -0.6574
-5.4033 -9.7304
-2.4940 -3.2293
-7.6576 -8.7353
-8.7607 -9.6016
-5.4190 -8.3831
-7.3491 -0.5344
-8.5865 -2.2743
-4.4365 -5.5424
-0.2034 3.1092
3.1105 -0.2916
3.1509 4.0865
-2.5447 -4.6618
-9.6949 1.8560
-2.6867 -5.7471
-8.4208 -2.3512
-10.5292 -3.9353
-9.6388 -6.1950
-4.6105 -7.4724
-4.3010 -6.1259
2.5541 -8.6625
-7.1079 -8.6595
0.2407 -6.9322
-2.3706 -6.5459
-0.6667 -10.7144
-1.6033 -3.6129
-8.2210 -2.6764
3.1199 -3.7553
-5.0145 -0.8265
-6.4577 -2.7180
2.0647 2.8110
-7.2353 -5.8986
-9.0305 -6.1547
-8.4746 -3.4825
-9.4652 -2.3843
-0.9285 -2.4253
-1.0465 -8.2911
2.0445 -3.0755
-2.0731 0.6032
-7.2812 -7.9843
-1.9269 -2.3291
-8.6798 -6.6246
-8.6161 -7.0657
-8.9541 -8.7627
-4.7862 -2.1384
-8.5675 -4.1607
-2.5777 -11.0564
-4.2078 -3.5207
-8.4947 -9.5000
-8.7695 -3.8505
-3.0537 -8.7489
-2.4823 -1.5207
0.9256 -1.3550
-2.9506 -1.4312
-1.3028 -3.2935
-2.5550 -5.7898
-8.9871 -0.9370
-1.0795 -1.9468
2.7977 -1.1022
-1.4487 -9.0539
0.8969 -3.4148
-5.8992 -5.0280
3.1589 -7.9411
-11.9058 -0.5949
-2.1598 -6.6810
2.9650 -5.7053
-0.9988 -3.8216
-7.4958 -7.2232
-2.1157 -5.2917
-7.5802 -9.4528
-9.9287 -9.9858
-10.4424 -8.3151
-5.4209 -4.4414
-0.8282 -3.3595
-0.5211 -7.3417
-6.2337 -5.3427
-8.6381 -5.5464
-2.5200 -1.3353
-0.1143 1.8758
-6.5976 -8.7560
3.2251 -8.3167
-2.2429 -0.5858
3.8847 2.9460
-2.8850 -7.7605
0.2404 -1.5398
-0.4494 -5.0674
-6.1700 -2.0666
-0.2045 -5.7217
-3.9406 2.7083
-5.4421 0.5734
-2.4802 -7.4336
-4.7933 -2.7596
-8.4246 -8.5579
-9.7453 -2.4280
-2.3184 3.2618
0.1551 -3.2676
-7.6152 -4.1842
-8.5054 -10.1902
-9.7330 -6.2284
-4.2014 -8.8152
2.7768 -2.1064
-4.6523 -7.7503
-9.3342 -9.9295
-7.9460 -8.4770
0.2757 2.3491
-11.4708 -2.5317
3.3131 -9.5155
-8.2035 -2.7262
-5.2090 2.9012
-8.7814 -0.8712
-10.4439 -7.0076
4.0077 2.8267
-5.5841 -3.3895
-7.6332 3.1270
-9.9720 -1.4698
-8.4446 -0.4601
-6.4052 -2.9782
-6.7710 -2.6327
0.0847 -4.4266
-2.1953 -0.1305
-5.7406 0.0215
-7.2946 -8.5822
3.4187 -7.9531
-5.4106 -10.3901
-2.1273 -5.4879
-6.8937 -6.4892
-8.0602 -5.5276
-5.3868 -4.0385
-2.7615 2.0459
-7.0921 -6.3047
-6.4660 -2.1802
-9.3293 -3.2859
-0.3833 2.9910
-8.5465 4.4007
0.8975 -1.1000
-3.5464 -8.5760
-4.7261 -8.2333
5.2438 -6.1195
-2.2411 -5.2456
-4.0687 -8.0136
-7.2156 -5.0562
-8.5900 0.9592
-8.7318 2.5390
-6.6240 -5.2365
-5.4479 -8.1760
-8.5607 -2.5290
-1.3843 -8.1818
-6.9981 0.0528
-6.2418 -3.6474
1.6525 -9.3788
-8.5051 -8.4643
1.7366 -3.7787
-1.8684 -7.1823
-9.9375 -8.7885
-3.9542 -9.9790
-7.8161 -8.6251
-1.7103 -7.2253
2.7558 -2.5296
-4.5061 -6.0088
-7.1485 -8.0586
-3.8853 -9.6111
-4.1010 -6.0612
-2.4678 -3.6720
0.0992 -7.0496
-10.6017 -0.1255
-6.2403 4.4282
-7.8952 2.9472
-5.1614 -6.6916
-0.7408 -9.6490
-0.0617 1.0682
2.4100 -3.9668
2.9083 -8.8363
-6.6275 -4.3360
-10.1649 -7.1920
-8.7922 -2.2923
-7.1793 -10.1893
-8.6601 -4.6752
-5.7539 -8.1563
3.2980 0.0538
-6.2506 1.5762
-3.3640 -9.1874
-5.0564 -9.4354
2.7572 -7.0546
1.3857 -5.6311
-1.9999 -2.1875
-5.4263 2.6267
-5.3119 0.1226
-1.7003 -3.4729
-3.1297 -11.1466
-9.0396 -5.5026
-5.2645 -8.1636
-6.8756 -8.6153
-9.9419 -3.6620
-2.0267 -8.5781
-1.4821 2.4859
-11.6314 -7.4013
-6.5920 -2.7894
-6.3898 -9.0652
-4.2980 2.4117
-4.5586 2.2261
-8.5405 -3.4955
-4.1694 2.2756
4.0929 2.8336
-6.6203 1.2473
-10.4923 -4.0825
-8.5719 -9.7481
-3.1218 -11.7197
-3.7292 -8.5067
-7.1923 -1.5514
-1.7021 -2.3166
-3.9255 -5.9962
-1.4235 -8.8294
-3.7804 -6.7999
-4.8677 3.0379
0.3965 -8.7450
-5.7684 -0.7000
2.6871 0.3920
-5.5950 -0.4643
-6.9521 -1.3359
2.5643 -6.7929
-2.5113 -1.6631
-0.8653 2.1617
-6.5189 -4.3097
-3.2883 -7.5787
-4.3516 -5.7509
-6.7179 3.3176
-7.5370 -2.9184
-3.8278 2.8788
-0.5842 -5.0139
-4.7589 -2.8377
-8.1786 -3.5349
-8.1118 -0.4184
-0.0893 -5.9157
-4.3493 -9.7943
-6.0699 1.8265
-8.7321 -2.9932
-5.3467 2.3786
-7.9262 -8.0068
-7.1387 -8.1554
-8.0097 -3.2081
-5.6044 -2.9344
-4.1188 -1.2779
-4.7139 -8.3542
1.5603 -11.4334
-9.6995 -0.4227
-8.0941 -5.0282
-5.0346 3.0676
-2.9112 -4.6085
-8.1989 -1.5652
-7.7789 -5.5960
-8.3663 -3.4312
-7.6574 -8.7496
3.1503 -7.2080
-2.6757 -9.1859
-1.9578 -8.9198
-1.2000 -0.5512
3.0150 3.4765
-7.7830 -7.0184
-1.2490 -3.6318
-10.0954 -3.3880
-1.6731 -1.3310
-4.2001 -8.7309
1.2712 -6.7677
-8.1350 -7.0897
-8.5388 -7.4089
-8.5317 -2.7785
-3.4256 -3.0349
1.4119 -9.0928
-5.6347 -3.2651
-7.8313 -8.7536
-8.7875 -8.2292
-4.1037 -5.4462
-5.6051 -8.3899
-3.4938 -8.4291
-1.3412 -10.1220
-5.9411 -4.7063
-6.8747 -10.0583
-3.9736 -4.9330
-8.4839 -4.8808
0.0481 -7.0472
-2.0578 3.3817
-1.6393 2.6483
-8.1785 -8.3072
2.8214 -2.8145
-8.3075 -9.1052
-8.9014 -0.6986
-11.1479 -0.9429
-1.8942 -10.3493
-3.4004 -2.8692
-7.3242 -2.9563
2.6663 -6.7462
-10.6241 -7.6554
-5.8783 -7.6425
-7.4432 0.2291
-0.1046 -7.0114
-6.6589 -9.8539
-1.7618 -8.0919
-7.6226 -4.7779
-8.2233 -5.8762
-5.4703 -12.2247
-3.4381 -8.9669
-8.2514 -6.3606
-4.1647 -0.5927
4.0941 -6.1249
-6.2558 -11.3605
3.4902 -4.9985
-9.6853 -0.4807
-5.6303 -11.1218
-2.3365 4.6785
-7.1267 -1.5810
-4.9030 -1.7659
-9.2672 -4.8831
-2.2225 0.5256
-1.9425 -8.5554
-1.5124 -8.4471
-3.4422 -0.3366
-3.8726 -7.6512
-1.7846 1.9014
-2.5548 -3.4991
-6.9537 -9.2559
2.5322 -5.7347
-3.8812 -0.0010
-1.1383 3.6980
-8.4609 -10.7577
-1.4747 -4.6857
-8.6855 -5.6455
-9.3394 0.7359
-0.1951 -8.8477
-2.9229 -4.2899
0.8968 -2.6741
-7.3396 -8.9299
1.5251 -4.3421
-3.6620 -9.0336
-5.8875 -3.9280
-1.1774 -3.2346
-9.4838 -8.1618
-2.6904 -2.8636
-8.7404 -9.2020
-8.0921 0.7205
-8.5434 -8.5065
-10.3964 -8.3643
2.1743 -9.3372
-7.6735 -2.1807
-8.9664 -6.4872
-0.8822 -7.8634
-6.0385 -0.7380
-5.1012 -7.6857
-2.2300 -7.7815
-1.1856 -7.4748
2.0051 -4.0885
-5.1290 -8.4639
0.8098 -9.5619
-5.0847 -1.7181
-8.4916 -4.5714
-7.5112 -1.6362
-5.8633 -6.9469
-9.0582 -7.0417
-4.7102 -3.6631
-3.6683 -2.2667
2.3782 -1.6649
-4.2949 -1.4425
-5.0845 2.3890
-1.6214 0.7965
-0.6632 -7.9058
-7.3396 -6.8694
-9.1124 -7.3936
-2.6759 -8.7983
-5.8109 -8.5660
-3.1391 -8.7599
-9.4794 -3.3723
3.4509 -3.8685
-7.9152 0.7877
-8.2117 -4.5266
2.5592 -8.7227
3.1737 -7.3056
-3.0243 -8.4410
0.8197 -11.7911
-3.3232 2.6180
-0.6745 -7.5938
2.6325 -1.3869
-1.2117 -6.2577
-3.6008 -6.9306
-5.1041 -6.1897
-4.0491 -2.2909
-6.1815 -7.7983
-9.4726 -8.6871
-10.4773 -10.2965
-5.2944 -1.2413
-10.3985 -4.6684
-1.0594 -3.8916
-4.7914 -5.8412
-4.6005 -2.8185
-0.9013 -0.3906
-7.2056 -4.2173
-4.4120 -4.1050
-5.4147 -8.7633
-9.6058 -4.4712
-3.8319 -5.3008
3.0458 -7.4427
3.1672 -0.9080
-8.7669 -6.9757
-10.2337 -5.1965
-8.2661 -7.9586
-0.9856 -7.8873
-6.9570 -6.4091
-10.3558 -5.9159
-4.7816 -5.8833
-3.6779 -4.5048
-8.7276 -8.6148
-8.3556 -6.8618
-6.6679 -6.8919
-7.3499 -4.7600
-5.4804 -2.6218
-8.7150 -4.8945
-4.6728 -6.9029
-9.2661 -0.8096
-0.9159 -1.7720
-1.0564 2.8429
-4.8123 0.2427
-6.8777 -7.7583
-7.9438 -0.0593
-5.3181 -6.4555
-1.6771 -4.9092
-4.0231 -7.8100
-4.5181 -6.0770
-9.3439 -0.9904
-3.2487 -5.2963
-4.0810 -8.4581
-6.3015 -10.5820
-1.8355 -6.3601
3.8534 -2.7279
-9.5302 -8.5072
-8.8746 0.2095
-0.9993 -8.3785
-6.3762 -5.2859
-2.6825 2.2921
-2.5648 -8.4717
2.0755 3.3582
-9.2855 -10.1802
1.9511 -0.0899
-6.7842 -7.8738
-2.3089 -11.3169
-6.3770 -7.3303
-7.6164 -8.1720
-2.3536 -8.4274
-3.0284 -5.3750
-4.4629 0.3067
-8.8162 -5.5744
2.1071 2.1510
0.0778 1.6398
-1.1415 -5.9230
2.6239 -5.0710
-10.2280 -3.9192
1.0348 -0.7073
-5.1564 -1.6301
-0.5264 -6.5337
-0.6886 -2.0701
-7.1133 -3.4151
-7.8342 2.8082
-7.3410 -10.0710
-6.9504 -10.1610
-3.7400 -8.8206
-6.5929 1.7755
-4.6778 -8.3939
0.1005 2.3457
-5.1736 -1.2228
2.0519 -6.9856
-0.0935 -1.9928
-9.0374 -0.9745
-4.1560 -5.4525
-8.0059 -9.3593
