5
5.0134 -0.5838
6.7649 2.8582
8.1785 -3.2646
-2.3348 -3.2217
6.3426 -2.8784
6.0565 -2.2130
-6.4592 -3.8571
3.9517 -2.4422
7.1142 8.3695
5.1477 4.2394
-3.3003 8.0467
0.1585 8.3803
5.5167 1.0554
5.8237 -14.0707
-4.0784 4.8888
-1.3375 -13.6483
5.6916 6.0918
6.0641 -5.2187
5.1665 -10.0155
-8.6472 4.6123
5.5142 6.3324
-2.4758 -1.0386
-8.7176 6.4957
6.2725 5.2802
-10.3158 5.6958
7.9682 6.0016
6.9791 5.6371
6.4719 -8.4047
6.1417 1.9835
4.9260 7.1773
7.3119 -3.9559
5.9713 5.8609
6.8809 6.8558
5.4719 2.6462
6.3432 6.5001
-8.2447 6.6409
3.9981 6.6679
-3.5487 6.3918
-5.1381 -2.4905
-2.9649 -1.9489
-3.3817 4.4171
4.8551 -1.0079
7.6402 0.8060
-5.3003 -2.3396
6.3753 7.5405
-3.1806 -8.3157
6.1692 6.3129
6.7432 0.4436
5.0185 2.6927
5.7609 -1.8874
6.7736 5.3415
5.5839 6.5121
5.2906 6.2516
-0.6180 -3.6303
5.2734 6.3817
1.2132 6.1468
7.4618 -8.3903
3.3355 7.1620
4.6445 3.5313
-3.0411 5.8592
-10.8186 -2.9457
6.2955 7.1698
-3.3083 -14.3091
4.8924 -9.9227
6.7859 -6.3791
-9.8093 -2.6578
-10.2463 -13.2818
-0.8176 -10.8514
-7.3575 5.8698
-5.1167 6.1002
6.4159 -8.0870
6.0108 6.2761
4.3666 -3.5370
6.1818 -1.7714
4.3271 4.5073
5.8548 -6.9185
-2.6574 6.7259
3.9726 6.8556
6.0641 2.8839
6.0159 4.9526
-2.8536 6.2358
-2.1901 6.9655
6.7639 6.5336
2.9004 4.1260
6.2776 3.2320
6.1221 -9.3156
4.3934 -0.8987
5.4918 7.2837
-2.6414 4.9627
-0.3126 -8.7394
0.4157 -0.8586
-1.1385 7.3451
5.8399 -12.3638
-6.7667 -0.0732
5.4624 -6.0473
-1.8791 5.6480
6.5350 6.4916
5.4763 6.4954
2.6432 -2.2053
5.7669 5.7425
6.7527 6.1478
1.6901 6.9698
4.6967 1.7090
-0.0190 -11.9947
5.5868 6.8532
7.0089 5.6509
-9.2368 7.8345
7.1551 6.1651
-11.8421 6.5357
6.8721 -2.2412
4.5736 -1.4508
4.3066 6.6818
4.5043 6.8235
7.0133 5.9985
4.8283 6.1759
-3.7099 7.0015
5.3670 5.6777
7.4429 5.5206
6.2364 -1.1325
6.8267 5.5435
6.6808 2.7477
3.9841 6.8789
0.9490 4.4171
7.5970 8.0595
-11.5657 -1.3516
5.1748 5.1641
5.3864 -2.1953
4.3629 4.9592
1.3269 7.1349
6.5865 -1.9131
4.1740 7.0211
-6.7358 -2.1978
4.8310 0.4885
4.8009 -2.8480
5.7844 6.0274
4.7716 0.8789
6.4337 -9.1004
7.1691 7.3569
-14.0276 -3.0370
4.9280 6.5152
5.1111 1.4612
7.2421 -1.5653
1.4795 -1.4373
5.4269 7.3226
-0.2427 7.8453
6.5968 5.6486
-7.8046 5.4719
6.8553 6.1920
5.7825 4.7654
6.0732 5.1180
5.3896 6.7857
-3.7173 5.4804
-3.0789 1.6106
-1.2618 0.8530
-2.1814 2.8458
-0.9192 7.5264
5.6931 -0.9263
6.2324 -13.0839
-5.7179 8.0601
-9.6515 0.3678
7.3900 7.2341
5.8730 2.9252
-3.7491 6.0428
-2.9695 -2.4259
3.5464 -4.7111
6.5726 7.3612
6.2586 5.6289
7.9561 -8.4436
-1.1856 -0.6882
2.3787 -1.1708
5.0529 6.4745
0.0845 5.4764
6.5703 -8.3696
-6.8022 -7.1734
-2.6599 -3.7008
4.9617 1.1907
5.0868 -13.1640
-3.5257 5.5946
-2.1007 1.1958
-4.9009 1.7326
-6.7964 -0.2557
-15.2274 -10.4547
0.0261 -1.0756
-2.0183 -3.8684
-7.3463 -1.8621
5.3969 5.9140
7.3077 1.0701
6.8831 -2.3906
-0.9951 6.8971
4.0601 -3.3540
4.9383 4.3239
0.0539 0.6225
6.9443 6.1687
7.3804 7.0124
5.9343 5.6592
-2.6459 5.9227
6.3426 3.6070
-2.0540 -0.6486
6.3680 4.0434
6.2162 -1.8881
-2.2052 -2.8000
2.6976 -6.1990
-1.0084 -10.7769
-2.6016 4.7071
5.6219 5.9896
6.2843 6.5645
-2.2560 4.9450
-1.0599 -9.3483
5.7186 5.9873
0.5726 6.4033
6.9237 6.5078
6.8799 -11.7679
2.5576 -11.2151
5.2938 4.0645
3.2180 1.6164
7.2228 7.0502
3.2130 -0.9602
5.6996 -0.3901
6.5617 -2.0783
-2.6544 6.7319
6.5502 4.5831
2.9987 5.8995
6.3598 -3.3302
7.2160 -10.9521
-0.5078 6.7655
4.5159 -10.9305
6.4474 4.6229
-7.0869 4.9669
7.1099 -0.4223
-2.6097 6.1008
6.4291 8.4002
5.6293 5.2950
1.6582 5.2158
6.5765 -7.6008
5.9543 4.6250
4.9462 6.0473
5.8851 -10.9589
6.4820 5.1666
6.7543 7.0717
4.3185 -0.1785
5.6556 -8.6949
-3.6308 1.4578
6.1376 4.8284
-0.7593 7.0338
-12.6456 6.6265
5.7833 5.5431
5.8798 4.1428
-1.7862 4.9456
-2.4002 4.8569
-5.3076 6.3870
5.5912 6.6368
-1.1951 2.2110
-6.2837 -1.0152
5.7742 -2.7832
5.6828 -1.0311
3.8184 6.9961
7.2858 7.1155
5.5670 -8.2322
7.0570 -0.3749
6.4426 6.3997
5.0680 -4.5650
6.3688 -13.1333
7.2215 4.4344
6.0328 -0.8483
0.3418 4.7512
5.3311 4.3024
-2.5197 6.6278
4.9696 6.1191
2.5266 5.9001
-10.1498 -5.4665
-0.2237 5.9284
2.0249 -3.9548
7.4287 7.2283
6.5616 1.5190
-0.4780 -1.5900
6.1851 -2.2086
5.6139 4.6302
6.0891 -0.5055
-7.6921 4.5990
3.0792 5.9473
6.3142 6.5573
2.9294 -2.8359
7.1281 2.5071
-1.2712 6.5030
-10.2093 6.7027
6.0265 8.3621
4.4147 7.2097
6.8253 3.3076
-1.1579 6.7028
6.6983 4.9130
5.7387 3.8189
-4.6173 6.8812
-9.1537 6.7346
-3.8958 6.8572
6.8166 0.3654
5.0717 5.4841
4.2090 7.0269
6.7804 -8.1771
-8.0770 5.6991
-1.9691 6.0830
4.5481 6.4842
6.8628 4.7608
0.7294 -3.0048
5.9500 -12.4176
5.6428 5.7780
-15.4098 6.9519
6.7887 -2.1760
-14.2212 4.3727
6.4063 6.6293
6.7852 -4.2429
0.6849 -8.7603
0.9006 -2.2736
-0.1749 -0.1591
7.1339 5.5675
-8.6640 -2.7422
4.5094 1.7040
3.3731 6.5675
4.3435 6.9062
0.2047 -0.7617
4.2302 6.9646
4.8761 -12.3097
1.9528 5.4540
6.6716 -11.3437
5.6627 7.2121
6.6921 5.4316
1.9551 6.7154
6.8399 6.9712
5.8367 -4.9304
5.1117 7.8543
6.8287 4.9639
5.3929 -1.6910
6.6035 -0.8824
4.6647 -1.5346
-6.6647 -11.6007
0.8069 6.7187
6.8280 -2.6680
-3.5561 6.7583
5.6385 -6.6473
6.3906 1.2025
-2.7430 -10.1090
4.5444 5.8270
5.6463 5.6921
6.0333 7.1179
5.5387 4.3589
3.9196 -0.9814
4.7252 6.3505
-9.0938 6.6728
3.0374 6.3671
6.4053 5.8052
6.8942 -0.5067
6.8885 -3.2118
7.2701 -3.3798
-2.7172 4.3533
-2.4491 -2.8380
-0.0484 6.5716
-2.4968 7.1262
4.7396 -0.3342
6.2208 -0.1390
-3.4888 7.6666
-1.8111 6.2532
2.9598 -1.9553
5.9834 -1.4069
7.4067 3.2310
7.3569 5.8148
-1.4937 -2.0706
4.3714 -2.7084
-2.9385 4.8050
-13.5629 6.1416
1.3707 -3.5459
6.6282 4.7792
5.9663 6.5877
6.1014 5.9694
-10.8766 6.0228
-4.0922 5.5014
-3.3752 6.5399
7.1788 -1.3202
6.3591 7.3713
1.3675 -10.7969
-5.3930 5.6804
3.8176 5.2250
-1.6138 -9.0410
6.8348 6.8301
6.4111 -2.0585
-0.4965 6.2106
0.3570 -6.1213
3.8986 5.1835
5.0896 -2.6747
-7.0591 -2.5112
6.5881 -1.5279
-2.5782 6.9755
2.2977 -2.2485
7.1367 4.3214
4.5596 5.5911
-2.3886 -1.6968
5.9798 -0.3178
6.9336 5.7740
-3.0919 6.2232
7.5169 -0.1219
-4.0668 6.4730
0.3634 5.0148
7.8882 -12.7111
-3.5572 5.5366
-3.0068 -2.3464
-1.3175 5.2320
5.1107 -6.2939
-12.5522 6.3408
-0.4022 5.0061
4.7999 -1.4526
7.5407 -2.3862
5.7173 6.1794
4.5920 4.4487
-0.3258 6.0173
5.8093 -2.1738
-11.3318 -0.8383
0.0316 3.4561
-2.6454 -1.7208
-0.9075 2.2273
7.6000 -2.5553
2.9816 0.9126
3.8969 -10.3706
0.3870 7.0590
-2.4828 5.9951
4.6996 4.2040
0.4805 -3.1767
-2.6885 5.9034
4.1717 -0.6300
-2.9479 5.2463
8.4315 1.7420
6.5963 6.5652
5.6691 1.1299
6.3843 -2.9213
6.4226 5.6010
6.2551 7.3771
4.9920 -7.2541
-2.2051 6.2055
-8.7143 7.4046
3.6978 6.7701
-0.2424 6.9982
7.8630 5.8945
6.5081 6.4776
3.2137 7.3520
4.4022 4.5739
6.7924 -5.7237
-9.0511 8.2624
-8.0910 -3.9559
-2.5713 7.3144
5.8653 6.4854
-3.0725 -8.3553
6.5847 6.0192
7.9650 0.4704
6.8557 3.6503
5.9778 -0.3159
-1.8775 7.2682
4.6618 -9.4990
7.0833 7.0150
-3.2323 6.9374
7.6132 5.5566
6.6941 5.9083
-2.3288 7.0465
5.8284 6.1428
5.0330 6.2960
-12.7691 4.8755
-7.6352 8.3103
7.1166 6.1312
5.8881 6.3606
6.8496 0.3262
-1.2996 5.2637
-1.4416 6.3433
6.8388 -11.1636
6.8725 7.5651
-4.1838 5.8505
-14.8199 -3.8445
6.0101 -11.5705
5.5972 1.0988
-1.8961 -13.5082
-7.2781 -4.2774
-10.7099 7.0509
7.3835 -4.8910
6.1360 6.4122
6.7460 -1.5953
5.3900 -2.3878
-9.4603 3.6899
0.0258 3.9680
6.3528 6.4068
-8.9884 -2.0838
-4.7017 2.5980
4.3753 -3.6677
-3.9304 5.8142
4.6695 7.7634
-3.1545 5.4737
5.6738 6.3525
4.1827 -0.8815
5.5131 6.5215
-3.1166 6.7841
5.5055 7.6995
6.9367 6.9119
-3.1782 4.4722
6.2926 7.2513
7.6833 5.8378
5.2475 7.9376
-1.4268 -9.9745
-0.0722 -8.5438
7.2145 4.3569
4.8710 -10.7611
-4.9716 5.7001
6.5137 6.1351
4.6007 -1.8501
7.2235 7.5730
1.5701 6.4775
6.0092 -1.5308
3.3550 -5.5104
7.7276 5.4283
-1.9558 -2.3210
5.4967 5.9391
6.4955 8.7398
6.1794 -0.9081
5.3518 4.4694
6.1898 -6.9445
4.4191 7.6177
-10.7241 6.8180
7.1660 6.4576
6.0530 5.0798
5.4568 0.1866
4.4910 -2.9950
-3.3644 -2.4313
6.4520 -1.7935
5.4444 5.9812
6.8013 0.5709
6.7723 -4.5004
-1.6641 -9.0568
6.7317 6.6736
6.6629 5.4165
6.0902 4.3382
6.6976 7.9848
6.6939 4.2022
6.2257 6.7997
5.5297 4.0876
6.3202 5.4189
0.6501 6.2513
6.5614 6.4704
1.1280 6.5445
5.8831 6.0329
5.8044 6.1121
0.0113 5.9616
5.9915 -2.2336
5.7803 -1.4356
-2.9746 0.9978
6.2107 6.6567
7.2409 6.8849
-8.5021 -11.4074
-10.0488 6.2558
-11.1967 5.2085
6.9264 -2.2528
4.8875 0.0471
6.0702 -2.7044
3.3954 6.7159
4.6750 -5.3654
6.1963 1.9502
7.2099 0.2725
4.2609 -11.6632
7.0994 -7.9355
4.8185 2.5348
6.7270 5.5590
5.5381 -1.7536
8.3547 0.7067
5.6300 6.6330
3.6674 6.8850
-4.4640 -0.3407
-9.8746 7.1567
-3.5857 2.4523
-11.0888 -2.8508
4.1188 4.7339
-1.3459 6.8873
4.8343 6.8818
6.2934 -5.8063
6.8618 6.3644
6.4624 5.3986
6.5588 7.6894
4.1568 7.0523
6.2529 4.1238
6.6569 6.3395
6.8359 6.0102
7.2255 6.3176
-2.2436 3.7819
4.4337 7.8697
5.2363 7.6174
-0.5211 6.6562
0.8741 -11.6993
-0.8622 -0.2418
6.7770 4.5392
6.3436 -2.1710
6.1284 0.3320
4.6961 5.1554
-11.6850 -4.5564
6.8081 0.3935
3.3354 6.6684
4.9035 -4.3298
-1.4000 6.2763
6.6525 6.9113
7.6288 4.0933
7.2524 -1.7095
-2.9422 5.6494
3.2357 0.1865
5.2626 -8.9252
5.8224 -7.9867
5.4341 -2.3156
6.6942 -3.4764
6.7511 -10.6055
-11.9983 -5.3848
4.9037 7.4424
-12.9090 -9.2263
7.0078 5.2323
-3.3896 -1.6084
-3.8010 -2.2588
4.3557 -0.7998
3.5599 6.6189
4.7478 -4.5260
7.1189 4.8751
2.6772 -3.7522
7.2199 -11.4555
-1.9484 7.0881
6.0519 7.3348
-2.9601 7.1566
-2.5641 -3.0756
-8.8162 -2.0090
-3.2218 -5.6340
-8.8083 -1.6371
3.7411 -8.6257
-3.0403 4.3712
0.6318 6.1411
5.6583 5.8270
5.5678 4.9706
4.5700 -4.0933
5.1463 5.4385
-2.4500 -1.3346
6.5324 -1.6267
5.5180 5.9280
6.2082 7.0484
6.8417 -4.1424
-7.7056 5.1473
4.2923 5.4767
7.2313 4.6144
6.5595 6.3983
7.3808 0.0873
6.9164 6.3422
6.0510 5.2171
5.8614 4.4295
-0.8444 6.6374
5.7758 6.6686
6.9456 -6.9686
4.0985 6.7345
6.7226 0.0594
-8.0300 4.6658
-1.9297 5.5483
-6.7309 -2.0811
7.7120 5.2660
4.5843 -10.0627
6.4075 8.0594
3.6440 -10.4292
6.7134 -2.4237
6.2357 7.5949
-2.7424 -0.3325
5.4035 -2.2772
0.0628 5.7853
3.7947 3.2542
5.3779 4.2601
0.8982 5.5833
-1.9720 4.1753
7.2440 6.6245
4.7987 3.0274
4.6541 -1.5277
7.0098 -0.3633
-10.3270 -9.9729
6.8202 6.4769
6.3097 5.9537
-3.4285 -1.8512
6.4524 -13.8806
5.3928 5.1204
6.7594 4.0251
4.7888 -8.3891
4.9794 3.8933
7.7664 -1.9755
0.6832 6.9796
-7.0263 -7.6286
7.3756 6.5126
7.5469 4.7505
5.5616 7.1999
6.8719 6.5384
7.5624 -3.0965
-1.0778 3.1988
-6.2250 5.1262
3.4997 -2.1352
-10.3553 6.1902
-2.0879 5.1122
6.3346 5.4004
-4.5709 -6.7830
6.7334 7.0008
6.4432 -6.1653
-1.8229 -11.7023
6.0644 4.5276
-10.8982 5.2495
-3.2232 1.1941
-1.0784 -1.6190
-0.0310 -10.6626
4.5688 7.2048
6.8037 6.1738
8.4557 5.5591
-0.8647 5.6640
-0.2578 3.3430
8.2729 -11.0346
1.0836 3.3521
-15.0169 -2.1385
6.9650 -11.7581
7.1720 3.4842
-8.8126 6.6775
1.0645 5.9127
6.8926 5.3285
4.0665 6.2821
1.2489 -5.0892
6.5684 7.0578
6.3143 7.1048
7.0889 -0.7186
3.5010 -8.9072
-14.6943 4.1112
5.7061 -1.5286
7.0581 7.6583
6.7673 7.5496
6.1093 6.9039
0.0772 5.5519
6.0341 1.3995
4.0056 -4.2773
1.6514 1.7015
6.7137 1.3387
-6.5278 -6.3536
1.0788 5.4074
-0.7013 5.5191
7.0957 6.1697
1.0335 -1.8108
-1.2378 5.8517
7.0328 7.4725
-3.9582 7.2556
6.4173 -3.5770
4.0247 5.7137
5.4430 6.8578
-0.7712 2.5322
6.0948 -7.0207
2.0515 -5.3048
6.6540 5.1451
-11.3810 6.8537
4.5281 0.7963
-7.6569 6.9073
6.8701 -8.8033
5.1468 1.3384
-2.2220 6.4880
5.6378 7.5366
6.2052 6.5547
-3.2499 6.2359
6.0822 4.2958
7.0530 6.2633
6.1644 3.6597
5.1507 6.3418
0.4099 -0.8028
-0.2704 2.5781
5.4619 5.5216
-3.2983 7.7397
7.1998 6.8424
6.6316 6.2686
6.3521 6.9962
-11.0417 -1.9511
0.9641 -2.2084
6.3841 -10.6030
-10.6049 5.7775
6.9136 6.0476
-10.3550 -3.4459
5.9146 6.4340
-0.0150 1.4275
5.4321 0.2025
3.8419 6.5049
5.2730 7.0568
3.1170 7.0322
-8.0412 5.2495
5.4928 1.5074
6.5085 -2.8828
6.7171 -2.7555
4.5286 -3.5936
-0.3345 -7.1765
-1.2616 -3.7113
-1.6704 7.9399
4.8002 6.8496
4.3415 -7.5449
-12.6359 -1.1571
6.5665 3.8210
6.8630 6.2497
0.7834 0.9517
6.7721 5.9165
7.0708 5.4675
-1.3316 6.5184
-6.6744 -0.7102
6.5803 -3.3775
7.9544 5.3558
3.4548 5.3719
-10.6931 3.3370
5.0717 -1.1639
-1.0859 0.6424
-1.8456 6.1228
5.3051 4.3070
-0.1502 4.3663
-0.6315 0.2950
4.6592 0.2990
-2.7052 5.8104
5.3459 5.5280
-13.2135 -4.7363
-13.5118 8.2328
-10.8880 7.0279
-1.2292 0.0266
-6.6568 1.4056
-2.1963 6.5652
-3.4864 4.2595
-6.2442 -5.6743
6.7266 7.0744
-1.7816 0.2620
-4.8382 6.0253
-7.0073 5.7159
6.3567 6.6661
6.2207 7.6792
3.5379 6.9903
5.7895 5.6156
7.4741 -1.8093
5.0796 -2.8502
6.1676 -0.7239
-1.9924 -5.7083
0.6416 -0.4554
-0.0921 6.4479
-1.3948 0.6043
5.1376 6.8742
6.4902 4.5934
-4.0507 -0.3535
4.6398 5.6003
5.6071 5.9794
-5.5819 -9.3444
-1.4028 5.9570
-10.3266 6.0641
7.0906 4.3366
7.1075 6.1360
-1.4612 6.2737
5.5571 3.6391
-6.9432 -9.7902
6.3336 -2.9128
0.6223 6.3673
0.6397 5.2997
-12.0314 -8.6659
8.1115 7.1114
-1.3899 5.4332
-1.7580 -11.1255
-4.6174 5.9352
5.6577 4.7446
7.2118 6.2388
-1.5685 6.5042
5.2164 7.7103
6.4299 7.5416
-8.3098 5.7109
7.0644 7.0328
5.5569 3.7165
4.3985 4.1115
-4.6605 5.4186
5.5937 6.0887
5.7820 6.7799
5.0491 -2.0135
-6.2723 -0.6266
5.9773 7.4586
6.9180 -11.5320
-0.8641 4.6663
-3.8553 6.4397
4.2547 6.9773
-0.6283 5.7832
-3.3365 5.1559
4.9705 7.6980
6.8520 -0.6712
-1.8922 5.7603
-7.0822 -2.0135
4.8438 6.2925
5.9876 0.3698
-1.8781 6.3592
4.6139 6.3726
-0.1092 6.7581
-4.9724 -0.8441
-7.2263 -0.4324
5.8674 -2.8092
-3.4180 -2.5250
5.1482 5.8759
5.5497 -3.2462
6.0917 7.7980
5.9411 4.9772
4.9446 -1.6215
6.1862 0.8185
4.6434 0.6043
-11.5263 -7.4709
2.0225 5.8621
0.2486 4.9716
4.4447 4.2330
-1.2111 -1.7452
7.3448 0.2413
-1.6812 5.7967
-11.8692 7.0919
4.9704 6.7457
6.5256 5.5702
3.9887 6.6492
4.6731 -0.1728
-2.2603 7.0377
7.0873 6.6453
-3.8231 0.0936
3.9802 3.7222
5.5048 6.7330
-7.9434 5.5316
7.1612 -7.7564
0.6723 6.9874
-8.6038 6.8871
-1.2374 -3.0712
-2.9887 -1.3905
6.6616 7.2165
4.9698 6.0244
7.5508 6.5665
3.7480 7.0177
6.3565 -6.3103
-2.1983 -3.3076
6.3085 6.7501
-0.3919 5.2039
7.2146 5.7337
-6.5414 -1.5542
6.2083 -1.5318
3.8140 -1.1338
-1.9956 6.9606
6.1512 -0.9666
6.0304 7.0695
4.8639 -0.4333
4.9955 5.8278
5.0573 -3.6109
1.2614 5.7916
-3.4878 -2.0679
-3.3559 -1.1980
6.6828 6.3623
3.9987 -0.9689
5.5827 4.2771
5.2744 -2.8060
6.7878 -11.7203
4.7952 6.4172
5.4267 -1.9702
3.7556 -2.1530
4.6838 5.8496
-1.8742 -3.4486
5.3077 -3.6575
3.9987 6.3063
-4.5546 5.6015
6.0599 -9.8627
-0.7609 7.0901
6.3348 -3.0389
-1.4457 0.2862
-6.2616 1.9284
5.7468 6.0749
-2.4828 -13.3334
6.8267 6.2140
7.6403 0.9745
6.4984 -2.1805
-3.1032 6.2926
3.5099 -8.5951
5.9108 5.8990
7.9449 -0.8858
6.2546 -2.8907
-1.9876 6.9715
5.6014 -3.8778
6.2185 -10.3536
4.7591 4.4351
4.3106 5.5066
5.1983 7.0632
5.9377 4.8620
7.7315 6.4115
-4.8603 3.5552
6.3396 4.7832
3.2376 5.3936
-2.3949 -1.9872
6.7107 3.0252
0.2116 -0.5986
-1.4251 -3.2664
7.2041 1.8138
6.9738 3.9493
7.1786 5.8231
-12.4135 5.8284
4.6057 -5.6819
4.4881 6.3464
-0.1625 7.2204
6.9555 7.3860
-4.0080 5.5816
-2.2742 -3.3769
-1.6621 6.5208
4.6929 4.3920
-13.2729 6.3672
2.2749 -1.5184
6.0398 -7.7792
5.9314 7.7351
6.4164 -7.8438
-1.8827 -2.3229
5.8456 4.4961
4.0571 -5.3348
-4.1458 6.0851
1.3750 6.1448
-2.9064 0.8802
8.6076 -6.4562
0.7943 -5.2583
1.3700 7.0012
3.3624 -3.9548
4.0111 -4.2120
4.5546 -3.3849
6.4600 6.8473
6.5267 5.7100
5.3548 -0.6324
5.2951 5.7741
-2.4194 5.3847
6.0929 -2.0079
-3.8384 -11.7749
6.4207 -2.6409
-0.7896 6.4073
5.2623 7.7296
-3.0101 6.3874
-10.3827 -0.4451
-9.0585 6.4944
-2.3731 0.9320
4.4119 5.7802
4.9344 5.5579
7.4194 6.2751
-2.4067 -2.4726
4.8232 -1.8269
7.1135 1.6205
-3.4521 5.0198
6.3444 -2.8347
7.4499 7.6710
6.3242 6.2693
6.6959 5.5652
7.0660 1.1198
5.6244 5.3683
6.9864 4.1946
-2.7119 -9.8385
-7.3185 7.1252
7.2162 5.2113
6.7624 -0.6655
5.8711 1.8721
5.1859 -3.0087
-1.9440 5.0855
4.1452 -2.8700
-9.0640 6.1342
4.6392 3.0123
5.6773 4.5672
3.3851 5.0922
6.2966 -8.9292
-5.5499 -5.2141
-9.9362 6.1900
5.2938 3.7291
3.9151 -2.7282
-2.6395 5.1153
5.0269 7.5875
-7.5559 5.3819
7.6671 4.8475
-4.6743 -8.1415
-2.2223 -3.5785
6.1272 5.9822
7.5889 1.8338
8.2650 7.5134
-9.1562 5.9707
6.0934 3.5643
6.6159 7.0178
5.6711 5.8749
-2.3291 8.5115
6.4335 -1.7491
6.4225 -0.6845
4.8609 5.9572
3.9172 6.1597
6.8944 -2.0175
5.0288 5.6142
7.2912 -0.1845
1.3545 4.6460
2.1443 -6.9542
1.5769 5.4813
6.4118 6.1562
0.6502 -5.9250
6.2760 6.6855
-0.3306 5.9568
4.0449 7.7398
7.1552 6.9448
7.1873 5.1301
5.6160 7.3038
-10.3580 -9.6701
-0.7114 4.4735
7.5027 6.1758
4.1918 4.2795
0.2371 6.5679
7.4240 5.4627
6.2216 -7.5304
-6.2865 -3.0044
-1.6691 0.7834
-1.2156 -3.6243
6.0310 7.8178
6.7668 -2.9617
7.1860 5.1614
-8.0924 6.8429
5.6992 7.0149
4.1287 6.7901
6.1762 5.4951
-3.5508 -1.3049
5.1237 -1.4775
5.2348 -2.7794
6.7334 2.8224
6.5015 4.8856
1.4536 4.1744
-3.7354 -3.2147
4.0729 7.4629
6.0285 7.4061
6.4281 -2.8312
-5.5168 -0.7517
3.3933 3.8914
3.4114 -2.4892
7.5953 -6.4679
7.0546 6.0657
-2.0555 6.0530
-0.1813 -3.5195
5.1188 -7.5917
6.6057 7.0135
4.8868 4.9874
-0.8141 -0.0163
7.6915 4.6349
6.8043 5.6781
0.3413 -13.5224
5.1075 4.6674
6.0451 6.5176
-11.7835 -0.9820
-11.3665 4.8204
-2.0681 -9.6331
7.8298 5.7732
5.8824 1.5238
4.4305 4.0781
-0.6257 7.1879
-6.8588 0.9379
5.5479 5.5940
5.6757 6.3721
-9.9447 7.5376
5.5457 7.0735
-6.5233 5.7112
7.6972 -5.5305
6.8905 -10.3148
5.9220 -1.6168
-2.4772 -0.8041
-3.0752 6.4945
7.6335 4.7303
4.6013 -12.9198
6.4159 -0.6135
-15.1255 7.3922
6.0338 7.4868
6.7060 4.8767
5.5221 5.5819
6.3882 -2.5630
-0.5373 2.5080
-9.9606 5.2606
6.7812 5.5434
-2.0438 -5.3000
5.9089 -8.4411
-0.3506 -7.1135
5.3651 7.0498
5.8309 -3.0523
5.4634 0.6321
5.2890 5.7795
6.5201 5.1598
-10.0436 7.4432
-13.1755 6.3929
4.3493 5.4667
5.5385 4.4005
3.5772 5.5622
6.6147 -2.4832
5.4333 -6.0279
7.2899 3.0342
5.4305 6.0921
5.8980 7.5923
6.1910 1.8907
5.1858 -1.8910
3.4233 5.7975
4.9904 7.3642
-6.5404 5.1813
6.0645 7.1427
4.9442 3.3984
4.4601 -2.3337
6.2652 0.3009
-2.2940 5.2145
-7.1578 7.0419
-2.6287 7.2878
-8.7860 5.7108
6.8940 -6.8707
-11.4579 -6.3918
-4.3668 7.1000
-2.9712 2.0248
5.7119 6.6296
5.1772 -4.4090
6.3911 1.2760
-7.2586 -1.8455
5.6242 5.4737
4.9723 -12.8233
-14.0777 6.2232
-10.7451 6.5260
6.3177 -1.3669
6.8146 7.5651
-7.5495 -4.6116
6.8342 6.8473
7.3506 7.4344
7.0050 6.9951
4.7791 5.6550
-2.7818 0.5676
6.3641 -1.2382
5.1532 1.7582
6.9362 7.2219
5.6180 3.8177
4.9446 5.7061
5.6600 4.8049
2.0859 -9.6042
-0.4120 0.1742
-9.7397 -2.2306
-1.1041 -11.8168
6.7747 -7.4120
-5.0552 5.7416
6.3014 -14.1826
6.1358 -0.8427
1.0174 7.3563
5.2937 4.6770
6.4037 6.5097
-3.9588 7.5969
7.6496 -4.8696
6.7431 1.7208
0.1659 6.7458
7.4880 -7.4474
5.5151 6.5922
4.9160 1.3582
5.5675 -3.6949
-5.6881 -15.9271
6.8122 6.1490
5.1890 5.7295
6.9956 -12.6706
6.7082 1.6954
7.3058 6.4331
-0.8865 4.7918
-1.7227 -0.2666
-7.8627 -10.1601
-8.0217 -5.0890
4.2263 6.3255
5.3906 -1.5375
5.2455 2.3146
6.7339 7.4784
-0.6694 5.9112
4.3099 5.1208
-1.9853 7.9071
5.9981 3.6637
5.1303 -2.1055
-3.5741 5.3964
5.7750 0.3853
7.0549 -8.9463
0.9313 -3.3386
-1.8109 5.3569
5.3841 7.7981
-2.6456 -3.2131
6.4232 5.8964
-13.9249 5.3351
6.0879 -10.0670
-1.5796 -15.8853
-2.7993 -6.5418
6.3682 -3.0365
4.0779 6.8112
4.1688 -3.7764
7.3974 -8.2990
-4.2397 4.1204
-1.0370 5.0539
6.7723 -4.1040
5.1510 0.2271
-10.4585 7.9391
-7.7774 6.4705
7.3986 6.7714
8.2556 3.0418
6.6029 6.3452
0.2872 3.2638
-10.5530 -3.2000
9.8629 6.0376
4.1422 5.5229
-6.0309 -3.2239
2.9281 -8.6164
5.5355 1.7727
-6.0078 -8.0130
-0.8830 5.9274
6.5957 3.1947
-15.4525 3.8580
7.1256 3.1720
7.3737 -2.5110
0.8777 8.4569
7.0563 5.2857
4.2196 5.3772
5.1540 -0.5333
6.8218 -1.0295
6.9600 -3.3553
6.7118 -4.6205
5.1294 -2.0611
0.6633 -2.5015
5.7878 6.8284
5.0741 5.7709
6.4201 6.4077
6.3936 5.4180
4.2762 -2.0020
-2.4246 6.2440
-10.2623 5.9620
-2.2586 5.4244
-1.0620 6.4455
5.1804 5.0326
4.3947 6.1397
5.0661 2.1669
-1.0967 6.7164
5.9117 6.1391
-0.7695 2.8257
-1.8009 -5.4615
-2.6531 -7.2736
5.4854 4.1324
5.0935 6.1890
-12.2542 -8.0450
6.7494 5.7755
5.9755 6.6615
7.2369 -10.8584
-2.0798 -7.8597
-3.4762 5.1865
7.0034 -0.5970
4.8846 6.5304
4.4826 6.7679
5.6758 6.5467
3.9280 -2.7042
6.7486 8.6481
5.8148 7.3130
3.3338 -3.1148
0.5043 5.9227
4.2066 5.7310
6.1996 -1.8136
6.3514 6.6130
5.1109 -4.7497
-9.3286 8.0206
4.4339 -1.4865
-2.6955 4.6659
-1.5371 -2.1169
-1.9590 4.0505
5.3625 6.4340
6.1200 -9.5884
-1.3594 -2.5552
-3.5388 4.5486
6.7807 7.0443
-3.1479 0.2344
3.0649 5.7203
-10.6291 2.0471
-0.0274 -3.7236
-0.4098 7.0352
6.4345 5.9224
5.6703 5.8836
5.5479 5.7891
-2.0263 -4.3740
-3.5980 6.3214
-11.7687 5.8397
7.2781 5.9933
4.6297 -2.0047
4.3316 -0.3635
7.7021 6.8525
-3.8351 4.4653
7.4818 8.6792
6.3028 1.6147
-4.7151 -0.5360
2.0769 5.6762
6.2610 1.5157
1.8286 -4.9614
5.6344 6.0944
5.9623 -2.8677
-11.3069 -3.5319
-11.6295 6.6147
5.7943 7.3475
4.7788 6.5365
-10.1188 5.3065
3.5294 6.4821
7.0921 5.7203
6.9532 -1.1157
-3.1853 6.9401
-4.5702 -1.1194
-7.2394 7.8052
3.5262 -6.8231
5.2958 -11.3137
7.3755 -1.1085
-9.9284 2.5827
5.4007 -1.5334
5.1175 0.6130
0.6109 6.4967
6.6089 0.9556
7.2940 5.7489
5.6921 2.2663
-3.2989 5.6855
6.5158 6.2758
-11.8378 6.4856
5.5398 -8.2410
5.2735 1.1892
6.9407 4.6188
-10.0685 3.1208
5.8074 -1.9018
5.8807 6.6514
-9.9027 0.1679
7.0857 -9.9965
2.1147 6.8473
5.9117 6.2563
3.8037 4.0142
5.3932 6.3719
5.6129 4.9743
6.9293 -12.5320
7.3309 -0.5960
2.8291 -7.7963
-1.2721 5.9963
7.3287 6.5142
4.7298 4.1007
2.7374 5.0311
6.1099 5.6054
7.4181 -9.4370
3.0865 -1.2080
4.4816 2.4441
7.5278 -2.4805
4.3247 6.4157
4.5912 7.5493
2.4516 1.7630
-6.8376 -1.2827
-2.0126 3.8113
6.7091 2.5131
6.7929 -7.2217
7.0586 -2.4949
-7.9322 3.9661
-7.8481 -1.5159
-7.0757 6.6703
3.1384 -2.0789
-7.0551 6.0639
-14.4999 6.1018
-6.1965 -3.3902
5.8256 5.0880
4.7635 -14.4802
5.0251 6.2512
-0.9927 -2.6181
-13.0055 3.3405
0.2340 5.6230
-3.1047 6.0242
7.4309 -1.6295
-3.5856 -2.1679
-10.5169 7.8599
7.4152 2.3763
6.4217 5.4983
7.4600 -1.3984
5.6963 6.3285
-2.7661 3.8384
-4.9836 -5.4330
6.2163 6.0599
4.4767 1.4851
-2.0569 4.0260
4.4655 3.6231
5.6501 7.4402
6.7075 -8.0128
7.9269 2.3358
6.4738 5.7012
6.1441 8.0850
3.8733 3.6833
5.5967 4.8233
0.6492 6.5170
4.7217 -2.1309
5.2754 -1.6501
-0.5734 -2.6783
6.1568 -1.7265
1.2442 5.7260
4.7885 5.6392
6.1597 6.9460
3.1242 4.7203
6.6666 6.2043
-11.6910 -0.1517
5.7850 6.8970
-2.4964 -11.9120
4.3344 6.6370
-7.8880 7.7249
-1.6859 -1.1680
6.6866 4.5721
4.7211 4.3464
7.1943 -4.3629
-6.8308 5.5082
6.1528 6.4099
-0.1226 -9.6198
-0.8674 3.8024
5.5644 -2.6296
4.8141 -0.9491
4.4348 -9.7472
4.3076 7.1727
-3.9046 1.4518
-3.0375 -9.1146
4.4535 6.3783
6.4390 5.7655
-0.7727 5.3251
-3.4915 5.4621
-2.6853 7.1063
4.0402 -2.7337
-0.6355 -2.6934
0.8276 -4.3485
-13.4737 -7.9099
-4.9961 -13.5221
-10.4121 6.1942
5.7242 0.6583
6.9241 0.4906
-2.8536 -3.7443
1.5634 5.5273
-9.2174 -1.9354
5.4672 4.8507
6.2580 5.4977
-7.1457 -2.0916
-0.7332 5.8529
1.4496 -3.0558
5.2142 5.0229
7.1434 -2.4250
-3.3046 -4.7070
5.9975 6.5593
-3.1006 7.7824
7.0443 6.6992
-2.5435 6.4907
6.9669 5.6613
1.1777 -0.8684
6.8770 6.4400
-3.0425 4.2705
0.7872 -9.3282
-10.7439 -2.8854
6.3717 6.5626
-2.3652 4.2408
3.9587 0.2336
-9.2701 6.5219
7.3596 -1.9999
-3.8900 -5.3914
8.1075 4.5977
-6.4351 7.4128
-2.4403 4.8533
1.4460 7.8427
6.1428 4.3967
6.1786 5.9190
6.3848 6.2267
6.5757 4.9799
5.9790 -5.8406
7.9806 -2.4000
-3.0278 4.6182
5.7738 -2.8835
6.1449 7.2162
-9.4884 5.4555
6.3595 7.4123
-1.4364 7.0368
4.5937 6.0771
-10.2941 5.8632
-3.7596 -9.0252
5.4998 -2.6552
5.7892 0.3410
0.2915 5.3434
-4.7735 6.9284
5.8644 4.3732
6.3994 4.6872
3.5917 6.6361
6.7573 5.6064
6.3948 7.0347
7.8050 6.3834
-2.3444 -2.5729
-9.3059 -5.2946
7.0354 -2.9791
4.6579 5.6706
-14.6597 6.7820
7.4346 0.2183
8.3071 7.0037
6.3103 5.3786
6.2846 2.4760
7.5657 6.8593
6.7022 6.8669
7.6837 -3.5839
6.3276 -9.0347
5.2896 6.5985
4.0695 -7.2606
6.0581 7.4402
-4.4593 3.1332
-2.0368 4.3804
-4.2235 -8.3485
6.0135 -2.4877
4.2971 4.6257
5.4693 5.6774
5.9074 -10.7408
-1.4904 6.8397
0.0330 4.9823
-2.6592 6.2247
5.5014 -2.8118
-3.6992 4.1577
-8.0261 -2.8205
0.3299 -9.1917
-2.2382 5.8320
3.5090 7.3893
-1.0357 5.0420
-4.0968 -11.9091
6.2947 -0.7475
-1.6327 -3.2502
-1.9243 5.2355
6.8618 4.5850
4.4704 7.4489
-0.8077 -6.0522
-11.5471 6.2285
6.8972 -1.8768
7.5891 6.8232
1.1208 -1.9838
5.9529 8.1981
5.9691 6.1185
6.4632 5.3626
-0.1420 -0.1379
4.3764 -5.6636
6.1902 7.2991
-3.2402 6.8036
1.6504 6.8917
5.7781 -0.7832
6.1693 6.8249
6.1375 0.3580
-7.9615 1.9503
5.8472 6.5472
-2.7022 5.9747
2.3895 6.7002
-1.9364 3.6499
6.8247 -9.3354
3.7173 -15.0479
5.4165 6.0346
5.6999 6.6988
-4.4762 -6.4211
-6.4786 -8.4916
3.2500 8.1099
4.7742 -8.0827
6.4230 3.3727
-1.2488 -2.9831
7.7723 6.5763
-0.0912 7.1715
4.2222 6.7262
-8.3808 -6.0449
-0.9960 5.8807
-0.6724 4.3146
7.9351 0.4188
-7.2452 3.3840
-0.0153 3.5366
-1.3242 -2.4060
5.9465 -2.2887
-7.5699 4.9503
-11.3790 4.4549
6.5650 -6.2777
5.8976 6.8928
7.0713 6.9875
-5.2060 6.6013
-9.7360 -3.5879
-11.5211 -3.6239
-0.7159 -7.0824
-9.3208 6.5301
6.7201 -3.4736
-3.9868 5.4798
-2.4704 4.2197
6.5761 1.1009
5.1615 5.8816
6.0555 5.8795
-1.9715 6.5250
6.5366 -5.5985
6.1493 5.7293
5.9070 -0.5776
5.0440 6.9463
4.7606 6.2022
6.5046 7.5457
-2.8413 5.7087
3.1875 1.1717
-12.0639 -3.1072
-0.3884 1.2049
2.5638 6.4414
-2.0769 6.3456
-11.3625 -11.9550
5.2382 5.3382
5.6928 6.5543
6.2516 6.1312
3.9649 5.6457
5.8247 -5.5902
5.9942 -3.6092
-2.1513 6.4759
5.4176 -6.1299
6.4122 4.2668
-2.9665 5.2212
5.8080 -0.2062
-2.4101 -10.2579
7.1448 6.8556
6.5565 1.4015
5.4543 -6.2343
5.4816 -5.2216
7.3220 6.9394
6.0984 -8.2548
-2.0971 -2.5026
5.7345 0.5870
1.5863 7.0403
6.2806 6.5564
3.4788 5.9182
-7.5109 -1.5046
7.2408 6.3365
7.7143 -3.0605
6.2539 5.7303
6.3055 -1.0139
5.0631 0.0848
-11.3231 1.6676
-7.0532 5.9879
6.6061 -4.3454
-1.5509 8.0317
6.7581 -5.1787
6.0876 7.9240
1.5623 6.6778
-2.7589 5.6844
-1.7199 6.7124
7.5655 4.0316
-2.7712 7.4928
6.6897 6.1852
5.7278 5.8984
6.3134 8.6276
7.2664 1.1128
-5.3036 3.5134
5.6503 6.6126
3.7351 4.3635
5.8360 6.7276
6.6387 -1.0806
4.8183 7.1957
-9.9430 1.8652
-5.5329 -13.2160
-0.6415 5.2903
5.9834 6.0216
4.0591 -1.3557
-12.3904 7.2789
3.5344 -1.9253
5.1622 5.7923
-10.9836 -7.6697
5.7531 6.0387
4.2771 5.1092
6.6790 -2.9070
-7.5838 6.3836
7.0126 5.6170
2.9577 6.6667
7.1165 -3.3900
5.3047 5.4781
6.6226 6.1498
-3.8312 6.2204
7.9244 8.1645
5.9456 7.9457
-13.7437 -0.3451
5.6965 -4.1618
4.3212 0.4487
6.0363 -1.1310
3.3582 5.8109
7.1014 5.7701
-4.0496 5.5037
-4.0575 0.8008
3.8056 0.5173
6.1814 0.3095
7.3926 3.0984
4.8960 -2.0793
-4.1679 -0.4340
2.7765 6.2664
5.1492 -2.7027
-4.9999 6.2431
5.4130 6.7471
6.3885 4.2738
-7.1338 5.0427
-2.2226 -12.5962
-3.4672 -0.6328
5.8477 -1.5241
0.7955 0.3483
4.7846 7.8120
-3.2036 7.2700
-7.0396 -1.9113
7.0314 -3.0735
-14.3764 6.5397
-1.8136 5.2424
-8.8301 -9.9308
-11.4528 0.0820
6.3377 7.9506
5.0840 3.9645
-7.6847 7.1293
-0.4498 0.3818
-2.6763 6.9788
5.2776 -6.6714
4.1890 -3.8295
6.8040 5.5330
-1.6568 -2.5095
7.2336 -4.5168
4.3002 -2.9606
1.9677 6.6562
-7.6533 5.7734
-7.7298 4.8425
-2.4619 -9.0157
3.2514 -6.1799
-4.7281 -8.9117
6.1794 4.5836
-0.2638 6.1388
6.3214 -11.0112
-7.6958 -10.4599
-0.3140 -2.3531
-11.6861 6.9311
-0.5580 -2.8793
0.7556 6.5633
-0.7113 5.3616
6.7195 7.6561
7.1716 5.6355
7.2456 6.4629
3.9893 -7.6716
6.0924 -3.2192
-3.1404 2.2026
7.1861 6.1840
-10.9955 6.9324
5.5416 -3.6299
-2.9551 3.3753
6.7901 1.9181
6.8117 6.0079
4.9122 6.7943
4.3377 -2.2186
-12.8418 -3.9457
6.4787 6.1991
5.1688 7.4619
4.8658 6.7315
7.1738 -10.6097
6.2913 7.1655
-0.4227 4.9340
-2.7323 6.7732
7.5757 -1.4137
5.6117 6.2443
7.9597 0.1599
6.6209 -1.5547
5.2589 5.2262
0.5370 6.5639
0.4043 6.7420
6.9444 -0.9111
-8.1078 5.1364
-2.2278 5.5987
4.5188 5.6304
4.3381 -3.3286
4.3921 3.9637
5.8052 7.6861
-3.1052 4.1234
5.0562 6.3505
5.2676 -1.1501
-1.1518 3.7068
-6.0443 -0.4962
-4.2396 5.6734
4.3084 5.1423
7.7816 0.5163
-13.8032 5.9872
5.9868 5.2957
4.1949 5.6359
4.8316 6.9407
4.7840 -4.1403
5.4162 3.1606
-7.1567 -8.9839
7.8992 7.9631
-3.0234 7.2466
7.5766 6.5644
-13.1491 -7.6624
-3.7112 -1.4673
-13.5242 6.2416
-1.4252 5.6298
5.5384 3.8369
-4.7801 6.4050
6.5889 -1.5434
-0.0470 5.0128
-0.5692 -10.1095
5.9546 6.4035
-9.3666 -2.8730
6.3104 5.6254
5.5532 5.8464
3.0742 5.4754
5.9024 6.1471
-9.1667 7.3840
0.0421 7.6387
4.9574 8.3997
0.2357 -2.2598
-6.1882 -6.8750
-0.1925 6.0022
-9.6745 -4.4807
5.8893 3.9743
-10.0542 2.4527
4.9031 6.7779
-4.0017 6.4324
5.8843 4.7701
-0.7682 -12.4461
6.4532 5.5987
4.9109 -1.3832
6.4310 -7.0685
5.7958 -10.4928
7.4978 4.7370
-5.8226 5.3691
0.0727 -1.2650
3.9163 -9.6990
-3.3113 5.2276
7.8868 -2.2190
-9.9331 5.6198
-1.2879 4.5656
1.0489 6.4873
-0.9291 5.1565
-9.0478 3.1395
-0.7911 2.9172
-2.9815 6.5162
0.2007 -6.7607
5.1578 5.4637
0.3233 -3.5565
6.3346 -0.5311
2.5695 -3.6421
-12.0983 -3.7013
-5.4785 0.7009
7.0703 6.0792
6.1641 8.2729
-1.1766 0.8920
0.4004 6.3069
-3.1281 6.9961
6.0769 6.2944
-2.4158 5.0433
4.2029 -11.3668
-5.5765 -2.0721
3.1827 -2.0247
-2.6012 5.7940
-9.7986 3.4944
4.5020 6.4976
6.3466 4.6315
6.2492 7.7930
5.2585 6.9129
6.4002 6.5061
-1.2790 0.3395
-2.6641 7.5349
5.2423 5.6892
-2.0869 6.6184
6.7093 -2.5351
-1.8217 6.3533
8.5217 6.7971
3.8361 6.7585
0.3161 -13.0618
5.9661 6.0899
-13.6511 2.4296
7.8017 6.1733
4.6301 7.3131
6.9046 6.3223
-2.5088 3.7356
-1.2809 6.6246
5.2264 -0.8455
4.9000 -7.7052
6.2723 5.8778
-3.9185 -2.8635
1.9395 2.5920
0.6939 -0.7216
4.5259 -9.9506
-2.5098 -6.2346
0.1436 -9.4222
5.8158 4.9731
-1.2821 6.6317
3.3764 5.0259
6.4027 6.1940
6.2161 0.7795
5.6066 -5.3475
-0.5417 5.2084
6.0346 -3.9534
4.5473 -9.7741
0.5441 -6.6573
6.0384 5.3780
-1.8719 4.5117
5.8934 -0.7715
3.5396 5.0461
4.2667 -0.4037
7.3799 -6.6505
-10.9425 6.1634
-10.4438 6.4328
5.1536 -2.8037
7.3382 -1.9901
-2.7799 -12.4936
-2.9935 -2.9733
-0.0037 5.4370
4.5871 2.5773
7.4923 6.3216
3.1595 -9.1022
7.0980 5.0541
-4.6129 0.3171
2.8045 1.7386
6.8440 5.2428
-8.4851 4.6407
3.8202 6.9129
6.0395 6.1605
4.6814 6.3224
8.1356 6.5282
-4.3596 -2.8432
-8.4246 5.4656
-5.1688 -1.5985
7.3521 -6.5637
-6.5523 6.7796
1.7444 -2.9195
6.1583 -1.5568
-5.8511 6.8691
6.2053 -5.0604
5.8098 0.9206
-3.9754 5.9165
6.6952 4.2097
7.2561 5.8171
-0.9709 3.9520
-9.8365 5.3681
5.3381 5.6886
7.0758 5.2906
0.1936 -3.0554
-0.4901 -1.5206
7.7086 -7.6304
-4.8119 6.2421
6.0270 6.1402
6.5565 -1.6078
-4.2182 -11.6054
-3.1831 5.5499
6.0606 5.5276
-0.4260 5.5166
-1.5766 -13.8959
-2.7211 5.9063
5.5567 7.2053
5.8816 -0.4711
-3.0440 -3.9410
-7.6529 6.5038
-0.0711 -2.2071
-0.4874 4.2031
-3.2890 -3.0715
6.5390 -1.5005
3.3971 0.0846
5.3087 -6.4369
5.4336 -2.3290
5.8993 3.4871
3.4565 3.7521
7.4439 -4.1519
-1.8496 7.7222
1.2429 5.9987
-3.1296 -6.5245
-4.9066 -3.9281
5.6221 -3.6864
7.2734 6.1118
6.4162 -1.7680
-4.7533 7.1228
4.4989 5.0901
-5.2876 -0.8561
6.7753 -3.6148
-2.7087 -0.9898
6.6390 7.3580
6.4613 5.2342
-12.5656 5.7226
1.1873 2.0652
6.6868 -2.7698
-5.6724 6.1651
-2.2694 0.2587
6.5982 5.6098
5.9825 6.0594
5.7789 6.6380
5.4661 -10.5903
-0.5042 3.9298
6.6214 6.9248
-3.1246 4.1221
6.4885 -4.0778
-13.4675 3.9711
6.8129 5.4957
5.3677 -2.5392
6.6824 7.5357
-1.5559 -4.1655
-7.9090 -6.4669
4.4310 -12.2836
3.7247 8.6824
1.8747 -9.3262
6.7257 -8.0128
5.5544 -6.2861
5.1923 5.6600
3.0812 4.4310
6.7953 4.4685
0.2585 4.5197
5.0470 6.1708
7.3995 6.0771
7.3680 6.5222
-0.0452 7.0079
-1.4843 7.4338
-8.3975 -1.7997
6.2838 7.4407
7.0940 -0.7404
-2.7773 -1.1132
0.0533 6.7021
4.3855 5.5253
7.5398 6.5920
-2.3413 4.0459
2.5994 6.6638
6.1967 5.6720
5.5233 6.8256
7.1516 5.3288
7.2967 3.7674
-1.3155 7.7684
-2.8576 6.0389
6.9813 5.8350
6.5171 7.5808
-0.9675 -3.4671
-1.1133 3.0399
-1.1401 7.1596
6.8291 3.9702
6.1957 7.1848
-2.8338 -2.6505
-1.1802 7.3826
-0.1773 -9.0575
6.4481 7.3167
-4.4847 -6.2623
-6.2064 6.7553
7.3626 6.4723
-1.8996 2.3655
5.2840 8.3777
3.8444 -3.6894
7.1086 -6.1815
-8.7743 3.2831
5.3173 -8.5832
6.9367 5.8263
7.3523 -9.3796
-3.6726 6.4589
5.0141 6.0810
7.0526 -4.7218
-8.8695 7.0180
-11.3050 6.4667
7.8857 -14.9838
7.6535 -2.9058
5.3615 -9.8618
4.4816 -1.0008
6.3433 4.0368
6.2413 7.4781
8.4679 3.5112
6.3836 5.3181
-1.0280 4.8530
-4.1397 4.6992
5.9898 7.8248
6.0920 5.9966
6.1442 -10.9135
6.4279 5.8552
4.7772 -2.2884
5.3353 8.2763
6.0638 4.7746
3.6727 -0.1616
-4.3199 5.0802
4.8905 7.1473
6.3699 6.9563
6.1374 3.7981
4.1846 5.9675
6.4937 7.0076
-1.9526 0.6737
5.0311 5.2681
7.8772 6.7468
7.8198 5.5211
5.4586 4.9445
6.8377 -9.3652
4.5955 -2.0824
4.4610 6.2950
5.9545 -11.4161
-2.0480 1.1622
4.4010 4.6499
6.3378 6.5442
0.0864 6.1162
4.6601 5.3087
-0.0556 -2.6018
7.7974 -7.9538
-10.9477 0.6760
7.0392 7.3636
5.1445 -2.7313
6.2774 -1.2393
-1.8028 6.9526
-1.8475 6.4833
-9.1140 4.6609
-2.9127 6.8466
-12.2479 -4.4149
-1.0959 3.1065
0.5104 6.1717
6.3292 7.7443
7.4315 7.2885
5.9561 -7.3205
6.1957 7.3234
-5.4190 -0.9239
7.7020 5.6563
7.7416 4.2101
-9.9350 -0.3876
6.2040 5.5353
0.1589 6.5950
4.9266 5.6985
7.3384 -0.6091
-1.1317 -8.3067
5.3239 6.3957
0.4095 -1.2845
0.9976 4.6318
-1.2356 5.8414
5.6424 7.0244
7.7252 -0.0395
1.5571 6.5473
4.1736 4.0518
-2.5572 -2.2316
-7.4157 7.8323
6.4569 5.8039
5.0477 -9.2557
-6.1390 6.1353
6.6538 -13.9033
0.9361 7.3103
5.9756 6.7165
4.3782 4.8794
6.7654 6.1659
-6.0812 0.7564
-0.4725 6.5418
6.5650 4.4690
7.1009 6.8960
7.1474 -0.8855
-1.8455 0.8251
4.2087 -5.3809
3.9488 5.8323
4.2041 5.0078
-2.7636 5.4779
6.6573 4.1263
-2.7722 1.2173
0.0207 6.7866
-1.6250 5.0898
6.6404 -11.1276
5.7729 4.3150
-3.7240 6.3533
5.6947 5.9078
-2.7361 7.2761
-9.5793 1.9072
3.8103 -7.0543
7.2285 6.4964
6.1668 2.8883
4.1327 6.4398
-9.8890 0.3919
-1.4064 4.8958
-1.5753 -9.5915
-12.9001 4.2842
4.2638 6.8702
-12.4673 7.0893
6.2753 3.0400
-10.9596 3.5183
-6.0209 -3.0331
0.6042 5.3572
6.4128 -10.7128
4.5440 6.7393
6.9004 -2.9346
5.3093 6.2510
3.6772 7.2277
6.2482 7.4343
-2.1210 6.4076
-14.5833 7.1681
-9.1955 7.7373
3.9972 -2.9452
-2.1137 -2.6476
7.2438 6.9156
-2.6307 -2.8613
1.2518 -3.0247
5.3133 6.9190
7.6355 6.6900
-9.0318 6.7231
-4.1969 -2.5910
-1.6375 6.4758
5.9961 5.4199
6.8415 5.5023
6.3916 5.9621
5.8160 -3.2945
6.5396 -3.2428
-4.4809 -4.0714
6.5862 5.3910
6.7109 7.0976
6.6624 -3.6424
6.9261 5.0704
-2.2783 6.6286
7.4944 5.1228
4.8308 5.4011
5.2496 6.7729
7.4116 5.4877
-9.8656 6.3672
-3.4690 4.9646
4.8558 6.3835
0.4228 5.8925
-4.3252 5.8942
-2.0047 -12.2364
7.0973 0.0065
-2.9150 5.9267
7.4453 -8.2521
5.9646 -10.2628
6.9308 7.8463
-7.8481 -2.5112
0.8177 5.1716
6.3799 6.7707
7.1715 3.2742
1.0394 4.9339
0.9894 1.2817
0.2094 6.9275
2.0622 6.4861
3.9606 -6.3814
-3.9909 6.9663
-3.8040 -8.7717
0.8787 7.6696
0.6778 6.3832
-7.9563 -1.0971
-0.9498 -1.2432
6.7764 7.3861
6.5248 -1.8747
3.8461 3.2764
4.7539 5.8301
4.8566 -11.2904
6.5761 1.4883
7.0233 6.8225
7.0206 4.7116
-1.2108 6.5143
6.3296 6.6293
6.6782 6.5940
0.1252 0.2233
-0.1780 -0.3538
6.5141 6.4209
-2.4750 6.8976
0.1800 -12.5735
8.3910 5.1247
-1.6689 5.9508
7.3135 -2.8201
6.9554 -1.4573
3.4721 5.7633
-3.4630 4.2657
-4.1736 4.1873
5.9675 6.1552
7.6625 4.7210
-7.2783 -7.7544
7.6659 6.1746
7.3916 6.7390
6.3664 6.5073
5.6455 1.2561
4.5946 -7.4915
5.6436 -0.3965
-7.0410 -6.0430
6.7566 -2.2115
4.8303 7.1346
7.5718 -4.2655
-9.5644 4.8858
6.5654 6.1250
6.3723 0.9588
0.8955 5.7595
6.9133 5.0565
4.3693 7.2695
5.0761 5.9791
4.7080 -10.7465
6.5712 -1.0406
6.0039 7.1765
-5.1036 6.8556
6.2438 6.7954
4.5640 4.8649
1.8839 -2.7696
1.9219 -12.0066
-10.4543 5.3435
2.9931 6.2725
6.1555 6.2361
1.9175 0.4112
-1.1466 7.0214
-9.4400 0.5555
7.6058 5.5839
5.8147 5.5094
6.5646 -0.0068
1.4402 3.3495
4.8487 5.6995
-9.7601 7.3471
3.4558 6.8376
6.8185 7.0167
-3.0392 6.0686
3.9375 -12.6338
1.7182 -5.7242
6.9361 -2.6084
2.1845 4.0880
6.4498 5.6520
5.9324 6.0622
-8.6365 1.2400
-9.5916 -2.2875
7.4161 -7.0725
-4.7801 6.3656
-2.5350 7.0255
-12.4305 -2.1008
6.6204 6.2070
5.4928 -4.2101
-1.5277 -4.1799
4.8341 6.5662
4.1691 7.1761
3.9817 6.4194
7.2474 4.2821
3.1155 1.1108
2.1906 -1.5093
2.1524 4.3826
-0.0392 1.3058
1.4702 5.2053
2.1533 7.1106
0.8203 4.4233
-3.9841 8.2858
3.0357 2.6929
2.2152 -3.0736
8.6151 1.8201
5.1035 2.3078
-3.4848 2.0675
2.2379 3.5075
3.6041 -3.4345
7.9803 4.5997
2.5588 2.3228
2.2751 4.3704
-4.9079 5.9880
2.9502 -3.3334
3.1040 2.8519
4.7135 2.4355
1.9909 2.8443
2.1670 -4.8679
3.5071 3.3232
2.0127 2.0156
1.9942 2.9236
2.6790 3.2703
1.7064 1.4752
-4.1507 3.0643
2.9202 3.1483
1.6717 2.7773
1.9438 2.1563
-4.1617 -3.3593
2.5351 1.6679
2.4571 2.6657
-4.5954 -4.9938
9.0942 2.8317
1.5148 7.6662
7.8781 4.2836
2.2131 -4.0245
-5.3391 1.9906
1.5527 2.4585
5.2981 3.9078
1.8175 2.3749
2.1668 4.8867
3.1405 2.0874
2.3564 1.7660
-4.1239 -4.2721
-3.3722 2.1719
2.1321 -4.8149
-4.7012 2.3223
2.0147 2.1638
-3.6574 3.9233
-4.2919 1.9259
2.5114 2.6730
2.9182 4.0071
-4.7096 2.2209
-4.1313 -3.9412
0.3775 2.6370
3.6457 5.2924
2.8366 1.9596
3.3241 2.7830
-3.9361 4.4676
3.0484 3.2110
1.3733 2.0945
3.5075 3.8914
1.3847 4.3690
6.2693 -3.0038
0.2341 2.4650
-4.6482 2.3002
3.0022 -3.6062
-3.3971 3.9168
2.2797 3.2303
-2.8502 -3.8600
2.6278 3.5678
4.0092 2.2824
-2.9134 2.2116
1.4136 4.5869
2.1733 2.1908
2.8676 -3.6737
7.6186 1.9293
2.6282 2.3421
4.5484 -4.0670
3.1369 -3.6215
2.2831 4.3387
-3.8050 5.5003
-5.0647 1.8335
8.7038 -4.8345
2.8580 2.8086
-0.0391 3.5622
1.9846 1.9715
3.2457 1.7392
3.6490 -2.6070
-3.7934 3.4641
5.6025 3.0895
3.0915 3.2136
-4.9911 2.2952
-3.5752 3.4178
2.3969 -5.0705
2.5077 2.2853
2.3132 2.3168
-3.9969 1.6717
3.2539 3.2134
2.6306 2.7812
3.0630 2.2554
1.8554 2.7193
2.2140 2.8673
3.3208 2.4600
3.5476 3.0804
0.9635 3.0071
-3.3014 2.6783
-4.7213 2.2185
2.3579 2.1614
2.6404 2.2270
0.7433 2.0896
-4.4467 3.0861
1.9125 -3.4257
1.4000 3.2825
3.0802 -4.1382
2.6457 -2.9210
-4.7328 2.9285
0.8863 -4.8542
2.4280 1.6318
5.2567 3.9343
-3.0935 -4.4504
2.4248 8.8396
-4.3787 -2.5967
-0.8627 -4.1831
2.4857 3.8060
-4.0288 2.5640
3.9703 7.6945
-3.7528 1.0187
-3.5711 0.8818
2.7451 -2.6281
-4.0246 7.4141
2.9974 4.5366
2.0956 3.5082
2.4117 6.1587
-4.5883 1.7909
2.0975 3.4572
1.9234 5.1234
3.6130 3.6451
-4.9339 2.1114
3.4804 2.8047
2.3954 -5.3308
4.4412 2.5420
2.9846 -4.5679
2.9644 -4.5609
2.8627 -4.5211
-4.5883 1.7558
0.5275 2.9811
5.8977 0.9065
3.1936 3.8768
0.6115 5.0006
0.5633 2.4409
2.6016 6.8992
1.8571 2.8464
-0.0273 3.2001
2.2909 3.5259
2.8197 2.5276
-3.4734 -3.1136
3.1147 2.5129
7.6040 7.6441
-0.5149 4.1185
1.6027 2.5134
1.4851 -3.4637
2.6404 0.8165
6.8078 1.4250
0.8889 7.6796
-4.3497 2.2142
3.4474 -3.9365
-3.8681 2.5666
4.8568 3.4835
8.4674 3.7790
2.4767 0.1677
2.5310 3.8127
2.9064 3.0126
8.0467 1.1875
3.0344 3.9508
3.7270 0.9560
5.3162 2.6263
3.1958 2.1672
3.4819 7.7638
3.1248 1.8189
-3.9151 3.4158
2.6317 3.0002
2.6318 8.2257
4.7371 2.3006
-5.0990 5.3057
-3.7064 -4.3766
-0.6098 4.0416
-4.1937 2.3586
2.2284 2.2781
3.2863 -4.3647
4.5435 -3.7138
1.8615 -3.3236
2.9514 0.7596
2.5094 -5.0049
2.4145 3.1362
3.9097 8.9493
2.7260 3.4948
8.2219 2.8662
1.3341 1.3433
-4.3353 2.4872
2.3012 2.6888
2.8044 -3.5554
5.8457 2.0988
-3.4093 2.8237
2.0652 2.3071
2.3415 3.1819
2.5369 4.8291
-2.8402 4.5132
1.9883 -3.7553
-3.3398 3.1295
1.7936 2.5262
-3.3019 4.4747
-4.7888 4.8495
3.0346 0.7261
2.7058 2.4578
1.7239 -3.7698
-4.8374 3.1586
2.3105 3.8465
2.9987 3.5776
0.9030 2.8272
-4.5096 5.4519
-4.0279 -3.8242
4.7003 2.4127
2.8133 2.3160
7.8909 2.5538
2.0408 2.8144
1.5562 2.3586
3.5394 2.8067
3.4900 2.9345
1.9338 -3.7930
-4.6539 2.5357
3.3439 4.3612
2.1903 -4.1764
2.0894 2.5239
-4.5617 0.9078
1.5366 3.8165
7.4099 2.1474
1.9855 -4.5148
1.8484 2.4209
2.8494 2.7806
-5.4631 -3.0518
-3.5408 -5.2344
2.8732 -4.2272
4.8160 -3.8667
2.6441 1.6560
3.0601 2.0143
1.1987 4.5894
3.2794 4.6606
2.1701 1.5051
-3.9489 1.1635
-4.6379 3.3491
1.9990 3.7823
2.7762 2.2248
2.5589 2.5943
1.4099 2.5952
2.5011 1.3642
1.2902 6.5422
2.8920 -3.4815
2.0600 2.2545
3.7480 -3.6628
-3.6724 -4.3319
3.8354 2.6844
-4.1558 -4.6225
2.8621 2.5728
4.5334 3.6355
6.0182 2.3158
3.9199 3.5194
1.8662 2.1465
2.3170 4.4402
3.6166 0.6607
-4.5143 9.0114
2.0447 -3.7783
2.6764 0.7015
1.8675 -3.7228
-5.1668 -5.5055
-3.3404 2.9492
-4.5208 8.9523
2.0603 -4.2314
1.9783 2.3173
2.9493 2.9193
2.0545 2.3156
-3.1826 1.7125
2.2656 -5.2505
2.0453 3.3458
3.1646 -4.5906
2.8693 -4.3287
6.0729 2.3814
3.9108 2.8366
0.2318 1.3256
-4.0835 0.9881
-4.3007 -4.9170
-3.3177 2.4432
2.1549 6.4647
6.9732 2.2355
5.9738 2.1717
-3.7820 2.7010
2.7394 -3.0230
1.3484 0.6487
2.4523 2.4333
2.6816 1.1664
2.4177 2.8962
2.1222 6.8717
5.3850 -4.6163
-3.1414 3.3065
1.8918 3.7095
2.4330 1.6744
2.0751 5.1634
2.5858 3.8192
2.4497 2.5373
3.0270 7.9240
-4.0809 3.8284
-4.8249 2.8248
-2.9570 2.2547
0.6114 0.5576
-5.2773 2.6546
2.4805 5.3501
4.5500 -4.1242
2.6032 3.2950
-2.9393 1.9338
2.1117 -2.8200
0.0886 3.1432
1.6598 2.0694
-3.7163 1.6081
-3.4150 1.7717
2.0192 2.7465
-3.9031 4.2436
3.0420 4.6956
-3.9070 6.7863
2.0930 4.7081
3.4847 2.3629
-2.8920 4.7458
2.1962 1.7957
2.9895 2.0715
1.9047 3.2335
9.4767 5.2523
1.7754 2.5834
3.2551 3.1940
2.7359 2.8507
2.9316 -3.8508
-4.1213 3.6958
3.1247 3.1994
3.2099 -4.4102
-4.1644 -4.4723
2.5158 2.6504
2.9184 4.4874
2.5887 8.1290
2.2927 -0.3444
8.6093 -3.5969
2.9872 4.2918
3.3561 3.1335
2.0895 1.8109
-3.9938 3.3011
1.8500 2.8022
5.3409 2.2858
8.8071 -2.7456
-4.3646 7.4990
2.6455 6.4230
-4.9458 -4.1706
-4.1084 2.1887
3.4090 1.6523
-4.1244 4.8845
8.4127 -4.8753
3.7148 6.4690
0.7378 4.1016
2.8422 -5.2081
2.6599 2.1231
2.1610 2.3917
5.3040 3.0331
5.3003 -4.0279
2.6008 2.6548
3.0505 6.0582
-4.3392 3.0845
3.3859 4.4102
0.3747 2.1918
-3.6468 -4.8715
2.5649 1.1141
1.8883 2.6470
1.8606 0.4251
0.8925 2.0671
3.1679 2.7096
-3.9049 -4.0054
-3.9216 4.1340
5.1996 2.5615
2.1700 1.5994
6.2553 1.8825
-3.5283 8.3387
2.5313 2.7384
-4.2903 -3.1460
2.4294 3.7088
2.6004 5.5017
2.5926 2.0879
0.7870 2.1016
3.0296 -0.0488
4.2427 -4.2534
0.4276 2.4374
1.7635 6.0666
8.2787 -4.9528
8.5432 1.6970
2.4951 -3.4199
2.1037 2.9725
2.1772 2.1638
2.9471 -2.8371
-3.8787 4.5886
2.0965 1.3176
-3.8354 3.0448
-3.5287 -4.3514
2.9064 1.6640
-4.4713 7.8234
3.9985 1.3581
-0.6709 3.5008
2.0065 1.9303
4.3637 3.3096
2.1516 1.2968
-3.9418 2.4841
-5.7612 4.3000
3.8638 2.1033
7.4904 -5.0513
-4.3153 -3.6647
2.7962 2.1687
8.4856 -3.6285
-2.7554 -0.2848
2.3546 -5.1484
3.0868 0.1585
2.2937 -3.7018
-4.3207 2.7440
1.9382 3.9861
1.7524 -4.6320
3.1624 2.4509
-5.2293 4.8429
8.0804 2.2549
1.7095 3.1044
-4.5072 2.8433
0.9936 3.0365
1.8586 2.9392
2.6174 2.6894
2.0445 1.6304
-3.3569 -4.7862
1.9336 5.3004
3.5854 2.9911
4.1768 4.8812
2.8744 3.4092
3.2047 3.3379
8.8963 3.6765
2.0541 -3.0727
2.8494 2.0084
2.6679 -4.7742
2.5730 1.0160
0.4724 2.4849
-3.9852 3.7312
1.9321 2.8167
8.7295 2.2125
2.4372 -4.0493
3.2379 2.8689
9.2393 3.1795
2.7774 2.0981
1.6924 2.7305
2.5220 1.2984
4.1841 2.7890
2.9696 2.4591
1.7365 2.4010
2.7211 2.5984
3.8230 -3.5854
2.0926 2.0896
2.7955 4.4784
3.0913 2.0530
3.4483 2.1219
0.8801 4.9691
2.8222 3.9606
-3.6850 -0.4509
4.1371 2.5760
3.2922 3.1136
4.3198 2.9267
3.0402 3.3294
-5.3369 1.5477
2.8233 3.0382
2.6229 7.7629
4.5815 -3.9590
6.7818 -3.9973
2.3666 2.4560
-0.4842 7.4622
4.1399 2.7683
-4.8363 7.7560
8.8855 2.7618
-5.2442 2.4670
8.7552 2.7252
-4.0646 2.7496
-3.9588 2.5099
2.4811 2.8249
2.7313 2.7010
-3.2700 2.6264
2.4748 2.6260
2.2403 -2.8658
3.1794 3.1086
2.0814 2.1150
-4.3401 2.1703
2.4378 1.6439
4.6108 3.8840
2.9937 -4.1296
-3.7763 4.6017
5.4643 2.0003
3.2310 2.5517
-3.6098 2.8573
2.7069 2.6104
4.4455 2.9701
2.3067 1.2949
3.3716 4.0594
2.3501 -4.4401
6.4596 2.8897
2.0482 2.9704
1.6372 3.2799
2.2128 3.1934
2.2252 -3.5640
1.6273 -1.0414
-4.4927 2.2799
3.6265 3.1920
2.2319 3.0230
1.7874 -3.2396
-4.5904 2.2136
-4.7057 2.7536
-3.7998 8.5933
2.5861 2.3540
2.9014 2.4149
2.4166 3.5059
2.0279 0.8815
2.7212 2.6221
2.9768 2.7220
2.8647 2.7124
-3.7883 -4.4994
2.8513 2.8265
2.0028 -4.0762
2.0446 2.8256
-3.6073 -3.0826
2.1566 2.3765
2.3741 3.1832
2.6890 2.8647
1.2844 2.1749
3.2857 3.1632
2.6222 1.9786
0.9980 2.4883
2.4770 4.3171
1.6870 2.1605
2.3045 1.8572
2.1150 2.8496
3.4459 2.4964
3.1574 3.7800
3.6510 -4.3292
2.6218 -4.4238
1.6219 5.8560
-3.5533 4.1575
2.5305 4.5391
-4.5046 2.6375
-4.2565 3.6103
2.8586 0.4844
1.6578 0.5572
-4.0932 2.5692
3.0848 3.2655
-5.6223 4.5915
1.9931 3.9113
2.6683 -0.9858
2.5419 4.0817
2.4761 2.2199
-3.2835 2.0667
1.6727 5.2657
3.4420 3.0984
4.4951 3.5737
1.0667 4.1036
3.4739 -4.2290
3.0134 -3.7414
-3.6199 3.2782
2.8516 4.2618
2.4626 2.7695
2.7762 2.4102
2.1553 2.1635
-4.5868 2.3657
2.8108 -5.9443
1.8530 1.2661
3.0564 2.6974
2.0722 1.9897
4.0783 -3.5765
-3.8969 2.9071
2.5012 3.3295
1.4029 2.7400
3.6698 4.3314
4.1997 2.1155
2.9238 3.1730
1.9313 8.3129
2.4776 2.4756
-4.6027 -3.4004
3.3816 4.5419
3.5255 -0.0784
-2.0518 2.3668
-3.5202 2.6165
4.9999 3.5697
2.7096 1.8465
2.8462 -4.1595
2.9076 2.5747
8.0007 -4.2172
-4.3237 1.2080
-3.6228 5.9653
2.2927 2.7156
2.3218 4.2214
1.5834 2.0441
2.8368 3.2871
4.4327 2.7486
-3.1478 3.9097
2.9750 1.7725
2.2734 -3.7544
2.4182 5.4630
3.9321 1.9795
-3.7820 5.7806
-3.8441 2.2370
-4.7371 -0.7261
2.1738 -3.4064
-3.8069 1.8731
2.5353 3.7670
3.8935 2.5119
2.9215 1.3291
3.4502 3.5276
3.8056 1.8982
3.6020 2.3874
3.7827 2.0644
2.0116 2.4955
4.7472 4.0401
1.5349 -4.1707
1.1467 2.0368
-4.3863 2.6619
-4.3465 -4.4017
-4.4997 0.4563
1.9234 -4.0532
1.3925 5.1893
2.9425 4.8453
-4.0335 2.7690
1.9635 2.3285
2.3339 2.8462
2.4940 2.5729
-4.6394 2.6842
2.8660 2.2151
2.4174 2.4303
2.5635 1.9695
1.7244 2.8057
3.4060 -4.5130
-3.1633 -4.3415
3.3454 2.2715
2.9938 2.2467
2.8138 3.1522
3.2539 2.3080
1.3645 1.8636
3.5419 -4.7927
2.1385 2.3124
3.6985 5.3185
3.1583 -4.4180
-3.7717 4.7788
2.9668 3.5040
-3.5175 2.2351
-3.9788 2.4951
-4.7471 2.0599
3.1070 3.2973
-3.8573 7.9945
3.0167 -3.9327
-4.0491 -4.5141
2.5547 -5.1362
4.9507 2.5155
1.8730 -4.6029
2.8085 2.4705
-4.2068 -4.6647
-5.4658 1.1896
2.4533 2.9818
2.1842 5.0567
2.5640 2.1629
2.8165 -4.7361
2.9156 2.4043
2.6852 2.9059
2.0751 -4.2077
2.6956 -3.8108
-3.4038 0.3079
-4.6722 -4.3756
2.3271 7.9302
3.7244 3.4105
1.6692 3.7301
1.9824 2.6867
3.5311 -3.8341
-4.3589 1.8978
2.5376 2.3531
2.0570 2.8956
4.7229 3.4809
2.3242 -5.0427
-5.0602 3.7152
2.9647 2.8077
5.2197 2.5199
1.8896 -3.8468
-0.5753 3.3371
2.8407 2.3215
2.7012 2.0691
0.9333 3.1446
2.5676 -3.5641
5.6816 -3.2849
6.9999 -0.4046
2.6691 7.9451
3.2018 3.1736
-3.5835 2.5231
2.5931 -3.4563
3.5616 -3.7172
3.8348 -3.6430
0.4102 -4.7619
2.5948 2.4925
3.7600 -4.0005
2.3588 -0.0653
3.5904 2.4185
2.0662 2.5956
2.7789 3.3529
2.1596 1.9294
1.9174 2.2394
-3.1073 2.1817
3.1121 1.2399
2.0861 2.0141
-4.8627 2.6094
2.4355 3.4650
-3.9432 4.2229
0.0225 2.1843
2.6484 1.2009
1.7337 2.7777
1.7092 3.6471
2.7515 2.7925
2.2892 3.2641
2.1909 3.0437
-4.2349 4.5755
0.5153 -1.8135
2.9577 2.5274
4.6660 4.0545
3.9302 3.0597
5.5740 -5.1372
2.5436 2.3823
2.7456 7.7763
0.6769 2.4867
1.9606 2.6262
1.3882 2.3753
1.6748 8.2545
-4.2698 -3.9837
3.1963 2.4054
-0.9109 -0.3197
1.7852 2.3602
4.3508 2.2348
1.2937 -3.8681
3.0125 2.3242
-4.6227 1.3173
3.7607 1.0857
1.9431 3.7357
-3.9548 3.5753
3.8808 -3.0473
1.9746 3.1067
2.5161 1.0198
8.8328 2.3945
2.9460 -4.0422
2.7261 3.3924
2.5352 -4.6031
-3.8257 3.6270
2.6349 2.0276
1.8353 2.9644
2.9575 -2.8255
1.2951 2.1948
1.6255 2.7254
2.0108 1.6347
2.4927 1.7285
0.2909 3.3247
3.0463 8.3817
1.9581 5.3487
0.8819 2.8779
2.2687 5.7113
5.2283 8.5584
2.4289 3.3419
3.7307 2.6502
1.8151 2.9153
-4.7423 2.6792
-4.8899 2.0320
-3.6703 2.4413
1.9861 2.9793
2.4150 2.4688
2.5858 8.2781
2.5432 8.3945
-3.4016 4.7396
-0.3388 4.8227
0.7816 4.0051
4.7505 2.0160
1.8338 2.3215
-4.2807 3.8283
1.9253 1.8704
2.2419 3.9806
2.1448 -2.8922
3.9545 2.5704
2.8153 3.5054
2.1423 -5.8768
7.1349 2.4297
3.0549 2.6816
2.5079 2.9808
2.6383 1.8274
-4.1642 -4.1004
2.3516 -3.8005
-2.9279 2.1419
2.5835 2.6750
6.1239 3.0846
-5.0359 -4.3811
4.1537 -4.2333
0.5564 2.3066
-3.4478 2.0535
0.9127 3.1161
-4.0647 2.4224
3.4863 1.2442
3.5526 2.6493
2.9425 3.0819
3.9460 4.8111
2.0546 1.1958
4.9396 2.6586
8.4599 -4.4097
1.5889 3.5697
2.6556 3.1357
6.5311 3.7598
1.7488 -2.1390
1.6514 -4.7063
1.7765 2.1576
2.7053 3.1478
-5.1468 2.3844
2.4543 2.0173
2.9505 2.0993
3.0408 8.5704
2.7084 3.1568
8.4879 2.9878
-0.6024 5.3337
3.3579 2.0878
2.1187 6.2392
1.8870 2.1408
1.8548 -4.1431
1.3267 4.0599
-4.5522 -3.9190
3.0754 2.1734
3.7666 4.2515
7.3731 2.3720
2.6887 2.2158
2.2424 -1.6140
2.8597 2.8130
-1.4529 2.0346
-3.0863 -3.6179
1.9388 1.7995
2.4849 0.0143
5.0908 2.2128
0.1093 2.5466
3.7406 0.8550
2.7937 2.7852
3.9089 -3.2937
3.7867 5.0759
-0.6694 2.8952
-4.0882 -3.6105
2.6221 2.5250
0.7598 2.1930
-4.6697 2.0359
2.4438 3.1166
0.9688 1.9805
2.4581 2.9587
2.0364 -3.8973
-4.0336 -4.1745
4.5687 -4.2605
-5.2496 2.5589
2.7988 2.6342
5.2093 8.0684
4.6854 3.9176
-3.2995 3.8463
2.8781 4.3738
-0.0800 -5.4029
2.5716 2.2115
-2.9550 3.2627
4.5657 -3.9079
5.2858 2.8073
3.1734 3.4034
1.8431 3.6476
8.1309 1.9036
3.6331 1.9101
-2.6643 2.1290
1.4943 5.2329
0.1774 3.3414
-0.2982 1.6947
0.1794 2.8667
2.3430 7.1839
3.6536 2.8397
-5.1097 3.6603
7.7067 0.3638
-4.1886 -4.0433
-4.6581 2.5270
2.5057 2.9641
3.1953 -3.9579
2.6921 -0.2738
-4.0611 1.8693
-3.0544 3.5388
1.8062 2.1688
-4.6749 2.9525
1.6873 3.2620
-4.4984 -4.1689
0.9870 0.2876
2.7901 2.3504
1.3279 1.4255
4.1341 2.5562
-3.6955 2.3323
1.9461 1.8016
-3.4104 2.7749
-4.6969 2.8157
0.2341 2.3499
-4.1968 1.9342
1.5115 3.7373
-5.5907 -3.6183
2.7630 2.7445
2.3932 -3.7779
1.1038 5.9100
5.3161 1.6986
0.6842 2.7459
8.2249 3.5944
2.9162 2.2051
2.1905 2.2529
-2.9043 -4.3608
3.0413 2.0273
-3.5745 2.6027
2.8530 4.4100
-0.1911 4.3035
3.1685 2.5547
2.7201 2.1336
2.4693 1.5773
2.1972 4.1716
2.7778 0.2886
-4.0221 2.2207
7.4490 1.7717
1.9397 3.3610
-3.6016 3.4110
-4.5870 1.6028
-4.5409 3.0567
3.6677 3.7982
3.5129 -4.0421
2.0110 0.4898
0.1869 3.4967
2.7027 1.8970
-3.7835 4.9881
2.4938 -4.2472
-4.2052 2.5770
2.6335 0.9900
-4.7271 2.1466
-4.9645 3.0452
-4.1479 1.2840
-3.7901 -4.4269
0.1538 1.6694
-5.1395 3.0751
-4.5959 2.3904
3.4610 2.2630
-4.9488 2.8130
2.2384 2.5720
3.1439 7.5317
1.6546 3.6750
2.7807 4.9001
2.6097 2.1085
1.3899 4.8434
2.8502 1.9769
2.5527 1.4537
1.7973 8.5001
5.6934 3.5741
-3.6375 5.7682
-2.7992 2.7057
2.8119 3.8995
2.7196 7.5285
2.0464 2.5683
-3.8285 0.3237
2.7032 5.1344
-5.5948 -2.3730
-2.8245 2.5256
-3.8288 2.4114
3.0534 3.9195
2.9243 1.4652
5.5853 -3.7695
2.2367 -4.4596
-5.2137 -4.0962
7.9845 8.4136
2.6186 4.2641
1.5204 0.8317
3.7346 0.1677
2.7230 2.4547
2.4419 -3.7526
2.3224 2.4022
3.8697 -4.7787
2.2163 2.9068
-5.9389 3.0110
1.4130 2.3623
2.1131 2.1333
9.0925 3.1939
1.1852 4.5155
4.8878 2.0062
-3.9943 -3.9956
2.3033 2.6864
1.4279 -1.1815
3.5817 2.3132
-4.8356 3.5975
3.0229 3.5798
3.0777 8.2259
2.9109 -4.2025
-4.5813 -0.3864
2.1885 1.6178
2.4230 1.9720
3.6996 3.2660
2.0505 3.9397
-1.3971 0.1726
5.1512 2.6358
-3.6458 5.9221
-3.3674 4.1070
-4.2352 4.7687
2.6140 2.1163
1.5580 -3.7054
-4.1387 6.3971
-3.8341 -3.3461
4.7518 -4.1786
2.6315 0.3929
4.1927 2.0344
1.9735 7.4349
1.1650 1.5676
-4.5645 2.4399
8.4422 2.2512
4.5471 5.1586
3.5421 1.7616
8.0582 2.4980
-3.0624 -4.3513
-4.9059 -4.5645
-3.1511 3.0184
2.9614 3.9218
-4.3667 3.0036
2.1345 4.3614
2.8365 -4.7877
2.0999 7.8652
1.8332 1.9913
3.2893 1.9026
2.4272 3.0308
2.3381 0.6915
2.4609 2.4137
1.6279 -3.6566
8.3716 3.7452
2.8806 2.2894
3.7286 -4.9442
3.2894 1.0537
2.6643 4.0464
2.9011 8.1403
8.0988 2.6073
-3.4270 0.6976
1.2043 -4.3078
-3.6354 2.7034
2.3645 -3.9889
-4.7959 2.7254
3.1837 3.3747
4.7024 1.6646
5.1911 1.3413
2.1980 -2.8382
1.7606 9.1915
8.2799 -3.9642
-3.5334 2.5552
5.9473 -4.9554
2.3319 -4.6430
2.1806 2.0159
7.1098 3.6633
2.3767 2.0123
2.6422 3.4868
2.2690 1.2193
2.4684 -3.4031
-3.9178 -3.0881
1.6700 2.3416
2.4562 1.3362
7.2819 2.5843
2.9482 3.7186
-3.9344 3.0882
-4.7372 2.5014
-3.8524 2.5363
3.3532 2.6160
-4.4761 2.9499
2.6869 5.8376
5.1020 -3.6983
7.2829 1.8737
1.5479 -3.4879
2.9535 2.8211
2.7656 2.6316
2.5555 1.9232
1.4704 -6.0039
-3.1315 2.5610
1.8230 2.1920
2.3826 -4.2070
-5.4049 3.1492
3.2537 3.4232
-0.3643 -4.3126
3.0181 2.2558
-4.2112 -4.6372
1.6559 2.2829
1.5535 -2.2595
1.7679 1.8297
-1.1572 3.7982
7.3603 3.3560
4.5712 7.4101
2.4672 2.2959
2.3892 7.6431
2.0254 -2.8778
4.8255 3.4379
2.9622 3.1800
-3.9530 2.3619
2.0934 2.6362
3.2931 -0.3477
2.2257 8.0082
1.9620 7.6259
2.3803 2.2588
1.6952 -2.4901
5.6163 -4.6347
-0.8308 8.0620
-3.1779 2.2768
2.1305 1.9657
2.3906 8.2595
2.6352 3.1410
-2.5558 -3.4365
-3.3763 2.3816
2.3941 4.8010
2.4958 2.1727
7.4312 1.7421
1.9580 8.0408
-4.4359 4.2567
0.9936 1.6544
-3.9324 1.7677
8.2197 2.2672
1.4782 2.2238
2.4752 2.3004
-0.2172 2.9028
-4.4548 -3.9754
2.9331 2.5097
1.4033 3.2047
4.1114 -3.8377
7.4652 5.1573
2.4938 2.6882
-4.1848 5.9564
-4.2655 -4.4083
2.4217 3.2263
5.5558 8.3581
2.5857 2.2395
3.1209 1.5865
4.4358 1.1364
-4.2477 2.4802
3.8538 2.9315
2.1309 4.3331
2.1088 4.1550
2.6830 3.3041
3.1972 4.9043
1.8194 2.2801
3.1932 -3.0323
-4.4098 5.4806
2.4122 2.6098
3.7757 2.7690
-3.1163 2.2162
3.1164 -5.3024
1.5727 2.3845
2.8608 6.2150
5.3930 2.5505
-0.1029 -3.7689
3.1497 -3.7545
7.8766 3.4349
1.9972 5.8971
5.1094 -0.1338
-3.1879 1.9986
2.1716 4.4878
3.1723 6.6918
2.1930 3.3344
1.9616 -4.8695
4.4289 2.1751
3.0991 1.7169
-4.4316 2.6411
-4.8429 -4.7453
-4.4479 -4.1726
2.6148 3.2537
-4.6741 2.7639
2.4933 2.0143
-2.6442 -2.7826
2.5085 2.9600
2.1047 2.0106
-5.1560 4.9631
-4.5904 3.2194
-4.3427 1.9899
3.9655 2.9766
-3.9512 -3.7848
-5.0901 -4.9848
-3.3592 3.4411
3.2450 2.1381
1.5472 -0.1800
3.6445 3.0747
1.6857 2.4019
2.6914 -3.6146
4.0095 0.4436
4.8064 3.0448
5.7256 2.6079
7.8046 5.2870
-3.9466 2.0732
2.0894 3.0326
1.7330 2.3117
0.7919 4.0926
2.8668 1.9482
-4.0456 2.9506
4.3344 2.4002
5.5353 2.1707
-4.4242 1.9557
2.4151 2.4787
2.7884 2.4078
1.8262 2.9462
1.9584 3.3083
2.6282 2.3270
-4.4680 3.2015
4.7672 0.3640
3.0052 6.4980
-4.8234 -5.6271
3.5806 2.4118
3.5325 -3.7949
-4.5152 -4.9256
-3.4023 -3.7030
3.9360 1.9648
3.5458 4.2721
1.7971 4.0088
4.9291 2.8929
1.9656 1.6311
4.1995 -4.0270
1.8841 3.7496
2.7192 2.9442
-1.1923 2.5629
2.1016 -3.9650
2.2149 3.3719
0.8838 3.4009
2.8529 2.9866
2.3673 3.1483
2.3060 2.3466
3.4173 4.8994
-4.3697 2.7706
-3.6494 0.4119
3.1079 7.4203
2.6300 6.2803
2.2048 3.0867
3.0733 2.5589
2.3833 5.3102
2.4005 4.9529
2.9848 1.1343
0.4712 -4.4445
8.6730 5.4008
3.3521 3.2785
0.1955 4.2290
-4.5075 -5.0066
-2.8842 4.4294
-3.5069 2.3331
2.2581 3.1708
3.1449 2.5415
-4.1782 -3.9938
4.6170 2.0847
3.2343 -3.3484
2.5644 3.9960
5.7029 -4.2979
-3.1436 3.3431
1.8735 2.0148
3.5750 1.7245
0.8880 -4.7474
2.3469 1.6102
2.3881 5.9933
3.1920 2.7419
1.6854 -4.8734
2.2155 1.4368
4.8011 3.3960
6.4891 3.6896
1.9765 7.8364
-4.2751 2.4996
-4.1580 5.0886
2.7049 6.8397
4.6090 -3.6049
1.2530 -3.9019
1.9073 4.8928
-5.9774 3.7442
2.9465 2.8263
4.4243 2.3817
2.3357 2.7846
2.6936 3.1612
2.4635 2.5979
3.4779 -4.3812
4.8584 1.7299
1.9141 2.2372
-4.7804 -5.6700
5.6837 6.7542
3.2710 3.5357
2.7898 2.9343
2.9320 1.6483
1.5029 2.6327
1.7171 -4.6133
1.5981 -3.0336
3.3399 -3.6346
1.6451 3.8490
2.5870 2.5981
2.6906 2.1600
-4.1942 -4.2437
-3.1346 2.1862
2.8128 4.2463
1.4995 7.9900
2.0351 4.4694
-5.4020 1.8403
5.2091 7.7275
2.7714 3.3153
-3.6653 -3.8904
-4.9132 -3.5318
2.5244 2.4254
-4.4142 2.8566
3.0530 2.2712
2.6578 2.4492
8.1491 2.7708
2.6419 2.7546
-3.4186 -5.1084
-4.0995 2.5914
-3.3985 2.3221
3.8507 3.0885
2.6424 3.1087
-1.3881 3.0445
4.1621 4.4302
0.4237 4.2364
-4.2435 3.2239
-3.9109 2.8075
0.5574 6.7994
1.8777 -3.8300
2.3972 2.7409
1.9468 3.3564
2.4040 2.6588
0.9942 2.5283
2.4104 1.1396
-4.4157 2.2635
-2.7886 2.5038
-3.0772 1.6392
-4.2432 2.2323
2.2037 2.5760
-4.1179 3.4549
-3.6580 4.5502
3.3358 2.8449
-2.5249 2.6626
2.1883 3.3118
2.2866 3.1040
2.3165 0.2803
3.2859 1.6956
-4.2095 5.0600
3.8077 -3.1140
8.5033 4.7981
8.4250 -3.4202
2.7333 3.4134
2.2982 3.0450
7.4868 3.0152
2.9803 -4.6595
3.8378 2.8731
1.2635 0.7614
1.6691 -3.7061
3.0327 1.5681
4.5401 1.5506
4.8327 2.8985
2.6401 1.2123
-4.1705 2.0620
-4.1271 1.2735
8.8634 3.7974
7.4839 1.8028
1.3378 1.8752
2.9723 -4.4089
-4.1219 2.9428
-2.8110 1.0904
2.9908 3.1738
2.7703 -4.3000
2.1719 2.5579
1.9518 4.0559
1.2140 -1.3581
5.1578 -4.6836
2.3491 5.5306
5.5067 4.8265
-3.7411 1.8221
3.1706 3.5467
3.5177 1.5655
7.6757 2.8049
1.9205 2.4993
2.4850 2.5969
5.0550 -4.3977
-4.1437 3.7254
2.5067 3.2694
-4.3538 -0.3767
1.0794 2.9306
4.0972 3.3993
4.2733 3.3994
-4.9800 0.4029
2.0532 3.5101
1.4767 1.8183
3.7863 2.7099
-3.5857 0.6691
-3.0126 1.6269
5.4737 2.8868
2.2326 1.9513
2.8931 -4.2490
1.0104 2.3355
6.1492 1.5491
2.1973 1.9784
2.3656 1.7836
-4.7669 2.0213
-4.3364 2.5128
2.0935 -3.7490
5.0624 2.8354
2.5249 7.0036
-4.4218 3.4776
0.7915 4.1483
1.9848 1.2454
0.4257 2.7612
2.5581 2.8666
-4.5724 -3.2394
-4.8522 2.8640
2.1316 -4.6648
2.4780 3.8380
3.0953 1.4814
2.0738 2.2879
7.3969 2.4396
2.7527 3.3175
-5.9265 -5.3739
-4.9580 -5.0029
2.7329 2.7338
1.9547 2.9056
1.8712 0.7716
-3.9865 3.1086
2.0285 7.7058
-2.3175 2.9328
-4.5712 3.3091
-0.2212 0.6415
4.8859 2.5883
6.4167 -3.0032
2.8850 0.8441
3.0173 4.9681
2.9675 0.9088
4.0305 -3.8581
6.0652 2.3844
3.6347 1.7695
-2.9676 2.4158
5.7680 -2.9066
4.0850 -5.0832
4.2720 0.8335
-4.3984 -3.2971
-4.1157 4.5023
-3.6771 2.0125
5.0651 7.4946
2.8518 -4.0529
2.2428 -4.2419
1.1791 2.3716
2.2944 -1.1201
4.3366 1.8415
3.8038 1.3257
2.6244 -0.4059
2.2019 3.2035
2.1734 2.2908
-3.8107 2.2711
1.9307 -3.2226
0.4152 2.1874
-4.8679 1.8086
-3.6869 2.9565
5.8623 -3.9136
-2.7129 -4.6129
3.1051 2.3242
2.8120 6.8736
2.0915 1.7876
2.6985 2.7842
2.6665 2.5728
-4.6350 -3.9437
2.1493 -4.6039
2.0564 3.1061
-3.7562 7.2559
2.2029 1.4599
3.5264 2.4423
2.3689 4.4268
1.8958 2.3727
-3.4493 2.4779
2.6413 -3.3117
1.6433 -3.1435
1.9374 2.7572
6.2650 4.4757
2.7648 2.4534
-1.5980 5.1595
-4.7864 2.1829
3.5568 2.2319
0.3545 6.1146
2.1619 -3.2761
-4.0783 -4.0838
1.9724 2.0082
4.7003 -3.3421
2.2753 2.4647
4.2513 -0.1364
4.5998 -3.7936
2.5927 8.6957
2.3451 2.7078
-5.5204 3.9872
-3.0577 1.9336
1.6239 -0.4237
8.5910 4.8413
-4.6802 1.9496
2.6593 2.8046
4.3476 -3.7864
0.1087 2.5974
8.7363 2.3082
-3.5571 5.2871
3.3291 0.7007
3.1198 -0.5442
3.7871 2.5842
4.5494 2.5781
4.8490 2.0685
2.3198 4.3370
2.9562 -1.4772
4.5274 2.8408
1.2977 2.6777
3.4993 7.2106
-4.6859 -4.6747
2.1896 -4.5979
5.1435 4.0453
4.1938 -2.8018
0.4014 8.2508
-3.7808 -3.6842
3.6396 7.5610
6.9114 1.8924
2.4612 2.5554
0.3326 1.6060
2.0556 1.7874
7.8723 2.3643
2.7671 3.2769
2.7598 -1.6878
2.8556 2.7394
2.7378 -5.3880
1.6010 2.0979
1.7197 8.5212
3.3089 2.0411
2.4865 -5.2543
-4.1295 1.3243
2.9785 2.6412
1.5099 8.2584
1.8391 3.9928
3.1065 -4.9692
-0.4362 2.2751
4.4640 -4.2710
6.4112 2.6360
2.7738 -3.3483
2.7106 2.8043
1.5830 2.2777
1.7598 -4.0723
3.6288 2.9916
2.1069 7.8086
8.0955 -3.5522
2.3648 -0.2414
3.6376 1.8687
3.6090 -5.2053
2.4621 3.0002
4.8247 2.1751
-3.9049 1.9437
5.4358 3.2893
-1.9044 4.1205
1.6760 5.6647
-1.9977 5.3768
5.3123 3.3080
6.6377 2.8881
2.1064 -4.1322
2.3671 -3.8690
-4.0563 2.2511
2.3888 1.9846
1.7335 3.1653
2.6073 2.0191
2.9331 3.6796
3.4446 3.6122
2.2600 8.4305
-3.4502 -3.1386
4.4280 1.8271
2.4696 4.0742
1.1158 2.2113
2.1460 2.3604
3.1242 1.3192
2.0298 3.3660
2.0596 2.6029
2.7808 3.8022
3.2100 1.6453
2.3935 2.5847
-4.6195 2.6940
2.0126 1.7131
3.3556 5.6565
7.0322 -4.7034
0.6504 1.5014
2.9840 5.6855
-3.5024 -5.2566
2.8562 -4.5580
-4.8663 2.8784
2.0244 1.8564
2.4859 -2.9589
2.6412 2.4365
2.9196 5.1737
2.4504 -4.0886
3.6788 2.4364
1.6103 4.4347
0.9613 2.6261
-4.2051 2.6652
1.8590 3.0428
0.3194 2.3470
2.8360 3.7478
0.7863 0.4373
3.5578 -4.6757
2.9346 -4.5113
-3.3584 2.1054
4.1100 3.9151
2.6840 -3.3094
2.2375 -0.0475
1.1262 3.0086
0.6252 2.7544
2.9130 2.5418
2.8894 -6.2658
3.0410 -3.8545
0.7097 2.8957
-4.2654 2.8378
3.2897 2.8581
2.6135 2.3869
-1.1439 2.8442
-2.7431 7.2576
2.3215 2.6217
3.0464 2.9191
1.4394 0.4204
-4.1301 2.3895
8.5973 2.0998
1.8702 2.9795
8.8712 3.1195
1.7387 2.9013
-5.5418 6.5104
-4.2943 2.2721
2.3553 2.1471
1.5197 2.5805
3.1739 4.8974
-4.5987 2.5199
-2.7974 4.1706
-4.6190 4.4947
2.6889 5.3217
2.0872 3.3786
6.8935 2.2760
-3.6708 2.4951
2.6102 1.5670
0.8922 2.6248
4.7316 -4.8969
2.3711 -0.3540
5.2909 -3.8605
3.2816 3.1496
3.3559 8.0625
2.9478 6.9291
0.9769 -3.9404
1.1847 -5.3182
3.3905 2.4912
3.0848 1.7596
2.4672 3.1783
5.2824 1.9115
1.0505 3.1735
2.8938 5.2623
0.9324 2.3222
2.2754 1.5680
2.5373 7.7295
2.4110 2.1648
5.8260 -3.3604
2.6763 -0.3216
-4.2035 -4.4571
2.4937 3.1724
7.1460 1.9315
2.7035 2.0904
2.2780 2.3610
2.1515 2.3917
-3.7297 1.5440
-3.7102 2.2134
3.2599 2.2029
8.0383 -3.5688
-3.2428 1.5796
1.3390 5.0400
0.8860 2.1762
2.1898 2.2857
2.7653 1.7392
3.3233 2.6872
-4.1685 -4.4593
1.5320 2.0210
2.5580 -4.0820
-4.0889 2.0310
2.8919 4.6820
-3.5478 2.8958
0.6860 2.2999
-4.2517 2.8530
2.7561 -4.1065
4.1799 -3.9771
2.7500 2.8748
6.4010 1.7775
1.8963 2.2507
2.1543 1.7981
-5.1051 -2.2936
-3.5585 4.9833
2.6580 2.0660
2.2709 2.8621
2.7749 2.9907
2.8535 -0.1943
0.0702 3.1382
1.0946 2.2994
-3.3727 -4.0147
2.1318 1.9683
3.0192 2.6132
2.5907 2.1426
2.8207 1.7081
3.2391 0.8116
1.7839 -2.1020
1.2292 3.0241
2.8828 -4.6522
-4.0037 4.4116
4.3765 2.7456
2.3035 2.3058
1.9354 2.1048
4.4340 2.7748
8.1131 -4.1557
7.0789 3.3666
2.4123 -2.4006
6.9776 1.8730
1.9300 2.7673
2.5088 2.7168
2.4473 2.0357
3.3049 1.3671
3.5105 -3.7500
2.5048 -4.7342
-5.3362 -4.7154
2.8166 3.2537
2.2498 4.9176
-3.5023 1.8739
2.8974 4.2988
3.3392 4.8017
4.8240 -4.2533
-4.3494 3.0157
-4.2424 2.6690
4.3604 3.0591
-4.3149 2.1503
-4.5206 2.9271
3.0087 3.8722
3.2120 -4.2575
-3.8036 -3.9741
2.7934 7.7298
4.1557 3.0387
3.3775 -3.2423
0.6659 2.8118
3.0791 1.2362
2.1215 1.8317
3.0542 2.8971
4.6290 2.9945
2.7043 2.8533
2.2468 3.1483
5.3734 3.1901
2.5685 1.5718
-3.7785 3.6263
3.9761 0.7246
4.8723 -4.5744
2.8084 1.8533
3.6988 -4.4201
4.9891 5.4396
4.7877 0.9731
2.9230 1.1571
2.5188 3.8039
-3.6745 3.7406
1.8528 3.3240
1.8154 2.3740
-4.4701 2.5095
7.1599 2.6337
1.9047 2.7361
2.7823 -3.4495
3.4409 -4.1636
7.4792 3.6720
-0.3760 6.5362
2.4046 7.8525
-0.0584 2.3256
-4.6472 2.6056
3.6508 2.8467
3.6286 2.2582
2.4706 2.1725
3.9895 2.1587
8.3555 2.8331
4.5054 3.6840
2.2258 2.2647
2.7627 2.7136
2.9295 -3.5530
2.6261 -4.3983
1.8155 -1.8731
7.9721 3.0504
-4.5842 2.1464
-4.8586 1.1709
1.7614 2.7275
5.2516 2.9019
2.7294 0.7726
-4.3212 4.6862
1.8132 2.7735
1.3813 2.6058
2.9332 -3.4544
4.4409 4.2037
-4.4647 2.1067
3.1281 3.2519
2.8545 -4.7103
4.2911 1.8443
1.9552 5.1351
5.0029 6.5093
3.2472 8.8142
2.5353 2.3558
-0.3663 7.8535
2.0002 2.5220
3.4653 -5.0680
2.0750 2.3766
2.5972 2.0783
2.4771 2.8830
-4.0732 5.5857
2.2055 8.7801
2.5253 1.7852
2.4012 2.3306
6.9992 2.8961
2.7409 0.1039
1.9939 -3.9179
2.4039 -0.1910
-3.6705 2.4203
-2.6244 2.6402
-2.7186 8.3700
3.8655 5.6439
2.2048 -4.2746
-3.9232 3.2710
-4.4007 1.8090
2.6619 3.0495
2.9501 3.0646
3.2186 -2.7118
6.7087 3.3341
2.2761 2.0651
1.7466 3.3309
2.2168 1.3569
2.8130 1.6985
3.0582 -4.8417
2.1904 3.3547
5.5363 3.0518
2.4172 4.5112
3.0440 -5.0721
2.5015 -3.0750
-3.2575 -4.8316
-2.7091 7.7374
4.7613 -3.5481
2.3796 2.9483
0.4670 -4.2175
-5.1628 1.7618
-4.8672 4.8645
2.8773 -3.2616
4.0060 5.3592
2.4914 -3.9407
-2.6408 -3.2760
3.7298 2.2788
3.0058 2.2235
2.9234 3.1061
-3.4330 1.9887
-4.4842 2.6882
-3.8731 3.0505
2.5379 0.2307
4.1777 0.7632
2.3023 2.3060
8.4031 2.3851
2.3392 2.8179
3.3875 2.1069
2.1483 2.9026
0.2781 1.8164
-0.9229 1.8196
1.9872 -4.5186
1.5040 2.9704
2.1840 1.2036
2.3793 -3.9405
0.5705 2.8315
-4.8229 2.4696
1.3161 8.7059
2.0847 2.3975
1.9866 1.9796
-4.9840 2.2393
-2.8449 1.3840
1.8733 2.6601
3.1561 2.8796
-4.1389 2.2311
1.3289 1.5070
4.3511 3.5153
1.8926 1.9654
1.3615 2.5935
-3.9167 -3.9229
3.0516 -4.8147
2.0940 2.2715
7.5906 2.9113
3.0279 -4.4080
4.6466 2.4101
1.4239 -3.8226
-4.1227 7.2886
2.3768 9.1973
2.5650 1.5727
2.6607 -4.1912
5.1937 2.5917
0.3186 1.7848
-4.4465 1.2522
2.7356 -4.6044
1.5805 1.1262
3.8670 2.6884
7.4943 -4.7753
0.2071 2.4046
3.8446 2.4101
2.4081 4.6930
2.9287 2.5390
7.7623 1.7576
3.9828 -0.6918
3.0228 1.8466
4.7821 4.4284
2.9665 1.5481
4.0587 1.7937
1.5777 8.4390
0.8738 3.7692
2.1001 1.9124
2.8294 2.1721
1.9163 3.5277
4.1580 2.8426
2.2215 1.5459
2.0233 1.9327
2.9071 -5.0747
-4.3565 3.5997
1.8303 3.7770
-1.0775 2.4810
4.2061 2.0562
4.0433 -4.2769
-3.4251 2.1692
2.3710 -4.9538
-4.0169 1.8885
-3.1040 2.4288
2.2884 1.8373
-0.1666 3.4258
2.3269 2.2049
-4.4880 2.1446
3.7050 3.5165
2.2734 7.7747
2.5495 -4.8131
2.9176 2.5666
-4.0247 -4.5419
2.2009 4.9381
2.1295 -4.3092
5.6130 2.7136
2.2666 2.2854
-4.2273 -3.6992
1.5726 1.4889
3.6217 -4.1752
0.7560 2.8248
-4.9604 1.6207
-3.7291 2.7398
3.0390 1.6480
0.5722 1.7618
2.8621 3.9192
2.7116 4.0723
-4.0855 2.0734
1.5723 1.9634
2.9761 3.2865
2.7950 2.6293
2.3585 2.1938
-4.2614 2.8631
1.7816 2.9999
2.7584 3.2679
1.9479 7.7415
-2.4654 1.8557
2.5988 2.5242
-4.1818 4.4600
6.0356 1.2619
2.2068 -3.8844
1.5578 -3.4056
-3.8713 -1.6604
1.1647 -4.8184
-3.5563 5.2438
2.9122 3.9578
3.9236 1.8555
4.6315 2.3000
2.4604 8.1796
3.0545 2.9833
5.5320 7.0064
-0.6192 5.8668
5.7452 2.5255
-4.5057 2.3457
2.6828 2.8314
0.7845 3.3078
2.4472 -4.0841
1.6271 3.7116
0.2428 3.8109
2.0853 -2.9482
5.9027 -4.2729
-5.3667 2.3404
2.4249 2.4176
-2.6061 1.8212
1.2972 1.9013
2.0936 0.8547
3.2016 -3.0151
5.0527 7.6141
2.3989 3.1622
4.0330 2.6777
1.0844 8.5948
1.9203 4.9132
0.0306 -4.4776
2.5316 0.3039
3.1282 4.7576
5.2250 1.4523
2.3297 -4.3070
2.4969 2.2652
1.2101 -5.1509
1.8499 -3.3439
2.5039 2.4118
3.1595 -3.7718
3.5293 3.6954
3.4171 4.3792
3.4852 2.6321
0.5310 1.9194
2.3154 2.7058
3.2159 1.7499
-0.2571 2.7901
-0.4506 1.8540
2.2415 2.3302
3.1948 2.4460
5.4259 4.6180
7.7816 2.8120
2.4588 2.7673
-4.6137 1.9618
8.5084 3.5555
-0.2462 2.5931
1.5066 8.7362
-0.0783 -4.2490
4.5393 -0.2524
2.5752 2.4614
-4.8255 -0.2709
2.8482 3.7734
1.9178 4.2624
2.6562 -3.8913
-4.5763 -4.0617
2.1006 0.5635
0.3469 2.1268
6.6568 1.4945
2.7085 1.1311
4.0290 3.6302
2.3560 5.0320
2.6545 -4.0323
2.9274 2.6699
4.2638 3.7435
-3.5340 -3.8386
3.2881 1.1553
2.3471 4.6761
0.5421 5.2344
2.7762 2.4971
2.9149 -4.4299
4.6724 -2.6858
4.8189 6.4978
2.4266 8.5153
3.7605 2.1186
7.5613 2.9154
2.2919 -3.2786
-3.8726 3.2109
2.6105 1.2170
2.1562 2.9882
0.9266 -4.1727
2.5285 2.1052
4.4843 -3.7914
-3.9057 3.6543
3.2761 -3.1799
2.1476 2.4637
-3.4410 6.8335
2.1367 2.7419
2.3433 2.0559
2.0538 0.7622
-3.6245 4.6307
-3.9437 1.8810
3.6150 4.1950
2.7434 2.2000
2.8501 6.2070
-4.7487 2.2296
-4.9093 -3.0919
2.8082 -4.3918
3.3603 -5.4283
-4.3367 1.7903
-5.7629 -5.2890
2.8035 1.8848
0.2700 2.9655
1.1119 1.9529
3.5175 3.6778
2.7718 1.8693
2.6113 5.0903
7.2874 4.4532
3.2503 2.7196
-3.8982 1.4218
2.8476 1.6811
6.8315 -4.5569
1.5626 2.7471
3.0269 1.8458
2.6228 2.0730
2.6803 2.0590
2.0147 -5.0299
4.3147 2.1862
8.6120 1.8874
2.4114 3.2530
3.0940 2.1881
2.6204 7.0693
1.2939 3.2364
3.0791 2.5698
3.1179 -2.9143
-4.0276 2.5437
1.5549 4.8867
0.9254 2.3624
1.8038 1.2062
2.5142 2.0640
0.2179 3.4131
3.3923 1.8391
2.4349 2.1099
-0.7810 4.1267
-3.8337 2.0020
-4.4676 2.7813
2.1352 5.5316
4.2175 0.3305
2.3649 3.1861
2.6681 3.2732
2.8367 2.2317
7.7037 -3.4290
-2.7532 2.2815
3.0726 1.6759
3.3184 2.7928
4.8375 2.8473
2.3747 2.4599
3.4101 0.5043
-3.1025 4.1417
-4.3885 1.8715
2.3462 -3.8017
2.5323 2.9807
2.7658 -4.6740
1.9320 -3.9008
0.2223 -5.2520
8.4896 -4.2578
3.2794 3.0114
2.2537 2.7579
2.1431 4.9856
2.6220 1.2667
3.1739 3.3848
-4.0066 1.5348
2.0361 -4.8456
5.1771 -2.2524
3.4169 -2.4841
-3.8355 3.1148
2.4978 2.5026
2.1448 -3.2579
-4.6013 2.7465
3.0756 3.3680
1.2455 2.9068
1.9287 -3.1634
2.2418 2.9394
1.9488 -3.2921
2.9049 2.1133
3.4147 4.9795
-3.7058 7.2419
-5.0024 2.3442
1.8002 4.5914
7.9565 0.6555
-4.2193 -4.6664
2.3731 2.9447
4.3038 1.5687
-3.0801 -3.1880
3.1950 2.7883
2.9996 6.5435
1.1320 6.5478
2.0828 3.0527
-4.1539 7.5179
-4.3475 4.1006
1.4926 2.4599
7.2355 2.8928
2.9489 -3.7918
8.4721 2.0842
1.1101 4.2434
0.1675 2.0000
3.9107 1.8776
-4.1030 2.8644
2.7464 3.0056
2.5751 1.9909
1.6429 3.0514
4.6281 3.7673
2.9910 -4.5369
2.3255 -3.0986
4.4409 2.0543
3.2317 -3.7305
-0.3485 2.9564
-5.6777 2.9889
2.6302 3.4499
1.4101 2.1317
2.3952 2.8444
2.2847 8.0654
5.4705 -3.5074
9.0608 -3.8185
-4.9052 -4.2194
2.5622 4.2249
5.0038 1.6015
-3.6928 1.9428
7.9553 6.4671
1.9695 2.3399
2.4931 2.5944
-4.0878 2.3598
5.5353 1.2863
2.1899 2.4115
3.7125 3.1924
3.1128 3.3482
-3.8163 -4.0303
2.5755 3.4059
2.4108 5.9285
-1.1768 3.0274
1.8063 -5.4200
-4.8319 2.7440
1.5161 1.3215
2.2538 2.1834
-4.9952 3.2377
-1.0381 2.3770
-4.3841 -4.4843
5.0841 2.2362
2.0534 -4.5015
6.5324 1.9565
5.7452 2.2792
3.3192 -3.5620
2.8031 3.3167
3.0041 -3.1078
-1.1021 2.5471
-5.0146 2.5854
7.6645 2.8736
3.8609 -0.3678
-5.4312 0.9831
3.0132 3.1106
2.3500 -3.2355
-3.8957 -4.2937
1.3744 4.0326
3.1335 2.6016
3.5431 2.1306
1.6260 -3.5857
-4.8159 2.3031
1.1476 3.0657
-3.7515 3.4836
2.3329 3.6034
5.2615 3.4317
4.7864 2.2870
2.4404 3.8918
-3.4563 2.2917
2.7319 6.9839
2.1227 1.5837
-4.4299 2.8669
2.7942 2.7115
-0.9077 2.4209
1.5506 2.1863
1.8368 2.1048
-4.8979 5.3376
7.0908 7.8621
1.6379 2.7779
8.2628 7.5931
0.2557 7.9258
-4.8077 2.5675
2.7703 2.1218
3.0463 2.6204
1.2063 7.6604
-0.7835 3.1780
2.3565 -4.4633
3.2599 -4.1078
2.2289 -4.3776
-3.6840 5.3005
3.7655 3.2240
4.5514 3.4638
2.5693 -3.6953
1.7701 3.2557
2.6196 8.6285
3.0468 -3.5630
-0.0817 2.3429
4.0510 2.7599
-3.1071 2.6003
-5.2473 2.9058
2.2276 -4.5657
4.1584 -4.6834
2.0401 -3.6847
-2.6587 2.2089
3.8198 2.5416
5.2823 -4.4457
1.5108 3.2444
2.3295 3.5595
9.0948 -5.1483
3.0499 4.1958
2.3214 4.4559
2.6527 -4.5968
0.2356 7.1740
2.7648 -4.3473
2.8626 2.2498
2.3886 -4.6449
6.0112 2.5055
4.0352 3.5888
1.4318 -3.0340
4.2109 2.7593
-2.6984 3.6996
3.1547 3.0963
8.7170 0.3805
1.3910 2.6539
3.9466 1.6505
5.1165 0.6848
1.3187 -0.1494
2.8839 3.1904
2.0846 1.3798
-4.0441 -3.2903
3.3689 -3.9544
-3.6509 3.4626
2.6896 3.3431
2.6421 2.1189
3.1116 -3.5434
3.5557 2.5721
2.8835 2.4186
2.2698 2.9019
1.9894 3.4644
4.7809 4.8977
1.3952 2.8343
1.5510 2.4064
2.9005 0.8436
-4.3795 2.9049
2.6136 2.8830
2.6036 4.1762
2.8711 -1.2323
-4.5537 2.2811
7.9472 -4.5733
1.9424 -3.6199
2.6757 3.4558
2.5485 -3.1354
3.9378 3.7227
2.3003 2.8491
2.3708 2.0406
-3.4902 3.1793
2.3527 3.6173
-3.2285 6.1464
-3.9461 3.8983
3.6814 1.0128
2.8047 4.2785
-2.8071 2.4653
3.0298 5.0420
4.3839 -3.8359
3.3180 3.0489
3.6641 0.8975
-0.1549 2.1287
2.3967 1.8310
-2.7434 2.6880
-3.2429 -3.5029
6.4346 4.5584
2.5737 4.0971
2.3055 2.1348
2.8867 2.6859
2.1993 -4.9520
-4.6304 -3.5994
4.7232 7.2887
4.3018 2.5493
3.1851 -4.0889
-2.5945 2.6400
2.8993 2.3147
3.2829 1.5863
2.1932 3.3152
2.8431 0.3312
2.7034 -5.1856
2.1669 -4.7577
2.7281 2.3476
2.9690 -4.0925
-3.1916 2.5666
2.6211 2.6163
-3.8859 3.0101
2.0618 2.4392
3.0161 2.7921
-3.9996 2.3335
3.8845 -1.0127
3.2889 0.4526
4.9437 -4.8080
2.9199 -3.0363
1.3812 2.2173
3.1552 1.1251
5.6643 7.8173
2.5818 1.4845
5.7942 2.8209
9.0838 2.3148
3.1161 4.3362
2.9024 2.8935
3.5234 3.0910
1.7307 0.4140
-3.7352 3.3904
-3.5855 2.3147
-4.3716 2.8077
3.0525 -2.9761
